[1]
-0.126633
-0.657639
-0.559128
-0.0157776
-0.207031
-0.402405
-0.02565
0.19574
0.099411
0.00439453
-0.0237274
-0.0580444
0.0378418
0.104965
0.176437
0.228485
0.298813
0.282364
0.283798
0.321091
0.283585
0.239761
0.234802
-0.196976
0.208405
0.414505
0.420044
-0.426636
0.780579
0.0754852
0.226822
-0.630981
-0.19693
0.22551
0.0059967
0.0111389
0.0371246
-0.0520325
-0.117462
-0.0551605
0.0357361
0.0869904
0.075592
-0.00454712
0.0131378
0.0243225
0.00112915
-0.00512695
-0.0248718
0.0548401

[2]
0.0088501
-0.0247192
0.0595093
0.0989227
-0.122742
-0.347916
-0.782242
-0.0479736
-0.511749
-0.588928
-0.551285
-0.432968
-0.0944824
0.105148
-0.167664
-0.0577087
-0.0718384
-0.0441437
0.00561523
0.033905
0.0137634
0.0279236
-0.0174408
0.118988
0.178635
-0.0784149
0.0547028
-0.266754
0.352982
1.09735
-0.530273
1.02402
0.66832
0.0862579
-0.0784912
-0.425095
0.286469
0.0032959
0.0263367
0.134171
0.0778656
-0.0681
-0.15625
-0.026825
0.0509949
0.139206
0.0666962
0.0585785
0.030426
0.0898285

[3]
0.0288544
0.00308228
0.025589
0.0642548
0.0141602
0.0550995
0.0832672
-0.0275574
-0.0910339
-0.815292
-0.358551
-0.33992
-0.618011
-0.56604
-0.00398254
-0.440002
0.178284
0.0203552
0.115891
0.0912781
0.0422058
0.0477142
0.0986023
0.102203
0.144257
0.194077
-0.0376587
0.349335
0.198166
0.0488434
-0.506943
-0.204575
0.552704
-0.179031
-0.471268
0.622284
-0.355042
0.00178528
-0.0891724
0.243561
0.0140076
-0.132629
-0.0779419
-0.0167236
-0.0419617
-0.167542
-0.0100098
0.0575256
0.122726
-0.013855

[4]
-0.0282288
0.0217896
0.0237579
-0.0220947
0.0128784
0.0500793
-0.0579681
0.0359497
0.179764
-0.0915833
-0.270065
-0.786606
-0.160416
-0.273148
-0.746628
-0.792709
-0.223587
-0.418564
0.0601196
0.00669861
-0.0402222
-0.0188599
0.00862122
-0.00175476
-0.00212097
-0.0285339
0.0371399
0.0128784
0.0680847
0.177612
0.0567627
0.0216827
-0.210526
-0.244476
0.45546
0.437241
-0.556183
1.04274
-0.392715
-0.268143
-0.267792
0.544662
-0.0466614
-0.064743
0.0579376
-0.133682
-0.199707
-0.0998688
-0.0380859
0.0944824

[5]
0.0119934
0.0325775
0.0409393
0.0337982
-0.021286
0.0159149
-0.0158386
0.0533295
0.00038147
-0.0706787
0.117416
0.187912
-0.109009
-0.392746
-0.739227
0.224594
-0.458542
-0.867035
-0.806488
-0.329529
-0.0637665
-0.207138
-0.0122681
-0.075058
-0.0905609
-0.0559692
-0.0495758
-0.0781708
-0.0906219
-0.118118
-0.171494
-0.119003
-0.03302
0.0371246
0.387131
0.126297
0.895721
0.974197
-0.686752
1.12657
0.495483
0.00350952
-0.0780334
-0.174377
0.0760345
-0.0109406
0.202225
0.0665283
0.0525513
0.062439

[6]
-0.125397
-0.014328
0.129379
0.125458
-0.0305023
-0.00447083
0.0137634
0.0562897
0.0767059
0.0661774
0.181152
-0.00392151
-0.0250244
0.0667267
0.148895
-0.15712
-0.600677
-0.665482
0.172775
-0.21785
-0.501282
-0.386642
-0.166489
-0.0479279
0.00820923
-0.0451508
0.0171509
-0.0409546
0.00131226
0.0644073
0.0584564
0.0627136
0.00102234
-0.00700378
0.0854797
0.119949
0.0631104
0.0334778
-0.121979
0.544434
0.554886
-0.404221
1.06255
0.383194
0.188599
-0.236862
-0.306778
0.102188
-0.0304108
0.129242

[7]
0.113068
0.0794678
0.032959
-0.143005
-0.0390167
0.0419769
0.167725
0.106369
0.0560303
0.009552
0.0445557
0.0719147
0.0689545
0.00534058
-0.120453
-0.000961304
0.192703
0.15358
-0.155975
-0.349838
-0.881134
0.055954
-0.309219
-0.556732
-0.592834
-0.439163
-0.339966
0.0852509
-0.0167236
0.0640259
0.0141449
-0.00306702
-0.0129089
-0.00892639
0.0237274
0.0245056
-0.0327911
-0.0295868
-0.0368958
-0.0321045
-0.0235596
-0.254135
0.533203
0.942245
0.20549
1.20946
0.542831
-0.0840607
-0.284348
-0.0576477

[8]
0.0190277
0.0804901
0.31636
0.0669861
0.130325
-0.2005
-0.00611877
0.128632
0.14061
0.0550842
0.00827026
0.0511932
0.111481
0.111206
0.0318451
0.0696716
0.087326
-0.0520477
0.00166321
0.113098
-0.00856018
-0.108215
-0.789917
-0.159988
-0.452866
-0.653259
-0.725037
-0.126831
-0.521057
0.188965
0.0332947
-0.0284729
0.0112
0.0213776
-0.0180817
-0.00692749
0.0404816
0.0244751
0.00268555
0.193069
0.0961914
0.0778961
0.199402
-0.0339813
0.445297
0.549255
-0.253464
1.0071
0.453232
-0.262939

[9]
-0.109009
-0.0849304
0.0389557
-0.0634918
0.273514
0.125793
0.150513
-0.238403
-0.138565
0.0985565
0.283386
0.164871
-0.0415802
-0.00767517
0.0549774
0.0804749
0.0489502
0.172333
-0.009552
-0.0634308
0.115616
0.0832062
-0.131638
-0.805359
-0.547897
-0.186172
-0.712738
-0.831879
-0.253296
-0.416199
0.135834
0.0065155
0.0626526
0.0609741
0.0534668
0.0420837
0.0585327
0.0819702
0.115051
0.214203
0.181473
0.244431
0.110062
0.213318
-0.0675507
0.138687
0.198639
-0.583633
0.617706
0.914413

[10]
-0.149246
-0.293198
-0.360107
0.469971
-0.19812
0.061203
0.143234
0.145477
0.202164
-0.245316
-0.177231
0.044754
0.176849
0.187027
-0.0149536
0.0665283
0.0741425
0.0134583
0.087265
0.0382996
-0.00263977
0.0945892
0.220016
-0.0306091
-0.133881
-0.770584
0.0111542
-0.654907
-1.02318
-0.798355
-0.604401
-0.227081
-0.0649261
-0.126099
-0.0303192
0.0450592
0.0769196
0.101578
0.0424805
0.0950012
0.18985
0.284195
0.36821
0.347275
0.0620422
-0.21579
-0.234818
0.705658
0.21756
-1.39435

[11]
1.1003
-0.0721588
0.624878
-0.196899
0.0597229
-0.160629
-0.140045
0.0788116
0.180054
0.0425873
-0.131226
-0.0749359
0.0264587
0.0597076
-0.0272217
0.0989685
0.0214996
-0.0012207
-0.00202942
0.0525055
0.087738
-0.0291138
-0.108322
0.0411987
0.124939
0.0201569
-0.317337
-0.43187
0.243408
-0.395432
-0.908188
-0.501373
-0.716446
-0.0662689
-0.0260925
-0.0366058
-0.0255432
0.0257721
-0.00192261
-0.03685
-0.117676
-0.0556793
-0.079422
-0.0582581
0.0521393
-0.150803
-0.111038
-0.307434
0.240921
0.418457

[12]
0.259109
-0.28273
0.95813
0.179474
-0.0974426
-0.34021
0.0674591
0.0660858
-0.0645599
0.246658
0.0445709
0.0729065
-0.183289
-0.0550537
0.0627899
0.13266
0.0125275
0.0562286
0.015213
0.050766
-0.0188141
0.0102997
0.160477
0.0399323
0.00296021
0.140747
-0.0341034
-0.290802
-1.00305
-0.086792
-0.64502
-0.759552
-0.508728
-0.174332
-0.0550995
0.00611877
-0.187363
-0.0162964
-0.0595856
-0.0799408
0.00584412
0.0631104
0.061554
0.102341
0.0950623
0.0935364
-0.0609589
0.000747681
-0.0475616
0.0112305

[13]
0.429596
0.388275
-0.549103
1.0667
0.0310822
0.436737
-0.435623
-0.0225525
0.00132751
0.0136261
0.127991
0.119385
0.139481
-0.145874
-0.240952
-0.0816498
0.0686035
0.148895
0.110077
0.20726
0.0609741
0.00480652
-0.0351562
0.0547791
-0.00152588
-0.0473022
0.0901031
0.116852
-0.0332794
-0.864929
-0.342148
-0.461914
-0.811615
-0.583206
-0.257034
-0.53476
-0.237152
-0.00601196
0.08992
0.0027771
-0.0553284
0.0235291
0.139923
0.0658569
0.114258
0.0976868
0.200043
0.148178
-0.00248718
0.0256195

[14]
-0.336227
0.440994
0.68396
-0.896103
1.15567
0.255051
0.0200958
0.150772
0.141586
-0.0996094
-0.0281677
0.11908
0.117844
0.00682068
-0.212494
-0.0435028
0.0652008
0.138947
0.0470276
0.0817719
0.105621
0.104431
-0.0337982
0.046402
0.117599
-0.0274048
-0.0136108
0.0668945
0.0949707
0.0169678
-0.698853
-0.333649
-0.234268
-0.957886
-0.744919
-0.238678
-0.450439
0.210999
-0.0418396
-0.0431671
-0.0501556
-0.0860443
-0.0774536
-0.0497589
-0.0430603
-0.00767517
-0.0510254
0.0397186
0.0960693
-0.0240021

[15]
-0.0152283
-0.331116
0.512207
0.546448
0.242844
1.06081
0.220505
0.125977
-0.504639
-0.232468
-0.0231476
0.0488892
0.351532
0.0733032
0.0132599
-0.219269
-0.135056
0.0394897
0.21994
0.11525
0.0348511
0.0301514
0.0571594
0.00401306
-0.0912628
0.0542755
0.130692
0.0450134
0.128601
0.236862
-0.0299377
-0.525589
-0.86116
0.196808
-0.650299
-0.979477
-0.0169525
-0.123291
0.291687
-0.052948
-0.149857
-0.102966
-0.0495453
-0.0854797
-0.114853
-0.101212
-0.0763855
-0.0592041
0.00169373
0.0814972

[16]
-0.0244904
0.1008
-0.11261
0.553619
0.134979
-0.272141
0.993774
0.751877
0.00463867
0.320267
-0.539856
-0.00276184
-0.067215
0.0632172
0.123322
0.0846863
0.0677338
-0.153778
-0.124313
0.0963745
0.141785
0.0819855
0.027832
0.0247192
0.0749817
0.0837402
0.0449524
0.0242462
-0.0891418
0.0582733
0.132858
0.000518799
-0.418518
-0.892822
-0.0331573
-0.53595
-0.594849
-0.315414
-0.0619812
0.0809479
-0.0496979
-0.0535583
-0.0311279
-0.0476074
-0.039856
0.044693
0.0864716
0.0930328
0.110123
0.178055

[17]
0.205704
0.0876007
0.192535
-0.100052
-0.00958252
0.497635
-0.0485992
-0.619766
1.00658
-0.0888519
-0.194458
-0.221115
0.27652
-0.130447
-0.115829
0.100784
0.0944366
-0.0146332
-0.190384
-0.0637207
0.0440369
0.100327
0.0497284
0.068634
0.111557
0.0137939
-0.0719452
0.0466003
0.0379944
-0.0468597
-0.0777435
0.13472
0.118362
-0.131516
-0.664612
-0.706665
-0.407059
-0.773636
-0.819016
-0.21138
-0.307953
0.2444
0.0318146
-0.0171661
0.0624237
-0.0104828
0.0436096
0.076767
0.0847321
0.115463

[18]
0.00965881
0.211273
0.240646
-0.00817871
0.0538635
-0.154388
0.888382
0.654999
-0.793991
1.06911
0.643677
-0.0141907
0.0196228
-0.210205
0.0902252
-0.0439758
0.0726166
0.131912
0.097168
-0.101868
-0.112259
-0.0306091
0.0637054
0.0702209
-0.0113831
0.116653
0.099823
0.0601349
0.0183105
0.0712891
0.0513611
-0.0675049
0.0596008
0.1353
0.0850983
-0.0640411
-0.74353
-0.1427
-0.343292
-0.744858
-0.674683
-0.00514221
-0.570969
-0.00680542
0.0332794
-0.00318909
-0.0434265
-0.0466003
-0.0107117
-0.0157318

[19]
-0.0354919
-0.0132141
-0.0550995
0.0683136
0.0419922
0.00468445
-0.130859
-0.285492
0.522919
0.0167084
-0.809311
0.970993
0.475754
-0.307388
-0.208603
-0.113754
0.156158
-0.102737
0.176514
0.0711975
0.141815
-0.091217
-0.0478973
0.0689087
0.126709
0.101349
0.0448608
0.0913086
0.0457458
0.059845
0.0326691
0.0642853
-0.00976562
-0.000366211
0.258072
0.108582
-0.0785217
-0.670547
-0.772385
0.0113678
-0.733063
-1.20808
0.0638428
-0.447678
0.154922
-0.152557
0.0934601
-0.0363922
-0.0699768
-0.0790863

[20]
-0.0240631
-0.0188446
-0.0630646
-0.134491
0.0342865
0.129959
-0.202332
-0.309921
-0.567902
0.559402
0.847763
-0.21492
1.06714
0.0682373
0.147705
-0.64917
0.0602264
0.0360718
0.126694
0.338699
0.0902863
0.0829315
-0.178741
-0.149857
0.0422974
0.130692
0.192642
-0.0477142
-0.0193024
0.0866699
0.0585938
-0.00770569
-0.0427246
0.0197754
0.0177765
0.0072937
0.10202
0.00247192
-0.645813
-0.768341
0.0644531
-0.759521
-0.823486
-0.00436401
-0.445511
0.095459
0.0731964
0.0014801
-0.0246735
-0.0522156

[21]
-0.0182648
-0.0434875
-0.0092926
0.01297
0.0670319
0.133987
0.232254
-0.00576782
-0.124817
-0.451462
0.557236
0.928909
-0.561356
1.10048
0.482513
-0.0909119
-0.366898
-0.0895386
0.0195312
0.023407
0.231445
0.019516
0.0798645
-0.129532
-0.119064
0.0291595
0.110016
0.0564423
0.1035
0.0956573
0.0692749
0.0478821
-0.0560913
0.0641327
0.0592346
-0.0596771
0.0732269
0.235886
0.0471497
-0.757248
-0.890747
-0.276962
-0.519348
-0.709335
-0.237076
-0.198624
0.275162
0.159607
0.0499725
0.0901184

[22]
0.0116882
0.060379
0.0516205
0.0900269
0.0743561
0.235199
0.151413
-0.0634003
-0.0701141
-0.126648
0.0622864
0.479416
0.185059
0.310898
0.898026
-0.400131
0.0245819
-0.584259
0.191879
0.0123901
0.065506
0.159225
0.0221405
-0.0256348
-0.180817
-0.0150146
0.112076
0.100662
-0.0352936
-0.0136719
0.0274048
-0.0461121
0.0167694
0.180481
0.0284271
-0.0210724
0.106796
-0.0733337
-0.381454
-0.968964
-0.474716
-0.385132
-0.54628
-0.960587
-0.228851
0.0286865
0.0940094
-0.139801
-0.0683136
-0.0449219

[23]
-0.0769196
0.0276794
0.0790405
0.077713
0.16832
0.267014
0.341293
0.0354614
0.0164032
-0.159164
-0.147659
0.960373
0.292984
-0.711304
1.13255
0.495071
0.158493
-0.260193
-0.132965
0.151321
-0.0358276
0.0624084
0.054718
0.08284
-0.0422516
-0.0779266
-0.00856018
0.056366
0.0710449
-0.0487366
0.0484467
0.0306396
-0.0457916
-0.0297546
0.0850983
0.0647736
-0.0280304
0.0925446
-0.0181122
-0.151855
-0.840576
-0.0882416
-0.508606
-0.8564
-0.807022
-0.444092
-0.173172
0.0701752
-0.037262
-0.04599

