[1]
0.625061
-1.0257
-0.893509
-0.994949
-0.545258
-0.252213
0.769333
0.331894
0.351669
0.809219
0.826859
0.728302
0.666504
0.665161
0.583252
0.47522
0.302887
0.0735168
-0.243164
-0.717484
-1.23549
-1.30661
-1.36549
-1.33795
-1.07378
-0.88118
-0.878647
-0.148666
-0.613892
-1.00458
-0.479492
-0.146317
-0.636154
-0.283493
-0.070694
-0.0511017
-0.14505
0.00746155
0.0113525
0.0439148
-0.00788879
0.00227356
-0.00883484
-0.0110168
-0.0307465
-0.0325012
-0.0977631
-0.0827026
-0.11496
-0.169632

[2]
-0.262833
-0.363266
-0.419128
-0.554855
-0.69838
-1.05202
-1.06656
-1.08221
-0.996124
-0.942093
0.342957
0.227676
0.125458
0.756241
0.957504
0.884918
0.913834
0.785904
0.686005
0.618637
0.521347
0.374725
0.0120239
-0.406677
-0.815475
-1.17831
-1.23827
-1.28423
-1.30734
-0.974182
-0.116776
-0.488098
-1.21561
-0.852921
0.0276947
-0.534592
-0.109268
-0.181229
0.0062561
-0.0751801
-0.0876312
0.0385895
0.0538483
0.0493774
-0.00415039
-0.0229492
-0.0604401
-0.0471191
-0.0397949
-0.0734406

[3]
-0.0935669
-0.134476
-0.148682
-0.324417
-0.380325
-0.431137
-0.542252
-0.610672
-0.903122
-1.0764
-1.09177
-1.09973
-0.925552
-0.287155
0.649323
0.188766
0.451279
0.89035
0.773788
0.810959
0.787918
0.664978
0.600067
0.487122
0.372498
0.0815582
-0.516739
-0.823914
-1.14627
-1.20798
-1.25482
-1.16402
-0.843521
-0.852722
-0.205185
-0.280212
-1.18021
-0.407211
-0.630646
-0.237701
-0.202194
0.141937
-0.0135803
-0.0346375
-0.00331116
0.0331268
0.0496521
-0.00968933
-0.00450134
-0.00708008

[4]
-0.00389099
-0.0828247
-0.0836487
-0.15332
-0.161499
-0.28685
-0.338379
-0.443344
-0.513779
-0.60701
-1.01759
-1.06473
-1.07991
-1.08694
-1.11041
-0.19812
0.540878
0.279221
0.563354
0.818222
0.834015
0.872604
0.790024
0.646683
0.614182
0.528503
0.422882
0.113754
-0.221634
-0.669418
-1.12029
-1.17661
-1.22144
-1.17247
-1.24992
-0.602173
-0.282272
-0.448746
-1.1441
0.00520325
-0.590912
-0.308365
-0.244812
0.114319
-0.171112
0.0505676
0.00953674
0.0636139
-0.0114746
-0.00820923

[5]
-6.10352e-05
-0.0144348
-0.047348
-0.0228729
-0.0837708
-0.126984
-0.146286
-0.181564
-0.267746
-0.366577
-0.406342
-0.47345
-0.648361
-1.05695
-1.07115
-1.08723
-1.04445
-0.994141
0.503021
0.0124359
-0.0836182
0.907654
0.746948
0.821121
0.821655
0.687775
0.58638
0.483871
0.355698
0.205872
-0.1595
-0.630737
-1.13043
-1.19591
-1.25043
-1.28763
-0.987076
-0.77562
0.0297394
-0.432144
-1.19789
-0.749008
-0.126221
-0.318985
0.0600128
-0.124817
0.031601
-0.0774841
-0.043457
-0.0397491

[6]
0.0518646
0.00636292
-0.0148621
-0.0535736
-0.0256195
-0.0132751
-0.0155487
-0.0921631
-0.150085
-0.158539
-0.247025
-0.296814
-0.339478
-0.452942
-0.551834
-0.740219
-1.0654
-1.08272
-1.10246
-1.12686
-0.818802
0.566589
0.0127716
0.0675812
0.927979
0.790909
0.810257
0.823563
0.732605
0.612823
0.533966
0.410797
0.223557
-0.122665
-0.692413
-1.12381
-1.18376
-1.23289
-0.986755
-0.941635
-0.800552
0.1996
-0.45517
-1.19119
-0.423203
-0.055191
-0.417877
0.000289917
-0.182892
-0.0582275

[7]
-0.120346
-0.0509338
0.0150299
0.0417175
0.0592499
0.0294952
-0.0455933
-0.0486145
-0.0300446
-0.0275421
-0.103592
-0.0832367
-0.122604
-0.168549
-0.270844
-0.433197
-0.515884
-0.566849
-0.734116
-1.06061
-1.07654
-1.09244
-0.999557
-0.861084
0.165894
0.393219
0.0980225
0.589584
0.877106
0.812592
0.808853
0.741272
0.65242
0.595734
0.430618
0.303238
-0.137299
-0.579071
-1.11028
-1.1989
-1.25175
-1.19714
-1.04393
-0.851135
0.0221863
-0.584152
-1.20703
-0.645828
-0.2724
-0.403778

[8]
0.0235901
-0.0583496
-0.0665741
-0.0883179
-0.0452423
0.013443
0.047348
-0.0216522
-0.0371704
-0.000961304
0.00575256
-0.0438385
-0.0589142
-0.105103
-0.179825
-0.174011
-0.342072
-0.385849
-0.513199
-0.583008
-0.729752
-1.06609
-1.07983
-1.09491
-0.992371
-0.99469
0.333115
0.277817
0.373978
0.489578
1.07423
0.852768
0.845856
0.772751
0.585693
0.490051
0.309952
0.18573
-0.259171
-0.677307
-1.11377
-1.18025
-1.22765
-1.1452
-0.973618
-0.720535
-0.067215
-0.435364
-1.17381
-0.233658

[9]
-0.237854
-0.305191
-0.140121
-0.0795441
0.0227661
-0.17601
0.00448608
0.0504761
0.0635071
-0.0302124
-0.0626831
-0.0336456
0.0178528
-0.00714111
-0.0747986
-0.164993
-0.194244
-0.225708
-0.317825
-0.479355
-0.575272
-0.660965
-0.918167
-1.0842
-1.10324
-1.12677
-1.1554
-0.35672
0.530121
0.109131
0.569748
0.905655
0.783218
0.809692
0.741791
0.65303
0.595062
0.443283
0.294159
0.00193787
-0.401672
-0.904175
-1.15135
-1.20415
-1.24199
-1.22418
-1.24008
0.085083
-0.441147
-1.14702

[10]
-0.895691
-0.0852814
-0.38916
-0.0339203
-0.264313
0.0999451
-0.0952759
-0.118027
-0.0145416
0.00120544
0.0727692
-0.0115662
-0.0686798
-0.0751343
-0.0106049
-0.0394287
-0.0974579
-0.157639
-0.209686
-0.243057
-0.421631
-0.494629
-0.620178
-0.707138
-1.07941
-1.09856
-1.11496
-1.13942
-1.05966
0.342499
0.134552
0.0832825
0.687241
0.842911
0.777924
0.811691
0.668503
0.5737
0.47757
0.346893
0.168823
-0.385529
-0.635864
-1.09988
-1.15286
-1.19777
-1.15674
-0.992004
-0.770844
0.322723

[11]
-0.358566
-1.1499
-0.204315
-0.334412
-0.224487
-0.0856323
0.156815
-0.107803
-0.041275
-0.0792389
0.0648651
0.011261
0.031601
0.00987244
-0.0553894
-0.0420837
-0.0147095
-0.0777893
-0.160599
-0.191711
-0.170319
-0.284943
-0.388916
-0.512909
-0.546631
-0.718597
-1.07442
-1.09004
-1.10832
-1.12459
-0.851913
0.471039
0.341553
-0.00610352
0.911743
0.655701
0.733078
0.734375
0.600357
0.506042
0.437592
0.271271
-0.0854797
-0.535233
-0.996567
-1.15421
-1.21153
-1.2377
-1.1098
-0.740021

[12]
-0.827133
0.344284
-0.493942
-1.17937
-0.607986
-0.095459
-0.47403
-0.150436
0.104965
-0.0273743
-0.146698
-0.00878906
0.026001
0.0593109
0.00718689
-0.0201111
-0.0682831
-0.0728149
-0.0796967
-0.0668182
-0.21727
-0.202957
-0.284073
-0.398895
-0.494034
-0.536362
-0.630127
-1.01216
-1.08183
-1.0984
-1.12375
-1.15033
0.566406
-0.133682
0.110962
0.784515
0.892487
0.749542
0.840485
0.638901
0.55307
0.471725
0.355942
0.182083
-0.321487
-0.805527
-1.12288
-1.18375
-1.23251
-1.23792

[13]
-1.13898
-0.623703
-0.0942993
-0.535217
-1.17329
-0.294708
-0.175171
-0.13179
-0.0328827
-0.0085907
-0.0590973
-0.170105
-0.057251
0.0229187
0.0805359
0.0431366
0.0120087
-0.0752411
-0.0909119
-0.0122375
-0.069519
-0.132141
-0.146133
-0.257675
-0.366501
-0.445663
-0.583023
-0.686264
-0.993515
-1.08188
-1.09836
-1.12119
-1.11929
0.039444
0.174942
0.1922
0.796616
0.809998
0.76561
0.833008
0.713654
0.614059
0.566391
0.438873
0.360306
-0.0412598
-0.478348
-0.999664
-1.15147
-1.21014

[14]
-1.25305
-1.1604
-0.781815
-0.0470428
-0.7491
-1.17639
-0.367996
-0.595367
-0.18634
-0.0464783
0.0425873
-0.0760498
-0.0146637
-0.0946655
0.0619354
-0.00050354
0.0105438
-0.0103455
-0.0369263
-0.0667572
-0.0548096
-0.090271
-0.105484
-0.209015
-0.208145
-0.417862
-0.483917
-0.581604
-0.679001
-0.925568
-1.07625
-1.092
-1.11543
-1.14389
-0.232574
0.363678
0.34816
0.453156
1.08279
0.765778
0.912796
0.816528
0.618179
0.51683
0.378784
0.264282
-0.223145
-0.701462
-1.10614
-1.16722

[15]
-1.21904
-1.12161
-1.26352
-0.7379
-0.23204
-0.293503
-1.16367
-0.377548
-0.00758362
-0.316437
-0.00402832
-0.154037
-0.024353
-0.162659
-0.0134735
0.0290985
0.0581818
-0.0280762
-0.0496979
-0.0511932
-0.0366974
-0.0270081
-0.0253296
-0.0982666
-0.182632
-0.216843
-0.277527
-0.421051
-0.546219
-0.594086
-0.749115
-1.06548
-1.08313
-1.10344
-1.12964
-0.6754
0.835785
0.0116425
0.163666
0.99942
0.819809
0.812332
0.814575
0.63887
0.54277
0.405426
0.269424
-0.0498505
-0.457199
-0.912781

[16]
-1.15491
-1.21162
-1.21277
-1.09073
-1.24515
0.260117
-0.62236
-1.18126
-1.15262
-0.0877228
-0.404327
0.13855
-0.152924
0.0128174
-0.0735779
-0.0867004
-0.0279083
0.0701752
0.0636139
0.0135345
-0.0150909
-0.0516205
-0.0562286
-0.0554047
-0.151703
-0.196381
-0.179031
-0.323593
-0.3703
-0.491669
-0.585602
-0.736176
-1.0666
-1.0835
-1.10393
-1.12973
-0.949951
0.494431
-0.186859
-0.0894012
1.0563
0.77475
0.780289
0.810287
0.677338
0.575867
0.474609
0.316742
0.121994
-0.393066

[17]
-0.805359
-1.12469
-1.18341
-1.22873
-1.18092
-0.93335
-0.872208
0.352097
-0.456528
-1.15807
-0.250809
-0.587845
-0.0442352
-0.134338
0.136566
-0.0898743
-0.0692139
-0.0741577
0.0702362
0.0370026
0.0449982
0.0238495
-0.0479584
-0.0515289
-0.0811768
-0.0786438
-0.117554
-0.190277
-0.189789
-0.347763
-0.462143
-0.624603
-0.570038
-0.807938
-1.06427
-1.07979
-1.10066
-1.09854
-0.463913
0.694199
0.153107
0.395721
1.02232
0.796783
0.826111
0.774338
0.622482
0.578506
0.41539
0.254211

[18]
-0.117188
-0.549789
-1.08255
-1.17934
-1.23782
-1.28084
-1.16685
-0.827408
-0.0649109
-0.530136
-1.1971
-0.844742
-0.205048
-0.49794
0.00462341
-0.0948639
0.0302734
-0.112
-0.0842285
-0.0153656
0.0589142
0.0225983
0.000305176
-0.0139771
-0.0275116
-0.0687714
-0.0821075
-0.12854
-0.138107
-0.222717
-0.197037
-0.455002
-0.450974
-0.530502
-0.632309
-0.934677
-1.08447
-1.10132
-1.12546
-1.15262
-0.266296
0.281982
0.136414
0.656815
0.797531
0.785629
0.849014
0.747284
0.653366
0.53186

[19]
0.41803
0.241394
-0.26413
-0.748672
-1.10498
-1.16385
-1.21185
-1.11481
-0.877655
-0.974777
0.451385
-0.370651
-1.17023
-0.759064
0.06604
-0.730591
-0.0338593
-0.0128479
-0.0490875
-0.167648
-0.0199738
0.0107727
0.0563507
0.0010376
-0.0145874
-0.0209961
-0.0457153
-0.0270538
-0.0524902
-0.145218
-0.158264
-0.20929
-0.307632
-0.427795
-0.497574
-0.618744
-0.925201
-1.07567
-1.09119
-1.11115
-1.12212
-0.513321
0.779434
0.336075
0.161484
0.99646
0.740341
0.81636
0.815475
0.6492

[20]
0.573746
0.447556
0.387344
-0.0652313
-0.463333
-0.858963
-1.13628
-1.18954
-1.22925
-1.10417
-0.911469
-0.435379
-0.410065
-1.14957
0.00375366
-0.0570984
-0.453156
-0.136826
-0.0968781
-0.0778656
-0.112823
-0.0113831
0.0194397
0.0722351
0.00619507
-0.00880432
-0.0424347
-0.0196686
-0.0114136
-0.0579681
-0.10376
-0.161835
-0.200409
-0.306305
-0.440842
-0.554352
-0.734314
-0.887619
-1.0865
-1.10548
-1.12706
-0.93129
-0.493195
0.652802
0.296997
0.446854
0.749756
0.703415
0.768341
0.744843

[21]
0.629669
0.594803
0.466858
0.290024
-0.0314789
-0.624176
-1.03738
-1.14474
-1.19843
-1.23909
-1.25429
-0.740768
-0.151093
-0.508728
-1.15657
-0.468903
-0.0643311
-0.351044
-0.0652313
-0.0572815
-0.0359192
-0.115082
-0.0246887
0.0392609
0.0804291
-0.0251465
0.00997925
-0.0367432
-0.0483398
-0.0521393
-0.091568
-0.119492
-0.16983
-0.23616
-0.298553
-0.41774
-0.538971
-0.623962
-0.858612
-1.08026
-1.09744
-1.11981
-0.968872
-0.32518
0.637833
0.0576782
0.515671
0.800415
0.70108
0.680344

[22]
0.609528
0.545959
0.476685
0.296326
0.00164795
-0.401276
-0.983459
-1.14232
-1.19881
-1.22052
-1.07204
-0.959045
-0.743317
-0.883514
-1.07266
-0.911469
-0.00506592
-0.386124
0.0448303
-0.243439
-0.0159454
-0.125656
-0.0138702
-0.0105591
0.0521393
0.0571594
-0.0142365
-0.0380096
-0.0209045
-0.0388794
-0.0810547
-0.112076
-0.145828
-0.235031
-0.296738
-0.452103
-0.53714
-0.611435
-0.971481
-1.06807
-1.0881
-1.11128
-1.08736
0.0426483
0.433304
-0.0344391
0.661331
0.908463
0.803818
0.803329

[23]
0.706512
0.629166
0.522354
0.390793
0.16011
-0.419876
-0.726685
-1.13078
-1.18982
-1.241
-1.21919
-1.0144
-0.913101
0.46315
-0.362473
-1.20314
-0.760681
-0.28598
-0.533569
-0.106567
-0.0225067
0.0296021
-0.0968781
-0.00917053
0.000961304
0.0790253
0.000732422
0.00299072
-0.0040741
-0.0529175
-0.0440063
-0.0870819
-0.165024
-0.140778
-0.269287
-0.386887
-0.445404
-0.552612
-0.670593
-1.0591
-1.07486
-1.09254
-1.11519
-1.14032
0.0825195
0.338882
0.109085
0.751389
0.863327
0.859818

