[1]
0.209488
0.90152
1.08078
0.437881
0.918198
0.506271
0.0576019
-0.446472
0.378845
0.681763
0.603592
0.353683
0.110779
-0.0433044
-0.0747223
-0.0326385
-0.0883942
-0.151901
-0.279404
-0.536606
-1.03938
-1.57489
-2.18063
-2.67104
-2.73618
-2.71562
-0.588638
1.3486
0.471939
-0.983078
-0.423141
-1.00679
-0.964203
-0.540146
-0.532883
-0.199142
-0.100128
-0.0387878
-0.286423
-0.169662
-0.114395
-0.0912781
-0.112442
-0.0821838
-0.0875244
-0.091095
-0.100571
-0.0359497
-0.0349579
0.0112305

[2]
0.0820007
0.0545349
0.173294
0.272339
0.378876
0.472565
1.68558
1.43053
0.864822
0.852539
0.7108
-0.347992
-0.353653
0.455658
0.771622
0.798218
0.737946
0.32753
0.16214
0.137558
0.0737305
0.00193787
-0.186432
-0.493515
-0.768478
-1.36856
-2.32405
-2.41347
-2.63647
-2.61264
-0.603287
1.4765
-0.722748
-0.652603
-0.393478
-1.54773
-0.421066
-0.5009
-0.113556
-0.0577545
0.089447
-0.0294342
-0.180161
-0.0432129
0.0175171
0.0605316
-0.107056
-0.0812683
-0.0375061
-0.0283051

[3]
0.00868225
-0.0673065
0.0421753
0.129913
0.173157
0.187973
0.316757
0.34169
0.389542
1.21136
1.7765
0.908524
0.925186
0.968552
-0.411041
-0.670822
0.597137
0.882065
0.757828
0.703934
0.440125
0.238281
0.169769
0.108017
0.119781
0.117523
-0.391937
-0.439056
-0.971725
-2.04283
-2.62509
-2.65498
-2.64159
-1.49112
1.45683
0.85379
-1.31923
-0.574936
-1.4758
-0.682602
-0.381027
0.00802612
-0.141754
0.0755463
-0.131165
-0.248657
-0.0318451
-0.0497589
-0.0342407
-0.0709076

[4]
0.0136871
-0.0698242
-0.113327
-0.0838623
0.00170898
0.0721741
0.138458
0.158722
0.31665
0.328918
0.216278
1.17206
1.97008
1.00819
1.03564
0.961395
-0.529297
-0.533463
0.564362
0.904205
0.761948
0.670181
0.461899
0.323196
0.217545
0.132599
0.0644226
-0.0627747
-0.424698
-0.680801
-1.11906
-1.98897
-2.57568
-2.60316
-2.59515
-2.49083
1.49428
0.651932
-1.26537
-0.314285
-1.80006
-0.661774
-0.508484
0.124603
-0.0487366
0.04039
-0.197815
-0.00427246
0.0319977
-0.00482178

[5]
-0.0940247
-0.113815
0.00219727
-0.0613098
-0.0402832
-0.0292511
0.0622711
0.0786591
0.187424
0.181122
0.246521
0.316345
0.351318
0.537018
1.85429
1.44733
0.970016
1.02571
0.779144
-0.417236
0.173416
0.764297
0.75621
0.588135
0.621262
0.386108
0.243942
0.0487213
-0.0930023
-0.107635
-0.338577
-0.742188
-1.09512
-1.71188
-2.40208
-2.6114
-2.61259
-2.20544
0.304871
1.47652
-1.43877
-0.830658
-0.704834
-0.710953
-0.249176
-0.395569
0.0065155
-0.0964813
-0.0503387
-0.0827179

[6]
-0.117157
-0.0826263
0.0289001
-0.0090332
0.0307465
0.0820312
0.035553
-0.00285339
-0.0547028
0.00848389
0.172638
0.161148
0.19577
0.234024
0.290802
0.364899
0.838257
1.53152
1.21907
1.27599
1.14491
0.659241
-0.457565
0.118027
0.586288
0.814804
0.782272
0.61264
0.315033
0.177032
0.131531
0.0319061
-0.135757
-0.337769
-0.617645
-0.980347
-1.86726
-2.55515
-2.59981
-2.59898
-1.90718
0.325989
1.48929
-1.60995
-0.0161591
-0.652039
-0.744736
-0.388519
-0.448318
-0.0992432

[7]
-0.078537
0.0618439
0.0379486
-0.0716095
-0.0623322
0.0151978
-0.00956726
-0.0153351
-0.0948486
-0.0704346
-0.0193176
0.0280914
0.114792
0.0845032
0.0861053
0.0431824
0.193451
0.351059
0.350052
0.371918
1.39023
1.72849
1.08119
1.06348
0.754272
-0.441452
-0.497177
0.683014
0.962799
0.856064
0.701797
0.329407
0.166992
0.106445
-0.0401611
-0.0533752
-0.305862
-0.674454
-1.07329
-1.72989
-2.56839
-2.59854
-2.5921
-2.12149
-0.166748
1.51399
-1.27808
-1.13953
-0.677307
-1.04459

[8]
-0.220917
-0.0680389
-0.138153
-0.0291595
0.00375366
-0.253113
-0.0895081
0.0177155
0.02005
0.0454559
0.137054
0.0679626
-0.0673676
-0.0617828
0.0815887
0.030365
0.202927
0.0884552
0.249329
0.358459
0.377396
0.398239
1.76712
1.88405
0.991699
1.13405
0.925583
-0.127487
-0.674026
0.487091
0.765182
0.904388
0.898148
0.553772
0.227234
0.146667
0.0557098
-0.0272369
-0.328888
-0.554047
-0.970291
-1.7119
-2.32573
-2.50204
-2.58563
-2.25601
-0.419815
1.53535
-1.20457
-0.583176

[9]
-0.863968
-1.00328
-0.548767
-0.108505
0.0383453
0.160629
0.0718842
-0.248337
-0.0580292
0.00117493
0.102051
0.0188904
0.0274506
0.0991516
0.022049
0.0133057
0.0863953
0.281418
0.19046
0.183365
0.309296
0.458954
0.449203
1.20233
1.98203
1.2516
1.13454
1.02335
-0.371384
-0.471222
0.759552
0.993439
0.861282
0.79184
0.469345
0.327271
0.267288
0.150635
0.0231781
-0.262726
-0.527649
-0.790329
-1.49998
-2.42818
-2.57835
-2.59177
-2.56952
-0.817719
1.52798
-0.554413

[10]
-0.825745
-0.576431
-0.924271
-0.253128
-0.646881
0.0319824
-0.180878
0.142441
0.122787
-0.0716095
-0.0575562
0.155411
0.164932
0.113663
0.0435181
0.0391388
-0.0196533
0.0839844
0.192764
0.19455
0.285385
0.261154
0.345795
0.44278
0.448425
1.43637
2.42131
1.26407
1.11035
1.17233
-0.515717
-0.26825
0.758591
1.02391
0.876724
0.790359
0.541428
0.381714
0.28653
0.162613
0.144257
-0.453735
-0.524857
-0.924179
-1.77519
-2.53589
-2.57426
-2.57596
-2.21381
0.699127

[11]
1.53316
-1.5791
-0.280975
-1.29094
-0.521637
-0.327621
0.0885315
-0.22139
0.0530701
-0.0387421
0.100235
0.0800323
0.137405
0.0873108
0.0315247
0.00941467
-0.0310211
0.0300751
0.0569458
0.0935211
0.168381
0.265198
0.23233
0.258453
0.389465
0.498535
0.943726
1.82146
1.53284
1.02921
1.16037
0.807419
-0.707245
0.538406
1.02296
0.775421
0.665665
0.556656
0.392639
0.236557
0.132736
0.064682
-0.095459
-0.483917
-0.766312
-1.30092
-2.36195
-2.60902
-2.62125
-2.59914

[12]
-1.37703
0.447113
1.50179
-1.47301
-1.02986
-0.81662
-0.889343
-0.334976
-0.0195312
-0.132416
0.0543671
-0.0208893
-0.127426
0.0336914
0.104721
0.129486
0.00741577
0.0109253
-0.0230713
-0.00582886
-0.00772095
0.142578
0.249466
0.204773
0.280258
0.37178
0.473816
0.444916
1.60678
1.74307
1.13452
1.36378
1.08594
-0.33461
-0.0729675
0.682816
0.945557
0.821869
0.83754
0.377457
0.217331
0.124512
0.0713654
0.076889
-0.273422
-0.691711
-1.08755
-1.90247
-2.575
-2.6017

[13]
-2.59117
-2.3954
1.2932
1.007
-1.59344
-0.0885468
-1.07797
-0.719345
-0.338928
-0.25293
-0.201935
-0.0730591
0.07724
0.0637512
0.0549774
0.118805
0.15033
0.0890961
-0.111801
-0.106964
-0.0696259
-0.0401611
0.137939
0.0967712
0.263855
0.20787
0.332886
0.384796
0.383148
1.32256
2.12679
1.20154
1.2496
1.01808
-0.720306
-0.110687
0.716644
1.0304
0.73645
0.7509
0.339798
0.284592
0.32753
0.185486
0.137405
0.00361633
-0.41066
-0.695679
-1.33751
-2.33426

[14]
-2.60399
-2.61847
-2.59138
-0.733322
1.509
-1.71513
-0.522995
-1.39529
-0.592285
-0.421448
-0.0193481
-0.109482
0.0394592
-0.125076
-0.00440979
0.0667725
0.15744
0.030777
-0.0359497
-0.0994568
-0.0672913
-0.0608521
0.109787
0.107727
0.138107
0.170074
0.202576
0.337921
0.41951
0.482178
1.27306
2.03053
1.09619
1.24634
1.19885
-0.538956
-0.648178
0.603195
0.784531
0.864105
0.823807
0.54985
0.295761
0.169861
0.0874634
0.0352631
-0.161545
-0.592316
-0.903
-1.7057

[15]
-2.56067
-2.59491
-2.59239
-2.45006
0.775467
1.25246
-1.45139
-0.251068
-0.650574
-1.00363
-0.347473
-0.235016
-0.00270081
0.135406
0.0379333
-0.140457
-0.00634766
0.0298004
0.120712
-0.012558
-0.0352936
-0.0196075
0.0276031
-0.00498962
0.0268097
0.0394897
0.28479
0.245636
0.320465
0.410156
0.483978
0.821381
1.79932
1.46208
1.2869
1.12932
0.527222
-0.814926
0.419312
0.857483
0.957504
0.798706
0.626648
0.292953
0.169388
0.0668793
-0.0909576
-0.257904
-0.541306
-0.846878

[16]
-1.51248
-2.51292
-2.59496
-2.60054
-2.56866
-0.33847
1.51915
-0.707733
-1.12494
-0.23764
-1.00725
-0.339767
-0.409012
0.00723267
-0.103119
0.0628662
-0.00895691
-0.121536
-0.0897522
-0.0134125
0.043457
0.0947876
0.0352325
0.0557098
-0.0630493
-0.0588226
0.134735
0.233429
0.210938
0.190033
0.336029
0.379837
0.7276
1.73296
1.45119
1.34407
1.207
0.869202
-0.37764
0.262146
0.831055
0.886261
0.762421
0.634171
0.294098
0.222931
0.193283
0.0748901
0.0271606
-0.397491

[17]
-0.64621
-1.08972
-1.89262
-2.52213
-2.60141
-2.59052
-1.68968
1.51222
1.20023
-1.3152
-0.374741
-1.6581
-0.477783
-0.521347
0.0575409
-0.120178
0.078476
-0.0710602
-0.0374603
0.0997162
0.142166
0.0310059
-0.127029
-0.0422668
-0.0751801
-0.0502625
0.082016
0.159317
0.12323
0.173569
0.136993
0.263763
0.391479
0.494598
0.825348
1.96796
1.16829
1.14125
1.00215
-0.205185
-0.776047
0.616867
0.864716
0.825958
0.845978
0.442657
0.193253
0.209259
0.143051
0.0229034

[18]
-0.190109
-0.450439
-0.787689
-1.47218
-2.15848
-2.61307
-2.62238
-2.59494
-0.528152
1.504
-1.13799
-0.543015
-0.819092
-0.994019
-0.351822
-0.347733
0.0333252
-0.0449829
0.0666046
-0.0519562
0.0737915
0.0901947
0.075058
-0.00317383
-0.00556946
-0.0158691
-0.0417023
-0.0349274
0.0657196
0.160065
0.130981
0.209702
0.249359
0.368515
0.381363
0.463348
1.4985
1.93544
1.18307
1.26302
1.07817
-0.413742
-0.357513
0.781708
0.94368
0.72847
0.590408
0.399078
0.315735
0.227615

[19]
0.127365
0.0312958
-0.290588
-0.67392
-1.02373
-1.76151
-2.56973
-2.601
-2.59512
-2.07213
0.367615
1.50742
-1.00249
-1.08945
-0.612198
-0.953278
-0.12561
-0.207077
-0.0900269
0.00959778
0.119141
-0.0805206
0.0045166
-0.00920105
0.00849915
0.031189
0.0309753
0.0903625
0.0584717
0.0117645
0.116547
0.275055
0.117783
0.230362
0.281494
0.399368
0.29924
0.711624
2.40504
1.2952
1.31094
1.30707
0.165405
-0.893814
0.547501
1.00052
0.835373
0.728745
0.50293
0.321899

[20]
0.274933
0.120926
0.139938
-0.0190582
-0.496628
-0.758896
-1.33951
-2.43619
-2.56981
-2.57396
-2.54388
-0.40329
1.54681
-1.62741
0.0249634
-0.844955
-0.884384
-0.422287
-0.230423
-0.0765381
0.14859
0.0897675
-0.0991821
0.00820923
0.106186
0.199417
0.041626
0.000579834
0.0737762
0.0558167
0.0102844
0.124969
0.102737
0.211563
0.249222
0.238846
0.367828
0.428467
1.17175
1.95311
1.26259
1.00154
1.03506
0.257446
-0.569138
0.870132
0.999969
0.761475
0.741852
0.534302

[21]
0.291748
0.289459
0.223801
0.109604
-0.0153503
-0.49733
-0.726425
-1.36757
-2.23299
-2.5751
-2.58418
-2.55664
-0.637238
1.53381
-1.74165
-0.403976
-0.654068
-0.712799
-0.295624
-0.175186
-0.0266418
0.0434723
0.153458
-0.0426788
0.0460358
-0.0594635
0.121277
0.0199738
0.0454865
0.0556183
-0.00622559
0.0607147
0.04216
0.0495148
0.256348
0.249695
0.337479
0.400757
0.514679
1.16714
1.85454
1.24628
1.21695
0.963791
0.173782
-0.470535
1.01173
1.12775
0.918777
0.749481

[22]
0.348099
0.131165
0.174332
0.139084
0.0307007
-0.1866
-0.707489
-1.40674
-2.47847
-2.5941
-2.61311
-2.59763
-2.12874
1.4989
-0.627716
-1.59024
-0.247299
-0.974045
-0.295929
-0.368317
-0.095047
-0.168472
0.118011
-0.0692902
-0.126724
-0.00938416
0.0694427
0.0971222
0.0188293
-0.0389862
-0.0616455
0.0206757
0.0379639
0.232178
0.17067
0.270004
0.321243
0.403564
0.397278
1.20731
1.75349
1.25294
1.4796
0.794907
-0.0425415
-0.402237
0.697296
0.980515
0.920288
0.741409

[23]
0.323685
0.139816
0.165421
0.123474
0.118881
-0.229187
-0.588669
-1.19031
-1.76668
-2.47241
-2.61389
-2.60945
-2.14595
0.256897
1.4912
-1.35065
-0.462326
-1.24911
-0.714676
-0.426437
-0.3181
0.0158844
0.0339661
0.0413513
-0.140335
-0.0330811
-0.0252686
0.0619659
0.031662
-0.00933838
0.0104523
-0.0402222
0.00317383
-0.0176697
0.170319
0.271088
0.222733
0.346252
0.403595
0.390289
1.51044
1.64136
1.30887
1.13576
0.903015
-0.290741
-0.311111
0.696182
0.995346
0.84642

