[1]
-0.0151367
-0.976883
-0.846222
-0.542847
-0.226089
-0.53537
-0.811844
-0.60817
-0.0868835
-0.220001
0.0916443
-0.0163422
0.022995
-0.0930939
0.00160217
-0.00228882
0.00511169
0.0180969
-0.0345154
-0.0418396
-0.0326691
-0.0154114
0.0040741
-0.0100708
-0.0446167
-0.102997
-0.120621
-0.168854
-0.206192
-0.280426
-0.366913
-0.43306
-0.507767
-0.667023
-1.10265
-1.12479
-1.14268
-1.02325
-0.926727
-0.341339
0.745514
-0.111435
0.245728
0.689941
0.752426
0.70665
0.729187
0.646332
0.580704
0.557159

[2]
0.461899
0.314301
-0.00857544
-0.401428
-0.846802
-1.08978
-1.13614
-1.17703
-1.13335
-0.75032
-0.4832
-0.0775604
-0.274796
-0.899261
-0.56572
-0.250412
-0.309982
-0.0276947
-0.112732
0.0100708
-0.052597
-0.0115051
-0.027832
0.0507507
0.00331116
0.0059967
0.0183716
0.0139313
-0.00283813
-0.0136261
-0.0227203
-0.0513763
-0.0895844
-0.108841
-0.0906525
-0.225876
-0.272461
-0.308167
-0.442047
-0.491287
-0.701874
-1.07135
-1.08476
-1.09853
-0.95105
-0.910309
-0.217255
0.704071
0.202103
0.322769

[3]
0.715622
0.772827
0.827545
0.871735
0.760406
0.704147
0.672882
0.607941
0.388855
0.0518951
-0.336624
-0.8246
-1.1248
-1.17455
-1.13179
-1.24052
-0.778854
-0.602066
-0.326096
-0.332489
-0.968704
-0.449142
-0.00785828
-0.579391
-0.102448
-0.0702362
-0.0765533
-0.122879
-0.0337219
0.0214691
0.060257
0.0263367
0.0212708
0.00308228
0.0030365
0.0108948
-0.00100708
-0.0832062
-0.154984
-0.142517
-0.112762
-0.161819
-0.246323
-0.326691
-0.411484
-0.521347
-0.590134
-1.06761
-1.0827
-1.09787

[4]
-1.03888
-1.10918
-0.139526
0.583588
0.387054
0.609802
0.84996
0.821182
0.858582
0.804718
0.659775
0.630508
0.555893
0.494278
0.216583
-0.052124
-0.309769
-0.925781
-1.10381
-1.14276
-1.06689
-1.11673
-0.647842
-0.64212
-0.0390472
-0.247971
-1.16316
-0.590424
0.0172272
-0.263016
-0.0171356
-0.149063
-0.0517731
-0.0749054
-0.0436859
0.0397949
0.00288391
0.0153198
-0.0285645
-0.00537109
-0.0096283
-0.00088501
-0.0320282
-0.0271301
-0.0726471
-0.0862732
-0.0931854
-0.11525
-0.271194
-0.306442

[5]
-0.360733
-0.428604
-0.512146
-0.709259
-1.06538
-1.08154
-1.08679
-0.922913
-0.669235
0.598557
-0.000595093
0.354309
0.845428
0.845505
0.85675
0.850845
0.73082
0.680374
0.631012
0.552826
0.416214
0.135513
-0.191727
-0.618332
-1.10146
-1.14981
-1.19391
-1.08171
-1.00633
-0.575775
-0.789459
0.319061
-0.172485
-1.11359
-0.730194
-0.253906
-0.437881
-0.0249023
0.000274658
-0.035202
-0.084259
-0.0933533
0.0125275
0.04039
0.0439758
0.0314026
-0.00341797
-0.0015564
-0.0144958
0.000839233

[6]
-0.0594635
-0.105545
-0.101074
-0.123322
-0.139786
-0.175797
-0.282562
-0.328873
-0.493637
-0.542313
-0.794632
-1.05708
-1.06844
-1.0829
-0.741913
-0.773132
0.396667
0.16449
0.469803
0.70636
0.759384
0.822418
0.836014
0.774384
0.69696
0.643005
0.589371
0.452194
0.128036
-0.214462
-0.624557
-1.12016
-1.16983
-1.21057
-1.00168
-0.916412
-0.940292
0.174683
-0.365753
-0.799942
-0.769623
-0.106033
-0.466354
0.0247345
-0.0854492
-0.0379333
-0.0893555
-0.0389099
-0.0517273
-0.00906372

[7]
-0.00289917
-0.00151062
-0.0137634
-0.0216217
-0.00701904
-0.0215149
-0.0214386
-0.0489502
-0.0849762
-0.0816193
-0.0970764
-0.141464
-0.263275
-0.316376
-0.381073
-0.423996
-0.508316
-0.90538
-1.07011
-0.947235
-1.02402
-0.95575
-0.453262
0.708496
0.151352
0.342377
0.706604
0.684799
0.760742
0.760712
0.69725
0.640076
0.622879
0.525146
0.322189
0.0362701
-0.38237
-0.858658
-1.13257
-1.18375
-1.18735
-1.13292
-0.649658
-0.569016
-0.189789
-0.222702
-1.08331
-0.519058
-0.159866
-0.345016

[8]
-0.112915
-0.0199432
-0.0621033
-0.122559
-0.03508
0.00437927
0.0294952
-0.0246429
-0.0197449
0.00236511
0.0272064
0.0138245
-0.014389
-0.0816193
-0.0907898
-0.0907135
-0.0776672
-0.098999
-0.206024
-0.262238
-0.353348
-0.404678
-0.490555
-0.7453
-1.05379
-1.06415
-1.06564
-0.76918
-0.697388
0.235779
0.358871
0.509048
0.62825
0.811966
0.835785
0.883606
0.806198
0.68541
0.675385
0.562515
0.368774
0.0150909
-0.423508
-0.849564
-1.1422
-1.20126
-1.25363
-1.28098
-0.889603
-1.24336

[9]
0.204514
-0.171524
-0.556335
-0.936768
-0.484802
-0.128708
-0.464142
-0.0786591
0.0122681
-0.0428162
-0.100967
-0.0127411
-0.00579834
0.0302124
-0.0198822
-0.00596619
-0.00901794
0.00296021
0.00857544
-0.0140533
-0.0391541
-0.0232697
-0.0709229
-0.0966187
-0.142776
-0.206543
-0.283279
-0.329926
-0.431366
-0.482803
-0.760956
-1.05894
-1.06956
-1.08371
-0.772293
-0.760162
0.195648
0.469559
0.48851
0.615616
0.779984
0.798203
0.825958
0.744385
0.640717
0.602875
0.522858
0.411423
-0.0207214
-0.34137

[10]
-0.715942
-1.12059
-1.1701
-1.15953
-1.147
-0.891815
-0.717407
0.119186
-0.334915
-0.771957
-0.860046
-0.140701
-0.47641
-0.0316772
-0.0652618
-0.0318451
-0.082016
-0.0698242
-0.0295715
0.00622559
0.0183563
0.0174561
0.0383453
-0.00753784
-0.00527954
-0.0252838
-0.0380859
-0.0795746
-0.101425
-0.174866
-0.123032
-0.133926
-0.240402
-0.285782
-0.36763
-0.414658
-0.483109
-0.871078
-1.07973
-1.09387
-1.10162
-1.07863
-0.381149
0.552521
0.164032
0.344635
0.741165
0.72937
0.789917
0.817276

[11]
0.68454
0.619095
0.574005
0.424408
0.116455
-0.297073
-0.786713
-1.09468
-1.14194
-1.18333
-0.942429
-0.904007
-0.70549
-0.499374
-0.194962
-0.457321
-1.1626
-0.489624
0.0853424
-0.436646
-0.146439
-0.096405
-0.0686493
-0.172958
0.0138092
0.0386047
0.0736237
0.00767517
0.00286865
-0.0232239
-0.0204926
-0.0114746
-0.023468
-0.0676727
-0.0750122
-0.125427
-0.0924683
-0.176743
-0.263382
-0.290619
-0.382187
-0.472656
-0.559296
-0.835724
-1.07484
-1.08905
-1.09406
-0.936737
-0.486298
0.768845

[12]
0.346222
0.297012
0.817078
0.711472
0.783386
0.727585
0.671799
0.609467
0.574493
0.514908
0.276566
-0.0843811
-0.470383
-0.961212
-1.12857
-1.17801
-1.03275
-1.19324
-0.789764
-0.492111
-0.585632
-0.787994
-0.753448
-0.131973
-0.357101
-0.0161285
-0.182846
0.0392914
-0.0552521
-0.0741577
0.000839233
0.0162048
0.0658417
-0.0466614
-0.0409088
0.00660706
0.00982666
-0.0240326
-0.0548401
-0.0617218
-0.0825958
-0.111725
-0.125443
-0.193024
-0.272949
-0.373718
-0.452271
-0.522888
-0.849564
-1.06728

[13]
-1.07971
-1.08287
-0.833847
-0.474548
0.693619
0.0562744
0.0583038
0.777451
0.736694
0.768524
0.804779
0.721664
0.646744
0.58168
0.489716
0.288101
-0.0803986
-0.566818
-0.988098
-1.16614
-1.22607
-1.27388
-1.24945
-1.261
-0.52002
-0.335876
-0.623108
-1.10808
-0.380386
-0.186646
-0.0982361
-0.0489807
-0.00286865
-0.0298004
-0.0876923
-0.0327148
-0.0281677
-0.00524902
7.62939e-05
0.00871277
-0.0178375
-0.00131226
-0.00454712
-0.0197449
-0.0577545
-0.0716858
-0.109985
-0.0904694
-0.151154
-0.242249

[14]
-0.342377
-0.474625
-0.53537
-0.788391
-1.05246
-1.06369
-1.07866
-0.842484
-0.612747
0.60495
0.153702
0.399612
0.693939
0.831955
0.839859
0.855179
0.771973
0.680389
0.58548
0.477066
0.289047
-0.219223
-0.700668
-1.10634
-1.16341
-1.21556
-0.994415
-1.11031
-0.981903
-0.597916
-0.326096
-0.530823
-1.10785
-0.375015
-0.162216
-0.3479
-0.114838
0.0194092
-0.0778961
-0.188644
-0.0116577
0.00050354
0.035202
0.00857544
0.00727844
-0.0215149
-0.0154724
0.00492859
-0.0215454
-0.0361481

[15]
-0.0583496
-0.10173
-0.0774231
-0.223541
-0.290497
-0.350342
-0.429474
-0.471466
-0.765793
-1.06194
-1.07399
-1.08812
-0.934479
-0.792755
0.314789
0.313568
0.499542
0.569122
0.930038
0.878616
0.883545
0.809402
0.68718
0.668198
0.583054
0.377747
-0.0166016
-0.329514
-0.783234
-1.13968
-1.19193
-1.07159
-1.14769
-0.815491
-0.684647
-0.0436249
-0.621887
-1.19908
-0.312881
-0.172287
-0.0982971
0.0170746
-0.0271759
-0.102829
-0.116241
-0.076004
0.00852966
0.0423889
-0.0241241
-0.0426941

[16]
-0.0454712
-0.0366364
-0.0547791
-0.0708008
-0.032135
-0.0686188
-0.122849
-0.150131
-0.213013
-0.312759
-0.360901
-0.454849
-0.525787
-0.778442
-1.06328
-1.07556
-1.07732
-0.948639
-0.702438
0.669952
0.0949097
0.315811
0.858673
0.896896
0.870834
0.907333
0.808746
0.718094
0.623856
0.554443
0.401611
-0.0516815
-0.47525
-0.944595
-1.16722
-1.2236
-1.13544
-1.18791
-0.855377
-0.704895
-0.478806
-0.467789
-1.19656
-0.379791
-0.452637
-0.0707855
-0.0376434
-0.0315247
-0.0792389
-0.0339508

[17]
-0.0766144
0.0226593
-0.0175171
0.021698
0.0114746
0.0163574
-0.023468
-0.0743713
-0.0741425
-0.0482635
-0.0702972
-0.129501
-0.155548
-0.142303
-0.266785
-0.334839
-0.464966
-0.522552
-0.755066
-1.04736
-1.05804
-1.0638
-0.834595
-0.589096
0.720856
-0.0773773
0.222198
0.862686
0.777267
0.852798
0.89679
0.795792
0.727676
0.6474
0.542038
0.356674
-0.0773621
-0.389008
-0.882263
-1.1692
-1.22615
-1.25078
-1.12587
-1.11536
-0.562546
-0.674118
-1.20392
-0.309891
-0.0720367
-0.243591

[18]
0.021637
-0.0381165
-0.0792542
-0.153152
-0.00140381
-0.0637665
0.00788879
-0.0134888
-0.0351868
-0.0391541
-0.0231934
-0.0153351
-0.0439148
-0.0176697
-0.0206299
-0.0707397
-0.0865784
-0.137924
-0.183655
-0.241547
-0.36171
-0.510056
-0.587082
-1.04483
-1.05612
-1.06845
-1.03076
-0.822083
-0.176987
0.734406
0.338501
0.300323
0.872925
0.796967
0.866455
0.838974
0.723877
0.666611
0.591293
0.498413
0.270065
-0.203171
-0.484085
-1.05405
-1.16278
-1.21347
-1.09926
-1.01904
-0.619522
-0.165115

[19]
-0.4785
-0.993927
-0.403381
-0.185791
-0.31134
0.0436554
-0.0914459
-0.0849762
-0.0163269
-0.0184021
0.0144806
-0.0482025
-0.0461731
-0.0119934
-0.00863647
-0.0173492
-0.0540924
-0.0598907
-0.0532379
-0.0674286
-0.120728
-0.123611
-0.13768
-0.189789
-0.295593
-0.398407
-0.454254
-0.77594
-1.05608
-1.06981
-1.07637
-1.0856
-0.539093
0.801392
-0.175949
0.343567
0.767181
0.912247
0.862854
0.890213
0.815247
0.754059
0.682785
0.629471
0.47818
0.200562
-0.180771
-0.765198
-1.11832
-1.17384

[20]
-1.21887
-1.1382
-0.897964
-0.813522
-0.0527496
-0.302734
-1.12029
-0.447021
-0.0292969
-0.684555
-0.11824
-0.0879211
0.0217743
-0.18251
-0.0223389
0.0258942
0.095459
0.0110474
-0.026413
0.00134277
0.00598145
-0.0311432
-0.0275726
-0.0860443
-0.107086
-0.135727
-0.153732
-0.163574
-0.256424
-0.360641
-0.418488
-0.414993
-0.655579
-1.0636
-1.07838
-1.09567
-1.00291
-0.946198
0.0894623
0.589966
0.383301
0.483047
1.00197
0.838943
0.821335
0.781357
0.681702
0.613327
0.536911
0.438858

[21]
0.232742
-0.230774
-0.541565
-1.10524
-1.16144
-1.21098
-1.05443
-0.927826
-1.23203
0.40918
-0.26915
-0.637558
-0.999344
-0.289536
-0.410629
-0.0784607
-0.073822
0.0813293
-0.036911
-0.0812988
-0.0233307
-0.00720215
0.0470123
0.0210419
0.0331268
-0.0117035
-0.0162964
0.0178833
-0.0266418
-0.0538177
-0.0915833
-0.0975037
-0.0895233
-0.127777
-0.280899
-0.380661
-0.443237
-0.541931
-0.700195
-1.06354
-1.07703
-1.09399
-0.808746
-0.881714
0.0640717
0.422699
0.425186
0.41301
0.921021
0.821014

[22]
0.849655
0.871094
0.78215
0.692581
0.601624
0.476456
0.310471
-0.114929
-0.657059
-1.09827
-1.1528
-1.20296
-1.16968
-1.2435
-0.66153
-0.267715
-0.356216
-1.16588
-0.497421
-0.0274963
-0.424622
-0.0605927
-0.0631561
-0.0440674
-0.0548248
-0.059021
-0.0185699
0.023819
0.0422058
0.00660706
0.00488281
-0.00897217
0.019043
-0.0202026
-0.0466461
-0.0953979
-0.117493
-0.139282
-0.172256
-0.188828
-0.321411
-0.439545
-0.543701
-0.59227
-1.06084
-1.07433
-1.0905
-1.01653
-0.923904
-0.152679

[23]
0.387833
0.308029
0.605057
0.701843
0.812531
0.825027
0.781708
0.701035
0.646606
0.507233
0.371185
0.0839386
-0.39949
-0.878342
-1.14313
-1.19923
-1.24284
-1.07124
-0.814728
-1.23796
0.606476
-0.477982
-1.03534
-0.865799
-0.136612
-0.469193
-0.0298462
-0.05513
0.0163727
-0.0686493
-0.0788269
0.0252533
0.020401
0.0555725
0.0511932
-0.0146942
-0.0653839
-0.0540466
-0.0416718
-0.0519409
-0.0904236
-0.131454
-0.0948334
-0.142471
-0.265427
-0.304749
-0.478149
-0.538757
-0.681976
-1.05981

[24]
-1.07307
-1.08919
-0.847717
-0.641495
0.431717
0.254547
0.305374
0.575134
0.802933
0.796066
0.828354
0.78064
0.673721
0.677048
0.577866
0.398239
0.0965271
-0.294434
-0.869766
-1.14464
-1.20184
-1.24622
-1.0703
-1.12234
-0.490433
-0.732605
-0.858932
-0.936676
-0.200211
-0.304611
-0.0711212
0.0342255
-0.00973511
-0.00741577
0.00854492
-0.0682373
-0.03508
0.0276031
0.0155945
0.00827026
-0.014389
-0.0342255
-0.0506744
-0.0431824
-0.0626221
-0.0677643
-0.0766144
-0.120483
-0.221039
-0.343872

[25]
-0.481689
-0.557159
-0.702423
-1.05533
-1.07127
-1.08913
-0.922714
-0.844131
0.331451
0.394302
0.259628
0.679916
0.809433
0.834808
0.858185
0.802414
0.725128
0.703857
0.619934
0.437912
0.19194
-0.192703
-0.786652
-1.11667
-1.16766
-1.20554
-1.03485
-0.759018
-0.837585
-0.113235
-0.179337
-0.94548
-0.428726
-0.0413055
-0.302734
-0.0719147
-0.0886688
4.57764e-05
-0.117966
-0.00968933
0.0279388
0.0439453
0.0653076
-0.020813
-0.00952148
-0.0229034
-0.0166626
-0.0174713
-0.0318604
-0.0667725

[26]
-0.137024
-0.167709
-0.19278
-0.319092
-0.376999
-0.469803
-0.567581
-0.861725
-1.0759
-1.09227
-1.11263
-1.00914
-0.36293
0.899902
0.224533
0.414993
0.77388
0.796677
0.796265
0.771286
0.66037
0.65686
0.588089
0.447998
0.133743
-0.223846
-0.545456
-1.01559
-1.10896
-1.14894
-0.879929
-0.997528
-0.823853
-0.480103
-0.621613
-0.827377
-0.953979
-0.00198364
-0.386185
-0.0489349
-0.135178
0.0601349
-0.0556793
0.0352173
-0.0165863
0.0253754
-0.00447083
0.0136871
0.0180817
0.0105438

