[1]
-2.00534
-0.355148
-0.327255
-0.234589
-0.269409
-0.277878
-0.252258
-0.18103
-0.129013
-0.0700684
-0.0155334
0.0387268
0.109848
0.16597
0.337128
0.508057
1.52255
0.618668
1.07597
0.771317
-0.12439
-0.72084
0.339554
0.754517
0.774933
0.712204
0.457825
0.156921
0.0953674
0.0218964
0.0796051
0.047226
-0.073761
-0.115112
-0.719528
-1.14043
-1.5313
-2.1196
-2.16733
-2.6801
-2.04396
-0.618958
1.40855
-0.714447
-1.14444
-0.525589
-1.60742
-0.327652
-0.61673
-0.0663452

[2]
-0.251694
-0.0801392
-0.332962
-0.263672
-0.20752
-0.11879
-0.19696
-0.191223
-0.15358
-0.127182
-0.179596
-0.116653
-0.118271
-0.0843964
-0.00921631
0.0160675
0.0641479
0.191681
0.312317
0.326187
1.31349
1.40663
1.00299
1.12456
0.956955
-0.384537
-0.586319
0.522354
0.861221
0.815262
0.763168
0.455353
0.277817
0.244507
0.0985565
0.106567
0.125961
-0.470749
-0.375076
-0.861969
-1.78197
-2.38039
-2.66653
-2.67209
-2.48639
1.41231
0.10762
-1.23495
-0.49173
-1.31607

[3]
-0.644623
-0.431183
-0.221695
-0.203888
-0.195572
-0.0459747
-0.106781
-0.049942
0.00196838
-0.206436
-0.0942993
-0.168991
-0.116745
-0.133774
-0.0827332
-0.106628
0.101349
0.0238342
0.053772
0.09729
0.211075
0.316132
0.385468
0.954727
1.80457
1.11841
1.0305
0.965652
0.425507
-0.682541
0.760437
0.966858
0.653748
0.588577
0.526535
0.287277
0.220322
0.158997
0.0365601
-0.0804138
-0.285095
-0.737183
-1.09178
-1.84798
-2.37863
-2.66376
-2.65756
-2.41057
0.286942
1.45566

[4]
-1.50995
-0.833405
-1.10783
-1.0437
-0.486816
-0.0292053
-0.124832
-0.119537
-0.0611115
-0.163422
0.0423584
0.00505066
0.0241089
-0.0997925
-0.165833
-0.14003
-0.0795898
-0.0780945
-0.0452271
-0.0379791
0.150269
0.107498
0.191513
0.308731
0.342178
0.356781
1.2348
2.37611
0.95137
1.11324
1.05573
-0.700378
-0.595047
0.600662
0.968933
0.785049
0.745697
0.535919
0.290909
0.207825
0.125458
0.1642
-0.106064
-0.473206
-0.940094
-1.41504
-2.31387
-2.61581
-2.63031
-2.60924

[5]
-1.97395
1.48485
0.982117
-1.20297
-0.712631
-1.15294
-0.766785
-0.532623
0.00701904
-0.216812
0.0439301
-0.120102
-0.131439
0.0279083
-0.0110321
-0.07547
-0.0799255
-0.109055
-0.0907288
-0.10466
-0.00314331
0.0217133
-0.0123291
0.137268
0.13829
0.175629
0.264267
0.378143
0.575058
1.48911
1.5322
1.14095
1.16191
0.718002
-0.165787
0.00337219
0.884888
0.972076
0.796783
0.683929
0.418625
0.244354
0.205902
0.141922
0.17836
-0.0437012
-0.312668
-0.872177
-1.75656
-2.48695

[6]
-2.59502
-2.60733
-2.53287
-1.88383
1.4987
-0.85881
-0.894531
-0.460953
-0.961945
-0.415695
-0.417252
0.047226
-0.177582
-0.0120697
-0.0759125
0.0475922
-0.062851
0.030777
-0.0609894
-0.117859
-0.0787659
-0.0569
-0.0374908
-0.0278625
-0.0453339
0.113464
0.102585
0.156769
0.193802
0.26918
0.376251
0.410278
1.77718
1.27176
1.04967
1.21231
1.12675
-0.272186
0.0923004
0.952347
1.00726
0.82756
0.730057
0.378738
0.243469
0.239609
0.206604
0.167526
-0.0809326
-0.484741

[7]
-0.947815
-1.76834
-2.23895
-2.60925
-2.61372
-2.07652
-2.06525
1.50801
0.0261383
-1.44464
-0.550644
-0.658905
-0.298767
-0.224075
-0.0279388
-0.105591
-0.150818
-0.143295
-0.110703
0.0765228
0.0650787
-0.0281982
-0.11084
-0.062149
-0.00930786
-0.0924683
-0.0307922
-0.00421143
-0.0478821
0.0859528
0.180984
0.155441
0.230316
0.352051
0.414429
1.59648
1.53781
1.18047
1.12392
0.880569
-0.481766
0.125015
0.947708
1.05344
0.839355
0.68988
0.398834
0.26181
0.217636
0.126495

[8]
0.16893
-0.0019989
-0.344116
-0.641098
-1.39642
-2.12062
-2.47411
-2.61958
-2.60625
-2.00668
1.48781
0.335876
-0.94516
-0.351196
-1.07526
-0.543365
-0.373398
-0.24144
-0.00622559
-0.0833435
0.0246582
-0.00717163
-0.0603485
-0.0527496
-0.114014
-0.125046
-0.100235
-0.0491028
-0.03302
-0.0345154
-0.0121307
0.0595551
0.0633545
0.171707
0.172287
0.312927
0.290115
0.288467
1.35699
1.98572
1.23825
1.12599
0.943329
-0.340485
-0.270447
0.83609
0.952042
0.861343
0.687988
0.506104

[9]
0.329544
0.283722
0.284653
0.228043
-0.184235
-0.289352
-0.818726
-1.70711
-2.48967
-2.49998
-2.61406
-2.51385
-1.83997
1.50926
0.570831
-1.13524
-0.720428
-1.04672
-0.537064
-0.342728
0.1091
-0.14859
-0.0310974
-0.0866547
-0.0262146
0.0322723
0.00369263
-0.0855408
-0.0659943
-0.0635376
-0.0660553
-0.0671082
0.0197906
0.0779572
0.02742
0.151947
0.146835
0.223389
0.321747
0.428589
0.822556
2.04492
1.16537
1.08357
1.23351
0.247116
-0.731384
0.652161
1.02536
0.876465

[10]
0.775742
0.572815
0.322174
0.286392
0.296371
0.246994
0.109497
-0.250916
-0.549973
-1.11528
-1.91092
-2.33812
-2.60155
-2.59953
-1.79939
-1.61847
1.53
-0.98053
-1.03619
-1.03214
-0.786911
-0.42659
0.083786
-0.105072
-0.0410004
-0.231827
-0.0257263
0.0508118
0.193771
0.0384979
-0.11734
-0.0694427
-0.0549164
-0.0587921
0.0897369
-0.010498
0.00883484
0.104538
0.225952
0.277863
0.434891
0.441116
0.85759
1.96254
1.43532
1.12117
0.953552
-0.327255
-0.635025
0.744995

[11]
0.942169
0.813019
0.77858
0.520157
0.373917
0.291794
0.204605
0.141022
0.0997467
-0.357483
-0.532043
-0.909058
-1.84354
-2.45485
-2.61494
-2.61569
-2.11475
1.4791
0.0533905
-1.20055
-0.731979
-1.14392
-0.550232
-0.359894
0.170563
-0.144135
-0.0346375
-0.131439
-0.0446167
-0.0475159
-0.0108643
-0.0622711
0.00062561
0.00822449
-0.0216675
-0.0548096
-0.06427
0.0430756
0.13739
0.161041
0.163315
0.251862
0.407791
0.50676
0.877014
1.95541
1.32004
1.10619
1.00833
-0.343536

[12]
-0.703033
0.793365
1.05026
0.850052
0.823456
0.522324
0.379364
0.308075
0.240616
0.169479
0.137466
-0.419586
-0.605026
-1.03511
-1.82219
-2.31877
-2.6084
-2.60576
-2.24568
1.48318
-0.8703
-1.01587
-0.687683
-0.935608
-0.399628
-0.472961
0.0815887
-0.188873
0.000839233
-0.0858612
-0.0803375
0.0440979
0.0798187
0.020401
-0.100998
-0.0691681
-0.0196381
-0.0348969
0.0142822
0.030365
0.119659
0.127869
0.176559
0.258835
0.34317
0.362564
0.760391
1.98938
1.32967
1.40569

[13]
1.08289
0.136459
-0.808868
0.293121
0.875839
1.21133
1.02252
0.739365
0.36618
0.250275
0.241837
0.140976
0.149063
-0.240967
-0.489868
-0.948792
-1.84763
-2.47348
-2.5849
-2.58711
-2.05458
0.690521
1.51657
-0.921555
-0.55304
-1.03966
-1.19624
-0.588425
-0.14212
-0.04039
-0.0289154
-0.00221252
-0.187805
0.0433807
0.0542145
0.068161
-0.0896606
-0.0582733
-0.0840302
-0.0696716
-0.0210724
0.0662231
0.105438
0.176849
0.177032
0.263718
0.318207
0.347137
0.698471
2.00919

[14]
1.33777
1.12225
1.28833
1.08617
-0.400116
-0.109787
0.635361
0.714203
0.86142
0.923996
0.54866
0.254257
0.149506
0.110229
0.0878601
-0.139099
-0.434662
-0.824158
-1.7072
-2.36508
-2.62361
-2.62532
-2.20955
-0.441559
1.50269
0.387238
-1.18169
-0.395493
-1.38181
-0.625458
-0.324432
-0.136551
-0.16272
0.09729
-0.0256195
-0.127274
0.0866699
0.0518036
-0.0245056
-0.13649
-0.0593414
-0.0865021
-0.0847626
0.0161133
0.118179
0.0743713
0.170166
0.182709
0.337814
0.377304

[15]
0.491043
1.6859
1.82135
1.10243
0.919006
0.803543
-0.171432
-0.139069
0.800369
0.942047
0.800461
0.737885
0.486847
0.300705
0.220764
0.16803
0.149414
-0.114349
-0.364761
-0.776474
-1.34402
-2.54225
-2.59296
-2.61104
-2.59215
-1.56752
1.49544
-1.13319
-0.560272
-0.878021
-0.978912
-0.35231
-0.246216
0.110428
-0.19809
-0.0886383
-0.195084
0.0487671
0.0402069
0.106644
0.00872803
-0.0463715
-0.0621796
-0.145721
-0.110336
0.0171204
0.0035553
0.0750885
0.153503
0.168381

[16]
0.279037
0.334702
0.321533
0.996262
2.22635
1.32471
1.06392
1.18323
0.174973
-0.716675
0.475052
0.90274
0.690872
0.643478
0.58522
0.387894
0.280731
0.141296
0.0671234
0.049881
-0.252106
-0.826004
-1.38191
-2.21638
-2.54973
-2.57417
-2.56041
-1.67996
0.469986
1.5451
-1.67023
-0.779343
-0.638092
-0.850159
-0.269012
-0.128662
0.00341797
-0.0396729
-0.0377655
-0.162109
-0.121521
-0.0247498
-0.0525208
-0.0703583
-0.0123444
0.117737
0.0884247
0.0409851
0.0681763
0.0349884

[17]
0.141129
0.117691
0.20314
0.279999
0.41185
0.571838
1.44133
1.72574
1.24529
1.26151
0.867081
-0.451599
0.392715
1.14977
0.96582
0.699875
0.636765
0.449966
0.341019
0.245346
0.19165
0.0772858
-0.17543
-0.461639
-1.30064
-1.85477
-2.20209
-2.5741
-2.58162
-2.45157
-1.48294
1.54146
0.606552
-1.65485
-0.758362
-0.857651
-0.565079
-0.337036
-0.0527802
-0.137375
0.122925
0.0916138
-0.0562439
-0.0363312
0.0816345
-0.0167542
-0.0272369
-0.0493469
-0.0425262
-0.0318604

[18]
0.0170288
0.0465393
0.151886
0.122009
0.114304
0.199829
0.307907
0.348434
0.565887
1.75877
1.50375
1.42299
1.08095
0.831589
-0.543747
0.205368
0.920792
0.971481
0.793655
0.706894
0.431061
0.3311
0.247238
0.209015
0.234055
0.0752106
-0.376846
-0.636566
-1.31607
-1.96896
-2.35353
-2.59941
-2.45183
-1.03311
1.51112
-0.720795
-0.889465
-0.756149
-0.908096
-0.502777
-0.239883
0.125549
-0.170029
0.0431671
-0.0638733
0.00907898
0.0471802
0.0523529
-0.0678864
-0.0900574

[19]
-0.0205078
0.00865173
-0.0452118
-0.00787354
0.0305939
-0.0241394
0.163101
0.221954
0.293732
0.345825
0.433655
0.699646
1.86676
1.37219
1.2224
1.08929
0.45372
-0.630341
0.696915
1.12271
0.984634
0.812241
0.597351
0.379257
0.315979
0.227386
0.100235
-0.232651
-0.463013
-0.629105
-1.24451
-1.94621
-2.16081
-2.56633
-2.55568
-2.30457
1.53439
0.358749
-1.20103
-0.292313
-0.959778
-0.364334
-0.504135
0.147446
-0.115036
0.017395
-0.138168
-0.146683
-0.113022
-0.0297089

[20]
-0.0479584
-0.049942
0.0124207
0.0905457
-0.0122223
0.000793457
-0.0228882
0.143066
0.131332
0.167297
0.231277
0.373291
0.359772
0.721527
1.70837
1.36118
1.3239
1.09459
0.846497
-0.306107
0.0431671
0.784485
0.930664
0.812744
0.621368
0.435318
0.272263
0.180511
0.133224
0.0927429
-0.148712
-0.51796
-0.945862
-1.81651
-2.44371
-2.58504
-2.58728
-1.85085
-1.14088
1.53169
-0.921478
-0.542496
-0.527695
-0.832031
-0.358994
-0.356476
0.0470276
-0.14978
0.00907898
-0.033493

[21]
0.000244141
-0.00575256
0.00714111
-0.0163574
-0.0623779
-0.0930939
-0.0108948
-0.0157928
0.0579529
0.0169678
0.162872
0.129974
0.211899
0.30545
0.439606
0.420822
0.806381
2.12561
1.11949
1.23598
1.26477
0.745331
-0.560898
0.531219
0.898651
0.798004
0.690674
0.58609
0.315857
0.21666
0.18985
0.0645905
-0.0230408
-0.317657
-0.895218
-1.25563
-2.07271
-2.31082
-2.60007
-2.58397
-1.93892
1.41537
0.824646
-1.48697
-0.186203
-0.959869
-0.455093
-0.397629
-0.0906219
-0.0128021

[22]
-0.0894012
-0.0604248
-0.0544739
-0.0303497
0.00744629
-0.0457458
-0.0292511
-0.0407867
-0.0282593
-0.00500488
-0.0461273
0.0571289
0.00489807
0.102814
0.159943
0.231842
0.322113
0.398865
0.615265
1.40195
1.85168
1.13507
1.03284
0.894012
-0.268265
0.111526
0.88884
0.84642
0.755142
0.554169
0.433792
0.377853
0.291809
0.178894
0.0855103
-0.0415192
-0.364426
-0.74057
-1.27893
-2.1676
-2.58942
-2.60938
-2.56081
-1.69009
1.37076
1.0817
-1.34018
-0.599579
-0.709335
-0.660187

