[1]
0.569687
0.0183411
-0.0194702
0.0791016
0.130127
0.0508728
0.0152588
0.0282135
0.12323
0.156693
0.0687561
0.1064
0.14679
0.0270996
-0.285004
-0.444382
-0.695007
-0.280609
-0.392151
-0.58316
-0.140503
0.0846405
0.295319
-0.0144501
0.0168152
0.109924
0.0920868
0.0869904
0.0959778
0.1035
0.175323
0.276566
0.273682
0.590515
0.404556
0.227646
0.213455
0.300354
0.149094
0.316055
0.226654
-0.00370789
0.899323
0.634933
0.0447998
-0.0513458
-0.5522
0.342987
-0.0421753
0.0182648

[2]
0.183136
0.0677795
-0.149445
-0.0999298
0.070343
0.184021
0.120392
0.0379333
0.032547
0.0694733
0.0978088
0.0392914
0.00950623
0.0644226
0.158951
0.00456238
0.113647
0.207367
-0.0899658
-0.365021
-0.811066
0.0721436
-0.398117
-0.477524
-0.586731
-0.416077
-0.129272
0.160065
-0.109924
-0.0125122
0.0762939
0.0765991
0.0856628
0.101242
0.125092
0.186798
0.228256
-0.023819
0.356339
0.368896
0.0669708
0.0250092
0.0822296
0.611176
-0.34584
-0.429474
0.914871
-0.167389
0.239487
-0.122253

[3]
0.10878
0.0241699
-0.0818329
-0.0819855
0.0829468
0.146317
-0.013443
-0.218674
-0.0827179
0.0904541
0.149857
0.138397
0.0427094
0.0612183
0.0466156
0.122925
0.0763245
0.0357513
0.0153198
0.0561676
0.225769
0.131592
-0.115219
-0.538437
-0.558304
0.193924
-0.562073
-0.842377
-0.104309
-0.578598
-0.16217
-0.0138397
0.00201416
0.0294952
-0.00474548
-0.0468597
-0.0158386
-0.0462189
-0.0394135
-0.0990295
0.0444489
0.141525
-0.0450592
-0.0395813
-0.284607
0.0545349
0.775253
0.104858
-0.631363
1.24547

[4]
-0.1763
0.220993
-0.151611
0.0637054
0.152145
-0.0955658
0.110153
0.0644684
0.0910492
-0.185638
-0.0770569
0.070694
0.120132
0.0719757
0.0615997
0.108826
0.120956
0.0978241
0.132568
0.0471039
0.0633087
0.0174255
0.045639
0.280045
0.18895
-0.0741119
-0.879745
-0.332504
-0.320602
-0.87294
-0.523254
-0.0618744
-0.537094
-0.0334015
-0.0643921
-0.0322418
-0.0804291
-0.0631409
-0.0346069
-0.0276642
-0.0431671
-0.000213623
-0.0688477
-0.0667572
-0.0183868
-0.0977631
0.00631714
-0.203644
0.319199
0.452408

[5]
0.201706
-0.0630798
1.05838
-0.233749
-0.173248
-0.141769
0.21701
0.0265503
-0.0337677
0.182159
0.071991
0.0441132
-0.165619
0.024826
0.111115
0.146942
-0.0191345
0.0354462
0.121323
0.10463
0.0504303
0.0393524
0.110428
0.110977
-0.0210114
0.0289154
0.184753
0.0259399
-0.309647
-0.912308
-0.193863
-0.378265
-0.458862
-0.666977
-0.263306
-0.0142517
-0.0475159
-0.0130768
0.00952148
0.0335846
-0.00624084
-0.0104675
0.0391388
0.0503998
0.11377
0.00569153
0.194244
0.218155
0.0786591
0.21138

[6]
-0.133926
0.109573
0.662872
-0.105881
0.222412
0.855392
-0.219711
0.0185852
-0.172699
0.310059
-0.0873718
-0.00482178
0.0796356
0.0788727
-0.0153503
-0.103165
0.00881958
0.0658569
0.0596771
0.00198364
0.0622559
0.155441
0.10498
0.0445709
0.0585327
0.0847321
-0.0415649
0.0470276
0.21936
0.0741119
-0.22879
-0.39743
-0.909195
0.266922
-0.750778
-0.887268
-0.355301
-0.219025
-0.0812225
-0.0254211
-0.0269623
0.00778198
-0.0331116
-0.0637817
-0.0585175
-0.034668
0.0375824
0.0359344
0.106003
0.183563

[7]
0.19519
0.0707397
-0.118729
-0.258789
0.571106
0.312454
0.142654
0.125381
0.848816
-0.54985
0.363083
0.0763855
-0.0245361
-0.0621948
-0.0220032
-0.0132904
0.00621033
0.0285645
-0.00849915
-0.0213318
0.0792084
0.052887
0.0316925
0.0174866
0.0653076
0.0348663
0.0183716
0.0211487
0.0448303
0.100601
-0.0015564
0.0238037
0.092865
-0.050705
-0.296524
-1.0343
0.0932007
-0.753967
-0.760544
-0.408722
-0.290497
-0.0914764
-0.108673
-0.0353088
-0.0177612
-0.00790405
-0.0439148
-0.0594177
0.00637817
-0.0137329

[8]
0.0794067
0.117996
0.316879
0.327347
0.292328
0.261261
-0.302689
0.000778198
0.621689
0.0471191
-0.2854
0.757202
-0.131134
0.260193
-0.216248
-0.0792389
-0.05896
-0.119675
-0.0335083
0.0670624
0.0639801
-0.0408783
-0.0732574
0.00457764
0.0539398
0.0833435
0.0186157
0.0550995
0.0583801
0.0401764
-0.0456085
-0.0448914
-0.0321045
0.00868225
0.0970001
0.0443115
-0.0330048
-0.209
-0.839325
-0.0157776
-0.411621
-0.867615
-0.611008
-0.355927
-0.350464
-0.0591583
-0.00404358
-0.042511
-0.0317688
-0.0138855

[9]
-0.0464172
-0.0445557
0.0440063
0.0392303
0.0313568
0.332397
0.247116
0.140564
-0.142746
-0.563919
0.174728
0.510544
0.0699615
0.0209656
0.759308
-0.407455
0.196899
0.0785828
0.0316315
-0.144226
-0.129944
-0.00332642
0.104843
0.0839996
-0.150787
-0.0926056
-0.0164032
0.0923767
0.0588989
0.0417023
0.0797424
-0.00775146
-0.0661469
0.0223694
0.0566864
0.0355682
-0.035553
0.00512695
0.0216064
-0.0855408
-0.405304
-0.78215
-0.148056
-0.79657
-0.952362
-0.0895081
-0.38678
0.0476532
-0.105057
-0.0876923

[10]
-0.0487366
-0.0799713
-0.124374
-0.0528259
-0.0353394
0.0520172
0.0216675
0.146744
0.21492
0.0725861
-0.00553894
-0.445572
-0.3452
0.81871
-0.00509644
-0.461212
0.695923
0.761108
-0.448303
0.276367
-0.0662689
0.0827179
-0.167908
-0.0271454
0.0690308
0.0366669
-0.120621
-0.0833435
0.0197601
-6.10352e-05
-0.0462341
-0.00190735
0.0517883
0.161301
0.118347
-0.0253906
-0.00146484
0.0731049
-0.0511932
-0.0414886
0.0332031
0.0820618
-0.396988
-1.05986
-0.0680695
-0.892441
-0.917526
-0.0161591
-0.450638
0.0376129

[11]
-0.0964355
-0.0122833
0.0146942
-0.00883484
-0.0257111
0.00161743
0.0432892
0.0990601
0.0957336
0.162125
0.0811768
0.144363
0.148422
-0.121216
-0.423553
0.556519
0.184952
-0.729752
1.01146
-0.521805
0.00582886
0.0920258
0.158951
-0.160324
-0.0456085
0.0210571
-0.00238037
-0.00195312
-0.0831451
0.00411987
0.0724335
0.021637
-0.037323
-0.0369873
0.041153
0.00672913
-0.0176086
0.0621643
0.0834503
0.0432739
-0.150192
0.0631409
0.111115
-0.109146
-0.503387
-0.846634
0.0231476
-0.704117
-0.820526
-0.0524597

[12]
-0.476105
-0.0510559
-0.0826111
-0.00956726
0.00720215
-0.0576172
-0.0381165
0.0132751
0.060379
0.113953
0.141586
0.0568542
0.252213
0.198318
0.0471191
-0.0436249
-0.0146027
0.872772
-0.0689697
-0.0577087
0.854477
-0.313873
-0.00572205
-0.153412
0.259186
-0.176819
-0.0114288
0.096817
-0.00790405
0.0200806
-0.160339
-0.120148
0.0105438
0.0351257
0.0211792
0.00772095
0.0648804
0.0823822
0.0295258
-0.117325
0.0480957
0.00170898
-0.0586395
0.155487
0.126297
-0.255127
-0.641006
-0.903442
-0.114578
-0.734161

[13]
-0.925598
-0.0391693
-0.299576
0.523285
-0.041214
-0.134201
-0.146957
-0.0448608
-0.115143
-0.132339
-0.0758362
-0.0267029
0.0201721
0.0524445
0.0696869
0.0329895
0.152924
0.0212555
-0.207855
0.59993
0.0275726
-0.679352
1.11333
0.270645
-0.142334
-0.396805
0.031189
0.181808
0.00756836
0.0545807
-0.0761414
0.149292
-0.199615
-0.159149
-0.0134277
0.120255
0.0251465
-0.0485382
0.0735321
0.103683
0.0404816
0.0797882
0.0715942
-0.0340729
-0.154449
0.106186
0.158615
-0.0844574
-0.464005
-0.871307

[14]
0.114929
-0.395844
-0.779953
-0.549774
-0.385605
-0.20697
0.0589447
-0.153946
-0.0900879
-0.0468445
-0.0605011
-0.0464478
0.00578308
0.0140228
0.0277557
-0.053009
0.0792236
0.00610352
-0.131363
-0.00996399
-0.166534
0.580948
-0.271362
0.166809
0.494568
0.69632
-0.428207
-0.213776
0.1091
0.350479
0.0658264
-0.107925
-0.0319977
0.0472565
-0.026001
-0.228073
-0.0868835
0.00495911
0.10054
0.0855408
0.0445709
0.0604858
0.0973053
0.0372009
-0.0789642
0.0263214
-0.00395203
0.0450745
0.224136
0.0161438

[15]
-0.286362
-1.02477
-0.180847
-0.368347
-0.722855
-0.506531
-0.398697
-0.158813
-0.100906
-0.0521545
-0.103607
-0.0435486
-0.0592499
-0.0420074
-0.0116425
-0.0163422
0.0306854
-0.0289612
0.182144
0.259048
0.104797
-0.0106964
-0.400177
-0.198669
0.283813
-0.0146637
0.519257
0.545029
-0.284607
-0.0364838
-0.213501
0.189453
-0.0995789
-0.043045
-0.00996399
0.058136
-0.111603
-0.118469
-0.0518799
0.04599
-0.03302
0.0143738
0.0575104
0.136688
0.115723
0.0788727
-0.0117188
-0.03685
-0.0946808
-0.081192

[16]
0.0972595
0.281097
0.0390167
-0.768402
-0.602676
0.0914001
-0.74791
-0.952881
-0.144241
-0.514938
-0.18663
-0.0461426
-0.0730286
-0.144882
-0.151443
-0.154785
-0.0874939
-0.0599976
-0.0448761
-0.0547333
-0.0656128
-0.0283356
-0.166
0.0168457
-0.453995
-0.622528
0.436874
1.06961
0.211151
0.976685
0.201492
-0.095871
-0.543625
-0.056778
0.101669
0.0469055
0.258759
-0.0337372
0.0244751
-0.106415
-0.12262
0.091156
0.158478
0.0353241
-0.0946808
-0.0311127
0.0350952
0.016983
0.0729065
0.111954

[17]
0.0555725
-0.0971222
-0.101257
0.120193
0.0619202
-0.261505
-0.745316
-0.20636
-0.326965
-0.673172
-0.648636
-0.431412
-0.147446
-0.125336
0.0447388
-0.0214539
-0.0980072
-0.138107
-0.0450287
-0.0255127
-0.0246735
-0.0234528
0.0660095
0.292816
0.138443
0.111435
-0.203201
-0.714966
0.0553741
0.433258
0.604233
0.337738
0.879059
-0.12088
-0.0222931
-0.4048
0.146622
-0.0615234
-0.0568085
0.0925446
0.0565338
0.0256958
-0.280319
-0.159531
0.00559998
0.113281
0.10968
-0.00714111
-0.0043335
-0.00196838

[18]
-0.0192719
0.050354
0.170502
-0.0133667
-0.129852
0.00740051
0.112289
-0.0754547
-0.26181
-0.786926
0.201859
-0.625336
-0.639664
-0.438126
-0.330795
-0.0427246
-0.144653
-0.047287
-0.0337524
-0.0260162
-0.0702362
-0.0438843
0.00296021
-0.0140076
0.0299835
0.00325012
0.0850372
0.25174
0.130737
0.23819
-0.319061
0.258835
0.721008
-0.305054
0.677948
0.564255
-0.356812
0.0171051
-0.0268555
0.176788
-0.10643
-0.0585785
0.0691376
0.0504608
-0.0766449
-0.141525
-0.0389709
0.0772095
0.0734711
-0.0262146

[19]
0.0116425
0.0577087
0.107758
0.00553894
-0.0206451
0.00248718
0.05336
-0.0250397
0.0570221
0.212387
-0.0349731
-0.393631
-1.0289
0.0559235
-0.829376
-0.981262
-0.191803
-0.390808
0.075943
-0.0646057
0.0203094
0.0211945
-0.0388031
-0.103012
-0.00418091
-0.0156403
0.016449
0.004776
0.0799255
0.287567
0.132141
0.335587
0.290451
0.528839
0.67189
-0.42131
-0.0272522
0.986893
-0.0865936
0.202255
-0.0413055
0.0222015
-0.181549
-0.0313263
-0.00253296
0.0233002
0.192932
-0.101395
-0.0720673
-0.0187225

[20]
0.0722046
0.0505371
-0.042038
-0.0192566
0.0206757
0.0399628
0.0197296
0.0436096
-0.0138092
-0.0864105
0.159225
0.147278
-0.0666504
-0.4263
-0.843048
0.264084
-0.729919
-0.718994
-0.351456
-0.260025
-0.0263672
-0.119568
-0.0566406
-0.101669
-0.12001
-0.0957794
-0.0955963
-0.105438
-0.122833
-0.0652008
-0.112198
0.023468
0.116653
-0.00445557
-0.115814
-0.195374
0.553619
0.418701
-0.568832
0.972168
0.690903
-0.250443
-0.127075
-0.275391
0.187775
-0.0799408
0.0191803
0.129532
0.0891113
-0.0610352

[21]
-0.137024
-0.0304565
0.0588837
0.0916138
0.0101318
0.0480347
0.079361
0.0592194
-0.0324707
0.00216675
-0.0459595
-0.0675507
0.019455
0.237473
0.174622
-0.124512
-0.473724
-0.8116
0.0595398
-0.724136
-1.09261
-0.488281
-0.384094
-0.0313416
-0.153229
-0.0238647
-0.0801239
-0.126434
-0.135178
-0.0907288
-0.0906372
-0.129883
-0.12468
-0.0634003
-0.0859222
-0.0161285
0.299179
-0.17247
-0.152084
0.658432
0.476151
0.0851135
0.820297
-0.222672
0.349152
-0.393402
0.116592
-0.0907593
-0.0391693
0.141403

[22]
-0.00204468
-0.0810852
-0.105209
-0.051178
0.0308228
0.0915375
-0.00062561
-0.0336304
0.0788574
0.0909576
0.109207
0.108475
-0.0245972
-0.0341492
-0.0982666
0.0502167
0.266785
0.191864
-0.162231
-0.68782
-0.0563354
-0.26944
-0.976135
-0.728012
-0.158722
-0.265472
-0.248001
-0.0686646
-0.0253906
-0.0527039
-0.0501099
-0.0684814
-0.066452
-0.0845337
-0.0665894
-0.069397
0.0587616
0.193054
0.0700836
-0.203384
-0.570587
0.0149841
0.440735
0.0830841
0.0622406
0.973282
-0.0461426
-0.103119
-0.552811
0.0226898

