[1]
-0.159042
-0.0356293
-0.058136
-0.0783081
-0.0708771
-0.0786743
-0.0621033
-0.0447998
-0.0218353
-0.0168457
-0.0305939
-0.0568848
-0.097168
-0.163147
-0.199799
-0.227814
-0.320847
-0.490646
-0.153534
0.165909
0.398865
0.317017
0.174561
-0.0795288
-0.364227
-0.151459
-0.139801
-0.0697632
0.000717163
0.0144196
0.0105286
-0.0487061
-0.0749969
-0.0454407
0.0385437
0.0206757
-0.0128937
-0.0239105
-0.00535583
0.0186462
0.0289764
0.0177002
0.0043335
-0.004776
-0.0142822
-0.00138855
0.00630188
0.0117493
-0.0062561
0.000259399

[2]
0.0111084
0.041748
0.026825
0.0755615
0.0281525
-0.00498962
0.0702057
0.113754
0.127045
0.171814
0.219116
0.183533
0.193878
0.115662
-0.119751
-0.13028
0.0559082
-0.130066
0.199051
0.332245
0.335571
0.248917
0.228699
0.237976
0.192307
0.0991364
0.0823212
0.267822
0.0763092
-0.228989
-0.384918
-0.394562
-0.433441
-0.530807
-0.534348
-0.547699
-0.674911
-0.831604
-0.836166
-0.818604
-0.025116
0.546204
0.136124
-0.0699005
-0.246643
-0.176392
-0.0593262
-0.019455
-0.028656
-0.024292

[3]
-0.00375366
-0.0145416
-0.0741272
-0.0875244
0.0343475
0.0878754
0.0416718
-0.0445862
-0.0224609
-0.00619507
0.00213623
0.0134735
0.0102081
0.0295868
0.0225677
0.000762939
-0.00265503
0.0109253
0.0351868
0.0032196
-0.0407562
-0.0252686
0.0492096
0.103363
0.0776367
0.0297699
-0.0204468
0.00880432
0.0880432
0.165848
0.219315
0.310806
0.312012
0.17598
-0.140305
-0.10527
0.110123
-0.0780945
0.0104218
0.348633
0.361496
0.323471
0.274261
0.164139
0.134933
0.0970154
-0.0192566
-0.082901
-0.0715942
-0.0987701

[4]
-0.332581
-0.577499
-0.66626
-0.790054
-1.11833
-1.04077
-0.698318
-0.803345
-0.495712
0.719543
0.118454
-0.080307
-0.225601
-0.416351
-0.214661
0.00180054
0.00294495
0.0100555
0.0323944
-0.0164185
-0.0485992
-0.13266
-0.0791626
0.0561066
0.091156
0.00575256
-0.0556183
-0.0129395
0.0316315
0.0720673
0.0240479
-0.023407
-0.0212555
0.00241089
0.0315247
-0.00608826
0.0164948
0.0162964
0.0776825
0.053833
0.0553894
0.0591125
0.0635529
0.0673065
0.0170135
0.0900726
-0.00424194
0.0574493
0.250381
0.375931

[5]
0.246353
0.130646
-0.145615
-0.0724945
-0.332535
0.2435
0.424423
0.341568
0.226746
0.15834
0.152145
0.121506
0.0451202
-0.0595551
-0.149643
-0.195557
-0.263306
-0.447693
-0.618057
-0.824646
-1.01749
-1.04596
-0.861771
-0.725616
-0.640488
0.102829
1.13647
-0.0586853
-0.282074
-0.229477
-0.225662
-0.199051
0.0164642
-0.00698853
-0.0145111
0.0431061
-0.0151672
-0.092804
-0.0747375
0.0483093
0.0578613
-0.000518799
-0.0582123
-0.0596924
0.0145721
0.0439606
0.0110626
0.0144958
-0.00862122
0.0162506

[6]
0.0186005
0.0317535
0.0641479
0.00987244
0.0175171
0.0368195
-0.0276489
-0.0949402
-0.0223236
0.123947
0.19899
0.27005
0.32077
0.428207
0.102188
-0.167297
-0.0648041
-0.0955353
0.265671
0.308151
0.31012
0.304672
0.301376
0.208969
0.155518
0.103653
0.100662
0.0665436
0.0237122
-0.0369873
-0.17804
-0.501404
-0.771652
-0.837158
-0.716232
-0.648209
-0.744019
-0.88121
-0.0823059
1.19211
0.0101166
-0.151001
-0.382278
-0.313797
-0.0563202
-0.0690613
-0.0961914
-0.074295
0.0184784
-0.0483704

[7]
-0.0638428
-0.129303
0.010376
0.0706482
0.00761414
-0.0476227
-0.0323639
0.00613403
0.0215759
0.0107574
-0.00230408
-0.0354767
0.00132751
0.0456848
0.0335999
0.0267334
0.0220032
0.0385742
0.0918732
0.0316315
-0.0098877
0.00518799
0.0460815
0.176361
0.168488
0.278534
0.352432
-0.185959
-0.205154
0.0199432
-0.172043
0.149109
0.317184
0.341782
0.251953
0.215958
0.191132
0.142593
0.0823212
0.00784302
0.00866699
-0.123672
-0.290833
-0.487106
-0.747452
-0.955551
-1.1331
-1.2514
-0.914948
-0.618988

[8]
-0.539902
-0.196152
1.08011
0.259506
-0.151443
-0.167496
-0.533813
-0.259598
-0.0724792
-0.0760651
-0.0784607
-0.025238
-0.0348816
-0.0808716
-0.138031
-0.0350952
0.0705719
0.0426483
-0.0527191
-0.0859833
-0.060257
-0.0157013
-0.00549316
0.0267487
0.00460815
-0.00334167
-0.00689697
-0.0202332
0.0336609
0.0500488
0.0250092
0.0102692
0.025528
0.0138855
0.0487823
0.0148315
0.0213776
0.1306
0.14061
0.355988
0.281555
-0.324692
-0.236969
-0.00154114
-0.0956879
-0.0310974
0.180786
0.25621
0.228439
0.194641

[9]
0.203369
0.149719
0.0946808
0.0536041
0.0226135
-0.0399475
-0.0932922
-0.172409
-0.460526
-0.631042
-0.817749
-1.1302
-1.09622
-0.75975
-0.72467
-0.559189
0.640915
0.299118
-0.0565491
-0.196152
-0.223511
-0.25499
-0.091629
-0.0430756
-0.0470276
-0.0452728
-0.0121002
-0.084259
-0.11908
-0.0812378
0.0191803
0.0340424
-0.0241699
-0.0612793
-0.0298004
-0.0163269
0.00273132
-0.0363159
-0.0749817
-0.0481567
0.00991821
-0.0149994
-0.0210876
0.00750732
0.044754
0.0506439
0.0832214
-0.0122528
-0.0459442
0.0731049

[10]
0.176544
0.243774
0.312744
0.390198
-0.245468
-0.340408
-0.0761414
-0.147247
0.016098
0.158478
0.238434
0.217758
0.23172
0.190689
0.13707
0.0704498
0.0140228
-0.0234833
-0.0942688
-0.166672
-0.265625
-0.494186
-0.669891
-0.890503
-1.17731
-0.98909
-0.531601
-0.47406
0.895325
0.266876
-0.0823212
-0.305374
-0.307571
-0.240463
-0.0704956
-0.0432587
-0.0760498
-0.0384369
0.00439453
-0.138641
-0.138031
-0.0988617
0.0271454
0.0158691
-0.0657043
-0.0614014
-0.00773621
-0.00602722
-0.00343323
-0.0144196

[11]
-0.0407715
-0.0134735
-0.0114136
-0.00939941
-0.00537109
0.0332184
0.0510101
0.134842
0.113235
0.0109406
-0.0398254
-0.108139
-0.0351868
0.0516052
0.286621
0.460693
0.15007
-0.158386
-0.191498
0.0050354
-0.204971
0.310852
0.322098
0.224457
0.167587
0.174576
0.139328
0.125763
0.0808563
0.0220184
-0.0671234
-0.145248
-0.280151
-0.557236
-0.814758
-0.812805
-0.970261
-0.935394
-0.884521
-0.769241
1.02835
0.115631
-0.301315
-0.230591
-0.261963
-0.145447
-0.0289917
-0.0872803
-0.0852966
-0.039444

[12]
-0.0348053
-0.0761108
-0.105621
-0.0650635
0.0124054
-0.0196075
-0.0544739
-0.0550385
-0.0299835
0.00578308
0.00540161
-0.0105286
-0.0267334
-0.0409088
-0.0290985
0.00798035
0.0554962
0.0863953
0.0624084
0.047821
-0.00387573
-0.00656128
0.0333099
0.0970459
0.15625
0.316101
0.388229
-0.179306
-0.307053
-0.0638733
-0.297882
-0.0990906
0.282669
0.306213
0.248108
0.218567
0.215958
0.163162
0.139313
0.157089
0.12323
-0.0137482
-0.0876923
-0.220749
-0.399231
-0.782654
-0.994598
-1.11192
-0.601059
-0.592499

[13]
-1.09135
-0.154984
1.16446
-0.0984192
-0.0963898
-0.498444
-0.220886
-0.200256
-0.152573
-0.105972
-0.0554657
-0.0157013
-0.0428314
-0.140823
-0.0593262
0.0159912
-0.00805664
-0.0231781
-0.0350037
-0.0371704
-0.0140533
-0.020462
0.0085144
0.00244141
-0.00617981
-0.0292053
-0.0256653
0.0314636
0.0857544
0.0802765
0.0917206
0.033844
0.0123444
0.0118713
0.148239
0.454819
0.435257
-0.0789948
-0.424728
-0.0606232
-0.0789337
-0.105698
0.124649
0.164413
0.190125
0.186661
0.193817
0.160721
0.0852356
0.0520325

[14]
-0.0314636
-0.102951
-0.119934
-0.275101
-0.686874
-0.989944
-1.26884
-1.25897
-0.870468
-0.478912
-0.76149
-0.800827
0.634369
0.766617
0.0326843
-0.295334
-0.597702
-0.328964
-0.154053
-0.0811005
-0.085022
0.00964355
-0.0526886
-0.101471
-0.210709
-0.149231
0.0746307
-0.0137787
-0.095932
-0.0759583
-0.0373688
-0.0233307
-0.0487518
-0.0473022
-0.0399017
-0.00483704
-0.00923157
-0.0233612
0.0165253
0.022934
0.0766754
0.0654297
0.0396576
-0.0108795
-0.0132751
0.0583496
0.0649414
0.195038
0.392365
0.374863

[15]
0.0126343
-0.299713
-0.128998
-0.231125
-0.0986481
0.302994
0.324768
0.269012
0.196106
0.1754
0.151215
0.16391
0.15535
0.0923157
-0.00402832
0.0102386
-0.0836182
-0.333862
-0.676163
-1.09482
-1.31297
-1.06645
-0.824799
-0.914963
-0.601852
1.05017
0.0315399
-0.199158
-0.0728912
-0.313095
-0.238113
-0.0539398
-0.0978851
-0.107147
-0.0509491
-0.0154877
-0.0785065
-0.128708
-0.0196838
0.0130005
-0.0426483
-0.0861664
-0.0694885
-0.0246887
-0.0678101
-0.0452271
-0.0474091
-0.0251312
-0.0287018
-0.00611877

[16]
0.00843811
0.0300751
0.00187683
0.0471344
0.0568848
-0.00744629
-0.0225983
0.0346985
0.0637817
0.118454
0.322418
0.405106
-0.106354
-0.338303
-0.0597839
-0.250412
-0.157516
0.236588
0.312195
0.26358
0.196213
0.175018
0.126083
0.0849457
0.0762329
0.0792389
0.0286713
-0.0414734
-0.226837
-0.466095
-0.830887
-1.0843
-1.18573
-1.03954
-0.722275
-0.727997
0.467743
0.60788
-0.268051
-0.372665
-0.237869
-0.159668
-0.141724
-0.0749969
-0.126755
-0.0237732
0.0338135
-0.0888672
-0.145981
-0.039566

[17]
0.00511169
0.0185089
-0.044342
-0.0855255
-0.0578613
-0.00816345
-0.0310211
-0.0375061
-0.0463104
-0.0116272
-0.0373535
-0.0337524
-0.0304413
0.0641327
0.0884094
0.0807648
0.0453339
-0.0389709
-0.0890656
-0.0124054
0.182098
0.343018
0.474274
-0.0234833
-0.231445
-0.0399933
-0.254898
-0.0717621
0.229416
0.310043
0.227737
0.214325
0.167786
0.150543
0.0912628
0.0458069
0.00480652
-0.0732574
-0.11824
-0.308578
-0.577789
-0.721603
-0.944443
-0.88147
-0.653458
-0.531509
-0.710312
-0.318054
0.894119
0.102188

[18]
-0.21048
-0.301559
-0.271942
-0.165573
-0.135925
-0.0874023
-0.107742
-0.0283966
0.0366364
-0.0519257
-0.124008
-0.0829773
0.0235291
0.0107727
-0.0506744
-0.0823364
-0.0552368
-0.026001
-0.0112152
-0.0310516
-0.0232697
0.0119019
-0.00158691
0.00137329
-0.00738525
-0.00921631
-0.0158691
0.0337372
0.033493
0.0177307
-0.0114288
-0.0105438
0.041275
0.149414
0.215805
0.356918
0.38176
-0.164886
-0.340073
-0.102005
-0.160706
-0.124649
0.244705
0.245132
0.225571
0.156799
0.154434
0.171967
0.114655
-0.0231171

[19]
-0.128433
-0.166107
-0.262222
-0.509705
-0.886032
-1.02596
-1.2451
-1.27576
-1.0051
-0.430466
-0.466599
-0.23082
-0.158218
0.456192
0.627899
0.0967712
-0.238327
-0.499374
-0.385605
-0.0414734
-0.00611877
-0.0711212
-0.0362396
-0.049469
-0.105942
-0.170258
-0.048233
0.0879059
0.00759888
-0.0649719
-0.0591278
0.0147247
0.0151672
-0.0386963
-0.0291595
-0.0284729
-0.0177307
-0.0150909
-0.022583
-0.00758362
0.0380249
0.105072
0.0970001
0.0400085
-0.0555573
-0.0694427
0.0511017
0.148331
0.374695
0.469025

[20]
0.252182
-0.254608
-0.322205
-0.0297089
-0.190094
0.21257
0.292419
0.283691
0.20697
0.184418
0.163971
0.13205
0.0622559
-0.0233307
-0.0745544
-0.0497284
-0.223419
-0.648636
-0.745789
-1.02211
-1.26222
-0.997635
-0.515778
-0.419128
-0.440369
0.874695
0.362854
-0.285324
-0.405899
-0.105286
-0.202347
-0.202805
-0.0231018
-0.04953
-0.0304871
0.00569153
0.019516
-0.139145
-0.171051
-0.0502167
0.0490875
0.0239716
-0.0800018
-0.0933228
-0.0434113
-0.00323486
0.00416565
-0.0301208
-0.0192719
-0.0309601

[21]
-0.00880432
-0.0119019
0.00038147
0.00637817
0.00256348
0.0771027
0.0221558
-0.00694275
0.00262451
0.0183716
0.014389
0.161057
0.356125
0.419632
0.136719
-0.354141
-0.204102
-0.0106964
-0.156387
0.190399
0.260574
0.255264
0.151932
0.132614
0.1129
0.122818
0.0406647
-0.0407257
-0.056427
-0.111862
-0.169357
-0.447464
-0.74472
-0.804108
-1.02097
-1.17125
-0.87294
-0.594009
-0.692749
-0.404434
0.285995
1.26703
0.0791168
-0.219009
-0.574219
-0.343384
-0.128067
-0.0687714
-0.0313721
-0.0294495

[22]
-0.0408173
-0.0830383
-0.156036
-0.0608521
0.0427856
0.0888214
-0.00694275
-0.0839539
-0.021759
-0.00535583
-0.00497437
-0.00772095
-0.0339813
-0.0283508
-0.0284729
-0.0104675
0.0426025
0.0366211
0.073761
0.114532
0.0224915
-0.0214386
-0.0492096
0.0109558
0.0705414
0.233826
0.330948
0.386459
0.21402
-0.184555
-0.144028
0.115524
-0.125824
0.104004
0.326523
0.325333
0.240631
0.157379
0.160339
0.152176
0.088913
0.0700684
0.0432434
-0.047287
-0.179428
-0.40625
-0.663376
-0.808472
-0.999619
-1.05827

[23]
-0.908188
-0.778671
-0.617355
0.978683
0.0120544
-0.14679
-0.379822
-0.294205
-0.0722198
-0.0765686
-0.056488
-0.0723572
-0.0245972
-0.0675507
-0.0882874
-0.107422
0.00331116
0.0401459
-0.0180054
-0.0407867
-0.0387573
-0.0365295
-0.0221252
-0.0141144
-0.0349274
-0.00228882
-0.0119324
-0.0140686
0.00105286
0.0258636
0.0693207
0.0586548
0.000244141
-0.0361481
-0.00950623
0.0154266
0.0693817
0.105698
0.408173
0.408813
-0.146347
-0.340576
-0.0222778
-0.182007
-0.105728
0.274704
0.307999
0.243561
0.158493
0.124542

[24]
0.105591
0.0374908
-0.00938416
-0.070816
-0.0727539
-0.119476
-0.276901
-0.653732
-0.975876
-1.18483
-1.19504
-0.871185
-0.704376
-0.646255
-0.52829
1.52838
0.293716
-0.172531
-0.540604
-0.358551
-0.144348
-0.151077
-0.0170746
-0.00567627
0.00640869
-0.0284882
-0.127792
-0.175903
0.0462189
0.0568848
-0.0142212
-0.0699921
-0.0326538
-0.00279236
-0.00135803
-0.00857544
-0.0390015
-0.030365
-0.00306702
-0.00920105
0.00109863
0.0231628
0.0103149
0.0677643
0.104416
0.0397949
-0.030304
0.02005
0.0286865
0.18866

[25]
0.35907
0.476959
0.107834
-0.353409
-0.188919
-0.0527344
-0.169647
0.207413
0.303436
0.285461
0.247894
0.20137
0.148331
0.09198
-0.0317993
-0.0605927
-0.113724
-0.041687
-0.369217
-0.728622
-0.8564
-1.00298
-1.07149
-0.922211
-0.66687
-0.534332
-0.560944
-0.15274
0.250931
0.978668
0.220154
-0.190308
-0.336029
-0.431717
-0.0738983
-0.0244751
-0.0764771
-0.0431061
-0.0018158
-0.116013
-0.122009
-0.0887604
0.0288086
0.049469
-0.0175018
-0.0496674
-0.0433044
-0.00749207
0.0276642
-0.0122375

[26]
-0.0210114
-0.0146179
-0.0294495
-0.00735474
-0.0151978
0.0118256
-0.00177002
0.0263214
0.0146484
0.0127411
-0.0277405
-0.0471039
0.000564575
0.0726013
0.226089
0.369003
0.385117
0.277451
-0.152603
-0.208084
0.139023
-0.136688
-0.314972
0.196747
0.293243
0.316223
0.259018
0.20726
0.164734
0.132996
0.129333
0.0908966
-0.0213928
-0.111496
-0.463638
-0.743912
-0.923065
-1.22298
-1.36165
-1.15649
-0.923462
-0.13829
0.869858
-0.188324
-0.3358
-0.322754
-0.128845
-0.137695
-0.125671
-0.0947723

[27]
-0.0887909
-0.0161285
0.0128174
-0.0771027
-0.148544
-0.0581665
0.0277405
6.10352e-05
-0.0376129
-0.0869751
-0.0413818
-0.00267029
-0.0237274
-0.0140076
-0.0350647
-0.0168915
-0.0107574
-0.0153503
0.0191345
0.0159149
-0.00616455
0.0382233
0.0196381
-0.0464935
-0.0576019
-0.0416718
0.14032
0.207321
0.418625
0.405457
-0.143204
-0.362732
-0.141373
-0.164993
-0.00540161
0.282669
0.290482
0.219788
0.204453
0.182419
0.129211
0.107178
0.0245209
0.00852966
-0.0575104
-0.12645
-0.367188
-0.663208
-0.852875
-1.11855

[28]
-1.40955
-1.26883
-1.00284
-0.835922
-0.198242
0.641129
0.734558
-0.106796
-0.721512
-0.3293
-0.055481
-0.0473328
-0.09729
-0.106476
-0.0399323
-0.0618591
-0.155273
-0.117218
0.0278931
0.0552826
-0.0101318
-0.0681305
-0.0521393
-0.0282898
-0.0220947
-0.016861
-0.0210114
-0.00382996
-0.0404358
-0.0323639
-0.0147858
0.00741577
0.0235748
0.0775146
0.0294189
-0.00393677
-0.033432
0.013855
0.0338898
0.126221
0.545624
0.501251
0.158157
-0.411606
-0.289001
-0.177979
0.00390625
0.380615
0.347397
0.287109

[29]
0.204117
0.230667
0.194168
0.0258179
-0.10144
-0.196121
-0.167068
-0.202667
-0.332642
-0.485138
-0.739883
-0.943405
-0.929169
-0.935623
-0.768158
-0.611038
-0.697571
0.577362
0.760132
-0.15361
-0.357895
-0.452682
-0.315155
-0.0947876
-0.0574951
-0.100555
-0.0507965
-0.0639801
-0.0826569
-0.130325
-0.0376892
0.0518036
0.0310059
-0.0597382
-0.0770111
-0.0332184
-0.012085
-0.00915527
-0.0261841
-0.0236511
-0.0144348
-0.022583
-0.00897217
0.0155487
0.0289154
0.0668945
0.0711823
0.03685
0.00108337
-0.0223236

[30]
-0.0122375
0.106216
0.255035
0.389923
0.333206
-0.293137
-0.238983
0.0341949
-0.198074
-0.122162
0.284073
0.308899
0.254532
0.173599
0.126068
0.0444031
-0.000717163
-0.0699158
-0.122009
-0.145432
-0.207367
-0.355774
-0.56636
-0.730911
-0.885056
-0.998825
-0.936615
-0.661987
-0.490982
-0.0332489
0.0406952
0.679535
0.223984
-0.222885
-0.179596
-0.246613
-0.0971832
-0.0910034
-0.0807343
-0.100357
-0.042511
-0.0643311
-0.092514
-0.0223083
0.00190735
-0.0414276
-0.0672607
-0.0567627
-0.0527039
-0.0286407

[31]
-0.0283203
-0.0294189
-0.0214081
-0.0182495
-0.0193329
-0.0336914
-0.0267029
0.0144043
0.0745392
0.0738525
0.0723267
0.000518799
-0.0206299
0.0144806
-0.00848389
0.092041
0.31691
0.357727
0.3582
-0.192078
-0.274231
0.114044
-0.138504
0.0352173
0.340103
0.306351
0.238312
0.184555
0.136703
0.136063
0.10257
0.0362701
0.00602722
-0.0299377
-0.175323
-0.368134
-0.591446
-0.73114
-1.12825
-1.29749
-0.839005
-0.774246
-0.657745
0.547607
0.542969
-0.27388
-0.362701
-0.140747
-0.0163116
-0.137955

[32]
-0.0879974
-0.148712
-0.0619202
-0.0182495
-0.0440826
-0.0910187
-0.0571136
0.0398865
0.00975037
-0.0423279
-0.068924
-0.0656433
-0.0390472
-0.00410461
0.0182648
0.000793457
-0.0264435
-0.0422516
-0.0209656
0.0499115
0.0349884
0.0775299
0.0544434
0.0205231
0.0347443
0.0555725
0.02034
0.0737762
0.300858
0.327881
0.145279
-0.298141
-0.122177
0.103241
-0.138565
0.0814209
0.265289
0.314743
0.229492
0.177994
0.148895
0.14476
0.0845642
0.0387573
0.010788
-0.0802307
-0.262863
-0.517212
-0.681854
-0.836823

[33]
-1.20198
-1.36388
-1.00554
-0.717834
-0.432159
0.517563
-0.0123749
-0.193298
-0.264557
-0.180008
-0.146469
-0.0863342
-0.0605621
-0.0669556
-0.0570068
-0.0666809
-0.140686
-0.113815
-0.0172882
0.00439453
-0.0605621
-0.063446
-0.0522308
-0.0436554
-0.0404663
-0.0717773
-0.0540161
-0.0230103
-0.0356903
-0.0286865
-0.0136719
0.0168152
0.0614929
0.0364075
0.0209656
0.01474
-0.000473022
0.0135651
0.0588074
0.104675
0.165741
0.315765
-0.0407104
-0.188873
-0.0736542
-0.117233
-0.183701
0.209183
0.305176
0.293655

[34]
0.215927
0.177155
0.184006
0.151031
0.0828705
0.0259247
-0.00733948
-0.0500031
-0.215179
-0.48085
-0.664978
-1.01848
-1.29845
-1.04532
-0.726898
-0.489899
-0.536362
0.871719
0.306091
-0.588257
-0.177383
-0.166
-0.149399
-0.16275
-0.149307
-0.105255
-0.0585327
-0.0871582
-0.121292
-0.0341949
0.00712585
-0.0477448
-0.0420685
-0.068161
-0.030899
-0.0412903
-0.0188599
-0.0336151
-0.0357666
-0.0509186
-0.0528259
-0.0248718
0.0514526
0.0389099
0.0756073
0.0833282
0.0391083
-0.0146179
-0.0303192
0.0125427

[35]
0.110596
0.25769
0.325302
0.185135
-0.119446
-0.152649
0.0964355
-0.159988
0.0445251
0.259674
0.332321
0.292282
0.249466
0.201721
0.175827
0.137054
0.0722198
0.0784149
0.0155487
-0.114136
-0.381119
-0.613876
-0.834045
-1.02794
-1.0535
-0.794571
-0.683334
-0.742813
-0.409119
1.06836
0.106308
-0.525024
-0.131927
0.00314331
-0.132584
-0.102158
-0.128143
-0.039444
-0.0338287
-0.0949249
-0.09729
-0.052597
0.0265656
0.00634766
-0.0514526
-0.0694122
-0.0402985
-0.0335236
-0.0226593
-0.0139465

