[1]
0.4888
-0.0982361
-0.124649
-0.175659
-0.205414
-0.26004
-0.244934
-0.386826
-0.300995
-0.31076
-0.367233
-0.416183
-0.386627
-0.464188
-0.545105
-0.508987
-0.523544
-0.373001
-0.125534
0.391586
0.110397
-0.211319
-0.106552
0.0297852
0.11351
-0.282333
-0.356857
-0.182388
-0.108566
-0.0630035
-0.0689697
-0.0878754
-0.00881958
-0.0399933
-0.000564575
-0.0169373
-0.0118713
-0.0331268
-0.0715485
-0.121887
-0.10231
-0.0405121
-0.0080719
-0.0262756
-0.0826721
-0.0459442
-0.021347
-0.0380402
-0.0777588
-0.0556946

[2]
-0.01651
-0.045578
-0.0153046
-0.00723267
0.0284424
0.0152893
0.0509491
0.050293
0.101852
0.136368
0.143463
0.826202
0.910004
0.341721
0.617889
0.432602
0.460098
-0.0175934
0.325546
0.615463
0.739746
0.636002
0.506393
0.310013
0.329895
0.39238
0.422913
0.0984039
-0.293808
-0.505997
-0.596252
-0.783279
-0.697845
-0.934509
-1.15407
-1.32872
-1.51547
-1.61171
-1.23167
-1.09796
0.0432434
0.752487
-0.08992
-0.372101
-0.329422
-0.234909
-0.314331
-0.137573
-0.089386
-0.0181122

[3]
-0.0562439
-0.0220032
0.0323029
0.0320587
-0.0788269
-0.0681305
0.000198364
0.0113373
-0.0228271
-0.0272827
0.0511627
-0.0578766
-0.0636597
-0.0616302
-0.00726318
-0.00340271
-0.0226898
-0.0348511
-0.0142212
0.00721741
0.0234375
-0.0152435
-0.0289154
-0.0251617
-0.0509033
0.0217743
0.105164
0.164368
0.17366
0.218079
0.882996
0.744965
0.403748
0.196426
0.662445
0.711761
0.749283
0.144089
-0.0579376
0.113342
0.515579
0.63974
0.616409
0.528931
0.224899
0.176239
0.259018
0.269257
0.0992126
-0.227142

[4]
-0.583664
-0.76857
-1.15047
-1.06439
-1.15762
-1.58801
-1.91043
-1.13634
-0.766464
0.601273
0.0990906
-0.314667
-0.345032
-0.222198
-0.258606
-0.356735
-0.170212
0.0604553
-0.00111389
-0.113861
-0.0322418
-0.0398407
-0.0184784
-0.0461273
-0.0419922
0.0150757
0.00941467
-0.0643921
-0.0788422
-0.0030365
0.0104675
-0.0327148
-0.00898743
-0.0311279
0.0691986
0.0513458
-0.0155182
-0.0676727
-0.0214233
0.00984192
0.00276184
0.0633087
0.02948
0.0596771
0.0167694
0.237656
0.237091
0.512924
1.50087
0.622879

[5]
0.208771
0.495667
0.641968
0.989182
-0.231522
0.292557
0.410156
0.539536
0.611115
0.599121
0.47345
0.281586
0.252914
0.273224
0.273636
0.143997
-0.123596
-0.420212
-0.665375
-1.01404
-1.36171
-1.30536
-1.4946
-1.99931
-1.58899
-0.978485
1.01341
-0.232086
-0.446198
-0.25737
-0.286346
-0.409302
-0.365417
-0.0941772
-0.0319061
-0.0550995
-0.0511932
-0.0369568
-0.00753784
-0.0708313
-0.0928345
-0.0800171
-0.0910339
-0.0396118
-0.0435486
-0.0639191
-0.040863
-0.00140381
-0.00663757
0.0214386

[6]
0.0292511
0.074585
0.0840302
0.0442047
0.0136414
0.0305939
0.0455627
0.144974
0.149902
0.144455
0.174927
0.84613
0.580399
0.41571
0.919815
0.754242
0.564514
0.0399933
-0.017395
0.477829
0.881027
0.734421
0.560349
0.387878
0.350128
0.331223
0.244705
0.0952454
-0.00984192
-0.135239
-0.330215
-0.756866
-1.17929
-1.53146
-1.4277
-1.50253
-1.8298
-1.67488
-0.684982
1.03447
-0.639725
-0.407364
-0.340485
-0.449097
-0.486786
-0.405289
-0.0243683
-0.00762939
-0.0813141
-0.0600891

[7]
0.0348663
0.112427
0.0905457
-0.0298767
-0.0516663
-0.0407867
-0.0850677
-0.100128
-0.0435333
0.0038147
0.0298767
-0.0982056
-0.0979919
-0.0615692
-0.0342102
-0.0144348
0.0213318
-0.00723267
0.0311279
-0.038147
0.039505
0.140778
0.0986023
0.441711
1.02049
1.03888
0.54155
0.780807
0.605774
0.556305
0.0091095
0.166885
0.493469
0.753021
0.681458
0.590149
0.410507
0.296692
0.277863
0.186142
0.119202
-0.127457
-0.30397
-0.470505
-0.829468
-1.3165
-1.55708
-1.32454
-1.60474
-2.01852

[8]
-0.955704
-0.544617
0.796036
-0.342133
-0.475891
-0.213028
-0.0336761
-0.267548
-0.582474
-0.222244
-0.088028
-0.156693
-0.124344
-0.0384521
0.0223083
-0.00526428
-0.0653992
-0.0570221
-0.0640869
-0.0785522
-0.053833
0.0264893
-0.0288849
-0.0691223
-0.0555115
-0.0222015
-0.0599365
-0.0541992
0.0342712
-0.00468445
0.00550842
0.010849
0.0132599
0.110687
0.0103912
0.0361481
0.0875702
-0.0656586
0.964417
1.16592
0.518173
0.965012
0.439087
0.596542
0.251785
-0.0305939
0.165924
0.584869
0.684204
0.660172

[9]
0.538116
0.337891
0.243652
0.273178
0.201752
0.0777283
-0.243011
-0.392838
-0.701126
-1.17195
-1.36162
-1.27029
-1.74214
-2.20119
-1.20668
-1.0294
0.447876
0.254227
-0.854248
-0.540039
-0.349579
-0.215454
-0.365601
-0.127808
0.0749664
-0.0605164
-0.0713959
-0.0130157
0.0428009
0.0373688
-0.0866241
-0.144821
-0.122375
-0.049118
-0.0207672
-0.0615997
-0.0753326
0.0264282
-0.0328522
-0.122955
-0.0954285
0.0138092
-0.02565
0.0240936
0.0165405
0.0101318
-0.000732422
0.0991974
0.135818
0.151688

[10]
-0.00617981
0.310745
1.01524
0.621872
1.47995
0.667511
0.480301
-0.0142059
-0.162674
0.359589
0.786636
0.720337
0.617096
0.467377
0.349701
0.326202
0.288269
0.197556
0.0301208
-0.217697
-0.396088
-0.75705
-1.3817
-1.54735
-1.45979
-1.85411
-2.20689
-1.23756
0.313934
0.437775
-0.907135
-0.215454
-0.294189
-0.166733
-0.504456
-0.296738
-0.0758667
-0.119797
-0.00334167
-0.0923309
0.0643158
0.0325623
-0.0595398
-0.0837097
-0.0557098
-0.0574493
-0.0377808
-0.0612946
-0.0293732
-0.0158539

[11]
-0.0477448
-0.0379028
-0.0344849
-0.00617981
0.0182343
0.00149536
-0.00312805
-0.0566254
-0.0452576
0.0218048
0.302002
0.405533
0.280685
0.912567
0.954178
0.50972
0.676193
0.662598
0.79248
0.155106
-0.107452
0.368134
0.48616
0.582733
0.542114
0.494156
0.349915
0.218567
0.13269
0.125351
0.0812988
-0.117599
-0.347702
-0.750565
-1.33047
-1.81343
-1.74503
-1.68636
-2.12691
-1.50693
1.526
-0.455673
-0.750305
-0.113708
-0.468765
-0.310242
-0.422928
-0.180618
-0.0675659
-0.0588531

[12]
-0.0931549
-0.0341492
0.0161285
-0.0583344
-0.0707245
-0.0856476
-0.0880737
-0.0860901
-0.0441589
-0.0596008
-0.0827179
-0.0693512
-0.0514832
-0.0505066
-0.0419464
-0.0641174
-0.0133209
0.00959778
0.0545654
-0.0267639
0.033844
0.105225
0.160187
0.0597839
0.596054
1.60657
0.490585
0.929138
0.680252
0.707809
-0.149246
-0.255508
0.448792
0.751984
0.70874
0.606064
0.501419
0.328247
0.278458
0.286926
0.24379
-0.0574188
-0.327972
-0.588516
-0.781815
-1.21851
-1.39059
-1.44261
-2.29106
-1.78024

[13]
-1.80135
0.22641
0.679535
-0.964859
-0.304169
-0.559708
-0.28891
-0.520203
-0.187988
-0.0728912
-0.0712891
-0.0396118
-0.0615692
0.0912628
-0.00688171
-0.0540466
-0.0922241
-0.107056
-0.103912
-0.0304413
-0.0239258
-0.0583496
-0.0915375
-0.0877686
-0.0493927
0.0045929
-0.035965
-0.0279541
-0.0396423
0.0461273
0.0325775
0.0317383
0.199448
0.135345
0.248184
1.80275
0.857391
0.897751
0.56488
0.818985
0.150543
-0.0487518
-0.146027
0.275269
0.718246
0.781082
0.742081
0.519226
0.232956
0.0939331

[14]
0.20108
0.137985
-0.143295
-0.483002
-0.63208
-1.01366
-1.22813
-1.33592
-1.67935
-1.99515
-1.31197
-1.40179
0.47522
0.641937
-0.676132
-0.415924
-0.135712
-0.325851
-0.534866
-0.29129
0.020401
-0.136429
-0.141373
-0.0564117
0.0415344
0.0273285
-0.126511
-0.121994
-0.0688019
-0.0753632
-0.0880737
-0.0618286
-0.0452576
-0.0634308
-0.0796967
-0.0601349
-0.0451508
-0.0176849
0.00488281
0.02388
0.00636292
0.043869
0.0439758
-0.0158539
0.00669861
0.0549774
-0.0258026
0.290588
1.62898
0.912384

[15]
0.612579
0.572845
0.500259
-0.122025
0.00498962
0.559433
0.707245
0.655823
0.584259
0.509781
0.417145
0.237335
0.241898
0.277023
0.115326
-0.120041
-0.349976
-0.709869
-1.1368
-1.5878
-1.60028
-1.90707
-2.00812
-1.45033
-0.817032
1.39122
-0.370132
-0.6371
-0.399109
-0.433777
-0.253952
-0.375381
-0.100662
-0.0178528
-0.0696869
-0.0756836
-0.0233765
-0.0101929
-0.071991
-0.141739
-0.12236
-0.0774231
-0.0662231
-0.0580444
-0.0727234
-0.0991516
-0.078476
-0.0622253
-0.0658569
-0.0349579

[16]
0.0214996
0.0437469
0.0355682
0.0190125
0.0348511
0.0386658
0.0414276
0.197662
0.00224304
0.430939
1.50978
0.576248
0.87117
0.645905
0.706924
-0.0764771
-0.162491
0.380264
0.724243
0.713852
0.58606
0.516922
0.372757
0.251907
0.228104
0.23912
0.125061
-0.0393677
-0.310135
-0.612823
-1.23859
-1.69521
-1.64998
-1.93407
-2.25104
-1.25546
-0.208023
1.0676
-1.06906
-0.413849
-0.544357
-0.241608
-0.434494
-0.143967
0.0297699
-0.133255
-0.0876007
0.114563
0.0634155
-0.0634155

[17]
-0.100754
-0.076416
-0.109253
-0.107956
-0.0769348
-0.0193634
-0.0591278
-0.0698395
-0.0810242
-0.0881653
-0.0372009
-0.0058136
0.0644989
0.0213776
-0.00108337
-0.0258636
0.0661163
0.181763
0.17627
0.105911
0.465576
1.27824
0.228256
1.29269
0.74437
0.715683
-0.10672
-0.280838
0.281998
0.821518
0.79686
0.655014
0.451797
0.275299
0.277817
0.293091
0.139374
-0.0638733
-0.333618
-0.509903
-0.843887
-1.27687
-1.51918
-1.44612
-1.76749
-2.12938
-1.28603
-0.721191
0.748001
-0.312958

[18]
-0.604538
-0.337479
-0.3228
-0.262863
-0.445724
-0.0377502
0.0834503
-0.0381927
-0.0708923
0.00387573
0.0579376
-0.0297546
-0.13237
-0.164246
-0.0723877
-0.0414124
-0.0649261
-0.0737457
-0.0440674
-0.0249786
-0.0644379
-0.0466003
-0.114471
-0.0644226
0.00880432
0.0309296
0.00398254
-0.00416565
0.019455
0.00796509
0.0649872
0.0805664
0.107224
-0.119919
0.54454
1.58788
0.554199
0.66568
0.511108
0.849792
0.194855
-0.000137329
0.149734
0.377426
0.669296
0.66481
0.605713
0.42923
0.248398
0.241348

[19]
0.26416
0.0972443
-0.178513
-0.378433
-0.778549
-1.20215
-1.39415
-1.06427
-1.17189
-1.40546
-1.36424
-0.677292
-0.866791
0.595566
0.587494
-0.615494
-0.347397
0.0861816
-0.386688
-0.671387
-0.338745
0.0400085
-0.114334
-0.0953674
-0.0250092
0.0361176
0.00852966
-0.0173492
-0.0985107
-0.0172729
-0.0545349
-0.0623322
-0.00976562
-0.053894
-0.0761414
-0.0620117
-0.0217896
-0.0470428
0.0157318
0.0208588
0.0202484
0.108383
-0.0259247
0.0756683
0.149658
0.136673
0.161591
0.096756
0.759552
1.07071

[20]
0.741943
0.886246
0.58638
0.582474
-0.190567
0.139999
0.571854
0.742889
0.662872
0.621872
0.437714
0.269211
0.273712
0.269104
0.183655
-0.125443
-0.382446
-0.58255
-0.984772
-1.31718
-1.29025
-1.46031
-1.35193
-1.71005
-1.33508
-0.309647
0.69072
-0.980774
-0.139954
-0.344772
-0.144943
-0.399277
-0.259598
-0.0660095
-0.0840759
-0.0253296
-0.0676117
0.0295258
-0.0332031
-0.0133667
-0.0462036
-0.117661
-0.0829468
-0.0604706
-0.0572205
-0.0711823
-0.0533295
-0.0238647
0.00737
-0.095047

[21]
-0.0508881
-0.0303955
0.0263367
0.0680542
0.00379944
0.0063324
-0.00650024
-0.00100708
0.0440369
0.137543
0.0942688
0.0361938
1.18629
0.94632
0.59491
0.766495
0.543045
0.540451
-0.026947
0.222504
0.500458
0.760681
0.671356
0.605209
0.378586
0.229752
0.287476
0.311707
0.220566
0.0313873
-0.220184
-0.455276
-0.899536
-1.27597
-1.3188
-1.20839
-1.54271
-1.81517
-1.36958
-1.04347
-0.159531
1.01392
-0.4086
-0.713303
-0.108093
-0.254639
-0.48851
-0.244415
-0.00379944
-0.0331116

[22]
-0.0539703
-0.0847321
-0.0122223
0.0115204
-0.0357666
-0.0163727
-0.0847778
-0.0515594
-0.0382233
-0.0480042
-0.0509644
-0.0522766
-0.0422211
-0.0158539
-0.0856018
-0.0341949
0.0098877
0.0412903
0.0117798
0.00502014
-0.0012207
0.0504303
0.0924835
0.187698
0.235046
0.339386
1.28098
0.872009
0.325943
0.653854
0.65863
0.68045
-0.0444641
0.0912018
0.453598
0.710297
0.676437
0.567719
0.410797
0.254303
0.154587
0.232529
0.226028
0.0604706
-0.245377
-0.563721
-1.03148
-1.57336
-1.50891
-1.5177

[23]
-1.91628
-1.77438
-1.16447
1.02963
-0.0554047
-0.85878
-0.206192
-0.488342
-0.346573
-0.42511
-0.109009
0.0107117
-0.0445709
-0.0635376
-0.0527649
0.00473022
-0.0231476
-0.107468
-0.0871887
-0.0424957
-0.051712
-0.0764923
-0.056076
-0.0488281
-0.0510406
-0.0885315
-0.0766449
-0.0197754
0.0131073
0.0378723
0.0381622
0.0760651
0.00132751
0.0538025
0.0661926
0.100693
0.0418854
0.560638
1.45583
0.664261
0.761688
0.578186
0.696655
-0.0540314
-0.0699463
0.386139
0.683792
0.717484
0.619324
0.566727

[24]
0.354996
0.218399
0.213181
0.273544
0.18428
-0.0513763
-0.337585
-0.616653
-1.10106
-1.61839
-1.59766
-1.76308
-1.93832
-1.09125
-1.07512
0.976547
0.0453491
-0.91275
-0.285004
-0.246796
-0.299515
-0.525711
-0.0030365
-0.0251923
-0.1008
-0.054245
-0.0545044
0.059082
0.027298
-0.0887756
-0.0894165
-0.0222015
-0.0572205
-0.0930176
-0.0690155
-0.0373077
-0.0415192
-0.0676422
-0.0685425
-0.0219574
0.0267639
0.0651398
0.0865936
-0.00488281
0.0116119
0.0422058
0.039444
0.12471
0.0463409
0.106186

[25]
1.22127
0.901627
0.687057
1.06581
0.539047
0.398727
-0.24614
0.121536
0.558304
0.811279
0.741623
0.59584
0.402527
0.290558
0.293625
0.282135
0.143692
-0.157745
-0.429092
-0.722839
-1.0009
-1.3494
-1.17526
-1.21892
-1.48177
-1.57091
-0.861008
-1.10611
0.0724487
0.963776
-0.664124
-0.605728
-0.047348
-0.229477
-0.488907
-0.345322
-0.112701
-0.0393829
-0.0399475
-0.0914154
0.00590515
-0.00231934
-0.00715637
-0.0678558
-0.0794678
-0.0601807
-0.0307617
-0.0292816
-0.0444489
-0.0201111

[26]
-0.0280457
-0.0634003
-0.0768585
-0.0442352
0.00500488
0.0297546
0.0364838
0.00218201
3.05176e-05
-0.0178223
0.101654
0.0342407
0.0750732
0.0539398
0.356812
1.22395
0.777634
0.416245
0.650635
0.529388
0.651825
0.105499
-0.180649
0.155762
0.521454
0.658813
0.62355
0.584198
0.367538
0.197525
0.0938873
0.130142
0.106781
-0.115341
-0.481613
-1.03769
-1.33434
-1.48553
-1.58861
-2.0137
-1.56972
-0.827652
0.871445
-0.0576019
-0.568802
-0.405777
-0.383682
-0.376312
-0.288971
0.019928

[27]
0.0596313
-0.0156403
-0.0844116
-0.0231628
0.0454407
0.00706482
-0.0505219
-0.135773
-0.131851
-0.0871429
-0.0504913
-0.108902
-0.0853424
-0.0849304
-0.0764618
-0.0575714
-0.0493622
-0.0276184
-0.00640869
0.0286407
-0.0104523
-0.00483704
-0.00831604
0.0260468
0.148987
0.152512
0.12616
0.579498
1.07726
0.507233
1.01193
0.607666
0.510468
0.0263977
-0.0832214
0.313751
0.674759
0.702026
0.614853
0.497574
0.344116
0.272873
0.270813
0.221191
0.112457
-0.055542
-0.251663
-0.701599
-0.976089
-1.30513

[28]
-1.37601
-1.93741
-2.12674
-1.27147
-0.760544
-0.102554
1.25159
-0.595322
-0.277985
-0.254929
-0.455978
-0.35524
-0.0488129
-0.00814819
-0.123993
-0.151627
-0.0964203
0.0310822
-0.0911255
-0.0739136
-0.0446472
-0.0672302
-0.102661
-0.0593109
-0.0661011
-0.075882
-0.0879669
-0.0910187
-0.0572815
-0.0216827
0.00408936
0.00233459
0.00312805
-0.00340271
0.0395966
0.00408936
0.122421
0.0596924
0.0859222
0.379837
1.29669
0.834091
0.491486
0.569885
0.952682
-0.00332642
-0.165924
0.22049
0.508087
0.699829

[29]
0.657074
0.580154
0.377609
0.195602
0.0667572
0.0828705
0.0172424
-0.0432739
-0.477661
-0.73439
-0.907578
-1.26035
-1.41997
-1.37276
-1.62367
-1.4852
-1.57071
0.22406
1.12964
-0.637619
-0.258011
-0.310669
-0.312927
-0.577667
-0.281311
0.0237122
-0.0617065
-0.0671539
-0.0843353
-0.00546265
-0.0127716
-0.109695
-0.0930481
-0.0920563
-0.0602875
-0.0253754
-0.0759583
-0.0815735
-0.0714569
-0.0774689
-0.0741882
-0.0739136
-0.0441437
0.00296021
0.031601
0.0125885
-0.0166626
-0.0118103
0.0265198
0.0685272

[30]
0.126572
0.0971069
0.979004
1.21593
0.428253
0.829529
0.483154
0.742508
-0.00900269
-0.0393982
0.316574
0.573685
0.666901
0.611603
0.505066
0.294006
0.16597
0.138458
0.152771
0.0781708
-0.163986
-0.427002
-0.717499
-1.19514
-1.71214
-1.46808
-1.54282
-1.92911
-1.69589
-0.697449
0.208923
1.0554
-0.459152
-0.482025
-0.274307
-0.318985
-0.473648
-0.25885
-0.0874023
-0.129974
-0.150375
-0.074707
0.00517273
-0.0159912
-0.102158
-0.1091
-0.0759125
-0.0749207
-0.119339
-0.10704

[31]
-0.0438538
-0.0665283
-0.0805969
-0.0873566
-0.0766754
-0.0756226
-0.0513306
-0.0294647
0.0193329
-0.0410461
-0.022049
0.0523682
0.063736
0.0821991
0.107697
0.452454
1.07094
0.841187
0.313721
0.405655
0.63559
0.748154
-0.106659
-0.000686646
0.400101
0.595108
0.612671
0.550644
0.439545
0.262344
0.151855
0.17688
0.188919
0.0762482
-0.167465
-0.498688
-0.815964
-1.45903
-1.65623
-1.75055
-2.22462
-1.33862
-1.17792
0.542343
0.490768
-0.80957
-0.418579
-0.408936
-0.349594
-0.369202

[32]
-0.13826
0.0926819
-0.0900879
-0.0887146
0.0128021
0.066452
-0.0685272
-0.121872
-0.141861
-0.0722961
-0.0315247
-0.125381
-0.140259
-0.155594
-0.0665741
-0.0785675
-0.118027
-0.0763245
-0.019928
-0.0193939
-0.00552368
0.0157013
0.0292816
-0.0480194
0.0376587
0.0558319
0.151459
0.540527
1.17079
0.728806
0.416611
0.807663
0.49791
0.650787
-0.100037
-0.0065155
0.455536
0.698273
0.657196
0.533401
0.382004
0.208328
0.162979
0.19603
0.190094
-0.024292
-0.402771
-0.689392
-1.12979
-1.64908

[33]
-1.44888
-1.5363
-1.63965
-1.7964
-1.32324
1.01794
0.0923767
-0.714905
-0.502762
-0.43692
-0.291336
-0.331375
-0.0473328
-0.0124054
-0.0929871
-0.0693817
-0.0123749
0.0232544
-0.046524
-0.0574799
-0.114136
-0.156799
-0.14476
-0.0986786
-0.108444
-0.100693
-0.0834198
-0.0777283
-0.125519
-0.101486
-0.0584564
-0.00949097
0.00813293
0.026825
-0.013916
0.0327606
0.0337982
0.0256653
-0.041153
0.598877
1.42244
0.58371
0.582367
0.607101
0.534485
0.29277
-0.173721
0.160675
0.554001
0.715118

[34]
0.61702
0.570618
0.352615
0.205643
0.209793
0.208588
0.136185
-0.0652008
-0.305847
-0.673187
-1.15445
-1.67468
-1.64249
-1.7692
-1.9346
-1.28481
-1.25186
1.42589
0.243973
-1.01114
-0.490326
-0.60527
-0.347855
-0.279831
-0.0115814
-0.00810242
-0.0778198
-0.0892639
-0.00878906
-0.0120087
-0.0665131
-0.075943
-0.0984955
-0.0942383
-0.0874329
-0.0591431
-0.0659332
-0.0892029
-0.0981445
-0.094223
-0.0587616
0.0245514
0.0652161
0.0368805
-0.0177917
0.00970459
0.0286255
0.0882568
0.135498
0.152206

[35]
0.181717
1.01562
0.907364
0.514465
0.877548
0.50769
0.632843
-0.017334
0.0486298
0.484528
0.759308
0.620148
0.546631
0.411377
0.250336
0.240677
0.19519
0.144119
-0.0595093
-0.351685
-0.661011
-0.893661
-1.31474
-1.45633
-1.47995
-1.6994
-1.89789
-1.23192
-0.925644
1.45921
-0.455872
-0.680542
-0.560989
-0.510117
-0.295563
-0.250458
0.0536194
0.0313721
-0.0738068
-0.0618134
0.0408173
-0.0160522
-0.0897064
-0.118362
-0.0749207
-0.0628967
-0.0745392
-0.0711212
-0.0583496
-0.0264587

