[1]
-0.269974
-0.0423279
-0.0558014
-0.0540771
-0.151382
-0.174973
-0.137756
-0.112686
-0.070755
-0.0555115
-0.0468445
-0.0191498
-0.00630188
-0.00559998
0.0020752
-0.0350189
-0.00360107
-0.249725
-0.0456085
0.0377197
-0.157486
-0.325058
-0.289276
-0.0894012
0.0342255
-0.0577545
-0.0655823
-0.0206451
-0.0375214
-0.0666962
-0.0546417
-0.0398102
-0.0110779
-0.00857544
-0.028595
0.0256042
0.0377502
0.0394897
0.0155029
-0.0210419
-0.0521698
-0.0231018
-0.00424194
-0.036026
-0.0479279
-0.0126343
-0.0133209
-0.0201263
-0.0262909
-0.0161438

[2]
-0.0243225
-0.0605927
-0.0630035
-0.101074
-0.140717
-0.225708
-0.249283
-0.377472
-0.510376
-0.628006
-0.854752
-0.882538
-0.512497
-0.57486
-0.530441
-0.345978
0.290222
0.0260315
0.0440826
0.3853
0.419647
0.475891
0.494614
0.43837
0.434418
0.396637
0.269257
-0.103043
-0.305573
-0.583496
-0.679611
-0.785645
-0.694992
-0.906754
-0.733795
-0.487534
-0.302887
-0.187439
-0.0791626
0.0924225
-0.148422
-0.160385
-0.241653
-0.393158
-0.183792
-0.168625
-0.0366516
0.0154266
-0.00538635
-0.0487061

[3]
-0.0879364
-0.0341492
-0.0201874
0.0167084
-0.0213013
0.0070343
-0.00765991
0.0101776
0.0284729
0.015564
0.0342712
0.00115967
-0.0241241
-0.00694275
-0.0266113
-0.0164032
0.00767517
0.0119781
-0.0281219
-0.0235291
-0.0410004
-0.079361
-0.0929718
-0.102386
-0.121048
-0.151321
-0.219986
-0.362473
-0.550842
-0.801849
-0.838638
-0.60463
-0.705261
-0.571503
-0.488815
-0.199951
0.350494
0.075119
0.0821686
0.264923
0.3936
0.486374
0.488068
0.477005
0.439865
0.333527
0.282242
0.098175
-0.146744
-0.452927

[4]
-0.752899
-0.919189
-1.04424
-0.824066
-0.607422
-0.422852
-0.311615
-0.134491
-0.106247
-0.267563
-0.184494
-0.370087
-0.245407
-0.191406
-0.169922
-0.0803375
-0.0157471
0.00793457
-0.00579834
-0.0948486
-0.0339355
-0.015564
-0.029129
-0.00405884
-0.0269928
-0.0173035
0.0263977
0.00427246
0.00640869
-0.00952148
-0.0185394
-0.0240326
-0.00619507
0.00869751
0.0131683
0.00834656
0.00708008
-0.0323334
-0.0750885
-0.112732
-0.116089
-0.160339
-0.134369
-0.173965
-0.204742
-0.398163
-0.648682
-0.906235
-0.869537
-0.813507

[5]
-0.864273
-0.630341
-0.444153
0.357132
0.0254059
0.139877
0.412338
0.435776
0.492035
0.482834
0.474274
0.427017
0.380051
0.327362
0.162628
-0.0436554
-0.296158
-0.570526
-0.875656
-1.05588
-0.958984
-0.681702
-0.516998
-0.170471
-0.200394
-0.325439
-0.519653
-0.211441
-0.338913
-0.124908
-0.100754
0.0296478
-0.137589
0.0096283
-0.0923157
-0.082428
-0.0488434
-0.0190125
0.011795
-0.0288544
-0.0263977
-0.0146942
-0.00253296
0.0250092
-0.00657654
0.00817871
-0.0139923
0.0244446
0.0102386
-0.00559998

[6]
-0.0324554
-0.0415039
-0.0397034
-0.0538483
-0.0709686
-0.0686188
-0.137192
-0.338715
-0.50061
-0.664383
-1.02003
-1.10176
-0.871216
-0.880173
-0.614532
-0.497238
0.369614
-0.0127716
-0.0185089
0.456924
0.521103
0.523972
0.517715
0.476181
0.462555
0.42157
0.345047
0.196945
-0.0134125
-0.286026
-0.599899
-1.03752
-1.0681
-1.05659
-0.772919
-0.505493
-0.267761
-0.184845
-0.150024
-0.353806
-0.414261
-0.428055
-0.173126
-0.167999
-0.170441
-0.142502
0.062149
0.0303955
-0.0939941
-0.0312958

[7]
0.0160675
0.0328369
0.0225525
-0.017395
-0.00262451
0.0038147
-0.0143585
-0.00953674
0.0188141
0.0198364
0.0505981
-0.0378571
-0.0393372
-0.045517
-0.0429688
-0.0523987
-0.0796661
-0.123779
-0.206696
-0.215118
-0.30336
-0.38266
-0.624725
-0.939087
-1.09224
-0.908569
-0.949875
-0.660553
-0.598572
0.330505
-0.0814667
0.129532
0.511292
0.527786
0.592972
0.554703
0.494629
0.423813
0.39827
0.328796
0.194214
-0.00134277
-0.221237
-0.588516
-0.980057
-1.0728
-1.0979
-0.604401
-0.369644
-0.273651

[8]
-0.371628
0.0626984
-0.428619
-0.411026
-0.608383
-0.204742
-0.0287323
-0.103226
-0.139725
-0.0653229
0.0386658
-0.0838013
-0.0890045
-0.0253448
0.0224457
0.000274658
-0.00787354
-0.0105743
0.0052948
0.0149689
0.0532684
0.0414124
0.00813293
-0.0103302
-0.033493
-0.0381622
-0.0364532
-0.0297241
-0.0511169
-0.0601044
-0.0849609
-0.112152
-0.148712
-0.142609
-0.231979
-0.394669
-0.630524
-1.00246
-1.0829
-0.708817
-0.64917
-0.468811
-0.381836
0.184677
0.164963
0.214478
0.294571
0.447021
0.57016
0.550858

[9]
0.518936
0.434509
0.405151
0.331329
0.198715
-0.0260162
-0.265503
-0.519119
-0.872864
-1.06441
-1.0956
-0.753967
-0.527496
-0.309021
-0.370056
-0.0449829
-0.341339
-0.234161
-0.376175
-0.27774
-0.218872
-0.0702972
-0.0678101
-0.0276947
0.0775146
-0.0517273
-0.0636597
-0.0275726
0.0278015
0.00756836
-0.0387268
-0.0406799
-0.0221558
0.0309753
0.032608
0.0256958
-0.0111084
-0.0150757
-0.0185699
-0.0192261
-0.0215607
0.00259399
-0.0405884
-0.0524292
-0.101883
-0.112015
-0.17662
-0.288284
-0.443924
-0.719284

[10]
-0.93219
-1.08099
-0.809052
-0.85701
-0.458298
-0.315735
0.146286
0.185638
0.15686
0.379745
0.529282
0.595795
0.566147
0.543961
0.486221
0.462418
0.417862
0.254089
0.0344238
-0.191086
-0.543976
-0.993484
-1.07014
-1.10132
-0.712006
-0.39595
-0.299103
-0.251038
-0.520859
-0.331451
-0.450806
-0.257095
-0.172073
-0.0196533
-0.0524597
-0.0877686
-0.0423737
-0.0708923
-0.070816
-0.0392914
0.0228577
-0.00904846
-0.0228729
-0.0100098
0.00526428
0.0264893
0.0139923
0.015564
0.0182648
0.0070343

[11]
-0.00592041
-0.0145569
-0.0120697
-0.0220337
-0.0337372
-0.069519
-0.122192
-0.208755
-0.204773
-0.218735
-0.328506
-0.557236
-0.825394
-1.0031
-0.825439
-0.963257
-0.62117
-0.690918
0.0229187
0.450714
0.237152
0.315033
0.525009
0.616898
0.62616
0.570999
0.537262
0.516815
0.447876
0.343475
0.175781
-0.0990143
-0.504425
-0.943344
-1.07179
-1.10506
-0.810623
-0.653107
-0.13768
-0.250839
-0.518921
-0.249023
-0.466431
-0.217056
-0.0559387
-0.125259
-0.112442
-0.038559
-0.0707855
-0.0889587

[12]
-0.0392609
-0.00273132
0.0100708
0.00727844
-0.00888062
-0.0222168
0.00991821
-0.00834656
0.00764465
-0.0273895
-0.0222015
-0.0144653
-0.0136108
-0.016098
-0.036499
-0.0317993
-0.0956573
-0.138046
-0.158066
-0.175507
-0.196121
-0.361511
-0.500305
-0.841125
-1.08426
-0.93573
-0.915833
-0.643738
-0.641861
0.0355225
0.281311
0.184906
0.325195
0.548508
0.631042
0.615036
0.565094
0.490707
0.47229
0.419525
0.270386
0.011734
-0.212296
-0.50618
-0.903778
-1.075
-1.11067
-0.910461
-0.58345
-0.495087

[13]
-0.143661
-0.0930328
-0.410431
-0.687683
-0.409256
-0.246826
-0.0862579
-0.0305023
-0.0519562
-0.0562134
-0.0843048
-0.0319366
-0.016861
0.0317688
0.0310364
0.000259399
-0.00360107
0.000900269
-0.00170898
0.0124512
0.00994873
0.00457764
-0.0391388
-0.062088
-0.0475311
-0.0501862
-0.0699921
-0.113068
-0.160797
-0.190506
-0.21373
-0.242538
-0.392227
-0.785919
-1.07658
-0.981598
-0.95256
-0.742203
-0.618622
-0.113708
0.578995
0.17041
0.197128
0.499115
0.614471
0.692535
0.659363
0.543137
0.449081
0.41124

[14]
0.336746
0.0956421
-0.182251
-0.445648
-0.873306
-1.05481
-1.03886
-0.822693
-0.60054
-0.360962
-0.446396
-0.0703888
-0.300522
-0.344559
-0.478928
-0.355331
-0.156189
-0.0729523
-0.0862732
-0.127777
0.042099
-0.101318
-0.0966339
0.0132751
0.021698
0.0278168
-0.0387268
-0.051239
-0.0159149
-0.000244141
0.00547791
0.00946045
0.0184784
0.00367737
-0.0098877
-0.0150299
-0.0149689
-0.026474
-0.0246277
-0.0729065
-0.121246
-0.124786
-0.157486
-0.240509
-0.356781
-0.479218
-0.768646
-1.08273
-0.922592
-0.886047

[15]
-0.654068
-0.729401
-0.155731
0.467102
0.203171
0.316376
0.52713
0.57637
0.619705
0.597763
0.532776
0.45546
0.415482
0.299683
0.0518951
-0.169617
-0.579453
-0.990707
-1.06708
-1.1021
-0.824142
-0.580154
-0.595703
-0.0417175
-0.00650024
-0.469528
-0.36174
-0.562393
-0.174911
-0.113113
-0.10202
-0.0823517
-0.0220337
-0.00761414
-0.0631714
-0.0452881
-0.000320435
-0.0224609
-0.0270996
-0.0361481
-0.0307159
0.0171814
0.00485229
-0.00442505
6.10352e-05
-0.00314331
0.0168304
-0.00598145
-0.0359344
0.00267029

[16]
-0.0391235
-0.101273
-0.10849
-0.211609
-0.188934
-0.265976
-0.41658
-0.53273
-0.78006
-1.08344
-0.863586
-0.859146
-0.639359
-0.656479
0.0140991
0.407913
0.229431
0.313751
0.504318
0.621063
0.624313
0.595718
0.498184
0.455994
0.398987
0.281418
0.0509033
-0.195267
-0.604538
-1.0403
-1.07411
-1.10818
-0.735687
-0.451279
-0.23793
-0.210663
-0.28595
-0.322525
-0.614273
-0.363297
-0.233154
-0.0515442
-0.0920563
-0.00604248
0.0296326
-0.0916443
-0.0193024
0.0195618
0.0547943
-0.0172272

[17]
-0.00135803
-0.0397491
-0.0254364
0.00517273
0.00532532
0.00892639
-0.0162354
-0.0275116
-0.0230865
-0.0296173
-0.0418701
-0.0413818
-0.0619049
-0.155472
-0.16037
-0.195084
-0.172958
-0.274017
-0.494705
-0.774063
-1.08809
-1.0056
-1.05058
-0.72493
-0.630371
0.0760651
0.355179
0.190323
0.37381
0.549713
0.652359
0.59523
0.549744
0.481552
0.47496
0.424118
0.263016
0.0269165
-0.282074
-0.627274
-1.0412
-1.07387
-1.00226
-0.794968
-0.467392
-0.300156
-0.136124
-0.131912
-0.415024
-0.411636

[18]
-0.518082
-0.251358
-0.073761
-0.0566559
-0.0899811
0.0270386
0.0816956
-0.0522003
-0.0656128
-0.0219116
0.0157318
-0.00961304
-0.0437927
-0.0484619
-0.0228882
0.0227356
0.00640869
0.0206451
0.0189056
0.0119324
-0.0128937
-0.0285339
-0.0497437
-0.0326385
-0.0213928
-0.0569153
-0.0855408
-0.134521
-0.162308
-0.134201
-0.226212
-0.335388
-0.535278
-0.873032
-1.08336
-0.761581
-0.781815
-0.654694
-0.614471
0.00920105
0.475418
0.252975
0.252029
0.468506
0.586411
0.637833
0.614929
0.504715
0.401321
0.392746

[19]
0.267303
0.0298615
-0.227921
-0.543259
-0.955917
-1.04324
-0.884552
-0.445724
-0.350494
-0.283005
-0.115051
-0.31633
-0.0757294
-0.20018
-0.29866
-0.395172
-0.177322
-0.0211334
-0.0698242
-0.160583
-0.158829
0.0324097
-0.0938568
-0.0877075
-0.017807
0.0115967
-0.00308228
-0.0137329
-0.0195923
0.0200958
0.0201721
0.0231018
0.00959778
-0.0102081
-0.0273895
-0.008255
0.00379944
-0.034729
-0.0170288
-0.0700684
-0.114197
-0.163742
-0.145142
-0.143845
-0.282303
-0.408279
-0.609222
-0.960495
-1.09988
-0.912552

[20]
-0.74942
-0.517944
-0.416931
0.450378
-0.0681152
0.173111
0.538712
0.600708
0.638474
0.591797
0.510315
0.426819
0.410355
0.313522
0.133408
-0.140823
-0.422287
-0.761139
-1.04007
-1.06145
-0.705139
-0.594482
-0.554199
-0.278885
-0.137344
-0.464127
-0.358063
-0.384964
-0.272522
-0.0811768
0.0652313
-0.053772
-0.0501709
0.0221405
-0.0218658
-0.0925293
-0.0519257
-0.0126953
0.00617981
-0.0265045
-0.039917
-0.020752
0.0235138
0.0288849
0.0163116
0.00994873
-0.00874329
0.00590515
-0.00563049
-0.0241852

[21]
-0.0345154
-0.074295
-0.0610046
-0.0862579
-0.128265
-0.173233
-0.198013
-0.160843
-0.220291
-0.362839
-0.625519
-1.03511
-1.07182
-0.768692
-0.729675
-0.621445
-0.282959
0.535751
-0.0111084
0.173767
0.45401
0.496033
0.555222
0.541046
0.461212
0.404297
0.423889
0.353439
0.175812
-0.0517731
-0.331192
-0.70134
-1.0347
-1.06133
-0.870224
-0.525085
-0.359436
-0.26413
-0.104034
-0.114777
-0.224319
-0.343811
-0.269226
-0.393906
-0.161591
-0.0632477
-0.0838013
-0.0792389
0.00390625
-0.0865021

[22]
-0.0937653
0.000961304
0.0220947
0.0272827
-0.0218811
-0.0163727
-0.00993347
0.0196991
0.00791931
-0.0231171
-0.00561523
0.00564575
-0.00590515
-0.0192871
-0.0197296
-0.0388794
-0.0581512
-0.0752563
-0.147476
-0.148087
-0.17128
-0.24733
-0.284668
-0.447159
-0.655273
-0.921509
-0.883804
-0.778259
-0.720032
-0.726059
-0.372589
0.409012
-0.0620728
0.164566
0.440353
0.519333
0.593414
0.597031
0.522842
0.475708
0.422012
0.366135
0.193527
-0.0610962
-0.368286
-0.759033
-1.04851
-1.07954
-0.886154
-0.608154

[23]
-0.29776
-0.172211
-0.166611
-0.47728
-0.196579
-0.381256
-0.156036
-0.124664
-0.105087
-0.0794525
-0.0474701
-0.0272827
-0.0961456
-0.0329895
0.00256348
-0.0177307
-0.0171967
-0.0295563
-0.00486755
0.0248871
0.00689697
-0.000564575
-0.00100708
0.000701904
-0.0213165
-0.011261
-0.0287018
-0.043045
-0.0503387
-0.0604858
-0.120514
-0.119843
-0.158157
-0.232422
-0.367767
-0.590805
-0.952988
-1.08855
-0.896561
-0.830505
-0.586075
-0.628845
0.0482635
0.347
0.264847
0.324799
0.497116
0.581635
0.59082
0.582718

[24]
0.507141
0.436768
0.400757
0.293732
0.0299225
-0.226929
-0.609833
-1.02965
-1.06009
-1.07454
-0.679489
-0.467102
-0.254929
-0.198212
-0.0922089
-0.66803
-0.239777
-0.427292
-0.146866
-0.10672
-0.0430145
-0.0905762
0.0032196
-0.0628967
-0.109985
-0.0255737
-0.0105286
0.0367584
0.0265656
-0.0350342
-0.0302124
0.0145416
0.0148621
-0.00546265
-0.0109558
0.00413513
-0.0187531
-0.02771
-0.0206757
-0.0304413
-0.0366058
-0.0450897
-0.093338
-0.128952
-0.164078
-0.204742
-0.311874
-0.428055
-0.664551
-1.06261

[25]
-1.0986
-0.902603
-0.781326
-0.642197
-0.25676
0.634155
0.00617981
0.150757
0.563416
0.62233
0.648926
0.597534
0.503952
0.44136
0.427231
0.31105
0.125885
-0.135971
-0.537109
-0.935257
-1.04071
-1.03914
-0.606491
-0.432541
-0.294281
-0.156174
-0.502014
-0.0186615
-0.236023
-0.460388
-0.288971
-0.413788
-0.107224
0.0322571
-0.0947418
-0.121353
-0.0314178
-0.0619049
-0.0895538
-0.0384979
0.0264587
0.0022583
0.00367737
-0.00593567
0.000244141
0.0136566
0.0206604
0.00495911
0.00909424
0.00215149

[26]
-0.00228882
-0.0200348
-0.0170441
-0.014389
-0.0285645
-0.0591125
-0.0880432
-0.101425
-0.10379
-0.15097
-0.227509
-0.301193
-0.45105
-0.668167
-0.930038
-0.785858
-0.835526
-0.759933
-0.537277
-0.500153
0.191772
0.342392
0.299698
0.301315
0.511307
0.591782
0.608917
0.553085
0.484482
0.390762
0.312561
0.207901
-0.00708008
-0.315948
-0.785049
-1.04428
-1.07407
-0.991165
-0.505554
-0.5121
-0.062912
-0.261963
-0.526428
-0.181107
-0.306213
-0.328003
-0.122681
-0.0568237
-0.0116577
0.0185089

[27]
0.043869
-0.0649567
-0.07724
-0.0440063
0.0352783
0.00488281
-0.0302887
-0.0356903
-0.0201721
0.0183411
0.011795
0.0133209
0.0106201
-0.0100098
-0.015274
-0.00424194
-0.0217896
-0.0195923
-0.0479584
-0.0820618
-0.0953522
-0.116562
-0.15947
-0.240524
-0.389511
-0.620651
-0.917114
-1.07489
-0.901947
-0.816879
-0.585602
-0.364639
0.0726318
0.303009
0.259033
0.351379
0.518951
0.607147
0.611069
0.581299
0.499496
0.461273
0.416626
0.269043
0.0289459
-0.197952
-0.542099
-0.997421
-1.0632
-1.09546

[28]
-0.760223
-0.371368
-0.134628
-0.190125
-0.288986
-0.434006
-0.42067
-0.384186
-0.301605
-0.243774
-0.0679474
-0.0909271
0.00921631
-0.0336761
-0.104675
-0.0597839
-0.0263519
0.0108643
-0.00541687
-0.0342712
0.00949097
0.013504
0.0123444
0.0128479
-0.00270081
0.00100708
-0.0131683
-0.0251007
-0.016449
-0.0326233
-0.0145264
-0.0704651
-0.104858
-0.209549
-0.193588
-0.171997
-0.309219
-0.463913
-0.850464
-1.08572
-0.971237
-0.946198
-0.710098
-0.737946
-0.0868225
0.680679
0.110474
0.279312
0.51445
0.592041

[29]
0.639328
0.60524
0.514679
0.399826
0.391861
0.259796
0.0940247
-0.0200653
-0.418289
-0.64801
-0.797821
-0.897858
-0.799316
-0.554825
-0.41394
-0.386673
-0.17038
-0.367538
-0.249542
-0.414673
-0.291046
-0.169708
-0.0813751
-0.0965576
-0.125717
-0.0337219
-0.0964813
-0.0649261
0.00901794
-0.00205994
-0.0032196
-0.00227356
-0.0318909
-0.00164795
0.0248413
0.019104
-0.00234985
-0.00257874
-0.036377
-0.0397644
-0.0238647
-0.0219574
-0.0222931
-0.0527191
-0.0682831
-0.134262
-0.137863
-0.163651
-0.20726
-0.389771

[30]
-0.657059
-1.01237
-1.08118
-0.782928
-0.833237
-0.59523
-0.44574
0.162949
0.210922
0.279953
0.331558
0.487503
0.578247
0.617737
0.557495
0.493652
0.442596
0.39595
0.289093
0.115402
-0.167038
-0.510834
-0.890823
-1.06883
-1.10213
-0.7397
-0.472824
-0.284744
-0.196182
-0.255386
-0.229126
-0.359467
-0.364578
-0.501251
-0.190887
-0.085144
-0.079834
-0.0534515
-0.0078125
-0.0783081
-0.0982208
-0.0515289
-0.0118866
-0.012619
-0.0210571
-0.00230408
0.0119781
0.0316467
0.00279236
0.00363159

[31]
0.00610352
-0.0122375
-0.0243835
-0.0270691
-0.0198822
-0.0258331
-0.0198822
-0.0644073
-0.111557
-0.15416
-0.156708
-0.147598
-0.232864
-0.40834
-0.65332
-0.95047
-0.987015
-0.853012
-0.764832
-0.575943
-0.462494
0.311279
0.0715179
0.228241
0.383179
0.505402
0.581665
0.610962
0.582626
0.527985
0.447723
0.425461
0.270966
0.0183868
-0.289551
-0.740906
-1.05118
-1.08594
-1.0764
-0.630753
-0.348587
-0.393448
-0.102219
-0.343613
-0.243958
-0.463303
-0.371704
-0.134186
-0.0591736
-0.00497437

[32]
-0.00457764
-0.00312805
-0.0537415
-0.0840302
-0.0124664
0.0197754
-0.0229645
-0.0293427
-0.0344543
0.0179443
0.0165253
0.0311279
0.0186157
-0.00138855
-0.029007
-0.0555878
-0.0318756
-0.00312805
-0.0248413
-0.0724335
-0.0935211
-0.172791
-0.235245
-0.215103
-0.273026
-0.411575
-0.719559
-0.946747
-0.904724
-0.88089
-0.708145
-0.672195
-0.286163
0.534958
-0.0433502
0.219284
0.484207
0.553268
0.620026
0.61438
0.547806
0.488693
0.448013
0.335373
0.14566
-0.129471
-0.449936
-0.787628
-1.05452
-1.08473

[33]
-0.888824
-0.557114
-0.462189
-0.223175
-0.198212
-0.503632
-0.0662994
-0.288437
-0.293167
-0.185867
-0.0251312
-0.0575867
0.0410767
-0.0085907
-0.11911
-0.028717
-0.00944519
0.00683594
-0.012558
-0.0210876
-0.0100098
0.00549316
0.0102081
0.00265503
-0.00535583
-0.00883484
-0.0107422
-0.0245361
-0.0336456
-0.0634613
-0.037384
-0.0765076
-0.109482
-0.139297
-0.150818
-0.189606
-0.296539
-0.492691
-0.852676
-1.07458
-0.824463
-0.882462
-0.649429
-0.649673
-0.124939
0.742493
0.213394
0.207596
0.500473
0.586044

[34]
0.613495
0.558975
0.501389
0.434128
0.420578
0.31781
0.10199
-0.154251
-0.524902
-0.954254
-1.06624
-1.09944
-0.735687
-0.451553
-0.199936
-0.29216
-0.0684357
-0.359451
-0.112701
-0.632477
-0.352753
-0.175537
-0.162796
-0.0637207
0.0377197
-0.0734253
-0.056488
-0.0105743
0.00712585
0.00398254
-0.0247955
-0.0129395
0.0129089
0.019043
0.0233154
0.00666809
-0.00695801
-0.0292206
-0.042984
-0.0364685
-0.0272217
-0.0147095
-0.0618439
-0.107269
-0.146194
-0.166077
-0.154297
-0.255569
-0.410736
-0.618515

[35]
-0.945435
-1.08998
-0.801178
-0.784958
-0.649948
-0.407135
0.347198
0.0348816
0.159424
0.493607
0.521881
0.620483
0.581314
0.518402
0.454987
0.421936
0.312378
0.116013
-0.106598
-0.438995
-0.791489
-1.04561
-1.07797
-0.829529
-0.609207
-0.392776
-0.251755
-0.120102
-0.0928802
-0.653992
-0.369797
-0.433914
-0.309189
-0.142044
-0.111832
-0.00791931
0.0559692
-0.0463409
-0.0583801
-0.0127716
0.00909424
-0.0138092
-0.0262909
-0.0179596
0.00761414
0.0118713
-0.0022583
0.00669861
0.0129242
-0.00508118

