[1]
-0.521057
-0.184891
-0.246414
-0.627396
-0.327194
-0.610016
-0.499985
-0.0690308
-0.0616455
-0.138992
-0.0869904
-0.0987091
-0.0763397
-0.0610199
0.00314331
0.0137634
-0.00366211
0.00765991
-0.00878906
0.000396729
0.0213623
0.0203552
0.0161896
-0.023468
-0.0361786
-0.0544281
-0.0765381
-0.0315094
-0.0431213
-0.0545959
-0.0558014
-0.0960693
-0.136139
-0.155289
-0.275421
-0.366531
-0.495483
-0.672745
-1.02487
-1.08894
-0.853455
-0.717087
-0.49025
-0.0734711
0.193283
0.104568
0.247559
0.45224
0.567825
0.627594

[2]
0.578201
0.571106
0.569885
0.312103
0.0562134
-0.256409
-0.509689
-0.790146
-1.05237
-1.09004
-1.13045
-1.17474
-0.883072
-0.60553
-0.300903
-0.252045
-0.157288
-0.0593414
-0.148788
-0.171707
-0.165802
0.293533
-0.673523
-0.498962
-0.610458
-0.184387
-0.0534058
-0.0819397
-0.052597
-0.133301
-0.148834
-0.0267639
0.0532227
-0.0207977
0.0378418
0.0645599
0.0289154
-0.0274506
-0.0296936
-0.019455
-0.0083313
-0.0468445
-0.0346222
-0.0235291
-0.017395
-0.0439301
-0.0222321
-0.0292206
-0.0946808
-0.0749359

[3]
-0.0552368
-0.163956
-0.224777
-0.293045
-0.404083
-0.474075
-0.589355
-0.92276
-1.10486
-0.587891
-0.933868
-0.63678
-0.0971527
0.296707
-0.0381317
0.199203
0.476135
0.541916
0.541534
0.516891
0.496811
0.485153
0.417801
0.290817
0.12439
-0.146652
-0.407639
-0.770859
-1.05275
-1.08543
-1.10526
-0.866013
-0.864594
-0.11618
-0.364105
-0.802521
-0.240784
-0.328506
-0.402908
-0.0109558
-0.181946
-0.0240631
-0.0432892
0.00740051
-0.0508118
-0.0512085
0.000534058
0.0104218
-0.00808716
-0.0502472

[4]
-0.0214844
0.013031
0.00892639
0.0253448
0.0609894
0.116241
0.001297
-0.0622101
-0.142059
-0.131058
-0.152115
-0.114914
-0.198929
-0.299637
-0.372528
-0.41008
-0.559113
-0.922958
-1.10036
-0.873581
-1.05475
-0.884933
-0.338196
0.260895
-0.133118
0.306168
0.511047
0.624115
0.690704
0.612228
0.52504
0.487259
0.455856
0.351578
0.11084
-0.164429
-0.612503
-1.0603
-1.10693
-1.15593
-1.19571
-0.742203
-0.399857
-1.08243
0.0320282
0.198364
-0.751953
-0.591003
-0.15654
-0.214096

[5]
-0.218338
-0.216034
-0.0894012
-0.045929
-0.121216
-0.00640869
-0.0209503
0.013855
0.00343323
-0.0227356
-0.0250854
-0.0304108
-0.0078125
-0.0116425
-0.0237427
-0.0176392
-0.0366821
-0.0639191
-0.0738678
-0.0890198
-0.129669
-0.153824
-0.268448
-0.343857
-0.519394
-0.765884
-0.986542
-1.09697
-1.04774
-0.876373
-0.767319
-0.127609
0.224442
0.0227203
0.162155
0.562454
0.645035
0.69371
0.608856
0.546921
0.50563
0.454071
0.320969
0.146393
-0.147964
-0.571808
-1.0721
-1.12173
-1.17284
-1.21227

[6]
-0.893524
-0.380203
-0.53688
0.350845
-0.883057
-0.67395
-0.284683
-0.402878
-0.11879
-0.353882
-0.0111237
-0.0783844
-0.0415497
-0.0295715
-0.0105438
-0.0015564
-7.62939e-05
0.000839233
-0.020401
-0.0167084
0.00166321
-0.00257874
-0.0483551
-0.0681458
-0.0798798
-0.0544586
-0.0637054
-0.0859528
-0.112564
-0.179184
-0.184937
-0.273575
-0.304794
-0.538177
-0.907639
-1.08928
-0.85936
-0.93428
-0.938416
-0.292969
0.204956
-0.00398254
0.365494
0.528275
0.668518
0.714752
0.651382
0.604706
0.536484
0.459122

[7]
0.401245
0.231964
-0.0207367
-0.337967
-0.861191
-1.08054
-1.12717
-1.17038
-0.986099
-0.670578
-0.347733
-0.353302
-0.036026
-0.452393
-0.88768
-0.313248
-0.175339
-0.132034
-0.0676422
-0.0786438
-0.0171204
-0.156342
-0.0894775
0.00494385
-0.00761414
0.0138397
-0.0222473
-0.00428772
-0.0241394
-0.018219
-0.0463409
-0.00935364
-0.0404663
-0.0473938
-0.0414124
-0.0465546
-0.0428925
0.00370789
0.000579834
-0.0574341
-0.103195
-0.183762
-0.246979
-0.340057
-0.651138
-1.07582
-1.08482
-0.989777
-1.10361
-0.819885

[8]
-0.0462036
0.0756531
0.324554
0.341934
0.48494
0.581787
0.602112
0.576019
0.565292
0.572815
0.490189
0.348022
0.163483
-0.136642
-0.544403
-0.829697
-1.09868
-1.14369
-1.0146
-0.841431
-0.497421
-0.7948
-0.232574
-0.00349426
-0.795425
-0.457489
-0.477966
-0.254333
-0.0409546
-0.113998
-0.0643311
-0.110809
-0.0248108
-0.0234528
0.0362091
0.0327911
-0.0255127
-0.0284882
-0.017746
0.0156555
0.0121155
0.0216675
-0.0218353
-0.0486603
-0.0468597
-0.0805054
-0.0826569
-0.0866852
-0.128281
-0.12059

[9]
-0.188278
-0.258331
-0.283508
-0.464966
-0.678513
-1.06929
-1.07919
-1.04333
-0.841629
-0.376617
0.0937805
0.000915527
0.287994
0.21022
0.571014
0.636017
0.632172
0.607452
0.558319
0.521317
0.476288
0.332245
0.10231
-0.212234
-0.752945
-1.08224
-1.13251
-1.17928
-1.0489
-0.68663
-0.508331
-0.335526
0.196152
-0.813522
-0.280533
-0.691223
-0.0982666
-0.162125
-0.0950012
-0.0098877
-0.148438
-0.0592194
-0.0353851
0.0443268
0.022171
0.00456238
-0.0317078
-0.0256653
0.00473022
-0.0139618

[10]
-0.00726318
-0.0374756
-0.0486908
-0.0336456
-0.0606384
-0.058197
-0.101425
-0.14444
-0.201584
-0.270386
-0.289902
-0.415283
-0.632599
-1.06467
-1.07414
-0.724609
-0.86322
-0.586304
-0.0584564
0.213516
0.208023
0.338364
0.391373
0.574234
0.67038
0.666107
0.654724
0.566803
0.509491
0.44165
0.26796
0.0224457
-0.341568
-0.786545
-1.08983
-1.14104
-1.18718
-0.996063
-0.609512
-0.87941
-0.202484
0.234665
-0.746735
-0.718536
-0.427063
-0.425751
-0.00244141
-0.106659
-0.0311279
-0.0887604

[11]
-0.113571
-0.00242615
0.016983
-0.00672913
-0.0175476
-0.0369568
-0.0166931
-0.0138092
-0.00805664
-0.0162811
-0.0227356
-0.0306396
-0.0410767
-0.060791
-0.0804291
-0.0570526
-0.0759735
-0.123169
-0.249054
-0.318878
-0.352554
-0.468567
-0.768585
-1.07465
-1.08597
-1.02939
-0.85527
-0.513565
0.190643
-0.0326996
0.312271
0.458008
0.622314
0.709198
0.705841
0.6689
0.628876
0.56636
0.465225
0.328537
0.10939
-0.198318
-0.565796
-1.08566
-1.13869
-1.18907
-1.08171
-0.738007
-0.579956
-0.402603

[12]
0.200989
-0.674118
-0.701553
-0.537354
-0.267136
0.00344849
-0.195312
-0.0273438
-0.0915375
-0.0949554
-0.0489197
0.00262451
-0.00349426
-0.0146484
0.0295868
0.00637817
-0.00497437
-0.0401459
-0.00836182
-0.01474
-0.0362854
-0.0500488
-0.0638733
-0.0702667
-0.0721283
-0.100754
-0.18396
-0.315308
-0.3078
-0.465958
-0.627457
-1.06168
-1.06992
-0.921158
-0.737671
-0.520813
-0.129089
0.266907
0.194809
0.379272
0.499908
0.643433
0.703171
0.651489
0.649582
0.57338
0.510559
0.426834
0.239578
0.00328064

[13]
-0.33548
-0.934052
-1.10155
-1.15407
-1.18315
-1.10291
-0.688873
-0.608215
-0.198257
-0.369873
-0.751312
-0.298157
-0.263
-0.0343933
-0.228882
-0.0325928
-0.0749817
-0.103821
-0.0528107
0.045105
0.022934
0.0257263
-0.00244141
-0.0430145
-0.0118866
-0.00120544
-0.0305634
-0.0447388
-0.0778503
-0.061203
-0.071991
-0.0778809
-0.105133
-0.162201
-0.237137
-0.257629
-0.348694
-0.479324
-0.860168
-1.07625
-1.08797
-0.881363
-0.790237
-0.348312
0.234894
0.181458
0.291946
0.485123
0.719955
0.725159

[14]
0.663483
0.651978
0.617371
0.536575
0.443451
0.301254
0.0914001
-0.217163
-0.765259
-1.08885
-1.14122
-1.18808
-1.11252
-0.436188
-0.729736
-0.0879517
0.259857
-0.756775
-0.331268
-0.593628
-0.105713
-0.144318
-0.0900269
-0.0730133
-0.105179
-0.0367889
-0.0253754
0.0198517
0.00466919
0.0317383
0.0111542
-0.0129395
-0.0176849
-0.00640869
-0.01474
-0.0195618
-0.0301971
-0.0180206
-0.0532684
-0.0562134
-0.0740356
-0.147751
-0.171234
-0.27356
-0.267746
-0.39946
-0.64122
-1.03555
-1.07265
-1.08163

[15]
-0.676422
-0.38559
-0.128464
0.186432
0.134293
0.28479
0.514389
0.628571
0.717575
0.667633
0.630112
0.582474
0.495941
0.427078
0.277573
0.0740662
-0.216858
-0.714188
-1.07121
-1.11884
-1.16295
-0.940643
-0.794037
-0.288483
-0.449966
0.175491
-0.390182
-0.781662
-0.658981
-0.178848
-0.0503082
-0.134537
-0.0771332
-0.113373
-0.0701447
-0.033783
0.0597229
-0.0214996
0.00552368
-0.00822449
-0.0118561
0.00445557
0.00300598
-0.0142059
-0.0413971
-0.0343628
-0.0294037
-0.0390472
-0.0617218
-0.0724182

[16]
-0.137543
-0.131943
-0.201797
-0.248795
-0.381729
-0.638901
-0.913879
-1.07462
-1.08414
-0.685806
-0.541306
-0.154861
0.160751
0.293961
0.234833
0.424316
0.584442
0.667404
0.667114
0.592865
0.583694
0.49588
0.393234
0.284622
0.0795898
-0.191422
-0.664902
-1.06723
-1.11415
-1.16028
-0.858994
-0.770615
-0.354889
-0.405655
-0.220428
-0.39328
-0.851654
-0.362839
-0.159546
-0.0870514
-0.102234
-0.12587
-0.0585175
-0.116943
-0.0737762
0.0162201
0.000915527
0.0154724
0.0343323
-0.00325012

[17]
-0.0404053
0.00904846
0.0151825
-0.00587463
-0.0417175
-0.0413055
-0.011734
-0.029068
-0.0463562
-0.0533295
-0.0644531
-0.101379
-0.149658
-0.215042
-0.231964
-0.341827
-0.452286
-0.771118
-1.07288
-0.953461
-0.860413
-0.706223
-0.528015
-0.016861
0.286224
0.235596
0.373566
0.427017
0.510849
0.649307
0.639771
0.633209
0.548126
0.462112
0.38913
0.251587
0.0400543
-0.0869904
-0.830994
-1.0862
-1.13336
-1.17535
-1.02219
-0.599411
-0.405487
-0.266098
-0.234711
-0.646988
-0.275879
-0.342026

[18]
-0.141312
-0.0931091
-0.114182
-0.0722809
-0.0751953
-0.0721588
-0.0225983
-0.00376892
-0.0211029
0.0310669
0.0259399
0.0098114
-0.0131683
0.00363159
-0.00257874
-0.0363159
-0.0458832
-0.0232849
-0.0275574
-0.0457916
-0.0529938
-0.0868988
-0.143784
-0.202286
-0.238144
-0.3116
-0.466782
-0.600098
-1.0517
-1.07063
-0.970505
-0.734116
-0.503632
-0.116745
0.243073
0.173538
0.336105
0.509628
0.618057
0.67897
0.688507
0.644287
0.58934
0.536453
0.421143
0.258255
0.0797272
-0.271088
-0.805664
-1.08041

[19]
-1.12759
-1.16949
-0.996109
-0.593918
-0.497803
-0.138519
0.401138
-0.448929
-0.539352
-0.310623
-0.314987
-0.0244141
-0.0897827
-0.0517426
-0.0824127
-0.0839691
-0.053833
0.028717
-0.0317535
-0.0157166
-0.0225983
-0.00115967
-0.0137024
-0.00816345
-0.0104523
-0.0304413
-0.0264282
-0.0281372
-0.0433502
-0.0480652
-0.0715485
-0.0693817
-0.109589
-0.178146
-0.282745
-0.329514
-0.443985
-0.772934
-1.06673
-1.07719
-0.756653
-0.548782
-0.417526
0.0827026
0.40004
0.341125
0.51387
0.589767
0.765625
0.7939

[20]
0.675674
0.633347
0.523544
0.40126
0.245621
-0.0162354
-0.322876
-0.75769
-1.0585
-1.09692
-1.13475
-0.880646
-0.568817
-0.256271
-0.711716
-0.168411
-0.041748
-0.15387
-0.508469
-0.49321
-0.218628
-0.0106659
0.0172577
-0.0829315
-0.0726929
-0.130615
-0.103256
-0.0241852
0.00553894
-0.00506592
0.00401306
-0.0235596
-0.021347
-0.00993347
-0.00379944
-0.0163574
-0.015152
-0.0131073
-0.0378265
-0.0566101
-0.0293579
-0.031723
-0.0534821
-0.0819855
-0.10054
-0.204636
-0.267715
-0.280502
-0.465836
-0.623734

[21]
-1.07152
-1.08025
-0.87146
-0.682373
-0.439575
-0.0291595
0.37468
0.300049
0.412415
0.522919
0.610199
0.660034
0.667419
0.623276
0.53569
0.484131
0.355026
0.185059
-0.0503235
-0.362961
-0.872543
-1.07933
-1.12361
-1.16327
-0.881424
-0.488068
-0.457809
-0.536346
0.19632
-0.399612
-0.388962
-0.395874
-0.0763855
0.000442505
-0.0695648
-0.0608521
-0.0817566
-0.0569
-0.0784454
0.0147552
-0.0166931
-0.0231323
-0.00184631
-0.0138245
0.00593567
0.0177612
-0.00105286
-0.00918579
-0.0458527
-0.0375977

[22]
-0.0370789
-0.0401917
-0.0292969
-0.065033
-0.0927429
-0.136536
-0.193115
-0.225983
-0.323059
-0.52803
-0.71463
-1.06146
-1.07037
-0.740402
-0.469513
-0.25563
0.114609
0.275589
0.359329
0.416763
0.52681
0.601273
0.67955
0.644104
0.622726
0.547241
0.450912
0.342941
0.180161
-0.101807
-0.502106
-1.05322
-1.09346
-1.13831
-1.07756
-0.854736
-0.575287
-0.506088
-0.195282
0.197113
-0.373489
-0.328445
-0.39212
-0.0785065
-0.103439
-0.0661774
-0.0317688
-0.0765228
-0.0829926
0.00579834

[23]
0.0121765
-0.0341492
-0.0144348
-0.00976562
-0.0157776
0.00393677
-0.000442505
-0.035141
-0.0164337
-0.0312195
-0.0379791
-0.0307312
-0.0536652
-0.0311127
-0.065033
-0.110992
-0.159317
-0.235199
-0.293427
-0.479645
-0.603271
-1.06311
-1.07204
-1.0518
-0.739441
-0.464935
-0.1008
0.308319
0.203644
0.490112
0.587967
0.63327
0.729401
0.673843
0.622864
0.558258
0.486221
0.360764
0.205887
0.0122986
-0.315765
-0.803528
-1.08301
-1.12982
-1.17114
-0.94545
-0.50885
-0.503433
-0.178055
0.233261

[24]
-0.635696
-0.687592
-0.395676
-0.231308
0.1474
-0.0493011
-0.078949
-0.0978394
-0.121719
-0.0730896
-0.00686646
0.0171051
0.019165
-0.00732422
-0.0018158
-0.0140381
0.00816345
0.00476074
0.011734
-0.0151672
-0.0353088
-0.00944519
-0.00141907
-0.0329132
-0.0518036
-0.0337982
-0.118179
-0.160553
-0.235657
-0.254486
-0.337097
-0.476517
-0.70787
-1.06604
-0.813797
-0.851196
-0.660675
-0.564301
0.0357513
0.240601
0.161575
0.314606
0.527359
0.591049
0.663803
0.638412
0.640076
0.562943
0.475403
0.370972

[25]
0.185791
-0.100739
-0.519653
-1.03716
-1.10277
-1.14969
-1.07642
-0.897827
-0.476089
-0.704071
-0.154572
0.158188
-0.410721
-0.745331
-0.269989
-0.289001
-0.0834198
-0.051178
-0.133209
0.0317841
-0.0852966
-0.089798
-0.0211029
0.00410461
-0.00512695
0.0141296
0.0177917
-0.0098114
-0.0175476
0.00527954
0.0418701
0.0246124
-0.0693665
-0.0738525
-0.0594177
-0.0668488
-0.0220947
-0.0380859
-0.0595245
-0.119934
-0.166336
-0.175995
-0.212051
-0.262314
-0.494278
-0.768921
-1.06845
-0.912888
-0.830734
-0.692627

[26]
-0.448792
-0.0834045
0.193558
0.137589
0.296478
0.459366
0.527802
0.607452
0.64183
0.638718
0.539841
0.482956
0.388504
0.210129
-0.02771
-0.314072
-1.00017
-1.08577
-1.13625
-1.18011
-0.922531
-0.60582
-0.778595
-0.103516
0.428513
-0.649551
-0.619659
-0.330643
-0.398056
-0.143631
-0.17337
-0.0769196
-0.0821533
-0.0722504
-0.0446014
0.0354004
-0.0174255
0.0235291
-0.00773621
-0.0131836
-0.0263672
-0.0192871
-0.0197601
-0.0391846
-0.0234985
-0.0478058
-0.030777
-0.0584412
-0.0557404
-0.0431519

[27]
-0.0631714
-0.102036
-0.167191
-0.19429
-0.227188
-0.361252
-0.47345
-0.832977
-1.07404
-0.664429
-0.526779
-0.679428
-0.289261
-0.00247192
0.139801
0.301743
0.3237
0.509766
0.581772
0.623428
0.614975
0.573898
0.483429
0.425461
0.301758
0.085968
-0.18045
-0.621536
-1.05016
-1.09148
-1.13405
-1.13144
-0.540085
-0.408737
-0.471512
-0.284637
0.316391
-0.366821
-0.331512
-0.358093
-0.0671997
-0.0661163
-0.0666656
-0.0191803
-0.113892
-0.0694427
-0.00439453
0.0289459
-0.0296478
-0.0351868

[28]
-0.029541
-0.00770569
0.0164337
0.00274658
-0.0171814
0.000808716
-0.0141449
-0.0327759
-0.060257
-0.0381775
-0.0208588
-0.0375366
-0.0686646
-0.085968
-0.128586
-0.211624
-0.278076
-0.371582
-0.54129
-0.824326
-1.07028
-0.853363
-0.83139
-0.332352
-0.287109
0.299088
0.145187
0.398956
0.617722
0.593933
0.706558
0.667862
0.607346
0.539062
0.449127
0.338196
0.106506
-0.13765
-0.446747
-0.776535
-1.05103
-1.02806
-0.886368
-0.701126
-0.575333
-0.333817
-0.233337
-0.298813
-0.195389
-0.0848389

[29]
-0.145889
-0.370148
-0.45134
-0.161346
-0.0904694
0.0229034
-0.115204
-0.118301
-0.0617828
-0.0566864
-0.039505
0.00146484
-0.0175171
-0.0318756
-0.0184174
0.00411987
0.0145264
0.0100708
0.0186615
-0.00767517
-0.017334
-0.0453186
-0.0155334
-0.0291443
-0.000305176
-0.0539551
-0.0592957
-0.0980988
-0.114304
-0.194839
-0.25589
-0.369232
-0.557251
-0.709198
-1.01216
-0.987732
-0.76619
-0.696136
-0.513733
0.120499
0.340836
0.0757599
0.248352
0.495468
0.527618
0.533447
0.523407
0.506012
0.443558
0.348251

[30]
0.20694
0.0251617
-0.201965
-0.607285
-0.984848
-1.10873
-1.14815
-0.895218
-0.69632
-0.420532
-0.578186
-0.136719
-0.0310822
-0.440826
-0.641907
-0.17804
-0.158325
-0.0824738
-0.0663452
-0.0277405
0.0273438
-0.0988159
-0.0654755
-0.0091095
-0.0322876
-0.037735
-0.0360565
0.0059967
0.00138855
0.0231171
0.00646973
-0.0129242
-0.00669861
-0.033844
-0.0245361
-0.0379944
-0.0717468
-0.0540161
-0.0300751
-0.0655212
-0.0970001
-0.149139
-0.182922
-0.248093
-0.322693
-0.542847
-0.78215
-1.0687
-1.0793
-0.859268

[31]
-0.500046
-0.43428
0.0383301
0.443192
0.16832
0.383438
0.595428
0.725708
0.750168
0.684952
0.620087
0.525024
0.409042
0.263672
-0.00979614
-0.0520325
-1.00223
-1.07535
-1.11972
-1.15924
-0.906586
-0.610336
-0.53302
-0.310791
0.354874
-0.783279
-0.628387
-0.687027
-0.134232
-0.04953
-0.0644226
-0.0227509
-0.00270081
-0.0704956
-0.0620728
-0.037735
0.0352478
0.0141907
-0.0130005
0.00283813
-0.0276337
-0.0149536
-0.00798035
3.05176e-05
-0.000427246
-0.0194244
-0.0136414
-0.0137787
-0.0289307
-0.0351868

[32]
-0.0552521
-0.0957794
-0.150253
-0.175034
-0.215393
-0.240295
-0.325577
-0.470734
-0.884155
-1.06378
-0.912949
-0.945877
-0.639908
-0.569092
0.142944
0.366882
0.428696
0.428604
0.563019
0.699402
0.775024
0.687943
0.642059
0.533661
0.425812
0.308456
0.118927
-0.242996
-0.746841
-1.04767
-1.08463
-1.12285
-0.826874
-0.647812
-0.3423
-0.368271
-0.297897
-0.116302
-0.0437622
-0.425476
-0.723038
-0.375961
-0.062851
0.0135803
-0.0891876
-0.0839386
-0.0831299
-0.117722
-0.00735474
-0.00476074

[33]
0.00334167
-0.0232086
-0.00637817
0.00308228
-0.00434875
-0.00590515
0.0265808
-0.0355225
-0.0460205
-0.029068
-0.0136261
0.00473022
-0.0623169
-0.0639801
-0.0708466
-0.155975
-0.21347
-0.223007
-0.326202
-0.565826
-0.801163
-1.06956
-0.871078
-0.752197
-0.656479
-0.424942
0.0213623
0.30191
0.247986
0.373856
0.530319
0.579407
0.677628
0.646149
0.572296
0.4711
0.352463
0.207947
0.0426331
-0.164764
-0.475784
-0.844345
-1.09697
-1.13913
-1.11516
-0.766663
-0.522415
-0.252167
-0.654495
0.0660553

