[1]
-2.29205
-1.17358
-1.57597
1.40598
-0.0713348
-0.697617
-0.627838
-0.16655
-0.103775
-0.343384
-0.160736
-0.154892
-0.0646057
-0.0301971
-0.0140686
-0.0105286
-0.00515747
-0.0148163
-0.0293884
-0.0412445
-0.000823975
0.0438995
0.0295258
-0.0258484
-0.0160522
-0.037384
-0.0453949
-0.0238342
-0.0155945
-0.0371552
-0.0158691
0.0347748
0.0502167
0.0250702
0.0598755
0.0924225
0.165009
0.128433
0.387924
0.937744
1.12666
0.866714
1.00587
0.496841
0.204727
0.00753784
0.218262
0.676483
0.914337
0.781387

[2]
0.549103
0.494202
0.498749
0.5112
0.445023
0.270996
0.134186
-0.171066
-0.360703
-0.572174
-0.967087
-1.18419
-1.29733
-2.1131
-2.23454
-1.38525
-1.20062
-1.0696
-0.958908
-0.756241
1.49443
1.49551
-1.33278
0.748871
-1.05244
-0.259949
-0.151688
-0.158997
-0.357346
-0.29451
-0.136688
0.0364532
0.0957947
0.0513153
-0.00917053
0.0855713
0.0858765
0.0399475
-0.0361328
0.0232544
0.0132141
-0.0271301
-0.014679
0.00524902
0.0285034
-0.012146
-0.0237122
0.0116119
0.0108948
0.00274658

[3]
0.105789
0.089859
0.133636
0.117035
0.117798
0.216064
0.315918
0.436829
0.916504
1.38907
0.435516
0.984207
0.625641
0.46373
-0.148651
0.263809
0.916107
0.956268
0.706512
0.519867
0.382523
0.34523
0.311752
0.243927
0.17746
0.143127
-0.0709839
-0.248978
-0.678162
-1.00082
-1.31099
-1.57326
-2.56689
-2.02281
-1.81403
0.439423
0.366989
-0.471512
-0.278046
-0.307434
-0.354813
-0.330475
-0.0897064
0.0510406
0.0178375
-0.0397797
0.00816345
-0.0253448
0.00187683
-0.0482941

[4]
-0.0167542
0.0297699
0.0819244
0.0865021
0.155685
0.111404
-0.0977783
-0.0879974
-0.122101
-0.0733643
-0.00575256
0.0718689
0.134903
0.132629
0.171677
0.189072
0.238449
0.415771
0.686539
1.75711
0.965622
1.1306
0.921173
0.686813
0.035965
0.250885
0.640427
1.02606
0.707184
0.561035
0.321579
0.270142
0.326218
0.254135
0.146469
0.0350647
-0.132309
-0.619095
-1.14638
-1.90097
-2.20753
-2.62076
-2.51863
-1.25746
0.860504
1.06241
-1.10097
-0.181549
-0.497498
-0.388016

[5]
-0.442322
-0.461288
-0.197525
-0.104187
-0.0620422
-0.00657654
-0.0676117
-0.0301819
-0.0962677
-0.0926971
-0.116592
-0.11763
-0.0482483
-0.0345154
-0.0437317
-0.0471954
-0.0422363
-0.0474396
-0.006073
0.0309753
0.130386
0.0946045
0.0883179
0.10257
0.184631
0.371964
0.38324
1.33357
1.27286
0.611206
0.720505
1.00688
0.313644
-0.0652618
0.188126
0.785507
1.00368
0.710144
0.539764
0.364853
0.197189
0.165009
0.103683
0.0606232
-0.0312805
-0.374741
-0.69162
-1.20035
-1.96611
-2.27449

[6]
-2.634
-2.47224
-0.414658
1.45193
-0.800629
-0.304749
-0.554962
-0.498428
-0.520142
-0.544693
-0.27623
-0.00201416
0.00389099
-0.0211182
-0.00578308
-0.00390625
0.0286102
0.0257721
-0.0301971
-0.0544739
-0.0362701
-0.0128174
-0.043808
-0.0863647
-0.0907288
-0.0796356
-0.00146484
-0.00253296
0.0826263
0.0788574
0.175522
0.146332
0.13533
0.237427
0.0958862
0.803101
2.3466
0.835083
0.807007
1.08862
0.180679
-0.288284
-0.00384521
0.411926
0.878204
0.800613
0.628525
0.49202
0.288528
0.185806

[7]
0.23468
0.23111
0.0890961
-0.025238
-0.506851
-1.01392
-1.62288
-1.94542
-2.40785
-2.61542
-1.91461
-0.521118
1.4845
-0.663986
-0.78067
-0.376373
-0.38208
-0.277451
-0.365494
-0.23111
-0.0555115
-0.160416
-0.0547333
0.0527344
-0.017746
0.0285339
0.00509644
0.0319824
0.0235596
-0.0880585
-0.0827789
0.00346375
-0.0344543
-0.0137329
0.0104218
0.00897217
-0.00611877
0.0396881
0.0942841
0.0824585
0.128876
0.122284
0.079361
0.13327
0.171082
0.360291
1.95769
1.60773
0.0827332
0.998627

[8]
1.16425
0.549911
-0.158493
0.268326
0.532974
0.524261
0.524429
0.424149
0.408401
0.343124
0.304047
0.289001
0.216202
0.0901642
-0.188416
-0.82251
-1.42303
-1.82713
-1.73758
-2.36708
-2.61432
-1.58803
1.20039
0.722519
-1.2885
-0.0518799
-0.887756
-0.212814
-0.632294
-0.415421
-0.160904
-0.0548706
0.0247803
-0.0263214
0.0275421
-0.0607452
-0.049881
-0.0778503
-0.0658722
-0.0119781
0.0644379
0.0428314
-0.0379944
-0.0689697
-0.0755615
-0.139786
-0.110016
-0.0666046
-0.00192261
0.0930023

[9]
0.201996
0.151794
0.152817
0.200531
0.276443
0.892258
1.78604
0.587708
0.827652
0.946167
0.662048
0.108795
0.0625153
0.226349
0.818787
0.871735
0.640732
0.531036
0.308334
0.188492
0.1772
0.150116
0.0817261
-0.0594482
-0.302216
-0.987503
-1.5004
-2.05444
-2.05753
-2.62985
-2.0609
0.656982
0.279037
-1.38533
-0.224792
-0.852432
-0.245499
-0.638458
-0.395599
-0.159134
-0.167648
-0.0536041
-0.0248871
0.0549927
0.0942688
0.015686
-0.0471039
-0.0883484
-0.0807037
-0.060257

[10]
-0.0912781
-0.0802917
-0.0901794
-0.0726624
-0.0984497
-0.0592651
-0.0194855
0.0643768
0.0690155
0.0656891
0.0836182
0.16832
0.278519
0.294693
1.49319
1.47456
0.333282
0.915405
1.02377
0.330032
-0.195206
0.0858917
0.248398
0.74826
0.749527
0.613968
0.504913
0.315521
0.178589
0.210861
0.208649
0.0879364
-0.0590057
-0.27681
-1.0226
-1.50832
-1.93202
-2.44852
-2.63136
-1.78404
0.275208
1.45026
-1.37827
-0.391449
-0.8013
-0.325562
-0.553268
-0.374405
-0.123611
-0.154541

[11]
-0.0892792
-0.0444641
-0.0270691
-0.0122223
-0.0365295
-0.0535583
-0.0493927
-0.0579987
-0.0351105
-0.0575409
-0.0851898
-0.10379
-0.0607147
-0.112885
-0.10022
-0.0648651
0.0328827
0.0736694
0.0896301
0.0638733
0.0759735
0.147629
0.220276
0.734161
2.05887
1.19704
0.418442
0.875183
0.61908
0.00495911
-0.0580292
0.348618
0.751175
0.754089
0.530777
0.459824
0.349747
0.225571
0.15451
0.145523
0.118042
0.0315857
0.30629
-0.755264
-1.40047
-1.90877
-2.36189
-2.64655
-1.71149
0.517014

[12]
1.43333
-1.27275
-0.447281
-1.09871
-0.281509
-0.478699
-0.392273
-0.190277
-0.228149
-0.0870667
-0.0142212
-0.026825
-0.106735
-0.106232
-0.0240021
-0.0254974
-0.098114
-0.0920715
-0.0426025
-0.0152435
-0.081604
-0.105011
-0.129578
-0.0603485
-0.0363617
-0.00869751
0.0439301
0.0512543
0.0892487
0.163528
0.241348
0.0892639
0.764359
2.03406
0.891464
0.856644
0.543503
0.0522003
-0.152328
0.230774
0.584091
0.923492
0.689133
0.56369
0.442886
0.26741
0.205215
0.211578
0.128464
-0.000534058

[13]
0.0168152
-0.740707
-1.04509
-1.81259
-2.16121
-2.63194
-2.62962
-1.15521
1.44705
-0.706985
-0.89328
-0.727066
-0.479889
-0.563171
-0.569733
-0.10997
-0.115662
-0.0377502
-0.0491638
0.0569916
0.015213
0.0531616
-0.0428772
-0.0665588
-0.0578308
-0.0676727
-0.0635223
-0.0940857
-0.113831
-0.103546
-0.0696716
-0.022583
0.0142975
0.089386
0.105347
0.116302
0.152679
0.202164
0.218552
0.500626
2.25551
1.41864
0.662827
0.900894
0.592102
-0.115005
-0.0690918
0.04216
0.617081
0.871048

[14]
0.644775
0.537079
0.365448
0.137619
0.0830688
0.175797
0.142044
0.140045
-0.260956
-0.922958
-1.65939
-2.03299
-2.59787
-2.62936
-1.36612
1.44493
-0.19696
-0.933701
-0.161758
-0.731384
-0.443649
-0.537979
-0.373642
-0.107834
-0.139557
-0.0579681
-0.0456848
0.000396729
-0.00791931
0.0412598
-0.00950623
-0.0883179
-0.0966644
-0.050827
-0.0377808
-0.0693207
-0.0534515
-0.083725
-0.0736847
-0.0335846
-0.0098114
0.0370178
0.0624695
0.0675049
0.0942841
0.13327
0.228699
0.113693
0.678146
1.74286

[15]
1.20769
1.09612
0.6978
0.209976
-0.249191
0.149261
0.413834
0.824829
0.692108
0.571289
0.469788
0.337631
0.19751
0.182327
0.118332
0.062912
0.0304718
-0.187424
-0.584137
-1.55325
-1.93967
-2.15573
-2.60782
-1.71217
0.190353
1.36842
-1.06587
-0.542648
-0.768005
-0.120728
-0.558075
-0.37973
-0.108032
-0.15741
-0.0505219
-0.0524445
0.0515594
-0.0791016
0.0085144
-0.0221405
-0.052063
-0.0879669
-0.0506592
-0.0261078
-0.0514069
-0.0655518
-0.0583496
-0.0478058
-0.0119476
-0.0072937

[16]
0.0201721
0.0455627
0.0713043
0.113373
0.102829
0.227356
0.0901794
0.500778
1.7012
1.11092
0.922195
0.704971
0.526398
0.0606842
0.0104065
0.0653992
0.558655
0.910339
0.657852
0.600708
0.447937
0.222412
0.1091
0.178772
0.135513
0.0202332
-0.093399
-0.599274
-1.2798
-1.62917
-1.87538
-2.61977
-2.0663
-1.02025
1.46358
-0.788574
-0.810501
-0.376022
-0.282043
-0.328262
-0.377914
-0.277542
-0.120041
-0.135468
-0.102768
-0.00604248
-0.0142822
0.0522156
0.0827179
-0.0389557

[17]
-0.105316
-0.110077
-0.0171814
-0.0228729
-0.0721436
-0.0706177
-0.0547485
-0.0899811
-0.0623322
-0.0632477
-0.011322
0.0153656
0.070755
0.0798645
0.0730743
0.0665283
0.137756
0.157242
0.57164
1.5733
1.01672
0.347183
0.84996
0.85202
0.193726
-0.165054
0.199524
0.416489
0.741623
0.599258
0.518234
0.465591
0.342636
0.235443
0.171188
0.14119
0.0370789
0.15097
-0.357788
-1.02892
-1.56128
-1.8848
-2.29591
-2.60725
-1.59894
1.4628
-0.381683
-0.653549
-0.198257
-0.539124

[18]
-0.409714
-0.508682
-0.323059
-0.151459
-0.10434
-0.0545349
-0.0332336
-0.0345001
-0.0396271
0.0032959
-0.00370789
-0.0493164
-0.0906219
-0.0637512
-0.0457916
-0.0930939
-0.0488281
-0.023056
0.00437927
-0.0309753
-0.00215149
0.0486145
0.0142059
0.0233765
0.018692
0.0536957
0.142044
0.112213
0.345657
1.07108
1.25354
0.886108
0.913574
0.685089
0.354416
-0.0872955
0.136536
0.395691
0.756668
0.591248
0.513657
0.418365
0.309982
0.271881
0.208755
0.163071
0.10083
-0.0401917
-0.310471
-0.685928

[19]
-1.52689
-1.84041
-2.59341
-2.59402
-1.07585
1.4809
0.613724
-0.987366
-0.281631
-0.714096
-0.44751
-0.429733
-0.293518
-0.0551147
-0.117294
-0.120834
-0.0408478
0.014267
-0.0547485
-0.00724792
-0.107468
-0.0781555
-0.0797272
-0.0922546
-0.0792694
-0.0619202
-0.0843353
-0.0859375
-0.120926
-0.090744
-0.0477295
-0.0085144
0.0591888
0.105789
0.108826
0.107315
0.175903
0.152176
0.213516
1.37497
1.53081
0.92128
0.869827
0.605759
0.146469
-0.211853
-0.0242767
0.394775
0.871429
0.756378

[20]
0.618469
0.501617
0.259918
0.166107
0.219193
0.210663
0.110184
-0.133301
-0.653198
-1.23431
-1.67375
-1.84882
-2.19057
-1.82349
-1.11449
-0.591949
1.12268
0.0280609
-0.544922
-0.541031
-0.210709
-0.167618
-0.272339
-0.282486
-0.153442
-0.189026
-0.137024
-0.0754395
-0.0235596
-0.0220642
-0.00836182
-0.105545
-0.102448
-0.0503387
0.0088501
-0.0356445
-0.0860443
-0.0931396
-0.0786896
-0.0771332
-0.0973663
-0.0497589
0.0180817
0.0449829
0.0992889
0.096817
0.0336914
0.0558929
0.176422
0.101273

[21]
0.453918
1.29218
1.01579
0.322021
0.820801
0.77742
0.111694
-0.0324249
0.0974884
0.440338
0.762482
0.62645
0.506271
0.414276
0.230057
0.221802
0.250015
0.187195
0.071701
0.0161743
-0.399887
-0.790634
-1.41034
-1.68623
-2.34825
-2.58263
-1.58112
1.13506
0.508774
-0.642822
-0.299179
-0.664642
-0.135208
-0.447433
-0.291306
-0.052475
-0.0672607
-0.0480347
-0.0758209
-0.0113831
-0.0672302
-0.0451965
-0.0639343
-0.131546
-0.10939
-0.148346
-0.0830841
-0.0283356
-0.0206757
0.00349426

[22]
-0.0466461
-0.0596008
-0.033844
-0.00326538
-0.00299072
0.0154419
0.0276337
0.0553284
0.101593
0.193817
0.0918427
0.263657
1.116
1.08281
0.946289
0.83139
0.495102
0.0264282
0.0402374
0.0852051
0.46077
0.774261
0.605194
0.507874
0.421509
0.251541
0.149796
0.19046
0.19075
0.122757
-0.153412
-0.328537
-0.853363
-1.43694
-1.77109
-2.59508
-2.5891
-1.09132
0.822891
0.424454
-1.0175
-0.319427
-0.501511
-0.357315
-0.405762
-0.229874
-0.0251923
-0.0179901
-0.118256
-0.0620422

[23]
-0.0628662
-0.0827332
-0.104309
-0.0890198
-0.0842896
-0.0363007
-0.0540924
-0.0706787
-0.0353851
-0.0241089
-0.0593567
-0.105743
-0.0962219
-0.0427704
-0.00331116
0.0492554
0.0634918
0.0409546
0.120193
0.187195
0.180817
0.213028
0.900772
1.22229
1.12836
0.79924
0.693375
0.25293
0.00553894
-0.216751
0.424408
0.77977
0.632904
0.514709
0.467789
0.3508
0.255386
0.196503
0.171631
0.126678
-0.0545349
-0.0373077
-0.80867
-1.56065
-1.85785
-2.20999
-2.6059
-1.45599
0.822769
1.32683

[24]
-1.38791
-0.466492
-0.767151
-0.0982971
-0.273071
-0.355469
-0.214157
-0.221405
-0.19194
-0.0886841
0.00115967
0.0236664
0.0212097
-0.00831604
-0.00663757
-0.0298615
-0.0624237
-0.0615234
-0.0117798
-0.0284119
-0.0570221
-0.0737305
-0.247971
-0.0646667
-0.0916748
-0.00163269
0.0427704
0.00357056
-0.00508118
-0.037796
0.038208
0.228745
0.13562
0.739471
1.59509
0.685303
0.523071
0.831268
0.860519
0.429016
-0.192749
0.0413361
0.472061
0.660446
0.56636
0.49762
0.36171
0.25
0.230255
0.24559

[25]
0.198975
0.093338
-0.0590515
-0.325134
-0.877335
-1.67422
-1.75308
-2.22707
-2.6145
-1.61697
-0.476593
1.48221
-0.505051
-0.535965
-0.414886
-0.384445
-0.239151
-0.390884
-0.329437
-0.0439148
-0.127167
-0.0839844
-0.0123596
-0.0225525
-0.0435028
-0.0118713
-0.0429535
-0.0754547
-0.0709076
-0.0196838
0.0378876
-0.0134735
-0.148483
-0.124207
-0.0462799
-0.0738983
-0.0933228
-0.0307312
-0.0014801
0.0387878
0.0249939
0.000808716
0.0159302
0.0373535
0.117416
0.130997
0.555099
1.47455
0.908691
0.603729

[26]
0.87886
0.614563
0.101807
0.157257
0.324692
0.652878
0.702438
0.549164
0.505096
0.422501
0.238358
0.20575
0.227127
0.199936
0.0802002
-0.0132751
-0.426437
-0.690811
-1.38472
-2.23476
-2.34511
-2.61288
-1.01913
0.0517578
1.41411
-0.277145
-0.387329
-0.468246
-0.479279
-0.482864
-0.41449
-0.250214
-0.14296
-0.113922
-0.0481415
-0.00721741
-0.0927124
-0.0215607
-0.0451813
-0.0541687
-0.0648499
-0.0305481
-0.0643768
-0.0596466
0.00169373
-0.0738831
-0.119965
-0.10582
-0.0604858
-0.0150757

[27]
0.0142822
0.0236969
0.0356598
0.0291138
0.0382385
0.125046
0.158127
0.0579834
0.344971
1.6955
0.786621
0.754517
0.613007
0.477997
0.197296
0.147476
0.273346
0.584778
0.732178
0.577255
0.495743
0.361267
0.281082
0.288605
0.280472
0.188812
0.0716858
-0.215973
-0.519608
-1.05121
-1.71671
-1.97403
-2.58557
-2.48538
-1.34047
1.12563
-0.0209808
-0.897903
-0.340393
-0.503708
-0.0464783
-0.507553
-0.382675
-0.0699768
-0.132004
-0.119797
-0.074646
-0.0446167
-0.126541
-0.108673

[28]
-0.131256
-0.127029
-0.0545349
-0.0191803
-0.0484924
-0.0249023
-0.00318909
-0.033783
-0.0896149
-0.0748749
-0.067215
-0.0353394
0.0145569
0.0610504
0.0597382
0.0493469
-0.0505066
0.054657
0.190247
0.153046
0.575943
0.940964
0.981461
0.416946
0.550323
0.269852
0.486816
0.154739
0.503006
0.723465
0.582153
0.506714
0.41304
0.305588
0.240829
0.243469
0.210007
0.0758209
-0.16127
-0.302872
-0.709076
-1.11586
-1.34172
-1.32458
-1.50795
-1.51323
-1.27032
-0.755798
-0.38652
0.783264

[29]
0.661865
-0.727783
-0.700302
-0.115219
-0.246414
-0.155685
-0.478302
-0.254654
-0.152496
-0.0984039
-0.0990906
-0.0765533
-0.0979462
-0.0749512
-0.0969238
-0.0674438
-0.00283813
-0.0256958
-0.0131378
-0.040802
-0.0770569
-0.083725
-0.0635986
-0.0189514
-0.0176392
-0.0401917
-0.00750732
-0.00169373
0.0184326
0.039032
0.0462646
-0.0278778
0.189499
0.452271
0.479385
1.14804
0.82933
0.444489
0.648911
0.625336
0.0529785
0.124374
0.339188
1.00616
0.890594
0.500061
0.360367
0.243759
0.226273
0.103561

[30]
0.100128
0.026535
-0.0925598
-0.414398
-0.841217
-1.28841
-1.80412
-1.84227
-2.30209
-2.47482
-1.77429
0.315918
1.50963
-0.827026
-0.627701
-0.226547
-0.318405
-0.330688
-0.332535
-0.0346985
-0.0444336
-0.118195
-0.105835
-0.0172424
-0.0943146
-0.031311
-0.0792084
-0.0860291
-0.0999298
-0.0707855
-0.0679169
-0.0724335
-0.079422
-0.0863953
-0.0234528
-0.0496674
-0.081604
-0.0597382
-0.0018158
0.0216217
0.0444946
0.0140381
-0.00361633
-0.00665283
0.0990448
0.2314
0.234283
0.470505
1.14633
1.18277

[31]
0.825119
0.759338
0.867447
0.175186
-0.296021
0.126312
0.526947
0.887054
0.635986
0.515366
0.38739
0.206848
0.170349
0.218903
0.132965
-0.0281677
-0.294601
-0.791183
-1.47673
-1.85068
-2.2975
-2.59517
-1.56071
-0.242935
1.48
-0.709763
-0.556198
-0.89212
-0.29071
-0.394058
-0.301926
-0.242935
-0.0195312
-0.0956116
-0.140335
-0.0139008
0.0500031
0.0759888
0.0133057
-0.0582733
-0.0803375
-0.0908508
-0.0576477
0.0109253
-0.00434875
-0.0162048
0.00721741
-0.0216064
-0.074234
-0.0645294

[32]
-0.0201111
-0.00588989
-0.0198975
-0.021637
-0.0338593
0.0338287
0.120132
0.04776
0.498322
1.04977
1.59215
0.89325
0.295303
0.768234
1.02867
0.467758
-0.338074
-0.033905
0.0818634
0.634903
0.766708
0.594376
0.508057
0.243088
0.0797272
0.154037
0.244141
0.116501
-0.11145
-0.43837
-1.18221
-1.41241
-1.79843
-2.14087
-2.21884
-1.32089
-0.78891
0.75592
1.15118
-0.621933
-0.882553
-0.288818
-0.158066
-0.302444
-0.309219
-0.0285645
-0.127274
-0.16156
-0.00898743
0.015274

[33]
-0.0336761
-0.0422058
-0.0334015
-0.0390015
-0.0326538
-0.0384369
-0.0499573
-0.0619049
-0.0569153
-0.0777435
-0.0231628
-0.0501099
-0.0356598
0.0513153
0.0655823
0.00401306
-0.057785
0.0352631
0.129044
0.242584
0.161636
0.891022
1.5986
0.64183
0.458496
0.812973
0.754272
0.305099
0.148254
0.0932159
0.52124
0.772385
0.551086
0.484192
0.341339
0.111191
0.146713
0.156555
0.154907
0.0205383
-0.0909882
-0.383972
-0.897842
-1.44643
-1.5968
-2.10907
-2.61351
-1.52382
-0.679138
1.09387

