[1]
-0.512817
-0.7285
-0.709991
0.823196
0.0793915
0.174911
0.16301
-0.302704
-0.374893
0.0101776
0.00895691
-0.0694427
0.029068
0.0465698
-0.000274658
-0.0524902
-0.05513
0.05867
0.0705414
0.0137177
0.0121918
-0.0404053
-0.0248566
0.0417328
0.0814819
0.100601
0.0541534
0.0106049
0.0476532
0.0509338
0.0579376
0.0532227
0.0343933
0.0547943
0.0953674
0.0641937
0.0343933
-0.0169983
0.0384979
0.0202942
0.456238
0.313324
-0.24292
-0.485229
-0.335785
-0.0753326
0.115799
0.259354
0.253433
0.137207

[2]
0.163589
0.228165
0.101791
0.0772552
0.106384
0.00680542
-0.102768
-0.08078
-0.115677
-0.218246
-0.225296
-0.319611
-0.789139
-1.06358
-0.697723
-0.409607
-0.323105
-0.0758057
-0.059906
-0.0951538
0.216293
-0.103485
0.0575562
1.04375
0.576706
-0.0371094
-0.475327
-0.460342
-0.123154
-0.0609741
0.0976105
0.114685
0.0179749
0.00737
-0.102646
-0.0513153
0.126434
0.169907
-0.026062
-0.0574493
0.0496368
0.0528107
0.0197601
0.00717163
0.0232849
0.0170441
0.0113525
0.0137329
-0.00218201
0.0222168

[3]
0.0141907
0.0773926
0.11084
0.112701
0.073761
0.109177
0.0202789
-0.00434875
0.0411682
0.22258
0.247894
-0.0914764
-0.332047
-0.358154
-0.0545349
0.285049
0.323441
0.258774
0.188736
0.174133
0.13208
0.0747528
0.0429382
0.0304871
-0.0300903
-0.0644226
-0.114426
-0.232208
-0.488327
-0.481369
-0.626556
-0.683075
-0.662979
-0.867249
-0.591003
1.4612
0.124191
-0.0889282
0.198349
-0.500946
-0.344055
-0.119751
-0.0323181
0.0869598
0.048233
0.0441589
-0.182739
-0.138809
0.0655212
0.0772705

[4]
0.0114746
-0.0453644
-0.0158539
0.0156403
0.0174866
-0.113983
-0.0599976
0.0574341
0.159836
0.165512
0.070755
0.034256
0.0293274
0.134735
0.172913
0.119324
0.0576935
0.033371
-0.0351868
-0.0435486
0.259995
0.0146942
-0.24855
-0.287231
-0.22084
0.0559387
0.292313
0.30101
0.202652
0.139282
0.126129
0.122375
0.121078
0.118729
0.0885773
0.0435638
0.0199738
-0.160889
-0.376038
-0.678574
-0.997086
-0.724136
-0.454865
-0.687714
-0.254623
0.326324
0.706573
0.164719
-0.0690918
-0.635468

[5]
-0.128174
-0.0964355
-0.0980682
-0.0472107
0.052948
0.0466919
-0.0669403
-0.0521851
0.00169373
0.0746765
0.00376892
-0.00616455
0.00050354
-0.00376892
-0.023819
-0.0215759
0.00196838
0.024231
0.0218506
0.0499573
0.0187225
0.0498962
0.14209
0.0750122
0.0712433
0.026947
0.0359497
0.013855
0.106567
0.185608
0.0992584
-0.0873871
-0.356995
-0.181183
0.27623
0.314163
0.265015
0.244431
0.182541
0.154755
0.110245
0.0948029
0.0911255
0.0746918
0.0386047
-0.170609
-0.186707
-0.430634
-0.496506
-0.821869

[6]
-0.605789
-0.529526
-0.059082
0.614258
0.693039
0.296448
-0.220215
-0.599701
-0.18367
0.0506134
-0.118805
-0.0283661
-0.00953674
0.00491333
-0.0859985
-0.0365906
0.0267181
0.0305023
-0.0196838
0.00195312
0.00314331
0.0128326
0.00973511
0.0263977
0.0484772
0.0223846
0.0383301
0.0156555
0.0391846
0.0771637
0.122955
0.0862732
0.0905762
0.116013
0.0710144
-0.0235443
0.142914
0.106323
-0.252151
-0.49942
-0.270081
-0.24324
0.00828552
0.151001
0.171463
0.124237
0.0918121
0.112122
0.129303
0.0959778

[7]
0.0502777
0.0155945
0.00947571
-0.0891113
-0.338379
-0.654587
-0.794342
-1.06808
-1.25533
-0.82283
-0.732178
-0.165237
0.954453
0.546127
0.0385132
0.141129
-0.529327
-0.336777
-0.0700531
-0.0597534
-0.0743103
0.125549
-0.000793457
-0.0514679
-0.161499
-0.0397949
0.0628204
0.0975647
0.0214081
-0.0385895
-0.0185852
0.128815
0.0860443
0.111084
0.0819702
-0.00566101
-0.0358734
-0.0951538
-0.142944
-0.140686
-0.0731964
-0.00285339
0.178146
0.267975
0.21376
-0.0354919
-0.141785
0.120483
0.407532
-0.0795898

[8]
-0.439682
-0.0743103
-0.280762
0.165512
0.243088
0.0875092
0.123901
0.188446
0.119522
0.0303192
-0.0733795
-0.204514
-0.317047
-0.333954
-0.427078
-0.595978
-0.683441
-0.477844
-0.908508
-1.35793
-0.746536
-0.718292
0.340714
0.718231
0.0886993
0.227921
-0.651611
-0.377884
-0.0829773
-0.0491486
-0.0344696
0.0400543
0.0203552
-0.0469513
-0.138626
-0.112717
0.0614319
0.105621
0.0248871
-0.0574341
-0.0626373
-0.0375366
-0.0275116
-0.0015564
0.00979614
0.0137329
0.0701141
0.0591736
0.0786896
0.0839386

[9]
0.0460358
0.0328369
0.0469666
0.0181427
-0.0907745
0.0106812
0.174881
0.417282
-0.0579834
-0.208649
-0.280075
-0.230209
-0.162796
0.259964
0.251602
0.201584
0.120224
0.0958557
0.0212097
-0.0596924
-0.122086
-0.137314
-0.160416
-0.199249
-0.360901
-0.604843
-0.607254
-0.753464
-1.13156
-0.827499
-0.499863
0.548325
1.09326
0.195831
-0.257294
-0.839905
-0.334061
-0.0981598
-0.17662
-0.0167999
0.064682
0.0173798
-0.00978088
-0.210068
-0.0793915
0.0080719
0.080246
-0.036499
-0.0449219
-0.0248108

[10]
-0.021286
-0.000762939
0.0113068
-0.0199432
0.00364685
0.0427856
0.0961914
0.0954742
0.114136
0.0655365
0.0349884
0.0735931
-0.0804749
0.0229187
-0.0133667
0.356964
0.0860443
-0.301254
-0.325867
-0.238266
-0.309631
0.078064
0.194656
0.184494
0.118744
0.0824585
0.0474243
0.0574646
0.0169373
-0.0517273
-0.0757294
-0.0849915
-0.133804
-0.335403
-0.56218
-0.706131
-0.963623
-1.18819
-0.619293
-0.831558
0.0955963
1.26939
0.42041
0.114609
-0.526855
-0.460953
-0.0645752
-0.100372
-0.111496
0.0394135

[11]
0.070755
-0.0422363
-0.158157
-0.0303192
0.0367432
0.0397186
-0.0371704
-0.0440979
-0.00428772
-0.000656128
0.0337982
0.0181122
0.0321198
0.0212555
0.0359802
0.0773773
0.0704346
0.068573
0.0614014
0.0710602
0.1082
0.108765
0.0649414
0.0532379
0.206848
0.35434
-0.0533142
-0.398758
-0.236099
-0.173553
-0.118301
0.22229
0.25351
0.256363
0.171402
0.179977
0.152863
0.0999451
0.0627289
0.048111
0.0417938
0.0252228
-0.179031
-0.37561
-0.600113
-0.69458
-1.13068
-0.842453
-1.07919
-0.157654

[12]
0.79509
0.691422
0.101135
-0.435196
-0.276047
-0.151581
-0.0522614
-0.127701
-0.0624847
-0.025177
-0.0166321
0.0157928
-0.0287018
-0.0638275
-0.0245361
0.00817871
-0.019455
-0.00779724
0.00564575
0.0266266
-0.00605774
-0.00909424
-0.0190582
0.00874329
0.0267792
0.0510406
0.0821228
0.121231
0.0858307
-0.0274506
-0.097168
0.0205078
-0.111313
0.474045
0.244583
-0.320389
-0.460022
-0.349319
-0.209167
0.172638
0.230057
0.210815
0.134384
0.0838776
0.126831
0.0808258
0.029541
-0.0250092
-0.031723
-0.0489349

[13]
-0.0813751
-0.514526
-0.655838
-0.880295
-1.07156
-1.01161
-0.520355
-0.272705
1.2998
0.578644
0.0738831
-0.555771
-0.426514
-0.144669
-0.0842438
-0.0776367
-0.0462189
0.045517
-0.00193787
-0.103149
-0.196854
0.032074
0.0871124
0.0402832
-0.0294037
-0.0289612
0.00292969
0.0155945
0.0263824
0.0287781
0.0111542
0.00267029
0.0916595
0.102554
0.108002
0.119476
0.0368347
0.0233307
0.0252228
0.0701599
0.187469
0.357819
-0.166855
-0.529343
-0.289444
-0.244995
-0.0673218
0.219559
0.155777
0.174042

[14]
0.110107
0.0648651
0.0901794
0.0879974
0.0422211
0.0401001
0.028656
0.0649109
-0.19133
-0.383469
-0.571411
-0.475189
-1.26703
-0.923065
-0.125198
0.625992
0.797546
-0.00439453
0.0068512
-0.707397
-0.176498
-0.0196686
-0.08638
-0.0374146
-0.00544739
-0.0338593
-0.042038
-0.0271454
-0.0518646
-0.0570984
0.0548096
0.0411682
-0.0135498
-0.0167389
0.0179138
0.0126038
0.0325623
-0.0042572
-0.0113525
-0.00949097
0.0520172
0.0547485
0.0813904
0.127106
0.0921631
-0.006073
-0.121307
-0.0671844
-0.153595
0.572311

[15]
0.431641
-0.515579
-0.568542
-0.278366
-0.211121
0.0687256
0.22905
0.23996
0.158768
0.131027
0.140579
0.10083
0.0426636
-0.00434875
-0.0578156
-0.0892944
-0.161316
-0.347519
-0.646713
-0.896301
-1.00586
-1.13222
-0.920563
-0.628983
0.582001
1.4516
-0.0258484
0.0265198
-0.742783
-0.353394
-0.143829
-0.00517273
-0.0481567
0.133911
0.00717163
-0.094986
-0.138748
-0.107468
0.047821
0.0813293
0.0162811
-0.0378113
-0.0465546
0.0293884
0.059494
0.0134583
-0.0042572
-0.0105133
-0.0193481
0.0507812

[16]
0.0687714
0.0673676
0.0992737
0.0668488
0.0374298
-0.107452
-0.0357666
-0.134811
0.345062
0.511108
-0.0330505
-0.575195
-0.225204
-0.186203
-0.0767822
0.227997
0.173767
0.185181
0.107513
0.0595245
0.0569763
0.00444031
-0.0695953
-0.134964
-0.155121
-0.140762
-0.18956
-0.494339
-0.560303
-0.74202
-1.08447
-0.719803
-0.707642
-0.0201874
1.66515
0.592743
0.162399
-0.0133667
-0.679749
-0.310806
-0.0793915
-0.0175629
-0.0445862
0.0540466
-0.0316315
-0.0470886
-0.123062
-0.0714417
0.0600128
0.0387573

[17]
-0.0184631
-0.0790405
-0.0233917
0.0308838
0.0356903
0.0263824
0.0124207
0.00793457
0.0151215
0.0154572
0.0557861
0.0100708
0.0143738
0.0744629
0.133514
0.10376
0.0352631
-0.111603
-0.110428
0.169922
0.504913
0.199509
-0.272308
-0.30545
-0.267899
-0.249908
0.110535
0.17955
0.210449
0.125412
0.0990295
0.0957947
0.0835876
0.0566101
0.00579834
-0.0262909
-0.0654297
-0.122589
-0.342117
-0.521027
-0.693451
-0.750977
-1.0416
-0.745239
-0.436295
0.992249
0.39653
-0.00338745
0.118484
-0.723404

[18]
-0.241074
0.0193634
-0.0780182
-0.109879
0.0334015
0.00384521
-0.0693207
-0.0413971
-0.06073
-0.0231781
0.0381012
0.0155029
-0.00740051
-0.0402985
-0.0172729
0.0373535
0.0157623
0.0310516
-0.0148621
0.00630188
0.0197144
0.0381775
0.0193939
0.0703583
0.10025
0.0738525
-0.00408936
-0.081604
-0.106522
0.100555
0.548645
0.443069
-0.0628662
-0.472931
-0.2995
-0.160172
-0.0135651
0.132584
0.171417
0.113922
0.0723724
0.116028
0.138336
0.0990448
0.0691681
0.0562592
0.0895844
0.0938416
-0.0673523
-0.246933

[19]
-0.541336
-0.942825
-1.31073
-0.726959
-0.364929
0.0879822
0.462402
0.271942
0.0634918
-0.366501
-0.338821
-0.0503235
-0.0355835
-0.0787964
-0.0396271
0.00012207
-0.0753326
-0.114456
-0.0912781
0.0825653
0.031601
-0.0348206
-0.0419159
-0.00144958
0.0283508
0.00106812
-0.0102234
-0.0289612
-0.00883484
0.0133362
0.051651
0.0346985
0.0479126
0.0818024
0.089447
0.0498047
0.0396423
-0.0262756
-0.000198364
0.271454
0.463852
-0.122391
-0.575119
-0.419098
-0.32283
-0.29454
0.0138702
0.132919
0.121155
0.120438

[20]
0.0449371
0.0671387
0.0283356
0.00794983
-0.0980377
-0.16362
-0.192627
-0.249512
-0.655273
-0.813583
-0.857498
-1.03082
-0.782654
-0.649246
-0.300644
0.194183
0.808548
1.16182
-0.0879822
-0.0179596
-0.493393
-0.373978
-0.167313
0.0205231
0.0211029
0.0493622
-0.0184479
-0.0931702
-0.153214
-0.0918884
0.0616913
0.0448914
-0.0311584
-0.0731964
0.0108643
0.0439606
0.029068
-0.0125732
-0.00900269
-0.0040741
0.0253906
0.0236206
-0.00572205
-0.0136566
0.0067749
0.056076
0.0671844
0.102982
-0.049881
-0.0893555

[21]
-0.0349731
0.286057
0.522919
0.252213
-0.179565
-0.311035
-0.330521
-0.294266
0.188049
0.252686
0.235275
0.130951
0.0830231
0.0819092
0.0522461
-0.0144196
-0.0927124
-0.114304
-0.146439
-0.165939
-0.318619
-0.49855
-0.546219
-0.681564
-0.977692
-0.908295
-0.573135
1.0448
0.536148
0.0663757
0.122467
-0.406128
-0.248322
-0.124771
-0.0676422
-0.0348206
-0.00991821
-0.017868
-0.0728149
-0.11644
-0.118042
-0.00413513
0.0524902
0.0163727
-0.0487366
-0.0717316
-0.0275726
0.054718
0.0389404
-0.0212097

[22]
-0.0404968
-0.0314484
0.00718689
0.0295715
0.0328827
0.0425568
0.0743866
0.0715637
0.0478363
-0.0390015
-0.038269
0.03479
0.192719
0.548019
0.121597
-0.427261
-0.443695
-0.322968
-0.1819
0.0516357
0.128525
0.196762
0.110077
0.0835876
0.0740356
0.071228
0.0371704
0.00648499
-0.0214539
-0.0347595
-0.14949
-0.306473
-0.4384
-0.645615
-0.85701
-0.89061
-0.568726
-0.311966
0.527588
1.20041
0.0475616
-0.369553
-0.409561
-0.184784
-0.119873
-0.0498047
0.00564575
0.0825653
-0.152069
-0.10907

[23]
-0.145798
0.0114594
0.0672302
0.0282135
-0.0610504
-0.0639648
0.000991821
-0.00289917
-0.0376434
-0.0410156
-0.00137329
-0.00862122
-0.0173492
-0.0319061
0.006073
0.00837708
0.0720825
0.0566406
0.0759888
0.00157166
-0.0744019
0.00878906
-0.0888367
0.275787
0.344589
-0.00152588
-0.449356
-0.217453
-0.252869
-0.33075
0.218765
0.241699
0.213562
0.146393
0.179642
0.173386
0.13295
0.139297
0.134033
0.122253
-0.00270081
-0.265198
-0.363083
-0.62323
-0.717316
-1.09062
-0.690521
-0.183533
0.226196
0.727036

[24]
0.630707
0.105408
-0.228073
-0.390564
-0.1091
-0.132996
0.0416412
0.000793457
-0.0474396
-0.0431213
-0.112442
-0.130188
-0.0312653
0.0292816
0.0349426
-0.0092926
-0.0527039
-0.0488586
-0.0187531
-0.0121918
-0.00212097
-0.0415497
-0.00483704
0.0178833
0.0447235
0.0413513
0.0299835
0.107162
0.151337
0.130737
0.0811462
0.0495758
-0.128998
-0.149551
-0.090744
0.327896
0.37146
-0.132416
-0.373367
-0.110504
-0.18129
0.0545959
0.155426
0.143707
0.0986023
0.0692596
0.0659637
0.0787811
0.0271149
-0.0166473

[25]
-0.0466309
-0.0962982
-0.176544
-0.332642
-0.532333
-0.590881
-0.677887
-0.894501
-0.726685
-0.845474
-0.107742
0.36882
0.532028
0.167496
-0.12265
-0.588379
-0.218643
-0.033432
-0.0646667
-0.056778
-0.0184784
0.0325012
-0.072113
-0.086853
-0.119949
0.0105896
0.00231934
-0.0220184
-0.0562134
-0.0337067
-0.0206757
-0.0604401
0.0352936
0.0862122
0.0569
-0.00578308
-0.0128784
-0.00270081
0.0381775
0.0262146
0.0383148
0.088623
0.0725555
-0.0262756
-0.0490875
-0.172058
-0.0509644
0.233734
0.639542
0.152267

[26]
-0.220383
-0.348022
-0.226257
-0.0133667
-0.0455017
0.130371
0.174133
0.0797272
0.0369873
0.0380707
0.0130157
-0.0229187
-0.0688782
-0.104874
-0.167419
-0.189667
-0.331772
-0.521347
-0.915833
-0.74736
-0.542236
-0.539536
-0.379318
0.00932312
0.563858
0.755066
0.262222
-0.296677
-0.505707
-0.141617
-0.0250092
-0.126617
-0.0098877
-0.0147858
-0.105164
-0.0691223
-0.126282
0.0114746
0.0326538
-0.030838
-0.0317841
-0.0144653
0.064743
-0.00408936
0.0284119
0.0352936
-0.000839233
0.0112915
-0.0102844
-0.0244141

[27]
-0.00473022
0.0568848
0.0522766
0.0106354
-0.0197296
-0.048233
-0.0887146
0.0287476
0.110977
0.324997
0.488358
-0.0580292
-0.310867
-0.348679
-0.275238
-0.164108
0.180847
0.201569
0.188705
0.0901184
0.0664368
0.0680084
0.0504913
0.0030365
-0.0320435
-0.065918
-0.106415
-0.228958
-0.459305
-0.629547
-0.803223
-0.912384
-0.787766
-0.598068
-0.258316
0.684204
1.05942
0.0996399
-0.00602722
-0.56691
-0.48848
-0.195862
-0.0976257
-0.00798035
0.115372
-0.0103455
-0.143784
-0.18042
-0.0496216
0.0845642

[28]
0.0283508
-0.0891113
-0.0821838
-0.00914001
0.0152283
-0.0019989
-0.0222626
-0.0200195
-0.00231934
-0.0136566
-0.0282593
-0.0296173
-0.0320282
-0.0018158
0.0329742
0.0529633
0.0358429
0.0629272
0.00234985
-0.0987549
-0.0430603
0.2621
0.497101
0.141998
-0.303513
-0.464157
-0.100479
-0.119461
0.246613
0.285995
0.167221
0.135254
0.114868
0.100021
-0.0113068
-0.0691223
-0.14064
-0.175232
-0.299728
-0.49147
-0.673737
-0.713348
-0.677505
-0.673401
-0.412643
-0.284149
-0.159531
0.299744
0.439789
0.495346

[29]
0.500595
0.365723
0.150513
-0.229416
-0.556442
-0.192825
0.00967407
0.129089
-0.0112
-0.137741
-0.0834808
-0.131241
-0.076416
0.000106812
0.0261688
-0.0605621
-0.0782928
-0.0296631
0.0108185
0.00866699
-0.0444336
-0.0300293
-0.0165253
-0.0357208
-0.0463562
-0.0311737
-0.043335
-0.0597687
0.00422668
0.0615845
0.0579987
0.019043
-0.00111389
-0.010437
-0.0809784
-0.06987
0.14119
0.111008
0.0871887
-0.214676
-0.370224
0.0675049
0.438354
0.336868
0.30954
0.225067
0.238342
0.18396
0.0996552
0.0244904

[30]
0.0327911
-0.0279694
-0.0735474
-0.181961
-0.36235
-0.477615
-0.667465
-0.908768
-0.937286
-0.691299
-0.740692
0.0447693
1.2435
0.265976
-0.148682
-0.113708
-0.469727
-0.0812378
0.000396729
-0.0669556
-0.0617523
-0.0350494
-0.119522
-0.0770569
-0.115448
0.0203247
0.00456238
-0.0653992
-0.0799408
-0.06073
-0.00294495
-0.0256653
-0.0133514
-0.030777
-0.0162048
-0.0109558
-0.0221863
-0.0271606
-0.0163422
0.00430298
0.0091095
0.0302277
0.0845337
0.0201874
-0.0258179
0.00334167
-0.012085
0.0696259
0.25769
0.405685

[31]
0.0977783
-0.130234
-0.464706
-0.423325
-0.356613
0.0667419
0.150681
0.159302
0.118759
0.0968628
0.113007
0.0682983
0.0290222
0.0116272
-0.0156708
0.0254974
-0.182617
-0.320419
-0.547195
-0.678146
-0.819717
-0.683609
-0.344101
0.02005
0.296799
0.563995
-0.0113831
-0.202255
-0.165039
-0.115051
-0.027771
-0.0815735
-0.0627899
-0.0638733
-0.0268097
-0.0643311
-0.116821
-0.085083
-0.0336456
0.0129547
-0.0159912
-0.0306549
-0.0295563
-0.0463562
-0.0293579
-0.035965
-0.0738831
-0.0591278
-0.0166626
0.0173492

[32]
0.0342407
0.0187225
0.0683746
0.0864716
0.120636
0.121582
0.143295
0.0720673
-0.079483
-0.326218
0.076767
0.430527
0.097168
-0.225861
-0.426025
-0.210129
-0.426132
0.0873871
0.192902
0.116028
0.0904541
0.0536041
0.0519714
0.00559998
-0.0879059
-0.204636
-0.292755
-0.329208
-0.431732
-0.685715
-0.810272
-0.827957
-1.21257
-0.947113
-0.645721
-0.464569
0.126419
0.667343
1.0253
0.347153
-0.142471
-0.34111
-0.406586
-0.190781
-0.02742
0.057251
-0.00128174
-0.0555878
-0.133835
-0.201797

[33]
-0.024765
0.100906
0.0310364
-0.0610504
-0.0654755
-0.0231781
0.00810242
0.0160522
0.0286102
-0.0163422
-0.0109711
-0.0325012
0.0336609
0.0940857
0.014328
0.0394897
0.059433
0.127914
0.101639
-0.0281372
-0.199387
-0.170441
0.059906
0.48616
0.178986
-0.218948
-0.243561
-0.255829
-0.095932
0.0653381
0.173981
0.19545
0.104874
0.0545197
0.0522003
0.0830078
0.0203857
-0.0164032
-0.0227814
-0.0287476
-0.129974
-0.276901
-0.447662
-0.603653
-0.727875
-1.05205
-0.837051
-0.670349
0.056366
0.109406

