[1]
-0.291107
0.0108795
0.0133209
0.0817566
0.113129
0.0840759
0.0332489
0.0118103
-0.022522
-0.072052
-0.118973
-0.131821
-0.152237
-0.205582
-0.188019
-0.187378
-0.137695
-0.0770569
-0.0637817
-0.0456085
-0.0114899
0.00115967
-0.00132751
-0.0160217
-0.113525
0.26152
-0.120163
-0.301956
-0.498947
-0.353928
-0.0675812
0.0201874
0.0635834
0.0155029
-0.000137329
-0.0444336
-0.0556793
-0.0503693
-0.00608826
0.013382
0.0198822
0.0764923
0.0772705
-0.0488739
-0.0257111
0.00511169
0.0133972
0.00735474
0.0155182
0.0205536

[2]
0.0132599
-0.00596619
-0.0238342
-0.0201569
-0.0579987
-0.0742035
-0.0778046
-0.0878448
-0.128723
-0.19313
-0.260117
-0.330063
-0.464096
-0.700806
-0.954193
-0.89949
-0.85524
-0.777023
-0.557556
-0.354202
0.409164
-0.021347
0.000442505
0.377747
0.465897
0.557037
0.553619
0.541962
0.502304
0.483246
0.427292
0.241898
0.0254822
-0.329605
-0.852539
-1.05641
-1.09587
-1.08546
-0.871368
-0.606308
-0.291794
-0.540787
-4.57764e-05
-0.190735
-0.425995
-0.735657
-0.463776
-0.0622253
-0.107559
0.0130615

[3]
-0.0650024
-0.0085144
-0.0670166
-0.0607452
-0.0331726
0.0506744
0.0238342
0.000320435
-0.00646973
-0.00169373
-0.0235291
-0.00274658
0.0190582
0.00984192
0.0213928
0.0045166
0.0155792
0.000823975
-0.00738525
-0.079834
-0.116531
-0.130661
-0.250259
-0.278854
-0.32048
-0.502777
-0.785461
-1.08318
-1.04568
-0.999268
-0.7742
-0.672318
-0.113052
0.606201
0.39238
0.239563
0.530121
0.647232
0.640945
0.590622
0.54126
0.486404
0.453262
0.338089
0.177475
-0.0834045
-0.43103
-0.945663
-1.09819
-1.14082

[4]
-0.977768
-0.500092
-0.60585
-0.221313
-0.445175
-0.342285
-0.603745
-0.297943
-0.253235
-0.244019
-0.0943298
-0.0738983
0.0157166
-0.0680389
-0.00967407
0.0133209
0.0562744
0.0707703
0.0522156
0.0286255
-0.0361328
-0.0408325
-0.0305634
-0.0148315
-0.0115356
-0.0119019
-0.0210571
-0.0352783
-0.0449829
-0.0826721
-0.134079
-0.142487
-0.153152
-0.204468
-0.317703
-0.477066
-0.776566
-1.09029
-0.983551
-0.982391
-0.789413
-0.722229
-0.240082
0.56694
0.191345
0.141388
0.453293
0.543503
0.603745
0.618591

[5]
0.578125
0.52887
0.466278
0.407761
0.166351
-0.12767
-0.503281
-0.934738
-1.07794
-1.11356
-0.73616
-0.545288
-0.436218
-0.371887
-0.395798
-0.452423
-0.379929
-0.258514
-0.117218
-0.0803375
-0.0884094
-0.141479
-0.0365295
-0.0778046
-0.0700684
0.00360107
0.0106201
-0.0397339
-0.0426178
0.00291443
0.0365906
0.0272217
-0.00105286
-0.0128174
-0.00254822
0.00572205
0.00183105
-0.0233154
-0.0378876
-0.0520935
-0.117874
-0.138657
-0.162949
-0.194519
-0.260406
-0.38678
-0.626495
-1.01285
-1.078
-0.98732

[6]
-1.00334
-0.735474
-0.458466
0.473648
0.284042
0.289459
0.358643
0.609772
0.657639
0.669022
0.6129
0.497452
0.445877
0.421158
0.316681
0.0805206
-0.292007
-0.75119
-1.08189
-1.1283
-1.16994
-0.602753
-0.470642
-0.495758
-0.0759888
-0.305435
-0.3479
-0.550873
-0.444824
-0.045166
-0.285614
-0.132767
-0.0637817
-0.0266266
-0.0711365
-0.0145416
0.00730896
0.051712
0.0224609
0.011322
0.0244446
0.0415039
-0.0317535
-0.042511
-0.00765991
0.00613403
0.00672913
-0.0281219
-0.0557556
-0.0357819

[7]
-0.0466766
-0.135361
-0.116074
-0.184464
-0.196854
-0.265442
-0.417221
-0.731979
-1.07408
-0.969788
-0.932053
-0.805984
-0.716354
-0.114517
0.667847
0.192642
0.183289
0.536392
0.614288
0.674759
0.653488
0.586334
0.522003
0.531158
0.36557
0.0368805
-0.258743
-0.606842
-1.04236
-1.07648
-0.828735
-0.930939
-0.754105
-0.389313
-0.627869
-0.118622
-0.146515
-0.224197
-0.444489
-0.561142
-0.133636
0.00935364
-0.185089
0.0169983
-0.0453491
-0.111465
-0.0701752
-0.0179749
0.025177
0.0196838

[8]
-0.0174561
0.0106354
0.00889587
0.0214081
0.0123901
0.00419617
0.0112
-0.0139618
-0.00416565
-0.03125
-0.0228119
-0.063446
-0.0807343
-0.103638
-0.123962
-0.224457
-0.19548
-0.280731
-0.385773
-0.566635
-0.956741
-1.02928
-0.842682
-0.782394
-0.728073
-0.380035
0.517212
0.0375214
0.155655
0.485153
0.558807
0.6203
0.624908
0.568329
0.516693
0.457092
0.380615
0.155655
-0.14212
-0.56337
-0.949997
-1.09619
-1.13985
-0.921249
-0.711823
-0.376495
-0.308594
-0.170929
-0.272202
-0.379562

[9]
-0.639496
-0.622787
-0.072464
-0.0132141
-0.177353
0.0350342
-0.0522308
-0.128662
-0.0782318
-0.0216675
-0.00794983
-0.00259399
-0.000854492
-0.0184631
0.0154266
0.0241089
-0.0179443
0.0133514
0.0136261
0.00668335
0.02948
-0.00944519
-0.0477905
-0.0944519
-0.0957794
-0.103455
-0.207138
-0.156937
-0.204788
-0.315445
-0.517105
-0.802887
-1.0639
-0.748108
-0.792953
-0.653305
-0.576385
0.0619049
0.529373
0.349258
0.341354
0.554932
0.642471
0.654495
0.620285
0.559082
0.485931
0.454712
0.276138
0.0045929

[10]
-0.392288
-0.754471
-1.05653
-1.08795
-0.90036
-0.663513
-0.553482
-0.356674
-0.303207
-0.231995
-0.338318
-0.33197
-0.553375
-0.31459
-0.178299
-0.0973053
-0.0477295
-0.0411377
-0.0599213
-0.0753632
-0.0501099
-0.00944519
-0.000411987
0.0255737
-0.000747681
0.0157318
0.0183258
-0.0433502
-0.0191193
-0.0228424
0.0137482
-0.000732422
0.00241089
0.0149384
0.0114441
-0.0357971
-0.0814819
-0.0727997
-0.119522
-0.182785
-0.19577
-0.246841
-0.419098
-0.574112
-0.853607
-1.01434
-0.736694
-0.81781
-0.513351
-0.571457

[11]
0.00474548
0.449509
0.278107
0.331726
0.50975
0.590195
0.608398
0.606171
0.548782
0.497131
0.425598
0.220459
-0.0491333
-0.405792
-0.830719
-1.10272
-1.1454
-1.04921
-0.591187
-0.417343
-0.640335
0.0257416
-0.60202
-0.203903
-0.736069
-0.214401
-0.30101
-0.0407257
-0.0757294
-0.116806
-0.0636139
-0.0679321
-0.0326691
-0.00012207
0.0162354
0.0319214
0.0085907
0.0137482
0.0335388
0.0474243
0.0286713
-0.00843811
-0.0398407
-0.0198364
-0.0229034
-0.0334778
-0.0531158
-0.071106
-0.0921631
-0.124954

[12]
-0.147308
-0.251297
-0.381577
-0.592453
-0.931152
-1.06448
-0.920746
-0.819504
-0.51561
-0.519852
0.174774
0.34314
0.353119
0.466324
0.596893
0.660645
0.66713
0.643997
0.551804
0.533615
0.467789
0.277695
0.0266266
-0.329498
-0.794144
-1.08339
-1.12605
-1.11148
-0.732101
-0.553482
-0.288589
-0.268875
-0.289169
-0.351807
-0.45282
-0.482803
-0.151535
-0.0731659
-0.0124817
-0.200348
-0.0618134
-0.0875854
-0.0658112
-0.00976562
0.0229645
-0.00241089
-0.0155334
-0.0270996
-0.00788879
0.026413

[13]
0.012146
0.015564
0.00535583
-0.0224152
-0.00280762
-0.0169525
-0.0266266
-0.0355225
-0.0705261
-0.0751801
-0.16217
-0.184174
-0.214371
-0.300491
-0.516754
-0.857468
-1.06488
-1.00682
-0.967712
-0.719086
-0.595642
0.0799103
0.821594
0.382523
0.306091
0.610352
0.700531
0.692703
0.640518
0.578156
0.521729
0.460342
0.296661
0.0198822
-0.299194
-0.788971
-1.08029
-1.12398
-1.16365
-0.691452
-0.477432
-0.385025
-0.0196991
-0.280701
-0.225662
-0.596161
-0.558701
-0.287247
-0.102921
-0.136368

[14]
-0.0583191
-0.0176239
-0.0745239
-0.0491333
-0.0624237
0.0426025
0.0202484
0.0142975
0.0315552
0.0295105
0.0174866
-0.0125275
-0.00360107
0.00338745
0.0211792
0.0257111
-0.00488281
-0.0344696
-0.0465088
-0.099884
-0.124603
-0.178604
-0.213882
-0.292664
-0.383926
-0.58345
-0.906357
-1.05556
-0.868729
-0.964584
-0.638535
-0.526947
0.233124
0.241104
0.341049
0.418304
0.573868
0.65181
0.679855
0.644318
0.576218
0.501205
0.453568
0.274002
-0.0167542
-0.37265
-0.867844
-1.09163
-1.13719
-1.17552

[15]
-0.701538
-0.420563
-0.530777
-0.0556335
-0.342499
-0.295624
-0.566071
-0.311615
-0.0267181
-0.258331
-0.0993042
-0.10878
-0.0333862
-0.0633698
-0.0595245
-0.00726318
0.0204315
0.0457764
0.00289917
-0.00218201
0.000518799
0.00798035
0.0098114
-0.00814819
-0.0235138
-0.0304565
-0.0339661
-0.0268707
-0.0348816
-0.033371
-0.109299
-0.121231
-0.174255
-0.194244
-0.270813
-0.444748
-0.717422
-1.05516
-0.899902
-0.998871
-0.822357
-0.772781
-0.205673
0.576279
0.118652
0.186752
0.509689
0.575546
0.653687
0.652023

[16]
0.590912
0.521698
0.463089
0.411209
0.21344
-0.0770569
-0.431732
-0.838074
-1.07845
-1.1219
-1.16176
-0.750732
-0.377655
-0.447098
-0.0523682
-0.301514
-0.32695
-0.587173
-0.502869
-0.0788269
-0.152557
-0.0718384
-0.0117493
-0.0133667
-0.0602264
-0.0680084
-0.0225067
0.0381012
0.0515137
0.0373993
0.00975037
0.00038147
0.0312347
0.0616608
0.00860596
-0.0620728
-0.0541382
-0.0468292
-0.0298615
-0.0115356
-0.0466766
-0.0914459
-0.147095
-0.190216
-0.239975
-0.262039
-0.363281
-0.613754
-0.949234
-0.958862

[17]
-1.0321
-0.927673
-0.679626
-0.398056
0.359406
0.204437
0.368332
0.424866
0.546509
0.626175
0.656647
0.629227
0.554337
0.49971
0.431976
0.301422
0.013916
-0.368622
-0.73175
-1.03471
-1.10037
-1.1376
-0.70108
-0.427399
-0.377487
-0.232529
-0.469757
-0.213058
-0.619125
-0.220871
-0.113083
-0.0886993
-0.121384
-0.152634
-0.0792694
-0.0758362
-0.0477905
0.0171204
0.0114899
0.026123
-0.0116882
-0.00909424
-0.000305176
0.0301514
0.0139771
0.00575256
-0.0208282
-0.0186005
-0.0087738
-0.0372772

[18]
-0.034729
-0.0458374
-0.124619
-0.20752
-0.204269
-0.263916
-0.370834
-0.645126
-1.07353
-1.0742
-1.01247
-0.867447
-0.672867
-0.301758
0.577957
-0.0227203
0.239777
0.539032
0.625961
0.685089
0.657181
0.613235
0.513794
0.461945
0.397354
0.20726
-0.0421143
-0.325806
-0.729706
-1.07372
-1.11809
-1.16022
-0.97168
-0.384674
-0.780106
-0.0170593
-0.31871
-0.578506
-0.626007
-0.499481
-0.185623
-0.263138
-0.0153809
-0.128906
0.0098877
-0.074646
-0.0513763
-0.0187225
0.0325775
0.0541687

[19]
0.0201569
0.00363159
0.01474
0.0119934
0.00320435
-0.00492859
-0.0119934
-0.0414886
-0.0928802
-0.036026
-0.0685577
-0.127945
-0.145889
-0.172775
-0.254074
-0.309875
-0.569199
-0.959457
-1.07468
-0.964752
-0.990891
-0.74823
-0.43396
0.297989
0.233505
0.28746
0.356903
0.576767
0.641174
0.676559
0.654709
0.574585
0.540985
0.438049
0.298141
0.0437927
-0.282928
-0.812729
-1.08032
-1.12553
-1.16541
-0.859375
-0.305649
-0.31694
-0.0372009
-0.325302
-0.556381
-0.370636
-0.158051
-0.184586

[20]
-0.0532837
-0.0712891
-0.0200043
-0.0551453
-0.0468597
-0.00588989
0.0229797
0.0358887
0.0311584
0.0171051
-0.0238953
-0.0305481
-0.0241394
0.00390625
0.00585938
-0.0078125
-0.0481567
-0.052948
-0.0373993
-0.106506
-0.207947
-0.224258
-0.251266
-0.283493
-0.400757
-0.862534
-1.06602
-1.00722
-1.08199
-0.747055
-0.782471
0.069397
0.516479
0.424118
0.38266
0.645691
0.721008
0.73526
0.692154
0.580383
0.497833
0.444565
0.310318
0.063385
-0.292023
-0.730133
-1.07957
-1.12581
-1.1696
-0.699554

[21]
-0.538605
-0.283981
-0.266129
-0.755997
-0.388596
-0.751328
-0.162506
0.147797
-0.162842
-0.0875397
-0.0947113
-0.179214
-0.11972
-0.0457611
0.00827026
0.0177917
0.018158
-0.00428772
-0.0273743
0.0121613
0.0319214
-0.00202942
-0.0106964
-0.028183
-0.0325317
-0.0327301
-0.0372925
-0.0231323
-0.0641937
-0.119431
-0.173355
-0.220428
-0.25029
-0.297226
-0.563568
-1.01016
-1.0881
-1.10138
-1.02002
-0.704254
-0.504501
0.436554
-0.0858612
0.099884
0.528122
0.582794
0.694977
0.646606
0.62085
0.577042

[22]
0.472885
0.401932
0.188583
-0.187668
-0.505249
-0.96283
-1.09402
-1.13135
-0.829117
-0.469772
-0.430374
-0.154861
-0.626892
-0.249847
-0.842133
-0.283081
-0.139313
-0.200729
-0.0392456
-0.0474243
-0.0598145
-0.0891418
-0.0151978
0.0214081
0.0355988
0.0263367
0.0129089
0.0154419
0.0413513
0.0427246
0.00743103
-0.00657654
-0.0679932
-0.0694885
-0.0610046
-0.0830231
-0.0585175
-0.126892
-0.163513
-0.185104
-0.250244
-0.288193
-0.433746
-0.770065
-1.07486
-1.0522
-1.04042
-0.782425
-0.860748
-0.0332642

[23]
0.378784
0.308289
0.373779
0.620636
0.673035
0.686005
0.636505
0.567764
0.498627
0.448822
0.272263
-0.000823975
-0.322098
-0.767502
-1.08078
-1.13333
-1.18442
-0.964951
-0.615601
-0.683273
0.236572
-0.14888
-0.350403
-0.477097
-0.511108
-0.0643158
-0.157974
-0.1129
-0.175125
-0.00128174
-0.0643768
-0.095871
-0.0510254
0.02034
0.00990295
0.0394745
0.0179749
0.00723267
0.0332489
0.0065155
0.00735474
-0.00358582
-0.0302429
-0.0194092
-0.0374908
-0.0340881
-0.0679932
-0.14006
-0.228683
-0.213486

[24]
-0.263382
-0.399002
-0.774078
-1.07115
-1.08508
-1.08601
-0.99826
-0.738113
-0.233215
0.820923
0.223267
0.244247
0.635773
0.677368
0.720749
0.663086
0.621719
0.565918
0.526077
0.435013
0.25412
-0.0523529
-0.468964
-1.05942
-1.10553
-1.15492
-1.19783
-0.559814
-0.539215
-0.336975
-0.588409
-0.371552
-0.852844
-0.393494
-0.227844
-0.128922
-0.0282288
-0.126968
-0.0135956
-0.0706635
-0.0236816
-0.0306091
0.00340271
0.0392456
0.0323029
0.00798035
0.0303802
0.0225525
0.019455
-0.00862122

[25]
-0.00416565
-0.00300598
-0.015686
-0.0157471
-0.0129547
-0.0622101
-0.104736
-0.154434
-0.263107
-0.265015
-0.394226
-0.62883
-0.846741
-1.07272
-1.0219
-0.969437
-0.664871
-0.613922
0.187805
0.379379
0.346344
0.404648
0.6035
0.658707
0.69104
0.672287
0.608383
0.522293
0.432571
0.286438
0.0136261
-0.387772
-0.83551
-1.10057
-1.14627
-1.18401
-0.651306
-0.348053
-0.630615
0.122208
-0.481461
-0.490372
-0.680405
-0.234146
0.0679169
-0.207779
-0.0131989
-0.0043335
-0.120026
-0.116318

[26]
-0.0102692
0.0457764
-0.00723267
-0.00967407
0.0132599
0.00326538
0.0250549
0.0352783
0.0161438
-0.00254822
-0.0212708
-0.0341949
-0.0462494
-0.0369415
-0.035675
-0.0815277
-0.158768
-0.19519
-0.294449
-0.394714
-0.506531
-0.82103
-1.06476
-1.0775
-1.07266
-0.86734
-0.725845
-0.161148
0.767273
0.320526
0.193924
0.634048
0.671463
0.693634
0.636993
0.581619
0.530334
0.44133
0.305237
0.0818787
-0.273911
-0.642746
-1.08791
-1.13641
-1.17972
-0.815887
-0.527359
-0.16391
-0.0352631
-0.478119

[27]
-0.799744
-0.377777
-0.155914
-0.195679
0.0120544
-0.182617
-0.0828094
-0.0476532
-0.0587769
-0.00944519
0.0260925
0.0366211
-0.00257874
0.00444031
0.000473022
0.00578308
-0.0114441
-0.0144043
-0.0159607
-0.0349884
-0.0433807
-0.0269928
-0.0272064
-0.100967
-0.198288
-0.269272
-0.335632
-0.378387
-0.717606
-1.06708
-1.07877
-1.07915
-0.909225
-0.69223
-0.210541
0.660416
0.113937
0.102386
0.583344
0.613586
0.684311
0.674957
0.617661
0.548615
0.488007
0.331848
0.103226
-0.242203
-0.603821
-1.08028

[28]
-1.12759
-1.17081
-0.80838
-0.391876
-0.445816
-0.168823
-0.303619
-0.414474
-0.780334
-0.385544
-0.15448
-0.341965
-0.0321655
-0.136688
0.00857544
-0.0492859
-0.0429535
-0.000411987
0.0355377
0.0771484
0.0153809
0.0122986
-0.00700378
-0.0115356
-0.00282288
-0.0157166
-0.0181732
-0.0306549
-0.0443726
-0.0490112
-0.0383148
-0.181915
-0.190826
-0.266769
-0.301147
-0.382446
-0.759247
-1.07379
-1.03546
-1.08989
-0.851044
-0.722336
-0.0485992
0.557877
0.334503
0.256485
0.621017
0.641876
0.685242
0.663666

[29]
0.606705
0.54306
0.477478
0.353348
0.115295
-0.248764
-0.599518
-1.0742
-1.11923
-1.15938
-0.824982
-0.730591
-0.257141
0.0747528
-0.390854
-0.626205
-0.464905
-0.169525
-0.0921478
-0.0747833
-0.0419769
-0.0426331
-0.0688324
-0.0413971
-0.0186005
-0.00961304
-0.00062561
0.00862122
-0.0118866
-0.00335693
0.00514221
-0.000473022
0.0313263
0.0142212
-0.0158997
-0.0501556
-0.0492706
-0.0409088
-0.0408936
-0.109589
-0.158981
-0.212097
-0.27655
-0.326233
-0.465836
-0.826477
-1.06064
-0.940674
-0.990677
-0.780548

[30]
-0.740005
-0.136292
0.580215
0.357681
0.167847
0.505997
0.578918
0.636673
0.624939
0.58226
0.514694
0.449753
0.356812
0.147842
-0.134369
-0.520889
-1.00983
-1.11278
-1.15938
-0.893097
-0.549179
-0.705612
-0.20874
-0.195679
-0.497971
-0.422043
-0.725388
-0.177048
0.0927277
-0.164673
-0.0493622
-0.106979
-0.0911102
-0.0723419
-0.0512543
0.00576782
0.025177
0.0392914
0.0216827
-0.00422668
-0.0532379
-0.0189819
0.0213013
0.0241852
-0.0206451
-0.0531464
-0.0401917
-0.050354
-0.0845642
-0.119247

[31]
-0.160538
-0.242615
-0.310791
-0.334213
-0.548996
-1.01256
-1.06989
-1.08292
-1.07675
-0.705872
-0.45311
0.479263
0.15509
0.256607
0.523819
0.69043
0.745956
0.737442
0.684875
0.575546
0.539398
0.482819
0.299026
0.0556335
-0.407288
-0.840271
-1.09824
-1.14323
-0.94986
-0.701706
-0.52478
-0.232758
-0.063324
-0.544983
-0.502701
-0.57608
-0.142929
-0.154297
-0.0461121
-0.191879
-0.0601349
-0.0510864
-0.0545807
-0.0301666
0.0293121
0.0454865
0.0137634
-0.0206146
-0.00271606
0.0116425

[32]
0.00520325
-0.0130463
-0.0191193
-0.00361633
-0.0354309
-0.0554352
-0.0775299
-0.160751
-0.266998
-0.249451
-0.300674
-0.482086
-0.863632
-1.08154
-1.09497
-1.09816
-0.731369
-0.600662
0.225769
0.466522
0.216843
0.503922
0.667587
0.811981
0.709793
0.654083
0.555054
0.444183
0.24559
0.053009
-0.299896
-0.84343
-1.08264
-1.11478
-0.812729
-0.878372
-0.0812836
-0.518845
-0.634003
-0.516769
-0.380096
0.00228882
0.0516052
0.0210419
0.0593872
-0.106201
-0.073288
-0.000427246
-0.0236053
-0.0195465

