[1]
0.0816956
0.433792
0.361359
0.405609
0.375732
0.302673
0.242432
0.136978
0.0367432
-0.0275574
-0.114471
-0.181396
-0.230576
-0.395203
-0.393982
-0.433212
-0.508286
-0.550201
-0.561157
-0.637451
-0.580032
-0.585907
-0.62738
-0.69313
-0.576401
-0.404663
0.699387
0.104507
-0.5728
-0.204056
-0.0471497
-0.0379181
-0.0199127
-0.188278
-0.176453
-0.0559235
0.0158691
0.0065155
0.0706024
0.120544
0.0897522
0.136139
0.0417786
-0.134018
-0.115768
-0.0303497
0.068634
0.0628357
0.0275574
0.0700378

[2]
0.0755005
0.111267
0.00297546
0.0364075
0.0293732
0.074234
0.0752258
0.05867
0.0981293
0.022934
0.127548
0.124603
0.169022
0.195404
0.444244
1.1373
0.65477
0.365295
0.888733
0.518112
0.564911
-0.19455
0.171738
0.57756
0.701477
0.593536
0.490112
0.368118
0.286438
0.215073
0.195908
0.183105
0.0799866
-0.181259
-0.394089
-0.765289
-1.1035
-1.39635
-1.56715
-1.82349
-2.28477
-1.11934
-1.42859
0.689911
0.346222
-0.910782
-0.239212
-0.262329
-0.369598
-0.256836

[3]
-0.178055
-0.0173035
-0.107147
-0.0841675
0.0265045
0.103012
0.0605164
-0.00856018
-0.0704956
-0.0535736
-0.0659027
-0.0375671
0.0167999
0.0419312
-0.0136719
0.0119171
0.103592
0.0344543
-0.00306702
-0.0399628
0.0875092
0.0752869
0.0264282
0.0155487
0.136978
0.219162
0.203644
0.654037
1.15622
0.340134
0.863205
0.928375
0.665756
0.407913
-0.379913
-0.0184631
0.514236
0.736191
0.635269
0.478256
0.26239
0.115585
0.105911
0.0374756
-0.0554199
-0.224014
-0.380875
-0.610275
-1.23894
-1.68915

[4]
-1.70789
-2.18126
-2.37389
-1.21574
1.23279
-0.0707703
-0.715408
-0.184296
-0.565796
-0.396774
-0.442307
-0.138428
0.0789795
-0.00479126
0.0239105
0.0630646
0.138214
0.0966492
0.0499115
-0.0678864
-0.194016
-0.0745697
-0.00488281
-0.0310822
-0.0482635
-0.00952148
0.00524902
-0.0593109
-0.0321655
0.00418091
0.0607452
0.118774
0.119492
0.130249
0.0956268
0.124634
0.0314636
0.410675
1.46217
0.603561
0.69957
0.914703
0.702576
0.333832
-0.375351
0.101776
0.536011
0.696457
0.563171
0.455536

[5]
0.298065
0.190994
0.176819
0.172119
0.124054
-0.0585327
-0.427277
-0.777985
-1.33574
-1.73209
-1.32359
-1.53943
-2.21513
-1.76826
-0.526184
1.11757
-0.678558
-0.344681
-0.437927
-0.207047
-0.620758
-0.360703
-0.0152588
-0.00631714
0.0649109
-0.0539093
-0.0570526
-0.0109711
-0.0687256
-0.0448151
0.00227356
-0.000335693
-0.0467529
-0.0700531
-0.0360718
0.0190735
-0.0237732
-0.0381622
0.00292969
0.0388794
0.0398865
0.0106354
0.0550995
0.131012
0.0592041
0.150192
0.192871
0.589645
1.4209
0.84935

[6]
0.325333
0.366135
0.770081
1.19763
-0.128082
-0.513016
-0.0835419
0.448456
0.803665
0.688202
0.580917
0.268692
0.0402985
0.0122223
0.0494843
-0.0270996
-0.284485
-0.445251
-1.00237
-1.55174
-1.80312
-1.76137
-2.49915
-1.26599
-0.934601
1.03998
-0.103912
-0.673721
-0.358871
-0.196198
-0.719696
-0.448502
-0.167938
-0.0484009
-0.0795135
-0.0789032
0.0514374
0.111664
-0.0160522
-0.0644684
-0.0116425
-0.0562439
-0.133224
-0.109009
-0.04216
0.0271149
-0.0145264
-0.0500336
-0.0335846
0.00660706

[7]
0.00997925
0.0796204
0.00822449
0.0551453
0.0831451
0.0941315
0.119995
0.128479
0.34967
1.49767
0.624207
0.498169
0.793213
0.772827
0.294098
-0.30983
-0.0762939
0.370422
0.699982
0.657593
0.580536
0.315796
0.130981
0.0394287
0.324173
0.250656
-0.557755
-0.37764
-0.798904
-1.064
-1.04308
-0.998367
-1.63843
-1.96313
-1.77844
-1.42119
0.412567
0.458282
-0.753204
-0.469757
-0.155731
-0.102432
-0.303329
-0.265015
-0.098114
-0.131958
-0.0690155
-0.013504
0.0749054
0.0357666

[8]
-0.097229
-0.0627899
-0.044281
-0.0375671
-0.0747528
-0.0150299
0.0438995
0.0214081
-0.0274963
-0.0299683
0.0170898
-0.00195312
-0.00602722
0.0808105
0.0814667
0.00296021
0.0393677
0.0969391
0.134857
0.179642
0.36084
1.32663
0.937241
0.305069
0.693481
0.740112
0.740921
-0.110794
-0.0962372
0.440216
0.71759
0.576004
0.454742
0.303024
0.175491
0.143158
0.135529
0.11763
-0.0388794
-0.425735
-0.650513
-1.04787
-1.46474
-1.6955
-1.92487
-2.21074
-1.73616
-1.58289
1.10687
0.318436

[9]
-0.974976
-0.575867
-0.203537
-0.279129
-0.328888
-0.207718
-0.127228
-0.19458
-0.104599
-0.0158844
-0.0453339
-0.0726013
-0.15712
-0.109131
-0.0896454
-0.0871582
-0.0534821
-0.0363922
-0.0277405
-0.0128326
0.00709534
-0.0674438
-0.017746
-0.0197144
0.0120087
0.0292206
0.00764465
0.0288239
0.0848846
0.103867
0.118011
-0.0912628
0.388046
1.48994
0.577042
0.861267
0.598328
0.723022
-0.0208893
-0.327744
0.132431
0.602722
0.699173
0.598969
0.436676
0.211685
0.0798035
0.2612
0.327545
0.0756989

[10]
-0.327484
-0.58284
-1.14195
-1.28693
-1.40561
-1.17471
-1.35719
-1.8773
-1.61508
-1.40721
0.116531
0.760117
-1.05319
-0.23111
-0.331192
-0.267426
-0.414139
-0.211578
-0.108414
-0.139709
-0.0242462
-0.0678253
0.0474854
0.00926208
-0.0879822
-0.0393524
-0.104691
-0.142746
-0.101669
-0.0780487
-0.0390015
-0.0290527
-0.0578613
-0.0624847
-0.0271606
-0.0253448
-0.0526276
-0.0272064
0.000213623
0.000518799
0.0657349
0.0524445
0.0565338
0.106552
0.210693
0.840057
0.976166
0.446991
0.555206
0.704437

[11]
0.610153
0.0789948
-0.310028
0.48877
0.703217
0.530289
0.363815
0.266998
0.129181
0.0779266
0.0751801
0.0612335
-0.0462036
-0.290588
-0.673615
-1.29922
-1.68608
-1.83846
-1.72667
-2.08485
-1.82004
-1.23027
1.18614
0.176926
-0.94574
-0.460541
-0.538147
-0.403732
-0.367584
-0.166428
-0.125824
-0.0736542
-0.0578766
-0.0967865
-0.0769653
-0.0591583
-0.10173
-0.083374
-0.00994873
0.0395355
0.0147095
-0.0106964
-0.0539398
-0.0503387
-0.0962219
-0.0309906
-0.032608
-0.0380402
0.00505066
0.0150146

[12]
0.08638
0.084259
0.0782166
0.0474243
0.0537872
0.788452
1.11504
0.628784
0.839722
0.500671
0.620667
-0.191925
-0.248993
0.402603
0.661743
0.559586
0.459213
0.296463
0.178711
0.158493
0.194122
0.1828
0.00469971
-0.292557
-0.634232
-1.03061
-1.37953
-1.55136
-1.39412
-2.00639
-2.13979
-1.58954
-0.201904
0.984055
-0.804626
-0.530624
-0.168427
-0.338638
-0.60144
-0.6147
-0.13588
-0.134308
-0.040451
-0.0315552
-0.0338898
-0.0475616
-0.112228
-0.104141
-0.12204
-0.0627136

[13]
-0.0528717
-0.0571594
-0.108902
-0.0635986
-0.0839996
-0.0897675
-0.0597992
-0.040741
0.00186157
0.0525665
-0.0110931
0.00778198
0.0693359
0.0862732
0.103592
0.0123291
0.627228
0.926117
0.432404
0.88913
0.706268
0.608994
0.0979156
-0.614594
-0.0753479
0.578049
0.758438
0.532791
0.378799
0.20932
0.0761108
0.0692902
0.0486298
0.0410614
-0.254807
-0.537811
-0.971298
-1.43568
-1.72346
-1.72586
-2.28728
-1.76807
-1.01372
0.62941
0.269836
-0.76651
-0.455536
-0.312042
-0.479126
-0.301773

[14]
-0.167099
-0.0199432
-0.138702
-0.184677
-0.0541382
0.0808411
-0.0942535
-0.0478821
-0.0375366
-0.00201416
-0.103455
-0.0816345
-0.0373993
-0.0270691
-0.0221558
-0.0287781
-0.0716553
-0.0516663
-0.0582123
-0.00863647
-0.0037384
0.0123138
-0.0247955
0.0653992
0.120071
0.0923004
0.428238
1.24713
0.829895
0.509201
0.650742
0.655228
0.82222
-0.246368
-0.161865
0.469498
0.662506
0.571518
0.426422
0.317673
0.176773
0.123199
0.126877
0.0903625
0.00619507
-0.251541
-0.641251
-0.993027
-1.67499
-1.83929

[15]
-1.73546
-2.23866
-1.61737
-1.02368
1.14854
-0.0792236
-0.82576
-0.324142
-0.108841
-0.40303
-0.53801
-0.230545
-0.156586
-0.0892181
-0.101395
0.0295868
-0.0231018
0.00491333
-0.076767
-0.0283356
-0.0632019
-0.0310059
-0.0213165
-0.0185699
-0.0354462
-0.0462646
-0.0150299
-0.0235748
-0.0488129
-0.038147
0.0366669
0.0276184
0.0559998
0.101776
0.0559082
0.159576
0.171555
0.495773
1.43861
0.372757
0.512329
0.82547
0.697311
0.440186
-0.285889
-0.032959
0.420807
0.67691
0.615967
0.529541

[16]
0.341614
0.175858
0.114838
0.141006
0.121582
-0.00395203
-0.278976
-0.648987
-0.892166
-1.54488
-1.55132
-1.5359
-2.48512
-1.53079
-1.25883
0.8022
0.202271
-0.749878
-0.345917
-0.207382
-0.303787
-0.493698
-0.17981
-0.0286865
-0.0762634
-0.102737
0.00323486
0.0886688
0.0926056
0.026413
-0.064682
-0.0621948
-0.0162354
0.0484924
-0.0791626
-0.112991
-0.0191498
-0.0148468
-0.056778
0.00387573
0.0262604
0.0358734
0.0153656
-0.00253296
0.111374
0.0969696
0.09729
0.0529327
0.491028
1.24335

[17]
0.754166
0.382889
0.853912
0.604889
0.86644
-0.105606
-0.273224
0.211639
0.57724
0.640045
0.551605
0.456436
0.244171
0.11911
0.141052
0.145416
0.0818176
-0.272614
-0.661179
-0.850143
-1.21667
-1.81311
-1.59113
-1.99474
-1.97231
-1.69055
0.665054
0.596603
-1.04512
-0.157684
-0.23877
-0.264343
-0.581787
-0.361649
-0.14798
-0.0738373
-0.0103912
0.0150146
0.0220337
-0.0152283
-0.0833282
-0.0989532
-0.0521088
0.0149536
-0.0212555
-0.0373077
-0.0463715
-0.0390167
-0.048111
-0.0273132

[18]
0.0156403
0.036499
0.0755157
0.0213013
0.0465393
0.0631561
0.108978
0.147705
0.08992
0.978577
1.14137
0.783554
1.03439
0.605484
0.557785
-0.276047
-0.0366974
0.426514
0.722717
0.64267
0.558762
0.355316
0.175171
0.0911102
0.129959
0.0180359
-0.169388
-0.396103
-0.558167
-0.889923
-1.38947
-1.69318
-2.27095
-2.04048
-1.81935
-1.4633
1.13304
0.016571
-0.744415
-0.502975
-0.595413
-0.480515
-0.426193
-0.243332
-0.00442505
-0.085495
-0.0262299
-0.0422668
0.0525208
-0.000442505

[19]
-0.0514374
-0.0884399
0.00978088
-0.00888062
-0.0367889
-0.0388031
-0.0332642
-0.0372467
-0.137909
-0.0405579
0.0363312
0.0117188
0.0534363
0.104752
0.112946
0.123352
0.159027
0.169434
1.03568
1.19374
0.250061
1.13681
0.528549
0.989929
-0.160706
-0.38324
0.104736
0.566147
0.707291
0.53006
0.40863
0.171143
0.0843353
0.0762024
0.00817871
-0.112823
-0.285309
-0.48613
-0.874924
-1.54198
-1.74074
-1.90758
-2.55611
-1.86778
0.13324
0.861023
-0.985565
-0.278214
-0.269028
-0.496384

[20]
-0.544113
-0.231247
-0.0293579
-0.0879517
-0.00213623
0.00527954
0.0279999
0.0517426
-0.0272217
-0.11763
-0.187286
-0.108261
-0.0454102
-0.0445251
-0.0380249
-0.00978088
-0.00657654
-0.0107269
-0.00715637
0.0175018
0.0259705
0.0434875
0.0128021
0.0965729
0.134491
0.0892029
0.66716
1.57924
0.687714
0.788116
0.552292
0.963486
-0.110321
-0.413071
0.118683
0.541306
0.723358
0.592575
0.51532
0.253021
0.101868
0.0683136
0.0766907
0.0136108
-0.178848
-0.451691
-0.889786
-1.22725
-1.92062
-1.53387

[21]
-2.01147
-2.10764
-1.34877
0.878525
-0.0658112
-0.948868
-0.047821
-0.0201263
-0.232025
-0.602203
-0.344055
-0.317505
-0.1427
-0.0386353
0.0285034
0.00224304
0.00979614
-0.0272827
-0.112564
-0.0915375
-0.0085144
-0.0137177
-0.0580292
-0.031311
-0.0304108
-0.027298
-0.00776672
0.0149078
0.0572662
0.0808716
0.119064
0.00447083
0.0445557
0.0576782
0.205063
0.128418
1.27406
1.27634
0.493378
1.15295
0.541916
0.745117
-0.158875
0.0631714
0.497131
0.721558
0.549866
0.468658
0.314926
0.151855

[22]
0.0815887
0.111267
0.0683136
-0.290833
-0.57811
-0.837677
-1.26613
-1.79123
-1.80238
-2.07314
-1.80028
-1.69423
1.2532
0.200073
-0.92514
-0.338882
-0.507126
-0.234802
-0.275101
-0.152039
-0.0749969
-0.0660095
-0.0772552
0.0128784
0.0649719
-0.0134125
-0.0154572
-0.0206299
0.0229797
-0.0354462
0.00088501
-0.0292358
-0.0996094
-0.0828705
-0.0598145
-0.00306702
0.0201416
0.0510406
0.0505219
0.0567322
0.0745087
0.10582
0.136215
0.127884
0.442093
1.70526
0.770737
0.718826
0.659454
0.74292

[23]
-0.0694275
-0.0896912
0.472397
0.649185
0.6465
0.527527
0.354675
0.213638
0.153351
0.141251
0.0992432
-0.0800629
-0.288361
-0.520905
-0.76004
-1.20067
-1.61908
-2.21083
-2.63161
-0.735916
-0.465775
0.637238
-0.283554
-0.401398
-0.586197
-0.231003
-0.319778
-0.521561
-0.321579
-0.0876007
-0.118744
-0.0901794
-0.0652008
0.00692749
-0.0295258
-0.0131836
-0.0546875
-0.0850525
-0.0856781
-0.0292206
0.0336914
0.00694275
-0.0158691
-0.0155487
-0.00245667
-0.00149536
0.0411072
0.0111389
0.134094
-0.0258942

[24]
0.0645599
0.112015
0.0495605
0.213379
1.68732
0.927048
0.760925
0.935562
0.616837
0.0484314
-0.440964
0.341446
0.625519
0.693344
0.538971
0.421249
0.278473
0.165924
0.115112
0.150864
0.0833893
-0.0187836
-0.14328
-0.643936
-1.28098
-1.60924
-1.65848
-2.54315
-2.46678
-0.941483
1.15314
-0.257843
-0.741425
-0.429794
-0.455872
-0.420059
-0.365036
-0.304489
-0.0395203
-0.0340424
-0.0450287
-0.0315094
0.0350494
0.0682068
-0.015686
0.0250854
0.00134277
-0.00227356
-0.0228271
-0.0317841

[25]
-0.0370331
-0.0143585
-0.0329132
0.00617981
0.0432434
0.0106049
0.0626831
0.0422363
0.00309753
-0.00898743
0.101562
0.149841
0.45372
1.2617
0.934509
0.651489
0.736542
0.629227
1.06494
-0.131226
-0.292221
0.432327
0.656235
0.575897
0.405045
0.302048
0.173553
0.116211
0.0945435
0.0413513
-0.0888672
-0.328003
-0.605789
-1.09447
-1.83792
-1.80809
-1.89815
-2.55365
-1.24307
0.138672
1.00752
-0.735992
-0.52739
-0.343735
-0.160416
-0.260406
-0.419556
-0.137955
-0.183365
-0.112106

[26]
0.00621033
0.113327
-0.0852814
-0.176636
-0.149582
-0.0997467
-0.0829468
-0.0719299
-0.064209
-0.000488281
-0.010849
-0.0496826
-0.0760498
-0.0290833
0.0248718
0.0179443
0.0477905
0.0201569
-0.00663757
0.0380707
0.128952
0.0974731
0.681488
1.54509
0.93927
0.658417
0.876602
0.815994
0.11998
-0.58876
0.442627
0.734375
0.692871
0.452972
0.320572
0.181793
0.15976
0.137527
0.0669708
-0.0496674
-0.379196
-0.512955
-0.882263
-1.64357
-1.88628
-1.95535
-2.62073
-2.04074
0.301041
1.13773

[27]
-1.45984
-0.209839
-0.403412
-0.316635
-0.61824
-0.430786
-0.0768738
-0.11319
-0.0541077
-0.0688324
-0.0280914
0.0093689
-0.0875702
-0.0695648
-0.0884094
-0.0436249
-0.0490875
-0.0852356
-0.0498962
-0.0761719
-0.0808411
-0.0146942
0.0591431
0.0499725
0.0651703
0.0683594
0.0536804
0.0709991
0.130508
0.225586
1.50888
0.787384
0.708939
1.02379
0.690414
0.53862
-0.499069
0.159424
0.596848
0.74379
0.517105
0.386124
0.166565
0.00715637
0.070343
0.104477
-0.0189972
-0.227097
-0.491333
-0.794952

[28]
-1.52957
-1.99753
-1.82285
-2.55832
-2.19907
-1.05043
1.04259
0.3965
-0.955505
-0.561386
-0.535934
-0.389526
-0.409363
-0.297104
-0.0127411
-0.089325
-0.00315857
0.0315857
0.0151825
0.0200043
-0.11528
-0.144241
-0.10228
-0.0891418
-0.0597229
-0.0209656
-0.0210724
-0.0110474
-0.0232391
0.0461426
0.0802155
0.121353
0.0192871
0.0667267
0.0468903
0.128586
0.0518799
0.397415
1.70668
0.565277
0.937775
0.866379
0.826385
-0.108292
-0.64473
0.15799
0.591599
0.732483
0.473465
0.430634

[29]
0.265594
0.133072
0.0662689
0.0289001
0.0429688
-0.263718
-0.421249
-0.770737
-1.66344
-1.86845
-1.93442
-2.49931
-1.96317
0.284866
0.992157
-1.31746
-0.251785
-0.445557
-0.269089
-0.529465
-0.198486
-0.125534
-0.0661011
-0.0806732
-0.0545959
0.0710297
-0.00115967
-0.0950012
-0.142365
-0.118896
-0.0745392
-0.0757599
-0.0515289
-0.0141144
-0.0203247
-0.135284
-0.104156
-0.0205383
0.016922
0.0137482
0.0189819
0.0284729
0.0196533
0.129105
0.103485
0.119598
0.516113
1.45488
0.557922
0.519424

[30]
0.913589
0.752869
0.156387
-0.465302
0.318146
0.590408
0.671783
0.528214
0.428802
0.240936
0.120392
0.0643616
0.0494995
-0.00305176
-0.157578
-0.361435
-0.769989
-1.18318
-1.95164
-1.93681
-1.8495
-2.08904
-1.78745
-0.0866699
1.07394
-0.773773
-0.595261
-0.269516
-0.126724
-0.46434
-0.413025
-0.158401
-0.19838
-0.114624
-0.0115051
0.0436249
-0.00378418
0.0199432
-0.0160828
-0.0718842
-0.189545
-0.0535431
-0.000259399
0.0408325
-0.0713959
-0.0412292
0.0279694
-0.0637207
-0.0276947
-0.00483704

[31]
0.0346375
0.0350952
0.0440369
0.103928
0.065155
0.317947
1.01498
1.13704
0.518921
1.1019
0.689682
0.820724
-0.175842
-0.410034
0.141159
0.712662
0.786575
0.604965
0.44104
0.201263
0.108139
0.118042
0.0242615
-0.0748291
-0.232773
-0.59169
-1.31029
-1.51537
-1.50221
-1.86198
-2.63364
-1.3777
0.0537567
0.887024
-1.1543
-0.310028
-0.169907
-0.216812
-0.600433
-0.400894
-0.0135345
-0.140701
-0.00769043
-0.128967
0.0398865
0.00796509
-0.0247345
-0.121765
-0.0402679
-0.0114899

[32]
-0.0194855
-0.0361023
-0.014328
-0.0198364
-0.0315247
-0.0113525
0.077652
0.0568542
0.0136261
0.042511
0.133759
0.159119
0.0971527
0.352661
1.36505
0.556778
1.1385
0.827866
0.830185
0.0565186
-0.483063
0.238739
0.888275
0.775284
0.537155
0.330765
0.0413055
0.0402832
-0.041687
-0.317078
-0.496033
-0.945709
-1.53427
-2.05936
-2.08122
-1.42749
-2.03084
-1.02551
1.40686
-1.40144
-0.957626
-0.246948
-0.157196
-0.118317
-0.0190735
-0.105423
0.0207062
-0.111664
-0.0400085
-0.0227356

