[1]
0.0570679
0.156128
0.183258
0.227692
0.209106
0.186356
0.151276
0.104477
0.036499
-0.0452271
-0.0702515
-0.119858
-0.172882
-0.215652
-0.249084
-0.306656
-0.379608
-0.389374
-0.412033
-0.369095
-0.283432
-0.242371
-0.252792
-0.343948
-0.428726
-0.367874
0.442398
0.502045
0.0565338
0.25499
-0.159576
-0.295258
-0.153412
-0.1996
-0.0213623
-0.0810242
-0.0223541
0.020813
-0.00154114
-0.0710754
-0.0759888
-0.0177002
0.0118713
0.0440216
0.0323944
-0.027771
-0.0226593
-0.00886536
-0.0419464
-0.0159912

[2]
0.0124054
0.0388641
0.0127563
0.0153351
0.00576782
0.0228271
0.0211487
0.00119019
0.0253906
0.094696
0.0544281
0.0254974
0.0454865
0.0644073
0.120987
0.226257
0.30162
0.16449
-0.142548
-0.186295
0.0403748
-0.198624
0.15567
0.306259
0.325607
0.224152
0.196198
0.134583
0.0890503
0.0175629
0.0216064
0.00248718
-0.0865631
-0.0732574
-0.162766
-0.620377
-0.791534
-0.880569
-0.989075
-0.773071
-0.729218
-0.885742
-0.613235
0.527985
0.765396
-0.253418
-0.0381622
-0.308228
-0.50032
-0.174805

[3]
-0.0592346
-0.109818
-0.0469818
-0.0282288
0.00656128
-0.090332
-0.0881042
0.00875854
0.0435028
0.0150604
-0.0343628
-0.0305634
-0.0193481
-0.0107117
-0.0164032
0.024704
0.00941467
-0.0143127
-0.0391998
0.0440369
0.0252533
0.0515594
0.120056
0.0509949
0.019104
-0.0413208
-0.0514374
0.0372314
0.129547
0.351944
0.0331116
-0.151611
0.0316162
-0.0668182
-0.273636
0.299561
0.443085
0.342529
0.287033
0.190659
0.156296
0.10759
0.0439606
0.0156708
0.00637817
-0.0701904
-0.162567
-0.345566
-0.700165
-0.922699

[4]
-1.30197
-1.30962
-0.985092
-0.784409
1.00827
0.562286
-0.0433502
-0.349106
-0.696945
-0.222015
-0.0366364
-0.13855
-0.0940857
-0.0232544
0.0119019
-0.0402679
-0.127228
0.0115051
0.0450134
0.029068
0.0214386
0.03302
0.0216217
-0.00991821
-0.0300903
0.00953674
0.00718689
0.00088501
0.0197296
0.0313568
0.0683899
0.0194855
0.0105591
-0.0217285
0.0152283
0.0737915
0.0482483
0.190033
0.381149
0.491211
0.142593
-0.238632
-0.028717
-0.0795746
-0.312347
0.188156
0.295746
0.301163
0.213165
0.129715

[5]
0.0841675
0.0491333
-0.00598145
-0.017868
-0.0498962
-0.130356
-0.296677
-0.561188
-0.70433
-0.878403
-1.19887
-1.289
-0.938431
-0.791229
0.263229
0.631638
-0.183899
-0.25676
-0.338821
-0.290741
-0.245331
-0.014679
-0.0236359
-0.0555573
-0.0263062
-0.148773
-0.170578
-0.0617981
0.0777588
0.0543518
-0.0801086
-0.0841064
-0.0250397
0.0075531
-0.0123138
-0.0136261
-0.0371094
-0.0245972
0.00872803
0.0574036
0.134125
0.0765533
0.00695801
0.0433044
0.0605164
0.0747681
0.0414276
0.0578003
0.270157
0.415161

[6]
0.363922
-0.0834198
-0.178802
0.0463562
-0.384003
-0.151398
0.317596
0.273758
0.211517
0.193649
0.160873
0.142654
0.00975037
-0.121323
-0.159485
-0.2099
-0.332687
-0.577484
-0.8974
-1.05431
-1.21603
-1.27322
-0.893433
-0.731506
-0.155533
1.10912
0.685776
-0.0906067
-0.171188
-0.398422
-0.539551
-0.0806427
-0.100311
-0.0514984
-0.0619812
-0.101929
-0.11528
-0.119766
0.0171051
0.0700684
-0.00776672
-0.0725098
-0.0179138
0.0167084
0.0261993
-0.0123138
-0.0466003
-0.048996
-0.00842285
0.0297852

[7]
0.0203857
0.0695953
0.041214
0.00857544
0.0416107
0.0755463
0.0417328
0.0327148
0.0907135
0.289017
0.420761
0.118347
-0.330551
-0.134308
-0.0736694
-0.184799
0.229095
0.260284
0.28801
0.266495
0.2061
0.183365
0.0531158
-0.0372925
-0.00994873
0.17308
0.103317
-0.285156
-0.63533
-0.659439
-0.594391
-0.819824
-1.07079
-0.818298
-0.854263
-1.1062
0.0178528
0.873047
-0.0157776
-0.00546265
-0.232544
-0.478424
-0.293442
-0.147064
-0.0563354
-0.0683441
-0.0567627
-0.0201874
-0.121063
-0.0807495

[8]
0.0431519
0.0196838
-0.0463104
-0.0963898
-0.0638885
-0.0262299
-0.00106812
-0.0332947
-0.0187988
0.00297546
-0.0146179
0.0147095
0.0485992
0.081604
0.106079
0.0249634
0.0197601
0.0213776
0.00671387
0.0379333
0.137604
0.408829
0.363754
0.275574
-0.254181
-0.226044
0.0410004
-0.193695
0.00895691
0.295029
0.313675
0.253662
0.19368
0.14389
0.0896454
0.0550079
0.0398102
0.0267181
-0.133911
-0.174393
-0.272018
-0.877518
-0.896164
-1.06027
-0.938797
-0.827957
-0.885269
-0.604385
0.48349
0.816086

[9]
-0.0701599
0.112656
-0.40976
-0.528397
-0.289673
-0.0549927
-0.111176
-0.0752869
-0.0546112
-0.0664368
-0.173599
-0.0807495
-0.039444
-0.0369263
-0.094635
-0.0896149
-0.0405579
-0.0382385
-0.025589
-0.0395355
-0.0496368
-0.049118
-0.0526581
0.00335693
0.0425262
-0.0220032
0.0333099
0.0667572
0.0206299
-4.57764e-05
-0.0338287
0.0292358
0.269409
0.329224
0.325089
-0.18602
-0.395691
-0.0962982
-0.204575
-0.241806
0.165665
0.253174
0.210648
0.212631
0.161499
0.102142
0.0219879
-0.00932312
-0.00161743
0.113617

[10]
0.166336
-0.391388
-0.681427
-0.749802
-0.743896
-0.82962
-1.08112
-0.925079
-0.805695
-0.715775
0.61554
0.294907
-0.158432
-0.324814
-0.34549
-0.315552
-0.216919
-0.0688477
-0.0821533
-0.0741272
-0.0871124
-0.132736
-0.140228
-0.099411
0.0121307
-0.00505066
-0.0552673
-0.0211334
-0.0267181
-0.0192719
-0.00587463
-0.0561371
-0.0681915
-0.0645752
-0.0232391
-0.0259552
0.0310822
0.0428925
0.0318451
0.0641479
-0.0163574
-0.0252533
0.0161133
0.0602722
0.136337
0.124588
0.229248
0.29953
-0.0186615
-0.21907

[11]
-0.0708466
-0.0858612
-0.304871
0.258057
0.337082
0.2715
0.179596
0.16188
0.117233
0.0824585
0.0774841
0.066864
-0.0438232
-0.0715332
-0.231995
-0.749954
-0.824142
-1.15202
-1.367
-1.18066
-1.09015
-0.675705
1.27647
0.257111
0.0890961
-0.547562
-0.531113
-0.163666
-0.172729
-0.103195
-0.0480194
-0.103638
-0.0591125
-0.094162
-0.119614
-0.0306244
0.0329742
0.000305176
-0.0513916
-0.0630951
-0.0279541
-0.00382996
-0.00897217
-0.00273132
-0.0191498
-0.031723
-0.00570679
0.0200806
0.0180969
0.0568542

[12]
0.040802
0.0263519
-0.0420074
0.0270691
0.0706787
0.318573
0.339111
0.261124
-0.201675
-0.36731
-0.0449066
-0.228943
-0.151917
0.254318
0.281433
0.188889
0.134689
0.130829
0.114838
0.0591125
0.0245361
0.0102844
-0.0503387
-0.0191803
-0.243225
-0.75621
-0.766174
-0.994293
-1.29466
-0.981552
-0.564011
-0.555283
0.169434
1.01834
-0.174698
-0.278915
-0.606049
-0.362183
-0.101349
-0.0847168
-0.129349
-0.0968781
-0.0791779
-0.107224
-0.133621
-0.136398
-0.00265503
0.0243225
-0.0427246
-0.100845

[13]
-0.0854797
-0.124954
-0.0338135
-0.0281677
-0.0425568
-0.0621185
-0.0584412
-0.0128326
-0.0039978
0.0045929
0.0350952
0.0735779
0.0397491
-0.0225525
-0.0337372
-0.00389099
0.0705109
0.28035
0.462112
0.07724
-0.262283
-0.0358887
-0.185104
-0.319839
0.169357
0.254822
0.249039
0.294617
0.276886
0.192627
0.125809
0.120804
0.147247
0.109833
-0.0868683
-0.108337
-0.549561
-0.8255
-1.15758
-1.44794
-1.28337
-0.910187
-0.555084
0.454697
0.592392
-0.0366211
-0.323013
-0.621323
-0.413666
-0.0325165

[14]
-0.0758057
-0.0930481
-0.125504
-0.0533447
-0.151352
-0.0821075
-0.00515747
0.00717163
-0.0331116
-0.054657
-0.0602722
-0.0278931
-0.0383911
-0.026062
-0.0477295
-0.0709839
-0.0256348
0.00437927
0.0496368
0.035202
0.0420227
0.0585632
0.0522461
0.00294495
-0.00143433
0.0032196
0.0348358
0.205215
0.381561
0.408325
-0.149002
-0.371658
0.0126801
-0.270966
-0.166641
0.331192
0.334335
0.227432
0.134491
0.10965
0.124802
0.0899048
0.0443115
0.0157471
-0.0411224
-0.171402
-0.305466
-0.675949
-0.927078
-1.09766

[15]
-1.26711
-1.11659
-0.930786
-0.504761
0.992798
0.49321
-0.0722351
-0.208542
-0.697678
-0.359772
0.00804138
-0.0922852
-0.112091
-0.0646973
-0.0458679
-0.024826
-0.133453
-0.0718079
0.0545807
0.024826
-0.0354767
-0.067627
-0.0296631
-0.0117035
-0.0237274
-0.0225677
-0.0209961
-0.031189
-0.0144501
0.0197754
0.09552
0.0564117
0.03508
0.0288544
0.0141907
-0.011322
-0.0161133
0.0895081
0.350357
0.452133
0.0745697
-0.299606
-0.0664978
0.0254364
-0.216553
0.158112
0.293243
0.30722
0.230209
0.161194

[16]
0.144287
0.0890961
0.0713501
0.0067749
-0.0119019
-0.0469055
-0.166626
-0.33252
-0.580612
-0.713837
-0.983109
-1.26779
-1.02339
-0.785202
-0.756332
0.329285
0.637985
0.0192261
-0.186707
-0.570908
-0.290741
-0.0578613
-0.0980988
-0.114731
-0.0437469
-0.0294495
0.00175476
-0.120804
-0.0593109
0.0435944
0.00776672
-0.0213776
-0.0622101
-0.075882
-0.0470886
0.0447693
0.0645294
0.0144958
-0.0594025
-0.0453033
-0.00158691
0.0598145
0.0543976
0.0658722
0.0366364
0.0204926
0.00900269
0.00767517
0.076355
0.284103

[17]
0.371017
0.293777
-0.246918
-0.188065
0.124985
-0.18457
-0.188446
0.26033
0.281845
0.220215
0.147339
0.145721
0.112137
0.0677795
0.0178528
-0.032608
-0.124496
-0.254364
-0.295349
-0.565247
-0.897583
-0.850586
-0.838623
-0.889969
-0.619354
-0.441818
1.05249
0.336761
-0.126465
-0.385406
-0.661865
-0.339722
-0.0950775
-0.0509796
-0.0713654
-0.0510254
-0.0337372
-0.0789795
-0.129181
-0.141998
0.064621
0.0290375
-0.0385437
-0.0767365
-0.0523834
0.0102234
0.0164948
0.0153656
-0.0204468
-0.0594482

[18]
0.00149536
0.0116882
0.0531616
0.0353546
0.107925
0.0712585
0.0554504
-0.0626068
-0.0128937
0.272629
0.45314
0.08992
-0.437164
-0.182632
0.0306702
-0.115158
0.149918
0.240112
0.31636
0.222397
0.170547
0.152573
0.0976562
0.026413
-0.036377
-0.0972137
-0.140701
-0.23436
-0.372833
-0.566864
-0.733704
-0.882141
-0.348923
-0.37294
-1.09497
-1.14865
0.405228
0.997192
0.17601
-0.0678864
-0.788239
-0.154282
-0.118408
-0.190948
-0.134735
-0.0723572
0.0121307
-0.0539856
-0.154495
-0.0471191

[19]
0.0378418
0.00827026
-0.0424194
-0.0720825
-0.0536652
-0.0363464
-0.00866699
0.00186157
-0.00811768
0.00506592
0.0534515
0.0490112
0.00750732
0.073761
0.0873108
0.0462952
-0.0248871
0.00918579
0.225052
0.38884
0.31517
-0.191376
-0.0475159
0.177673
-0.358109
-0.228363
0.276108
0.295959
0.255692
0.224442
0.219101
0.145554
0.0594025
0.0235901
-0.00224304
-0.0807648
-0.135818
-0.271027
-0.571198
-0.891037
-1.15192
-1.418
-1.10568
-0.940674
0.0115356
0.949142
-0.162125
-0.357132
-0.523331
-0.345551

[20]
-0.0236969
-0.148849
-0.113251
-0.100052
-0.0394745
-0.0328369
-0.145813
-0.0379486
0.0326691
0.00521851
0.00605774
-0.00236511
-0.0250854
-0.0336914
-0.0550232
-0.0289764
-0.0241394
-0.0384827
0.0280762
0.0412445
0.0847931
0.0763245
0.0371552
0.059082
0.0191956
0.0274506
0.0512543
0.434219
0.463104
-0.0249786
-0.392838
-0.0116577
-0.31192
-0.307449
0.340378
0.321686
0.252899
0.144836
0.15538
0.108017
0.00579834
-0.0836487
-0.121078
-0.1436
-0.283371
-0.511581
-0.80397
-0.998856
-0.998184
-1.1628

[21]
-1.0284
-0.600464
-0.163605
1.79936
0.519302
-0.0863495
-0.353058
-0.662155
-0.479263
-0.105179
-0.0370026
0.0165558
0.0227356
0.00205994
-0.0310211
-0.173813
-0.06604
0.106369
0.0955658
-0.0467987
-0.110413
-0.0225677
0.037796
0.0169067
0.0101929
-0.0205688
-0.03302
-0.0160065
0.0363922
0.0336914
0.0263367
0.0787964
0.103043
0.0930786
0.0263824
0.0232391
0.256546
0.415848
0.285843
-0.249756
-0.0710907
0.176147
-0.158279
0.142334
0.31517
0.382111
0.364227
0.262817
0.220673
0.199783

[22]
0.171326
0.171402
0.162537
-0.269196
-0.058548
-0.33876
-0.869659
-1.09042
-1.37883
-1.19327
-0.899628
-1.06235
0.98912
0.36261
-0.1539
-0.107544
-0.60881
-0.342392
-0.146347
-0.137436
-0.025238
-0.0565338
0.00112915
-0.126495
-0.0693359
-0.00891113
0.0341034
-0.0303802
-0.0816956
-0.0529938
-0.0209351
-0.00505066
0.0368958
0.0168915
-0.00308228
-0.0296936
-0.0162354
0.0941467
0.0759125
0.0861053
0.110489
0.0885925
0.0205841
0.0251465
0.179108
0.321396
0.342575
-0.0772247
-0.29953
0.0269623

[23]
-0.304703
-0.17395
0.368286
0.390091
0.277405
0.191467
0.175476
0.14386
0.0901184
0.0556183
0.0482941
-0.0134583
-0.0719604
-0.216156
-0.409653
-0.788315
-1.19435
-1.46211
-0.950592
-1.161
-0.588303
0.772095
0.748871
-0.0667419
-0.206177
-0.507217
-0.846344
-0.145111
0.00964355
-0.154083
-0.0428467
-0.0312195
-0.0531616
-0.104965
-0.116135
0.011322
0.0507812
-0.0235138
-0.0874939
-0.0764923
-0.00572205
0.0263367
-0.0162811
-0.0242767
-0.0361938
-0.0230408
0.035675
0.0224762
0.0753479
0.0608978

[24]
0.108994
0.0417328
-0.0366669
0.066925
0.253967
0.43811
0.0914459
-0.389526
-0.0925903
-0.13118
-0.369232
0.249359
0.328049
0.297089
0.227661
0.17308
0.196732
0.156509
0.105713
0.120728
0.112457
0.071991
-0.118378
-0.213135
-0.675247
-0.965515
-1.36876
-1.52034
-1.07558
-0.811676
0.871384
0.401413
-0.0838928
-0.272751
-0.518799
-0.254028
-0.108139
-0.0746002
-0.0963898
-0.0319519
-0.0723572
-0.0137634
-0.118118
-0.0550232
0.0366669
0.0618286
-0.00920105
-0.0392761
-0.049408
-0.00840759

[25]
-0.0148468
-0.00563049
0.016861
0.0100555
0.0217896
0.0149841
0.00317383
0.0427551
0.154831
0.125519
0.0694733
-0.00848389
-0.0452271
0.163193
0.428589
0.324127
-0.0297241
-0.268967
-0.0401764
-0.122955
-0.261902
0.312332
0.366791
0.297592
0.170258
0.101761
0.0717316
0.0435028
0.0140839
-0.0289917
-0.0628357
-0.2388
-0.414658
-0.668915
-0.766922
-1.10117
-1.36169
-1.08122
-0.765808
-0.390167
1.23468
0.208832
0.130676
-0.178345
-0.722565
-0.347305
-0.105194
-0.13472
-0.0778656
-0.0362091

[26]
-0.0415039
-0.0695648
-0.107513
-0.0337982
0.0510101
0.0433502
0.0065918
-0.0405273
-0.0387573
-0.0151825
0.0397186
-0.00115967
-0.0151062
-0.0286865
0.0177765
0.0326385
0.024704
0.0522461
0.110886
0.0866699
0.114227
0.0820312
0.165756
0.349197
0.347214
0.082901
-0.305817
-0.113403
-0.198853
-0.486328
0.27446
0.35965
0.324692
0.276596
0.178696
0.149979
0.133575
0.0932465
0.112564
0.0823822
-0.131577
-0.180618
-0.476837
-0.681061
-0.968307
-1.55104
-1.24234
-0.861404
-0.140549
1.14952

[27]
-0.141632
-0.201477
-0.874481
-0.361633
-0.0118713
-0.0638275
-0.030426
-0.0326233
-0.0194855
-0.00569153
-0.133179
-0.0339203
0.0307312
0.0479126
-0.0072937
-0.00511169
-0.00242615
-0.00195312
0.000946045
0.00588989
-0.0287628
-0.0149994
0.00108337
0.0311127
0.0554657
0.123001
0.0927429
0.11441
0.0218353
0.01828
0.270004
0.480469
0.143295
-0.316605
-0.07341
0.0874939
-0.25946
0.253296
0.309753
0.303223
0.229889
0.181824
0.140762
0.119171
0.11409
0.102753
0.137268
-0.076767
-0.148071
-0.456177

[28]
-0.722092
-0.987427
-1.45702
-1.2937
-0.904099
-0.421188
0.461182
0.805634
-0.0905609
-0.193085
-1.00465
-0.340561
-0.0587311
-0.119751
-0.0952148
-0.0550079
-0.0391693
-0.0247192
-0.129303
-0.0676422
0.011673
0.0211182
-0.0472412
-0.0455017
-0.0140076
-0.0315704
-0.0146027
-0.00556946
-0.00189209
0.0256653
0.00804138
0.062027
0.0433044
0.1082
0.101181
0.0760803
-0.0432434
0.0191345
0.227234
0.498108
-0.00991821
-0.307907
0.015976
-0.224594
-0.438034
0.231522
0.308807
0.351883
0.33287
0.275497

[29]
0.217224
0.167404
0.162598
0.177399
0.192886
-0.183395
-0.077179
-0.386612
-0.823807
-1.09772
-1.53641
-1.37495
-1.08803
-0.358841
0.772018
-0.31601
-0.157547
-0.512238
-0.230881
-0.158142
-0.102097
-0.169327
-0.110992
-0.0453186
-0.026062
-0.0935974
-0.0736389
-0.0100403
0.00753784
-0.0233917
-0.0604401
-0.057724
-0.0512695
-0.0207062
-0.0104218
-0.0223083
-0.0209961
-0.0330963
-0.0208282
-0.00611877
0.0462494
0.0598755
0.0662689
0.0566101
0.0229187
0.00608826
0.0625763
0.250793
0.403275
0.0795898

[30]
-0.270889
-0.0121002
-0.0934143
-0.44046
0.169174
0.288086
0.317291
0.213959
0.12471
0.0450745
0.00289917
-0.0263062
-0.103973
-0.138718
-0.17218
-0.341217
-0.589355
-0.876648
-0.888138
-0.976959
-1.16371
-1.03534
-0.623795
0.0880585
1.2475
-0.026062
-0.204178
-0.295502
-0.633972
-0.207123
-0.15741
-0.0572052
-0.0428772
-0.0122681
0.0167236
-0.0562286
-0.0844421
-0.0672455
0.0190125
0.0510559
0.0251007
0.0268097
-0.0318909
-0.0186005
-4.57764e-05
0.0017395
-0.00563049
-0.0111542
0.0400543
0.0460815

[31]
0.0404358
0.112976
0.0444946
0.0420227
0.0251465
0.032486
0.266586
0.428467
0.337875
-0.273361
-0.305435
0.0608521
-0.192764
-0.0769348
0.246582
0.273331
0.217621
0.204697
0.132965
0.0266418
-0.123215
-0.196655
-0.193512
-0.229462
-0.296783
-0.632126
-0.923615
-0.859131
-1.27153
-1.36734
-0.659714
-0.412094
0.367783
1.67308
0.0563812
-0.237076
-0.724442
-0.391983
-0.111572
-0.00315857
-0.00918579
-0.0135498
-0.0138245
0.0195007
-0.13237
-0.0593567
0.0910034
0.083847
-0.00827026
-0.029953

[32]
-0.0037384
0.0261383
0.0310822
-0.0174713
-0.0152435
0.00956726
0.0619812
0.039917
0.132446
0.131027
0.0839691
0.0422974
-0.021286
0.050415
0.306778
0.500519
0.0187073
-0.319336
0.000900269
-0.0402832
0.0977783
0.352036
0.470032
0.448212
0.406448
0.307358
0.208633
0.143677
0.065155
0.0778503
-0.0973511
-0.266678
-0.739136
-0.921722
-1.01726
-1.16002
-0.639755
0.422226
0.857315
-0.355988
-0.218536
-0.0368347
-0.23703
-0.0822144
-0.0822906
-0.0283966
-0.0830994
-0.10759
-0.104355
-0.026535

