[1]
0.292801
-0.0514832
-0.0374603
-0.0263062
-0.026474
-0.0323486
-0.0294495
-0.028595
-0.0214233
-0.0315857
-0.0263824
-0.0208282
-0.0321198
-0.03302
-0.0201111
-0.0228729
-0.0202942
-0.0340729
-0.0221863
-0.00262451
-0.0170898
-0.0301971
-0.018158
-0.0202179
-0.0273743
-0.020874
-0.0180817
-0.00567627
0.00604248
0.0146637
0.0557098
0.0266724
-0.030899
-0.0753479
-0.00921631
0.0809631
0.0286865
0.0430298
-0.127457
-0.240204
0.11145
0.189377
0.223038
0.26593
0.292664
0.278992
0.219955
0.151047
0.0929413
0.0314636

[2]
-0.054718
-0.113586
-0.183762
-0.232101
-0.287537
-0.351288
-0.450729
-0.524719
-0.631836
-0.626251
-0.651215
0.256485
0.546738
0.118683
0.138107
-0.161575
-0.496506
-0.259644
0.0247955
0.0458832
0.0826874
0.0718536
0.0529938
-0.0367889
-0.116623
-0.0791321
0.070343
0.11412
0.0235596
-0.0401611
-0.0267029
0.0334625
0.0672913
0.0226135
-0.0305023
-0.0085907
0.00314331
0.0219116
0.0393677
0.0361481
0.0497284
0.0466003
0.0573273
0.0264587
0.0753326
0.0830688
0.00939941
0.0310059
0.0662994
0.16832

[3]
0.343018
0.365662
0.264999
-0.220673
-0.207306
0.0719147
-0.254166
0.0221405
0.279175
0.326279
0.242157
0.172455
0.122269
0.112167
0.0805511
0.0448456
-0.00682068
-0.054184
-0.183838
-0.247467
-0.463074
-0.781265
-0.858536
-0.861679
-0.826599
-0.738297
-0.547485
-0.131134
0.859848
0.68277
0.0606232
-0.195206
-0.564438
-0.344513
-0.1427
-0.0419464
-0.0123901
-0.00447083
-0.0375214
-0.122787
-0.0603638
0.0535889
0.0467987
-0.0237427
-0.0280304
-0.0178528
-0.00300598
0.00411987
-0.0096283
-0.0191803

[4]
-0.00534058
-0.0176544
-0.0123138
0.062973
0.112823
0.128708
0.0921173
0.0471344
-0.00654602
-0.0393219
-0.0275726
0.0558929
0.238541
0.333725
0.327759
-0.32341
-0.242081
0.0874176
-0.220535
-0.0930481
0.291885
0.343811
0.287079
0.204681
0.147522
0.123749
0.103683
0.0598602
0.00811768
-0.0327454
-0.128769
-0.245346
-0.476746
-0.726776
-0.87854
-1.1541
-1.07668
-0.884033
-0.632431
0.967117
0.28566
-0.12764
-0.587067
-0.297226
-0.145569
-0.10466
-0.0688629
-0.075592
-0.0684662
-0.0331116

[5]
-0.0296021
-0.0931702
-0.0196381
0.0221252
0.0177002
-0.026123
-0.0527954
-0.025589
0.0117188
0.016037
0.038681
0.023056
0.0212097
0.0354767
0.0301971
0.0380096
0.114914
0.0361938
0.039917
-0.0147247
-0.0532837
0.0649414
0.335953
0.415573
0.303375
-0.294647
-0.210907
0.0619659
-0.258377
0.118301
0.310532
0.341049
0.245544
0.18486
0.169907
0.146362
0.139938
0.0856628
0.0432129
-0.0527344
-0.206345
-0.352875
-0.514511
-0.654663
-0.815598
-1.13057
-1.10045
-1.17384
-0.468811
0.766907

[6]
0.31044
-0.178772
-0.137405
-0.548599
-0.284775
-0.0719299
-0.0465851
-0.135788
-0.0787659
-0.0250244
-0.0114441
-0.0429688
-0.0752258
0.00405884
0.0427246
0.041275
-0.00616455
-0.0366364
-0.0209503
0.00775146
0.0198975
0.00508118
-0.0153961
-0.0164032
0.0510101
0.0311279
0.0134583
0.0456238
0.00735474
-0.0457153
-0.00157166
0.0397034
0.0733337
0.372284
0.494324
0.238693
-0.281509
-0.194626
0.00334167
-0.331909
0.16452
0.304062
0.322189
0.227173
0.158676
0.143646
0.154556
0.0945892
0.0445404
-0.00930786

[7]
-0.0901794
-0.203186
-0.327026
-0.473465
-0.808487
-0.830078
-0.61618
-0.644928
-0.764404
-0.497528
0.519165
0.769653
-6.10352e-05
-0.120697
-0.509781
-0.266068
-0.130814
-0.153946
-0.0503387
-0.0535431
-0.0662079
-0.0151825
-0.0851135
-0.0699005
0.0344849
0.0564423
0.0394287
-0.00610352
-0.0599976
-0.0510406
0.00238037
0.00869751
-0.0131226
0.0110321
-0.0121155
0.0112915
0.0204163
0.00701904
0.0316162
0.0484161
0.0142212
0.0190887
0.0206757
0.070694
0.19693
0.304626
0.27916
-0.2556
-0.273193
-0.107529

[8]
-0.244202
0.0157776
0.270844
0.300659
0.190857
0.173737
0.168381
0.133942
0.0826569
0.0351715
-0.00491333
-0.0454102
-0.105545
-0.248688
-0.46701
-0.664413
-0.960327
-0.983795
-0.805145
-0.644592
-0.693817
0.71907
0.518097
-0.00738525
-0.30806
-0.4767
-0.266479
-0.152405
-0.111053
-0.148102
-0.0454407
-0.05159
-0.0280457
-0.111481
-0.119659
0.00868225
-0.00701904
-0.0463562
-0.134399
-0.0689697
-0.0426178
-0.0396729
-0.024765
-0.0388947
-0.0379028
0
-0.00672913
-0.00340271
0.0225983
0.0295715

[9]
0.0557098
-0.0173798
-0.0422974
-0.0185547
-0.0022583
0.00488281
0.116211
0.338547
0.361664
0.197205
-0.280121
-0.257629
-0.0149078
-0.146271
-0.0639954
0.244263
0.309525
0.257401
0.163818
0.121506
0.0874786
0.0296783
-0.0269928
-0.114639
-0.171768
-0.27655
-0.462463
-0.757782
-0.908646
-1.02007
-0.980789
-0.686005
-0.545303
-0.538681
-0.0180359
1.12462
0.110428
-0.153992
-0.303101
-0.262787
-0.198563
-0.11293
-0.0422668
-0.0743103
-0.0170441
-0.0343018
-0.0931702
-0.129486
-0.0527496
0.0382996

[10]
-0.00912476
-0.0449982
-0.0587616
-0.036911
-0.0167084
-0.0298157
-0.0242767
-0.0010376
0.00387573
0.000778198
0.0175629
-0.0381775
-0.00675964
0.00137329
-0.00144958
-0.016037
0.0414734
0.024704
-0.00611877
0.0166168
0.0490417
0.069931
0.0871277
0.203384
0.321457
0.117111
-0.277588
-0.293884
-0.0348053
-0.274384
0.146393
0.255371
0.273529
0.171143
0.130325
0.0843964
0.0296936
-0.00402832
-0.0553131
-0.129425
-0.157288
-0.296799
-0.579041
-0.716446
-0.917267
-1.00577
-1.00908
-0.736069
-0.645889
-0.643341

[11]
-0.193878
0.103745
0.953445
0.797638
-0.0455322
-0.400284
-0.175522
-0.310745
-0.191315
0.00595093
-0.0588989
0.0386353
0.0200653
-0.0575867
-0.143417
-0.1521
0.00883484
0.0808105
0.0216827
-0.0717926
-0.0866241
-0.027832
0.0181427
-0.00636292
-0.182404
0.0623932
-0.0215149
-0.0070343
0.0171204
0.0183563
0.061203
-0.00569153
0.0725555
0.0576324
0.00915527
-0.0654907
-0.0344696
0.0506134
0.195312
0.356567
0.274704
0.246368
-0.257675
-0.327255
-0.0461121
-0.247559
0.179565
0.261353
0.238876
0.180771

[12]
0.12233
0.110062
0.0909271
0.079895
-0.0103912
-0.0702667
-0.136597
-0.258453
-0.469345
-0.669907
-0.818237
-1.03685
-0.959488
-0.602203
-0.526566
-0.0655212
1.04523
-0.152786
-0.453812
-0.110947
-0.161438
-0.133011
-0.0486908
-0.047287
-0.0812988
0.0121002
0.00384521
-0.071579
-0.083313
0.0192261
0.0795441
0.0473785
-0.0378418
-0.0596008
-0.0124817
0.0137787
0.0228882
0.00143433
-0.00317383
-0.0168304
0.0238037
0.0595093
0.0197144
0.0295105
0.0589294
0.103668
0.0192719
-0.11676
-0.0337982
0.0323792

[13]
0.11676
0.207153
0.421814
0.381622
-0.103714
-0.389191
-0.190445
-0.134644
-0.003479
0.233154
0.236115
0.176392
0.132889
0.116348
0.110657
0.0412598
-0.0572815
-0.133194
-0.0533905
-0.0605621
-0.367035
-0.704544
-0.850983
-1.01236
-1.17578
-1.17561
-1.0009
-0.915115
-0.412903
-0.1418
0.507126
0.910355
0.0707245
-0.525665
-0.415848
-0.376587
-0.124313
-0.00666809
-0.0534363
0.000183105
-0.0241089
-0.0643921
-0.142563
-0.0392151
0.0908203
0.0296326
-0.0619965
-0.0999603
-0.0147858
0.0143585

[14]
0.0137787
-0.00663757
-0.0350037
-0.0508118
-0.000656128
0.0336914
0.0187683
0.0123444
-0.00154114
0.0507355
0.0574188
0.000350952
-0.0344696
0.00671387
0.0609589
0.153244
0.153748
0.255203
0.296936
-0.20694
-0.277496
-0.00923157
-0.109238
-0.0375671
0.237503
0.293472
0.225952
0.149948
0.133453
0.119171
0.0696716
0.0831451
0.0562744
-0.0676575
-0.12291
-0.214508
-0.60585
-0.86055
-1.15132
-1.34952
-1.1937
-0.92395
-0.656082
-0.466431
1.31361
0.20845
-0.276688
-0.524338
-0.33934
-0.119965

[15]
-0.208633
-0.0753021
-0.112122
-0.0106964
0.0539398
-0.0305176
-0.157608
-0.0683441
0.0135956
0.033844
-0.0614014
-0.0792084
-0.0222015
-0.0134277
-0.0283661
-0.0497131
-0.0292206
-0.00543213
-0.0187225
-0.000869751
0.000228882
0.0262299
0.0127869
0.0230408
0.044693
0.0396576
0.00935364
0.00961304
0.0399628
0.146759
0.40358
0.336899
0.152267
-0.264084
-0.262924
-0.00144958
-0.219177
0.201157
0.322891
0.300339
0.184204
0.152023
0.141159
0.100342
0.0467834
-0.00445557
-0.00964355
-0.0713959
-0.317398
-0.633331

[16]
-0.713501
-0.844574
-1.05287
-0.991989
-0.670349
-0.781799
-0.671967
-0.262466
1.39182
0.23497
-0.357178
-0.523636
-0.210724
-0.160706
-0.0962677
0.00949097
0.010376
0.0539551
0.0333252
-0.0877533
-0.136414
0.000289917
0.127762
0.0477905
-0.0393524
-0.0474701
-0.020462
0.0315704
0.0277405
0.00297546
-0.00634766
0.0022583
0.00489807
0.0228271
0.0455322
0.0385742
0.0320587
0.097229
0.0649261
0.0424652
0.0310059
0.0247345
-0.0052948
0.048172
0.126724
0.392715
0.37616
-0.0916443
-0.325043
-0.0396881

[17]
-0.0299072
-0.240738
0.192917
0.264725
0.25296
0.15387
0.0999756
0.08461
0.0506744
-0.0179443
-0.0493622
-0.0921478
-0.0777435
-0.191635
-0.456818
-0.557678
-0.86348
-1.18257
-1.07307
-0.817657
-0.807617
-0.673187
0.903305
0.397369
-0.163391
-0.534454
-0.192291
-0.10817
-0.152969
-0.0243683
-0.0574341
-0.0203705
0.0251312
-0.0248108
-0.138687
-0.10527
0.0562134
0.0869446
0.00643921
-0.0845795
-0.0927887
-0.0192413
0.0259247
0.0114899
-0.0381775
-0.0368958
-0.00508118
0.0239258
0.0361023
0.0279694

[18]
0.033371
-0.0105438
0.048111
0.0671844
0.00437927
0.0205383
0.0130463
0.0795898
0.0626221
0.322464
0.300705
-0.208191
-0.316055
-0.0442352
-0.0856628
0.0114594
0.192017
0.263763
0.19873
0.180908
0.115555
0.0636749
0.0517426
0.0196075
0.0175934
-0.0346832
-0.152161
-0.391617
-0.723709
-0.945953
-1.25063
-1.4836
-1.23309
-0.788971
-0.551422
-0.0988007
1.24347
0.00578308
-0.441895
-0.182434
-0.14151
-0.259903
-0.12973
0.015152
0.0158691
0.076828
0.00511169
-0.163818
-0.151077
0.0372467

[19]
0.123932
0.0244293
-0.0960999
-0.0570984
0.00598145
0.015152
0.000946045
-0.00256348
-0.00993347
-0.00692749
0.012558
0.0204468
0.00762939
0.0214539
0.0230865
0.0118561
0.0463409
0.057251
0.0299988
0.0343628
0.0131989
0.0900879
0.148636
0.333755
0.27684
-0.145447
-0.246765
0.0326385
-0.0501709
-0.0741272
0.107574
0.206589
0.232559
0.216049
0.175766
0.0893402
0.0171814
0.0017395
-0.0182953
-0.037674
-0.0860596
-0.279724
-0.516632
-0.730484
-0.885178
-1.08813
-1.12805
-0.989182
-0.722458
-0.0637817

[20]
0.957993
0.0411377
-0.203262
-0.604446
-0.159561
-0.128586
-0.170624
-0.0427551
-0.0333557
-0.0187073
-0.0266724
-0.103882
-0.170486
-0.059845
0.0538483
0.0253448
-0.0413208
-0.0755768
-0.0322876
0.0113068
0.0136871
0.000518799
0.00895691
-0.0278778
-0.0067749
0.00500488
0.00292969
0.00544739
0.0178223
0.087677
0.0521545
0.0174103
-0.0720062
-0.0413971
0.02742
0.0921326
0.270172
0.549683
0.424698
0.013443
-0.33252
-0.202667
-0.271378
-0.220886
0.31488
0.303635
0.246796
0.127731
0.0693665
0.107895

[21]
0.0946655
0.0201569
-0.0603485
-0.0840149
-0.139832
-0.421829
-0.783035
-0.938522
-1.20058
-1.32809
-0.978271
-0.569031
-0.319031
-0.128036
1.20235
0.229889
-0.268402
-0.323975
-0.201996
-0.079422
-0.0579987
-0.0379486
-0.0249329
-0.0207062
-0.0436096
-0.157776
-0.045105
0.0627289
0.0368195
-0.0370331
-0.0553589
-0.0330505
-0.00151062
0.0184937
0.0130005
0.00132751
-0.0148468
0.0233459
0.020813
0.00772095
-0.00759888
0.059494
0.0895996
0.0701447
-0.00338745
-0.0443115
-0.0296783
0.0726471
0.0276642
0.0735626

[22]
0.197876
0.276917
0.32164
-0.153061
-0.314651
-0.125748
-0.164398
0.125305
0.311661
0.305161
0.23967
0.201202
0.131439
0.124039
0.102905
-0.0267181
-0.0289612
-0.194229
-0.453888
-0.697586
-0.867416
-0.883331
-0.949371
-1.00327
-0.817932
-0.596466
-0.495453
-0.44635
-0.422287
0.242111
0.877258
0.130981
-0.167511
-0.154755
-0.0375366
-0.106689
-0.120697
-0.0385284
-0.0644684
-0.00669861
-0.0591431
-0.0852203
-0.0271149
0.0574036
0.0320892
0.0273895
0.0126648
0.0265961
0.0239716
0.000274658

[23]
0.00521851
-0.00259399
0.0234528
0.021225
0.0208435
0.0475006
0.0148621
0.0216217
0.0422363
0.107635
0.0485077
0.00125122
-0.0360718
0.0456085
0.0960541
0.139984
0.191437
0.25769
0.340851
-0.12886
-0.357407
-0.0965424
-0.0541382
-0.0789948
0.323975
0.301529
0.218826
0.149887
0.135239
0.134933
0.0662231
0.0122986
-0.0540314
-0.0930176
-0.216751
-0.414505
-0.709702
-0.716095
-0.991638
-1.07532
-0.883347
-0.688904
-0.599213
-0.253189
0.507111
0.970413
-0.00213623
-0.56221
-0.228607
-0.049942

[24]
-0.261459
-0.0763702
-0.00483704
-0.0019989
0.0226898
0.0142365
-0.0932159
-0.142899
-0.00598145
0.0847473
0.0508575
-0.0280304
-0.0631104
-0.0247345
0.0157318
0.0136871
0.00559998
-0.027832
-0.0244904
0.0220337
0.0117798
0.0350647
0.031189
0.0358124
0.0159912
-0.0122986
-0.0139923
-0.0200348
0.0185547
0.059494
0.0641327
0.180344
0.202042
0.325516
0.342194
-0.176865
-0.355072
-0.119461
-0.218536
0.10466
0.230148
0.251038
0.189606
0.181412
0.172058
0.155396
0.115204
0.0907898
0.0660706
-0.00546265

[25]
-0.0514374
-0.154892
-0.45285
-0.572418
-1.03484
-1.43924
-1.23157
-0.826935
-0.605179
-0.172012
0.931625
0.144928
-0.0816193
-0.243851
-0.559097
-0.343811
0.0103149
-0.0407562
-0.0944672
-0.0454865
-0.00860596
-0.0914307
-0.136993
-0.0620728
0.0290222
0.0377197
-0.0569763
-0.0922852
-0.0245209
-0.00798035
-0.0173187
-0.033783
-0.0215759
-0.0179443
-0.0278015
-0.0088501
0.0404663
0.0351562
0.056839
0.0595398
-0.0213623
-0.0381622
0.0111847
0.0467834
0.0954895
0.2603
0.399643
0.288239
-0.257614
-0.344925

[26]
-0.0369873
-0.13887
-0.0681915
0.218628
0.266449
0.200668
0.165115
0.15567
0.139984
0.128082
0.0746002
0.00602722
-0.00830078
-0.046402
-0.248947
-0.471207
-0.784088
-1.09248
-1.15167
-0.872833
-0.591873
-0.66832
-0.738663
0.996857
0.121445
-0.406067
-0.228973
-0.194321
-0.111023
-0.0919037
-0.0869598
-0.134827
-0.0664062
-0.0702972
-0.0522003
-0.0854187
-0.0519867
0.00480652
0.0154419
-0.0263672
-0.0471344
-0.0607758
-0.0228577
-0.0189819
-0.00273132
-0.0382233
-0.0410919
-0.0121307
0.0246582
0.0446167

[27]
0.00764465
-0.0196686
-0.0182343
0.0116577
0.0335083
0.0105743
0.0494995
0.0259247
0.189194
0.415833
0.342148
-0.189621
-0.352921
-0.118622
-0.11293
0.132751
0.193008
0.195679
0.164948
0.17923
0.133194
0.0822754
0.00439453
-0.048996
-0.0335541
0.0372772
-0.0937195
-0.469452
-0.651123
-0.813385
-0.993637
-0.947403
-0.778427
-0.644775
-0.604706
-0.333511
0.102951
1.21132
0.261337
-0.173599
-0.442078
-0.318161
-0.186554
-0.0873871
-0.0196686
-0.0278473
-0.0338898
-0.0384979
-0.0735779
-0.116653

[28]
-0.0140991
0.0535583
0.0356445
-0.037735
-0.0917511
-0.044754
0.00862122
0.00460815
0.00125122
-0.0101624
-0.0275574
0.00143433
0.0115967
0.0342102
0.0298615
0.02211
0.0112762
0.0300293
0.00654602
-0.00935364
0.0284271
0.0346069
0.0827026
0.160217
0.257919
0.359192
-0.0842438
-0.164764
-0.10376
-0.0799103
-0.122818
0.227615
0.315826
0.264069
0.211823
0.178589
0.146881
0.0773621
0.0301819
0.0110931
-0.0466461
-0.0844421
-0.191711
-0.571457
-0.666931
-0.895386
-1.07771
-0.911499
-0.691101
-0.639969

[29]
-0.394638
0.893524
0.129974
-0.1754
-0.179123
-0.252823
-0.200638
-0.162125
-0.0199738
-0.0550232
-0.0430603
0.0115051
0.0172577
-0.069809
-0.116287
-0.064743
0.0198975
0.0402985
-0.0127411
-0.0252228
-0.0621948
-0.0428009
0.0110016
-0.0058136
-0.0189667
-0.0381927
-0.0213776
0.00883484
0.0333557
0.0457001
0.00897217
-0.0236969
-0.0276642
-0.0327606
-0.00918579
-0.0289154
0.0700226
0.120163
0.292526
0.33754
0.330902
-0.059845
-0.282501
-0.154846
-0.102875
-0.00868225
0.264511
0.287338
0.225967
0.194107

[30]
0.159332
0.0925903
0.0339813
-0.0549011
-0.0887451
-0.105621
-0.161728
-0.516235
-0.807404
-0.95665
-1.05496
-1.11897
-0.932938
-0.583206
-0.457214
-0.449585
-0.167557
0.966583
0.606033
-0.100845
-0.512604
-0.24649
-0.0584717
-0.190125
0.0271301
0.00444031
0.000274658
0.0548096
-0.0253448
-0.0904846
-0.0948181
0.0584869
0.117722
0.0398407
-0.060379
-0.0228577
0.0648956
0.0260773
-0.00401306
0.00558472
0.00688171
0.0101013
0.00613403
0.0093689
0.0507355
0.0587616
0.0160675
0.0280304
0.0457001
0.0554504

[31]
0.0590057
0.0475922
0.0116119
0.00817871
0.224808
0.405975
0.0512695
-0.0677795
-0.136856
-0.00384521
-0.243073
0.171173
0.314743
0.280899
0.271118
0.241241
0.168991
0.16597
0.0984192
0.0886841
0.0516663
0.0108948
-0.194229
-0.40509
-0.59198
-0.821548
-1.03241
-0.846115
-0.780914
-0.739182
-0.50531
-0.273773
0.887878
0.163544
-0.206421
-0.135803
-0.154449
-0.207596
-0.160095
0.016098
-0.0128326
0.0591125
0.0836334
-0.050415
-0.162506
-0.0698242
0.0729065
0.0748749
-0.00473022
-0.0776978

[32]
-0.03479
0.0108185
0.0256805
-0.0146942
-0.0309296
-0.0173492
0.0149994
0.0357208
0.0124664
0.0137329
0.0222778
0.0337372
0.0485535
0.0485229
0.00424194
-0.0262146
-0.000701904
-0.00454712
0.112152
0.2491
0.303802
0.318573
-0.107956
-0.364456
-0.078537
-0.0314026
-0.153885
0.232407
0.297714
0.26091
0.167786
0.13884
0.119614
0.0671997
-0.0147858
-0.087738
-0.113724
-0.177139
-0.341354
-0.607773
-0.746658
-0.861084
-0.949692
-0.926239
-0.834259
-0.751114
-0.453827
-0.360825
-0.217072
0.146484

[33]
1.22113
0.199524
-0.161774
-0.313171
-0.246307
-0.0721283
0.00778198
0.0744781
0.10318
-0.00306702
-0.00221252
-0.0593567
-0.0304871
0.0957489
0.110886
0.0450745
-0.00682068
0.0271759
0.0753937
0.0681152
0.0509338
0.03685
0.00601196
0.0193481
0.0422821
0.0619202
0.0900116
0.0866547
0.0504456
0.0552368
0.0453949
0.00546265
0.0327454
0.0710449
0.0722656
0.0870819
0.17485
0.302414
0.327225
-0.0283508
-0.0391846
-0.0868988
0.00323486
-0.314056
0.131561
0.279465
0.335632
0.244598
0.164001
0.144928

[34]
0.122955
0.0719757
-0.0075531
-0.026886
-0.10022
-0.286743
-0.554581
-0.631027
-0.635544
-0.756622
-0.841599
-0.681564
-0.576874
-0.403778
-0.146088
0.918564
0.477524
-0.125671
-0.0696411
-0.22847
-0.184036
-0.13501
0.0253296
0.157532
0.0923462
0.0893555
0.0649109
-0.0093689
-0.116898
-0.025528
0.0911102
0.103378
0.044342
-0.019104
-0.0253601
0.0693665
0.0917816
0.0532074
0.00720215
0.0130768
0.0462036
0.0385284
0.071167
0.044693
0.0654907
0.0675659
0.0699158
0.078476
0.00941467
0.0793762

[35]
0.0641937
0.0912933
0.113251
0.217743
0.341705
0.0353088
-0.104294
-0.0559845
-0.0564728
-0.104828
0.207001
0.292313
0.265793
0.213501
0.188873
0.149658
0.0610657
0.0519562
0.098053
0.118393
0.0160828
-0.142441
-0.469254
-0.650909
-0.849854
-1.09889
-1.19867
-0.928665
-0.773056
-0.594604
0.016922
1.15034
-0.0136108
-0.11377
-0.286926
-0.249878
-0.214432
-0.00822449
0.0669708
0.097641
0.0438232
0.0604248
-0.056839
-0.165527
-0.0265198
0.122955
0.0665741
-0.0344696
-0.0889893
0.0250244

[36]
0.064621
0.00941467
-0.0170288
-0.0192719
0.00952148
-0.0241394
-0.00558472
0.0387115
0.0705261
0.0584412
0.0667267
0.0864105
0.0772705
0.0129089
0.0646515
0.0827942
0.109528
0.192383
0.245071
0.139542
-0.115936
-0.17215
-0.0444183
-0.191757
0.231277
0.332336
0.276962
0.306198
0.264725
0.212891
0.187622
0.158737
0.128723
0.0930176
0.0903931
-0.181091
-0.528397
-0.607086
-0.790314
-0.929276
-0.885422
-0.822723
-0.573547
-0.132812
0.00164795
1.03827
0.432968
-0.269608
-0.228958
-0.187027

[37]
-0.0547485
-0.0284271
-0.0170288
0.00521851
0.0180359
-0.0753174
-0.112625
-0.0638885
0.0435944
0.0460815
-0.0374756
-0.0717926
-0.0371094
-0.0596008
0.0328369
0.0771637
0.0287628
-0.0259247
-0.0371094
-0.00675964
0.0194244
0.0360565
0.0388184
0.029541
0.0740051
0.0581818
0.063446
0.0256805
0.0312195
0.0236664
0.152359
0.369522
0.342514
0.110291
-0.288925
-0.288254
0.0252838
-0.223511
0.196533
0.299438
0.296585
0.210388
0.141586
0.100357
0.0677795
0.0288544
-0.0262146
-0.0170746
-0.0143433
-0.299942

[38]
-0.562592
-0.617477
-0.714233
-0.755768
-0.787552
-0.800522
-0.69313
-0.685516
-0.547684
-0.466766
0.794601
0.690628
-0.0920563
-0.258362
-0.427277
-0.236572
-0.0644836
0.0370789
0.0032959
0.0261536
0.0567322
0.0130463
-0.0335693
-0.0216827
0.0557404
0.110596
0.0635681
-0.00912476
-0.0236359
0.0102539
0.0535126
0.0211945
0.0171051
0.0226593
0.0467529
0.031601
0.0256653
0.0264435
0.047699
0.0290985
0.0149536
0.0201721
0.075531
0.00326538
0.00790405
0.0293427
0.0653229
0.237885
0.392105
0.423416

