[1]
0.393051
-0.00389099
-0.0232849
-0.0133667
-0.0224609
-0.0101318
-0.00561523
-0.0118256
-0.0165405
-0.00326538
-0.00608826
-0.0128174
0.000411987
-0.00106812
-0.00300598
0.00187683
-0.0128021
-0.00700378
-0.00215149
-0.00656128
-0.00856018
-0.00325012
-0.000350952
-0.00233459
0.000549316
0.00154114
0.00445557
0.00491333
-0.0170746
-0.0204926
-0.047348
-0.141785
-0.199692
-0.307083
-0.330383
-0.424255
-0.41687
-0.247772
-0.0381622
0.137238
0.273727
0.169571
0.3116
0.378357
0.325195
0.264481
0.169098
0.100296
-0.00587463
-0.0596619

[2]
-0.119843
-0.192825
-0.257156
-0.325607
-0.373535
-0.375885
-0.283112
-0.188217
-0.0684052
-0.0822601
0.170624
-0.155716
-0.137177
-0.179062
-0.315598
-0.0818481
-0.0248871
-0.0571594
-0.01297
-0.106491
-0.0585327
0.0134583
-0.0166321
-0.0137177
0.00315857
0.0129547
-0.0258331
-0.0236359
-6.10352e-05
0.0397339
0.0135498
0.00869751
-0.000930786
0.0010376
0.00761414
0.0115967
0.00227356
-0.00521851
-0.0217133
-0.0447998
-0.0496368
-0.0572205
-0.09758
-0.129395
-0.216141
-0.229813
-0.343292
-0.484192
-0.698853
-1.01292

[3]
-1.06453
-0.914734
-0.838501
-0.528854
-0.404068
0.316544
-0.0170593
0.150772
0.433762
0.510178
0.560852
0.541809
0.504349
0.472153
0.423111
0.365219
0.261261
0.0249329
-0.242599
-0.607086
-1.0217
-1.09012
-1.12802
-0.813705
-0.474396
-0.333511
-0.368683
-0.0503998
-0.265869
-0.393112
-0.455063
-0.334534
-0.0970154
-0.11232
-0.108597
-0.0675659
-0.030899
-0.0921783
-0.0106659
0.0144501
0.0545044
0.01651
-0.0184631
-0.00814819
0.0210114
0.00843811
0.00991821
0.0218201
0.0306702
0.0166321

[4]
-0.00778198
0.0101776
-0.0125427
-0.0996704
-0.108627
-0.13765
-0.181
-0.225616
-0.221313
-0.409882
-0.660629
-1.06802
-1.02251
-1.08714
-0.960083
-0.521149
-0.3853
0.397675
0.0571289
0.329712
0.455032
0.571899
0.62677
0.632034
0.596451
0.519577
0.471664
0.425888
0.320023
0.0720062
-0.207565
-0.6297
-1.00143
-1.09537
-1.13333
-0.775299
-0.434906
-0.638
-0.10408
-0.523102
-0.259674
-0.581879
-0.180908
-0.209854
-0.121811
-0.0700836
-0.130173
-0.0052948
-0.0349274
-0.0171051

[5]
-0.0118256
0.0123901
0.046524
0.0131836
0.0440674
0.0507355
0.0571442
-0.0154114
0.0110016
-0.0266266
-0.0328674
-0.0129089
-0.0648346
-0.0804291
-0.121017
-0.126251
-0.201126
-0.171127
-0.220947
-0.376434
-0.731705
-1.08554
-1.08974
-1.11075
-0.888809
-0.578506
-0.405426
0.617676
-0.0692139
0.181915
0.485748
0.54538
0.618835
0.591431
0.537277
0.492569
0.453156
0.39772
0.247116
-0.0010376
-0.315735
-0.679916
-1.06094
-1.10274
-1.14154
-0.902573
-0.527298
-0.561554
0.0322418
-0.332962

[6]
-0.309799
-0.532639
-0.355301
-0.145844
-0.0708771
-0.0661926
-0.0750885
-0.0400391
-0.0640106
-0.0501251
-0.00921631
0.0242462
0.0233765
0.0340881
0.0063324
0.00787354
0.00038147
0.0183258
0.00404358
-0.00610352
-0.0121307
-0.0201416
0.00241089
0.0111542
-0.0600128
-0.0998535
-0.131226
-0.184662
-0.198456
-0.270248
-0.42157
-0.766098
-1.07599
-1.08922
-1.08961
-0.898956
-0.498444
-0.280243
0.678787
0.102814
0.229248
0.590775
0.637909
0.675522
0.648605
0.600937
0.531906
0.506088
0.443924
0.256348

[7]
0.0207977
-0.313889
-0.790298
-1.0666
-1.10938
-1.14882
-0.77626
-0.422287
-0.430939
-0.0087738
-0.214645
-0.398514
-0.468658
-0.411285
-0.164062
0.00700378
0.00462341
-0.0928345
-0.0451508
-0.0585022
-0.0479736
-0.0134888
-0.00350952
0.0249481
0.0258179
0.00201416
-0.00393677
0.0117188
0.01474
0.0195465
0.00102234
-0.0119171
-0.030777
-0.00549316
-0.00282288
-0.0940247
-0.109238
-0.128143
-0.152039
-0.231598
-0.249634
-0.380463
-0.586563
-0.911377
-1.07663
-0.96759
-0.918045
-0.505798
-0.532822
0.223862

[8]
0.149323
0.295868
0.544891
0.627731
0.690063
0.659897
0.602463
0.519119
0.504257
0.463623
0.286804
0.0566559
-0.24118
-0.692932
-1.06053
-1.10158
-1.14258
-0.914795
-0.517944
-0.258057
-0.269745
-0.460907
-0.243118
-0.536163
-0.312744
-0.245697
-0.0707703
-0.0503845
-0.107117
0.0153046
-0.0731201
-0.0903778
-0.0509491
0.0102997
0.00700378
-0.0161438
-0.0338898
0.0155792
0.0203247
0.00679016
0.0185242
0.0180664
0.0075531
-0.00314331
-0.0125427
-0.0317993
-0.0167389
-0.0555878
-0.0746155
-0.0580902

[9]
-0.0963745
-0.102661
-0.165222
-0.253082
-0.409866
-0.670395
-0.982742
-0.755524
-0.76181
-0.681885
-0.431259
-0.330353
0.326538
0.226501
0.296204
0.457382
0.546173
0.632385
0.629974
0.57634
0.478149
0.421341
0.358093
0.171585
-0.0713959
-0.38031
-0.75351
-1.04768
-1.09241
-0.862381
-0.621872
-0.414413
-0.22522
-0.108795
-0.126785
-0.430374
-0.242935
-0.401978
-0.209671
-0.130127
-0.0818939
-0.0914917
-0.00466919
0.0621338
-0.0474243
-0.0303955
-0.0017395
0.0408325
-0.00605774
-0.0375061

[10]
-0.0188904
-0.0115204
0.00273132
0.0148621
0.0183105
0.0116425
0.000411987
0.000793457
0.00975037
-0.0238342
-0.0199738
-0.0250244
-0.0429535
-0.0532074
-0.0765839
-0.0854645
-0.125397
-0.113983
-0.185287
-0.263611
-0.481796
-0.671997
-0.847504
-0.725525
-0.736618
-0.587204
-0.321991
-0.282532
0.589264
0.182739
0.196671
0.511932
0.504333
0.569275
0.541626
0.511459
0.48317
0.439926
0.364273
0.1763
-0.107803
-0.432358
-0.820404
-0.946594
-1.06088
-0.798996
-0.587555
-0.406998
-0.253723
-0.0728149

[11]
-0.263306
-0.0682983
-0.411453
-0.317734
-0.257812
-0.319916
-0.154724
0.0159454
-0.146973
-0.0540009
-0.0143585
-0.0452423
-0.115829
-0.0473022
0.0215149
0.0564728
-0.00167847
-0.0314636
0.00224304
0.0189819
0.0345917
0.0163574
0.0249023
0.00189209
-0.104996
-0.0665131
0.00408936
-0.0211182
-0.0122375
-0.0534058
-0.0765533
-0.113739
-0.197357
-0.131439
-0.160919
-0.345535
-0.49913
-0.712311
-0.934036
-0.729706
-0.712357
-0.620026
-0.49054
-0.270386
0.599274
0.0986786
0.20015
0.498047
0.561356
0.663452

[12]
0.659805
0.619156
0.548737
0.461945
0.396973
0.204651
-0.0570526
-0.399765
-0.802307
-1.07362
-1.1096
-0.846558
-0.612137
-0.394806
-0.168686
-0.0799866
-0.418137
-0.274567
-0.262772
-0.263962
-0.0207825
-0.10611
-0.0716858
0.0238495
-0.0386047
-0.107468
-0.0466766
0.0257568
-0.0072937
-0.0377045
-0.0425415
-0.030014
0.0206451
0.0175476
0.0280304
0.0110626
0.00270081
-0.00648499
-0.000320435
-0.0455475
-0.0428772
-0.00428772
-0.062439
-0.100983
-0.111664
-0.149963
-0.120956
-0.279556
-0.356415
-0.602936

[13]
-0.863724
-1.04811
-0.814163
-0.674194
-0.453873
-0.457245
0.137146
0.182114
0.243286
0.387421
0.482376
0.572021
0.580719
0.582092
0.515289
0.513153
0.463486
0.333923
0.0535736
-0.264267
-0.626373
-1.04001
-1.07056
-1.05508
-0.787369
-0.508606
-0.338425
-0.0151672
-0.42717
0.0834045
-0.188843
-0.412643
-0.383987
-0.447937
-0.223694
-0.0338593
-0.0875244
-0.0649109
0.0402832
-0.136414
-0.101974
-0.0310059
0.0386047
0.0204315
-0.0175323
-0.00856018
0.00915527
0.0102081
0.00942993
0.0136871

[14]
0.00642395
0.00495911
0.0208282
0.0327606
-0.0315399
-0.0419464
-0.0436859
-0.0455475
-0.0720062
-0.0939178
-0.187469
-0.224426
-0.284027
-0.41185
-0.567734
-0.928726
-1.0016
-0.74408
-0.697144
-0.514404
-0.453506
0.175156
0.0579071
0.196411
0.410217
0.499588
0.591553
0.620789
0.60611
0.551743
0.503693
0.433426
0.287445
0.057312
-0.227951
-0.697403
-1.05766
-1.09447
-1.12817
-0.636047
-0.419037
-0.206009
-0.219696
-0.127502
-0.553741
-0.24527
-0.342499
-0.381744
-0.171204
-0.0239258

[15]
-0.109711
0.0335999
0.0249634
-0.0992126
-0.0861206
-0.00639343
0.0371704
0.0111084
-0.0310974
-0.0374603
-0.00283813
0.0389709
0.0487213
0.0280304
0.0132904
-0.00186157
-0.0393982
-0.0531616
-0.0381012
-0.0228577
-0.0518646
-0.0634918
-0.0965424
-0.127396
-0.112808
-0.152237
-0.251816
-0.412491
-0.623093
-0.981567
-1.07294
-0.748657
-0.631378
-0.64653
-0.269318
0.616287
0.130829
0.175461
0.473572
0.555405
0.621552
0.588074
0.53923
0.471802
0.467224
0.372665
0.148117
-0.113739
-0.462189
-0.706116

[16]
-1.04776
-1.01427
-0.768738
-0.716385
-0.470551
-0.481384
-0.0617828
-0.192917
-0.556763
-0.251923
-0.444061
-0.184448
-0.054306
-0.0191193
-0.129578
-0.0294189
0.0279846
-0.0776825
-0.0571899
-0.000549316
0.0541077
0.0055542
-0.0415802
-0.0319824
-0.010025
0.0068512
0.0123749
0.00617981
-0.00379944
-0.00205994
-0.0158081
-0.00726318
-0.0305023
-0.0163269
-0.0432434
-0.0865173
-0.103867
-0.165802
-0.137833
-0.130981
-0.215775
-0.307663
-0.518524
-0.743347
-0.973679
-0.782623
-0.747253
-0.529984
-0.52095
-0.0726166

[17]
0.634857
0.25235
0.219162
0.48439
0.551758
0.608994
0.593109
0.526001
0.443176
0.450302
0.326035
0.123917
-0.176834
-0.557663
-0.925812
-1.05695
-1.08795
-0.752548
-0.604523
-0.326324
-0.12619
-0.120117
-0.531296
-0.319748
-0.328537
-0.313812
-0.147339
0.0592651
-0.0865021
-0.0569
0.0408783
-0.0513153
-0.0906219
0.00256348
0.0293579
0.0162659
-0.0172272
-0.0433655
-0.0209808
0.0304413
0.0391235
0.0155945
0.00538635
-0.015564
-0.00787354
0.0146027
-0.00146484
-0.0517426
-0.0918427
-0.0835571

[18]
-0.0778198
-0.105759
-0.213379
-0.184921
-0.274902
-0.374374
-0.517471
-0.749557
-0.987991
-0.736511
-0.659454
-0.469452
-0.395432
0.147095
0.172943
0.217712
0.412354
0.481812
0.571243
0.586792
0.567307
0.489532
0.467087
0.426529
0.245605
0.022522
-0.269043
-0.700455
-1.02403
-1.06767
-0.964035
-0.438339
-0.335953
-0.363266
-0.0411835
-0.173203
-0.568329
-0.172592
-0.43895
-0.26387
-0.0189056
-0.0505676
-0.0727234
0.0678101
0.0035553
-0.0913849
-0.035202
0.0138855
0.0337219
-0.0357056

[19]
-0.0688324
-0.0406494
0.0322418
0.0396576
0.00431824
0.01091
0.0103149
-0.00971985
-0.000717163
-0.00653076
0.00273132
-0.0315552
-0.047699
-0.0621796
-0.0883179
-0.101624
-0.145035
-0.187683
-0.261948
-0.447357
-0.640457
-0.87529
-1.07866
-0.64006
-0.638214
-0.436676
-0.299698
0.23114
0.303589
0.297119
0.339951
0.45787
0.568039
0.563782
0.565506
0.486145
0.432266
0.350082
0.247803
0.0378876
-0.218781
-0.542969
-0.960831
-1.07761
-1.10768
-0.628662
-0.253464
-0.309448
-0.1147
-0.186966

[20]
-0.389343
-0.163361
-0.302063
-0.32576
-0.196457
0.00370789
-0.0673981
0.0247955
0.004776
-0.0949402
-0.0619354
-0.0204315
0.0149384
0.00743103
-0.0226898
-0.00654602
0.00997925
0.0228729
0.0220184
0.00811768
0.00187683
-0.0144806
-0.0135193
-0.0213013
-0.0092926
-0.0160828
-0.0286102
-0.0741882
-0.0996704
-0.130081
-0.113892
-0.129654
-0.23616
-0.347015
-0.569107
-0.804062
-1.0022
-0.822113
-0.843216
-0.516235
-0.643539
0.0932007
0.593964
0.285477
0.378464
0.609818
0.64122
0.668533
0.668167
0.591812

[21]
0.473892
0.488129
0.351273
0.063797
-0.299698
-0.810928
-1.05029
-1.08327
-1.02539
-0.519043
-0.373032
-0.196777
-0.221237
-0.079422
-0.500992
-0.317719
-0.597763
-0.199036
-0.0552979
-0.0964508
-0.00820923
0.0471039
-0.0884552
-0.0870972
-0.0278778
0.0142822
0.00276184
-0.0136871
-0.0274048
0.00271606
0.00088501
-0.00537109
0.00286865
-0.00186157
0.00282288
-0.0264893
-0.000549316
0.0198364
-0.0141296
-0.0849152
-0.117432
-0.0811157
-0.111572
-0.110504
-0.113037
-0.180847
-0.208618
-0.31543
-0.564056
-0.75853

[22]
-0.800522
-0.659271
-0.677765
-0.597809
-0.436722
0.306091
0.0928345
0.26535
0.468048
0.557648
0.624512
0.628555
0.557617
0.492691
0.389328
0.308853
0.0496826
-0.266571
-0.403931
-0.596542
-0.767136
-0.782211
-0.639908
-0.435196
-0.323471
-0.14888
-0.0513763
-0.0212708
-0.0564423
0.0245819
-0.454956
-0.228806
-0.227539
-0.171539
-0.0466919
-0.0128784
0.0390015
0.0374451
-0.0195312
-0.0886383
-0.0139923
0.0378723
0.0241241
-0.00308228
0.00872803
-0.00863647
-0.0225525
-0.00222778
-0.00248718
0.00552368

[23]
0.0137024
0.00750732
-0.0128326
-0.0357819
-0.0203247
-0.035614
-0.0521393
-0.0709534
-0.0979156
-0.152283
-0.117722
-0.145859
-0.23793
-0.35112
-0.568924
-0.858505
-1.00981
-0.80249
-0.719696
-0.471344
-0.529327
0.0900574
0.483444
0.377655
0.419342
0.534439
0.607605
0.608597
0.558258
0.46228
0.440582
0.360489
0.201523
-0.0305023
-0.308319
-0.68367
-1.03188
-1.05821
-0.917175
-0.60788
-0.396805
-0.405807
-0.108536
-0.0974121
-0.235321
-0.354584
-0.178619
-0.354538
-0.281052
-0.0612335

[24]
-0.0490112
-0.0431061
0.0669403
-0.00965881
-0.0769043
-0.0492249
0.000640869
0.0489197
0.0109863
-0.0315094
-0.0293884
0.00753784
0.0215607
0.0334015
-0.00151062
0.00787354
-0.00892639
0.00932312
0.00393677
0.00704956
-0.0119629
-0.0350189
-0.0680695
-0.0990906
-0.0855713
-0.0989685
-0.112869
-0.197388
-0.281616
-0.440338
-0.634415
-0.894257
-1.00449
-0.810684
-0.717224
-0.444397
-0.417053
0.3116
0.102844
0.159317
0.450348
0.463516
0.555695
0.559525
0.556747
0.526474
0.489914
0.417542
0.246353
0.0306091

[25]
-0.18663
-0.535492
-1.04568
-1.09151
-1.12842
-0.80217
-0.49823
-0.34285
-0.176788
-0.0467529
-0.23851
-0.156189
-0.464325
-0.198456
-0.0582886
-0.113907
-0.139923
-0.128418
0.0134735
-0.0701904
-0.0613098
-0.0103149
0.0217285
0.00273132
-0.0142822
0.0071106
0.00215149
0.0295258
0.0169525
-0.00640869
0.000305176
-0.010025
-0.00462341
-0.00779724
-0.0355377
-0.0438538
-0.0326843
-0.0867462
-0.106735
-0.142014
-0.159668
-0.287811
-0.407394
-0.595581
-0.852203
-1.05281
-0.871353
-0.742767
-0.418793
-0.488937

[26]
0.229828
0.277939
0.31871
0.449112
0.551788
0.630829
0.611954
0.575623
0.489105
0.41394
0.379349
0.21257
-0.0202484
-0.301651
-0.688187
-1.01488
-1.08624
-0.956406
-0.762543
-0.677338
-0.411957
-0.198166
-0.157333
-0.62355
-0.218719
-0.561203
-0.2164
-0.175354
-0.128464
-0.144211
-0.00341797
-0.0266724
-0.0632935
-0.0239563
0.00894165
-0.0038147
0.0045166
0.00123596
-0.0101624
-0.00848389
0.00927734
0.0181885
-0.00283813
0.00152588
0.017746
-0.00706482
-0.0263519
-0.0188599
-0.0509338
-0.0691223

[27]
-0.0903931
-0.105286
-0.111832
-0.16124
-0.241547
-0.326797
-0.558487
-0.898453
-1.07407
-1.01862
-0.787933
-0.519547
-0.346146
0.333786
0.00601196
0.200806
0.526245
0.577728
0.615662
0.584396
0.559586
0.503265
0.505661
0.424561
0.249634
-0.0104523
-0.314026
-0.668304
-0.983032
-1.06592
-0.891708
-0.690216
-0.493652
-0.292084
-0.104019
-0.135742
-0.112076
-0.368164
-0.21611
-0.510071
-0.191391
-0.0816345
0.00907898
-0.0784607
-0.0485992
0.00856018
-0.054245
-0.0507355
-0.00785828
0.0317993

[28]
0.0289001
0.00572205
-0.0214539
-0.00244141
0.0206299
0.0151672
0.00285339
-0.00236511
-0.00886536
-0.00692749
0.0185242
0.0150757
-0.0328522
-0.0457306
-0.0449066
-0.0545349
-0.0883331
-0.142944
-0.193726
-0.242477
-0.412964
-0.613586
-0.854324
-1.00084
-0.826416
-0.801682
-0.527145
-0.441864
0.0916901
0.492737
0.368774
0.384445
0.533203
0.646576
0.616486
0.567749
0.500793
0.471497
0.414276
0.237595
0.0350189
-0.209717
-0.653488
-1.04872
-1.08168
-1.08098
-0.62619
-0.407333
-0.499023
-0.151993

[29]
-0.152725
-0.473068
-0.170258
-0.367508
-0.313248
-0.132599
0.0335236
0.0135651
-0.0290222
0.0518036
-0.0197906
-0.115585
-0.0624084
-0.0121307
0.0316772
-0.00587463
-0.0101929
-0.0237732
0.00088501
0.016037
0.0217285
0.0266266
0.0184326
0.00128174
-0.00357056
0.0101471
0.0149231
-0.0123901
-0.0626221
-0.0700073
-0.0621643
-0.061203
-0.0792847
-0.134613
-0.260101
-0.396988
-0.669968
-0.925385
-0.932449
-1.0352
-0.925858
-0.541229
-0.377182
0.190735
0.422531
0.377136
0.512344
0.593567
0.690033
0.639038

[30]
0.5793
0.478149
0.468079
0.390366
0.24704
0.0250092
-0.284546
-0.663528
-1.00578
-1.05911
-0.835175
-0.298203
-0.231186
-0.207123
-0.0612946
-0.167068
0.0791168
-0.514664
-0.417542
-0.282257
-0.501266
-0.121735
0.175766
-0.0354614
-0.0185852
0.0802002
-0.0196381
-0.139221
-0.000564575
0.0149536
0.00238037
-0.00733948
-0.0381317
-0.0145569
0.040802
0.0421906
0.00358582
-0.0157776
-0.0225677
-0.0125275
-0.0118866
-0.00843811
-0.0324554
-0.0287781
-0.0514221
-0.0666809
-0.113708
-0.107254
-0.12999
-0.312393

[31]
-0.362381
-0.556442
-0.77739
-0.969559
-0.906509
-0.844376
-0.701035
-0.438278
-0.0138245
0.856537
0.3759
0.249496
0.556534
0.636154
0.563904
0.511047
0.457062
0.416763
0.351669
0.227585
0
-0.218582
-0.59343
-0.918365
-1.04865
-1.04848
-0.672165
-0.396942
-0.229004
-0.0535278
-0.00950623
-0.0777588
-0.461472
-0.180008
-0.434509
-0.282135
-0.108215
0.0365143
-0.0379791
0.0475006
0.0935974
-0.0247955
-0.0958862
-0.011322
0.0263519
0.0421753
-0.0302429
-0.0419006
-0.00569153
0.0293121

[32]
0.0154724
0.00737
0.0112457
0.0125122
0.0154266
0.00270081
-0.00598145
-0.0209961
-0.0427551
-0.0433502
-0.0662994
-0.113129
-0.10585
-0.140915
-0.137543
-0.200165
-0.371216
-0.626312
-0.872086
-0.966751
-0.75975
-0.663834
-0.47995
-0.330414
0.123047
0.502975
0.409851
0.313629
0.472153
0.544998
0.572983
0.536041
0.443558
0.392822
0.392822
0.227097
-0.0171661
-0.241043
-0.593109
-0.890762
-1.0513
-1.04797
-0.673935
-0.458542
-0.162613
-0.0155334
-0.0896759
-0.0297699
-0.185715
0.193512

[33]
-0.383865
-0.144623
-0.499939
-0.164658
-0.10788
0.0800934
0.0127106
0.00779724
-0.0361023
-0.113327
-0.0210419
0.0298309
0.0224304
-0.00483704
-0.0162506
-0.0137177
0.0244446
0.0185547
-0.0124207
-0.00120544
-0.0149078
-0.00695801
-0.0150299
-0.00611877
-0.0283203
-0.0475159
-0.0735016
-0.0638885
-0.0840759
-0.114334
-0.118896
-0.184204
-0.264404
-0.3927
-0.600967
-0.75502
-0.891037
-0.693817
-0.695694
-0.538651
-0.398148
-0.106186
0.647797
0.387177
0.18866
0.490585
0.504211
0.530884
0.516464
0.468079

[34]
0.391541
0.344254
0.224777
0.00135803
-0.229065
-0.518173
-0.76973
-0.978119
-0.831131
-0.556885
-0.399643
-0.25563
-0.19313
-0.0388947
-0.124084
-0.332977
-0.143188
-0.181595
-0.220947
-0.138794
0.0278931
0.0415192
0.00904846
0.00354004
0.0131073
-0.0101624
-0.0807648
-0.0456085
0.0329895
-0.0140991
-0.0269165
-0.0236206
0.000915527
0.0201111
0.0365601
0.00440979
0.00180054
-0.0139008
-0.0135956
-0.00808716
-0.0111542
-0.05336
-0.0306854
-0.0862122
-0.104263
-0.130356
-0.157578
-0.21019
-0.210892
-0.417465

[35]
-0.664749
-0.897049
-1.05997
-0.711273
-0.784607
-0.543732
-0.411591
0.133438
0.515182
0.338303
0.312866
0.464386
0.567413
0.507858
0.508163
0.464874
0.411072
0.384277
0.25174
0.0661469
-0.172318
-0.492035
-0.774399
-1.00897
-0.968384
-0.734009
-0.436569
-0.206833
-0.359802
-0.00941467
-0.0905457
-0.419495
-0.0519409
-0.279556
-0.0830078
-0.0190277
0.00108337
-0.0699005
-0.0238647
0.0359497
-0.0184631
-0.0684357
-0.0355682
0.0201569
0.00360107
-0.060318
-0.010376
0.0212097
0.0384979
0.0244293

[36]
0.000930786
-0.0115662
-0.0255432
-0.00360107
-0.0283661
-0.0191803
-0.0207367
-0.0649719
-0.0911255
-0.141876
-0.172546
-0.159576
-0.261826
-0.315979
-0.470062
-0.757431
-0.977539
-0.829117
-0.874542
-0.921478
-0.466614
-0.0188904
0.832031
0.341721
0.364365
0.623657
0.687592
0.554916
0.529297
0.479965
0.410995
0.371109
0.249481
0.0652008
-0.224838
-0.593781
-1.02805
-1.06604
-1.09584
-0.600677
-0.373169
-0.265762
-0.0165863
-0.0115051
-0.0624084
-0.303497
-0.303146
-0.567719
-0.244766
-0.0461121

[37]
-0.0474243
-0.082962
0.0518341
-0.0200806
-0.137314
-0.0322113
0.0307312
0.00949097
-0.00125122
-0.00672913
0.0501099
0.046463
0.0588379
0.0920563
-0.0349731
-0.0400543
-0.0300446
-0.0189514
-0.0050354
-0.0165253
-0.0152893
-0.0557251
-0.0623779
-0.0717468
-0.181808
-0.183319
-0.159073
-0.282806
-0.43837
-0.692917
-1.00334
-0.969864
-0.780014
-0.655884
-0.509201
-0.229843
0.626328
0.130585
0.222366
0.545776
0.585388
0.621338
0.575653
0.513
0.467865
0.435013
0.32402
0.123825
-0.161285
-0.434357

[38]
-0.700363
-0.888031
-0.853867
-0.668198
-0.532745
-0.368469
-0.259201
-0.0873566
-0.236572
-0.0147552
-0.271317
-0.236755
-0.372452
-0.262909
-0.0864105
-0.0448151
-0.043869
-0.0766144
-0.00343323
-0.0498962
-0.0358429
-0.0250549
0.00979614
0.0379181
0.0205688
0.00230408
-0.00906372
0.033783
0.0254974
-0.00250244
-0.0038147
0.0018158
0.00175476
0.00302124
0.0232544
0.0113678
-0.0169373
-0.0465088
-0.0575714
-0.064743
-0.0835114
-0.122467
-0.204559
-0.235992
-0.331131
-0.508789
-0.69371
-0.891693
-0.706436
-0.729477

