[1]
0.294312
-0.178116
-0.166946
-0.157913
-0.161362
-0.152771
-0.148529
-0.150925
-0.151642
-0.142776
-0.146561
-0.143967
-0.140564
-0.130035
-0.123428
-0.124161
-0.114212
-0.118866
-0.12149
-0.106873
-0.102005
-0.108582
-0.105606
-0.0909119
-0.0976562
-0.100204
-0.074585
-0.0421143
-0.0127869
0.00270081
0.0871582
0.076889
0.0476532
0.0193939
0.0571594
0.0776978
0.24559
0.0426483
0.168396
0.15657
0.277771
0.275436
0.576294
0.432404
0.282013
0.227875
0.155731
0.0717468
-0.0600281
-0.167587

[2]
-0.206757
-0.260452
-0.279953
-0.377014
-0.465805
-0.551147
-0.684906
-1.00415
-1.09511
-0.627686
-0.820831
0.328506
0.383347
0.12146
-0.296753
-0.100342
0.0357208
-0.20813
-0.320831
-0.316696
0.00891113
0.0877228
0.0220184
0.0345764
0.063446
0.0473175
0.0332489
-0.00502014
0.0587616
0.0422821
0.0331421
0.0297089
0.0240936
0.0547791
0.0612946
0.0765991
0.0780334
0.0187378
-0.000244141
0.0482941
0.092392
0.0398865
0.0496216
0.0733643
0.0804138
0.156357
0.156311
0.146515
0.174362
0.279419

[3]
1.12805
0.942261
0.438629
0.923325
0.487915
0.680115
-0.00204468
0.117661
0.475952
0.695358
0.605804
0.545639
0.404144
0.287338
0.183456
0.125916
0.119064
0.0183258
-0.209763
-0.388428
-0.64856
-1.29442
-1.78972
-1.63004
-1.84398
-2.2478
-0.973083
-0.67366
0.691071
-0.0879517
-0.504059
-0.36615
-0.131134
-0.387756
-0.395355
-0.161636
0.0278015
0.0173187
-0.034256
0.0721741
0.0935059
0.0144501
-0.0666809
-0.00231934
0.00669861
0.00582886
0.00102234
0.0310211
0.0723114
0.0170593

[4]
0.0280609
0.0724792
-0.0927734
-0.122284
0.00883484
0.0891418
0.0797424
0.135956
0.112213
0.15329
0.15065
0.4207
1.35834
0.794632
0.368179
0.933807
0.572784
0.741013
-0.0399323
-0.115143
0.268082
0.612274
0.636551
0.578049
0.460861
0.264984
0.114456
0.0578766
0.0740814
-0.00817871
-0.275711
-0.526627
-0.744965
-1.33243
-1.76724
-1.59363
-2.28146
-2.15015
-1.12015
0.978668
0.287491
-0.670532
-0.187881
-0.483505
-0.488464
-0.409454
-0.130005
0.0974121
-0.0165253
-0.0711517

[5]
-0.0237885
0.0405731
0.0230255
-0.0842133
-0.0511627
0.0327301
0.0370178
-0.0570374
-0.0108948
0.00732422
-0.0330658
-0.0471649
-0.0682983
-0.041214
0.0128632
0.0549774
0.0584564
0.0923767
0.0289764
0.114731
0.0339203
0.295822
1.39015
1.0399
0.54892
0.758896
0.629837
0.558655
-0.137451
0.223572
0.481277
0.646683
0.560318
0.49971
0.365738
0.224854
0.133621
0.122314
0.107452
-0.0201263
-0.334503
-0.501434
-0.729523
-1.54274
-1.80589
-1.84804
-2.57114
-1.3195
-0.359009
0.971268

[6]
-0.190598
-0.555466
-0.337906
-0.342316
-0.281143
-0.391922
-0.224777
-0.0371094
-0.0778503
-0.0458069
0.0412445
0.0751953
0.0237427
-0.044281
-0.120102
-0.0770416
-0.0954285
-0.0239258
-0.0291901
0.0148163
0.0116882
-0.00769043
-0.00646973
0.0424194
0.0489349
0.0435486
0.0181885
0.0189514
0.0393982
0.175797
0.159576
0.0754242
0.300278
1.03308
0.870483
0.616898
1.14766
0.444199
0.424072
-0.365997
0.207596
0.532684
0.656342
0.527374
0.468536
0.352234
0.221863
0.139328
0.112213
0.0451202

[7]
-0.110153
-0.295151
-0.649384
-0.869171
-1.34598
-1.83205
-1.78421
-2.48602
-1.21037
-0.801682
0.738907
0.0278778
-0.677048
-0.476898
-0.172363
-0.263474
-0.424026
-0.297653
-0.0708771
-0.0297546
-0.0409241
0.053421
-0.00117493
-0.0389404
-0.0232697
-0.0711212
-0.0936279
-0.11882
-0.00595093
-0.00144958
-0.0213623
0.00971985
0.0246277
-0.0250549
0.0363007
0.00462341
-0.00480652
0.0359192
0.0399323
0.0870361
-0.00318909
0.156479
0.0590363
0.312973
0.787155
0.970001
0.583817
0.890839
0.462692
0.456467

[8]
-0.050827
0.00364685
0.383728
0.638718
0.563812
0.513275
0.371689
0.212799
0.157928
0.128525
0.0959625
-0.0297699
-0.223511
-0.612106
-0.850082
-1.26112
-1.61415
-1.55325
-2.04221
-2.22557
-1.32791
0.699707
0.144791
-0.798828
-0.197906
-0.436813
-0.237106
-0.495316
-0.289169
-0.00643921
-0.0479889
-0.16272
-0.101151
0.0302124
0.0231018
-0.10463
-0.150146
-0.104523
-0.0170441
-0.0495911
-0.0635376
-0.0141907
-0.00245667
-0.0483398
-0.0578766
-0.019577
-0.00183105
-0.031662
-0.018158
-0.00552368

[9]
0.0492249
0.0584412
-0.0280762
0.0255737
0.0390625
0.0167694
0.05336
1.22495
0.713364
0.363876
0.630737
0.432938
0.570236
-0.0473938
-0.0978394
0.253601
0.528976
0.548355
0.484589
0.354401
0.166397
0.0970001
0.17749
0.139694
-0.0197144
-0.317841
-0.511963
-0.703888
-1.30443
-1.49152
-1.47867
-1.64888
-1.75761
-1.27461
-0.82579
0.737076
-0.214905
-0.612518
-0.325363
-0.252686
-0.478836
-0.319931
-0.0617828
0.0632324
-0.00968933
-0.0576324
0.0454102
0.0584564
-0.00547791
-0.082077

[10]
-0.105148
-0.120972
-0.0797272
-0.0319214
-0.0125275
-0.0170898
-0.0256653
-0.00778198
0.00364685
-0.0362549
-0.00100708
0.000686646
0.00157166
-0.0137939
-0.00379944
0.000457764
0.0178223
-0.0228271
0.155533
0.0815125
0.0857544
0.149948
0.553787
0.914169
0.608444
0.360947
0.323105
0.430954
0.326523
-0.0891571
0.311661
0.391022
0.545029
0.515503
0.456146
0.322083
0.1884
0.140289
0.223495
0.221069
0.0438538
-0.248474
-0.536987
-0.66777
-1.16911
-1.34697
-1.3835
-1.49377
-1.64073
-1.26584

[11]
-0.720917
-0.491501
0.2379
0.989624
-0.543457
-0.465607
0.0383759
-0.3461
-0.578781
-0.197937
-0.0532532
-0.124466
-0.117615
0.00904846
0.105057
0.0658417
0.00338745
0.0106659
0.0253754
-0.0892334
-0.0437164
-0.0088501
0.00961304
-0.0284424
-0.308655
-0.0250702
0.0302277
0.0297546
-0.00865173
0.0169678
0.0290527
0.0326538
0.0117035
0.00213623
0.102997
0.125198
0.175888
0.06073
0.600601
1.07303
0.575668
0.37616
0.298218
0.684372
0.475403
-0.177628
0.134476
0.307617
0.503082
0.536255

[12]
0.477219
0.377258
0.2341
0.0989685
0.120148
0.100815
-0.105743
-0.37059
-0.711746
-1.01416
-1.65108
-1.5901
-1.73201
-2.02869
-1.42638
-0.448151
1.36172
-0.477798
-0.326462
-0.500916
-0.364105
-0.466919
-0.308975
0.0497742
0.0235443
-0.100998
-0.0628815
0.0781708
-0.003479
-0.0356445
-0.0818939
-0.0590515
-0.0378265
-0.059082
-0.035553
0.0213318
0.0218048
0.00448608
-0.016098
0.00436401
0.0139008
0.0327148
0.0534058
0.022644
-0.0122986
0.00158691
0.0341034
0.0673218
0.115005
0.086731

[13]
0.29071
0.547379
1.05379
0.550644
0.401154
0.547211
0.493622
0.00666809
-0.0573273
0.35025
0.602493
0.616241
0.532135
0.371155
0.21965
0.22934
0.306152
0.226501
0.0498962
-0.246445
-0.333847
-0.501129
-0.941422
-1.16786
-1.21701
-1.50381
-2.22255
-1.55943
-0.333145
-0.830856
0.151138
0.49353
-0.342407
-0.749817
-0.0738678
-0.476852
-0.315552
-0.139343
-0.0667725
-0.17128
-0.180099
-0.0571594
0.0616455
0.0420837
-0.0773468
-0.0861053
-0.0730896
-0.0216217
-0.0445099
-0.0422821

[14]
-0.0148468
-0.000137329
0.0250244
-0.0141907
-0.114304
-0.0582428
0.0136108
0.0635376
0.0302582
-0.0172272
0.0153046
0.0850372
0.0236816
0.092804
0.0772858
0.150436
0.935074
1.0672
0.324844
0.690125
0.375336
0.440323
-0.0105438
0.0601807
0.397156
0.614243
0.530136
0.444901
0.378082
0.246262
0.146133
0.145752
0.152191
0.0672455
-0.0907745
-0.420044
-0.762192
-1.3781
-1.71457
-1.55896
-1.67381
-1.63396
-1.1758
-1.20705
0.254211
0.366104
-0.896011
-0.504196
-0.256683
-0.168564

[15]
-0.454224
-0.00260925
0.0707092
-0.12265
-0.0518646
0.0468903
0.0348969
0.0326538
-0.0570526
-0.0793915
-0.0829773
-0.0252686
0.0180511
0.0106964
0.00386047
-0.0200958
-0.113113
-0.0649872
-0.0534668
-0.0403137
0.00531006
0.0372772
0.0437469
0.0935211
0.0756378
0.0667572
0.0494995
0.112762
0.132675
0.0725555
1.15829
1.00539
0.351395
0.44104
0.666397
0.537888
-0.14769
0.192139
0.411392
0.642197
0.59845
0.494339
0.314087
0.145767
0.244492
0.302353
0.145569
-0.216263
-0.392303
-0.493912

[16]
-0.963242
-1.235
-1.22003
-1.46025
-1.71559
-1.67145
-1.18323
-1.33458
0.622345
0.162109
-0.791382
-0.173981
-0.111404
-0.422394
-0.444885
-0.0444946
-0.0605011
-0.055954
-0.0585938
0.0294037
0.113388
0.0411377
-0.0472412
-0.0391388
-0.052597
-0.0522766
-0.0575867
-0.0357208
0.00619507
0.0158081
-0.0112762
-0.0166931
-0.041275
0.00541687
0.041687
0.0281525
0.0627899
0.0463257
0.104889
0.0370941
0.0450592
0.0704193
0.0607452
0.187729
0.544449
1.19217
0.430054
0.672714
0.485718
0.506348

[17]
0.283218
-0.17218
0.259644
0.473846
0.600906
0.537643
0.463684
0.274185
0.13446
0.136108
0.191696
0.157257
-0.0662689
-0.350037
-0.586914
-0.961136
-1.32533
-1.33755
-1.68364
-1.94359
-1.57863
-1.1696
-0.139328
0.874527
-0.77066
-0.463531
-0.250534
-0.198975
-0.445343
-0.173767
0.04776
-0.0620117
-0.0438232
-0.0113983
0.0485687
0.0130463
-0.0223083
-0.0504761
-0.0430908
-0.0565948
-0.0505066
-0.040863
-0.0610352
-0.018158
-0.0149536
-0.0294037
-0.00247192
0.0379944
-0.0091095
0.0277405

[18]
0.0511169
0.0237122
-0.00970459
0.0342102
0.0596466
0.092865
0.109268
0.121567
0.533035
1.03316
0.437012
0.860916
0.40004
0.363785
0.153015
0.0459595
0.323441
0.605728
0.560165
0.512192
0.367126
0.244507
0.238007
0.237015
0.18927
0.0710907
-0.187988
-0.50235
-0.798172
-1.16106
-1.35518
-1.15125
-1.64319
-1.55859
-1.37234
-1.13535
0.696762
0.171646
-1.07503
-0.283508
-0.235367
-0.246506
-0.340485
0.0924835
-0.0515594
-0.0461121
-0.00764465
0.0278625
0.0354919
0.016861

[19]
-0.0450134
-0.0595856
-0.0424957
-0.0161438
-0.02211
-0.0216522
-0.032074
-0.0330505
-0.039856
-0.024704
-0.0281525
0.00668335
0.034668
0.0637207
0.0664978
0.0661316
0.0455475
0.0526428
0.0953064
0.153015
0.141891
0.0514832
0.68335
0.852646
0.358841
0.802536
0.443222
0.530518
0.285461
-0.0836945
0.0232239
0.419403
0.591125
0.553665
0.473053
0.247391
0.0860443
0.068573
0.124115
0.064682
-0.0753174
-0.359619
-0.831772
-1.25632
-1.5605
-1.29839
-1.59129
-1.62286
-1.45689
-1.02509

[20]
0.276794
0.513107
-0.580597
-0.459335
-0.424316
-0.354202
-0.403778
0.00444031
-0.0398254
-0.0834808
-0.0953827
-0.0131226
0.0435791
-0.00489807
-0.0495148
-0.0727692
-0.0335693
-0.0527344
-0.0491638
-0.0445251
-0.0330505
-0.0162048
-0.042923
-0.0386658
-0.0326691
-0.00761414
0.00790405
0.0218811
0.000991821
0.00289917
-0.0173187
0.0760956
0.0543671
0.0703583
0.0176086
0.26442
0.730087
0.925125
0.685837
0.329498
0.460571
0.899078
-0.181717
-0.230652
0.307587
0.483658
0.553604
0.509079
0.440796
0.269135

[21]
0.0679474
0.0981598
0.252045
0.14743
-0.135117
-0.698792
-0.845291
-1.42818
-1.61104
-1.30692
-1.79785
-1.98618
-0.837448
-0.612335
0.848328
-0.135849
-0.604355
-0.241653
-0.26738
-0.415375
-0.160477
0.00299072
-0.153885
-0.134933
-0.0733032
0.0459442
0.0546112
-0.0479736
-0.088562
-0.0280304
-0.0358582
-0.0852814
-0.0406189
-0.0150299
-0.0131226
-0.0352783
-0.0449219
-0.0316467
-0.00761414
0.0121307
-0.0245056
0.0128632
0.00827026
0.0381927
0.0791321
0.0414124
0.042511
0.0648193
0.153915
0.525681

[22]
0.876984
0.767853
0.336929
0.290237
0.483459
0.469574
-0.18927
0.126053
0.400238
0.523575
0.505219
0.477036
0.325775
0.21727
0.244598
0.251129
0.0404968
-0.277863
-0.241669
-0.438919
-0.630356
-0.776459
-1.08736
-1.22191
-1.37524
-1.26558
-1.05399
-1.03687
-1.02562
-0.629364
1.01646
-0.200821
-0.326187
-0.142151
-0.0940552
-0.139175
-0.0272827
0.0848389
-0.0596619
0.0207367
0.0685425
0.0903168
0.0930786
0.0638275
0.0302734
0.0091095
-0.072525
-0.0010376
0.0290833
-0.00390625

[23]
0.0122681
0.0315247
0.0470581
-0.0117035
-0.00640869
0.019043
0.0726471
0.0975189
0.0740051
0.075882
0.0595703
0.123917
0.131271
0.0970612
0.0962219
0.25032
0.702225
0.96904
0.597321
0.545715
0.351212
0.459488
0.0311432
-0.0534363
0.437149
0.636932
0.599884
0.507599
0.393448
0.24617
0.236633
0.249237
0.196793
0.0477448
-0.145309
-0.341644
-0.686661
-1.03772
-1.22401
-1.17146
-1.45076
-1.66522
-1.15579
-1.12952
-0.516296
0.779312
-0.0236511
-0.613937
-0.267944
-0.323318

[24]
-0.302383
-0.116104
0.0568542
-0.0132294
-0.0464172
-0.0614319
0.0917053
0.0815125
0.0364227
-0.0565033
-0.0712738
-0.0419006
-0.0261383
-0.00811768
-0.0203705
-0.0419617
-0.001297
0.00895691
0.00804138
-0.0195007
0.017395
0.0536652
0.0609741
0.0365753
0.0233154
0.0309601
0.0292816
-0.00856018
0.0297089
0.0608063
0.097168
0.287445
0.739273
0.976028
0.431641
0.553467
0.455032
0.337189
0.0407562
0.170273
0.421692
0.621597
0.526932
0.486526
0.37735
0.286972
0.229813
0.218201
0.149948
0.0106201

[25]
-0.186996
-0.297989
-0.721466
-1.32373
-1.57886
-1.50972
-1.9968
-2.52353
-0.798492
-0.21553
0.710068
-0.248444
-0.594421
-0.251114
-0.120483
-0.437256
-0.529465
-0.325882
-0.0384216
-0.0734711
-0.0862122
-0.0537262
0.03862
0.0276031
-0.0539703
-0.0752869
-0.0755157
-0.0716095
0.0140228
-0.0237427
-0.0944214
-0.0896149
-0.0312195
-0.0350342
-0.0937195
-0.0126648
0.0298462
0.0503845
0.0524597
0.08992
0.0312195
0.0506287
0.0570831
0.092804
0.197174
0.697281
0.946014
0.551819
0.716156
0.4991

[26]
0.584183
-0.0640564
-0.165359
0.223099
0.560257
0.599106
0.544678
0.407623
0.190399
0.141327
0.201401
0.202332
0.0354309
-0.254822
-0.589722
-0.814972
-1.13559
-1.37558
-1.34731
-1.48848
-1.88185
-1.73683
-1.43192
1.26123
-0.152008
-0.841324
-0.353363
-0.456406
-0.367081
-0.434311
-0.120529
-0.118332
-0.0562744
-0.0307922
0.012085
-0.000915527
-0.0215149
-0.067276
-0.0949707
-0.0898132
-0.0591278
-0.0111847
-0.0155487
-0.0655365
-0.0304718
-0.027359
-0.0656738
-0.0556793
-0.0239105
0.0172729

[27]
0.0704956
0.0239563
-0.00415039
0.141998
0.0513153
0.0525665
0.0162659
0.126862
0.48172
1.11969
0.650345
0.929489
0.524063
0.388458
-0.0799561
0.0468903
0.419769
0.719559
0.603226
0.504318
0.353683
0.243942
0.2444
0.219757
0.190063
-0.0711212
-0.280151
-0.470535
-0.830154
-1.09091
-1.32481
-1.35841
-1.49091
-1.71831
-1.47499
-0.995956
-0.631912
0.424728
0.00238037
-0.853577
-0.0737
-0.0532532
-0.374466
-0.3293
-0.129517
-0.0244598
0.0211792
-0.0645752
-0.0230713
0.0834656

[28]
0.0505524
-0.0480652
0.00088501
-0.0560913
-0.0470428
-0.0301971
-0.00984192
0.00372314
-0.00967407
-0.00883484
-0.0037384
0.000854492
0.0379333
0.0361176
0.0529633
0.0779572
0.0752869
0.00387573
0.0439606
0.113632
0.121552
0.118668
0.222778
0.629166
0.876358
0.469971
0.763565
0.406296
0.367783
0.292145
-0.156174
0.304733
0.60524
0.583755
0.479401
0.3871
0.281494
0.186981
0.148361
0.130447
0.0303955
-0.138992
-0.412567
-0.729767
-1.26387
-1.47011
-1.34973
-1.62024
-1.77612
-1.22527

[29]
-1.04292
0.480469
0.0725555
-0.639572
-0.413345
-0.267166
-0.0568848
-0.43576
-0.212433
0.00578308
0.025589
-0.0819702
-0.0681763
0.0538025
0.0339508
-0.0122223
-0.0400696
-0.0438232
-0.052063
-0.038147
-0.0299835
0.00444031
-0.00521851
-0.030014
-0.0261078
0.00552368
-0.0101471
-0.0087738
-9.15527e-05
0.0366974
0.0591583
0.0376129
0.0486145
0.0212708
0.0536499
-0.00271606
-0.0337982
0.261673
0.848007
0.682388
0.604126
0.840988
0.432693
0.423737
0.0958099
-0.139786
0.300293
0.62468
0.585098
0.518509

[30]
0.397858
0.22699
0.147629
0.161835
0.13121
-0.0293884
-0.251602
-0.525864
-0.835358
-1.1859
-1.21812
-0.886826
-1.10091
-1.39455
-1.08696
-0.681366
-0.901093
-0.0969849
1.03004
-0.476151
-0.745682
0.0286102
-0.110718
-0.31131
-0.20787
0.244827
0.0103302
0.0185089
0.00012207
0.0730591
0.0389252
0.0650177
0.00567627
-0.028595
0.00616455
0.0357971
0.0480499
-0.0128784
0.0218353
0.00357056
-0.0169067
-0.0219574
0.00790405
0.0593109
0.0724335
0.0938873
0.126358
0.0521698
0.0593567
0.0303497

[31]
0.199341
0.142609
0.253265
0.452682
0.762421
0.482681
0.758759
0.770996
0.498169
0.289566
-0.437271
0.262848
0.629745
0.680801
0.524826
0.399582
0.228516
0.192719
0.184372
0.156479
0.0182953
-0.26326
-0.41925
-0.555344
-0.859146
-1.16223
-1.26787
-1.53864
-1.79219
-1.24249
-0.810532
-0.844284
0.52597
0.0930634
-0.776428
-0.431396
-0.091217
-0.156204
-0.301453
0.00172424
0.113266
0.0472412
0.0226746
0.0466156
0.12236
0.0869751
-0.00552368
-0.0256805
-0.0211182
0.0246582

[32]
-0.0096283
-0.0244904
0.00944519
0.0425568
0.0391235
-0.00622559
0.00286865
0.0325012
0.0695648
0.0769806
0.0688629
0.0323029
0.0445709
0.0543365
0.107346
0.0995178
0.117844
0.104645
0.243286
0.74263
0.949249
0.34021
0.611725
0.492584
0.461945
0.198898
-0.158813
0.311981
0.556046
0.631241
0.559357
0.412125
0.206635
0.15593
0.259949
0.225296
0.0785522
-0.117249
-0.231781
-0.411118
-0.771454
-1.06923
-0.975906
-1.34546
-1.66872
-1.35881
-0.930267
-0.891998
-0.240936
0.0514832

[33]
1.15732
-0.249893
-0.866394
0.015976
-0.276398
-0.0862427
-0.0928345
0.0317535
0.0123749
-0.0098877
0.057373
0.0570679
0.111389
0.0617828
0.0318756
0.0030365
0.0486145
0.022995
0.0138397
0.0352478
0.0583954
0.0510406
0.0336456
0.0122681
0.0531006
0.0432739
0.0575562
0.091217
0.0870209
0.078598
0.0686035
0.155075
0.065567
0.134247
0.0806122
0.255478
0.5327
0.904251
0.398911
0.695251
0.560806
0.282211
0.269028
-0.202377
0.372162
0.599335
0.61824
0.471191
0.420105
0.256424

[34]
0.182495
0.242126
0.169785
0.0212708
-0.166748
-0.346054
-0.51297
-0.926498
-1.04089
-0.856262
-0.979782
-1.43884
-1.29318
-0.896469
-0.864792
0.229462
0.784531
-0.10257
-0.416473
-0.167709
0.0483246
-0.221039
-0.123947
0.0358734
0.0512085
0.116562
0.116257
0.125381
0.0502319
0.0620117
0.118454
0.0873566
0.0324097
0.0435333
0.0825653
0.0635376
0.0360413
0.0562592
0.0740509
0.0861511
0.0978546
0.107132
0.137863
0.121002
0.114258
0.124237
0.0865173
0.176849
0.0889435
0.181534

[35]
0.310242
0.139145
0.608673
0.892105
0.350235
0.874969
0.561157
0.431931
0.234665
-0.229553
0.343674
0.687881
0.654419
0.481003
0.308075
0.227982
0.180069
0.131073
0.0755157
0.0475311
-0.145325
-0.349884
-0.568024
-0.964172
-1.29651
-1.22928
-1.3054
-1.53758
-1.26154
-0.993515
-0.481857
0.948364
-0.02005
-0.654892
-0.139801
-0.0850372
-0.224564
-0.425858
-0.0397491
0.00317383
0.142731
0.0141449
0.00801086
0.0142822
0.0723572
0.0386658
-0.0331421
-0.0512238
-0.00494385
0.0188599

[36]
-0.0235596
0.000137329
0.00938416
0.00245667
-0.0259247
-0.0128632
0.0317688
0.0656433
0.110199
0.111343
0.100662
0.104919
0.084549
0.111664
0.0910492
0.213806
0.563416
0.966385
0.516907
0.439957
1.00964
0.484528
0.302948
-0.510635
0.263275
0.720261
0.764145
0.456207
0.313812
0.231491
0.155014
0.08992
0.0371552
-0.0298157
-0.175018
-0.52565
-0.798477
-1.15096
-1.34482
-1.30159
-1.46375
-1.91988
-1.14699
-0.845779
-0.501373
1.09232
-0.294296
-0.844193
0.0261841
-0.243637

[37]
-0.327805
-0.247086
0.00593567
-0.0143433
-0.041626
-0.0956879
0.084259
0.123764
-0.00537109
-0.020752
0.0242767
0.0727997
0.0675201
-0.00822449
-0.117172
-0.0473938
0.0294952
0.00973511
0.0065918
-0.00363159
0.040863
0.0469055
0.0459747
0.0445251
0.0563202
0.129288
0.0492554
0.0994873
0.134476
0.137299
0.127777
1.07947
0.748672
0.606339
0.654541
0.412735
0.384705
-0.189789
0.282318
0.489853
0.648575
0.527435
0.45787
0.292755
0.178696
0.201187
0.22995
0.172623
-0.209717
-0.410019

[38]
-0.551315
-0.768661
-0.981873
-0.952133
-0.880875
-1.08173
-1.49333
-1.38078
-0.615814
-0.920212
0.68486
0.569931
-0.267212
-0.155991
0.00233459
-0.247589
-0.378326
-0.154572
0.066452
0.0287933
-0.0166321
0.0326538
0.10498
0.0965118
0.0822754
0.0213623
0.0215302
0.0411072
0.0386658
0.0359344
0.0432129
0.0929565
0.0758209
0.0149841
0.0494995
0.0485382
0.0535889
0.0249329
0.0630951
0.127625
0.0843658
0.0789337
0.0512695
0.160172
0.115952
0.195679
0.117798
0.460526
0.983688
0.435379

