[0]
0.857834
1.04706
1.15309
1.17894
1.20544
0.788742
0.534729
-0.289719
-0.608566
-0.120071
-0.569946
-0.65004
-0.490021
-0.482315
-0.445923
-0.410904
-0.363007
-0.250214
-0.0343475
0.320068
0.855209
1.06319
1.10933
1.15143
0.778152
0.415146
0.501968
-0.340714
0.756546
0.887451
0.584625
0.30748
0.0337677
0.072464
0.00708008
-0.00741577
0.0623169
0.0198212
-0.0445099
-0.0131073
-0.0359192
0.00253296
0.0530701
0.0456085
0.0134583
0.0139008
0.0178986
0.0679169
0.141083
0.122787

[1]
0.244431
0.426239
0.595978
0.671707
1.08492
1.11835
1.14423
1.17273
0.938019
0.307617
-0.0988312
-0.455841
-0.0986938
-0.530334
-0.61792
-0.64592
-0.61972
-0.663834
-0.583466
-0.543716
-0.443954
-0.298218
-0.00535583
0.62558
1.04395
1.0818
1.12463
1.15364
0.887161
1.12202
0.0258789
0.316437
1.06949
0.39415
0.598618
-0.2565
0.0545959
-0.0157928
0.00152588
-0.0178528
-0.0577087
-0.070282
-0.0337372
-0.00917053
-0.00444031
0.0177917
0.0431824
0.0131989
0.0108795
0.0511475

[2]
0.0378876
0.103729
0.146057
0.237762
0.448013
0.634369
0.809753
1.09669
1.12059
1.14763
1.1778
0.938507
0.287659
-0.231979
-1.0345
-0.0699615
-0.725067
-0.621124
-0.66275
-0.651215
-0.616531
-0.53212
-0.392059
-0.250946
0.0329437
0.726425
1.04158
1.08141
1.1232
0.796143
0.938416
0.609894
0.437469
0.240128
0.989685
0.766769
0.154175
-0.285355
0.0960541
0.0289307
0.0758667
0.0315247
-0.0289459
-0.0329285
-0.0211487
-0.00665283
0.035141
0.0230865
0.0182953
-0.0115967

[3]
0.0235443
0.127426
0.171295
0.16861
0.224152
0.396729
0.532593
0.674789
0.809448
1.10321
1.1297
1.15636
1.08939
0.669464
-0.245255
-0.821167
-0.11319
-0.607101
-0.676483
-0.594467
-0.615997
-0.613678
-0.570343
-0.409821
-0.485672
-0.261322
0.0843201
0.740158
1.06303
1.11076
1.15619
0.722839
0.591385
0.922775
-0.011673
0.804306
1.08694
0.31221
0.567596
-0.0873566
0.157745
-0.0209503
0.0210114
0.0431061
0.0146942
-0.0611115
-0.0315857
-0.0469513
-0.0130615
0.0666046

[4]
0.0488281
0.0158081
0.0388794
0.0713043
0.174835
0.203079
0.319748
0.465729
0.664673
0.724243
1.03595
1.12076
1.14848
1.1778
1.18587
0.371841
-0.351456
-0.481918
-0.13858
-0.747391
-0.690811
-0.648422
-0.687241
-0.650955
-0.623581
-0.566711
-0.449753
-0.244446
0.137802
0.60051
1.06548
1.11131
1.15073
0.976151
1.16594
0.189758
0.289734
0.846329
0.296661
0.471603
-0.0393677
0.0810242
0.00509644
-0.0434113
0.0661926
0.00141907
0.0102234
0.00315857
-0.00492859
0.0149994

[5]
0.0319214
0.0386963
0.0407562
0.00413513
0.0416718
0.137253
0.185089
0.201126
0.370361
0.534012
0.643219
0.729919
1.09866
1.13087
1.1543
1.186
1.10869
0.0131073
0.149506
-0.697571
-0.211319
-0.704407
-0.671371
-0.722733
-0.670013
-0.668137
-0.581909
-0.484512
-0.340134
-0.0626526
0.515747
1.04491
1.08937
1.13806
1.14928
0.961487
1.15073
-0.189163
0.388092
1.02344
0.178604
0.772552
0.168213
0.183319
0.0199432
-0.0814514
0.0409393
0.0018158
-0.00489807
-0.032196

[6]
-0.0206299
0.00523376
0.0234985
0.0307159
0.0432587
0.0462036
0.0406494
0.118988
0.103455
0.169159
0.357651
0.493759
0.612305
0.721878
1.09328
1.1174
1.14235
1.16382
1.12697
0.235779
-0.0689545
-0.216248
-0.390411
-0.919388
-0.699799
-0.812286
-0.736389
-0.694839
-0.676468
-0.557907
-0.450027
-0.213531
0.251923
0.793045
1.07785
1.12668
1.13847
1.01706
0.922989
0.514694
0.561768
0.780304
0.439453
0.272949
0.0545654
0.0104218
-0.0487061
0.011734
0.0777435
0.0067749

[7]
-0.0151367
-0.0452423
-0.00448608
0.0295258
0.0546875
0.0449982
0.0368958
0.0590057
0.143066
0.188812
0.302338
0.340622
0.492325
0.662857
0.760025
1.04929
1.11754
1.14258
1.17532
1.1609
-0.187668
0.370224
-0.64888
-0.45137
-0.829056
-0.743332
-0.755356
-0.651764
-0.631424
-0.497772
-0.328186
-0.0751343
0.54277
1.05295
1.10191
1.15508
1.14111
0.770737
0.512604
0.392731
0.135529
1.12361
0.574799
0.623016
0.138443
0.129791
0.0416565
-0.0713043
0.0424347
0.0810852

