[1]
-0.0639343
-0.0256195
-0.0367737
-0.0852966
-0.153305
-0.168442
-0.19133
-0.263138
-0.442261
-0.6483
-1.05151
-1.15009
-1.17152
-1.19431
-0.718872
-0.718872
-0.282593
-0.01474
0.153854
0.0190582
0.45517
0.556564
0.648682
0.660049
0.590973
0.503754
0.361633
0.254288
-0.00305176
-0.390411
-0.720688
-0.949585
-1.03603
-1.05588
-0.730179
-0.485458
-0.198471
-0.527832
-0.631119
0.0134277
-0.740784
-0.179825
-0.0251007
0.0647125
-0.0287476
-0.0183868
-0.100525
-0.0568085
-0.00819397
0.00213623

[2]
-0.010498
-0.00863647
-0.00415039
-0.0143738
-0.0279083
-0.0207977
-0.0392914
-0.0518494
-0.094635
-0.0980835
-0.135483
-0.162704
-0.264297
-0.372208
-0.441437
-0.465683
-0.611267
-1.06042
-1.16444
-1.18973
-1.21315
-0.489944
-0.253601
0.465012
0.0963898
0.376801
0.561142
0.659073
0.629471
0.559036
0.511185
0.446014
0.371719
0.210602
-0.158936
-0.631943
-1.01204
-1.04759
-1.07472
-1.0994
-0.784195
-0.470871
-0.365402
-0.270203
-0.229492
0.132309
-0.678757
-0.10997
-0.0987396
-0.0749969

[3]
-0.175888
-0.0939026
-0.104935
-0.0754547
-0.0402222
0.0320282
0.00265503
0.0285797
0.0285797
-0.0283508
-0.0374603
-0.0214386
-0.00813293
-0.0468292
-0.0694733
-0.11142
-0.103088
-0.110107
-0.143143
-0.260574
-0.37381
-0.433685
-0.498917
-0.655594
-1.08305
-1.16795
-1.19098
-0.972824
-0.640671
-0.485092
0.275375
-0.0919189
0.441818
0.536697
0.746613
0.647919
0.615112
0.571121
0.542801
0.46196
0.304642
0.00556946
-0.577072
-1.008
-1.05273
-1.08554
-1.11314
-0.773605
-0.462769
-0.466476

[4]
-0.40477
0.224304
-0.691498
-0.411011
-0.408936
-0.177078
-0.109039
-0.13269
-0.00366211
-0.0712738
-0.0528412
0.00593567
0.0173798
0.00585938
0.0313873
-0.00964355
-0.0462646
-0.0604553
-0.0383606
-0.0651398
-0.104004
-0.102432
-0.124832
-0.13031
-0.255661
-0.329681
-0.419647
-0.502533
-0.569763
-1.13171
-1.16179
-1.18225
-0.908112
-0.827011
-0.307693
0.229752
0.0906677
0.487778
0.622986
0.758957
0.632004
0.690689
0.610535
0.554993
0.411438
0.0595703
-0.282455
-0.905396
-1.03708
-1.06473

[5]
-1.09354
-0.860825
-0.712494
-0.425598
-0.431244
-0.158356
-0.02948
-0.94249
-0.0720978
-0.27626
-0.068512
-0.0644073
-0.00564575
-0.0843506
-0.0309601
0.0177155
0.00270081
-0.0161285
-0.00749207
-0.00463867
-0.00643921
-0.00236511
-0.0199127
-0.055069
-0.0685272
-0.0883789
-0.140884
-0.137863
-0.160858
-0.26889
-0.339813
-0.446625
-0.477783
-0.72789
-1.1248
-1.14381
-1.16246
-0.598373
-0.394089
0.204697
0.157959
0.257034
0.412094
0.655029
0.666702
0.624771
0.589142
0.578384
0.46283
0.259995

[6]
-0.103012
-0.668182
-0.997101
-1.07678
-1.11858
-1.15169
-0.982574
-0.812866
-0.435608
-0.438232
0.0617065
-0.854507
-0.581375
-0.0867004
0.0176239
-0.0143127
-0.0325775
-0.0386353
-0.0710602
-0.0164795
0.016861
-0.00689697
-0.0118408
0.0222015
0.00469971
-0.0163422
-0.0299988
-0.0494537
-0.0549469
-0.0826569
-0.0932922
-0.124435
-0.13295
-0.212677
-0.362915
-0.428543
-0.487335
-0.698074
-1.10593
-1.1255
-1.14392
-0.562408
-0.400711
0.0515747
0.161896
0.29509
0.488449
0.786743
0.744736
0.690048

[7]
0.647064
0.641006
0.552185
0.370346
0.0666504
-0.442978
-0.887222
-1.08151
-1.12805
-1.16559
-0.813538
-0.326797
-0.755692
-0.105957
-1.11098
-0.618927
-0.702332
0.066803
-0.00939941
-0.0643158
-0.0929871
-0.0152435
-0.0503387
0.0394745
-0.0265045
-0.00672913
0.0196533
-0.037674
-0.0439758
-0.0566254
-0.055954
-0.0741119
-0.0744324
-0.0871582
-0.133591
-0.138992
-0.225082
-0.27652
-0.384338
-0.502075
-0.634689
-1.10472
-1.125
-1.14513
-0.846619
-0.555038
-0.109634
0.30896
0.128433
0.490265

[8]
0.702789
0.801254
0.714584
0.682816
0.636414
0.582779
0.391098
0.0869446
-0.271118
-0.865494
-1.06837
-1.11044
-1.14586
-0.975784
-0.75766
-0.374542
-0.20871
-0.0806885
-0.859818
-0.197342
-0.367691
-0.0319672
-0.0753784
-0.0257721
0.0387268
-0.0259399
0.00611877
-0.0137939
0.0325775
0.0112152
0.0167694
0.00505066
0.016922
-0.00634766
-0.0255127
-0.0581665
-0.0691986
-0.096344
-0.132828
-0.149323
-0.271759
-0.375061
-0.43515
-0.478088
-0.744385
-1.10172
-1.11975
-1.13966
-0.767181
-0.477081

[9]
0.310822
0.205994
0.53302
0.574738
0.886856
0.815948
0.722488
0.642731
0.526718
0.461182
0.275406
-0.0356293
-0.583832
-1.04504
-1.08647
-1.1302
-1.16418
-0.829346
-0.38205
-0.956558
-0.00437927
-0.0358429
-0.843979
-0.278091
-0.456345
-0.345886
0.0563507
-0.178116
-0.0800476
-0.0135345
-0.0402527
0.0583344
0.0311737
0.0366821
0.0270691
-0.0205688
-0.0277405
-0.0183563
-0.0311127
-0.0354767
-0.0605164
-0.136612
-0.120712
-0.171295
-0.313156
-0.423004
-0.526337
-0.574081
-0.956833
-1.10553

[10]
-1.12384
-1.1265
-0.579453
-0.452698
0.273148
-0.109421
0.639359
0.68483
0.894974
0.748337
0.725464
0.668488
0.604279
0.458694
0.257217
-0.171585
-0.706116
-1.07275
-1.12154
-1.16676
-1.13
-0.839386
-0.468964
-0.291672
0.257416
-0.859848
-0.870956
-0.3479
-0.355103
0.101151
-0.0560913
-0.0358429
-0.057373
-0.0710907
0.0309143
-0.00744629
0.0100098
-0.000701904
-0.0102692
-0.00878906
-0.0613098
-0.0579834
-0.0565338
-0.0610962
-0.0828705
-0.0997314
-0.125183
-0.195847
-0.282318
-0.408005

[11]
-0.440094
-0.577881
-1.0692
-1.11984
-1.13849
-1.12929
-0.642212
-0.373779
0.308838
-0.107315
0.619904
0.593842
0.774918
0.663864
0.644836
0.61647
0.614807
0.453995
0.197052
-0.17514
-0.684097
-1.05983
-1.10442
-1.1465
-1.08728
-1.09019
-0.463837
-0.454941
0.00228882
-0.960663
-0.340836
-0.443146
-0.0341187
0.0605164
-0.059021
-0.0149536
-0.0357361
-0.0043335
-0.0361633
0.0174103
-0.0106964
-0.0116882
-0.0195923
-0.0224762
-0.032135
-0.0715027
-0.0711212
-0.0642395
-0.111649
-0.0970612

[12]
-0.168045
-0.330734
-0.402481
-0.451035
-0.51062
-1.02545
-1.10136
-1.11823
-0.948715
-0.629013
-0.449066
0.319931
-0.0539856
0.576187
0.613632
0.766296
0.663681
0.655701
0.609314
0.571732
0.444458
0.198822
-0.169678
-0.81044
-1.06609
-1.11194
-1.15283
-1.01187
-0.669556
-0.43692
-0.496826
-0.00445557
-0.371902
-1.09384
-0.570206
-0.154251
-0.102844
-0.00798035
-0.039566
-0.106186
-0.0373383
0.0527649
0.0578461
0.0428314
0.0182343
-0.0164795
-0.0254364
-0.0118103
-0.0299377
-0.0367279

[13]
-0.0597534
-0.0501251
-0.119019
-0.0942535
-0.178253
-0.325958
-0.404861
-0.460648
-0.567856
-1.05641
-1.1114
-1.13019
-0.892807
-0.831665
-0.190994
0.327637
-0.0732727
0.566666
0.526352
0.874023
0.740631
0.674667
0.672699
0.617996
0.414185
0.211853
-0.177826
-0.8759
-1.05911
-1.1059
-1.14902
-1.05231
-0.804382
-0.411987
-0.381241
0.195999
-0.827942
-0.791626
-0.412811
-0.200256
-0.12915
-0.0576172
-0.0736694
-0.0578766
-0.0450439
-0.0365295
0.0489502
0.0209503
0.00450134
0.0254974

[14]
0.0193176
0.014801
0.00622559
-0.0170135
-0.0142365
-0.0261536
-0.0569
-0.0848541
-0.125351
-0.249573
-0.318802
-0.393677
-0.420303
-0.606827
-1.0927
-1.1111
-1.12988
-0.777878
-0.817764
-0.181137
0.322281
0.286682
0.524597
0.722855
0.852921
0.721848
0.681915
0.664536
0.583633
0.397278
0.124847
-0.242462
-0.913132
-1.06172
-1.10196
-1.13486
-0.893707
-0.59024
-0.52887
-0.547348
0.258438
-1.07806
-0.421417
-0.291473
-0.00999451
-0.00346375
-0.0917358
-0.0860138
-0.0387115
-0.0503235

[15]
-0.0222015
0.0364685
0.0431671
0.0599518
0.0623779
0.0104675
-0.0418091
-0.0187836
-0.00808716
-0.0280609
-0.0506744
-0.10405
-0.12326
-0.135681
-0.234741
-0.359589
-0.442154
-0.571411
-0.594635
-1.09474
-1.11464
-1.13895
-0.922134
-0.73494
-0.121033
0.321365
-0.37178
0.690506
0.835953
0.886627
0.768692
0.761826
0.698257
0.568619
0.386032
0.163651
-0.30307
-0.8797
-1.07664
-1.12424
-1.16217
-0.938354
-0.528854
-1.15782
0.0961761
0.128632
-0.766205
-0.632874
-0.224152
-0.656128

[16]
0.102203
-0.087677
-0.0375824
-0.01091
0.0238647
0.0686188
0.0440979
-0.0172729
-0.0301819
-0.0562439
-0.0315704
-0.000167847
-0.0134888
-0.0680542
-0.133072
-0.160416
-0.203186
-0.278015
-0.363541
-0.458176
-0.505569
-0.747757
-1.09747
-1.11571
-1.1348
-0.706604
-0.449936
0.430023
-0.101547
0.509583
0.584991
0.852097
0.754211
0.697601
0.680496
0.642105
0.504135
0.275574
-0.0939941
-0.57991
-1.0629
-1.10995
-1.1532
-1.08014
-0.790512
-0.424835
-0.56073
0.481476
-1.0504
-0.523666

[17]
-0.482758
-0.263367
-0.00926208
-0.104706
0.0233002
-0.0335541
-0.00698853
0.00935364
0.0160828
0.0338135
0.0193939
-0.0231628
-0.055542
-0.0308838
-0.0579529
-0.0752869
-0.0889587
-0.15773
-0.126495
-0.226562
-0.351166
-0.442963
-0.528397
-0.588745
-1.09245
-1.11055
-1.13068
-0.898987
-0.688705
-0.15126
0.33017
-0.0617828
0.786697
0.8302
0.923615
0.737183
0.7379
0.687027
0.517853
0.33197
-0.00956726
-0.595581
-1.05536
-1.1032
-1.15581
-1.20026
-0.971878
-0.418106
-0.498749
-0.233002

[18]
-0.202393
-1.04597
-0.286331
-0.609177
-0.0449982
-0.0690002
-0.115891
-0.0332947
-0.0746155
-0.0509033
0.0311127
0.0107117
0.0400848
0.0299072
-0.0323792
-0.0381012
-0.0637512
-0.0577698
-0.0888214
-0.130493
-0.130661
-0.199661
-0.292953
-0.373199
-0.488556
-0.555695
-0.833054
-1.09555
-1.11028
-0.956543
-0.942795
-0.540558
0.382538
0.0534515
0.600708
0.668015
0.930115
0.817856
0.781525
0.718842
0.690521
0.599075
0.372009
-0.065033
-0.662201
-1.06325
-1.11018
-1.15378
-1.06006
-0.884384

[19]
-0.487335
-0.632065
0.0761719
-0.114594
-1.12596
-0.313721
-0.77533
-0.0256195
-0.165115
0.100571
-0.0414734
0.031189
-0.0384216
0.0393219
0.055542
0.029541
-0.0236053
-0.0488586
-0.0634003
-0.069046
-0.1203
-0.152756
-0.198044
-0.223694
-0.301483
-0.367294
-0.425766
-0.483734
-0.854584
-1.10471
-1.1214
-1.13861
-1.08754
-0.419968
0.611435
0.105881
0.596497
0.67395
0.926819
0.756409
0.695404
0.622467
0.577148
0.44313
0.118256
-0.321274
-1.03621
-1.08229
-1.13182
-1.17529

[20]
-1.01454
-0.68602
-0.566452
-0.259796
0.371643
-1.12643
-0.435623
-0.535812
-0.0155334
0.0523834
-0.0976715
0.0179901
-0.0622711
-0.0458221
-0.0188599
-0.00857544
-0.00271606
-0.0147095
-0.0246277
-0.0180664
-0.0415039
-0.049057
-0.0457764
-0.0659485
-0.101349
-0.163773
-0.214996
-0.282364
-0.349472
-0.48201
-0.787033
-1.08463
-1.10034
-1.11783
-0.874924
-0.634003
-0.339859
0.0492096
0.306152
0.599609
0.805862
0.820709
0.788452
0.752625
0.7388
0.609344
0.381485
-0.0250854
-0.595825
-1.07526

[21]
-1.12555
-1.17415
-1.20787
-0.749756
-0.581161
-0.269989
0.0520935
-1.15382
-1.002
-0.924408
-0.0181274
-0.1064
-0.141037
0.0512238
-0.0540466
-0.0059967
0.025116
0.0067749
-0.0202332
-0.0572052
-0.0570679
-0.0344849
-0.0395203
-0.0480042
-0.104065
-0.125183
-0.159073
-0.175415
-0.223877
-0.250946
-0.394791
-0.529236
-0.720978
-1.086
-1.10126
-1.11736
-0.907486
-0.441055
0.169601
-0.114258
0.391129
0.611435
0.868393
0.804123
0.723679
0.681992
0.668655
0.503174
0.27243
-0.178909

[22]
-0.682922
-1.0762
-1.12714
-1.17593
-1.211
-0.817535
-0.745514
-0.59285
-0.00439453
-1.14145
-0.511017
-0.499985
-0.162613
0.0179901
-0.065567
-0.107986
-0.052002
-0.0683594
-0.0170746
0.0193481
0.0293427
-0.00218201
-0.0388641
-0.0704346
-0.0487976
-0.0505219
-0.00442505
-0.0615234
-0.10463
-0.150314
-0.138657
-0.213715
-0.324829
-0.454468
-0.526978
-0.775421
-1.09053
-1.10683
-1.12271
-0.856339
-0.472183
0.156204
0.0206299
0.256393
0.568024
0.772964
0.794464
0.770645
0.69017
0.697495

[23]
0.602798
0.39563
0.0785522
-0.340729
-0.968765
-1.09903
-1.15031
-1.19148
-0.96402
-0.624847
-0.694244
-0.00741577
0.103958
-0.668549
-0.717438
-0.451752
-0.422089
0.103683
-0.138702
-0.0978699
0.000213623
-0.0370026
0.0113831
0.00389099
0.024704
0.029541
-0.0416718
-0.0605011
-0.0638123
-0.0561676
-0.069397
-0.11026
-0.167252
-0.161819
-0.211746
-0.318222
-0.380905
-0.500168
-0.619781
-1.08917
-1.10451
-1.11887
-0.73439
-0.431412
-0.226898
0.473297
-0.0199127
0.664978
0.641541
0.898254

[24]
0.724289
0.727921
0.667038
0.639694
0.499664
0.206024
-0.0704498
-0.713898
-1.07869
-1.12877
-1.17435
-0.99678
-0.766144
-0.687927
-0.439301
-0.0397034
-0.918655
-0.321472
-0.561462
-0.046524
-0.086441
-0.0892639
-0.0380554
-0.076767
-0.0109406
-0.0065155
-0.00794983
0.0213623
-0.0228424
-0.0497437
-0.0202637
-0.0297241
-0.0372314
-0.0376892
-0.087265
-0.105515
-0.141159
-0.233322
-0.371552
-0.432816
-0.494629
-0.569504
-1.03314
-1.10016
-1.11906
-0.9272
-0.326935
-0.124939
0.323074
-0.182587

[25]
0.77121
0.769775
0.84877
0.778671
0.621307
0.553925
0.434875
0.27504
-0.0965271
-0.704254
-1.07968
-1.13037
-1.18082
-1.21758
-0.790527
-0.555481
-0.550354
-0.405899
-0.0744476
-0.923996
-0.566956
-0.29921
-0.0327454
-0.0428162
-0.236115
-0.0726624
-0.0807648
-0.0528412
-0.0132904
0.0350647
0.00134277
0.0315704
0.0105591
-0.0217133
-0.0177155
-0.0332489
-0.0525818
-0.0733795
-0.080658
-0.129456
-0.182587
-0.281372
-0.393967
-0.540161
-0.596512
-1.07384
-1.08658
-1.10303
-1.08401
-0.713303

[26]
-0.188599
0.251648
0.0809174
0.744949
0.76857
0.909576
0.824142
0.756485
0.67453
0.598862
0.371185
0.0953064
-0.380096
-0.990402
-1.10928
-1.16307
-1.20746
-0.89418
-0.677109
-0.487518
-0.23764
0.0799255
-1.12718
-0.802048
-0.243561
-0.744888
-0.096283
-0.236496
0.102081
-0.0159607
-0.0121918
0.00715637
0.0219879
0.0122833
0.0525055
0.0284729
-0.0306244
-0.0467682
-0.0495605
-0.0664673
-0.0996857
-0.112183
-0.170685
-0.237793
-0.372925
-0.487
-0.642181
-1.07233
-1.08606
-1.10165

