[1]
-0.022171
-0.0533752
-0.117828
-0.0571747
-0.0498352
-0.0615234
-0.0603638
0.000518799
-0.0166626
0.0136871
-0.0902252
-0.101425
-0.228073
-0.320389
-0.773621
-0.296112
-0.0835114
-0.473785
-0.473679
-0.450333
-0.0979309
-0.0970917
0.0193329
-0.0200195
-0.0644684
-0.0905762
-0.0658875
0.0131989
-0.0317841
-0.0826721
0.0764008
0.0412903
-0.23317
-0.319473
-0.323135
-0.407745
-0.286804
-0.0399933
0.194855
-0.108078
0.0436401
0.0776978
0.104156
-0.147964
-0.397079
-0.030777
0.0641632
0.05336
0.125336
0.0331116

[2]
-0.127533
-0.122177
-0.0820465
-0.03125
0.0594025
0.058075
-0.0148163
-0.0379639
0.0110321
0.00404358
-0.0280914
-0.0662537
-0.115738
-0.0823975
-0.122787
-0.066864
-0.033371
-0.00871277
-0.0416565
-0.00106812
-0.275528
-0.439316
-0.212494
-0.039917
-0.277191
-0.526138
-0.290573
0.0767212
0.153503
0.0547943
0.0526886
-0.00183105
0.0914459
0.0891418
0.0231628
-0.0795746
-0.127136
0.0534973
-0.158203
-0.0845947
0.130127
0.327545
0.398087
0.570206
0.431641
0.134842
-0.426407
0.495102
0.447479
-0.0503082

[3]
-0.142593
-0.456436
0.00637817
0.0166779
0.0644073
0.0131531
0.0175171
-0.128235
-0.114594
-0.165192
-0.00495911
0.0374146
-0.00814819
-0.0691223
-0.0691376
-0.0171356
-0.041153
-0.0436859
-0.10585
-0.0861206
-0.0462189
-0.0440826
0.00550842
-0.0292053
-0.0331421
-0.0197906
-0.219986
-0.446381
-0.853439
-0.0153656
-0.0886688
-0.174713
-0.48494
-0.570084
-0.275955
0.176773
0.131714
-0.0175476
-0.149155
-0.156128
-0.0166626
0.0691681
0.0233002
-0.108353
-0.0482788
-0.0375671
0.00062561
0.00561523
0.0172424
0.0960388

[4]
0.26326
0.283066
0.105759
-0.08461
-0.650681
0.520294
0.243256
0.197556
-0.488892
-0.173599
-0.0360565
-0.123398
-0.0745392
-0.0586548
-0.103577
-0.122269
-0.110565
-0.0263977
-0.00790405
-0.0500031
-0.0803986
-0.0444183
-0.0227203
-0.0176392
-0.0285492
-0.0202026
-0.057312
-0.0841217
-0.0393677
-0.00285339
0.045929
0.0068512
-0.0669403
-0.121811
-0.317917
-1.07454
-0.322876
0.0787201
-0.296036
-0.501312
-0.488556
-0.286163
-0.0825195
0.0294952
0.0826416
0.0545044
-0.0375366
-0.000869751
-0.0162964
-0.0686951

[5]
-0.121704
-0.0354462
-0.107452
-0.206467
-0.182785
-0.170303
-0.288071
-0.110306
0.479706
0.219528
-0.2565
0.647827
0.746063
0.0747528
-0.345093
-0.506348
-0.0426788
-0.0637512
0.039856
-0.030365
-0.147797
-0.135727
-0.166641
-0.103821
0.0166931
0.0493164
-0.0115356
-0.0893555
-0.0848083
-0.0233002
-0.0240479
-0.0504913
-0.0450897
-0.0294189
-0.0534363
-0.0524902
0.012085
-0.000411987
-0.0530853
-0.121704
-0.494141
-0.761124
0.0118256
0.305679
-0.436386
-0.78653
-0.481674
-0.593109
-0.39798
-0.0571747

[6]
-0.00283813
-0.0247803
-0.015976
0.0361481
0.0746765
0.0643463
-0.0588989
-0.08815
0.0935364
0.00497437
-0.0355835
-0.021347
-0.092453
0.192535
0.0724182
0.0827484
-0.246353
0.74437
0.321793
0.11441
-0.103409
-0.285126
0.000305176
-0.169907
-0.159073
-0.0617981
-0.0780334
-0.0696411
-0.0969696
-0.083847
-0.0224457
0.0285797
-0.0219574
-0.0808563
-0.103012
-0.0589905
0.0148621
0.0493622
0.00473022
-0.0139313
-0.0149841
-0.000457764
-0.0558929
-0.0278168
-0.0402222
-0.0983734
-0.534149
-0.845352
0.0834351
0.0491791

[7]
-0.351273
-0.03862
-0.553726
-0.499954
0.00688171
0.0921326
0.154907
-0.0660553
-0.142502
-0.0411377
0.0184937
-0.0612793
-0.157486
-0.0746765
0.0533905
-0.0176392
-0.173615
-0.259872
-0.189667
0.320404
0.147339
-0.175095
-0.0149231
-0.249146
0.424316
0.779068
-0.0964966
0.118912
-0.386581
-0.0913391
-0.161469
-0.0317078
-0.0668182
-0.127686
-0.0257874
-0.105606
-0.0205536
0.000350952
-0.0078125
-0.0324097
-0.0385742
-0.046875
-0.0346375
0.0536194
0.0194702
0.0189667
0.0472412
-0.0684814
-0.0325775
0.019104

[8]
0.0586243
-0.0401154
-0.49733
-0.95192
-0.113327
0.0611572
-0.326874
-0.409073
-0.546814
-0.0769501
0.309937
0.117493
0.13504
-0.0762329
-0.0821686
0.0402985
0.0553284
-0.0296631
-0.131607
-0.0936737
0.0985565
0.183365
0.0715332
-0.273392
-0.141876
0.427429
-0.270905
-0.421616
0.126434
0.954544
0.210373
-0.0673218
-0.305679
0.0348969
-0.16777
-0.0695953
-0.0461731
-0.0565643
-0.00216675
-0.0393219
-0.0904999
-0.0236206
0.0214233
0.0216675
-0.0271149
-0.00151062
-0.00518799
0.00215149
0.0384064
0.0167236

[9]
-0.00213623
-0.0187225
-0.0268402
0.0779724
0.0371399
0.00619507
-0.0451508
-0.55127
-0.376541
0.272491
-0.362015
-0.908173
-0.322876
-0.284042
-0.321472
-0.204391
0.067337
-0.00834656
-0.107376
-0.0787964
0.308548
-0.015976
-0.127243
-0.0910339
0.050766
-0.0567932
-0.177505
-0.173874
-0.294037
-0.265945
0.340561
-0.132309
-0.059021
0.707947
0.304123
0.035675
-0.50827
-0.145889
0.0227661
-0.103851
0.012085
0.0289612
-0.0497131
-0.0180969
-0.0763092
0.011795
0.0413055
0.0236969
0.00424194
0.00816345

[10]
0.0325165
0.0328674
0.0309296
0.00869751
0.00975037
0.075058
0.0731201
0.0413208
0.0704346
0.0322266
0.0436554
-0.449234
-0.687241
0.412735
-0.288483
-0.493744
-0.411179
-0.264252
-0.113708
0.116821
0.0350952
0.0608673
-0.0544739
-0.0120697
0.0635223
0.0976562
0.00518799
-0.0673676
-0.0065155
0.09758
-0.0565643
-0.134537
-0.446259
-0.392151
0.199722
0.330063
-0.0724182
0.483398
0.285995
-0.0884399
-0.312866
-0.302032
0.0696564
-0.0475006
-0.0153503
0.101089
-0.0443115
-0.0466766
-0.0488129
-0.0908661

[11]
0.089859
0.149796
0.043808
-0.0366364
-0.000701904
0.0435944
0.0535126
-0.0098114
-0.0384216
-0.00588989
-0.0130615
0.0619202
0.0958862
0.0989685
-0.00883484
-0.205185
-0.678055
-0.333954
0.179626
-0.431854
-0.802032
-0.521652
-0.177689
0.0217133
-0.0171814
0.0410461
0.117859
-0.101135
-0.0379333
0.0460663
0.0906982
0.00172424
-0.0918274
0.0955811
0.21347
0.142105
-0.135742
-0.487473
-0.0392456
-0.127609
0.275848
-0.280823
0.822708
0.384918
-0.172546
-0.200058
-0.110641
-0.0821228
-0.0791168
0.0474091

[12]
0.0221252
-0.138763
-0.102234
-0.125702
0.0380096
0.0509186
0.00540161
-0.0721588
-0.0259399
0.015625
-0.00102234
0.0157776
-0.0438538
-0.0384064
0.0190125
0.0345764
0.0673523
0.119507
0.0542145
-0.0405426
-0.235229
-0.4897
-0.387497
0.32518
-0.503662
-0.320114
-0.505493
-0.422775
-0.219223
-0.0880737
0.161636
0.149536
0.0457916
0.0406494
0.0651245
0.114517
-0.0357361
-0.2164
-0.097229
-0.0563965
-0.0258026
-0.156326
-0.240433
0.00454712
0.3797
0.262207
0.0062561
0.839813
-0.0954895
-0.229294

[13]
-0.390152
-0.0243073
-0.0189972
-0.00105286
0.129639
-0.0568542
-0.0726318
-0.0562439
-0.16655
-0.061203
0.0732727
0.0578461
-0.0263367
-0.00222778
-0.000228882
-0.0374146
-0.0255585
-0.0282135
0.00675964
-0.0407562
-0.100647
0.0359802
0.15094
0.0421906
-0.147903
-0.466736
-0.945679
0.0262604
-0.296616
-0.92778
-0.581055
-0.207687
-0.191071
-0.0887299
0.0900269
0.022934
-0.0605164
0.0018158
0.0595856
0.0702972
0.0441589
-0.0310822
0.144455
0.170563
0.102509
-0.0692139
-0.131271
-0.118378
0.306564
0.20166

[14]
-0.00518799
0.642456
0.118317
-0.163269
-0.428253
-0.00717163
-0.0865631
-0.0645142
0.0262756
-0.00331116
-0.0635529
-0.16217
-0.111282
-0.051239
0.00468445
0.00012207
-0.0453491
-0.0621643
-0.0560303
-0.0270538
-0.0145721
-0.0101013
-0.0266113
0.0202789
0.00958252
0.0272369
0.0578308
0.0108032
-0.0743256
-0.138443
-0.628189
-0.725174
0.191681
-0.307312
-0.709412
-0.655045
-0.370316
-0.0596313
0.0860443
0.0320587
0.0357666
-0.107971
-0.0569458
0.184296
0.0584259
-0.082901
-0.25592
-0.406723
-0.457794
-0.643173

[15]
-0.46843
-1.0201
-0.539185
0.544937
0.533295
0.795288
-0.89801
1.2309
0.0341187
0.21286
-0.441315
0.151047
-0.121582
-0.093689
0.0640411
-0.0736847
0.0161591
-0.182861
-0.0155334
-0.0102692
0.00694275
-0.0374756
-0.0458984
-0.0250397
-0.0376129
-0.0305786
-0.0465393
0.0379944
0.0173492
-0.0627136
-0.0348969
0.0367432
-0.0687408
-0.10527
-0.393951
-0.424042
-0.0674286
-0.295441
-0.826202
-0.858093
-0.254242
-0.222168
-0.0706635
0.0165558
-0.0990143
-0.101318
0.0163269
0.0883331
0.132278
0.0822754

[16]
0.0566101
0.0820312
0.0949097
-0.117218
-0.259979
-0.545105
-0.194443
0.257843
0.462234
-0.0495758
0.750824
0.25174
-0.00196838
-0.378754
-0.13298
-0.0681458
-0.109833
-0.00578308
-0.0322723
-0.0925598
-0.0811462
-0.15097
-0.14537
-0.128586
-0.046524
-0.000823975
0.00909424
0.0209045
0.00161743
-0.0314331
-0.0588531
-0.0271912
-0.0366058
-0.0909119
-0.0117493
0.0781555
-0.0491943
-0.161026
-0.338806
-0.770874
0.115295
-0.169006
-0.56691
-0.549332
-0.452057
-0.434921
-0.140457
-0.0348358
-0.00637817
-0.111343

[17]
-0.141159
-0.0412903
0.00410461
-0.0496368
-0.121552
-0.166565
-0.0535431
0.00733948
-0.118454
-0.0338135
-0.229355
0.254089
0.438782
-0.19014
0.103455
0.180557
1.03366
-0.21582
-0.247177
-0.590347
0.152267
-0.190109
0.139771
-0.0422363
-0.0576782
-0.0503998
-0.080658
0.0257874
0.049118
-0.00796509
-0.0209656
-0.0339203
-0.0208282
-0.0197601
0.0189514
0.0300903
0.0045166
0.0179901
-0.0746307
-0.0365906
0.0269318
0.0514679
-0.0824738
-0.827026
0.460846
-0.512253
-1.10298
-0.665237
-0.392166
-0.236267

[18]
-0.0322723
-0.0098877
-0.0804596
-0.129242
-0.0379639
0.0269318
0.114578
0.0563049
-0.0981445
0.0953827
0.052536
0.0526276
-0.0183411
-0.424042
-0.0190735
0.621094
-0.50029
-0.362534
0.517014
0.354507
0.121475
-0.653961
-0.121506
-0.057663
-0.243927
0.0464325
-0.0817719
0.025238
0.0761261
0.0286407
-0.0952148
0.0170441
-0.0275116
-0.074295
-0.0759888
-0.0344086
-0.0216064
-0.0332947
0.00561523
-0.001297
0.0138397
0.0688324
0.0996399
-0.0501556
-0.185272
-0.533417
-0.628723
0.0357666
-0.356033
-0.911087

[19]
-0.567307
-0.171158
-0.0783844
0.0343018
0.123108
0.0151062
-0.083786
0.0614319
0.0735168
0.056488
-0.031662
-0.0587158
0.0557251
0.0459137
-0.207367
-0.31929
-0.675995
-0.121109
0.100372
0.455872
1.10201
0.523773
0.122147
-0.307251
-0.180542
0.000595093
-0.195862
0.0527649
-0.0168762
-0.145111
-0.121979
-0.0929871
-0.0319824
-0.0663452
-0.0875854
-0.0551147
-0.0433044
0.0509949
0.067215
0.114655
0.143692
0.120499
-0.0778351
-0.11113
0.0255585
0.0202484
0.00468445
-0.204208
-0.78508
0.158493

[20]
-0.632034
-1.10941
-0.436417
-0.194244
-0.166412
-0.13118
0.0458832
0.0429077
-0.0846405
0.010498
0.0457916
-0.0263367
-0.0756073
0.164734
0.138123
0.105118
-0.0718994
-0.154373
-0.497147
0.774216
0.209579
-0.271759
-0.240051
0.876404
0.313049
-0.46347
-0.384659
0.231506
-0.317459
-0.0758667
-0.0877228
-0.0950012
-0.143265
-0.0736389
-0.0113678
-0.00352478
-0.0228729
-0.0022583
0.0184937
-0.0214081
-0.0289459
-0.025528
-0.0020752
0.0078125
-0.00888062
-0.0864105
0.038147
0.0432892
0.0348206
-0.370178

[21]
-0.869873
0.450302
-0.428452
-0.574951
-0.440109
-0.335815
-0.27153
0.0640869
0.0361633
0.0434265
-0.0234985
-0.0353546
0.0489655
0.053009
-0.0132446
-0.0557251
0.19873
0.132935
-0.00891113
-0.0679169
-0.47348
-0.115082
0.0282745
-0.0189972
0.737732
-0.0411072
0.149948
-0.479294
-0.0774384
-0.0579987
-0.0903778
-0.0785522
-0.0507965
-0.0414429
-0.0924377
-0.178375
-0.0918121
-0.0548706
0.02211
0.0452728
-0.0219727
-0.00511169
-0.014328
-0.0363922
-0.0838318
0.0169678
0.0843048
0.0663605
-0.0127411
0.0380249

[22]
-0.0491943
-0.0641174
-0.352997
-0.666992
-0.306091
-0.485764
-0.565536
-0.445953
-0.344742
0.043045
0.0318146
0.0691528
0.00177002
-0.00663757
0.143295
0.158356
0.0664673
0.0112915
0.0142365
0.240402
0.155212
0.147781
0.0100403
-0.190491
0.501785
0.190872
-0.0575104
0.638397
0.784561
-0.0812225
-0.547897
-0.24527
0.170029
-0.139923
-0.0881195
0.00999451
-0.0553436
-0.0373535
-0.102829
-0.0660248
-0.0242157
0.0637665
0.0484009
-0.00177002
-0.0565338
-0.0463715
0.00262451
-0.00798035
-0.00424194
0.0268097

[23]
0.0404053
0.0419006
0.102173
-0.033493
-0.0513
-0.50882
-0.38884
0.202408
-0.491165
-0.573242
-0.623535
-0.31459
0.150665
-0.0290527
0.0240326
-0.0619965
-0.135834
0.00656128
0.00975037
-0.0109711
-0.0973969
-0.0370331
0.103455
-0.0852661
-0.10022
-0.478088
-0.627869
0.000640869
0.628693
0.606323
0.644348
0.183578
-0.490433
-0.333405
0.0139313
-0.0819702
-0.030365
0.153275
-0.142456
-0.0488129
-0.165833
-0.0148773
0.0142059
0.0257568
-0.0237885
0.010025
0.00531006
-0.0186005
-0.00654602
0.0490265

[24]
0.00352478
-0.0420837
-0.00894165
-0.0382233
0.115906
0.137543
-0.110779
-0.197632
-0.871948
-0.115173
-0.245865
-0.918106
-0.964386
-0.530914
-0.00640869
0.160065
0.075943
0.0717316
-0.0137939
-0.110947
-0.0630951
-0.0619202
-0.212708
-0.271988
-0.209763
-0.00254822
0.0646057
0.0649109
-0.104523
-0.308044
0.634979
0.295486
-0.0308685
-0.457199
0.831116
0.478714
-0.206436
-0.434494
0.0666656
-0.171432
-0.072876
-0.0121155
-0.0756683
0.0689697
-0.108307
-0.156921
-0.0684814
0.0280304
0.0709991
0.000396729

[25]
-0.0315094
-0.0506439
-0.0449371
-0.0208282
0.0256042
-0.148178
-0.137207
0.146561
0.134613
-0.018158
-0.326889
-0.75592
0.0367126
-0.221191
-0.56839
-0.366058
-0.46785
-0.0638123
0.0995331
0.0239258
0.0459747
-0.153412
-0.177368
-0.0668335
-0.0233154
-0.104401
-0.178909
-0.169708
0.0554657
0.18129
0.296844
0.130234
0.196716
0.550919
0.31459
-1.21231
1.35815
-0.0373993
-0.112625
-0.0333862
0.120789
-0.20665
-0.0782928
-0.0299683
-0.0722809
0.014801
-0.0783539
-0.0582733
-0.0599365
-0.0182953

[26]
-0.0221252
-0.0162201
0.0225983
0.00311279
0.00888062
0.0311432
0.0107117
-0.0281982
-0.0848999
0.00521851
0.0626984
-0.0733185
-0.250198
-0.724777
-0.40567
0.119781
-0.571899
-0.533676
-0.779648
-0.406998
-0.0866852
-0.0187378
0.0367279
-0.126343
-0.145264
-0.0392151
0.00408936
0.0297241
-0.0593262
-0.123627
-0.0962982
-0.105911
-0.136917
-0.254868
-0.356766
0.180313
0.556091
0.334824
0.854752
0.507431
-0.230835
-0.389404
0.048172
-0.0953217
-0.0223236
0.119431
-0.0583344
-0.121017
-0.146301
-0.0299988

[27]
0.0348358
0.0164948
0.0111084
0.0479431
0.0465393
0.065506
-0.00611877
-0.0339661
0.02034
0.0803833
-0.0113983
-0.0765686
0.0406952
0.0839691
0.0670624
-0.189133
-0.9841
-0.393738
-0.156387
-0.608673
-0.502365
-0.409348
-0.078186
0.0823517
0.139313
0.122009
0.0057373
0.031311
0.0797729
0.135468
0.0121918
-0.0660706
0.287109
-0.0264893
-0.104324
-0.083847
-0.365128
0.191711
0.597244
0.058075
-1.41568
1.05731
0.278061
-0.323257
0.0553741
0.159134
-0.219452
-0.0432281
-0.0456696
-0.0418091

[28]
-0.0256805
-0.0563049
-0.0436096
0.0744324
0
-0.00344849
-0.0439453
-0.0721588
0.00750732
-0.00434875
-0.0223083
-0.0338745
0.0944977
0.00358582
-0.0142822
0.0505981
-0.0395355
-0.0953674
-0.386765
-0.704193
0.107742
-0.248474
-0.726639
-0.447906
-0.386566
-0.304001
0.00643921
0.0160217
0.0236053
-0.0975037
-0.0691071
0.0115356
0.0400848
-0.0887146
-0.21637
0.134277
0.0280762
-0.0732727
-0.351807
-0.300278
0.00175476
0.283997
0.288025
-0.415451
0.820831
0.875504
-0.160461
0.0253143
-0.0330048
-0.0249329

