[1]
-1.8275
0.145615
0.110092
0.156281
0.188126
0.205414
0.242081
0.221207
0.212494
0.309067
0.358704
0.492477
0.497406
0.705399
1.43965
1.46965
0.941757
0.990906
0.586105
0.0617828
0.467285
0.581207
1.06931
1.04404
0.756866
0.580582
0.503738
0.522659
0.60817
0.554794
0.0168915
-0.324707
-0.657684
-0.99884
-1.53442
-1.61267
-2.0455
-2.03908
-1.75444
1.31938
0.0360718
-0.247208
-0.219482
-0.131912
-0.244003
-0.066803
0.0390167
0.044693
0.121231
0.103134

[2]
0.110062
0.0726471
0.073822
0.134781
0.152039
0.08255
0.0812073
0.0627594
0.0962067
0.176422
0.134872
0.138443
0.151672
0.220871
0.379837
0.376312
0.244278
0.214859
0.213852
0.204529
0.510117
1.14549
1.3322
2.05521
0.577652
0.499039
0.0539703
0.599319
0.924759
1.23221
0.903854
0.669479
0.595795
0.491745
0.339844
0.307785
0.20636
0.132858
-0.360901
-0.871124
-1.24101
-1.38071
-1.39706
-1.9572
-1.99385
-0.788422
1.77602
0.361938
-0.394424
0.131363

[3]
-0.216766
-0.0121155
-0.12085
-0.222397
-0.0104828
0.106827
0.143967
0.108826
0.152557
0.12056
0.161758
0.147049
0.10498
0.0731964
0.101242
0.115097
0.103058
0.224991
0.290619
0.262573
0.274765
0.305725
0.157883
0.201019
0.246246
0.369354
0.426544
0.577362
1.30118
1.30667
1.42085
0.927811
0.568863
0.385452
0.1427
0.330215
1.07216
1.23041
0.796692
0.591522
0.428513
0.414047
0.377487
0.405243
0.575394
-0.1866
-0.680054
-0.99118
-1.48726
-1.94519

[4]
-2.1273
-2.27206
-1.62732
-0.440445
1.75671
-0.593643
-0.273788
0.0417938
-0.636398
-0.0389709
-0.131927
-0.0649414
0.0839996
0.132339
0.185593
0.208618
0.174026
0.17276
0.170364
0.162445
0.162888
0.123154
0.123932
0.148468
0.174088
0.133881
0.159149
0.180969
0.220444
0.278946
0.287094
0.304184
0.371246
0.351013
0.595016
1.45604
1.66878
1.43719
1.16837
0.782471
0.0818481
0.275177
0.523056
1.0674
1.05125
0.714371
0.621552
0.56427
0.560944
0.522736

[5]
0.429886
0.257324
-0.348343
-0.79599
-1.10794
-1.75311
-1.77534
-2.23512
-2.37956
-1.26978
-0.0383301
1.75209
-0.583069
-0.184738
-0.307587
-0.0537262
-0.0983582
-0.192001
0.127731
0.140411
0.242981
0.209473
0.16153
0.192749
0.209503
0.212997
0.136856
0.148941
0.122528
0.189819
0.178604
0.174454
0.14151
0.197556
0.246918
0.27652
0.316711
0.306732
0.363083
0.317062
0.659027
1.39401
1.63458
1.45375
1.26526
0.816635
0.1017
0.148514
0.963577
1.06961

[6]
0.976318
0.617538
0.538071
0.515671
0.516068
0.529251
0.498749
0.185135
-0.200912
-0.737228
-1.37453
-1.67735
-2.0752
-2.41304
-1.85608
-1.43486
1.185
1.1864
-1.3811
-0.271393
-0.452927
-0.250595
-0.148636
-0.269562
-0.0241852
-0.0303802
0.0751801
0.11853
0.130875
0.100372
0.0681763
0.0446167
0.0811615
0.088028
0.0570831
0.0353546
0.019989
0.0574493
0.0855408
0.0785675
0.144836
0.162872
0.238647
0.230042
0.278488
0.330292
0.570312
1.41521
1.42891
1.21101

[7]
1.03922
0.937149
0.187073
-0.490463
0.185623
0.923798
1.24181
0.807541
0.575485
0.388367
0.390823
0.396561
0.354813
0.12265
-0.23735
-0.523514
-1.25052
-2.04474
-2.33633
-2.49742
-1.9637
-1.41586
-0.558334
0.106903
1.66853
-0.723175
-0.557526
-0.32016
-0.444275
-0.0836029
-0.332748
-0.0428162
-0.0414276
0.0521851
0.0624847
0.0165405
0.134521
0.080246
0.0348358
0.0240784
0.0826874
0.0440216
0.0261383
0.0283813
0.0380707
0.0814209
0.16333
0.230652
0.258179
0.270905

[8]
0.324402
0.401962
0.731537
1.47275
1.5807
1.04936
0.7892
0.830215
0.134354
-0.0501099
0.448257
1.16583
1.21074
0.756989
0.481781
0.361938
0.433121
0.321976
0.164948
0.0186462
-0.441452
-0.76796
-1.61465
-2.33086
-2.48441
-2.48264
-1.75096
-0.21402
1.61539
-1.26631
-0.27623
-0.621902
-0.325119
-0.21463
-0.493546
-0.110367
-0.0150757
0.0363464
0.110535
0.0570374
0.0382996
0.0160828
-0.0170441
0.0389709
0.0561676
0.0428772
0.0344086
0.0756989
-0.0085907
0.0251465

[9]
0.0752716
0.116394
0.1427
0.218674
0.265137
0.242966
0.211502
0.674057
1.73517
1.52158
1.24779
1.11092
0.183014
-0.213333
0.0131531
0.810455
0.958374
0.879822
0.555801
0.176712
0.502823
0.513779
0.365829
0.319885
-0.0910034
-0.496292
-1.03551
-1.74924
-2.32127
-2.47368
-2.4668
-1.56828
0.047821
1.42258
-1.48668
-0.124863
-0.732849
-0.33725
-0.23764
-0.303955
0.00234985
-0.0231323
-0.0361633
0.0510864
-0.00900269
0.064621
0.0136108
0.0247803
0.044693
0.0123138

[10]
0.00743103
0.0470276
0.0671539
0.0123291
0.0343781
0.123535
0.157761
0.180664
0.256393
0.248932
0.267151
0.556396
1.61964
1.71213
1.18103
1.07285
0.440414
-0.175491
0.155289
0.395187
1.06844
1.01141
0.627563
0.504288
0.443405
0.418823
0.394302
0.250641
-0.101227
-0.512146
-0.966629
-1.7075
-2.37433
-2.52199
-2.51875
-1.46651
0.229858
1.47229
-1.40529
0.158249
-0.770004
-0.340866
-0.451645
-0.271439
-0.026123
0.040741
0.0190887
-0.00421143
-0.0202332
-0.0952301

[11]
-0.0629883
-0.0496979
-0.00254822
-0.0591736
-0.0216522
0.00315857
0.0386963
0.00689697
-0.00738525
0.0447235
0.128922
0.166763
0.199951
0.242035
0.320847
0.342575
0.736572
1.38945
1.53241
1.33388
1.21544
-0.0129852
-0.633347
0.546295
0.398575
1.20177
1.0087
0.651993
0.449692
0.2939
0.213699
0.179626
0.0336456
-0.22464
-0.723129
-1.57678
-2.3004
-2.4985
-2.50311
-1.92415
-1.22464
1.52986
0.873642
-0.821915
-0.668335
-0.435059
-0.091507
-0.337158
-0.30455
0.00212097

[12]
-0.00135803
-0.000778198
0.0288849
-0.0335999
0.070816
0.0699921
0.0111542
-0.00140381
-0.0310059
0.00701904
0.0140228
0.0515137
0.0257874
0.0442352
0.0669556
0.196136
0.243042
0.2341
0.290558
0.314194
0.291946
0.56868
2.08391
1.36835
1.10406
0.9785
0.283951
-0.413971
0.429184
0.598038
1.13905
0.97673
0.602097
0.460876
0.298126
0.333557
0.312225
0.178513
0.0979462
-0.621017
-1.22743
-2.15527
-2.39107
-2.51588
-2.49789
-1.28766
1.58754
0.156921
-0.896698
-0.343018

[13]
-0.512665
-0.323975
-0.407516
-0.190811
0.025528
-0.0185394
-0.0172119
0.0090332
-0.0342102
0.0646973
0.0767365
-0.0185242
-0.046524
-0.000427246
0.0144653
-0.0491791
-0.0101776
-0.0123444
0.0883026
0.173721
0.168716
0.250412
0.224701
0.361298
0.47879
0.597977
1.59694
1.72209
1.31268
1.02333
-0.106842
-0.335815
0.248276
0.670547
1.11783
0.888931
0.545746
0.425522
0.393829
0.348083
0.298782
0.212891
0.147873
-0.481873
-0.912369
-1.68414
-2.32761
-2.52954
-2.51823
-1.31636

[14]
1.55701
-0.677979
-0.886993
-0.380676
-0.477066
-0.169037
-0.286804
-0.272003
-0.082901
-0.0106506
0.0549774
0.00567627
0.0474854
0.127365
0.0557861
0.0373077
-0.0354004
0.0247192
0.0435028
0.0461273
0.0491486
0.0451355
0.00775146
0.102844
0.166031
0.171585
0.194305
0.234543
0.278702
0.308502
0.749115
1.8306
1.44174
0.966766
1.11357
0.766739
-0.171631
0.193451
0.523117
1.17958
1.10037
0.704727
0.546722
0.418289
0.384094
0.368729
0.254547
-0.142151
-0.420074
-1.68738

[15]
-2.35136
-2.47916
-2.49835
-2.21732
-1.76433
-0.0700378
1.63065
-1.28485
-0.038147
-0.720688
-0.891602
-0.288437
-0.246429
-0.289886
-0.0393829
-0.0194855
0.170868
-0.185165
0.0206299
0.0149994
0.0454559
-0.0176849
-0.0188293
0.0236206
0.0154877
0.0127258
0.00828552
0.127838
0.204712
0.236618
0.227966
0.301361
0.348923
0.440353
0.830673
1.77641
1.65112
1.26295
1.127
0.267822
-0.333755
0.506104
0.718048
1.12762
0.736374
0.522186
0.412201
0.39566
0.43161
0.377258

[16]
0.209427
-0.355499
-0.745697
-1.64682
-2.26802
-2.50604
-2.52025
-2.494
-1.34932
1.58945
0.00505066
-0.820587
-0.362442
-0.494278
-0.222565
-0.291855
-0.332352
-0.149689
-0.042511
0.0899658
0.100052
0.0717773
0.0554504
-0.0112152
0.0568695
-0.0117035
0.00730896
-0.0241241
0.0471649
0.0523071
-0.00895691
0.0220642
0.107407
0.173569
0.207031
0.279007
0.302582
0.308273
0.361557
1.01373
1.70572
1.57378
0.95372
0.657639
-0.129013
-0.404678
0.543381
0.915146
1.15559
0.759766

[17]
0.57402
0.445023
0.422089
0.417389
0.402786
0.211472
-0.0587769
-0.546463
-1.28319
-2.11673
-2.47679
-2.49374
-2.23647
-1.49626
0.399673
1.60875
-1.58583
-0.214035
-0.654404
-0.475357
-0.284515
-0.547897
-0.0223541
-0.0469818
0.0388336
-0.061142
-0.140182
-0.00942993
-0.0851593
-0.0881653
-0.0588837
-0.0098877
0.0320282
0.102295
0.0739746
0.117752
0.0865784
0.130035
0.211807
0.241394
0.334457
0.320084
0.455383
1.84804
2.0648
1.28374
1.07045
0.30838
-0.498444
0.303375

[18]
0.582596
1.07893
1.05237
0.64534
0.587051
0.426651
0.438309
0.440643
0.286392
0.00468445
-0.611923
-1.33589
-1.98013
-2.50415
-2.52841
-2.51004
-1.99223
1.58917
-0.00492859
-1.30429
-0.132431
-0.649719
-0.350754
-0.323456
-0.338181
0.08992
-0.0546112
-0.0649414
-0.109039
-0.165207
-0.119843
-0.0802765
-0.0151367
-0.0213776
0.0149689
0.101944
0.0796204
0.0822296
0.0795746
0.0915833
0.134247
0.186569
0.28038
0.329514
0.331207
0.494522
1.55968
1.9585
1.172
1.07555

[19]
-0.106613
-0.543655
0.376236
0.781357
1.22331
0.807526
0.580734
0.438431
0.367233
0.379944
0.32959
0.23465
-0.198364
-0.741562
-1.55994
-2.15675
-2.52431
-2.53731
-2.42299
-1.05412
1.5881
-1.73889
-0.275055
-0.827316
-0.337616
-0.321823
-0.321838
0.115891
-0.0436859
-0.0834503
0.0180359
0.0904999
0.12677
-6.10352e-05
-0.0310516
0.0470428
-0.0151825
-0.0946655
-0.0342255
0.00863647
0.0628662
0.160751
0.17421
0.1828
0.247971
0.314667
0.392502
0.489044
1.98123
1.59486

[20]
0.789917
1.31332
0.29921
-0.291885
0.230484
0.688309
1.10115
0.837601
0.603897
0.54805
0.417282
0.359787
0.302673
0.132141
-0.379608
-0.85199
-1.30476
-1.74702
-2.51685
-2.52518
-2.19009
-0.978622
1.6244
-0.955627
-0.41098
-0.786896
-0.704666
-0.0492554
-0.283325
0.128448
-0.0465698
0.0995636
0.0632172
0.144257
0.0378876
0.0379486
0.00682068
0.0294189
0.0409393
0.0368347
0.056076
0.131714
0.131577
0.164459
0.23584
0.190186
0.266769
0.330414
0.330872
0.602448

[21]
1.77455
1.8261
0.988327
1.09766
0.698975
-0.239166
0.363358
0.69426
1.07936
0.951508
0.543228
0.439087
0.506744
0.461166
0.426086
0.219681
-0.0541992
-0.619003
-1.4232
-2.18454
-2.47658
-2.4586
-2.48091
-1.67795
1.59338
-1.00186
-0.340195
-0.541855
-0.24292
-0.427765
-0.260803
-0.0740662
-0.00643921
0.098877
0.0704346
0.0771179
0.163467
0.100113
0.0384064
-0.0297241
0.0378876
0.0245667
0.00163269
0.0454865
0.0552521
0.100479
0.215332
0.297958
0.278
0.324966

[22]
0.331177
0.51326
0.651718
2.3571
1.7065
0.97345
0.668671
-0.0258331
0.0578461
0.642273
0.996872
1.10423
0.687958
0.536438
0.528076
0.519638
0.483505
0.295731
0.0827637
-0.554932
-1.01073
-1.60522
-2.16095
-2.49637
-2.4998
-2.40358
-0.696121
1.61528
-1.04396
0.00680542
-0.770798
-0.37323
-0.138138
-0.385391
-0.0938721
-0.0130615
0.0708618
0.0857086
0.0566101
0.088623
-0.0151062
0.0272064
0.0434265
0.115952
0.00112915
-0.00442505
0.0569916
0.0953369
0.157562
0.240402

[23]
0.249268
0.211899
0.354523
0.379028
0.340118
0.621063
2.16051
1.91818
1.18784
0.602219
-0.0401917
-0.142502
0.488235
0.893631
1.1154
0.677933
0.511887
0.450104
0.449982
0.344452
0.236038
0.273239
-0.521881
-1.24095
-2.00214
-2.45798
-2.48584
-2.47887
-1.77899
1.27629
0.908051
-1.33029
-0.453232
-0.583771
-0.328308
-0.43782
-0.246826
0.0605316
-0.0456696
-0.0801239
-0.106842
0.0552979
0.0285645
-0.00753784
-0.0395355
0.0627747
-0.0142365
-0.00822449
0.00151062
-0.00137329

[24]
0.00566101
0.0519714
0.183136
0.182556
0.212341
0.262756
0.325256
0.249619
0.905243
2.33772
1.44826
1.01102
0.528152
-0.194611
0.0243225
0.726456
0.967819
0.989182
0.671173
0.477844
0.392563
0.351883
0.281433
0.0735168
-0.0962219
-0.55864
-1.08765
-1.76404
-2.29655
-2.54099
-2.53609
-2.21822
-0.638901
1.61234
-1.0103
-0.937881
-0.258728
-0.831909
-0.304901
-0.443512
-0.114334
-0.0403442
0.0471802
0.22345
0.0245972
-0.0644073
0.0448151
-0.0317841
0.058609
0.0422974

[25]
0.0230103
0.0418396
0.0757599
0.0610504
0.105209
0.131393
0.165604
0.276093
0.35965
0.398132
0.521133
1.17564
1.84245
1.63931
0.847656
0.846664
-0.267975
0.146774
0.734283
1.14903
1.13847
0.698181
0.431046
0.352097
0.354004
0.276154
0.149048
-0.154953
-0.599274
-1.31761
-1.94914
-2.25198
-2.48972
-2.47475
-1.88545
1.59479
-0.677872
-0.585617
-0.758667
-0.621765
-0.332962
-0.378342
-0.127548
-0.0635529
0.065918
0.127075
0.0129089
0.102982
0.067627
0.112427

[26]
0.0289764
0.000518799
-0.00631714
-0.000335693
0.00830078
0.081131
0.135223
0.190598
0.16684
0.214142
0.307449
0.346588
0.449875
1.0378
1.92464
1.59889
1.18047
1.18631
-0.139297
-0.547333
0.154434
0.790176
1.12195
0.804047
0.568878
0.378479
0.29097
0.272217
0.179535
-0.00274658
-0.328262
-0.813644
-1.6987
-2.43579
-2.46968
-2.4659
-1.9111
-0.0332489
1.62131
-1.9351
-0.075531
-0.68074
-0.22551
-0.508102
-0.22963
0.0790405
0.0693054
0.0211945
-0.0391388
0.0604706

[27]
0.0619812
0.00984192
-0.0384674
-0.00131226
0.00883484
-0.0112457
0.0085907
0.0436859
0.0874634
0.145935
0.183411
0.197388
0.21582
0.258514
0.283203
0.458527
1.25748
2.21396
1.00812
1.00754
0.383179
-0.246185
0.452087
0.743195
1.18344
0.928024
0.590576
0.468018
0.457626
0.486038
0.301254
0.0652313
-0.136246
-0.84816
-1.32597
-2.01674
-2.45132
-2.47041
-2.45665
-1.78525
0.947968
0.294083
-1.09128
-0.247711
-0.750198
-0.247238
-0.367889
-0.0113678
-0.0167236
-0.0266571

[28]
-0.0110474
0.0524597
0.041687
0.042511
-0.0104828
-0.0138855
-0.0239563
0.106018
0.0501404
0.00239563
0.0338745
0.0316162
0.142517
0.156265
0.180405
0.208313
0.190018
0.195312
0.495102
1.35092
1.77103
1.20255
0.959824
0.166611
-0.509308
0.205978
0.638336
1.17603
0.921448
0.619736
0.469757
0.452454
0.388474
0.290817
-0.0487823
-0.156982
-0.852386
-1.15517
-1.82417
-2.07104
-2.26608
-2.16536
-2.01759
-0.828766
1.62407
-1.11224
-1.04066
-0.572601
-0.166672
-0.229141

