[1]
0.0492706
-0.0858002
-0.0926971
-0.0773163
-0.0900421
-0.112457
-0.101105
-0.154068
-0.140182
-0.101074
-0.125946
-0.0896149
-0.107254
-0.10144
-0.0993652
-0.129349
-0.149826
-0.156479
-0.132614
-0.145157
-0.146011
-0.12326
-0.103027
-0.194214
-0.142792
0.0795593
-0.106674
-0.0690918
-0.155396
-0.161407
-0.189285
-0.221481
-0.27533
-0.219559
-0.417099
-0.476456
-0.570419
-0.643768
-0.600708
-0.575562
-0.226929
-0.359177
-0.49791
0.311722
-0.41806
-0.50441
-0.429398
-0.400558
-0.437851
-0.314575

[2]
-0.455811
-0.258972
-0.196533
-0.212296
-0.0552521
0.293274
0.496719
0.652756
0.89328
0.95491
0.929352
0.912048
0.919601
1.007
0.883743
0.739777
-0.581161
-0.314972
-0.923737
0.112625
-0.02034
0.204483
0.108154
-0.00662231
0.0819397
0.0104828
-0.100967
-0.0827942
-0.115967
-0.0345154
-0.137009
-0.17189
-0.177765
-0.092041
-0.103333
-0.150375
-0.123627
-0.111771
-0.0737762
-0.128311
-0.170883
-0.137573
-0.138931
-0.22467
-0.303329
-0.287384
-0.255783
-0.178024
-0.203232
-0.238312

[3]
-0.32695
-0.727554
-0.769196
-0.857697
-0.179092
-0.277527
0.142609
0.496429
-0.380737
-0.492722
-0.559677
-0.496399
-0.388992
-0.233963
-0.172729
-0.10582
-0.0547028
0.0352173
0.117065
-0.0656281
0.491104
0.752319
1.22098
1.68611
1.23561
0.82579
0.983536
0.788101
-0.688766
-0.793625
-1.18021
-0.968414
0.350647
-0.106079
0.538437
0.545074
0.0437927
-0.0752258
-0.0940552
-0.0919952
-0.000198364
-0.0510559
0.0171509
-0.105331
-0.165222
-0.109451
-0.0247955
-0.0765228
-0.153717
-0.169388

[4]
-0.0909119
-0.0465546
-0.0685577
-0.155502
-0.142532
-0.16217
-0.198547
-0.298035
-0.266983
-0.156143
-0.250351
-0.394333
-0.511108
-0.957764
-0.953339
-0.389297
-0.166946
-0.50708
0.267944
0.490387
-0.424377
-0.368469
-0.480194
-0.377533
-0.365479
-0.276169
-0.233749
-0.192627
-0.14859
-0.165817
-0.190689
-0.344498
0.315399
0.683334
1.29332
1.75034
1.65915
0.810913
0.932541
-0.265961
-1.56639
-0.455032
0.339981
0.432236
0.48027
0.334274
0.360916
-0.199799
-0.36348
-0.0474701

[5]
0.120193
-0.0132446
-0.138641
-0.112152
0.00410461
0.00862122
-0.108414
-0.0990601
-0.114227
-0.0918732
-0.043457
-0.0821228
-0.085907
-0.0708313
-0.176651
-0.193588
-0.163712
-0.221817
-0.24704
-0.369171
-0.281616
-0.295593
-0.742172
-0.931549
-0.416016
-0.268311
-0.490814
0.358841
0.821136
-0.506454
-0.315506
-0.609055
-0.526779
-0.416092
-0.300034
-0.163513
-0.140884
-0.123047
-0.100586
0.064743
0.0531311
0.44313
1.24805
1.77791
2.08002
1.34442
0.836868
0.276474
-0.606567
-0.529068

[6]
-0.460434
0.395447
0.294479
0.284744
0.364822
0.072052
-0.144928
-0.0407562
0.0433502
0.0903778
-0.0295105
-0.139771
-0.0976868
-0.058197
0.00418091
-0.0495605
-0.0583344
-0.0670471
-0.0689087
-0.10434
-0.0769653
-0.11792
-0.109955
-0.130096
-0.212708
-0.352463
-0.269363
-0.233826
-0.201553
-0.4823
-1.25967
-0.739822
-0.123169
-0.204956
0.147537
0.854401
-0.494583
-0.422333
-0.614075
-0.569061
-0.421494
-0.307724
-0.216187
-0.174164
-0.222137
-0.246613
-0.0967102
0.0334473
0.191132
0.737595

[7]
1.57205
2.2379
2.12485
1.13852
0.548294
-0.0166321
-1.61989
-0.258102
0.557022
0.0827789
0.789062
0.38472
0.175323
-0.142944
-0.173309
-0.0552063
0.118027
0.116623
-0.0379639
-0.166809
-0.0533142
0.0332031
0.0531006
-0.0115662
-0.062439
-0.046524
-0.0651398
-0.0254669
0.0110779
-0.105148
-0.205429
-0.22139
-0.172928
-0.167786
-0.200333
-0.254593
-0.29187
-0.937958
-1.2459
-0.891068
-0.369385
0.0461121
0.282532
0.0680237
-0.400223
-0.360672
-0.39035
-0.478378
-0.421112
-0.400497

[8]
-0.306488
-0.154877
-0.0449524
-0.0962067
-0.0817566
-0.0721893
0.541031
0.797134
1.48993
2.12123
2.28772
1.83304
1.06653
0.410675
-1.66644
-0.652298
0.668594
0.334564
0.746918
0.403931
0.0191345
-0.0566559
-0.314011
-0.082962
0.248947
0.100159
-0.06987
-0.235794
-0.0145264
0.0696106
0.0485992
-0.0512543
-0.0578308
-0.0855713
-0.0249939
0.00216675
-0.00976562
-0.108231
-0.157211
-0.126099
-0.108597
-0.192322
-0.259811
-0.209244
-0.339386
-0.339767
-0.979584
-0.725113
-0.0532532
-0.228348

[9]
-0.713364
0.295227
0.207397
-0.418533
-0.377106
-0.690903
-0.504166
-0.384567
-0.268524
-0.195862
-0.179321
-0.190582
-0.208633
-0.128036
-0.159515
0.425919
1.11584
1.7408
1.97195
1.75777
1.30658
0.878586
-0.092453
-0.38736
-1.18782
-0.149307
0.313995
0.284241
0.496094
0.315781
0.168823
-0.0574188
-0.0402832
0.0379028
0.0268402
0.0631409
0.0368805
-0.032074
-0.0549469
0.0314178
0.0503693
0.0297699
-0.0635529
-0.0618896
-0.0370483
-0.00382996
0.0232086
0.0226135
-0.0452423
-0.204697

[10]
-0.164307
-0.201736
-0.191437
-0.105148
-0.138397
-0.200653
-0.839249
-1.04106
-0.693329
-0.113022
-0.2565
0.304779
0.857346
-0.531677
-0.373474
-0.681213
-0.508652
-0.391357
-0.311935
-0.177094
-0.145508
-0.164536
-0.154617
-0.130798
0.247635
0.550735
1.27995
2.07291
2.14615
1.71562
1.64894
0.849686
-0.171738
-1.58464
0.0381012
0.29715
0.647064
0.584839
0.357697
0.121216
-0.131439
-0.0185699
0.023819
0.16127
0.0879211
-0.0700226
-0.104141
0.0447235
0.0954437
0.0600739

[11]
-0.0474548
-0.061142
-0.030426
-0.0369415
-0.0257874
-0.108765
-0.169693
-0.104935
-0.137695
-0.224106
-0.23233
-0.245926
-0.190689
-0.699539
-1.06163
-0.425827
-0.393982
-0.267761
0.334351
0.663208
-0.526596
-0.383057
-0.565643
-0.355972
-0.311783
-0.240433
-0.208038
-0.203049
-0.238937
-0.123657
-0.260727
0.411469
0.863449
1.68062
2.32114
2.34125
1.79396
1.33003
0.311569
-0.109146
-1.83115
0.0283813
1.19478
0.497299
0.579758
0.149536
0.160049
-0.0743103
-0.27832
0.152756

[12]
0.250992
0.0233612
-0.153992
-0.115799
0.101288
0.139801
0.0193176
-0.0437164
-0.0271759
0.0310364
0.087204
0.0365906
-0.0443573
-0.165512
-0.13092
-0.123428
-0.183182
-0.146454
-0.132645
-0.139755
-0.15831
-0.529022
-0.95314
-0.87001
-0.272156
-0.423355
0.047821
1.14064
-0.440948
-0.330246
-0.618195
-0.489258
-0.316833
-0.188919
-0.1035
-0.0995941
-0.152435
-0.206619
-0.118591
-0.129547
0.315598
0.881317
1.4818
1.73306
1.32805
1.26537
1.83115
0.0342255
-1.636
0.231445

[13]
-0.0324249
0.599075
0.366714
0.41571
0.341431
0.0591888
-0.156738
-0.0231323
0.175018
0.1819
0.0865173
-0.0612946
-0.09729
0.0883942
0.161209
0.0632782
0.0156708
-0.03125
0.0301208
0.0186462
-0.0129242
0.0603943
-0.102371
-0.0452576
-0.213577
-0.240967
-0.199677
-0.238281
-0.096405
-0.188721
-0.486511
-0.964722
-0.617767
-0.159042
-0.426666
0.304153
0.835693
-0.480942
-0.344849
-0.569931
-0.55098
-0.362778
-0.195847
-0.0841217
-0.0452728
-0.0321655
-0.0126801
0.0556183
0.139954
0.470551

[14]
1.01636
1.62379
2.16728
1.77005
1.12195
0.310715
-0.294632
-1.14735
-0.683258
0.450195
0.14476
1.10403
0.264191
0.285599
0.0207367
-0.0858765
0.0107117
0.124603
0.199051
0.054245
-0.0225067
0.0767517
0.127319
0.127136
0.0213318
0.00749207
-0.000473022
0.0455017
-0.0234528
0.0688171
0.0424347
-0.10434
-0.0606689
-0.205307
-0.111694
-0.104538
-0.0859985
-0.13504
-0.739731
-0.79332
-0.651581
-0.220383
-0.520325
0.248978
0.295273
-0.676483
-0.422806
-0.748169
-0.570023
-0.318497

[15]
-0.14563
-0.0450287
-0.0438385
0.00175476
-0.0285339
0.210617
0.283493
0.759171
1.38542
1.75914
2.18149
1.6188
0.562454
-0.271072
-1.81607
0.367676
0.818787
0.690582
0.357132
0.378296
0.209457
-0.110199
-0.00386047
0.0584259
0.121964
0.143387
0.00318909
-0.109222
0.0297699
0.129959
0.115875
-0.00787354
0.010788
0.0361633
0.0550385
0.10762
0.0658569
-0.143829
-0.174286
-0.161438
-0.22818
-0.181519
-0.0765381
-0.0409546
-0.516312
-1.30135
-0.468094
-0.0139923
-0.587494
0.46582

[16]
0.983612
-0.561234
-0.22818
-0.694351
-0.542526
-0.296616
-0.114197
-0.0455933
0.0754547
0.10733
0.124161
0.226639
0.202713
0.771759
1.15671
1.51068
1.72197
1.74162
1.19345
1.08057
-1.72119
-0.699066
-1.86673
0.887711
0.294647
1.47177
0.296707
0.395477
-0.088028
-0.0146027
-0.0829773
0.224747
0.174042
0.0829773
0.132294
0.0856018
0.166275
0.0809937
-0.0800781
-0.12529
-0.0755615
-0.00421143
0.0950012
-0.0856018
0.0299377
-0.0630493
-0.0957794
-0.155655
-0.178513
-0.15683

[17]
-0.0674438
-0.318665
-0.968506
-1.0712
-0.47403
-0.132416
-0.62265
0.935364
-0.355713
-0.369614
-0.357758
-0.488388
-0.334259
-0.206879
-0.086319
-0.0354462
-0.0392151
-0.0614014
-0.0415039
-0.137421
0.609619
1.18181
1.77589
2.34758
2.06369
1.09402
1.44635
-0.334763
-0.686264
-1.81813
0.976547
0.295593
1.02783
0.312317
0.326477
0.137573
-0.135452
-0.0285187
0.132156
0.250031
0.105133
-0.0691071
0.0679474
0.126816
0.0500183
-0.0211945
0.0232239
0.0140076
0.0527649
0.142242

[18]
0.0982361
-0.0321808
-0.0783997
-0.0951691
-0.141434
-0.175125
-0.153671
-0.148865
-0.098999
-0.492249
-0.795166
-0.392654
-0.402039
-0.516998
0.288406
0.623413
-0.626358
-0.410461
-0.720779
-0.508392
-0.300476
-0.142014
-0.0855865
-0.0310516
-0.0500793
-0.0285797
0.0767059
0.193024
0.532623
0.983093
1.50073
2.02406
1.9568
1.29605
0.772797
0.0663757
-0.748962
-0.932953
0.639328
0.170792
0.88118
0.403152
0.182388
-0.00506592
0.135757
0.145493
0.160294
0.0828094
0.0639191
0.0671539

[19]
0.0764923
0.0722809
0.0794373
0.0388794
-0.00457764
0.0144653
0.10228
-0.0119629
-0.0163727
-0.0213318
-0.0881958
-0.0920258
-0.173004
-0.170151
-0.208984
-0.245377
-0.439163
-0.937195
-0.750046
-0.128876
-0.145401
-0.113388
1.1335
-0.510223
-0.382355
-0.454605
-0.469498
-0.280396
-0.181473
-0.106522
-0.0802002
-0.024353
-0.0430603
-0.0656281
0.280121
0.797577
1.28653
1.819
2.20793
1.93188
1.53307
1.41936
-0.399429
-1.03891
-1.0885
0.681885
0.568649
0.705627
0.404129
0.367493

[20]
-0.195068
0.0323639
0.101227
0.319153
0.0617218
-0.0417786
0.110764
0.160538
0.107971
0.0760803
0.0636749
0.041748
0.0295868
0.0792847
0.0766907
0.0319214
-0.0694275
-0.141174
0.00241089
-0.0844116
-0.125778
-0.0897064
-0.0887909
-0.100632
-0.521591
-1.32472
-0.756439
0.236343
-0.16626
0.0182648
0.980621
-0.464508
-0.31308
-0.526108
-0.616837
-0.417328
-0.250458
-0.10405
0.0206909
0.00149536
0.0698547
0.301849
0.205368
0.651794
1.16731
1.59235
2.11552
1.65753
1.70183
-1.0399

[21]
-0.917709
-1.47113
1.09964
0.606552
0.928848
0.336914
0.460144
-0.0966187
0.186325
-0.0352783
0.344025
0.0641327
-0.00494385
0.0388489
0.122452
0.154724
0.147415
0.0281372
-0.0316162
0.099884
0.00480652
-0.0483398
-0.00813293
-0.00395203
-0.0890503
-0.145996
-0.0771637
-0.0814972
-0.050415
-0.25589
-0.852417
-0.338898
-0.296524
-0.492203
0.0827026
0.901337
-0.496307
-0.465118
-0.667084
-0.500519
-0.338394
-0.203033
-0.120514
-0.121414
-0.123199
-0.114716
0.0995026
-0.14798
0.464508
0.85434

[22]
1.41266
1.96432
1.69418
1.24762
1.10298
-1.79825
-0.0664368
0.723328
0.133163
0.643143
0.352341
0.232361
-0.0523224
-0.0554657
0.159164
0.298737
0.0702667
0.0210266
-0.00346375
0.132355
0.105667
0.0653534
0.049942
0.0751648
0.0651703
0.0655975
0.0683289
0.0510101
-0.00294495
-0.0693512
-0.0166779
0.0271912
-0.100052
-0.139023
-0.132431
-0.12352
-0.0974579
-0.620514
-1.12276
-0.851868
-0.138733
-0.119339
-0.254364
-0.14209
-0.0879211
-0.376587
-0.183685
-0.504349
-0.398254
-0.250641

[23]
-0.146255
-0.0672913
-0.0088501
0.00480652
0.0405884
0.195465
0.0389862
0.851959
1.3956
1.86043
2.1732
1.63582
0.960876
0.383926
-1.33948
-1.14572
0.924789
0.429016
0.725082
0.475067
0.340866
0.00288391
0.00123596
0.0141449
0.10051
0.299011
0.170959
-0.0423889
-0.0249786
0.14122
0.150742
0.0626831
0.0585327
0.0539551
0.0776062
0.085495
0.073822
0.0654144
-0.024765
-0.0798492
-0.053009
-0.0756378
-0.0756226
-0.0615845
-0.136993
-0.163345
-0.701569
-0.683792
-0.850571
-0.231934

[24]
-0.381516
0.379562
0.531876
-0.622574
-0.456116
-0.629074
-0.37529
-0.203842
-0.0956726
-0.104233
-0.12146
-0.0969391
0.0236969
0.136185
0.279312
0.728912
1.36142
1.82947
2.31801
1.83328
1.27594
-0.0602722
-1.65549
-0.734039
0.529312
0.783554
0.998627
0.183594
0.50502
-0.0133362
-0.0422058
0.0949554
0.0827484
0.330872
0.130554
-0.0204468
-0.0139465
0.13707
0.113144
0.0817719
0.038208
0.0259399
0.0571594
0.105499
0.12471
0.0269928
-0.053894
-0.040802
-0.0388184
-0.139267

[25]
-0.136627
-0.20134
-0.125
-0.613602
-0.95787
-0.485443
-0.679855
-0.0583344
-0.252914
-0.391159
-0.238235
-0.356186
-0.387497
-0.678452
-0.380814
-0.233429
-0.203888
-0.140656
-0.115906
-0.204895
-0.083786
-0.131165
0.580719
1.3062
1.99573
2.3295
2.07133
1.50078
0.230316
-0.72876
-1.539
0.725845
0.516586
1.0376
0.340591
0.306274
0.321579
-0.117737
0.0670166
0.200134
0.201767
0.308914
-0.0270538
-0.0943604
0.118652
0.222412
0.0972137
0.0186005
0.0796204
0.0941925

[26]
0.0935364
0.0450287
0.0312805
0.00814819
-0.0447693
-0.102829
-0.0566864
-0.074646
-0.110306
-0.1362
-0.180664
-0.876099
-1.05112
-0.405334
-0.166733
-0.48761
0.175827
0.577103
-0.454193
-0.315994
-0.639801
-0.478287
-0.446701
-0.305527
-0.182617
-0.15155
-0.216415
0.0214996
-0.0583649
0.333618
0.977844
1.67126
2.12862
2.07677
1.26337
1.15775
0.604782
-1.78836
-0.0993042
0.489456
0.390121
0.62999
0.337845
0.19252
0.0450134
0.0366211
0.12616
0.216263
0.139481
-0.0311127

[27]
0.0170593
0.0640411
0.121368
0.0788574
0.0872803
0.0251617
0.0439758
0.090683
0.103973
0.0760193
-0.0730133
-0.111847
-0.113571
-0.104385
-0.103348
-0.120331
-0.179794
-0.0704803
-0.407776
-1.07881
-0.538849
-0.220642
-0.147827
0.238464
0.623535
-0.313812
-0.399399
-0.470612
-0.528687
-0.381546
-0.281509
-0.190491
-0.119385
-0.136063
-0.125626
0.0664825
0.0913391
0.781784
1.32486
1.99197
2.03448
1.31903
1.00899
0.121552
0.015152
-1.22688
-0.0961609
0.634598
0.565094
0.352875

[28]
0.193253
0.157593
0.0664673
0.159882
0.159714
0.19603
0.046875
-0.0299377
0.0473022
0.0768738
0.0914459
0.089325
0.028717
0.0243378
0.0830688
0.116852
0.0447845
0.0142212
0.0797119
-0.0466614
-0.194656
-0.181625
-0.0400848
-0.0399017
-0.0250092
-0.532425
-1.12357
-0.892624
-0.241714
0.408508
-0.339264
0.462357
0.140442
-0.167587
-0.227951
-0.583786
-0.511856
-0.339951
-0.199158
0.00840759
0.01828
0.0499573
0.146851
0.0215912
0.5858
1.34242
2.11887
2.31775
1.84032
1.02039

[29]
1.1037
-0.0457153
-0.277328
-1.83401
0.101517
0.470901
0.263229
0.577393
0.317062
0.194397
-0.106689
0.0284119
0.070816
0.241531
0.191544
0.0704498
-0.0313416
0.0622559
0.142532
0.143341
0.0636749
0.0471954
0.0354919
0.0828705
0.113327
0.0675812
0.0314178
0.0190887
0.0323029
0.0652618
-0.0395355
-0.0320892
-0.0104828
-0.0107574
-0.238617
-0.111725
-0.472168
-0.838882
-0.739899
0.00254822
-0.11644
-0.292816
0.0842896
0.175766
-0.295441
-0.324966
-0.426041
-0.426697
-0.387024
-0.284988

