[1]
0.0499115
0.0680695
0.0454712
0.0646362
0.0233459
0.0193329
0.0133057
0.0138855
-0.00273132
-0.00497437
0.00708008
-0.00761414
0.0154266
0.00772095
0.0249634
0.0284271
0.042038
0.0134888
0.03125
0.0328827
0.0210724
0.0309601
0.0287323
0.0256958
0.0730591
0.130768
0.119034
0.164993
0.169205
0.153442
0.399933
0.4422
0.53064
0.596924
0.586655
0.763107
0.876221
1.18265
1.20905
0.788742
0.582428
0.633316
0.122467
-0.473145
-0.0380096
-0.568253
-0.685837
-0.650772
-0.689041
-0.614334

[2]
-0.530899
-0.460632
-0.221878
0.121262
0.361023
0.678238
0.929382
1.03236
1.05528
1.01187
0.928513
0.745819
0.630508
0.436249
0.467163
0.243057
0.121933
-0.296768
0.375565
0.721085
0.26297
0.0141754
-0.0478516
0.162766
0.0474396
0.0460663
0.0908356
-0.0179291
0.000213623
-0.0121155
-0.0261536
-0.0432739
-0.0134277
-0.0141449
-0.00177002
0.0209351
0.0248566
0.0219574
0.03508
0.0333252
0.037674
0.118652
0.161728
0.166245
0.250549
0.256729
0.296707
0.398773
0.552231
0.777298

[3]
1.11731
1.13919
1.13416
0.739944
0.769424
0.189392
-0.563461
-0.286652
-0.200363
-0.641937
-0.701416
-0.692627
-0.653976
-0.553101
-0.550598
-0.477722
-0.415863
-0.227371
0.0540314
0.387299
0.852783
1.05258
1.08766
1.1228
0.945694
0.867661
0.642593
0.705902
0.277664
-0.394852
0.29657
0.25264
0.679932
0.152039
0.0361786
0.0404816
0.0887146
0.124832
0.124359
0.0279388
0.0117035
-0.00849915
0.00489807
0.00978088
-0.0297852
0.00535583
0.017807
-0.00038147
0.0173492
0.0563965

[4]
0.0395966
0.0119934
0.0293274
0.121979
0.140411
0.18779
0.297394
0.295853
0.30426
0.440063
0.612823
0.820328
1.09032
1.12453
1.05888
0.714417
0.751602
0.301865
-0.0246124
-0.499496
-0.19368
-0.769958
-0.826813
-0.771622
-0.740814
-0.667435
-0.605728
-0.512314
-0.403076
-0.142731
0.206421
0.509247
1.05652
1.09612
1.13806
1.17422
1.18854
0.876892
0.8284
-0.293839
0.438766
0.741302
0.77507
-0.0174103
0.260895
0.236954
0.133133
-0.00476074
0.0330658
-0.000534058

[5]
0.0294952
-0.026947
-0.025238
-0.000366211
0.00346375
-0.0038147
0.0250244
0.0382538
0.0377197
0.0670013
0.0757141
0.040863
0.0328979
0.132751
0.178284
0.197495
0.274094
0.306107
0.391495
0.502426
0.716339
1.08913
1.10777
1.12888
0.744202
0.75882
0.132812
-0.114258
-1.34274
-0.164902
-0.789581
-0.889221
-0.809784
-0.726547
-0.641769
-0.560471
-0.526703
-0.417145
-0.222336
0.158356
0.728699
1.077
1.12801
1.1731
1.08467
0.936768
0.745941
0.727341
-0.30043
0.218109

[6]
0.918564
0.923325
0.015564
0.165665
0.28717
0.00907898
0.0316162
0.0025177
0.0205231
0.0344849
0.00657654
-0.00820923
0.0104675
-0.0119934
0.0215912
0.0264435
0.0188904
0.0464172
0.0615997
0.0319061
0.0922699
0.143295
0.166733
0.236359
0.309799
0.389435
0.464905
0.620316
1.06808
1.08516
1.10124
0.744705
1.03383
0.445068
-0.900269
-0.652832
-0.164246
-0.704483
-0.948853
-0.825882
-0.765259
-0.670273
-0.60643
-0.535889
-0.437378
-0.220444
0.155457
0.691406
1.08987
1.14691

[7]
1.1991
1.23338
0.960464
0.816513
1.00864
-0.70787
0.763168
0.865784
0.561142
0.265533
0.301834
-0.0470886
0.158615
0.0144348
0.101257
0.0470581
0.0178986
-0.019516
-0.0130005
0.0197296
0.0159302
-0.000167847
0.0114288
0.0205536
0.0544739
0.0238953
0.0227356
0.0585938
0.0716248
0.0788116
0.157379
0.283875
0.337418
0.366714
0.427017
0.578064
0.888687
1.07712
1.09196
1.08195
0.936401
0.792038
-0.707077
-0.202103
-0.375336
-0.551514
-0.825943
-0.852844
-0.888733
-0.753082

[8]
-0.683304
-0.57309
-0.518341
-0.391724
-0.0461578
0.447067
1.04327
1.10152
1.15245
1.19611
1.09944
0.883957
1.0685
-0.356964
0.100616
0.961426
0.791595
0.202621
0.527908
0.0856323
0.03508
-0.0307922
0.0567932
0.0405884
0.0465088
-0.0566254
0.009552
0.0148163
0.0268402
0.0106049
0.00569153
0.0308838
0.0518036
0.0413361
0.0543365
0.0454865
0.0924225
0.101669
0.139648
0.214554
0.299454
0.335358
0.416122
0.526505
0.856628
1.06679
1.08041
1.09528
0.687607
0.6026

[9]
-0.546631
0.150833
-1.38353
-0.215424
-0.923721
-0.891556
-0.852966
-0.766144
-0.65036
-0.537399
-0.470535
-0.283371
0.0342255
0.508163
0.949554
1.1194
1.17212
1.21388
0.870163
0.663132
0.755753
1.24147
0.0665283
0.123901
0.429153
0.621292
0.732803
0.102524
0.480637
0.0556641
0.0764923
0.0553436
0.0468292
0.03508
0.0330811
-0.0119781
-0.0223846
0.00610352
-0.0124512
0.00479126
0.000640869
0.0579681
0.0376129
0.029068
0.0929413
0.0652466
0.0726166
0.0708466
0.113571
0.214951

[10]
0.297806
0.321365
0.319458
0.465286
0.730209
1.02492
1.06895
1.08459
0.614166
0.749008
0.213409
-0.37088
-0.799927
-0.126236
-0.885712
-0.876892
-0.824402
-0.788467
-0.667389
-0.521912
-0.484131
-0.318848
0.0878601
0.352478
0.89679
1.10193
1.15195
1.19484
1.09776
0.898041
0.715637
0.908234
-0.220947
0.448898
0.883316
0.611496
0.0166779
0.432693
0.150818
0.113052
-0.0160828
0.0519562
0.00386047
0.0513153
-0.00686646
0.00231934
0.00584412
0.0159454
-0.000137329
0.0233002

[11]
0.0427399
0.0442047
0.080719
0.115479
0.126495
0.0874481
0.139175
0.248795
0.290848
0.335358
0.375992
0.602829
1.0063
1.07213
1.0885
0.85144
0.815918
0.275711
0.0326843
-0.815231
-0.138519
-0.90773
-0.886307
-0.849533
-0.808762
-0.689468
-0.576614
-0.492935
-0.291824
0.0781555
0.341873
0.892731
1.10715
1.15938
1.20717
0.918182
1.02676
0.662201
0.793854
-0.304611
0.551285
1.18407
0.842773
0.230438
0.253738
0.132477
0.00604248
0.0122375
0.0639496
-0.00679016

[12]
0.043396
-0.0378571
0.00254822
0.044281
0.041687
0.00923157
0.0348663
0.0250549
0.0394745
0.0647736
0.0776215
0.0781708
0.117508
0.155975
0.19165
0.25174
0.319626
0.347107
0.420227
0.572723
0.862457
1.06487
1.08003
0.90358
0.772079
0.492752
-0.509003
-1.71204
0.0206757
-0.871292
-0.862274
-0.899826
-0.811081
-0.721939
-0.613876
-0.536133
-0.397812
-0.108032
0.354767
0.7603
1.11855
1.17876
1.23306
1.27437
1.11171
1.19373
0.610229
0.0446167
1.09033
0.579117

[13]
0.817123
0.206604
0.169342
0.0820618
0.154663
-0.0326691
0.11525
0.0113068
0.0866241
0.0450592
0.039917
0.0250397
0.0224609
0.0202789
0.0126953
0.00878906
0.0299683
0.0432587
0.0263519
0.0328369
0.0270538
0.0801392
0.123978
0.191116
0.381302
0.406021
0.43689
0.512329
0.722351
1.04201
1.05452
1.06734
0.621338
0.690094
0.000762939
-0.0930481
-1.36993
-0.230698
-0.7052
-0.900055
-0.881943
-0.755493
-0.708054
-0.594452
-0.538406
-0.39856
-0.178802
0.100922
0.649857
1.12837

[14]
1.19493
1.25754
1.2988
1.08975
0.895325
1.04898
-0.552689
0.175858
0.929245
0.810669
0.048111
0.391403
0.0707397
0.155731
0.087326
0.160049
0.0387573
0.023468
-0.0067749
-0.0175018
0.037384
0.0296936
0.016037
0.0165405
0.0223083
0.0493469
0.0588684
0.0702057
0.0468445
0.0541687
0.114182
0.204697
0.255203
0.387314
0.419601
0.514511
0.775116
1.04247
1.05562
1.07193
0.507767
0.730118
-0.0923157
-0.197235
-1.05182
-0.328766
-0.916046
-0.917633
-0.923431
-0.787384

[15]
-0.702148
-0.589096
-0.549484
-0.402206
-0.196564
0.192978
0.643768
1.14561
1.2119
1.26846
1.28809
1.3119
0.960724
-0.101212
0.576538
1.01396
0.389679
0.619324
0.026123
0.175293
0.0539093
0.0353851
0.0750732
0.0353241
0.0548706
0.0101776
0.00436401
0.00469971
0.0224457
0.0405121
0.0315094
0.0254364
0.0371552
0.0366211
0.0538788
0.111862
0.108673
0.21286
0.305191
0.420578
0.45163
0.485077
0.736786
1.03926
1.05144
1.06316
0.931763
0.543091
0.0287781
-0.402374

[16]
-1.45364
-0.235504
-0.894516
-0.901764
-0.945999
-0.820557
-0.70697
-0.622681
-0.570618
-0.423477
-0.145477
0.138412
0.519226
1.11606
1.17654
1.23294
1.27484
1.02994
0.87088
0.789108
0.41153
0.189209
0.832489
1.22311
0.194061
0.655457
0.168823
0.174866
-0.0860291
0.148453
0.0144348
0.00976562
-0.0457153
-0.0453339
0.0176086
0.0648651
0.0300598
0.046402
0.0635834
0.065918
0.0503235
0.0897369
0.0958862
0.134415
0.191177
0.194687
0.30249
0.349091
0.391418
0.550537

[17]
0.736816
1.05568
1.0683
1.08411
0.689484
0.83461
-0.564743
0.192398
-0.447556
-0.560226
-0.925644
-0.890182
-0.816696
-0.728867
-0.631836
-0.5233
-0.409775
-0.125565
0.318268
0.693497
1.14565
1.209
1.26547
1.13124
1.09727
0.787369
1.27957
-0.469482
0.568314
0.976242
1.2157
0.221802
0.309311
0.188202
0.0648346
0.0676422
0.144913
-0.00379944
0.0761871
0.0330048
0.0243073
0.0244598
0.0452271
0.0407104
0.050354
0.0705414
0.0428619
0.0592804
0.0753784
0.109146

[18]
0.0989838
0.13298
0.178909
0.28363
0.320679
0.368408
0.444214
0.714737
1.03813
1.04903
1.0612
0.912201
0.65033
-0.0726471
-0.232742
-1.55353
-0.196777
-0.749084
-0.8591
-0.878113
-0.807175
-0.734558
-0.639999
-0.547821
-0.400864
-0.146469
0.220703
0.867798
1.15674
1.22298
1.27983
1.27043
1.15781
0.890488
1.24963
-1.10631
0.350815
0.903839
0.980453
0.115616
0.634781
-0.0496063
0.202469
-0.0191345
0.0389099
0.0551758
0.070755
0.0442963
0.0310974
0.0408478

[19]
0.0336304
0.0422363
0.0511475
0.0516663
0.0548096
0.075943
0.0986938
0.122406
0.105164
0.130859
0.205765
0.275421
0.347595
0.40834
0.527847
0.809906
1.0446
1.05524
1.06905
0.670456
0.659317
-0.91983
-0.507538
-0.0602112
-0.739487
-0.872833
-0.901245
-0.835953
-0.753738
-0.643539
-0.571808
-0.451752
-0.137863
0.271851
0.815414
1.12862
1.18645
1.24269
1.25673
1.08167
0.837936
0.758713
0.0924377
0.259048
0.21315
1.21968
0.257782
0.629532
0.172623
0.00836182

[20]
-0.0240173
0.147598
0.0196991
0.0715332
0.0110474
0.0393982
0.0220642
0.00656128
-0.00732422
0.0480652
0.0639648
0.0706482
0.0832214
0.0856781
0.107208
0.0745087
0.0692444
0.12207
0.199371
0.263519
0.372986
0.408661
0.618881
0.869858
1.04625
1.05751
1.04208
0.871063
0.665649
-1.07394
-0.387451
-0.245911
-0.890823
-0.941925
-0.957718
-0.840591
-0.763199
-0.682327
-0.60463
-0.46109
-0.134644
0.356049
0.913483
1.17618
1.24939
1.30986
1.34911
1.14684
0.89389
0.07341

[21]
0.443436
0.674057
1.241
0.0938416
1.04942
0.157349
0.198776
-0.246658
0.128647
0.0854034
0.0823517
-0.0253601
0.0422974
0.0721893
0.0480957
0.067688
0.0875549
0.0349579
0.0763702
0.132599
0.17598
0.14772
0.145172
0.200363
0.259842
0.312195
0.382523
0.573547
0.944458
1.0394
1.04846
0.774399
0.736725
0.302444
-0.672256
-1.0658
-0.121262
-0.765182
-0.802139
-0.878616
-0.793381
-0.730362
-0.665024
-0.583969
-0.427078
-0.167496
0.261688
0.710922
1.15146
1.2175

[22]
1.2747
1.31396
1.22009
1.10883
0.467606
0.650818
0.632401
1.03624
0.320679
0.207397
0.0918427
0.0430756
0.0930328
0.0712433
0.000320435
0.119095
0.0431213
0.069519
0.0700836
0.060318
0.0266266
0.0433502
0.0368347
0.0371246
0.0448151
0.0699921
0.0681458
0.0954285
0.0823364
0.107559
0.150253
0.224548
0.301788
0.342911
0.385956
0.596085
0.856766
1.041
1.04857
1.05942
0.63916
0.604919
-0.682495
1.11212
-0.936203
-0.330231
-0.960556
-0.891327
-0.909698
-0.761032

[23]
-0.711899
-0.561966
-0.476974
-0.292297
0.0667419
0.664429
1.02579
1.19818
1.25998
1.30566
0.990219
0.900314
1.30833
-0.327454
0.278564
0.728378
0.962036
0.120255
0.552841
0.087326
0.215256
0.043808
0.0905609
0.106186
0.0726471
0.0240326
0.0236664
0.0378113
0.0358429
0.0469208
0.0450592
0.0672913
0.0614014
0.0420227
0.053009
0.0932617
0.113739
0.0912323
0.174103
0.243637
0.260742
0.314316
0.358368
0.440018
0.752304
1.03285
1.04076
1.04961
0.857803
0.438919

[24]
-0.0153656
-0.261902
-1.26633
-0.257446
-0.812347
-0.871445
-0.855255
-0.699936
-0.652557
-0.622482
-0.496902
-0.300064
-0.065033
0.344009
0.957474
1.19469
1.26491
1.32227
1.11345
0.943115
1.16589
0.0773163
0.606796
0.547897
0.9953
0.108337
0.519089
0.24173
0.287766
-0.0349274
0.115295
0.0656433
0.0281219
0.0417633
0.00141907
0.0179596
0.056427
0.0353241
0.0192566
0.0356445
0.0398865
0.048172
0.0751953
0.0827637
0.0797119
0.105316
0.157852
0.22348
0.287598
0.403503

[25]
0.409256
0.570282
0.858643
1.03792
1.04768
1.06128
0.74971
0.828552
-0.603973
1.11789
-0.908051
-0.413284
-0.959
-0.982483
-0.890488
-0.823273
-0.710648
-0.516953
-0.469818
-0.231903
0.291016
0.849075
1.16632
1.23584
1.29572
1.33217
1.18031
0.823563
0.670959
-0.282974
0.517868
0.929413
0.367783
0.393265
0.182281
0.128647
0.142609
0.0547485
0.138962
0.0420532
0.0376892
0.0626526
0.0164642
0.0215454
0.0480194
0.0160828
0.0172729
0.0397186
0.053009
0.0579071

[26]
0.0714569
0.0444794
0.0964203
0.135468
0.190521
0.278107
0.361694
0.374939
0.505234
0.726059
1.03473
1.04451
1.05525
0.458252
0.550339
-0.175903
-0.308945
-1.49992
-0.253357
-0.951523
-0.886581
-0.918457
-0.768066
-0.668167
-0.576172
-0.466339
-0.234833
0.234268
0.570786
1.01938
1.17657
1.23077
1.26663
1.02713
0.882416
1.15335
-0.696518
0.480286
1.18304
0.720398
0.414871
-0.0183716
0.0462341
0.113174
0.0233307
0.0884399
0.0294342
0.0738831
0.0141754
0.0251007

[27]
0.0492096
0.048584
0.029541
0.0383301
0.0352783
0.0345764
0.0555725
0.0617981
0.041275
0.0718079
0.114822
0.244202
0.248276
0.309113
0.401047
0.462021
0.657745
1.03256
1.0416
1.0508
0.507538
0.486801
0.046875
-0.956619
-0.523819
-0.371902
-0.70697
-0.803055
-0.928299
-0.835602
-0.760223
-0.657791
-0.528534
-0.335663
0.0114288
0.502533
0.887634
1.15218
1.2065
1.24727
1.21893
0.795883
0.698273
0.878616
-0.581192
0.339478
1.18158
0.344376
0.257202
0.377243

[28]
0.18837
0.0123596
0.100296
0.0922699
-0.00299072
0.0609741
0.0183105
0.0375366
0.039917
0.0303345
0.0293274
0.0460205
0.0474548
0.0528259
0.0466614
0.0629578
0.0703125
0.0789032
0.142532
0.199646
0.242386
0.288727
0.356033
0.576385
1.02568
1.0386
1.04836
0.968231
0.444046
0.390106
-0.912643
-0.377838
-0.733002
-0.644226
-0.91037
-1.0368
-0.9039
-0.785568
-0.69339
-0.563858
-0.421646
-0.144424
0.236465
0.545166
0.966202
1.14967
1.19653
1.05002
0.942688
0.727051

[29]
1.25545
0.248383
-0.0880737
0.980576
0.707962
0.861725
0.399063
0.0106812
0.0675049
0.0776215
0.0271606
0.117157
0.0544891
0.0680084
0.0279694
0.0357971
0.0368652
0.0437164
0.019104
0.0279083
0.0393066
0.0333252
0.0513916
0.04216
0.0365143
0.0440216
0.0519104
0.0755615
0.100861
0.162369
0.209778
0.256393
0.302063
0.455536
0.547424
1.02591
1.03174
0.905411
0.541977
0.412231
0.184921
-0.908676
-0.329239
-0.653564
-0.578079
-0.732193
-0.82753
-0.828293
-0.742905
-0.637604

