[1]
0.125305
0.13298
0.447342
0.730896
0.394119
0.125549
0.303085
0.0667419
0.199249
-0.369843
-0.103745
-0.0625458
0.0814056
0.0222168
0.0599976
0.0248566
-0.106384
-0.209869
-0.211349
-0.0177917
0.121292
0.0100861
-0.0873718
-0.0367584
0.0015564
-0.000305176
-0.0395203
-0.0437469
-0.0261841
0.0167236
-0.0111237
-0.0567932
0.00930786
0.00627136
0.0402985
-0.0321655
-0.092865
-0.245483
-0.205978
-0.378098
-0.680328
-0.168396
-0.29628
-0.322327
-0.549011
-0.288696
-0.143127
-0.00494385
-0.129776
-0.150787

[2]
-0.0713501
-0.0472565
-0.0901642
-0.125763
-0.115051
-0.136124
-0.203842
0.095459
-0.0070343
-0.0608673
-0.200424
-0.199478
-0.13533
0.0842438
0.545013
1.07146
0.788635
0.708496
0.932388
0.19191
0.32814
-0.0665436
-0.329788
-0.309555
0.0196991
0.233948
0.247421
0.0718536
-0.0488434
-0.254578
-0.0875244
0.198151
0.180878
-0.0453186
-0.081543
0.0190125
0.0792542
0.0739746
0.0662994
0.0326691
-0.000137329
0.0240326
0.00578308
0.00285339
0.0103912
0.0840607
0.00614929
-0.0139618
-0.20015
-0.158218

[3]
-0.354004
-0.66983
-0.143158
-0.241516
-0.269867
-0.589661
-0.292343
-0.214539
-0.0676422
0.00535583
-0.00439453
-0.0408325
-0.0487213
-0.0650635
-0.0640106
-0.0489197
-0.0237427
0.0445862
0.0400543
0.141632
0.0975342
0.0200195
0.159439
0.198318
0.214828
0.418152
0.59845
0.705963
0.557739
0.0814819
0.439224
-0.0687256
-0.24382
-0.106064
0.153854
0.0814514
0.0573883
0.148453
0.0165863
-0.0935974
-0.126755
0.0578613
0.156219
0.0579987
-0.00762939
0.0479431
0.0722504
0.0645752
0.0327454
0.038559

[4]
0.0355072
0.0539703
0.049942
0.0697632
-0.0141754
-0.00550842
0.059967
0.021698
-0.0508423
-0.0923004
-0.0614319
-0.16745
-0.613632
-0.167175
0.0102386
-0.375717
-0.609009
-0.354477
-0.194336
-0.0604858
-0.0265808
-0.0651245
-0.0889893
-0.0589447
-0.0756683
-0.0595245
-0.138596
-0.15239
-0.131577
-0.154236
0.0193787
-0.0193329
-0.0466766
0.112885
0.250244
0.428421
0.649353
0.806732
0.582397
0.734833
0.182663
0.434372
0.114548
-0.238632
0.0737
0.100357
0.0402832
0.0912628
0.140564
0.0454254

[5]
-0.103928
-0.14798
0.061554
0.132172
0.0547028
-0.026947
-0.00106812
0.0639191
0.0362549
0.0202026
0.0506134
0.0547943
0.0902557
0.110535
0.0947418
0.0313416
-0.0503235
3.05176e-05
-0.0158081
-0.0328522
-0.0704956
-0.0437012
-0.227859
-0.657822
-0.160095
0.0720062
-0.432999
-0.745605
-0.437592
-0.259796
-0.155334
-0.0953064
-0.095993
-0.0895081
-0.0572662
-0.0286865
-0.0553436
-0.0552673
-0.04039
-0.104324
-0.118515
-0.0159149
0.0773315
0.0890198
0.236084
0.24321
0.42485
0.798065
1.10141
0.727722

[6]
-0.205551
0.0975342
0.749802
-0.067749
-0.0245667
0.0433502
0.132355
0.0125885
-0.0271912
0.0946198
0.0736542
-0.0309753
-0.102097
-0.00871277
0.0909271
0.0910797
-0.022995
-0.00808716
0.00166321
0.0526276
0.073349
0.0630188
0.0706635
0.0267181
-0.000961304
-0.004776
0.111465
0.0427551
0.0582428
-0.0247803
-0.0594788
-0.142303
-0.237961
-0.412979
-0.503479
0.169113
-0.451675
-0.580322
-0.459122
-0.226593
-0.170807
-0.121628
-0.167389
-0.143585
-0.0834808
-0.0247955
-0.0400238
-0.0751953
-0.0775146
-0.0578156

[7]
-0.0435791
0.00845337
0.0748291
-0.0495148
0.0259705
0.137375
0.332809
0.895157
1.26115
0.70433
-0.0867157
0.319778
0.272354
-0.105103
-0.125336
0.091568
0.177628
0.06073
0.0962219
0.0483551
0.0101013
-0.0927277
-0.0683136
0.00231934
0.0890045
0.0703278
0.00883484
-0.0469666
-0.00746155
0.0209198
0.0860138
0.0824432
0.0473633
0.00569153
0.0156097
0.0897827
0.149048
0.118423
-0.0130005
-0.117935
-0.115616
-0.194962
-0.435364
-0.720169
-0.143967
0.111389
-0.312775
-0.639267
-0.363083
-0.221008

[8]
-0.0856628
-0.0583954
-0.118652
-0.141113
-0.105042
-0.0727081
-0.0722046
-0.117676
-0.193863
-0.213867
-0.192627
-0.119827
-0.152588
-0.0943298
0.0756531
0.463562
0.693741
0.754868
1.03934
0.863831
-0.0531769
-0.206528
0.786972
-0.136108
-0.0330353
-0.00305176
0.201096
0.0298157
0.0550232
0.107224
0.0257721
-0.0325012
-0.0785828
0.0138245
0.102005
0.0768127
0.0100555
0.0221863
0.0729828
0.0782776
0.046051
0.0443573
0.0246124
0.0258942
-0.0162964
0.0557861
0.0966492
0.0488739
0.0600128
-0.00546265

[9]
-0.0875244
-0.206177
-0.255737
-0.650696
-0.286514
0.103439
-0.487427
-0.613586
-0.454803
-0.171982
0.0839691
-0.0687561
-0.0875549
-0.00256348
0.0619965
-0.0274353
-0.157623
-0.186325
-0.106339
-0.0777283
-0.0429077
0.195663
-0.0112305
0.111954
0.269562
0.376114
0.63295
0.979492
1.0378
0.744644
0.178207
0.0699615
0.327637
-0.0927734
0.216736
0.0682526
0.0397034
0.0778961
0.0922852
0.0431366
0.000549316
-0.0450592
-0.0370483
0.0392914
0.0983276
0.0909729
0.0436859
0.0321045
0.0345764
0.0620728

[10]
0.102829
0.0442047
-0.018158
-0.01297
-0.025589
-0.00454712
0.0621033
0.0914459
0.044693
-0.059021
-0.202286
-0.153305
-0.293289
-0.627258
-0.217957
-0.404373
-0.440033
-0.57074
-0.338394
0.0485687
-0.147766
-0.212738
-0.151016
-0.0345764
-0.0384827
-0.102493
-0.0563965
-0.0138092
0.0123138
-0.0192566
0.0999908
0.0951233
0.166702
0.462601
0.636932
0.743179
1.23357
1.0144
0.750229
0.5
0.256714
0.846695
-0.0268707
-0.0869751
-0.0986938
0.169159
0.0449982
0.0832367
0.048233
0.106491

[11]
0.0381622
-0.0624237
-0.142319
0.00883484
0.139191
0.173706
-0.0335541
-0.0610809
0.0436859
-0.0158844
0.0348053
-0.0134888
0.0279083
0.017868
-0.0382996
0.0499878
0.0936279
0.0307922
-0.135513
-0.206314
-0.47438
-0.78595
0.0607452
-0.666428
-0.502136
-0.687698
-0.406097
-0.192093
-0.22113
-0.181061
-0.160278
-0.0878143
-0.0577087
-0.109039
-0.0961609
-0.098053
-0.0797272
-0.139023
-0.0125732
0.0571442
0.0678101
0.0783539
0.267227
0.319809
0.383881
1.06949
0.863159
1.01445
0.0749664
0.785706

[12]
-0.706818
0.00189209
0.0578156
0.153625
0.056778
0.249405
0.149506
-0.0429993
-0.21022
0.021225
0.228867
0.162537
-0.0177155
0.025528
0.0710602
0.0906067
0.0767517
0.0429382
0.0188904
0.0492249
0.0809631
0.0679626
0.0618439
0.17067
0.161957
-0.0815887
-0.214859
-0.222382
-0.547394
-0.524292
-0.0497742
-0.515396
-0.582138
-0.310394
-0.107666
-0.0860748
-0.101929
-0.0497589
-0.00236511
0.056488
-0.00357056
0.0220184
0.0294647
0.0471191
0.0401917
0.0360565
0.141647
0.109985
-0.0456696
0.147095

[13]
0.359482
0.69519
1.00517
0.735489
0.413818
0.460373
0.0213928
0.463562
-0.320145
0.197449
0.092514
0.0600128
0.00868225
0.112473
0.0409393
-0.0805664
-0.0596771
0.0780487
0.115982
0.0163116
-0.019455
0.0298462
0.074646
0.0683289
0.0376587
0.0107269
0.013855
-0.0050354
0.0389709
0.0359955
0.0587769
0.0258026
0.0155182
-0.0652771
-0.101578
-0.0406494
-0.316437
-0.612686
-0.0425415
-0.241562
-0.464539
-0.651321
-0.408249
-0.278015
-0.108521
-0.0901794
-0.110519
-0.108582
-0.0795746
-0.0417023

[14]
-0.0469818
-0.0332336
-0.11322
-0.09552
0.045517
0.130646
0.0304871
0.00540161
0.0598145
0.243927
0.496323
0.718689
0.842133
0.843643
0.619553
0.102219
0.000762939
0.575104
-0.0469818
0.0305481
-0.0478058
0.0771179
-0.00799561
0.0801239
0.106232
-0.0154114
-0.0805664
-0.0194397
0.0448761
0.0387573
-0.00486755
-0.0313873
0.0161438
0.0507965
0.0432892
0.02565
0.026062
0.00946045
0.025528
-0.00169373
0.0425415
0.0085144
0.0229187
-0.0274963
-0.0380249
-0.126068
-0.103607
-0.385742
-0.753357
-0.108032

[15]
-0.375305
-0.40538
-0.667175
-0.448257
-0.248795
-0.0255432
-0.0854645
-0.124741
-0.142456
-0.0380096
-0.0136108
-0.0455627
-0.0500488
-0.133377
0.00288391
-0.0497131
0.0712128
0.0351562
0.0373077
0.15892
0.236969
0.318588
0.697235
0.988434
1.0199
-0.355942
0.582932
-0.104218
0.161819
-0.14299
0.053894
0.0899811
0.110001
0.0673981
-0.0587769
-0.135315
-0.108688
0.0962067
0.161041
0.0805511
-0.0688782
0.00460815
0.0657959
0.0534058
0.0288239
0.0298615
0.0678711
0.0635223
0.0469818
0.0290833

[16]
-0.000106812
0.0400238
0.0571442
-0.00761414
-0.0631104
-0.131516
-0.382614
-0.615402
0.033493
-0.32663
-0.333008
-0.51358
-0.136261
-0.529053
-0.122314
0.0558167
-0.071228
-0.124771
-0.104065
-0.0231171
-0.0224915
-0.0659027
0.0529938
0.231522
0.14357
0.0881042
0.0568695
0.000488281
-0.0175018
0.132889
0.430786
0.743362
0.641281
0.624527
0.40416
0.195053
0.0921173
-0.253525
0.111572
0.0849304
-0.0110168
0.0157318
0.154221
0.0842438
-0.118668
-0.117676
0.0536499
0.141876
0.085495
-0.03302

[17]
-0.0311432
0.0177155
0.0380249
0.0119476
0.0071106
0.0179596
0.0501251
0.0371399
0.0121002
-0.00228882
0.045166
0.0281219
-0.0271606
-0.025238
-0.127747
-0.309891
-0.722
-0.3927
-0.218735
-0.381348
-0.529221
-0.342346
-0.187057
-0.153946
-0.0312347
-0.0409393
-0.105377
-0.097168
-0.114883
-0.0733795
-0.0884552
-0.130234
-0.0484772
-0.0289154
0.0396423
-0.0739899
-0.267441
-0.292343
-0.0496368
0.0329285
0.370422
0.996033
0.807846
1.00891
-0.148758
0.397797
-0.310379
-0.00537109
-0.00210571
0.0473022

[18]
0.0982666
0.220581
0.041748
-0.0983582
-0.215271
0.000976562
0.140701
0.0686493
-0.0536041
-0.0322723
0.0293732
0.100632
0.0453796
0.0179138
0.016449
0.0251617
0.0393829
0.0350342
-0.0126495
-0.0219879
0.0539703
0.0243073
-0.0982666
-0.173706
-0.497986
-0.494492
0.199387
-0.472366
-0.503906
-0.655396
-0.358017
-0.165024
-0.0223541
-0.0325012
-0.0580902
-0.0445557
-0.0684509
-0.072937
-0.103485
-0.0955353
-0.122375
-0.00582886
0.0176239
0.00260925
0.00259399
0.0443878
0.000518799
0.205704
0.552704
0.843689

[19]
0.820816
0.773468
0.008255
0.420044
-0.150284
0.431488
-0.0392303
-0.101547
-0.0469513
0.0795898
0.167709
-0.0466614
-0.22467
-0.0636749
0.104294
0.13974
0.0409546
-0.00715637
0.0114441
0.0621643
0.0478058
0.0592194
0.0204468
0.042984
0.0507812
0.072052
0.0311584
-0.00866699
0.0271454
0.0340729
-0.0146484
-0.0254974
-0.188843
-0.598755
-0.397263
0.0652771
-0.284622
-0.625732
-0.543076
-0.309647
-0.0728149
0.00138855
-0.0687714
-0.138733
-0.105835
-0.0576935
-0.119049
-0.15834
-0.120728
-0.027359

[20]
0.0943451
0.102509
-0.0683289
-0.0845184
0.0969696
0.371964
0.593994
0.771103
0.824188
0.855438
0.511917
0.0834656
-0.0996857
0.577927
-0.283737
0.462357
0.0722046
0.0891571
0.0488129
-0.0336304
-0.0361328
-0.0201721
-0.0485382
-0.0543823
0.0335236
0.0476074
0.0570831
-0.0218201
-0.00822449
0.04953
0.0383301
0.0342865
0.00822449
0.00424194
0.0350189
0.0292511
0.0245056
0.00280762
0.0934448
-0.0289307
-0.0359955
-0.0679779
-0.344254
-0.664917
-0.272064
0.0596161
-0.402695
-0.520462
-0.558792
-0.27066

[21]
-0.163864
-0.105499
-0.138153
-0.172211
-0.0798187
-0.0323029
-0.0559998
-0.12204
-0.154739
-0.0789032
-0.000839233
-0.104019
-0.233871
-0.313843
-0.223297
-0.114334
0.151901
0.570938
0.965271
0.83223
0.912384
0.816696
0.000366211
0.403946
-0.195312
0.150909
-0.0758057
-0.0426025
0.154205
0.154419
0.0440674
-0.123642
-0.103394
0.0466461
0.145233
0.041153
-0.0312195
-0.0134125
0.0237274
0.0490875
0.0535736
0.0146179
0.00878906
0.0297852
0.029953
0.0437775
-0.0320435
0.0280762
0.0771332
-0.0832062

[22]
-0.159424
-0.147461
-0.276138
-0.589645
0.0534973
-0.531799
-0.36969
-0.695312
-0.310867
-0.119919
0.137787
-0.141449
-0.160828
-0.126816
-0.019455
-0.0243073
-0.028717
-0.0211334
0.0451202
0.0398712
0.115402
0.150467
0.187668
0.151901
0.137054
0.347748
0.572617
0.958389
0.730194
0.362549
0.27919
0.102234
0.242096
-0.215927
0.236435
0.100616
0.0259399
0.0137634
-0.0124969
-0.0712891
-0.0209961
-0.0698547
-0.0549774
0.0183258
0.0306091
0.0593719
0.00601196
-0.0124969
-0.00154114
-0.0133667

[23]
0.0225677
0.0466156
-0.00332642
-0.015686
0.026886
0.0186462
0.0714417
0.0515747
-0.0502472
-0.117386
-0.151306
-0.279633
-0.570984
-0.0917664
-0.0915527
-0.34462
-0.521011
-0.465942
-0.205444
-0.111069
-0.155441
-0.129593
-0.0937347
-0.0463562
-0.0690918
-0.0642395
-0.0643768
-0.0996246
-0.0342865
0.0270233
0.0885925
0.21991
0.0554352
0.0791473
-0.029541
0.172501
0.620972
0.957718
0.659973
-0.177338
0.396393
0.0239868
0.327408
-0.0245667
-0.0675659
0.0496674
0.0618286
0.0508728
-0.133194
-0.135208

[24]
-0.00241089
0.120026
0.098175
0.0501404
-0.0174713
0.0503387
0.062439
0.0585785
0.0598755
0.022171
-0.00994873
0.0124969
-1.52588e-05
0.0500031
0.0862885
0.113388
0.0115967
-0.107712
-0.141327
-0.2435
-0.660751
-0.175751
-0.00413513
-0.400925
-0.56987
-0.348465
-0.13765
-0.111435
-0.137787
-0.0834045
-0.105148
-0.0573273
-0.0763855
-0.0576782
-0.0477753
-0.102478
-0.04599
-0.0261688
0.0751953
0.0316467
0.00872803
0.0348511
0.0697784
0.163559
0.412552
0.885696
0.885773
0.74762
0.54039
0.154617

[25]
0.0861359
-0.140533
0.139114
-0.03508
0.0795593
0.0543365
0.12056
0.0687103
-0.0849915
-0.239243
-0.0127258
0.153793
0.125656
-0.0181122
-0.0482483
0.0450134
0.0715179
0.0339355
0.0308533
0.0174866
-0.0207062
0.00828552
0.0805969
0.0627899
0.0251465
0.02565
-0.0361481
-0.185898
-0.21701
-0.37825
-0.488342
0.0913696
-0.458023
-0.56958
-0.404602
-0.194916
-0.101166
-0.134079
-0.134338
-0.13353
-0.0892334
-0.103333
-0.0774536
-0.126175
-0.108871
-0.039444
0.0749817
0.129272
0.0489655
-0.0370483

[26]
-0.00740051
0.112
0.310806
0.575592
0.850998
0.720108
0.56105
0.426422
0.124176
0.331528
-0.2341
0.178909
-0.0118713
-0.00587463
0.0131683
0.130722
0.0618591
-0.0785065
-0.142334
-0.0386047
0.0677338
0.0842438
0.0128479
-0.00344849
0.0223083
0.0369873
0.0200958
0.0177612
0.0343781
0.0353851
0.0181122
0.0375214
-0.00271606
-0.0532532
0.000793457
0.0210876
0.0508881
-0.0788727
-0.137756
-0.227646
-0.544983
-0.260498
0.132904
-0.462387
-0.459991
-0.410919
-0.175049
0.0022583
-0.0319214
-0.0380859

[27]
-0.0614777
-0.0270844
-0.0490265
-0.0571899
-0.194122
-0.160965
-0.128952
-0.0378571
-0.0606995
-0.0596771
-0.0527039
0.0227661
0.124222
0.217529
0.529892
0.670898
0.669083
0.830856
0.0649261
0.134766
0.176102
0.0254211
0.226334
-0.034668
-0.0508423
0.0623169
0.0425415
0.0237579
-0.0104523
-0.0752716
0.0163574
0.0775299
0.076004
0.0283051
-0.0194855
0.0161743
0.0600128
0.0461426
0.0242615
0.0295715
0.0394287
0.045105
0.0366821
0.0319214
0.0833588
0.0331116
-0.00050354
-0.080719
-0.0744171
-0.365982

[28]
-0.845505
-0.184006
0.0474091
-0.453735
-0.560837
-0.439529
-0.159042
-0.117645
-0.105453
-0.140778
-0.134933
-0.0631714
-0.0125427
-0.00244141
0.00587463
-0.0318298
-0.0213318
0.0951691
0.086853
-0.0440521
-0.179642
-0.162659
-0.148499
0.0548401
0.338898
0.841782
0.878326
0.452194
-0.155762
0.415329
0.00628662
0.294586
-0.0366516
-0.026474
0.0541077
0.0449371
0.0990906
-0.0624237
-0.154877
-0.022644
0.0734558
0.0546722
0.0227356
-0.00256348
-0.00819397
0.0392456
0.0212402
0.0553436
0.0194397
0.0105438

[29]
-0.00482178
-0.0178986
0.0544128
0.0157623
0.00210571
0.00614929
0.0362854
0.0148315
-0.126755
-0.263748
-0.609116
0.0321503
-0.184387
-0.334503
-0.525116
-0.384735
-0.166031
-0.133057
-0.160309
-0.10495
-0.0901184
-0.0664825
-0.0389557
-0.0156708
0.00180054
-0.000366211
0.00814819
0.149521
0.151169
0.143616
0.176697
0.148544
0.169617
0.312164
0.798691
0.687027
0.655563
-0.458435
0.373001
-0.0176544
0.211304
0.0856628
-0.0141907
-0.00637817
0.0108337
0.0178986
-0.0323792
-0.148346
-0.0771027
0.0605927

[30]
0.116425
0.0366516
0.0022583
0.0280609
0.0658112
0.0388641
-0.00267029
0.00764465
0.0276489
-0.00811768
0.00062561
-0.00238037
-0.0184937
0.0519104
0.0592957
-0.0740509
-0.214951
-0.31189
-0.376221
-0.603973
-0.0991364
-0.406769
-0.344162
-0.482803
-0.339264
-0.0386353
-0.0949097
-0.181305
-0.1259
-0.00344849
-0.00318909
-0.037384
-0.0291748
-0.029007
0.0395966
0.228592
0.213745
0.210785
0.212494
0.135269
0.0397949
0.176437
0.584641
0.88826
0.440353
0.382996
-0.179153
0.193771
-0.138153
0.44902

