[0]
-1
-0.1064
-0.094574
0.0236969
0.119553
0.174744
0.276062
0.335159
0.337402
0.379272
0.386078
0.46637
0.446976
0.456055
0.440582
0.426636
0.418533
0.417725
0.378815
0.305649
0.259491
0.205109
0.151001
0.0888824
0.0239258
-0.0197601
-0.0356598
-0.0561829
-0.277649
-0.355972
-0.341232
-0.335358
-0.444672
-0.468201
-0.442017
-0.428604
-0.47995
-0.469757
-0.487839
-0.555817
-0.474091
-0.420578
-0.360352
-0.344223
-0.353668
-0.317581
-0.255615
-0.202454
-0.126923
-0.0788727

[1]
-0.0848694
-0.0631561
-0.0228577
-0.00161743
0.00869751
-0.000488281
0.066452
0.147003
0.186325
0.191986
0.320312
0.439056
0.430893
0.315674
0.252014
0.243256
0.324768
0.352051
0.360046
0.398148
0.40918
0.386276
0.334991
0.313522
0.279022
0.252472
0.188141
0.121048
0.043808
0.0245361
-0.0257111
-0.0252533
-0.0628967
-0.0828705
-0.147873
-0.191147
-0.278687
-0.261948
-0.250778
-0.332397
-0.374115
-0.367706
-0.363998
-0.335037
-0.350555
-0.368378
-0.347641
-0.366348
-0.373154
-0.35202

[2]
-0.301468
-0.248413
-0.210083
-0.140457
-0.0925446
-0.0528564
-0.0261383
-0.0415802
-0.0162811
0.0651245
0.19957
0.327728
0.374878
0.406372
0.355698
0.391052
0.508896
0.498581
0.443085
0.372314
0.386581
0.451736
0.455139
0.453781
0.465363
0.446335
0.391418
0.331406
0.287338
0.234711
0.119766
0.0658417
-0.00556946
-0.0545807
-0.0792236
-0.158005
-0.220718
-0.255188
-0.247864
-0.250931
-0.303879
-0.32756
-0.371445
-0.469482
-0.523636
-0.554657
-0.521027
-0.523544
-0.521072
-0.506088

[3]
-0.5047
-0.483353
-0.442612
-0.389313
-0.316818
-0.271286
-0.184677
-0.100861
0.00700378
0.0897217
0.0709991
0.0326233
0.0517883
0.160736
0.292923
0.391769
0.412979
0.477219
0.526566
0.533737
0.466385
0.430542
0.418808
0.414078
0.405411
0.417389
0.489243
0.487701
0.431107
0.361191
0.298187
0.243668
0.159973
0.0708923
-0.00680542
-0.0609894
-0.079422
-0.103592
-0.089798
-0.173553
-0.266983
-0.312653
-0.332214
-0.30574
-0.364029
-0.347565
-0.33847
-0.423645
-0.502686
-0.499069

[4]
-0.42485
-0.297455
-0.278549
-0.305313
-0.32782
-0.314377
-0.253006
-0.215012
-0.135635
-0.12619
-0.0873871
-0.0666351
-0.0192566
0.0207214
0.0610199
0.0888214
0.115372
0.172821
0.217651
0.361267
0.492096
0.494995
0.423294
0.371796
0.341751
0.276596
0.238403
0.18689
0.198425
0.221222
0.24173
0.252686
0.247833
0.221909
0.214828
0.154587
0.106354
0.0303192
-0.0050354
-0.0553131
-0.0865784
-0.0849457
-0.100906
-0.139084
-0.182053
-0.240509
-0.29129
-0.315689
-0.324661
-0.332489

[5]
-0.369583
-0.396667
-0.40097
-0.415848
-0.394424
-0.345306
-0.320068
-0.278488
-0.27063
-0.258347
-0.21553
-0.173508
-0.118896
-0.0892029
-0.0529785
-0.0292664
-0.0105591
-0.0157623
0.0127869
0.0757141
0.0975952
0.0699615
0.114288
0.184982
0.206573
0.284866
0.355972
0.376053
0.302017
0.208862
0.213699
0.267517
0.298721
0.263077
0.257858
0.284775
0.287308
0.25235
0.243851
0.212463
0.165924
0.114365
0.0458679
-0.012085
-0.0446167
-0.0837402
-0.127563
-0.141327
-0.218445
-0.254013

[6]
-0.218109
-0.200821
-0.230377
-0.314392
-0.351959
-0.350357
-0.317108
-0.310104
-0.338486
-0.335648
-0.310013
-0.252029
-0.211884
-0.208939
-0.223282
-0.187012
-0.133911
-0.0962067
-0.0285797
-0.00663757
0.00106812
0.0237122
0.0415955
0.0786591
0.0894775
0.0927277
0.109421
0.197418
0.261322
0.342743
0.342346
0.328629
0.256348
0.181793
0.147171
0.165726
0.19223
0.196976
0.233734
0.266724
0.26683
0.236511
0.18895
0.171616
0.126968
0.0786133
0.0433197
0.00160217
-0.0304565
-0.0359344

[7]
-0.0570374
-0.0843811
-0.133545
-0.141541
-0.173248
-0.256226
-0.289612
-0.316299
-0.289841
-0.325928
-0.332916
-0.332199
-0.316559
-0.32486
-0.299042
-0.316544
-0.333878
-0.295532
-0.25029
-0.218292
-0.169891
-0.131821
-0.102463
-0.0544434
-0.00210571
0.0312042
0.0123596
0.0144653
0.0170288
0.0851898
0.194153
0.222382
0.26062
0.322296
0.410461
0.380707
0.305176
0.254501
0.262817
0.229355
0.224136
0.223969
0.248962
0.273605
0.273178
0.247574
0.229095
0.186035
0.147766
0.105972

[8]
0.0457001
0.00923157
-0.0162354
-0.00843811
-0.0477295
-0.0970764
-0.197632
-0.221313
-0.17012
-0.177536
-0.253525
-0.276855
-0.285431
-0.279358
-0.295364
-0.331268
-0.332794
-0.330032
-0.328125
-0.275589
-0.239075
-0.218185
-0.213669
-0.188446
-0.174698
-0.118362
-0.0708466
-0.0390778
-0.0288849
-0.0116882
0.0146332
0.0561218
0.0320129
0.0514984
0.180847
0.20845
0.222351
0.237564
0.311539
0.32515
0.234146
0.180618
0.168335
0.18541
0.248672
0.26796
0.289932
0.271271
0.248978
0.241943

[9]
0.211456
0.168182
0.133286
0.0774384
0.0568237
0.0339813
0.0156708
0.00987244
-0.0384827
-0.0466461
-0.0891876
-0.157501
-0.195129
-0.222687
-0.210159
-0.194702
-0.202942
-0.21991
-0.243027
-0.235199
-0.229218
-0.237061
-0.261307
-0.256989
-0.251495
-0.207077
-0.191254
-0.167313
-0.138733
-0.102127
-0.0901184
-0.0971375
-0.0552979
-0.0200806
-0.00769043
0.00563049
0.027771
0.0352325
0.0660858
0.0960999
0.110901
0.160339
0.204834
0.186417
0.17128
0.158768
0.155319
0.128464
0.104568
0.084549

[10]
0.125549
0.169846
0.172699
0.158173
0.151993
0.19545
0.204163
0.196304
0.179398
0.179321
0.186371
0.13028
0.0846252
0.0284119
-0.0198364
-0.037262
-0.0552826
-0.0971375
-0.119431
-0.166046
-0.186661
-0.186539
-0.191528
-0.238464
-0.298218
-0.276169
-0.252014
-0.232803
-0.251404
-0.253967
-0.223755
-0.225281
-0.199646
-0.198898
-0.149017
-0.119659
-0.0866852
-0.0849304
-0.0613556
-0.0393066
-0.0348816
-0.0278625
-0.00993347
0.0118713
0.00660706
0.052536
0.101639
0.13472
0.183792
0.164658

[11]
0.166718
0.175369
0.183929
0.146103
0.128754
0.141663
0.203644
0.224075
0.213135
0.173767
0.184967
0.207596
0.164383
0.146393
0.134354
0.116226
0.0938416
0.0863495
0.0527344
0.0208588
-0.0254211
-0.0558014
-0.067688
-0.113708
-0.133133
-0.136993
-0.171387
-0.191376
-0.209564
-0.254898
-0.279251
-0.290466
-0.294968
-0.316101
-0.290649
-0.281296
-0.272858
-0.231583
-0.208237
-0.184067
-0.184708
-0.179733
-0.152573
-0.133911
-0.113846
-0.0594177
-0.0253601
0.023407
0.0285797
0.0356445

[12]
0.0497131
0.0645447
0.0991364
0.102524
0.192413
0.249542
0.236847
0.196594
0.199203
0.218765
0.223282
0.20076
0.207779
0.203217
0.19368
0.206848
0.217468
0.18454
0.178055
0.204559
0.173355
0.15509
0.146729
0.151306
0.120209
0.0737915
0.055069
0.0170746
-0.016861
-0.0337677
-0.035614
-0.0608521
-0.0905457
-0.149612
-0.222092
-0.193451
-0.205536
-0.236832
-0.288391
-0.336548
-0.323578
-0.307373
-0.271652
-0.264053
-0.266006
-0.254807
-0.251877
-0.231247
-0.226883
-0.220718

[13]
-0.195572
-0.156418
-0.142426
-0.108444
-0.0966187
-0.0865784
-0.0856018
-0.0481415
-0.0250854
0.0244141
0.107025
0.184006
0.199829
0.17981
0.229324
0.264877
0.269165
0.246185
0.263168
0.271545
0.313599
0.306091
0.287567
0.321365
0.327744
0.278076
0.263931
0.245422
0.197418
0.163986
0.152344
0.114609
0.0663147
0.0162659
-0.0140839
-0.0506592
-0.0704041
-0.110107
-0.156281
-0.169983
-0.219482
-0.266663
-0.271149
-0.289658
-0.27446
-0.255463
-0.275436
-0.282043
-0.264786
-0.296509

[14]
-0.31192
-0.296524
-0.256622
-0.208954
-0.177002
-0.182266
-0.177567
-0.15239
-0.112183
-0.0878906
-0.0522614
-0.0140533
-0.000335693
0.00126648
-0.0022583
0.0175934
0.144318
0.258698
0.232178
0.190308
0.255432
0.301025
0.315018
0.32547
0.267853
0.296722
0.29921
0.295883
0.317352
0.322449
0.320068
0.32016
0.256042
0.208542
0.188629
0.15097
0.110626
0.0729218
0.0407867
0.0121765
-0.0348663
-0.0897064
-0.111542
-0.13298
-0.143524
-0.162582
-0.247879
-0.300598
-0.308685
-0.289368

[15]
-0.252548
-0.313858
-0.328552
-0.331131
-0.301849
-0.255234
-0.242279
-0.239639
-0.221878
-0.193924
-0.187042
-0.150101
-0.109039
-0.0675201
-0.00437927
0.00050354
-0.0115814
-0.000778198
0.0312958
0.0776367
0.155762
0.232437
0.310043
0.26918
0.226425
0.252731
0.356201
0.350037
0.297455
0.264511
0.252411
0.342621
0.35405
0.343185
0.328796
0.315796
0.325668
0.246613
0.206757
0.168152
0.113937
0.0391541
0.0158539
-0.0565796
-0.089798
-0.0938721
-0.128754
-0.154236
-0.203094
-0.223068

[16]
-0.299774
-0.323257
-0.350433
-0.393173
-0.431625
-0.383392
-0.321518
-0.300934
-0.324768
-0.369385
-0.346924
-0.278366
-0.209213
-0.185211
-0.188858
-0.184006
-0.139084
-0.0722351
-0.0526428
-0.00154114
0.00669861
0.0270538
0.0704651
0.0687103
0.0483704
0.0949707
0.219925
0.305283
0.274078
0.279556
0.35582
0.39418
0.343872
0.282578
0.250946
0.272537
0.306107
0.312393
0.305191
0.331635
0.28891
0.269485
0.24411
0.15773
0.110489
0.0786133
0.0561523
-0.00236511
-0.0465851
-0.0908966

[17]
-0.088501
-0.0988922
-0.164368
-0.196747
-0.204956
-0.219925
-0.297348
-0.368759
-0.382324
-0.352661
-0.327774
-0.304123
-0.349731
-0.355621
-0.373444
-0.306595
-0.269669
-0.247803
-0.243225
-0.227066
-0.19194
-0.140671
-0.0828247
-0.0364685
-0.00431824
0.0159607
0.0366974
0.0594482
0.0381165
0.115128
0.234268
0.233932
0.181564
0.277267
0.36821
0.389481
0.331085
0.304169
0.339828
0.386978
0.357193
0.370758
0.356506
0.338257
0.320374
0.267014
0.238937
0.191116
0.148026
0.133606

[18]
0.0685272
0.0368347
0.00271606
-0.0630493
-0.101746
-0.129532
-0.190491
-0.259796
-0.288895
-0.219681
-0.21106
-0.239883
-0.323059
-0.34906
-0.328964
-0.306915
-0.294739
-0.313492
-0.303238
-0.280319
-0.256287
-0.218445
-0.207321
-0.188065
-0.148621
-0.12262
-0.0965118
-0.0623627
-0.0400696
-0.0155487
0.00563049
0.062439
0.0643921
0.0838623
0.115524
0.132477
0.198822
0.261948
0.235779
0.193512
0.215927
0.278381
0.309021
0.279587
0.238586
0.219849
0.225021
0.229599
0.187393
0.183441

[19]
0.183838
0.195038
0.193069
0.225891
0.189896
0.122025
0.075943
0.070343
0.0471649
0.000534058
-0.0336914
-0.197586
-0.0193787
-0.0180511
-0.111389
-0.188828
-0.236084
-0.25296
-0.264908
-0.27124
-0.299744
-0.30249
-0.335526
-0.33165
-0.327621
-0.310516
-0.278519
-0.245255
-0.227463
-0.203842
-0.206223
-0.210709
-0.171982
-0.156631
-0.133804
-0.0970612
-0.0512085
-0.00738525
-0.0174408
-0.032547
-0.022171
0.0462494
0.135559
0.177353
0.184814
0.210861
0.245819
0.24855
0.220062
0.189026

[20]
0.183426
0.206177
0.211044
0.228561
0.227219
0.268417
0.323242
0.301132
0.242157
0.239761
0.220428
0.173431
0.131805
0.0921021
0.076004
0.0530853
0.0144501
-0.0489044
-0.104477
-0.203232
-0.250702
-0.283615
-0.274216
-0.276489
-0.303726
-0.310242
-0.323242
-0.344818
-0.359955
-0.337753
-0.327789
-0.30162
-0.254456
-0.220886
-0.192398
-0.164902
-0.154465
-0.138855
-0.107742
-0.0986176
-0.0572968
-0.0303802
0.0128021
0.0389862
0.0703125
0.0376129
0.0244293
0.158844
0.268875
0.271545

[21]
0.247406
0.253418
0.281418
0.248749
0.186996
0.195816
0.223877
0.258087
0.276306
0.24382
0.215714
0.202545
0.186981
0.207642
0.232697
0.207901
0.160934
0.147354
0.151825
0.12442
0.104568
0.0798492
0.0576019
0.0372467
-0.0144196
-0.039093
-0.0348663
-0.0398102
-0.114288
-0.184769
-0.205643
-0.217972
-0.243988
-0.267944
-0.299164
-0.259964
-0.237076
-0.24675
-0.262833
-0.259399
-0.249893
-0.223984
-0.211777
-0.181396
-0.180923
-0.151001
-0.132675
-0.0966797
-0.0667267
-0.0175476

[22]
0.0228577
0.0571747
0.088501
0.063858
0.00843811
0.026001
0.101044
0.20401
0.206039
0.168716
0.141266
0.160019
0.152603
0.138092
0.126083
0.139404
0.143127
0.159058
0.184692
0.147156
0.147797
0.184616
0.191757
0.177719
0.163589
0.163101
0.163086
0.124908
0.113983
0.0893555
0.079834
0.0351257
0.0135498
-0.0368347
-0.0616913
-0.0779114
-0.172501
-0.222488
-0.244553
-0.250061
-0.272125
-0.283508
-0.307861
-0.275879
-0.2621
-0.252594
-0.255432
-0.254166
-0.223984
-0.190887

[23]
-0.177292
-0.161346
-0.142365
-0.119949
-0.0969849
-0.0684814
-0.063324
-0.0448761
-0.0347443
-0.00500488
0.0147552
0.0257111
0.0414734
0.0674133
0.150085
0.201614
0.196762
0.18512
0.198364
0.224991
0.258743
0.234344
0.22731
0.21431
0.240265
0.237991
0.199081
0.193604
0.19722
0.242569
0.233307
0.200302
0.180084
0.161499
0.144272
0.102966
0.0768127
0.0343323
0.0354309
0.016571
-0.0195465
-0.0889587
-0.0623932
-0.0467377
-0.0958099
-0.199341
-0.241394
-0.250107
-0.261398
-0.272156

[24]
-0.277161
-0.265442
-0.252975
-0.214584
-0.207352
-0.21315
-0.217499
-0.22522
-0.212112
-0.197433
-0.189423
-0.179291
-0.175293
-0.139999
-0.134186
-0.126282
-0.0940552
-0.0665588
-0.0126953
0.0237122
0.017868
0.0444794
0.0493774
0.0552826
0.0565796
0.117767
0.219299
0.244598
0.195755
0.16925
0.175659
0.199524
0.179382
0.174576
0.135956
0.148346
0.167068
0.156631
0.153763
0.149536
0.183411
0.209503
0.235214
0.209259
0.173386
0.129776
0.102859
0.0436249
0.0396118
0.0296783

[25]
0.00340271
-0.0418243
-0.0712738
-0.0675812
-0.0851593
-0.083847
-0.118713
-0.121719
-0.153198
-0.197006
-0.245575
-0.283325
-0.263321
-0.263138
-0.282761
-0.265945
-0.289093
-0.304092
-0.298859
-0.267929
-0.250214
-0.225586
-0.226334
-0.231125
-0.226562
-0.204514
-0.197495
-0.166138
-0.144455
-0.145569
-0.113525
-0.0633392
0.0190887
0.0194397
0.0447693
0.0833435
0.103729
0.0969086
0.107117
0.192581
0.271576
0.262802
0.261948
0.265106
0.280609
0.270905
0.255142
0.247681
0.272339
0.29216

[26]
0.269119
0.272308
0.279266
0.240891
0.208557
0.191971
0.19783
0.172714
0.15036
0.125214
0.11058
0.0905762
0.0345001
0.00154114
-0.0166168
-0.0687256
-0.105545
-0.130508
-0.142914
-0.161194
-0.208405
-0.270309
-0.295929
-0.303894
-0.306885
-0.310638
-0.330627
-0.316299
-0.29715
-0.296326
-0.296463
-0.290298
-0.281143
-0.28891
-0.258942
-0.239212
-0.215302
-0.197281
-0.167618
-0.149506
-0.130219
-0.0910797
-0.0758514
-0.0415802
-0.0144196
-0.00616455
0.0130005
0.0817871
0.117706
0.187485

[27]
0.213043
0.187027
0.201172
0.230576
0.242645
0.256516
0.24588
0.263458
0.263016
0.270996
0.286545
0.275558
0.285019
0.288422
0.283173
0.260025
0.24353
0.219879
0.200806
0.178665
0.146606
0.104248
0.0577545
0.0167236
-0.0354004
-0.0506744
-0.05336
-0.11203
-0.132706
-0.183472
-0.188675
-0.184326
-0.263321
-0.30957
-0.294052
-0.31131
-0.310974
-0.30188
-0.293289
-0.258621
-0.267746
-0.278458
-0.283264
-0.275711
-0.249313
-0.244461
-0.206955
-0.197647
-0.183075
-0.159805

[28]
-0.141647
-0.14006
-0.0465851
-0.0226593
0
-0.0236664
-0.00674438
0.0276947
0.0487823
0.10376
0.198761
0.250504
0.220398
0.233688
0.214569
0.248459
0.274994
0.276871
0.250015
0.290573
0.32843
0.329697
0.320251
0.290924
0.268784
0.277802
0.283218
0.267807
0.26712
0.15036
0.147919
0.10379
0.0478821
0.00985718
0.00320435
-0.049118
-0.0753784
-0.0791321
-0.0970154
-0.112305
-0.167725
-0.19754
-0.213531
-0.262924
-0.300522
-0.33049
-0.335999
-0.338333
-0.333282
-0.303864

[29]
-0.289764
-0.274033
-0.289703
-0.29216
-0.285095
-0.267441
-0.226593
-0.201202
-0.180008
-0.158722
-0.160675
-0.152573
-0.0784302
-0.0741577
-0.0465088
-0.0110474
0.000793457
0.0343323
0.0960083
0.0375519
0.0681915
0.124054
0.137909
0.261948
0.302536
0.252167
0.228058
0.243896
0.259186
0.231079
0.238953
0.239151
0.244385
0.252411
0.186096
0.190933
0.137222
0.18428
0.173691
0.131851
0.113785
0.13826
0.144501
0.118851
0.0771484
0.0561829
0.0389252
0.00579834
-0.00317383
-0.036377

[30]
-0.0557404
-0.0926971
-0.104172
-0.185791
-0.181564
-0.141693
-0.141861
-0.208023
-0.263412
-0.261215
-0.269409
-0.245758
-0.249008
-0.260056
-0.270248
-0.230728
-0.204529
-0.222015
-0.222672
-0.220245
-0.198486
-0.162735
-0.139801
-0.123169
-0.0984955
-0.0434265
-0.0298309
-0.00366211
-0.00805664
0.0374298
0.0572052
0.0860138
0.0819702
0.0511322
0.0376434
0.0697632
0.0976105
0.143326
0.220093
0.162109
0.141129
0.124954
0.14975
0.144012
0.139862
0.157745
0.187515
0.19928
0.199783
0.175461

[31]
0.152863
0.14006
0.0847626
0.116928
0.117905
0.0913849
0.0542145
0.0411377
0.0241394
-0.0219574
-0.0530853
-0.085968
-0.0666351
-0.0912476
-0.123779
-0.129425
-0.135544
-0.140045
-0.154999
-0.142395
-0.170166
-0.184204
-0.201797
-0.205551
-0.179214
-0.224335
-0.206863
-0.195618
-0.201202
-0.207886
-0.201736
-0.223541
-0.136002
-0.142166
-0.128494
-0.114288
-0.0802612
-0.0610962
-0.0531311
-0.0192566
-0.00532532
-0.014801
0.0213165
0.0617371
0.0492401
0.0750122
0.0258026
0.0711212
0.1035
0.141678

[32]
0.1259
0.0837097
0.124695
0.162094
0.165039
0.125412
0.144318
0.182663
0.171509
0.169083
0.159637
0.157654
0.175507
0.192581
0.149139
0.137146
0.135635
0.113495
0.0961914
0.0857697
0.0501862
0.0279999
-0.0269928
-0.00660706
-0.0545654
-0.0447235
-0.0924225
-0.0843048
-0.115433
-0.0973969
-0.129852
-0.152878
-0.167023
-0.182007
-0.187698
-0.186798
-0.173935
-0.229507
-0.258591
-0.240982
-0.206238
-0.181595
-0.186707
-0.169159
-0.167175
-0.167221
-0.154785
-0.144119
-0.106201
-0.0780792

[33]
-0.0714874
-0.0702972
-0.0581055
-0.0312653
0.022522
0.0236816
-0.00776672
0.0221252
0.0176849
-0.00868225
0.0279083
0.0687103
0.163788
0.154144
0.149994
0.120178
0.13385
0.144592
0.136215
0.134689
0.145981
0.167999
0.190628
0.172043
0.162537
0.154373
0.157852
0.173767
0.138428
0.153854
0.123795
0.0956116
0.0767975
0.0381622
0.0144043
-0.00621033
-0.0516357
-0.0710297
-0.0795288
-0.0769806
-0.117477
-0.134979
-0.199127
-0.245712
-0.2556
-0.266754
-0.32814
-0.267273
-0.232635
-0.260925

[34]
-0.280502
-0.315948
-0.300613
-0.246185
-0.243835
-0.222046
-0.263382
-0.210358
-0.166382
-0.126877
-0.138641
-0.139206
-0.10228
-0.0765839
-0.0941467
-0.0221863
-0.0197449
0.0179291
-0.00457764
-0.0303345
0.0827179
0.170822
0.187454
0.153183
0.18251
0.254181
0.254364
0.196823
0.18718
0.175247
0.188797
0.221848
0.210968
0.173218
0.233078
0.242493
0.198929
0.193069
0.154709
0.132721
0.0996094
0.0814209
0.0620422
0.043869
0.0189056
0.029007
0.0154266
-0.0355072
-0.0415802
-0.0644989

[35]
-0.148468
-0.157928
-0.225677
-0.269379
-0.243256
-0.203506
-0.201614
-0.179764
-0.176605
-0.189743
-0.234192
-0.236084
-0.214905
-0.222015
-0.221939
-0.208145
-0.160248
-0.132568
-0.109711
-0.094101
-0.0661926
-0.0632324
-0.0344391
-0.0475922
0.00976562
0.0141449
0.0378113
0.022522
0.019516
0.0516205
0.0704803
0.0923309
0.171234
0.241425
0.227676
0.189819
0.189987
0.184723
0.177795
0.214188
0.195709
0.185593
0.234222
0.209152
0.186691
0.163589
0.223862
0.188751
0.135406
0.123779

[36]
0.101395
0.088501
0.0581207
0.016571
0.0401764
0.056015
0.032074
-0.00865173
-0.0701904
-0.0970306
-0.104462
-0.192688
-0.283798
-0.256058
-0.244827
-0.239304
-0.240891
-0.239151
-0.225708
-0.259811
-0.276657
-0.294693
-0.280441
-0.259933
-0.228088
-0.198212
-0.182495
-0.128616
-0.137909
-0.128204
-0.105942
-0.0840302
-0.0927429
-0.0500793
-0.011673
0.0172882
0.023056
0.0157166
0.0313568
0.101883
0.166458
0.150345
0.133377
0.191071
0.265396
0.259384
0.212692
0.162979
0.239929
0.233704

[37]
0.198303
0.188217
0.194138
0.224701
0.199051
0.198029
0.139984
0.145584
0.097168
0.0695953
0.0583191
0.00906372
-0.0195923
-0.00241089
-0.0169373
-0.0890045
-0.101868
-0.105164
-0.145767
-0.184494
-0.250031
-0.292358
-0.288361
-0.273148
-0.26651
-0.242661
-0.202347
-0.17926
-0.192795
-0.181992
-0.181686
-0.181824
-0.18573
-0.172668
-0.160721
-0.121765
-0.135025
-0.111359
-0.0641785
-0.030014
-0.0597229
-0.0434113
-0.0220184
-0.0151215
0.0529633
0.0410156
-0.0133514
0.0410004
0.116898
0.201889

[38]
0.166245
0.149612
0.204315
0.253891
0.258163
0.197968
0.168365
0.188309
0.190842
0.232483
0.22052
0.204224
0.193008
0.186142
0.196365
0.137375
0.129913
0.101944
0.072052
0.0645447
0.0450439
-0.00979614
-0.0428467
-0.0351868
-0.0469513
-0.0696411
-0.0922394
-0.140488
-0.165985
-0.247437
-0.268066
-0.270187
-0.227676
-0.225342
-0.241272
-0.216904
-0.200531
-0.206299
-0.181732
-0.188477
-0.172546
-0.181244
-0.168701
-0.132111
-0.10524
-0.0825806
-0.0852051
-0.0509491
-0.0365295
0.0513

[39]
0.0200043
0.0302429
0.0339813
0.0466766
0.074707
0.129135
0.203247
0.230576
0.182953
0.158234
0.18811
0.161804
0.172241
0.167221
0.176682
0.171448
0.164307
0.168594
0.164474
0.184845
0.102341
0.0652924
0.0721436
0.0868225
0.0872192
0.0110931
0.0136871
0.0384827
-0.0283356
-0.0532837
-0.0510101
-0.0445862
-0.0379486
-0.103836
-0.125473
-0.15303
-0.218887
-0.196518
-0.189743
-0.227402
-0.211288
-0.189392
-0.184814
-0.182922
-0.198471
-0.194626
-0.172318
-0.192413
-0.168533
-0.128281

[40]
-0.11348
-0.125504
-0.12146
-0.090683
-0.0839386
-0.0252533
-0.0338898
-0.0096283
0.00132751
0.0297546
0.0474854
0.0788727
0.168686
0.185577
0.144394
0.139801
0.183426
0.208145
0.182617
0.170731
0.209839
0.200943
0.237305
0.225098
0.185196
0.160233
0.192642
0.223801
0.17746
0.153534
0.124557
0.100937
0.0844574
0.0174103
0.00627136
-0.0171356
-0.0180206
-0.0120544
-0.0678101
-0.115387
-0.139511
-0.198944
-0.242355
-0.249329
-0.279068
-0.277145
-0.258194
-0.251572
-0.229141
-0.261627

[41]
-0.247101
-0.259491
-0.245651
-0.214752
-0.207581
-0.186707
-0.158386
-0.150787
-0.142853
-0.114136
-0.100067
-0.0624847
-0.0405884
-0.0355682
-0.0150757
0.00894165
0.0162506
0.0561066
0.0749969
0.144119
0.225189
0.24498
0.198975
0.189682
0.268311
0.27951
0.229736
0.253311
0.245346
0.250458
0.240005
0.214691
0.23587
0.253311
0.202927
0.180786
0.176346
0.164322
0.126648
0.087738
0.0635986
0.0322113
-0.00350952
-0.0491791
-0.0887756
-0.0984497
-0.107529
-0.128693
-0.138672
-0.190964

[42]
-0.229721
-0.239288
-0.287216
-0.277725
-0.280579
-0.271072
-0.28299
-0.263
-0.278976
-0.258667
-0.267731
-0.277405
-0.271637
-0.256866
-0.22467
-0.181641
-0.147018
-0.142334
-0.117462
-0.106873
-0.0946198
-0.0791321
-0.0404968
-0.00999451
0.00741577
0.0374146
0.0884705
0.184433
0.266953
0.235458
0.206741
0.207016
0.193329
0.208206
0.273636
0.316895
0.282288
0.252121
0.248215
0.213577
0.200974
0.214951
0.183807
0.164429
0.173615
0.151596
0.161148
0.131042
0.0611877
0.0718689

[43]
0.0547333
0.0380707
-0.0246124
-0.135803
-0.111603
-0.184753
-0.231003
-0.266312
-0.27742
-0.292786
-0.268448
-0.302383
-0.315231
-0.319901
-0.294846
-0.264877
-0.249435
-0.231644
-0.24173
-0.217606
-0.172012
-0.152435
-0.134476
-0.0920105
-0.0966949
-0.082016
-0.0539398
-0.0363464
-0.0270996
-0.0233765
-0.000244141
0.0417175
0.131714
0.183838
0.187592
0.178192
0.204163
0.231003
0.251465
0.264999
0.266724
0.311935
0.296387
0.253464
0.249802
0.229782
0.255875
0.251053
0.199265
0.187897

[44]
0.177826
0.141617
0.11618
0.0808563
0.0754242
0.0420685
0.0125427
-0.010376
-0.0437012
-0.133453
-0.221054
-0.274307
-0.273575
-0.271194
-0.311279
-0.296188
-0.310669
-0.325256
-0.33078
-0.312851
-0.274323
-0.272141
-0.267242
-0.259262
-0.23909
-0.216736
-0.170395
-0.148041
-0.128067
-0.123657
-0.0929108
-0.0390167
-0.0190887
0.00834656
0.000335693
-0.00506592
-0.00842285
0.0856476
0.228088
0.249969
0.20871
0.264221
0.313538
0.339951
0.350647
0.359055
0.368469
0.322403
0.259125
0.223907

[45]
0.255432
0.246185
0.254883
0.263901
0.252258
0.190399
0.177185
0.130859
0.105759
0.0666199
0.0562286
0.0229034
-0.0106506
-0.0496826
-0.158905
-0.156464
-0.15564
-0.240921
-0.29332
-0.363358
-0.349274
-0.299591
-0.317123
-0.356644
-0.315399
-0.328247
-0.307465
-0.265106
-0.215897
-0.196182
-0.169678
-0.13298
-0.133347
-0.121765
-0.0911865
-0.0538025
-0.015152
-0.00813293
-0.00177002
0.0193176
-0.0159302
0.0402832
0.0818939
0.162125
0.245361
0.223022
0.236694
0.273422
0.289658
0.315536

[46]
0.307877
0.253586
0.224274
0.261215
0.240036
0.270187
0.161072
0.157318
0.134827
0.103333
0.0711212
0.0878448
0.0895233
0.0583954
0.040451
0.0107727
-0.0222931
-0.0341492
-0.0945892
-0.162643
-0.235428
-0.279877
-0.300369
-0.293137
-0.366913
-0.370255
-0.309937
-0.260345
-0.245499
-0.243835
-0.248795
-0.268555
-0.253647
-0.24559
-0.219589
-0.160263
-0.144836
-0.131271
-0.127533
-0.147415
-0.102432
-0.0559235
0.00669861
-0.0262909
0.00296021
0.000991821
0.00642395
0.0367584
0.121902
0.166931

[47]
0.176544
0.214294
0.278809
0.285721
0.23288
0.248917
0.329941
0.328598
0.282578
0.293045
0.331589
0.335129
0.301758
0.257462
0.23703
0.220703
0.203125
0.174637
0.150803
0.0844116
0.0757446
0.046463
0.0211334
-0.053009
-0.135574
-0.187103
-0.271149
-0.315277
-0.347351
-0.343048
-0.369476
-0.363892
-0.329117
-0.315781
-0.338898
-0.345749
-0.315811
-0.270401
-0.213531
-0.238754
-0.211838
-0.190155
-0.153839
-0.120621
-0.0933075
-0.0752106
-0.0573273
-0.0259399
-0.00337219
-0.0107727

[48]
-0.00337219
0.014801
0.0125427
0.0752258
0.175964
0.273514
0.246704
0.239197
0.314468
0.364594
0.36467
0.305527
0.290131
0.286469
0.263184
0.265289
0.22789
0.242691
0.222656
0.223953
0.246323
0.191162
0.156921
0.148956
0.109268
0.0708313
0.0339508
-0.00592041
-0.0366516
-0.0533752
-0.114136
-0.17662
-0.249878
-0.263535
-0.256012
-0.292526
-0.304001
-0.300552
-0.285065
-0.299561
-0.264236
-0.25502
-0.21637
-0.181992
-0.17952
-0.151093
-0.171997
-0.122543
-0.100861
-0.0911713

[49]
-0.0515137
-0.052597
-0.0144348
0.0132751
0.0215912
0.0311737
0.0487213
0.0261993
0.0742798
-0.011261
0.124603
0.175476
0.183594
0.204025
0.243469
0.247925
0.212585
0.151917
0.140808
0.121063
0.144714
0.130066
0.179047
0.212311
0.213196
0.194794
0.174911
0.18161
0.161758
0.0748901
0.124435
0.0718384
0.0314789
0.0185699
0.00227356
-0.0510559
-0.0540009
-0.0925293
-0.155701
-0.178238
-0.268829
-0.276184
-0.251984
-0.267487
-0.260818
-0.237411
-0.217209
-0.244751
-0.25354
-0.267441

[50]
-0.223724
-0.168457
-0.157288
-0.0948792
-0.146179
-0.106796
-0.0668182
-0.0460815
0.0101624
0.00390625
0.012558
0.0153961
0.00108337
0.0289612
0.08815
0.115799
0.12532
0.203613
0.295517
0.262589
0.15242
0.0894775
0.0890198
0.104553
0.0932465
0.0994415
0.151886
0.175751
0.175888
0.12291
0.0883179
0.0944672
0.0781555
0.0535126
0.00637817
0.0159454
0.0312347
-0.0173798
-0.0724792
-0.120026
-0.159958
-0.186539
-0.226761
-0.295212
-0.310028
-0.284302
-0.26825
-0.286896
-0.305786
-0.306549

[51]
-0.288757
-0.293365
-0.28064
-0.235657
-0.216064
-0.207809
-0.15242
-0.0941315
-0.0637665
-0.0298309
0.00669861
0.0315247
-0.00227356
-0.0349579
-0.0569305
-0.0539856
-0.0402374
0.0554352
0.14682
0.0750122
0.0140991
0.153534
0.329285
0.323914
0.169281
0.128067
0.140228
0.118668
0.0891418
0.0475616
0.0799408
0.120117
0.146774
0.13179
0.116333
0.10672
0.0956573
0.0487518
-0.0010376
-0.0367737
-0.0417175
-0.070694
-0.113281
-0.18631
-0.192505
-0.167664
-0.192276
-0.248138
-0.289749
-0.265091

[52]
-0.257797
-0.223373
-0.23732
-0.217163
-0.223099
-0.213974
-0.196213
-0.191864
-0.191986
-0.162949
-0.15033
-0.126938
-0.105301
-0.10141
-0.0674133
-0.0154114
0.0131531
0.013443
0.0360413
0.0250702
0.0527649
0.0819702
0.156204
0.176926
0.153885
0.188553
0.311356
0.373245
0.351715
0.32312
0.343903
0.414307
0.388794
0.34967
0.331085
0.367447
0.371658
0.324615
0.29274
0.253632
0.198334
0.123245
0.0814819
0.0262756
-0.00350952
-0.0175629
-0.026474
-0.0505066
-0.141663
-0.201462

[53]
-0.224564
-0.237549
-0.284256
-0.363998
-0.379593
-0.348419
-0.305496
-0.264786
-0.252579
-0.286087
-0.295578
-0.323227
-0.31427
-0.266525
-0.207367
-0.148544
-0.120529
-0.104584
-0.051712
-0.023819
0.0273743
0.0185089
0.0244446
0.0145111
0.0101318
0.0321045
0.131042
0.197021
0.153152
0.173523
0.229691
0.266373
0.23468
0.192978
0.187103
0.227509
0.236511
0.199097
0.182053
0.215256
0.219482
0.19989
0.165512
0.130539
0.10199
0.106857
0.0657806
0.0334167
0.0259094
0.0187683

[54]
-0.0017395
-0.0280304
-0.0834045
-0.155243
-0.214249
-0.251892
-0.241272
-0.238968
-0.245407
-0.262848
-0.292847
-0.301407
-0.285797
-0.258789
-0.255081
-0.258347
-0.260834
-0.245529
-0.225342
-0.160309
-0.11702
-0.0528107
-0.0405884
-0.0446625
-0.0280609
-0.0312958
-0.0399475
-0.0247955
-0.0101318
-0.018219
0.00462341
0.13237
0.183548
0.151428
0.192001
0.255829
0.242432
0.166779
0.187225
0.270676
0.332489
0.284912
0.262054
0.273956
0.28537
0.314453
0.296494
0.285309
0.252045
0.236572

[55]
0.224228
0.182343
0.137268
0.119019
0.0922852
0.0163116
-0.108719
-0.180603
-0.180344
-0.21907
-0.320908
-0.361786
-0.387375
-0.405121
-0.412918
-0.407211
-0.390488
-0.356873
-0.333969
-0.2948
-0.296524
-0.299927
-0.257614
-0.183563
-0.0986023
-0.0866699
-0.0700989
-0.0582886
-0.0332947
-0.0102997
-0.0197754
-0.0346832
-0.0405579
-0.0145264
-0.0246582
0.0423737
0.11113
0.0978699
0.0342255
0.0591736
0.198959
0.283997
0.217865
0.145782
0.18074
0.249039
0.246429
0.236084
0.243607
0.243851

[56]
0.231049
0.192154
0.175323
0.158203
0.164993
0.143967
0.123032
0.0804443
0.0420074
-0.00588989
-0.0305328
-0.052948
-0.14743
-0.18988
-0.210144
-0.209457
-0.24408
-0.292389
-0.260132
-0.241867
-0.209152
-0.150146
-0.176239
-0.246567
-0.278793
-0.238449
-0.154022
-0.0836029
-0.0830383
-0.102493
-0.121063
-0.113342
-0.0836182
-0.061615
-0.00505066
0.0124512
0.0202179
-0.0123444
-0.0200043
-0.0288391
0.00761414
0.0876923
0.169785
0.126801
0.105133
0.168045
0.234528
0.217636
0.173264
0.189011

[57]
0.203369
0.207901
0.213425
0.221252
0.219223
0.212158
0.189026
0.168457
0.131424
0.117004
0.104813
0.0786133
0.0280762
-0.00201416
-0.0486298
-0.0682526
-0.0676727
-0.0623932
-0.199509
-0.312653
-0.312805
-0.273285
-0.264664
-0.299042
-0.281784
-0.288483
-0.323883
-0.312744
-0.302673
-0.269836
-0.29187
-0.309875
-0.246506
-0.185928
-0.128922
-0.107971
-0.0897064
-0.0844421
-0.0521545
0.000305176
0.0136108
0.0218658
0.015686
-0.0228577
-0.0408173
-0.0171967
0.0773468
0.170334
0.204071
0.148071

[58]
0.138504
0.193848
0.270966
0.29213
0.30072
0.309937
0.274826
0.203415
0.184692
0.150711
0.188324
0.200256
0.234528
0.231598
0.205521
0.185883
0.127594
0.0932617
0.0308533
-0.0464172
-0.0758667
-0.0939941
-0.0724945
-0.115891
-0.201569
-0.272568
-0.25264
-0.244278
-0.271805
-0.313446
-0.318863
-0.314362
-0.31105
-0.297028
-0.297928
-0.27948
-0.266953
-0.239716
-0.210587
-0.22049
-0.203506
-0.184479
-0.125397
-0.0927582
-0.077713
-0.0415039
-0.0429688
-0.0448303
-0.0319672
0.0161133

[59]
0.0677643
0.0836487
0.0838013
0.105347
0.1604
0.171661
0.151611
0.215347
0.318497
0.34288
0.289551
0.211182
0.231461
0.224869
0.192291
0.211502
0.241013
0.242401
0.264832
0.233978
0.188614
0.190521
0.175873
0.209702
0.212326
0.194901
0.0862427
0.000640869
-0.0253448
-0.100021
-0.191727
-0.302826
-0.267029
-0.207993
-0.217789
-0.296387
-0.323883
-0.326706
-0.290985
-0.272446
-0.310211
-0.393265
-0.423706
-0.360916
-0.218094
-0.122131
-0.0814819
-0.0673065
-0.0883179
-0.0713654

[60]
-0.0161133
0.00267029
0.029892
0.0692139
0.0798798
0.0563049
0.051239
0.0413971
0.0391693
0.089035
0.136536
0.178268
0.187286
0.228287
0.308609
0.346329
0.316803
0.335297
0.27829
0.238007
0.189529
0.157104
0.182739
0.192688
0.189423
0.159378
0.152756
0.138931
0.117249
0.0723267
0.00767517
-0.0385437
-0.0548401
-0.0341644
-0.0183411
-0.0877991
-0.156372
-0.247833
-0.277695
-0.226395
-0.278946
-0.316833
-0.284988
-0.265778
-0.258316
-0.247513
-0.257416
-0.278946
-0.307571
-0.26622

[61]
-0.211014
-0.189804
-0.167969
-0.157959
-0.109772
-0.0610046
-0.0463257
-0.0357361
-0.00384521
-0.00369263
0.0116119
-0.00584412
-0.0146332
0.0264893
0.0595245
0.100052
0.214325
0.385635
0.398102
0.31308
0.266891
0.277496
0.269272
0.223419
0.212936
0.245911
0.297394
0.324432
0.297302
0.250839
0.230637
0.179169
0.13884
0.0808258
0.0490723
0.0088501
-0.0140686
-0.0617523
-0.047821
-0.0801697
-0.108459
-0.205261
-0.24614
-0.280807
-0.280807
-0.290802
-0.312851
-0.312347
-0.292694
-0.268265

[62]
-0.25322
-0.245377
-0.218292
-0.208069
-0.191925
-0.124863
-0.123703
-0.123749
-0.126816
-0.079483
-0.051239
-0.0185852
0.00875854
0.0251465
0.0424347
0.0532227
0.0445251
0.0210114
0.0228271
0.0948944
0.192062
0.22728
0.171188
0.136765
0.166061
0.192535
0.178406
0.198761
0.211792
0.178818
0.169876
0.150528
0.165405
0.199661
0.203812
0.186813
0.15741
0.135056
0.101547
0.0463104
0.0243225
-0.0241394
-0.0411224
-0.070343
-0.0464172
-0.0767212
-0.100983
-0.172684
-0.185455
-0.200195

[63]
-0.22905
-0.259857
-0.269775
-0.281815
-0.263718
-0.244812
-0.210983
-0.207184
-0.199356
-0.217514
-0.193466
-0.17395
-0.165237
-0.15741
-0.1064
-0.0801392
-0.0498962
-0.024765
-0.023056
-0.0289612
-0.0424194
-0.0291901
0.00575256
0.0128326
0.049469
0.136292
0.172424
0.119919
0.11644
0.179031
0.227325
0.214035
0.20459
0.219604
0.241394
0.21109
0.161072
0.116501
0.121094
0.135254
0.150894
0.141403
0.149673
0.136581
0.106598
0.0715942
0.0339966
0.0112305
-0.0266724
-0.0486603

[64]
-0.053421
-0.0968933
-0.150558
-0.167603
-0.161606
-0.147766
-0.206223
-0.229599
-0.230148
-0.227951
-0.237885
-0.245071
-0.249771
-0.245605
-0.223251
-0.228226
-0.233215
-0.216248
-0.196686
-0.167633
-0.145065
-0.121918
-0.0881653
-0.0549774
-0.0286865
-0.0262451
-0.0285645
-0.0025177
-0.00540161
-0.0227051
-0.0291901
0.0788727
0.200928
0.181107
0.104645
0.134583
0.243927
0.291458
0.266647
0.227097
0.20961
0.204269
0.172165
0.144043
0.144348
0.184006
0.207153
0.178421
0.149475
0.142792

[65]
0.101547
0.0379333
0.00611877
-0.0439606
-0.0753174
-0.0936127
-0.117691
-0.143463
-0.216278
-0.228455
-0.190765
-0.200653
-0.216934
-0.250031
-0.236252
-0.239853
-0.267807
-0.283432
-0.256409
-0.254227
-0.204269
-0.184677
-0.163437
-0.160812
-0.135757
-0.135635
-0.112869
-0.0962372
-0.094635
-0.0535583
-0.0385132
-0.00846863
-0.0304565
-0.0229797
-0.0125885
-0.0219879
-0.0263214
0.0584259
0.132584
0.121429
0.113327
0.15712
0.225922
0.273239
0.240799
0.229019
0.228622
0.193069
0.162354
0.161102

[66]
0.154831
0.17012
0.19838
0.189972
0.174133
0.153976
0.127335
0.110626
0.0952301
0.0523682
0.00543213
-0.0161743
-0.0363159
-0.0481873
-0.10762
-0.16777
-0.220917
-0.190491
-0.197678
-0.270554
-0.276459
-0.23642
-0.245819
-0.260117
-0.258484
-0.268753
-0.275162
-0.263412
-0.232468
-0.216919
-0.220688
-0.215942
-0.153763
-0.131668
-0.123566
-0.101257
-0.0730438
-0.034256
-0.0019989
-0.00143433
0.0150909
-0.0110016
-0.0262909
-0.00279236
0.0125275
-0.0625763
0.00123596
0.108353
0.182022
0.210541

[67]
0.214142
0.172043
0.10585
0.0720367
0.0403442
0.0458221
0.10994
0.138092
0.116501
0.126434
0.124466
0.114838
0.10434
0.0610046
0.0194397
-0.0320892
-0.0634918
-0.105896
-0.103973
-0.144226
-0.156616
-0.168961
-0.198929
-0.249176
-0.237732
-0.22908
-0.211945
-0.213821
-0.244644
-0.274551
-0.248123
-0.222366
-0.201294
-0.209045
-0.211929
-0.204941
-0.164291
-0.144577
-0.122406
-0.10347
-0.0824432
-0.031189
-0.0240631
-0.0374908
-0.0235748
-0.0260162
-0.00688171
0.0178375
0.160416
0.229462

[68]
0.112442
0.0523376
0.146622
0.248245
0.225235
0.204971
0.245483
0.254379
0.217438
0.182587
0.141068
0.136276
0.191483
0.210846
0.168945
0.140961
0.118668
0.112396
0.0286865
0.0272522
-0.0177765
-0.0400696
-0.0449982
-0.0636292
-0.0764923
-0.116806
-0.205704
-0.244568
-0.187469
-0.133179
-0.191147
-0.214493
-0.191223
-0.155243
-0.178955
-0.169418
-0.194351
-0.17865
-0.176285
-0.176575
-0.177582
-0.15506
-0.161072
-0.131836
-0.107819
-0.0662842
-0.0574646
-0.0346832
-0.00297546
0.0172424

[69]
-0.0298615
-0.0395966
-0.0422363
-0.103531
-0.065155
0.0359344
0.0717468
0.0909119
0.198868
0.213898
0.26062
0.198135
0.185806
0.157639
0.124008
0.091507
0.0698853
0.092926
0.124298
0.122253
0.130585
0.116028
0.0933838
0.0981903
0.0477295
0.026123
-0.0124817
-0.0447388
-0.0228882
-0.0727692
-0.105392
-0.173737
-0.211517
-0.129227
-0.147369
-0.205627
-0.248352
-0.240829
-0.230606
-0.265594
-0.297424
-0.29422
-0.274414
-0.21759
-0.199188
-0.198242
-0.195648
-0.193649
-0.139801
-0.0974121

[70]
-0.0367126
0.0108032
0.0201111
0.0305023
0.00312805
-0.0506744
-0.0948792
-0.0999451
-0.0629425
0.0252838
0.0574188
0.10965
0.20726
0.194199
0.131927
0.127518
0.212509
0.273285
0.283188
0.219818
0.194962
0.16925
0.171036
0.179657
0.178192
0.178314
0.141739
0.119232
0.0496674
-0.0038147
0.00842285
-0.0268555
-0.034668
-0.0252533
-0.0933533
-0.166
-0.244034
-0.206833
-0.197876
-0.271088
-0.320908
-0.315155
-0.277039
-0.266418
-0.246918
-0.22963
-0.216797
-0.225906
-0.2146
-0.187302

[71]
-0.147522
-0.111404
-0.088028
-0.0626678
-0.0397949
-0.0275879
-0.00979614
0.00222778
0.00894165
-0.0281219
-0.0888977
-0.0886383
-0.0880737
-0.111374
-0.0555267
0.0651245
0.0318909
-0.00434875
0.0748138
0.214615
0.273987
0.216675
0.204956
0.195526
0.190338
0.186859
0.167633
0.152542
0.14772
0.143005
0.159897
0.154861
0.169968
0.174057
0.137833
0.0894318
0.0388947
0.00984192
-0.0397034
-0.102066
-0.169785
-0.189957
-0.174789
-0.199432
-0.233047
-0.265747
-0.27063
-0.320312
-0.368271
-0.33757

[72]
-0.318726
-0.260498
-0.217239
-0.18573
-0.177826
-0.170837
-0.157928
-0.125854
-0.111374
-0.121414
-0.113403
-0.101822
-0.0828247
-0.049881
-0.0284729
-0.0111389
-0.0234528
-0.0420837
-0.00839233
0.00354004
-0.000671387
0.0292206
0.198898
0.291412
0.18573
0.246048
0.428162
0.53508
0.436996
0.28746
0.207428
0.169769
0.140518
0.147156
0.119934
0.139069
0.166809
0.18129
0.166092
0.161621
0.0953827
0.0419464
0.00564575
-0.0463562
-0.0983582
-0.174606
-0.241058
-0.281372
-0.256821
-0.249359

[73]
-0.250046
-0.255417
-0.272125
-0.279953
-0.272369
-0.296875
-0.29039
-0.277313
-0.26062
-0.267029
-0.24472
-0.220657
-0.200455
-0.191467
-0.153351
-0.118942
-0.0818939
-0.0712585
-0.0708618
-0.0710907
-0.0896149
-0.100906
-0.100204
-0.125931
-0.109985
0.0365601
0.149582
0.144196
0.0829468
0.0975342
0.207703
0.287445
0.29567
0.322449
0.389389
0.401108
0.369293
0.279755
0.239716
0.269562
0.257233
0.262848
0.25824
0.25798
0.235703
0.223984
0.174652
0.121155
0.0718994
0.0270691

[74]
-0.0550995
-0.154953
-0.188889
-0.187271
-0.250488
-0.29332
-0.313858
-0.333435
-0.307678
-0.345093
-0.379639
-0.39032
-0.39006
-0.373001
-0.319412
-0.278992
-0.248215
-0.217148
-0.195908
-0.175934
-0.117493
-0.0856171
-0.0745392
-0.0649261
-0.0593719
-0.0643768
-0.0490417
-0.0262299
0.00663757
0.0299072
0.092804
0.218353
0.232559
0.125778
0.125854
0.262421
0.370529
0.368774
0.338791
0.399628
0.429962
0.39502
0.341476
0.277985
0.242661
0.197601
0.167206
0.160645
0.160263
0.133011

[75]
0.112259
0.0965881
0.0803528
0.0406342
-0.0314026
-0.11525
-0.258026
-0.192871
-0.219635
-0.225098
-0.288452
-0.290695
-0.225647
-0.197098
-0.248306
-0.316406
-0.324677
-0.314117
-0.294189
-0.266556
-0.245178
-0.213425
-0.190903
-0.184509
-0.144196
-0.161789
-0.123016
-0.113846
-0.11879
-0.114761
-0.0912781
-0.0797882
-0.0250702
-0.0343628
-0.0243073
0.0297546
0.121567
0.157867
0.126846
0.156219
0.228607
0.247971
0.232407
0.222321
0.287933
0.356155
0.376434
0.390747
0.366882
0.367691

[76]
0.365768
0.342911
0.321671
0.295456
0.275986
0.252625
0.215622
0.159607
0.138199
0.0835724
-0.0164642
-0.0783691
-0.0490417
-0.117203
-0.183395
-0.26651
-0.292267
-0.27832
-0.277328
-0.266647
-0.28183
-0.299667
-0.274643
-0.239807
-0.202408
-0.207397
-0.184708
-0.180145
-0.160568
-0.140091
-0.120056
-0.122162
-0.102081
-0.116196
-0.108704
-0.109406
-0.0830383
-0.0935059
-0.0883484
0.00654602
0.152954
0.191635
0.170761
0.189484
0.202942
0.231873
0.272766
0.347382
0.423767
0.463638

[77]
0.467514
0.43988
0.433456
0.418442
0.379837
0.327988
0.293686
0.229324
0.18718
0.163925
0.183029
0.142273
0.0869598
0.0408936
-0.0612183
-0.117432
-0.197983
-0.267014
-0.30426
-0.339172
-0.332581
-0.308731
-0.253128
-0.233322
-0.237061
-0.244827
-0.273117
-0.263138
-0.234741
-0.188019
-0.16835
-0.131775
-0.113007
-0.130829
-0.0964966
-0.08255
-0.0692139
-0.0370941
-0.0203552
-0.0363159
-0.00704956
-0.0150604
0.00117493
0.019989
0.103897
0.237289
0.281784
0.246719
0.200546
0.204773

[78]
0.227982
0.231216
0.219772
0.190002
0.177872
0.201645
0.202957
0.191742
0.193161
0.180908
0.180786
0.135712
0.0991364
0.0533905
0.00949097
0.000167847
-0.00140381
-0.0206757
-0.0264587
-0.0562592
-0.0707703
-0.129196
-0.168243
-0.0791779
-0.0660553
-0.0967712
-0.167664
-0.18187
-0.19458
-0.237778
-0.216537
-0.180603
-0.132401
-0.0864563
-0.0509949
-0.059494
-0.0532532
-0.0664673
-0.0554657
-0.0673523
-0.0666046
-0.090271
-0.0826721
-0.0783844
-0.0720673
-0.0946808
-0.091156
-0.106918
-0.112976
-0.0174561

