[1]
-0.0637512
0.354416
0.583954
0.66394
0.334488
0.818344
0.284225
0.225098
-0.248611
-0.182938
0.683029
0.865875
0.670929
0.546021
0.378754
0.253464
0.248108
0.18158
0.0914612
-0.0145111
-0.115311
-0.307663
-0.584915
-0.927856
-1.30861
-1.4113
-1.60707
-1.83838
-1.82376
-0.800217
-1.17453
-0.145248
1.2025
-0.0885925
-0.987305
-0.154648
-0.833878
-0.392639
-0.203079
-0.123169
-0.191895
-0.0957947
-0.125046
-0.10257
0.0192719
-0.0641937
-0.103867
-0.100647
-0.0837402
-0.0772247

[2]
-0.028656
-0.0274658
-0.0932617
-0.0610657
-0.082077
-0.112305
-0.0702057
-0.04953
-0.0157318
0.0235443
0.0039978
0.00880432
0.0425568
0.0770416
0.0944824
0.101105
0.144821
0.664795
1.41447
0.694092
0.476929
0.302307
0.652054
-0.311951
-0.0367432
0.0901794
0.814011
0.857193
0.761826
0.625565
0.388046
0.278534
0.317673
0.287766
0.236343
0.0371857
-0.252914
-0.590408
-1.13974
-1.62248
-1.64987
-1.63747
-1.72046
-1.83012
-1.62854
-0.735657
1.51889
-0.490677
-0.411423
-0.51355

[3]
-0.440918
-0.535095
-0.174835
-0.0362701
-0.0762482
-0.0333557
-0.00990295
-0.07164
-0.0157928
0.02771
0.0316162
-0.0109253
-0.0733185
-0.0445862
0.0128632
-0.0304413
0.00743103
0.00521851
-0.0269775
-0.0344391
0.0274658
0.0359039
0.0573273
0.080658
0.0266876
0.036972
0.052063
0.0617828
0.0834198
0.376236
0.79158
1.12653
0.884705
0.672775
0.322403
0.689102
-0.405548
-0.134064
0.54837
0.888992
0.789978
0.635834
0.519608
0.397003
0.352646
0.417023
0.404892
0.308136
-0.0215759
-0.325531

[4]
-0.76355
-1.26562
-1.80713
-1.89577
-2.03181
-1.94051
-1.44745
-1.45007
1.0825
0.788315
-0.756226
-0.638489
-0.385269
-0.432205
-0.256516
0.0128174
-0.0734406
-0.0534058
-0.082962
-0.0624084
0.029007
0.0258026
-0.0250549
-0.0633392
-0.027832
-0.0067749
-0.0260773
-0.0336914
-0.0545654
-0.01474
-0.0369568
-0.0473328
-0.0296936
0.0386963
0.0517426
0.0984192
0.0786438
0.107513
0.0699005
0.118835
0.18457
0.52298
1.13002
1.10852
0.779083
0.287125
0.533813
0.263077
0.0284271
0.408066

[5]
0.959061
0.751572
0.539337
0.420471
0.353134
0.333511
0.240448
0.241364
0.219177
0.0202484
-0.174072
-0.51091
-1.06421
-1.65857
-2.05148
-2.11449
-1.81204
-1.58392
-1.67261
-0.805161
1.65106
-0.439011
-0.65451
-0.304031
-0.586975
-0.47403
-0.236679
-0.0206604
-0.0688782
-0.126297
-0.0468445
-0.0651855
0.0452881
0.0289917
0.0110016
-0.0476837
-0.0557098
-0.0469055
-0.0544586
-0.0244293
-0.0218353
-0.013504
-0.0215759
-0.000183105
0.022583
0.0239258
0.0412292
0.0788879
0.0865326
0.071167

[6]
0.0328522
0.0811157
0.105362
0.577301
1.30042
1.17355
0.923126
0.358887
0.298416
0.141602
0.00894165
0.576096
0.837799
0.751358
0.629425
0.482666
0.366928
0.233261
0.236816
0.179108
0.132874
-0.0521088
-0.277023
-0.62085
-1.03156
-1.56709
-1.73318
-1.57578
-1.72574
-1.84731
-1.63298
-0.649124
1.65138
-1.06256
-0.274429
-0.428467
-0.547668
-0.452637
-0.190735
-0.0231781
-0.061615
-0.0138092
-0.0262909
-0.0522766
-0.00202942
0.0309143
-0.00622559
-0.0529633
-0.0349426
0.00526428

[7]
0.00469971
-0.0159912
-0.0152893
-0.0113831
-0.0317993
-0.0236664
0.0149841
0.0829926
0.115143
0.0791016
0.0752411
0.0701141
0.0804291
0.150253
0.141068
0.567245
1.37985
0.800629
0.778336
0.35202
0.661926
-0.337463
-0.0762177
0.141922
0.844879
0.862213
0.77475
0.600082
0.395248
0.264908
0.295425
0.206787
0.109619
-0.036377
-0.0657959
-0.700577
-1.23671
-1.73436
-1.88193
-1.85056
-1.75734
-1.81075
-1.33949
1.20599
-0.0297241
-0.838211
-0.401581
-0.401627
-0.527481
-0.395386

[8]
0.0124664
-0.0723572
-0.0189667
-0.0220184
-0.0792389
-0.119278
-0.0118408
0.072403
-0.073761
-0.142181
-0.0542145
-0.0235901
-0.0445251
-0.0529327
-0.029953
-0.0565796
-0.0743866
-0.0398407
0.0354309
0.0980225
0.100113
0.0752411
0.0701294
0.14093
0.142685
0.191483
0.325165
1.20256
1.07494
0.817505
0.34967
0.511108
-0.167053
0.000152588
0.35643
0.900787
0.850113
0.637512
0.495575
0.303284
0.285004
0.389557
0.315857
0.247116
0.123535
-0.161407
-0.628998
-1.33873
-1.91292
-1.92941

[9]
-2.06725
-2.44989
-1.42715
0.137802
1.14906
-0.931656
-0.309616
-0.513275
-0.486557
-0.501862
-0.204544
-0.00952148
-0.0575562
0.00137329
-0.0692444
-0.107849
-0.0757904
0.0259552
-0.0144196
-0.123718
-0.127655
-0.0522003
-0.0627899
-0.0650024
-0.0342255
-0.0732422
-0.0723572
-0.0111389
0.0434418
0.129822
0.0447693
0.064682
0.0809937
0.108719
0.130585
0.0786591
0.577759
1.5817
0.832932
0.657669
0.270813
0.403351
0.019989
0.34996
0.98291
0.896561
0.707581
0.560654
0.398178
0.245651

[10]
0.247513
0.16452
0.0505066
-0.222366
-0.476227
-0.783554
-1.18378
-1.52943
-1.6178
-1.60597
-1.59949
-1.95776
-1.69312
0.417999
0.646149
-1.22884
-0.328262
-0.520996
-0.48439
-0.489532
-0.0340271
-0.0632935
0.0039978
-0.0348663
-0.105042
-0.00712585
-0.0170593
-0.0127563
-0.0891418
-0.0908813
-0.0900879
-0.0731354
-0.0553284
-0.0301361
-0.049057
-0.0536804
-0.0575867
-0.0212097
0.0438538
0.0986938
0.000854492
0.0634918
0.060318
0.105286
0.131958
0.0218658
0.423767
1.49289
1.20459
0.830505

[11]
0.338135
0.549332
-0.103439
-0.0312042
0.265366
0.840439
0.850403
0.710434
0.548615
0.381485
0.267929
0.262634
0.264389
0.125977
-0.247635
-0.425018
-0.64444
-1.27489
-1.71408
-1.74234
-1.81519
-1.51378
-1.63995
-1.6086
0.273483
1.07068
-1.05876
-0.688812
-0.26918
-0.451752
-0.419006
-0.0345154
-0.127319
-0.0666199
-0.0239716
-0.083374
-0.0943909
0.0475311
-0.0343475
-0.0431213
-0.0733643
-0.0552826
-0.0636444
-0.05336
-0.0379486
-0.0367889
-0.103088
-0.0784302
-0.0254059
0.0283966

[12]
0.0907288
0.0868225
0.0760498
0.0639343
0.0874023
0.0848236
0.198929
0.774994
1.59448
0.953278
0.391159
0.412613
0.608963
-0.0820923
-0.172211
0.644211
0.805527
0.774078
0.667862
0.543732
0.344727
0.179688
0.260162
0.159027
0.134583
-0.0984344
-0.387527
-0.811157
-1.19824
-1.65372
-1.97371
-1.2957
-2.0206
-2.16315
-1.02959
1.6172
-1.09521
-1.07257
-0.367447
-0.510422
-0.516342
-0.255768
-0.00967407
0.01091
0.104507
-0.175598
-0.0856171
0.0822754
0.0568542
-0.109756

[13]
-0.106125
-0.10051
-0.0710297
-0.0460205
-0.0380096
-0.0460358
-0.0211945
-0.0705261
-0.0131683
0.035965
0.0301056
0.0881195
0.11824
0.133087
0.142212
0.124954
0.30722
0.860962
1.33418
0.950134
0.678894
0.414444
-0.245178
-0.307816
0.771973
0.975952
0.749237
0.616058
0.502762
0.383148
0.357178
0.276703
0.230576
0.0506134
-0.126495
-0.367813
-0.957657
-1.28122
-1.50482
-1.58043
-1.78079
-2.08147
-1.70052
-1.49391
1.42738
0.108505
-0.930756
-0.610031
-0.441849
-0.442902

[14]
-0.416107
-0.027771
-0.0501862
-0.0953979
-0.0112305
-0.0957947
0.0388947
-0.000244141
0.0319214
-0.0858002
-0.0717316
-0.0698395
-0.0351715
-0.0201263
-0.0148926
-0.0564117
-0.0692596
-0.0583954
0.0346527
0.0365143
0.099884
0.108704
0.11145
0.142181
0.16626
0.238174
0.949341
1.32155
0.690277
0.542831
0.172714
0.0235138
-0.0684357
0.832428
0.881531
0.760345
0.629272
0.555038
0.386673
0.393402
0.267212
0.279938
0.0778656
-0.143127
-0.284714
-0.767303
-1.22847
-1.53168
-1.69803
-1.64447

[15]
-1.61362
-1.68346
-1.54732
-1.27544
1.64714
-0.942368
-0.661255
-0.549774
-0.497116
-0.369705
-0.122482
-0.0163879
-0.0458527
-0.0230713
-0.110794
0.0317383
0.00621033
0.00465393
-0.0922089
-0.0803986
-0.0585632
-0.0488434
-0.0368652
-0.010498
-0.0540009
-0.0711212
-0.0373993
0.0290375
0.0186615
0.0511017
0.071228
0.0705109
0.0973816
0.145874
0.098999
0.108749
0.355972
1.11456
1.29916
0.839203
0.546539
0.350922
0.0470276
-0.105301
0.327499
0.916992
0.76503
0.653336
0.544708
0.419647

[16]
0.35257
0.350983
0.29715
0.119644
-0.0285187
-0.254547
-0.606262
-0.994324
-1.33221
-1.68608
-1.64679
-1.51067
-1.7334
-1.73228
-1.2543
1.64516
-1.21249
-0.778259
-0.23671
-0.437042
-0.27272
-0.112198
-0.0697479
-0.00169373
-0.0022583
-0.0807953
0.0191345
0.0409698
0.0682068
-0.0118713
-0.0752411
-0.0910645
-0.076828
-0.0265503
0.0050354
-0.0192413
-0.0488739
-0.0451813
-0.0359802
0.008255
0.0666962
0.0647125
0.0390778
0.0779572
0.0630798
0.109528
0.101288
0.408997
1.10622
1.02353

[17]
0.867111
0.475021
0.224335
0.340347
0.0926514
0.441025
0.886612
0.710236
0.586151
0.512329
0.396042
0.281693
0.238754
0.226761
0.158951
-0.0991211
-0.336502
-0.583878
-1.0629
-1.51074
-1.6846
-1.47255
-1.74023
-1.81975
-1.65556
-0.464523
1.04321
-1.00172
-0.574905
-0.215881
-0.415924
-0.383789
-0.0743256
-0.100601
-0.0279083
-0.0246735
-0.0553436
-0.115326
-0.0222015
0.00471497
-0.0295715
-0.0867767
-0.0605774
-0.0459747
-0.036377
-0.0617065
-0.00567627
-0.0366974
-0.0681305
-0.0150146

[18]
0.0132141
0.0539856
0.108185
0.0363922
0.063385
0.0931702
0.058197
0.21048
0.631439
1.43172
1.0735
0.739273
0.152496
0.47522
-0.153229
0.217224
0.937531
0.801346
0.679291
0.577744
0.455261
0.369995
0.337677
0.326721
0.250534
0.0604095
-0.235245
-0.493698
-0.868469
-1.28008
-1.58385
-1.64012
-2.02838
-1.97308
-1.53561
-0.681931
0.712753
-1.32066
-0.589951
-0.336197
-0.286743
-0.177032
-0.0871277
-0.0672455
-0.0839539
-0.0496521
-0.103394
0.0333405
0.0412903
-0.0325012

[19]
-0.0744934
-0.0953979
-0.086853
-0.0755768
-0.0624542
-0.0492401
-0.049118
-0.0848389
-0.088562
0.00454712
0.0738678
0.0831299
0.0587311
0.10466
0.105057
0.134216
0.149887
0.403717
0.945221
1.34799
0.837646
0.642471
0.427475
0.449036
0.0463104
0.25029
1.13911
0.909348
0.587585
0.441467
0.327118
0.247177
0.18895
0.139893
0.0212708
-0.205231
-0.475266
-0.89679
-1.38615
-1.81371
-1.84309
-1.70053
-1.77544
-1.61043
-1.7226
1.06152
0.75322
-1.043
-0.477814
-0.559692

[20]
-0.449188
-0.359589
-0.15007
-0.110672
-0.0928345
0.0221252
-0.100098
-0.0170288
-0.0259857
0.00923157
-0.0523987
-0.0826721
-0.0772858
-0.0591431
-0.0359192
-0.0118561
-0.0544128
-0.0740356
-0.0454712
0.00828552
0.0997314
0.0771332
0.0579376
0.0596771
0.0715637
0.179977
0.132401
0.592911
1.3325
0.65567
0.725082
0.527084
0.498627
-0.136246
-0.224884
0.592651
0.971512
0.765686
0.554337
0.413147
0.321228
0.299042
0.288849
0.222076
0.135376
-0.0237579
-0.281723
-0.690338
-1.18697
-1.82431

[21]
-2.01141
-1.99611
-2.00465
-2.02203
-1.19814
1.59996
-1.16457
-0.602081
-0.641708
-0.451813
-0.426971
-0.259857
-0.104767
-0.0351257
-0.0301819
-0.0697327
-0.084198
0.0269928
-0.0043335
-0.0792389
-0.0974121
-0.0938721
-0.0997467
-0.113434
0.0289612
-0.0246735
-0.144638
-0.0753937
-0.00106812
0.103745
0.0568848
0.113358
0.130508
0.118668
0.247055
0.226517
0.590179
1.43524
0.668915
0.61261
0.37709
0.415421
0.129272
0.0686493
0.742599
0.827164
0.673996
0.649338
0.479874
0.377258

[22]
0.394653
0.350891
0.171539
0.071579
-0.0571747
-0.413742
-1.15494
-1.62135
-1.89227
-2.07082
-2.08382
-1.73184
-1.43686
-0.0352936
1.44427
-0.944778
-0.734756
-0.28685
-0.48262
-0.405457
-0.270157
-0.0581665
-0.124405
-0.125137
-0.04953
-0.0875702
-0.0310822
-0.0151978
-0.0279846
-0.0844116
-0.0742188
-0.113419
-0.0288391
-0.0727081
-0.0563049
-0.083374
-0.0738983
-0.0680542
0.0067749
0.0437469
0.0708466
0.0926666
0.0581207
0.154068
0.117737
0.212494
0.639893
1.36295
1.09114
0.586868

[23]
0.22084
-0.107346
-0.197464
0.651718
0.899948
0.71608
0.615952
0.547546
0.429367
0.322311
0.313828
0.290497
0.167145
-0.0792694
-0.319901
-0.623322
-1.10675
-1.54062
-1.75014
-1.77905
-1.8175
-1.80096
-1.6718
0.418167
0.587646
-0.913696
-0.63945
-0.374893
-0.471298
-0.425827
-0.0786743
-0.0913391
-0.0422974
-0.0282135
-0.0796967
-0.137024
-0.00901794
-0.0411835
-0.0570984
-0.0966339
-0.063797
-0.0798798
-0.0867157
-0.0364075
-0.032196
-0.0697327
-0.0666199
-0.0392609
0.0596313
0.099884

[24]
0.0335693
0.0799103
0.0634155
0.0996857
0.113129
0.376999
1.17815
1.21208
0.77771
0.39827
0.297501
-0.162537
-0.156601
0.59169
1.00549
0.779663
0.628677
0.505722
0.374725
0.381805
0.392471
0.244278
0.164658
-0.0623932
-0.290527
-0.84935
-1.45998
-1.94577
-1.94362
-1.84531
-1.64059
-1.46622
-1.38509
0.356216
0.730362
-1.01869
-0.724472
-0.270233
-0.423325
-0.402908
-0.0570526
-0.127975
-0.0530853
0.0112457
-0.151749
0.000473022
-0.0139771
-0.0245209
-0.121765
-0.0790253

[25]
-0.0623169
-0.0650177
-0.0775604
-0.0433655
-0.0745087
-0.0834198
-0.0552368
-0.0434265
0.0135651
0.0842438
0.0488434
0.0502319
0.0189972
0.0605927
0.0922394
0.229431
0.510071
1.32558
0.982666
0.615372
0.192856
0.378265
-0.138138
-0.053421
0.790176
0.873993
0.688904
0.584625
0.431534
0.343658
0.344666
0.315521
0.247437
0.0756531
-0.105194
-0.263779
-0.747833
-1.35147
-1.85457
-1.76999
-1.70601
-1.84969
-1.69312
-1.27475
-0.0822906
1.57945
-1.15118
-0.583679
-0.253296
-0.557678

[26]
-0.502563
-0.139648
-0.094574
-0.085434
-0.0769806
-0.181747
-0.0240326
0.0436249
-0.0183868
-0.0811615
-0.089447
-0.0830536
-0.0861816
-0.0595703
-0.0433044
-0.0669403
-0.0753326
-0.0719147
-0.0578766
-0.0381622
0.0496368
0.0383148
0.000320435
0.0572357
0.0432892
0.0387115
0.126877
0.261856
0.715057
1.34114
0.667953
0.43454
0.287125
0.52327
-0.144928
0.134872
0.804367
0.876129
0.680984
0.493561
0.346634
0.321426
0.28302
0.261414
0.183685
0.0527649
-0.128525
-0.411987
-0.895248
-1.43719

[27]
-1.92987
-1.95329
-1.44855
-1.84912
-1.8103
-1.07217
1.62296
-1.06807
-0.85675
-0.260818
-0.413879
-0.384384
-0.192535
-0.0675659
-0.0418243
0.009552
-0.120224
-0.0189056
-0.0359344
-0.0311584
-0.105286
-0.106293
-0.0809631
-0.101547
-0.0874481
-0.052948
-0.067276
-0.12204
-0.086441
-0.0709534
-0.0201569
0.0223389
0.0243225
0.0559845
0.0488281
0.0367584
0.0366516
0.0891266
0.0651398
0.386932
1.17136
1.00189
0.764343
0.206665
0.340088
-0.0745544
-0.0411835
0.388947
0.925735
0.802948

[28]
0.652008
0.495026
0.367569
0.314514
0.311569
0.261703
0.183548
0.00123596
-0.152969
-0.459152
-0.901901
-1.43756
-1.81212
-1.88673
-2.10231
-1.96129
-1.44434
-0.541473
1.22571
-0.207657
-0.624969
-0.463074
-0.483109
-0.551819
-0.340744
-0.0581055
-0.0855713
-0.0787964
-0.062851
-0.0801239
-0.0984039
-0.0644531
-0.0127563
-0.0383606
-0.139221
-0.100296
-0.0908356
-0.0665436
-0.0753021
-0.0686646
-0.057663
-0.0787659
-0.0734253
-0.0226135
0.0297089
0.0105591
0.100632
-0.0101166
0.0308228
0.0530243

[29]
0.0673065
0.248581
0.609375
1.2639
0.814148
0.661407
0.175034
0.343826
0.0128174
0.111572
0.920227
0.893524
0.666046
0.524506
0.350922
0.290939
0.296555
0.271469
0.213409
0.0384827
-0.113358
-0.330933
-0.79216
-1.35603
-1.68666
-1.7103
-1.74623
-1.74681
-1.94568
-1.61313
0.840942
0.0270844
-0.876236
-0.663193
-0.363571
-0.43718
-0.364685
0.0169678
-0.0563812
0.0136108
-0.149582
-0.0915985
-0.0640411
-0.00793457
-0.0808258
-0.110703
-0.0892639
-0.115112
-0.100311
-0.046463

[30]
-0.0523987
-0.0963745
-0.114502
-0.0764618
-0.0594482
0.00543213
-0.00242615
0.0175323
0.0274506
0.00897217
0.0249176
0.0470581
-0.0118866
0.167343
0.427841
1.07812
0.748001
0.652328
0.32695
0.208511
0.318481
-0.0255737
0.183075
0.855194
0.745758
0.579391
0.489441
0.365784
0.275497
0.297089
0.258423
0.206757
0.0652008
-0.11647
-0.372971
-0.796402
-1.22429
-1.53571
-1.72244
-1.72119
-1.5963
-1.71803
-1.53276
0.677979
-0.213989
-1.14793
-0.445465
-0.282883
-0.360397
-0.302277

[31]
-0.0905457
-0.137711
-0.0678711
0.00413513
-0.0737457
-0.0853424
-0.0495148
-0.0590057
-0.0620117
-0.145493
-0.108887
-0.140396
-0.0961456
-0.0966797
-0.0863495
-0.113937
-0.100296
-0.0712433
-0.0366974
0.0067749
0.0233154
-0.0257416
0.0451813
-0.059021
-0.026947
0.00164795
0.239426
0.324066
1.01744
1.01416
0.735382
0.100067
0.0151978
0.000930786
-0.0415955
0.790543
0.80188
0.61467
0.484146
0.419006
0.357864
0.26181
0.241226
0.220139
0.158478
0.019989
-0.0906219
-0.433838
-0.805161
-1.20479

[32]
-1.58047
-1.83752
-1.88417
-1.8035
-1.69846
-1.28595
1.16849
0.0837708
-0.718582
-0.723282
-0.34642
-0.46788
-0.417496
-0.0598602
-0.0931854
-0.101303
-0.0727234
-0.128052
-0.103043
-0.0757446
-0.0522308
-0.0920105
-0.15332
-0.11908
-0.107651
-0.0807953
-0.0898743
-0.10553
-0.0905457
-0.0724487
-0.0320282
-0.0368958
-0.0235596
-0.0145874
-0.0130463
0.0703583
-0.107529
0.00531006
0.022049
0.177322
0.579269
0.888138
0.54538
0.543564
-0.0563202
-0.0528259
0.0916901
0.672852
0.641434
0.669693

