[1]
0.0784454
0.00106812
0.00952148
-0.0348206
0.160492
0.0749054
0.167206
0.178024
0.231445
0.548599
0.325394
0.446243
0.329834
0.211349
0.14473
0.0892944
-0.00361633
-0.0244141
-0.00772095
-0.061203
-0.169632
-0.283875
-0.362518
-0.404541
-0.42746
-0.482452
-0.537949
-0.586426
-0.622925
-0.622131
-0.627991
-0.623276
-0.59346
-0.635605
-0.648376
-0.33934
0.552856
0.284088
-0.465042
-0.151443
0.110458
0.114716
-0.180237
-0.455399
-0.206726
0.0260315
0.0110016
0.0581207
0.108032
0.113647

[2]
0.0439148
0.0141296
0.039093
0.0347443
0.0525818
0.0375366
0.104919
0.101974
0.083252
0.055603
0.0240479
-0.0267792
0.0611267
0.102203
0.0760956
0.112671
0.059967
0.0950165
0.111801
0.180908
0.167175
0.272766
0.170456
0.673523
1.13904
0.408142
1.1145
0.620163
0.817642
-0.103531
-0.291489
0.328522
0.674881
0.610794
0.469299
0.368988
0.264725
0.218414
0.211136
0.179657
0.105698
-0.125656
-0.390991
-0.627716
-1.08507
-1.40349
-1.54532
-2.28448
-2.07892
-1.21053

[3]
-0.43869
0.534637
-0.310867
-0.622086
-0.40712
-0.335663
-0.487457
-0.245377
0.000610352
0.00761414
0.00340271
0.0280762
0.201889
0.235443
0.00202942
-0.0430756
-0.0766449
-0.0344696
-0.00337219
-0.0125885
0.0536804
0.0848846
0.00204468
-0.0354309
-0.031662
0.0340118
0.0329437
0.0654297
0.0799255
0.0563812
0.116257
0.161362
0.185226
0.259888
1.11067
1.10326
0.367233
1.0649
0.638123
1.07401
-0.0358429
-0.389374
0.0387573
0.568832
0.768478
0.675262
0.601013
0.339005
0.155014
0.111877

[4]
0.230972
0.129822
-0.155853
-0.633179
-0.900864
-1.11696
-1.22568
-1.22647
-1.93364
-2.59201
-1.55124
-0.68692
1.10724
0.00737
-0.423477
-0.643951
-0.214493
-0.290665
-0.388962
-0.287613
-0.0303192
0.0197296
-0.0130157
-0.0447693
-0.0309601
0.0111542
-0.0116425
-0.0662842
-0.0107269
0.0229492
-0.0455017
-0.036438
0.0664368
0.0796967
0.0132751
-0.0144501
-0.0648346
-0.0206604
0.0467834
0.0706329
0.0676422
0.0516205
0.146805
0.177429
0.200806
0.499008
1.64146
0.674789
0.718094
0.808151

[5]
0.789444
-0.0757904
-0.209702
0.532608
0.771378
0.653336
0.454208
0.294281
0.178619
0.17572
0.186523
0.136185
-0.00117493
-0.310272
-0.524017
-0.948563
-1.30759
-1.52444
-1.66205
-2.4196
-1.78987
-1.4868
0.862793
0.187469
-0.872406
-0.463593
-0.205933
-0.27449
-0.537613
-0.259827
-0.076004
-0.0684357
-0.0108032
0.071991
0.051651
0.0251465
-0.00444031
-0.111252
-0.112701
-0.111313
-0.0799866
0.02211
-0.0131989
-0.0329132
0.0253296
0.0380859
0.0096283
0.01828
0.0282593
0.0155487

[6]
-0.0235138
0.0749664
0.143799
0.260147
0.198349
1.15138
1.28998
0.526031
0.881577
0.547318
0.511734
-0.29689
0.31485
0.61084
0.720581
0.571335
0.502625
0.322281
0.238174
0.21286
0.178253
0.08255
0.0200043
-0.263077
-0.655014
-0.767929
-1.06685
-1.51407
-1.73604
-2.21716
-2.04196
-1.38277
-0.050705
0.484161
-0.320969
-0.693909
-0.250046
-0.189682
-0.393051
-0.374252
-0.0434723
-0.0734406
-0.0623627
-0.0669098
0.0306854
0.0827026
-0.0184631
-0.127869
-0.0743866
-0.0298462

[7]
-0.0576324
-0.0471191
0.0518036
0.0531311
0.0032196
0.0695953
0.0672302
0.00408936
0.0140991
-0.0104523
0.0417938
0.0308533
0.077652
0.191299
0.294495
0.415619
1.04082
1.1649
0.681046
0.585159
0.686539
0.717926
-0.1138
0.0451965
0.388809
0.570374
0.519943
0.478836
0.350983
0.202316
0.161057
0.0925751
0.0821991
0.037674
-0.31572
-0.566437
-0.897522
-1.31931
-1.69873
-1.70996
-2.46429
-2.04955
-0.684402
-0.312378
0.751633
-0.275833
-0.530853
-0.190475
-0.0801086
-0.424606

[8]
-0.444031
-0.00596619
-0.0454865
-0.105286
-0.0603943
0.0271149
-0.078476
-0.0827484
-0.0778351
-0.106766
-0.102402
-0.0656128
-0.0123138
0.0532074
-0.0329285
-0.0571442
-0.00550842
0.0567474
0.0576782
0.013092
-0.0281372
0.0806274
0.0171204
0.0688019
0.119232
0.087326
0.408539
1.31436
1.07637
0.449295
0.484589
0.847443
0.305878
-0.414337
0.295334
0.585693
0.653214
0.585098
0.476746
0.331055
0.137466
0.0740051
0.113541
0.113388
-0.0426331
-0.254593
-0.718811
-1.03889
-1.705
-1.758

[9]
-1.70761
-2.15504
-1.72873
-1.09196
0.0845184
0.631027
-0.384155
-0.559921
-0.0622406
0.126328
-0.574554
-0.667007
-0.274612
-0.212311
-0.0269775
-0.0591736
-0.0709381
-0.032547
-0.0131531
-0.0602112
-0.0607452
0.0380554
0.0438995
-0.032135
-0.0672302
-0.0283356
-0.0457306
-0.0897827
-0.0671082
-0.0185242
0.0139618
0.088562
0.0406342
0.0462189
0.0530548
0.112717
0.194794
0.161591
0.389313
1.31075
0.780502
0.674103
0.628174
0.619751
-0.207458
-0.174408
0.49498
0.73407
0.615997
0.499527

[10]
0.353699
0.247894
0.192902
0.105713
0.0816193
-0.00637817
-0.177078
-0.3927
-0.888504
-1.24475
-1.53215
-1.37685
-1.93156
-2.40865
-1.06903
-0.902054
0.724411
-0.015152
-0.839127
-0.293304
-0.263199
-0.279694
-0.395081
-0.034729
0.00569153
-0.0384979
-0.0732117
0.0561523
0.128159
0.0227203
-0.0110016
-0.0248413
-0.0334015
-0.050827
-0.0253754
0.00473022
0.0378876
-0.0381775
-0.0847931
-0.0644989
0.00656128
0.0457764
0.0662231
0.0437012
0.0139465
0.04599
0.00364685
0.0959625
0.198242
0.193665

[11]
0.32428
1.18512
0.825043
0.594284
0.748352
0.745041
-0.183853
-0.351379
0.405548
0.629028
0.658279
0.576065
0.473297
0.283997
0.173813
0.181763
0.221191
0.121552
-0.0305786
-0.342758
-0.471069
-1.12386
-1.34523
-1.34848
-1.48477
-2.02075
-1.8779
-1.29187
-0.0589905
0.649963
-0.391037
-0.677551
-0.0593414
-0.146652
-0.633911
-0.442047
-0.096756
-0.0236664
-0.0860596
-0.0337982
0.00187683
0.0684814
-0.0304108
-0.0720367
-0.0536499
-0.0458374
-0.0170135
-0.00752258
-0.000946045
0.00939941

[12]
-0.0523987
-0.0189209
0.0103912
0.00154114
0.057251
0.119736
0.0190125
0.0336456
0.0835266
0.15033
0.277939
0.366852
1.09236
0.89827
0.942505
0.878952
0.751953
-0.257217
-0.302902
0.386703
0.738586
0.633163
0.508575
0.314346
0.169464
0.235306
0.336502
0.266388
-0.244354
-0.440063
-0.570587
-1.00467
-1.33374
-1.20264
-1.25174
-1.90938
-2.61446
-1.44177
-0.546249
1.01154
-0.339111
-0.71199
-0.310974
-0.235672
-0.40715
-0.505493
-0.167496
-0.0393982
-0.0477142
-0.0764465

[13]
-0.0230255
0.0863647
0.0250092
0.0358276
-0.055069
-0.0967255
-0.102585
0.00921631
-0.0249786
-0.0578156
-0.0370483
-0.0422516
-0.0495911
-0.0137939
-0.0245514
0.0272675
0.0427704
0.0206757
0.0597687
0.0900269
0.156967
0.122604
0.0931244
0.639114
1.21376
0.638107
0.91832
0.613312
0.832657
0.0321655
-0.346695
0.165787
0.677887
0.740906
0.63942
0.438736
0.270569
0.184128
0.188416
0.100082
-0.0272217
-0.274872
-0.499741
-0.745667
-1.04128
-1.55478
-1.67175
-2.43242
-1.75891
-1.51131

[14]
-0.167236
0.580643
-1.05002
-0.555603
0.015686
-0.280121
-0.536545
-0.211609
-0.0440674
-0.187088
-0.219894
-0.12146
0.102875
0.0775604
-0.0367737
-0.0531921
-0.0265961
-0.0316772
-0.0661469
-0.0353241
0.0195923
-0.0335541
-0.0910187
-0.0489502
0.00102234
0.0345306
0.11348
0.0286102
0.0255585
0.104706
0.104477
0.23436
0.289658
1.13029
1.51076
0.371124
0.241302
1.15071
0.755798
-0.0901337
-0.266693
0.184174
0.588058
0.783234
0.686401
0.540237
0.306885
0.122818
0.160629
0.149139

[15]
0.0247345
-0.217041
-0.42514
-0.873566
-1.46866
-1.81874
-1.63939
-1.86829
-2.12349
-1.48671
0.61377
0.180786
-0.932007
-0.124283
-0.0802765
-0.301315
-0.687073
-0.349472
-0.0957489
-0.0772858
-0.116547
-0.0636139
-0.0832672
-0.0369415
-0.100998
-0.197876
-0.107986
0.0343323
-0.0117035
-0.0032196
0.00727844
-0.00509644
-0.0451202
-0.052063
-0.0349579
0.004776
0.126953
0.0730743
0.0748138
0.0307465
0.0597839
0.18187
0.174759
0.317474
1.3159
0.94516
0.442688
0.697678
0.766678
0.136734

[16]
-0.412613
0.119171
0.568192
0.718735
0.576324
0.489212
0.300232
0.165817
0.144516
0.138535
0.0814514
-0.174667
-0.753555
-0.647903
-1.00995
-1.23962
-1.38199
-1.92249
-1.99365
-1.5775
-1.80817
0.933182
-0.0607605
-0.911133
-0.282684
-0.231888
-0.462418
-0.63298
-0.156265
-0.0982819
-0.136658
-0.164444
-0.0556793
0.0420837
0.0957336
0.0178528
-0.0341187
-0.114182
-0.0602417
-0.0197296
-0.0222473
-0.017746
-0.0540009
-0.025589
-0.0472107
-0.0307922
0.0637054
-0.0177155
-0.000579834
-0.038269

[17]
-0.0233612
0.053299
0.135025
0.258316
0.333145
1.1353
0.879898
0.570389
0.737183
0.71138
0.182632
-0.468353
0.299881
0.565842
0.683655
0.582138
0.480621
0.306793
0.178421
0.172394
0.160141
0.0423584
-0.189819
-0.294952
-0.624832
-0.994431
-1.42497
-1.63066
-1.49394
-1.92854
-1.90465
-0.655441
-0.421936
0.844376
-0.0625
-0.887955
-0.461746
-0.190735
-0.55838
-0.429504
-0.126266
-0.127487
-0.0597839
-0.0995178
-0.0352325
-0.0309906
-0.0435028
-0.0621796
-0.0882416
-0.0113373

[18]
-0.0361786
-0.00938416
0.0417786
0.0263824
-0.0388489
-0.0277863
-0.0243073
-0.0193939
0.00791931
0.0537872
0.0541382
0.065506
0.0795593
0.174789
0.174011
0.172226
1.53474
1.25455
0.490341
0.665161
0.954498
0.150742
-0.24382
0.1651
0.372955
0.583496
0.574142
0.534607
0.347916
0.16124
0.0856934
0.0715179
0.0136261
0.0807648
-0.481979
-0.847504
-1.24207
-1.60481
-1.47301
-1.82419
-2.26729
-1.95496
0.427841
0.786682
-1.0909
-0.245193
-0.317764
-0.20369
-0.244492
-0.47348

[19]
-0.0988464
-0.126953
-0.0401611
-0.031723
-0.00624084
-0.00549316
-0.0319061
-0.000289917
-0.0322571
-0.0861206
-0.0386963
0.0103302
0.0390778
-0.0160217
-0.0545044
-0.011673
-0.00088501
-0.063324
0.0424194
0.0721436
0.0740662
0.0357666
0.0816803
0.108276
0.229111
0.129364
1.28444
1.39838
0.657928
0.765488
1.02237
0.317154
-0.140823
-0.206116
0.304962
0.665329
0.768921
0.653992
0.417938
0.242493
0.167725
0.159836
0.173325
0.0431824
-0.517593
-0.67189
-1.0137
-1.60724
-2.05319
-1.73277

[20]
-1.95125
-2.06509
-0.93222
1.50058
-0.934616
-0.19632
-0.150085
-0.248978
-0.465271
-0.3013
0.00944519
-0.062561
-0.0401611
-0.0459595
0.0398102
0.0929871
0.0623322
-0.0253601
-0.0597076
-0.0404816
0.023056
0.0180817
0.0279694
-0.0197754
0.0730133
0.0163269
0.0608215
0.0460052
0.0730438
0.0499878
0.0611115
0.0341339
0.150894
0.209747
0.104553
0.480728
1.10948
0.546906
1.76797
0.806519
0.906601
-0.26503
-0.637039
0.218231
0.918488
0.795593
0.626144
0.445786
0.331436
0.259445

[21]
0.251709
0.223236
0.127167
-0.102646
-0.511017
-0.672974
-0.936752
-1.50488
-1.78784
-1.94443
-2.30527
-1.21581
-0.812454
0.91362
-0.323761
-0.518585
-0.123566
-0.190567
-0.242371
-0.520325
-0.0578308
-0.162033
-0.0632324
-0.0181427
0.0840302
0.0373077
0.00230408
-0.0475616
-0.0317383
-0.049881
0.0231934
0.0122528
0.00952148
-0.000198364
-0.00267029
-0.0332794
-0.00196838
0.0465546
0.0477905
0.106979
0.0874786
0.0321198
0.103775
0.165054
0.235855
0.0562592
0.688248
1.34225
0.455597
1.19186

[22]
0.63327
1.15097
-0.127884
-0.416443
-0.0129547
0.582611
0.775146
0.660553
0.549667
0.257996
0.108505
0.111038
0.0336761
-0.00422668
-0.163345
-0.474319
-0.868912
-1.32349
-1.58943
-1.33632
-2.44388
-2.06195
-0.996719
0.406387
0.281372
-0.617432
-0.339508
-0.168823
-0.157547
-0.361267
-0.450897
-0.0894165
-0.152847
-0.104935
-0.029953
0.0017395
0.0138245
-0.0549011
-0.0211182
-0.0458832
-0.0702362
-0.0458984
0.0201111
0.0511627
0.0347443
0.000274658
-0.022995
0.0452728
0.0531616
0.0135956

[23]
0.0272217
0.0867004
0.0531921
0.0716095
0.068634
0.196259
0.095108
0.421967
1.24243
0.642914
1.32564
0.73082
0.95491
-0.135513
-0.530502
0.0337524
0.730453
0.798325
0.676636
0.441833
0.257812
0.184998
0.195145
0.127731
0.00559998
-0.371689
-0.533798
-0.689331
-0.998901
-1.52818
-1.59036
-2.37662
-2.08138
-1.31909
0.602081
0.0759583
-0.638535
-0.311844
-0.331573
-0.222687
-0.642349
-0.301666
0.0198517
-0.0382385
-0.0867462
-0.0641632
-0.0224609
0.0309143
-0.0378418
-0.128204

[24]
-0.112442
0.00395203
-0.0032196
-0.0398712
-0.0723877
-0.0385437
0.033783
-0.0436554
-0.0449524
0.0213318
0.0865479
0.054245
0.0866852
0.0942993
0.12204
0.0794373
0.144821
0.893478
1.13058
0.518417
1.00485
0.519989
0.646042
-0.212006
-0.0141907
0.409027
0.669525
0.607498
0.496613
0.330429
0.185272
0.149536
0.158676
0.0982513
-0.000991821
-0.280441
-0.635071
-0.951233
-1.62558
-1.94682
-1.62241
-1.96156
-1.68472
-1.60147
0.795837
0.282806
-1.09296
-0.197235
-0.135559
-0.201996

[25]
-0.512161
-0.321136
-0.151245
-0.215317
-0.156433
-0.0920563
-0.00817871
-0.0769348
-0.15593
-0.119919
-0.0527649
-0.0366974
-0.0616455
-0.0669708
-0.0645447
-0.0719757
-0.0758057
-0.0428162
-0.0219727
-0.0292816
0.0259705
0.0223083
0.00930786
0.0192871
0.0746613
0.150513
0.0440369
0.310349
1.56471
0.644226
0.763733
0.628799
0.992081
-0.0104675
-0.270004
-0.0997772
0.40097
0.724808
0.680847
0.597046
0.338318
0.117111
0.0756836
0.115967
0.0300293
-0.236603
-0.493011
-0.776917
-1.43625
-1.73666

[26]
-1.51788
-2.1779
-2.30151
-1.23378
0.167236
0.600677
-0.803528
-0.40448
-0.150436
-0.287598
-0.615723
-0.351654
-0.114868
-0.117218
-0.0828857
-0.0270233
0.109238
0.0704193
-0.00466919
-0.0821686
-0.0771484
-0.0545807
-0.0168152
-0.0436096
-0.0283813
-0.0245667
-0.0160065
-0.0270081
-0.0297546
0.0270844
0.0215607
0.0451355
0.0582428
0.056015
0.0583649
0.126953
0.129868
0.275177
1.13387
1.16779
0.443039
0.549393
1.02711
0.778992
-0.187485
-0.296753
0.228439
0.64827
0.712524
0.637741

[27]
0.407928
0.169937
0.0275116
0.127365
0.135498
-0.0276947
-0.211105
-0.282379
-0.854523
-1.47122
-1.84331
-1.24846
-1.71912
-1.78664
-0.942169
-0.674423
0.661728
0.354324
-0.852066
-0.167206
-0.120789
-0.308655
-0.372925
0.00495911
-0.205612
-0.151855
-0.0801086
0.0214996
0.0244293
-0.00497437
-0.13887
-0.0925293
-0.0699158
-0.0269775
0.0211792
0.0432739
-0.00183105
0.00392151
-0.02034
-0.0119324
-0.004776
0.016922
0.0479279
0.0189819
0.0491943
0.0362549
0.0688629
0.111969
0.0950317
0.304947

[28]
1.11005
1.0883
0.602798
0.780548
0.727524
0.827469
-0.0628662
-0.195755
0.241608
0.641434
0.701355
0.637741
0.448288
0.227295
0.161224
0.166779
0.0913086
0.0313263
-0.149979
-0.562485
-1.1609
-1.62907
-1.56085
-1.20624
-1.84566
-1.85414
-0.891006
-0.594025
1.0435
-0.330002
-0.536758
0.0258789
0.0134277
-0.438202
-0.368607
-0.241058
-0.281448
-0.132385
-0.0432739
0.103638
-0.0022583
-0.0227966
0.0169678
-0.0253754
-0.0599365
-0.0411072
-0.0265656
-0.0130615
-0.0368347
-0.0140991

[29]
0.00624084
0.01651
0.0464935
0.0496674
0.0375061
0.0234985
0.0128021
0.06987
0.141068
0.13765
0.501404
1.54822
0.515579
0.736252
0.779327
0.632538
0.377396
-0.399048
0.0883942
0.528931
0.743408
0.564056
0.456985
0.304276
0.169662
0.125412
0.0872345
0.0214233
-0.146957
-0.312653
-0.63591
-1.2086
-1.75206
-1.85976
-2.3085
-1.97511
-1.27794
0.68808
0.392258
-1.00896
-0.322586
-0.364166
-0.295609
-0.432358
-0.210983
-0.0408936
-0.0389099
-0.0401306
-0.00854492
0.103058

[30]
0.0871582
-0.0481567
-0.108826
-0.0222168
0.0332794
-0.00309753
-0.0235291
-0.00245667
-0.0096283
-0.0348053
-0.108231
-0.0763245
0.00593567
0.056778
0.0128174
0.0735321
0.0267639
0.098526
0.195663
0.21875
0.116379
0.695404
0.921219
0.391235
1.1478
0.539856
0.797394
0.0539551
-0.420242
-0.0248718
0.54686
0.716583
0.579437
0.465973
0.255096
0.100098
0.0620728
0.022583
-0.067337
-0.246658
-0.384689
-0.788849
-1.51259
-1.80855
-1.75609
-1.93259
-1.67795
-1.28018
0.810791
0.140503

[31]
-0.905945
-0.0474854
-0.284454
-0.448853
-0.457504
0.0178375
-0.167328
-0.102966
-0.0826263
0.0332031
0.035614
-0.0842896
-0.116913
-0.0627441
-0.013504
-0.0671844
-0.0236511
-0.0371857
-0.0526428
-0.0552979
-0.00749207
-0.00976562
0.00820923
0.0339355
0.0758972
0.032196
-0.0371246
0.0968781
0.103149
0.218857
0.0851898
0.37912
1.37744
0.602692
0.812424
0.56665
0.513016
0.220184
-0.208405
0.201599
0.664886
0.685806
0.578552
0.371658
0.215897
0.202011
0.214401
0.0608826
-0.104218
-0.422592

