[1]
-0.0486145
-0.0631561
-0.133453
-0.256302
-0.416702
-0.403427
-0.157059
-0.124313
0.0629272
0.257538
0.236389
0.238953
0.22374
0.0934601
0.0208588
-0.0345917
-0.0740356
-0.118088
-0.149261
-0.158325
-0.167313
-0.195892
-0.234741
-0.215103
-0.170319
-0.173508
-0.132965
-0.112549
-0.0750122
-0.0278625
0.00123596
-0.00257874
0.0213623
0.0114288
-0.0265198
0.170441
-0.0556946
-0.183319
-0.330673
-0.338394
-0.0864105
0.041153
-0.0319977
-0.0973206
-0.120819
-0.0410309
-0.0476685
-0.0378265
0.00457764
0.0189514

[2]
0.0147247
0.0283661
0.0180054
0.0221863
0.0114441
0.0193787
0.00410461
0.0032959
0.00793457
-0.0136414
0.00344849
-0.0292816
-0.035614
-0.0520325
-0.0468292
-0.103226
-0.162827
-0.232361
-0.278671
-0.406097
-0.488037
-0.629913
-0.844254
-1.1035
-0.760147
-0.884018
-0.629608
-0.53688
0.103683
0.353287
0.269012
0.358292
0.519562
0.595917
0.59964
0.570633
0.531265
0.493683
0.455017
0.276016
0.0212708
-0.315033
-0.820511
-1.0564
-1.09723
-1.13736
-0.957535
-0.519455
-0.0358429
-0.161301

[3]
-0.0950775
-0.400986
-0.330017
-0.769852
-0.284454
-0.173981
-0.0201111
-0.0993652
-0.0307007
-0.0119934
-0.0470581
0.00164795
0.0640869
0.0662537
0.0295868
0.00799561
-0.00222778
-0.00918579
-0.0072937
0.026001
0.0353241
0.0232697
-0.0335388
-0.0323486
-0.0574341
-0.0713806
-0.0874939
-0.187988
-0.179672
-0.196472
-0.241638
-0.372452
-0.554001
-0.90123
-1.09314
-1.02011
-1.05632
-0.715225
-0.610153
0.136017
0.273865
0.267517
0.328934
0.570343
0.634567
0.640533
0.640717
0.50882
0.464569
0.403915

[4]
0.257599
0.0179749
-0.31868
-0.783188
-1.05252
-1.08948
-1.12167
-0.903793
-0.644531
-0.473785
-0.279373
-0.010498
-0.189682
-0.220978
-0.526932
-0.706787
-0.248596
-0.0410614
-0.260376
0.0341339
-0.0769958
-0.00396729
-0.0332794
-0.0374146
-0.0285187
0.0278625
0.0281525
-0.00369263
0.0248108
0.0101166
0.000366211
0.0288544
0.0284119
0.0176239
0.0121307
-0.0128326
-0.06633
-0.0851288
-0.105606
-0.153381
-0.192505
-0.295074
-0.345764
-0.498688
-0.804153
-1.0791
-0.99115
-0.952103
-0.712936
-0.781219

[5]
-0.0983734
0.369827
0.270645
0.322601
0.541931
0.64064
0.641647
0.610046
0.5513
0.500854
0.432648
0.249344
-0.0275421
-0.406189
-0.748489
-1.0742
-1.11748
-1.15923
-0.852554
-0.555649
-0.415833
-0.201172
-0.363098
-0.390839
-0.63147
-0.55365
-0.0808105
-0.160049
-0.0136566
-0.124741
-0.0422516
-0.0608368
-0.0167847
0.00538635
0.0347595
0.0506744
0.050705
-0.00354004
-0.0162506
-0.0220337
0.00474548
0.00448608
-0.00675964
-0.0198669
-0.0504303
-0.0275879
-0.0189972
-0.101395
-0.150223
-0.264877

[6]
-0.252151
-0.249268
-0.388153
-0.599319
-1.01038
-1.08478
-0.990417
-0.877808
-0.687164
-0.459106
0.57283
0.00874329
0.107086
0.546585
0.587234
0.620056
0.590866
0.555359
0.516037
0.472336
0.434738
0.259735
0.0130157
-0.361832
-0.758179
-1.06097
-1.10301
-1.14569
-0.974869
-0.592758
-0.172028
-0.261734
-0.216553
-0.238022
-0.455414
-0.658096
-0.350204
-0.0154724
-0.217957
-0.00595093
-0.0559692
-0.0298309
-0.0642242
-0.0270996
-0.00718689
0.032608
0.0284576
-0.0230865
-0.00915527
-0.00575256

[7]
0.0263519
0.0270844
0.0124359
0.00146484
-0.00306702
-0.0019989
-0.00268555
-0.0657196
-0.0995178
-0.113235
-0.215134
-0.242783
-0.250946
-0.41452
-0.573624
-0.832504
-1.06416
-0.972809
-0.99086
-0.619644
-0.617798
0.390717
-0.0516205
0.140488
0.52095
0.609329
0.669998
0.672607
0.656677
0.590027
0.551254
0.4711
0.360275
0.0857239
-0.271729
-0.736252
-1.07722
-1.12376
-1.16649
-0.842834
-0.501785
-0.274017
-0.448151
-0.0540466
-0.285873
-0.369263
-0.519089
-0.261871
0.0598145
-0.197998

[8]
-0.15239
0.000762939
-0.0297394
-0.0858307
-0.039917
-0.0201263
-0.0176392
-0.0216827
0.00239563
0.00827026
0.012207
0.0312958
-0.0085144
-0.00389099
-0.00990295
-0.0298157
-0.0180817
-0.0322418
-0.0713196
-0.124084
-0.154984
-0.199203
-0.188293
-0.257614
-0.342163
-0.638641
-1.07036
-1.08107
-0.936386
-0.84671
-0.799149
-0.343414
0.590332
0.128204
0.174271
0.545105
0.566498
0.645325
0.592117
0.552322
0.471207
0.428833
0.368912
0.167511
-0.0836487
-0.452408
-0.847198
-1.08937
-1.13194
-1.06546

[9]
-0.627579
-0.379639
-0.21199
-0.278625
-0.26033
-0.298569
-0.307373
-0.540939
-0.145172
0.0446014
-0.0887299
-0.205994
-0.10994
-0.0553131
-0.0577545
-0.043869
0.019455
-0.00511169
-0.0266571
-0.0342255
0.00524902
0.0522766
0.0294952
-0.0224915
-0.0307007
-0.0129242
-0.0288391
-0.0235901
-0.0431061
-0.0455017
-0.0627747
-0.149872
-0.168289
-0.196625
-0.203735
-0.244171
-0.47673
-0.73793
-1.07889
-1.09171
-0.956116
-0.706711
-0.803833
-0.0408478
0.338318
0.182175
0.460587
0.595459
0.677078
0.655014

[10]
0.631622
0.564987
0.536057
0.519073
0.350967
0.131851
-0.193298
-0.586136
-1.05014
-1.08731
-1.12688
-0.8349
-0.646561
-0.42952
-0.296341
-0.0732117
-0.403503
-0.259064
-0.626495
-0.291229
-0.173981
-0.170563
-0.0732422
0.0291901
0.0022583
-0.0907135
-0.0144196
0.0166321
0.0399475
0.0154419
0.00805664
0.0123138
0.00765991
0.0138702
0.0189362
0.0238037
0.0286255
0.0329285
-0.0357361
-0.0730133
-0.0295715
-0.0249634
-0.078476
-0.0891876
-0.199539
-0.242828
-0.232086
-0.300674
-0.437378
-0.666168

[11]
-1.07864
-1.09117
-0.949493
-0.749908
-0.800644
-0.0523376
0.678879
0.30307
0.334122
0.606018
0.653
0.659622
0.610428
0.558792
0.447388
0.458359
0.376419
0.153107
-0.123611
-0.471939
-0.828751
-1.07278
-1.11082
-0.839142
-0.730316
-0.452423
-0.188141
-0.221664
-0.167633
-0.283966
-0.329208
-0.658813
-0.147766
0.0783997
-0.293121
-0.171448
-0.021759
-0.0418854
-0.0847168
-0.00834656
0.026947
0.0138855
0.021698
-0.00402832
0.00358582
-0.00593567
0.00773621
-0.00758362
-0.00563049
-0.0148773

[12]
-0.0291443
-0.0141754
-0.0527191
-0.0532684
-0.083252
-0.190216
-0.197067
-0.263809
-0.305191
-0.415741
-0.729675
-1.07933
-1.09491
-1.09706
-0.7509
-0.822144
-0.0132446
0.55513
0.258621
0.462418
0.666931
0.720001
0.688553
0.656403
0.54837
0.601089
0.539948
0.372574
-0.0228577
-0.313751
-0.808884
-1.06409
-1.1026
-0.955673
-1.0253
-0.709503
-0.499023
-0.249603
-0.215408
-0.432251
-0.317917
-0.732666
-0.317444
-0.0354309
-0.270523
-0.126282
-0.0592651
-0.0165253
-0.0408478
-0.0543823

[13]
-0.0096283
0.0208588
0.0210419
0.0330505
-0.0136566
0.00535583
0.00234985
0.00802612
-0.0154877
-0.0186005
-0.0204773
-0.0140839
-0.0437317
-0.0353394
-0.0662994
-0.0912628
-0.129761
-0.177338
-0.230057
-0.218811
-0.368027
-0.485565
-0.806732
-1.08078
-1.01915
-1.00491
-0.713638
-0.654572
0.227417
0.159317
0.173767
0.462433
0.610184
0.695084
0.69371
0.623276
0.550522
0.497635
0.439987
0.292801
0.0413055
-0.280334
-0.681488
-1.0679
-1.11455
-1.16278
-0.958481
-0.539795
-0.253418
-0.270432

[14]
-0.375275
-0.584122
-0.634872
-0.62146
-0.10231
-0.049942
-0.0622864
-0.0311737
-0.0107574
-0.092926
-0.0778961
-0.0528412
0.0196228
0.00990295
-0.0243835
-0.0249481
0.00724792
0.0065918
0.00283813
0.0109863
-0.0137177
-0.0145721
-0.0546417
-0.0342407
-0.0825348
-0.0973511
-0.132202
-0.160492
-0.240402
-0.232315
-0.297943
-0.480728
-0.922546
-1.08379
-0.949432
-0.974167
-0.887589
-0.648651
0.519272
0.0574341
0.283646
0.439026
0.590942
0.651291
0.669495
0.618042
0.505692
0.454437
0.39917
0.284225

[15]
-0.0129852
-0.321152
-0.780609
-1.07147
-1.11604
-1.15906
-0.687729
-0.812378
-0.322556
-0.322723
-0.505554
-0.29184
-0.56955
-0.313492
0.0475922
-0.130219
-0.216064
-0.256104
-0.0459747
-0.0729675
-0.0821838
0.00521851
-0.00526428
0.0209961
-0.00669861
-0.0444641
0.00204468
0.0521545
0.0105286
-0.000686646
-0.00775146
-0.0102997
-0.034729
-0.0474091
-0.0584259
-0.0938416
-0.143951
-0.14444
-0.18956
-0.228561
-0.294312
-0.43837
-0.631897
-1.07738
-1.09036
-1.01482
-0.788742
-0.865646
-0.279022
0.627731

[16]
0.226913
0.197281
0.594467
0.62088
0.667618
0.676071
0.625153
0.549423
0.505463
0.435471
0.196411
-0.150986
-0.660065
-0.918411
-1.09891
-1.14494
-0.944122
-0.813843
-0.735321
-0.213943
-0.20813
-0.436676
-0.467072
-0.643814
-0.43161
0.00308228
-0.148163
-0.103546
-0.0674896
-0.0337982
-0.0711975
-0.097229
-0.0183411
0.0339813
0.0485077
0.0296326
0.0184326
-0.0106201
0.00653076
0.0254517
0.00863647
0.0258789
-0.0292511
-0.0203552
-0.0209045
-0.0557861
-0.0265045
-0.0905457
-0.142136
-0.231583

[17]
-0.255508
-0.339798
-0.435593
-0.6521
-1.02
-1.07513
-0.946686
-0.79837
-0.715469
-0.26387
0.670975
0.271957
0.197617
0.581482
0.647797
0.701187
0.652267
0.592682
0.527115
0.517517
0.431473
0.22525
-0.032608
-0.333633
-0.812271
-1.07635
-1.11847
-0.979095
-0.630341
-0.44426
-0.225143
-0.614243
0.204239
-0.106781
-0.513321
-0.620117
-0.372681
0.00273132
-0.467178
-0.0397186
-0.07341
-0.0530548
-0.0699615
-0.0237122
0.0138092
0.0401306
0.0314178
0.00567627
-0.00720215
-0.00221252

[18]
-0.0130157
-0.00559998
-0.0192871
-0.0265045
-0.0243378
-0.0131073
-0.0121002
-0.0478058
-0.128311
-0.163162
-0.167862
-0.193985
-0.225571
-0.37175
-0.618576
-1.07939
-1.09238
-1.10596
-0.931091
-1.08728
-0.319977
0.558105
0.125427
0.263382
0.598633
0.614532
0.705841
0.727188
0.678253
0.626816
0.580673
0.539795
0.360229
-0.0564117
-0.596786
-1.05173
-1.0912
-1.13062
-0.936676
-0.885895
-0.381226
-0.418549
-0.294174
-0.359467
-0.595261
-0.403748
-0.0748901
0.0418243
-0.145325
-0.0665741

[19]
-0.0772095
-0.0801849
-0.0757904
-0.0526733
-0.0213776
-0.010498
0.0160217
0.0220032
0.00976562
0.00822449
0.0161591
0.0294952
0.00170898
-0.0305176
-0.0378418
-0.0444183
-0.0726013
-0.0764465
-0.13446
-0.15062
-0.227737
-0.294815
-0.340302
-0.405167
-0.637451
-1.06779
-1.0806
-0.811996
-0.704376
-0.83139
-0.182388
0.501892
-0.00334167
0.154922
0.480637
0.627518
0.67952
0.665298
0.59935
0.538971
0.525238
0.445984
0.304535
-0.0227509
-0.352661
-0.703629
-1.0618
-1.10194
-1.13869
-0.778397

[20]
-0.585098
-0.358109
-0.197006
-0.632767
-0.554886
-0.400299
-0.0583038
0.0962067
-0.0502777
-0.110901
-0.0651703
-0.0866852
-0.074646
-0.019577
0.0202332
0.0565033
0.0261688
-0.00961304
-0.0163574
0.00518799
0.00694275
-0.0105896
0.0123749
-0.00759888
-0.000244141
-0.0390015
-0.0148315
-0.0444183
-0.129272
-0.252289
-0.228546
-0.293625
-0.374512
-0.505096
-0.812531
-1.08427
-1.09943
-1.05037
-0.83139
-0.582687
0.0582733
0.446442
0.147095
0.266678
0.621674
0.674057
0.658539
0.636414
0.579834
0.536911

[21]
0.496094
0.384262
0.166397
-0.138504
-0.632233
-1.043
-1.08223
-1.12256
-0.950577
-0.664108
-0.418686
-0.351593
-0.150558
-0.333817
-0.310974
-0.590118
-0.17601
0.0462494
-0.245438
-0.121048
-0.0311279
-0.0927277
-0.117493
-0.0582581
0.0283508
0.0200348
0.0183105
-0.0205078
-0.0104065
0.0133514
0.0167389
0.0116577
-0.00396729
-0.0366058
-0.0308533
-0.00614929
-0.0424805
-0.0312347
-0.079361
-0.118683
-0.146637
-0.201935
-0.215851
-0.371521
-0.598602
-0.976242
-1.08595
-1.09808
-0.98967
-0.731873

[22]
-0.498764
0.236893
0.268402
0.261536
0.32901
0.597839
0.685547
0.731033
0.684052
0.559692
0.529572
0.491257
0.366852
0.165115
-0.161362
-0.690918
-1.06641
-1.11011
-1.1532
-0.887283
-0.582825
-0.135498
-0.321228
-0.295288
-0.348053
-0.418564
-0.557571
-0.204971
0.0720825
-0.104294
-0.152893
-0.0699158
-0.105911
-0.0836334
-0.0565948
-0.00926208
0.0101318
0.0226288
0.0223236
-0.00733948
-0.00642395
0.0330505
0.0180664
0.021225
-0.0121307
-0.0241089
-0.0258636
0.0137329
-0.0322418
-0.0988464

[23]
-0.147964
-0.186478
-0.279465
-0.273972
-0.350677
-0.502487
-0.866592
-1.08328
-1.09711
-1.03564
-0.687637
-0.575821
0.149689
0.313675
0.189606
0.351608
0.628265
0.730942
0.713959
0.657013
0.569534
0.513977
0.476807
0.33609
0.0616455
-0.271408
-0.6017
-1.03423
-1.10715
-1.15294
-1.04039
-0.659927
-0.319016
-0.264465
-0.509094
-0.347412
-0.500549
-0.469284
-0.0955963
-0.106888
-0.0792847
-0.119034
-0.00971985
-0.0205994
-0.0732422
-0.0456848
-0.00492859
0.0176697
0.0285034
-0.012207

[24]
-0.00379944
0.0246429
0.00634766
0.00947571
-0.0101013
-0.0221863
-0.0442657
-0.0422821
-0.0252991
-0.057373
-0.149628
-0.13385
-0.180832
-0.242981
-0.340195
-0.608536
-1.0099
-1.07098
-1.07767
-0.903992
-0.648499
-0.37674
0.518616
-0.0116577
0.187134
0.547119
0.591019
0.664566
0.66571
0.63385
0.553238
0.503479
0.46254
0.28656
0.0354462
-0.333817
-0.768127
-1.08031
-1.12341
-1.16113
-0.701462
-0.479645
-0.386826
-0.259445
-0.468506
-0.245895
-0.570267
-0.370499
-0.0138397
-0.0768585

[25]
-0.0847168
-0.142365
-0.0727081
-0.13736
-0.0817566
-0.0361481
-0.0101624
0.00840759
-0.0271606
-0.009552
0.00926208
0.02742
0.00209045
0.00294495
-0.0015564
-0.0133209
-0.0173187
-0.00495911
-0.0503845
-0.0433044
-0.0928802
-0.125809
-0.17868
-0.190903
-0.288254
-0.482529
-0.795868
-1.073
-1.08365
-0.942337
-0.695892
-0.777588
0.0145874
0.573776
0.273087
0.240921
0.588348
0.688248
0.71843
0.672638
0.583359
0.505188
0.41272
0.342651
0.106445
-0.22052
-0.621292
-1.06381
-1.10515
-1.14578

[26]
-0.791946
-0.485687
-0.291733
-0.228256
-0.184921
-0.33345
-0.443863
-0.576569
-0.114059
-0.0939789
-0.137405
-0.190582
-0.0683441
-0.057373
-0.0838013
-0.0119476
0.0188446
0.0267334
0.00749207
-0.0110474
-0.00166321
0.0336151
-0.0018158
-0.00994873
0.000350952
-0.0148773
-0.037796
-0.0406799
-0.00683594
-0.0461578
-0.12854
-0.128891
-0.20253
-0.203522
-0.246185
-0.34935
-0.603378
-1.06348
-1.0864
-1.00346
-0.849045
-0.810394
-0.364197
0.600861
0.0933228
0.271912
0.471359
0.593735
0.654999
0.67543

[27]
0.59816
0.472534
0.431442
0.396088
0.240524
0.00691223
-0.298859
-0.679169
-1.06313
-1.09763
-1.00749
-0.410339
-0.346817
-0.237274
-0.560593
0.00758362
-0.514252
-0.255478
-0.577286
-0.285568
-0.0423584
-0.168274
-0.0449219
0.00784302
-0.076889
-0.106705
-0.0682831
-0.00889587
0.0354004
0.0172119
-0.0266876
-0.0188904
-0.00411987
0.00912476
0.0174713
0.0142975
-0.0265656
-0.0303192
-0.0377502
-0.00889587
-0.0461731
-0.0493622
-0.106735
-0.148117
-0.231247
-0.246979
-0.25235
-0.375687
-0.561035
-0.972977

[28]
-1.09171
-1.10672
-1.00002
-0.671829
-0.596237
0.4702
0.00131226
0.251526
0.481308
0.610672
0.682053
0.669113
0.573929
0.501892
0.488739
0.455002
0.292358
0.0182648
-0.332367
-0.772797
-1.06882
-1.10326
-0.930786
-0.413284
-0.419144
-0.298981
-0.500732
0.00511169
-0.563995
-0.275238
-0.629944
-0.146729
0.15033
-0.0771637
-0.0644836
-0.0860596
-0.172226
-0.159546
-0.0516205
0.00909424
0.00793457
0.0377655
-0.00370789
0.0190735
0.0248108
0.0351868
0.000900269
-0.0138397
-0.0249786
-0.0178528

[29]
-0.010025
-0.039032
-0.0418854
-0.121185
-0.166794
-0.267334
-0.250031
-0.303619
-0.511292
-0.790527
-1.07486
-0.933319
-0.983505
-0.802399
-0.709839
-0.166916
0.74881
0.316788
0.100967
0.511215
0.611588
0.671783
0.631226
0.568207
0.507172
0.428223
0.310669
0.0796356
-0.199844
-0.597076
-1.06329
-1.10588
-1.14809
-0.849884
-0.442856
-0.635727
-0.0680084
-0.481918
-0.273315
-0.674225
-0.33519
-0.193863
-0.0431061
-0.105972
-0.0853119
-0.0118561
-0.0606537
-0.0447235
0.0102386
0.0261841

[30]
0.0235443
-0.00616455
-0.00753784
0.00865173
0.0310059
0.0144958
0.0203094
0.0133667
-0.0138092
-0.0307312
-0.0523376
-0.0408478
-0.0608978
-0.0902252
-0.140869
-0.211716
-0.196136
-0.22113
-0.341263
-0.556427
-0.871246
-1.07053
-0.868744
-0.907425
-0.612595
-0.45871
0.196198
0.379272
0.37265
0.363907
0.57991
0.690903
0.673004
0.63295
0.55629
0.51149
0.42131
0.313965
0.0796204
-0.207474
-0.64389
-1.06519
-1.10323
-1.13676
-0.562195
-0.360474
-0.483841
-0.176956
-0.562622
-0.1987

[31]
-0.65834
-0.181503
-0.116547
-0.0489044
-0.0939789
-0.0124969
-0.114273
-0.0841064
-0.0143127
0.000717163
0.0103149
-0.00408936
-0.0435028
0.0185394
0.0469818
0.00506592
0.00791931
0.0071106
-0.0161285
-0.0250549
-0.0315704
-0.0257874
-0.0478363
-0.0657654
-0.106201
-0.164963
-0.247696
-0.218201
-0.343353
-0.519058
-0.840714
-1.07652
-0.961319
-0.897629
-0.660049
-0.597473
0.0880585
0.408478
0.397858
0.366898
0.524857
0.667084
0.626999
0.569595
0.46611
0.43187
0.324509
0.163895
-0.0739746
-0.40567

