[1]
0.015152
0.015152
0.0774994
0.218964
0.180878
0.205368
0.396011
1.15047
1.47984
0.6819
0.810379
0.607437
0.308472
-0.610489
0.579651
0.898499
0.845291
0.695129
0.505585
0.336655
0.279648
0.18013
0.151382
0.0493774
-0.261948
-0.590546
-1.01939
-1.74043
-2.23819
-2.45525
-2.58266
-2.08536
-0.6427
1.52281
-0.413864
-0.400681
-0.918945
-1.22002
-0.259094
-0.390396
0.0767059
0.00508118
-0.00520325
-0.25235
-0.0453339
-0.0727081
0.0452423
-0.0466919
-0.0576935
-0.00689697

[2]
-0.0616455
-0.0550232
-0.0714417
-0.0294647
0.0124512
0.0490112
0.0367889
0.123642
0.121719
0.190598
0.210083
0.301865
0.561615
1.52501
1.31401
0.799469
0.864502
0.901581
0.028656
-0.607147
0.456802
0.847733
0.926712
0.903641
0.562378
0.328674
0.260086
0.206146
0.163055
0.082077
-0.173492
-0.428238
-0.847961
-1.6078
-2.24472
-2.55634
-2.55978
-1.87708
-0.341843
1.54488
-0.998779
-0.842438
-0.417557
-0.793091
-0.330673
-0.279129
-0.00405884
-0.131516
-0.0694733
-0.0874939

[3]
-0.168564
-0.0130157
0.0401764
-0.0039978
0.00309753
0.0365601
-0.0578003
-0.0455933
-0.0448456
0.00862122
0.0498199
0.113312
0.170822
0.157394
0.163284
0.274353
0.316422
0.523804
1.44212
1.60451
0.992752
0.96199
0.921738
-0.368225
-0.68605
0.437866
0.860657
0.992401
0.976456
0.665131
0.414017
0.284424
0.218414
0.235001
0.270737
-0.182846
-0.328491
-0.872543
-1.64685
-2.09053
-2.57088
-2.57433
-1.65274
0.455276
1.40388
-0.933075
-0.444061
-0.744965
-0.818222
-0.505936

[4]
-0.21875
-0.00814819
-0.0653076
0.0152588
-0.0973969
0.172913
0.140762
0.0559387
-0.0343323
-0.1017
-0.080658
-0.0584869
-0.0384674
-0.0138245
-0.0161591
0.0378723
0.0946655
0.145767
0.16301
0.2379
0.379135
0.380112
0.433105
1.33595
1.92499
0.737717
0.932663
0.919159
-0.330963
-0.670502
0.563492
0.970139
0.895752
0.870926
0.577469
0.425201
0.31929
0.214828
0.142303
-0.0394592
-0.278198
-0.699631
-1.06017
-1.91757
-2.34236
-2.56241
-2.55724
-1.98515
1.12042
1.11021

[5]
-1.08031
-0.294556
-0.717834
-1.03648
-0.373672
-0.309235
0.0996094
-0.0487213
-0.052475
-0.123032
-0.102112
-0.00062561
0.0841064
-0.0170746
-0.00671387
-0.0164948
-0.0514984
-0.0404053
0.0473938
0.00102234
0.0289917
0.10466
0.138245
0.157471
0.272797
0.336456
0.319946
0.717331
1.96741
1.15062
0.869141
0.912979
0.878967
-0.307877
-0.208237
0.759735
1.01505
0.94043
0.820328
0.532288
0.351349
0.244858
0.110764
0.0301819
-0.104309
-0.384247
-0.801178
-1.35605
-2.29149
-2.53961

[6]
-2.5571
-2.50334
-1.06694
1.54469
-1.23187
-0.782562
-0.73616
-0.943344
-0.631683
-0.158661
-0.0888672
0.235641
-0.0539856
-0.254456
-0.016922
0.209625
0.0922546
-0.0700378
0.00325012
-0.0301361
-0.0662537
-0.059906
-0.00131226
0.0418091
0.00523376
0.148392
0.193146
0.186554
0.29361
0.341309
0.395279
0.464859
1.73488
1.20148
1.05296
0.826996
1.07478
-0.343719
-0.650818
0.358017
0.866791
0.975983
1.02499
0.693924
0.419708
0.283905
0.180954
0.0918732
0.0152435
-0.236282

[7]
-0.536209
-1.04939
-1.98138
-2.3084
-2.53047
-2.51785
-1.29744
1.55818
-0.875992
-0.599304
-0.376236
-0.845078
-0.353149
-0.569794
-0.0459747
-0.0736694
-0.0396423
-0.0650482
-0.0781097
0.0512695
0.174942
0.146011
0.0290375
-0.0839386
-0.0305328
-0.034256
-0.0321198
0.0236969
0.0296021
0.0882111
0.179688
0.141815
0.184402
0.169617
0.302948
0.247665
0.722519
1.67488
1.11441
1.10545
0.738037
0.928513
-0.351379
-0.599915
0.349487
0.799606
0.98732
0.859695
0.606781
0.377335

[8]
0.190933
0.150253
0.0657959
-0.0332642
-0.286667
-0.589645
-1.13416
-1.97321
-2.28664
-2.22455
-2.34193
-1.71265
0.148987
1.61067
-0.94342
-0.429596
-0.106384
-0.948151
-0.294998
-0.341125
-0.0838776
0.109222
6.10352e-05
-0.0212708
-0.171692
-0.0787506
0.0739288
0.0324097
-0.024231
-0.00932312
0.0284119
-0.0310364
-0.00883484
0.0338135
0.0722504
0.0670776
0.177017
0.15274
0.263275
0.317841
0.308517
0.26268
1.18108
1.78528
1.16154
0.897522
1.01331
-0.0352325
-0.528748
0.416809

[9]
1.01674
1.01019
0.846863
0.637695
0.372559
0.263794
0.182541
0.154144
0.12056
-0.172043
-0.530258
-0.998123
-1.73885
-2.11899
-2.48529
-2.52293
-1.6758
0.220993
1.57047
-0.866318
-0.519913
-0.319687
-0.963104
-0.256699
-0.38887
-0.0796661
-0.0773926
0.00112915
0.0366669
-0.108093
0.0201416
0.00469971
0.017868
-0.0323639
-0.0476379
0.0572205
0.0302124
-0.105545
-0.0032196
0.07547
0.11792
0.167252
0.175797
0.227859
0.305878
0.391251
0.482544
1.6282
1.40659
0.96402

[10]
0.885345
1.07094
-0.503922
-0.366882
0.693344
0.958054
0.922195
0.795273
0.504196
0.34137
0.238693
0.212906
0.277359
0.0710907
-0.231537
-0.626144
-1.27402
-1.99306
-2.25999
-2.55685
-2.5377
-1.58035
0.955078
1.39034
-0.893234
-0.58197
-0.806015
-0.96373
-0.580551
-0.0918274
0.0630035
0.256058
-0.0619812
-0.239319
-0.0175934
-0.0150604
0.00900269
-0.0707397
-0.0785065
0.00170898
0.11171
0.00241089
0.0157166
0.0148315
0.0368652
0.122437
0.159622
0.126572
0.209183
0.31427

[11]
0.32428
0.496124
1.87358
1.50394
0.804596
0.870468
0.931091
-0.379776
-0.607803
0.39183
0.76506
0.815216
0.76355
0.57019
0.34346
0.254486
0.278763
0.26062
0.059082
-0.203323
-0.687286
-1.13756
-1.91238
-2.17279
-2.49069
-2.51936
-1.94713
-0.181152
1.59576
-0.339645
-0.894165
-0.221542
-1.06111
-0.292084
-0.47908
-0.0223541
-0.0569916
0.10733
0.0624695
-0.143036
-0.0510101
0.0468903
0.0449982
0.0233917
-0.0407104
-0.0149231
-0.0129089
0.023468
-0.00616455
0.0548706

[12]
0.106262
0.132202
0.15416
0.215805
0.305588
0.322968
0.314438
1.22266
1.74048
0.930359
0.951859
1.02722
0.0476074
-0.659805
0.391602
0.955292
1.02606
0.908356
0.661407
0.33046
0.229935
0.202881
0.200272
0.147491
-0.149231
-0.444977
-0.915482
-1.84789
-2.21313
-2.56168
-2.55722
-1.85658
0.714874
1.16878
-0.996552
-0.55574
-0.765335
-0.809875
-0.406296
-0.264694
-0.0639648
-0.0875549
-0.0196075
0.0286865
0.0675049
0.111633
0.029541
-0.0580902
-0.0800629
-0.0536346

[13]
-0.0218353
0.0231476
0.0690002
0.0219574
0.00669861
0.0494537
0.261261
0.145554
0.216415
0.333069
0.37529
0.364471
1.74342
1.71677
0.930313
0.974228
1.246
-0.447861
-0.760818
0.476288
0.810669
0.997452
0.929428
0.627701
0.357208
0.175461
0.0756989
0.114594
0.118042
-0.180038
-0.613251
-1.27174
-2.15025
-2.56465
-2.58049
-2.367
-1.26604
1.43604
1.15393
-1.31488
-0.437408
-0.736237
-0.762878
-0.422714
-0.166611
-0.0974731
0.00337219
0.00234985
-0.0889587
-0.0156403

[14]
-0.0112305
0.00883484
-0.0487061
-0.0620117
-0.0307159
-0.0139618
0.00291443
-0.0340881
-0.0362244
-0.0288544
0.122192
0.101517
0.101089
0.223282
0.246628
0.313721
0.20491
1.23853
1.87712
0.923187
0.69783
1.16377
-0.00614929
-0.252914
0.21814
0.740799
0.846008
0.796585
0.632919
0.438293
0.242523
0.159027
0.148636
0.117081
-0.190689
-0.571426
-0.849701
-1.68484
-2.48915
-2.52173
-2.51691
-1.73503
0.564102
1.58006
-0.71019
-0.446671
-0.596405
-0.996552
-0.434082
-0.330292

[15]
0.012207
-0.0270538
-0.0287323
-0.0348206
-0.218857
-0.0530853
0.0129547
-0.016449
-0.0619965
-0.050705
0.0227203
-0.00880432
-0.0104523
0.0216827
-0.0305328
0.0764923
0.125488
0.149704
0.252884
0.339188
0.35672
0.528641
1.76146
1.28152
0.852554
0.768661
1.14563
-0.347473
-0.698929
0.640045
0.948715
0.964798
0.852158
0.543976
0.297455
0.185318
0.150696
0.199814
0.108643
-0.24646
-0.655228
-1.36462
-2.10333
-2.56648
-2.5811
-1.87215
-0.153442
1.5287
-1.06523
-0.659164

[16]
-0.655304
-0.704605
-0.638748
-0.30246
-0.0888367
0.0983582
-0.0971375
-0.387268
-0.0342865
0.15123
0.0958252
-0.118073
-0.0868225
-0.049942
-0.0967255
-0.0558319
-0.0474701
0.062439
0.0161133
0.170914
0.203201
0.226517
0.346588
0.318497
0.419022
1.85272
1.1194
1.2807
0.718002
1.1877
-0.446579
-0.675461
0.485062
0.941818
0.948914
0.943848
0.60051
0.278137
0.179688
0.134125
0.107758
0.113968
-0.206818
-0.417969
-1.0607
-1.89479
-2.55112
-2.57359
-2.34959
-1.02185

[17]
1.53648
-0.256744
-0.820251
-0.626816
-0.839966
-0.406937
-0.327667
-0.00909424
-0.0956421
0.0185852
-0.0417633
-0.00117493
0.0262299
0.0728149
-0.00944519
-0.0967407
-0.0801849
-0.0728912
-0.0289154
0.0248566
-0.0375977
-0.0332336
0.101532
0.122223
0.155716
0.195251
0.254532
0.263657
0.435837
1.88942
1.51848
0.967758
0.740692
0.963959
-0.236221
-0.691055
0.380295
0.890686
0.93132
0.829758
0.623795
0.32785
0.181854
0.143112
0.135117
0.133347
-0.120697
-0.540573
-0.928452
-1.79495

[18]
-2.29581
-2.56119
-2.55067
-1.4935
1.16782
0.975845
-1.43517
-0.559006
-0.883621
-0.533722
-0.445496
0.0920868
-0.124832
-0.0757294
-0.134338
-0.0902863
-0.156494
-0.0334167
-0.135635
-0.109009
-0.0430298
0.0242462
0.0319366
0.0496063
-0.026825
0.00852966
0.0257721
0.148773
0.12944
0.162796
0.233582
0.283554
0.254654
1.02058
1.70799
1.00694
0.959442
0.925842
0.788315
-0.453583
0.147263
0.748962
0.927505
0.81073
0.668762
0.440994
0.260422
0.187195
0.20314
0.163208

[19]
-0.155075
-0.483124
-1.0439
-1.7522
-2.32597
-2.5528
-2.55655
-2.19513
-0.858368
1.08459
1.1427
-1.17783
-0.705978
-1.02481
-0.336395
-0.397308
-0.00338745
-0.159073
-0.0622406
-0.0954437
-0.0791168
-0.0670319
-0.0345154
-0.092804
-0.0330353
-0.0184174
-0.0330658
-0.0554199
-0.0240784
0.0839386
0.0453644
0.0914612
0.14859
0.185059
0.246384
0.32695
0.311844
0.627457
1.93999
1.11809
0.811859
0.880066
0.90625
-0.300995
-0.0163574
0.724457
0.879471
0.722031
0.630997
0.464218

[20]
0.355225
0.226028
0.267609
0.184799
-0.0240784
-0.389313
-0.821518
-1.49068
-2.17732
-2.21298
-2.57318
-2.12355
-1.41501
-0.173462
1.55942
-1.12796
-1.16098
-0.424133
-0.750443
-0.518082
0.0170441
-0.0356903
0.00488281
-0.0472412
-0.136337
-0.0124054
-0.0203857
-0.00108337
-0.0471191
-0.0818176
-0.0477295
-0.00881958
0.00559998
0.00520325
-0.0198975
0.0726624
0.164383
0.148727
0.239975
0.297333
0.3414
0.398178
1.63562
1.42975
1.17677
0.888809
0.762665
0.0246429
-0.364883
0.639969

[21]
0.925278
0.934235
0.728958
0.365204
0.225098
0.233917
0.247009
0.260406
0.0867767
-0.232864
-0.505096
-1.32617
-1.91078
-2.18669
-2.56981
-2.55754
-1.49631
-0.260071
1.55606
-0.858643
-0.916458
-0.653076
-0.74292
-0.383362
-0.275604
0.0338745
-0.116287
-0.0556793
-0.0981293
-0.00706482
-0.0161133
0.0584259
0.0131073
0.00593567
-0.0253754
-0.0532379
-0.0213776
0.0181122
-0.0236969
0.048645
0.128632
0.116638
0.0904999
0.164963
0.244751
0.350052
0.66478
1.7039
1.34726
0.852722

[22]
0.953979
0.96579
-0.0434723
-0.719208
0.63327
0.948212
0.94632
0.784561
0.504242
0.231842
0.23848
0.242599
0.278473
0.0512695
-0.221725
-0.647202
-1.45418
-2.42935
-2.57526
-2.58998
-2.26112
-1.60316
1.51746
-0.425354
-0.833023
-0.703217
-0.761032
-0.343582
-0.277588
0.0377045
-0.156754
-0.067749
-0.0884094
0.130753
-0.011795
0.0283661
-0.0731201
-0.0791473
-0.0867615
-0.0515747
-0.027298
-0.009552
-0.0484467
0.0257263
0.126846
0.0988007
0.0910797
0.240189
0.328415
0.283432

[23]
0.933273
1.93437
1.12787
0.92543
1.04352
1.03265
-0.267563
-0.195694
0.755051
0.893494
0.830307
0.588638
0.360458
0.197739
0.15593
0.117706
0.102158
-0.160492
-0.59758
-0.996063
-1.81879
-2.48679
-2.58092
-2.58904
-2.11575
-0.937637
1.5229
-0.760468
-1.04956
-0.632782
-0.804794
-0.316925
-0.27652
0.0367432
-0.101578
-0.109467
-0.181351
0.00297546
0.00709534
0.107941
0.0102386
0.018692
-0.0192566
-0.0926514
-0.0901337
-0.0582886
0.0122223
0.0328064
0.064209
0.139648

[24]
0.120804
0.275177
0.357178
0.282944
0.481094
1.87669
1.31152
0.833618
0.887573
0.884872
-0.150925
-0.464386
0.634155
0.932922
0.796295
0.692123
0.461243
0.257187
0.230499
0.198471
0.179657
-0.0103149
-0.32428
-0.747131
-1.23512
-1.99391
-2.09856
-2.58438
-2.56918
-1.79944
0.956177
0.676956
-1.17278
-0.519516
-0.755249
-0.658264
-0.313126
-0.175537
0.0358887
-0.073349
-0.0932159
-0.204056
-0.0432587
0.0648193
0.0223694
-0.0228424
-0.0409851
-0.0472412
-0.0989685
-0.0755005

[25]
-0.035675
0.0118103
0.0883331
0.108276
0.147141
0.15686
0.245636
0.360168
0.571854
1.45238
1.26955
1.1752
0.925522
1.03928
-0.232529
-0.944
0.314911
0.940247
1.13454
1.00284
0.672638
0.304169
0.201706
0.207382
0.208557
-0.01297
-0.213806
-0.672989
-1.37616
-2.16673
-2.46123
-2.57253
-2.04773
-1.2216
1.54657
0.815933
-1.11694
-0.768463
-0.630341
-0.562027
-0.473038
-0.126648
-0.0191498
-0.0254059
-0.0873718
-0.135696
-0.111572
0.034256
0.016098
0.00430298

