[1]
-0.493057
-0.493057
0.683578
0.594681
0.611816
0.503098
0.448059
0.367432
0.280136
0.158752
0.0548401
-0.0777283
-0.292007
-0.861496
-0.782532
-1.15846
-1.12679
-1.08705
-1.08714
-0.743118
-0.629776
-0.398682
1.06061
1.5652
-0.837021
-0.328629
0.0829773
0.0380096
-0.0176239
-0.198196
-0.00657654
-0.00801086
0.101639
0.194839
0.192871
0.217606
0.267166
0.287872
0.233353
0.156631
0.183426
0.199646
0.213196
0.150238
0.143204
0.167053
0.189011
0.139008
0.127396
0.181442

[2]
0.221085
0.200729
0.173508
0.229156
0.25621
0.204102
0.172806
0.16893
0.274567
0.390274
0.353867
0.57135
0.974716
1.26329
0.741745
0.350784
0.856049
0.93045
0.327118
0.199509
0.357544
0.633575
0.823761
0.80777
0.762741
0.579285
0.456894
0.376266
0.429626
0.390274
0.305557
0.135193
-0.200546
-0.330673
-1.13522
-1.16811
-1.71246
-2.44395
-1.51379
-1.14795
0.254242
1.27011
-0.218735
-0.289246
-0.537003
-0.0439453
-0.210083
-0.10231
0.104523
0.0570221

[3]
0.0794678
0.102371
0.187714
0.194183
0.180588
0.127991
0.0929413
0.0692902
0.074234
0.12233
0.0973358
0.0760193
0.101715
0.127594
-0.0836945
0.194473
0.0773773
0.117783
0.159302
0.211075
0.146957
0.189087
0.22081
0.235291
0.593353
1.43385
1.48682
1.01501
0.380081
0.959473
0.508255
0.192596
0.189362
0.411148
0.747803
0.754715
0.716934
0.600647
0.426483
0.394867
0.377228
0.340393
0.241287
0.119858
-0.0858154
-0.34845
-1.19936
-1.52136
-1.53856
-2.11903

[4]
-2.40384
-1.02914
0.906952
0.832382
-0.90593
-0.257645
-0.687698
0.102478
-0.394608
-0.183624
-0.00285339
-0.01828
0.0593262
0.130295
0.130936
0.160431
0.166275
0.115936
0.0324554
0.036972
0.0522003
0.0724182
0.105621
0.130249
0.0813904
0.0830383
0.10022
0.0690155
0.0640869
0.10083
0.0986786
0.130676
0.131683
0.201126
0.386383
0.364166
1.07776
2.08231
0.878052
0.594574
0.837723
0.802643
0.222061
-0.0722046
0.504868
0.833374
0.805588
0.594528
0.570999
0.440369

[5]
0.386597
0.347214
0.335342
0.26062
0.104584
-0.48851
-0.618973
-1.27394
-1.74609
-2.38701
-2.53241
-1.57932
0.797974
0.797699
-1.15005
-0.16507
-0.938385
-0.221832
-0.303879
-0.185883
0.0125275
-0.0283051
0.113098
0.142349
0.104538
0.0887451
0.0514679
0.0201721
-0.00819397
-0.0458679
-0.00302124
0.0705872
-0.00492859
-0.0366364
-0.0332184
0.0200348
0.0844574
0.120163
0.150162
0.185394
0.113251
0.280548
-0.0922699
0.456772
1.46181
1.29756
0.748352
1.01157
0.641861
0.320526

[6]
0.197662
0.468048
0.747299
0.745239
0.606537
0.565521
0.400681
0.325668
0.326706
0.253708
0.159378
0.0292358
-0.139664
-0.365707
-0.686447
-0.9534
-1.28943
-1.63611
-2.34808
-1.56392
-1.08485
-1.06403
-1.06723
0.473328
1.62074
-1.3956
-0.372421
-0.380112
0.109695
-0.0447845
-0.090271
-0.222382
-0.155869
0.0279083
0.0907745
0.082901
0.0542603
0.0901184
0.0724792
0.0957642
0.0843964
0.0680237
0.0578613
0.0546722
0.0596313
-0.00538635
0.0271454
0.0960236
0.191177
0.136383

[7]
0.192276
0.171204
0.169952
0.293518
0.245926
0.575714
1.35143
1.43895
1.09807
0.850098
0.842239
0.211151
-0.0435944
0.212677
0.682724
0.876343
0.733749
0.578583
0.461349
0.328506
0.300293
0.277023
0.207062
0.0684662
-0.114365
-0.609497
-0.980896
-1.57999
-1.78188
-2.56
-2.44508
-0.312866
1.52515
-0.450897
-0.711838
-0.280762
-0.483307
-0.0236816
-0.365402
-0.281815
-0.0852051
-0.0568695
0.107803
0.0463562
0.084198
0.0936127
0.0556793
0.0101318
0.0185852
0.041153

[8]
0.0433044
0.00588989
0.0328827
0.0181732
0.0652924
0.0270996
0.0175476
0.0780182
0.14859
0.179367
0.156372
0.187286
0.256454
0.28273
1.22289
2.0609
0.964157
0.784851
1.30078
0.634293
-0.105591
0.119064
0.504822
0.949234
0.848709
0.630432
0.510117
0.336288
0.200745
0.185608
0.17186
0.154297
-0.00875854
-0.580399
-1.14218
-1.73601
-2.12114
-2.58914
-1.93616
1.48232
-0.472687
-0.925583
-0.308197
-0.784485
-0.333054
-0.394348
-0.210938
0.0264282
0.0619659
0.0507202

[9]
0.0298157
0.0786133
0.0460052
0.02005
0.0234375
-0.0337372
-0.0616455
-0.0068512
-0.0360565
0.00375366
-0.0057373
0.0116425
0.0280151
0.0904083
0.156158
0.171844
0.235458
0.261856
0.347824
0.237427
1.06183
2.11978
1.08342
0.863968
0.713303
-0.00566101
-0.0446625
0.228058
0.877335
0.999176
0.681778
0.610123
0.363083
0.261337
0.286407
0.315231
0.232986
0.131348
-0.11412
-0.457275
-1.1774
-1.82722
-2.27795
-2.59306
-2.18903
-0.55983
1.48709
-1.07889
-0.00801086
-0.826721

[10]
-0.404724
-0.555466
-0.374023
0.0206757
0.0205688
-0.0778503
-0.090332
0.0544434
0.012085
-0.0587769
0.0302887
0.0189362
-0.0315704
-0.0466919
-0.00500488
-0.0131683
-0.0414276
-0.0832825
-0.0263062
0.0426788
0.0515594
0.0590057
0.0918274
0.112686
0.118195
0.155838
0.160217
0.2323
0.15329
1.30647
1.45689
0.61261
0.757309
0.58873
0.263306
-0.0433655
0.351257
0.747513
0.782791
0.608963
0.499222
0.334213
0.369385
0.404144
0.350052
0.269577
0.191284
0.0822906
-0.719772
-1.09735

[11]
-1.64175
-1.77928
-1.99416
-2.57198
-1.69614
-0.762299
1.52119
0.230087
-0.425293
-0.328278
-0.499054
-0.184906
-0.479034
-0.314941
-0.149521
-0.100235
-0.00944519
-0.00866699
0.0439301
0.0437317
0.0584106
0.0388489
0.00631714
0.0114594
0.00466919
-0.0225983
-0.0476532
-0.0149384
-0.00300598
-0.0590515
-0.0286865
-0.0235748
-0.019577
0.0436707
0.0754395
0.0491486
0.0764465
0.138779
0.14447
0.193771
0.192566
0.747208
1.61368
0.918335
0.750427
0.586121
0.488388
0.472183
-0.0351715
0.530762

[12]
0.740585
0.643524
0.535858
0.484833
0.376877
0.333374
0.320923
0.310638
0.222931
0.145874
0.0308685
-0.422318
-1.16637
-1.66264
-2.36772
-2.56271
-1.83058
0.049408
1.41246
-0.113663
-0.467606
-0.632477
-0.445435
-0.502808
-0.261765
-0.0541992
-0.0711823
-0.0791016
-0.0523682
-0.0184631
-0.0184174
-0.018692
0.00900269
-0.0433502
-0.0467987
-0.0225983
-0.0451965
-0.0586548
-0.0632019
-0.0401764
-0.0487213
-0.0614319
-0.0263367
0.00489807
0.0662689
0.0677643
0.0664825
0.0660248
0.0973816
0.143402

[13]
0.185043
0.259949
1.39203
1.36691
0.621368
0.86087
0.935165
0.137436
-0.0592194
0.160812
0.591309
0.852524
0.644241
0.540726
0.462997
0.215088
0.148468
0.178253
0.185318
0.0677643
0.0227051
-0.427658
-1.14603
-1.54778
-1.88469
-2.58383
-2.58081
-1.17557
1.44505
0.33316
-0.801392
-0.162643
-0.695618
-0.0616455
-0.548096
-0.283249
-0.0241394
-0.154846
-0.0539246
0.0212708
0.0430756
-0.00338745
-0.0464172
-0.0263214
-0.0964355
-0.121567
-0.0613556
0.00247192
-0.0346985
-0.0734406

[14]
-0.0589905
-0.0182953
-0.0332031
-0.0359344
0.0257568
0.0709381
0.0630341
0.132721
0.0996704
0.136642
0.125519
0.473328
1.40523
1.42567
0.82196
0.773544
0.776428
0.168289
-0.0670929
0.16423
0.668533
0.889297
0.632431
0.55864
0.42157
0.224792
0.184738
0.211792
0.181793
0.0844269
-0.067627
-0.66098
-1.38225
-1.88992
-2.03598
-2.59317
-1.98979
-0.70517
1.49011
-0.584641
-0.785049
-0.32869
-0.250259
-0.477097
-0.390839
-0.204956
-0.130402
-0.0349274
0.0269012
-0.0126038

[15]
-0.0136719
0.0324249
0.0278015
-0.0549316
-0.046875
-0.0169067
0.0125427
-0.0335236
-0.0766449
-0.0721283
-0.0264587
-0.0267487
-0.00994873
0.0542603
0.108597
0.0909882
0.119141
0.116241
0.231186
0.204025
0.670776
1.58209
1.217
0.773865
0.776917
0.884964
0.268372
-0.235001
0.181702
0.682785
0.850677
0.62236
0.548019
0.366562
0.239395
0.225189
0.232712
0.161423
0.104233
-0.0885315
-0.524796
-1.18945
-1.77034
-1.97614
-2.61285
-2.38287
-0.191528
1.46588
-0.827957
-0.500336

[16]
-0.476898
-0.537933
-0.355591
-0.33522
-0.20755
-0.0869751
-0.0317383
-0.00263977
0.0300598
0.0480194
0.00561523
-0.0974121
-0.0830841
-0.0618744
-0.0122223
-0.0447235
-0.0286713
-0.021637
-0.056076
-0.0583801
-0.0374146
-0.0276642
0.00361633
0.0868835
0.0706024
0.123123
0.101715
0.139236
0.187851
0.326157
1.39558
1.39452
0.740356
0.860748
0.995087
0.124756
-0.138809
0.184784
0.550125
0.868958
0.663712
0.509613
0.421997
0.256683
0.226151
0.27272
0.198227
0.0876617
-0.0873871
-0.301117

[17]
-0.920822
-1.69238
-1.99886
-2.32578
-2.6001
-1.09937
1.04008
1.14023
-1.21591
-0.261063
-0.594574
-0.307831
-0.386078
-0.326263
-0.346695
-0.0231171
-0.0280762
-0.0283661
-0.0620422
-0.118759
-0.0706177
-0.0384064
-0.0677795
-0.00106812
0.0270386
0.00404358
-0.00163269
-0.0517883
-0.0443573
-0.0769196
-0.0188904
0.0288849
0.0355377
0.068985
0.0414886
0.0652313
0.064209
0.163834
0.210693
0.400757
0.842148
1.25375
1.15601
1.05014
0.680969
0.685181
-0.194382
-0.147903
0.374527
1.04312

[18]
0.915649
0.594879
0.51503
0.284363
0.202225
0.192429
0.166382
0.0400085
-0.150742
-0.325333
-1.20131
-1.58252
-1.96848
-2.61229
-2.43555
-1.50572
1.30142
0.59906
-1.1671
-0.372894
-0.358307
-0.156998
-0.502899
-0.367676
-0.205231
-0.150772
0.0091095
0.0279694
0.070694
-0.0808716
-0.0687103
-0.128433
-0.128143
-0.0552521
-0.0559998
-0.00462341
0.0699615
-0.0598602
-0.123306
-0.110565
-0.0471344
-0.0213928
0.0709534
0.075119
0.138992
0.130844
0.132538
0.204178
0.13707
0.762299

[19]
1.65945
1.18962
1.03493
0.62413
0.504883
-0.0198669
-0.0712891
0.188675
0.843399
0.849686
0.616486
0.515457
0.263763
0.153168
0.151978
0.120834
-0.00611877
-0.0652313
-0.412903
-1.10458
-1.70094
-1.88156
-2.20845
-2.51468
-1.27855
0.727066
1.30699
-1.11342
-0.60524
-0.473923
0.0658264
-0.478897
-0.447189
-0.194336
-0.126541
0.0311127
-0.0265961
0.0713043
0.00996399
-0.00344849
0.00413513
0.00448608
-0.0647125
-0.0681763
-0.0701294
-0.0940704
-0.111435
-0.0893707
-0.0295715
0.00765991

[20]
0.0346222
0.0697784
0.111465
0.127945
0.198868
0.211334
0.13176
0.336731
2.15919
1.1167
0.55603
0.723969
0.744583
0.282898
0.0944214
0.0627136
0.472366
0.743866
0.679596
0.559998
0.411606
0.250931
0.244751
0.241013
0.172638
0.0213623
-0.139145
-0.446777
-1.2695
-1.92387
-2.13452
-2.60233
-2.16476
-0.745438
1.4877
-0.385193
-1.00453
-0.243851
-0.229233
-0.366577
-0.464325
-0.26947
-0.139328
-0.0854034
-0.0514526
-0.0300903
-0.0216675
0.0289001
-0.0325165
-0.0641785

[21]
0.0189667
-0.0106049
-0.0593567
-0.0435944
-0.08255
-0.0720673
-0.115616
-0.0688324
-0.0471039
0.0383301
0.0885315
0.11145
0.124695
0.11557
0.169128
-0.00682068
0.570572
2.33931
1.14272
0.521652
0.575409
0.434601
0.176895
0.0911255
0.35463
0.6931
0.66478
0.590317
0.459763
0.302872
0.251099
0.296066
0.278336
0.16301
0.0644226
-0.438843
-0.69249
-1.54829
-1.92986
-2.10561
-2.57678
-2.05403
-0.939041
1.51544
0.0125885
-0.739136
-0.157028
-0.37944
-0.309738
-0.478012

[22]
-0.244583
-0.0699921
-0.0476685
-0.0794983
-0.0617065
-0.0118408
-0.0290375
-0.0725098
-0.0835724
-0.028717
-0.052063
-0.0178375
0.0025177
-0.0137634
-0.069458
-0.0759888
-0.048233
-0.0282898
-0.00709534
0.0620575
0.0595856
0.0773621
0.0857086
0.0724487
0.192123
0.055542
0.303085
1.80641
1.33125
0.64798
0.749985
0.863388
0.142456
-0.0641174
0.375534
0.65535
0.7686
0.56488
0.477631
0.344315
0.270416
0.236176
0.22377
0.191162
0.142685
-0.16011
-0.637451
-1.25917
-1.86589
-2.16006

[23]
-2.59186
-2.41705
0.466385
0.882568
-0.805573
-0.226257
-0.700211
-0.247131
-0.577332
-0.385468
-0.0565948
-0.0491791
-0.0524597
-0.0596619
0.00770569
0.0369873
-0.00953674
-0.0264587
-0.0326233
0.00572205
-0.0632172
-0.103271
-0.0811615
-0.0770721
-0.0789642
-0.0985107
-0.0246277
-0.00416565
0.0414429
0.0721741
0.0427856
0.0497437
0.0486298
0.186737
0.0796509
0.449036
2.02118
0.805969
0.425812
1.03563
0.829666
0.223221
-0.0227203
0.276947
0.664505
0.796021
0.552109
0.413742
0.266663
0.256241

[24]
0.305481
0.21701
0.172241
0.054718
-0.196625
-0.750259
-1.34807
-1.89345
-1.74181
-2.61729
-2.60985
-0.928146
1.45711
-0.890915
-0.671585
-0.188568
-0.407028
-0.361115
-0.498535
-0.396561
-0.168976
0.0656738
-0.0558319
-0.0779419
-0.0562592
-0.0300598
-0.0862122
-0.106369
-0.0270844
-0.0469971
-0.0443115
-0.0619507
-0.0649567
-0.0714722
-0.0570526
-0.0611267
-0.0305481
0.0274658
0.059433
0.0549469
0.0619812
0.0880127
0.167694
0.174942
0.167221
1.07971
1.25911
1.04793
0.765808
0.654831

[25]
0.484909
-0.15744
-0.155075
0.219727
0.793381
0.801514
0.602127
0.523148
0.364197
0.166687
0.183762
0.185944
0.145538
-0.000579834
-0.144638
-0.934662
-1.44659
-1.89539
-2.30104
-2.60443
-1.2562
0.40834
1.48221
-0.824417
-0.601196
-0.514587
-0.00112915
-0.42485
-0.347916
-0.225677
-0.201141
-0.0778198
-0.0519562
-0.0253601
-0.0498657
0.0352783
-0.0289764
-0.146622
-0.0925446
-0.0820007
-0.0502014
0.338394
-0.0134888
-0.0705109
-0.0281067
-0.0371399
-0.017868
0.0671387
0.0953217
0.128525

[26]
0.146271
0.141342
0.177383
0.280899
1.3726
1.43416
0.768921
0.719086
0.761566
0.0832825
-0.113861
0.227844
0.642624
0.838654
0.672531
0.540634
0.444977
0.23381
0.184006
0.179077
0.147552
0.00512695
-0.112549
-0.368347
-1.10416
-1.78401
-1.9944
-2.59953
-2.42131
-1.05775
1.48592
-0.193695
-1.04276
-0.214233
-0.400269
-0.102814
-0.386871
-0.45639
-0.164658
-0.122147
-0.00106812
-0.0358276
0.00671387
-0.0785065
-0.00758362
-0.0670929
-0.102844
-0.0391235
-0.0563049
-0.0555115

[27]
-0.0221252
-0.0806274
-0.0834961
-0.0689392
-0.0262756
0.0380096
0.0926819
0.131836
0.129852
0.0996246
0.212814
0.184937
0.307465
1.61151
1.30685
0.933441
0.803452
0.800262
0.0945129
-0.0553741
0.090271
0.603333
0.888519
0.685089
0.544861
0.411407
0.214447
0.159286
0.212219
0.149277
0.0788269
-0.367538
-0.795181
-1.43709
-1.90822
-2.34985
-2.57919
-2.01576
1.49518
0.0830231
-0.979294
-0.214417
-0.793701
-0.213089
-0.480194
-0.247055
0.00843811
-0.00619507
-0.0382233
-0.0337982

[28]
-0.00378418
-0.00209045
-0.0669861
-0.0696564
-0.00706482
-0.0254822
-0.0223694
-0.0496826
-0.0945282
-0.0703583
-0.0307465
-0.0148773
0.0164032
0.0679169
0.0950928
0.1642
0.170105
0.13974
0.153259
0.246872
1.74246
1.65588
0.842422
0.939743
1.11452
0.0996704
-0.345795
0.00944519
0.378372
0.901184
0.74115
0.587051
0.523987
0.321152
0.110764
0.122879
0.149979
0.0475311
-0.197418
-0.836151
-1.49715
-1.93764
-2.31729
-2.59717
-1.13818
1.48486
0.335831
-1.35054
-0.0771637
-0.770523

[29]
-0.228287
-0.540192
-0.366913
-0.0653076
-0.115311
-0.0430145
-0.0441742
0.0606689
0.0306549
-0.00971985
-0.0500793
-0.0302582
0.0101929
-0.0559998
-0.0600586
-0.0601807
-0.0247803
-0.0766602
-0.0845184
-0.018219
0.0237732
0.0870972
0.0979614
0.122574
0.140808
0.142624
0.12027
0.488297
2.19167
1.20184
0.684769
0.758804
0.844803
0.0688477
-0.0797729
0.16188
0.602982
0.925385
0.692551
0.572174
0.421799
0.198517
0.153732
0.178909
0.149506
0.00292969
-0.137436
-0.976593
-1.71941
-1.95338

[30]
-2.56322
-2.59019
-0.980286
1.47903
-0.472763
-0.762756
-0.697571
-0.209351
-0.634293
-0.591019
0.0191498
-0.111954
-0.0692596
-0.0620728
0.0145264
0.063858
-0.096817
-0.0577087
-0.116745
-0.144257
0.00437927
-0.0447235
-0.109512
-0.069458
-0.0553589
-0.00694275
0.00959778
0.0215912
0.0738373
0.119598
0.112045
0.0412445
0.15596
0.246017
0.221634
0.596283
1.42867
1.10904
0.926834
0.565872
0.63237
-0.113907
-0.209488
0.261154
0.882721
0.836807
0.592377
0.516235
0.348206
0.243469

[31]
0.216751
0.21846
0.122299
0.0182037
-0.208069
-0.840897
-1.34706
-1.72162
-2.48647
-2.58014
-1.0094
1.49974
0.0319824
-0.981964
-0.381989
-0.712265
-0.360153
-0.428192
-0.192291
-0.0352936
-0.0332489
-0.00875854
0.0159607
0.0357666
0.0329437
0.0344543
-0.0548096
-0.0528259
-0.0301056
-0.0995178
-0.123016
-0.0736694
-0.0614471
-0.066452
-0.0589447
-0.0344543
0.00559998
0.0586548
0.0942688
0.0791168
0.0760498
0.155289
0.0655823
0.311584
1.37755
1.37827
1.03635
0.742859
0.669632
-0.0302734

[32]
-0.182373
0.137848
0.48288
0.797821
0.677521
0.546677
0.434219
0.253952
0.178604
0.203461
0.213974
0.132523
-0.0759277
-0.524353
-1.30911
-1.8222
-2.05298
-2.57086
-2.07935
0.182205
1.49934
-0.579315
-0.487411
-0.836517
-0.387482
-0.566452
-0.281235
-0.0336456
-0.0348816
-0.101852
-0.0611115
-0.030777
0.0431671
0.0351105
0.0459442
0.00186157
-0.0480499
-0.0427399
-0.0709076
-0.107712
-0.126221
-0.0853119
-0.0549622
-0.0325012
-0.00862122
0.0190735
0.0643768
0.0847321
0.0683594
0.104385

