[1]
-0.470367
-0.470367
0.0178223
-0.0560303
-0.0524597
-0.0930939
-0.135254
-0.210266
-0.248398
-0.302063
-0.387756
-0.481476
-0.561722
-0.614883
-0.498032
-0.25528
-0.330688
-0.583176
-0.322113
-0.072998
0.032074
0.218903
-0.0941925
0.719971
0.485886
0.379242
-0.119461
-0.555435
-0.342133
-0.178665
-0.0238342
-0.0503235
-0.0072937
-0.0224152
-0.0632782
-0.132004
-0.138458
-0.0621033
-0.00691223
0.0090332
-0.0742645
-0.0959167
-0.0919342
-0.0713043
-0.0373993
-0.0374756
-0.0644073
-0.0880737
-0.0857849
-0.0750275

[2]
-0.0735931
-0.0864716
-0.0937958
-0.107452
-0.0148773
-0.0162659
-0.010849
-0.0522156
-0.0489502
-0.0833282
-0.106857
-0.0189972
-0.160263
0.128555
0.333511
0.0310516
-0.271866
-0.425568
-0.349808
-0.217773
-0.138443
0.043808
0.0839386
0.0375214
-0.0269318
-0.0126648
-0.00849915
-0.0241394
-0.0809326
-0.150406
-0.183426
-0.233704
-0.260452
-0.467514
-0.595337
-0.666016
-0.839828
-0.843933
-0.691528
-0.27092
0.107071
1.0918
0.015976
-0.160721
-0.381058
-0.241302
-0.232391
-0.0885773
-0.0674438
-0.0283356

[3]
-0.0737305
-0.101547
-0.113892
-0.189865
-0.0770721
0.0194092
0.00367737
-0.0901184
-0.126022
-0.0883789
-0.0429993
-0.0397949
-0.0648804
-0.0688934
-0.132721
-0.070755
-0.0530701
-0.0300446
-0.0323639
-0.016922
0.0975952
0.185608
0.117188
-0.0519867
-0.270111
-0.275131
0.245148
0.428253
-0.0473022
-0.59111
-0.210495
-0.141449
-0.0826721
0.153625
0.218216
0.101837
0.0542908
0.0272217
0.0153198
-0.0456696
-0.14006
-0.180771
-0.221237
-0.267242
-0.405655
-0.588562
-0.758789
-0.709335
-1.04613
-1.02138

[4]
-0.640091
-0.251419
0.102692
0.830582
0.0545502
-0.010025
-0.469986
-0.308243
-0.192902
-0.0962982
-0.110184
-0.029892
0.00460815
-0.0606079
-0.157776
-0.163391
-0.0970154
0.000732422
0.0339661
-0.0486755
-0.105576
-0.0516968
-0.0373077
-0.0462036
-0.0500336
-0.0499115
-0.0253296
-0.0503387
-0.0465698
-0.0399017
-0.00918579
0.116821
0.206421
0.12709
-0.0496521
-0.173676
-0.239288
-0.0338593
0.374481
0.0386353
-0.538803
-0.154572
-0.222549
-0.347565
0.210907
0.240952
0.202026
0.086792
0.128174
0.143799

[5]
0.0872498
0.0831604
0.0687256
0.0578766
-0.0224609
-0.162216
-0.342072
-0.606705
-0.795914
-1.08075
-0.794907
-0.595795
-0.221573
0.514832
0.105865
-0.01474
-0.608368
-0.133774
-0.0749817
-0.203171
-0.0829773
-0.0717163
-0.102646
-0.0628815
-0.155777
-0.0729675
-0.0192719
-0.00796509
-0.0531921
0.016098
0.0148468
-0.0188599
-0.0565796
-0.0624542
-0.00157166
0.00349426
0.0258331
-0.000259399
0.0291443
0.0834656
0.0437012
-0.014679
-0.0777893
0.0906372
0.266052
0.39769
0.318436
-0.139908
-0.323318
-0.37764

[6]
0.0200043
0.0422821
0.177673
0.030014
-0.0372009
0.0206604
0.0293579
0.030777
0.0208588
-0.04599
-0.117996
-0.177063
-0.210602
-0.251801
-0.276459
-0.346466
-0.450302
-0.563385
-0.408661
-0.276337
-0.230118
-0.306747
-0.333984
0.112503
1.1028
0.0735321
0.116882
-0.213455
-0.47641
-0.17276
-0.000473022
-0.217163
-0.0446014
0.0515289
-0.0346222
-0.0551453
-0.075592
-0.055069
-0.0236816
0.00984192
-0.00566101
-0.0272522
-0.0105591
-0.00189209
-0.00146484
-0.0409393
0.00151062
-0.0045166
-0.018219
0.00164795

[7]
0.0367279
0.0113678
-0.0151367
0.0155792
-0.0354004
0.0233459
0.0811005
0.435181
0.0661316
-0.269806
-0.360611
-0.421082
-0.366348
0.226807
0.199402
0.174622
0.127213
0.0816956
0.0917053
0.0590363
0.0388184
0.00767517
0.00202942
-0.0456238
-0.164307
-0.220856
-0.264496
-0.567627
-0.96788
-0.947922
-0.432159
0.00856018
0.384079
0.862213
0.0914764
0.144791
-0.588806
-0.257919
-0.104538
-0.154388
-0.0692596
0.00224304
-0.016861
-0.0397644
-0.105804
-0.0747986
0.00570679
0.0091095
-0.0241699
-0.0196075

[8]
-0.0311584
-0.00309753
-0.00605774
0.0227661
0.00569153
-0.00987244
0.0267029
0.0476227
0.0396729
0.0740967
0.0958862
0.093811
0.0437317
-0.0431824
-0.187088
0.199097
0.363022
-0.0572662
-0.510406
-0.27121
-0.21698
-0.279678
0.290771
0.275772
0.178604
0.0434418
0.0235748
0.0539398
0.000732422
-0.0305634
-0.0178833
0.035965
-0.115906
-0.239838
-0.61763
-0.628342
-1.08162
-1.04584
-0.724091
0.572174
0.548767
0.14238
-0.428238
-0.548508
-0.165787
-0.131592
-0.211823
0.00149536
0.0330811
-0.0346069

[9]
-0.107971
-0.0676117
0.0251312
0.0339508
-0.0161743
-0.0592651
-0.000747681
0.0128632
-0.0300598
-0.0374146
-0.00297546
0.00613403
0.00610352
0.105621
0.122269
0.0917511
0.185959
0.0687103
0.0232544
-0.0737
-0.143112
0.398376
-0.197235
-0.569855
-0.345718
-0.219757
-0.0143127
0.272491
0.20578
0.216446
0.133499
0.148193
0.131744
0.0685425
0.0652008
0.118958
0.13147
0.185242
-0.0948334
-0.115341
-0.345444
-0.622513
-0.935852
-0.748306
-0.563431
-0.591827
1.51347
0.0868988
0.140991
-0.839325

[10]
-0.263428
0.00537109
-0.131134
-0.147186
-0.00714111
-0.0463409
-0.00959778
-0.125107
0.0462036
0.0243225
0.0189514
-0.0215149
0.00608826
0.00537109
-0.0232697
-0.0223541
-0.0206451
0.0312653
0.00341797
0.00158691
0.0708313
0.0522003
0.0326233
0.0139313
0.0596161
0.0859222
0.0658569
0.0510712
0.0492096
0.170105
0.353256
-0.0376892
-0.267227
-0.347931
-0.286316
-0.284042
0.170624
0.212082
0.162231
0.0777893
0.0953979
0.0605164
0.0491028
0.0157928
-0.0147858
-0.00758362
-0.0445557
-0.00395203
-0.196869
-0.284897

[11]
-0.352036
-0.561295
-0.75415
-0.52301
-0.456909
-0.0158997
0.207214
0.95575
0.117615
0.281342
-0.654678
-0.422607
-0.0294189
-0.0269165
-0.0757904
-0.01474
0.00970459
-0.0256958
-0.0703583
-0.0965729
0.00332642
0.035202
-0.0175323
-0.0462952
-0.0287933
-0.00750732
0.0151062
-0.00802612
-0.0140381
-0.00942993
0.0183868
0.0215302
0.0239258
0.00526428
-0.0170441
0.0113983
0.0779114
0.079483
0.0582428
-0.0574799
-0.0113831
-0.086792
0.266586
0.333344
-0.0644684
-0.328018
-0.312851
-0.165131
-0.242889
0.196625

[12]
0.21373
0.171799
0.10675
0.133591
0.11879
0.0985107
0.0830231
0.085144
0.0783386
0.0674591
-0.06633
-0.129166
-0.433609
-0.746063
-1.29404
-1.43704
-0.945251
0.318253
0.966431
-0.253113
-0.0617218
-0.465546
-0.0949402
-0.122772
-0.0754242
-0.1707
-0.0683594
0.0433807
0.0255585
-0.0676422
-0.123383
-0.0573578
0.0263977
0.0170441
-0.015686
-0.0521545
-0.0540466
-0.00907898
0.0221863
0.000686646
-0.0145264
-0.013382
0.00241089
0.0169525
0.0318756
0.0458221
0.0942841
0.100128
0.045166
0.00375366

[13]
-0.11438
-0.0441742
0.167511
0.550781
0.178177
-0.385223
-0.444244
-0.31633
-0.0392456
0.0383759
0.212601
0.273788
0.19545
0.135056
0.115097
0.0856018
0.0343781
-0.0472565
-0.0717773
-0.0941467
-0.181198
-0.36644
-0.4422
-0.620804
-1.11839
-1.17044
-0.85907
-0.499969
0.987396
0.530823
-0.0561829
-0.00636292
-0.561096
-0.28093
-0.099823
-0.0401154
-0.100723
0.00196838
0.000350952
-0.0491333
-0.0728455
-0.157074
0.00532532
0.0727997
0.059021
-0.0262299
-0.0146484
0.0243073
0.00906372
-0.0213318

[14]
-0.0131683
0.0186005
-0.0139618
-0.00843811
0.0533295
0.0534668
0.0823669
0.0874176
0.0383911
0.0314178
0.0105133
0.0384827
0.0728455
0.448166
0.096344
-0.24173
-0.39357
-0.347107
-0.242645
0.143585
0.209503
0.260681
0.170563
0.110382
0.0984039
0.0692749
0.0505371
0.00865173
-0.00637817
-0.0348816
-0.19278
-0.468643
-0.724747
-0.779877
-1.12059
-0.960739
-0.874741
0.175491
1.90152
0.0401459
0.079895
-0.250076
-0.479553
-0.195755
-0.0524902
-0.0453491
0.0131683
-0.0212708
-0.058197
-0.030777

[15]
-0.125183
-0.0327301
0.0852051
0.036499
-0.0261993
-0.022995
0.00733948
0.0115662
0.0210266
0.0348053
0.0137787
0.0158539
0.0129547
0.0327606
0.0646667
0.095871
0.0860443
0.0365906
0.0202637
-0.0852814
-0.127075
0.231735
0.470779
-0.0720825
-0.214218
-0.26503
-0.350754
-0.253403
0.187225
0.159821
0.214264
0.0748444
0.0222626
0.082962
0.0778351
0.0276184
-0.0157776
-0.00480652
0.0413818
-0.121735
-0.262939
-0.45517
-0.522202
-0.922592
-0.978882
-0.674698
0.0255127
1.40987
0.203003
0.169678

[16]
-0.0820618
-0.669785
-0.227264
-0.0608215
-0.0825195
0.0358429
0.0198517
-0.0858154
-0.0939026
-0.125183
0.0226593
0.0180054
0.0341949
0.00183105
0.0176239
0.0228424
0.0230255
0.0214233
0.0159607
0.00492859
0.0113678
0.0373688
0.0611725
0.0368195
0.062149
0.0665283
0.0838318
0.0563354
-0.00349426
-0.110229
0.038559
0.52446
0.148315
-0.277771
-0.394958
-0.380005
-0.07164
0.0830841
0.189041
0.242874
0.134766
0.120316
0.125229
0.0774689
0.0233917
0.00305176
-0.00114441
-0.0287323
-0.136993
-0.359436

[17]
-0.658844
-0.812363
-0.903641
-0.905319
-0.548691
-0.306458
0.14183
1.04391
0.31662
0.205627
-0.14769
-0.739273
-0.372314
-0.0404816
-0.0607452
0.0220032
0.0216675
-0.0312347
-0.0391388
-0.0903473
-0.0122375
0.0766144
0.0759125
-0.0416107
-0.0542908
0.0159912
0.0441589
-0.00480652
-0.00845337
-0.00991821
0.000793457
0.00546265
0.00193787
0.0313263
0.0398102
0.10466
0.0386047
0.0575562
0.04216
0.0760345
-0.0691071
0.343048
0.379013
-0.0685883
-0.391754
-0.315323
-0.286682
-0.150543
0.243118
0.214401

[18]
0.21254
0.117355
0.136093
0.0827942
0.016861
-0.0173492
-0.025238
-0.0739136
-0.148224
-0.462936
-0.675217
-0.749008
-0.831543
-0.912186
-0.981384
-0.261429
0.802933
1.11673
0.0764008
0.158066
-0.374893
-0.675034
-0.169693
-0.0625916
-0.0417023
0.0433044
-0.0236816
-0.0533752
-0.106476
-0.115784
-0.019928
0.106888
0.0863342
-0.00926208
-0.0184326
0.0107727
0.0183868
-0.026062
-0.0204163
-0.0288849
0.0200653
0.0399475
0.0565338
0.0505371
0.115219
0.0455322
0.0555878
0.0423279
-0.0711365
-0.0506134

[19]
0.538605
0.401276
-0.223541
-0.623444
-0.378448
-0.154877
0.0376282
0.241501
0.239456
0.240082
0.152191
0.111038
0.0191803
-0.0244904
-0.126617
-0.177277
-0.181015
-0.220596
-0.534775
-0.590271
-0.755783
-0.876953
-0.851395
-0.570374
-0.0460815
0.455338
1.4101
0.320587
0.136383
-0.544327
-0.506683
-0.119568
-0.0556641
0.01297
0.0529175
-0.032074
-0.114059
-0.107712
-0.0104675
0.0405579
0.0353088
-0.0483246
-0.0281677
0.00360107
0.0136719
0.00787354
0.0178375
0.0279083
0.0237427
0.0184784

[20]
0.0557556
0.0849457
0.0957642
0.0746002
0.0817719
0.0622864
-0.0624695
0.0122681
0.237823
0.489441
-0.0312653
-0.490387
-0.277908
-0.112854
-0.0672455
0.1539
0.214172
0.17984
0.138687
0.0891266
0.0871429
0.050293
0.00772095
-0.0662079
-0.072998
-0.116043
-0.282196
-0.471878
-0.763046
-0.886673
-1.13168
-0.832245
-0.661057
0.145462
1.61754
0.578735
-0.048645
0.00436401
-0.7341
-0.344208
-0.0531769
-0.0509491
-0.00463867
0.0485077
-0.0173187
-0.11438
-0.147873
0.0423431
0.0784302
0.00636292

[21]
-0.0497284
0.0151825
0.0545959
0.0493927
0.0200958
0.00219727
0.036911
0.0527496
0.0652466
0.0513458
0.0315704
0.0569763
0.100098
0.127625
0.12883
0.0379028
-0.0986633
0.34343
0.236359
-0.121811
-0.354309
-0.272324
-0.0658722
-0.11409
0.145523
0.207626
0.140503
0.0743408
0.0787659
0.10968
0.0812836
0.0477905
0.014389
-0.0193939
-0.0469666
-0.21611
-0.408447
-0.66481
-0.775162
-1.45425
-1.21674
-0.770096
-0.266968
1.5267
0.288757
0.0149384
-0.116745
-0.57283
-0.357651
-0.0419006

[22]
0.0199432
-0.0337524
0.0425873
-0.00692749
-0.0590515
-0.145416
-0.0462799
0.0675964
0.0487823
-0.0354614
-0.0379639
0.016098
0.0340729
0.00524902
0.00712585
0.0302887
0.0521851
0.0243683
0.0350952
0.0212555
0.0353241
0.102051
0.162506
0.124954
-0.0132751
-0.191971
-0.0651398
0.170532
0.684647
0.041687
-0.278854
-0.286728
-0.365753
-0.197983
0.216965
0.221237
0.247437
0.129791
0.1194
0.139771
0.137878
0.0922699
0.0670166
0.0687256
0.0962219
-0.1297
-0.268417
-0.523056
-0.734146
-1.23767

[23]
-1.08923
-0.892532
0.0946198
0.649643
0.0164642
0.0810699
-0.536484
-0.348175
-0.027771
-0.014801
-0.060257
-0.00166321
-0.0110016
-0.0510864
-0.103973
-0.0805664
0.0219116
0.0671692
-0.0285187
-0.0572052
-0.0541382
-0.00872803
0.039917
0.0373535
0.0130768
0.00743103
0.0315857
0.0456696
0.0715637
0.043808
0.0550385
0.168365
0.169693
0.0701294
-0.169708
-0.109039
0.166977
0.570465
0.1931
-0.238113
-0.343811
-0.269272
-0.188675
0.303726
0.238388
0.179138
0.0429077
0.0727234
0.0619202
-0.0246124

[24]
-0.134811
-0.169571
-0.198792
-0.234314
-0.336395
-0.566437
-0.53006
-0.469925
-0.988098
-1.32416
-0.852417
0.17308
1.80757
0.199692
0.087265
-0.141098
-0.747665
-0.414551
-0.0255585
0.0484009
0.00613403
0.0341492
-0.0193024
-0.121414
-0.133011
-0.0132904
0.0930023
0.0293579
-0.0272522
-0.0332642
0.0368958
0.036026
0.00158691
-0.0256805
0.00195312
0.00286865
0.000900269
0.0337067
0.0260773
0.113525
0.11441
0.0549774
0.00169373
-0.0558624
0.0477295
0.181015
0.430679
0.252014
-0.139908
-0.455978

[25]
-0.285324
-0.267426
-0.0955048
0.209076
0.180984
0.147583
0.0666656
0.0814819
0.0534515
0.0107117
-0.0569458
-0.0622711
-0.0889282
-0.115097
-0.404861
-0.60556
-0.77005
-0.87294
-1.06575
-0.719177
-0.172729
0.567703
1.10858
0.123642
0.0861359
-0.242096
-0.651199
-0.253235
-0.00579834
0.0266113
0.00968933
-0.0121307
-0.0501099
-0.0875092
-0.126343
-0.000823975
0.0462189
0.01091
-0.0154724
0.00320435
0.0395355
0.0329132
0.00474548
-0.0146942
-0.00288391
0.0213776
0.0690155
0.0768433
0.0578156
0.120911

[26]
0.0538177
0.0443878
0.034256
0.03685
0.0991364
0.37851
0.134476
-0.180191
-0.39859
-0.460876
-0.220123
0.156998
0.247696
0.294022
0.183502
0.119995
0.119278
0.0812225
0.0390015
-0.0452728
-0.0897827
-0.12439
-0.201416
-0.484848
-0.628189
-0.760941
-0.963379
-0.703094
-0.590591
-0.0432587
0.88887
0.888596
-0.00518799
0.0805206
-0.71228
-0.454056
-0.133072
-0.00642395
0.0272064
-0.00131226
0.00265503
-0.045639
-0.0780945
-0.0635376
0.0486908
0.0515137
0.00196838
-0.0112915
0.019104
0.0379791

[27]
0.0241699
-0.00262451
-0.010025
0.0101776
-0.00202942
0.0340271
0.0346527
0.047348
0.12767
0.0694122
0.0484314
-0.0250702
0.05513
0.129486
0.467209
-0.0017395
-0.447525
-0.278641
-0.383652
-0.262344
0.138992
0.164261
0.207413
0.130173
0.0825043
0.124619
0.121399
0.061203
0.0447693
0.0877686
0.120178
0.104462
-0.246521
-0.462387
-0.740692
-1.26237
-0.826645
-0.365036
1.17345
0.329987
0.10939
-0.178299
-0.561951
-0.137253
0.0362396
-0.14679
-0.0382996
-0.0296478
-0.0868225
-0.0679321

[28]
-0.0621796
-0.0213013
0.0112
0.0557861
0.0354462
0.0284119
0.00115967
-0.0252838
0.00112915
0.0380249
0.0389557
0.0245514
0.0564117
0.0710602
0.0978546
0.127151
0.0858002
0.0683441
0.0287933
-0.0454254
0.119781
0.589523
0.117584
-0.53598
-0.346985
-0.444855
-0.33194
0.0809326
0.104752
0.171494
0.143967
0.0812988
0.0878601
0.0886078
0.0557098
0.00231934
-0.044693
-0.0474091
-0.243927
-0.516342
-0.613235
-0.71347
-1.35793
-0.811203
-0.0999298
0.430649
1.25511
0.201248
0.024704
-0.786774

[29]
-0.192184
-0.0104675
-0.127441
-0.0299377
0.0757294
-0.0144806
-0.0689545
-0.119415
0.01651
0.0447235
0.00737
-0.0137787
0.0218506
0.03302
0.00758362
0.0209503
0.0305328
0.00497437
0.0459442
0.0903015
0.0773773
0.0680542
0.0705872
0.104874
0.0974731
0.0849609
-0.0500641
-0.107254
0.248276
0.503036
0.0258026
-0.586487
-0.274521
-0.276962
-0.180389
0.223114
0.169357
0.214859
0.11998
0.0510864
0.0627899
0.0487518
0.0191803
-0.0646362
-0.0975952
-0.13559
-0.40097
-0.641602
-0.771973
-0.873352

[30]
-1.23982
-0.662552
-0.0913086
1.74342
0.313492
-0.0219574
-0.661453
-0.224548
-0.121536
-0.174438
-0.111069
0.0667572
0.0379791
0.0012207
-0.21875
0.0321655
0.14949
0.0381012
-0.0524902
0.0287628
0.0752258
-0.0227966
-0.0455017
-0.0459442
0.0278625
0.0253143
0.0306091
0.0497437
0.0258179
0.11702
0.174271
0.104706
0.0731812
-0.0472107
-0.0783539
-0.165222
0.175903
0.289856
0.0817108
-0.445953
-0.264313
-0.203033
-0.157059
0.267197
0.237335
0.202072
0.143616
0.136047
0.10025
0.0728912

[31]
0.0786743
0.0501556
0.0361938
0.00111389
-0.201508
-0.369812
-0.475372
-0.710602
-1.10612
-0.778854
-0.268265
1.07518
0.581543
0.122345
-0.45108
-0.377655
-0.080658
-0.0531616
-0.0966187
-0.0322266
0.0200958
-0.0337372
-0.0569763
-0.0809937
-0.000900269
0.0412598
0.0276337
0.00184631
0.0269318
0.0495453
0.060257
0.0380554
-0.0202637
0.00143433
0.000930786
0.0234528
0.0574036
0.0233459
0.0420685
0.087265
0.0438843
0.0711517
-0.095047
-0.00267029
0.161087
0.593979
0.0485687
-0.312012
-0.485901
-0.368576

[32]
-0.127197
0.0412445
0.116241
0.154785
0.088562
0.0547638
0.0908508
0.08461
0.0534515
0.016922
0.0220795
0.0316162
-0.0808563
-0.254684
-0.446106
-0.587372
-0.943832
-0.733032
-0.390396
0.257736
1.30656
0.273346
-0.0633392
-0.633682
-0.199387
0.00743103
0.00227356
-0.120041
0.0196991
-0.0531158
-0.0861816
-0.100494
-0.00524902
0.0657959
0.0194092
-0.0331726
0.00471497
0.0555573
0.0300446
0.00105286
-0.0110626
0.0209351
0.0114899
0.00224304
0.0141449
0.0494232
0.0601501
0.064743
0.0752411
0.0637665

