[1]
0.125778
-0.219818
-0.185272
-0.187073
-0.0667419
-0.248245
-0.223022
-0.491531
-0.494904
-0.386673
-0.204468
-0.139038
-0.119385
-0.0697632
-0.0509491
-0.0457306
-0.0540314
-0.0713501
-0.0171051
0.139069
0.258957
0.116455
-0.046936
-0.0336304
0.068985
0.112732
0.0896454
0.0595093
0.147736
0.231445
0.791779
-0.234116
0.796524
0.256851
-0.182709
-0.624832
-0.342911
-0.0531158
0.175598
0.157257
-0.022522
-0.209671
-0.176193
0.00559998
0.0262146
-0.0155334
-0.0310669
-0.0487518
-0.0681305
-0.0780945

[2]
-0.042099
0.0428314
0.00601196
-0.0561523
-0.150436
-0.119965
-0.109222
-0.0914307
-0.154053
-0.258148
-0.494888
-0.159149
-0.0845795
-0.0149231
-0.0846863
-0.468475
-0.608124
-0.594604
-0.607834
-0.400909
-0.245102
-0.176743
-0.175201
-0.125641
-0.0477448
-0.0265656
-0.027771
0.0536957
0.116867
0.26561
0.263489
0.323471
0.306915
0.260086
0.199905
0.204865
0.198776
0.190857
-0.0217743
0.430466
0.582565
0.0962677
-0.0561218
-0.00532532
0.288101
-0.033783
-0.29776
-0.176071
-0.0301361
-0.126907

[3]
-0.0803375
-0.183105
-0.0779114
0.0641785
-0.0312195
0.00540161
-0.0907745
-0.0585632
-0.0646973
-0.0613708
-0.0588074
-0.117752
-0.0623474
-0.0571594
-0.0459595
-0.119965
-0.33728
-0.38501
-0.31189
-0.182693
-0.241974
-0.361038
-0.521133
-0.451965
-0.15181
-0.478073
-1.19461
-0.810883
-0.481247
-0.251587
-0.30896
-0.308075
-0.237778
-0.283188
0.00691223
0.0489044
0.104843
0.226959
0.603271
1.05713
0.84729
0.543762
0.369308
0.324707
0.249344
-0.772385
1.22017
0.617081
0.265228
-0.860046

[4]
-0.640945
-0.0500946
0.15065
-0.0226746
-0.104904
-0.119431
-0.0773773
-0.00382996
-0.00830078
-0.0705414
-0.150848
-0.13562
-0.0161133
-0.0396118
-0.0430908
-0.130798
-0.159836
-0.208618
-0.117447
-0.075058
-0.315277
-0.209045
-0.651306
-0.227814
-0.406494
-0.686371
-0.628586
-0.621964
-0.453354
-0.392151
-0.197922
0.00727844
0.00164795
0.00834656
0.00158691
-0.0211487
-0.00128174
0.0651398
0.12413
0.261505
0.419281
0.728653
0.625137
0.534637
0.28566
0.181976
0.178513
0.237396
0.538284
0.883682

[5]
-0.301758
1.24118
0.82692
0.817841
-0.233856
-0.499893
-0.207901
0.0639038
-0.0462952
-0.0522919
-0.0383301
-0.035965
-0.0560913
-0.0364838
-0.0220184
-0.0437012
-0.104462
-0.0800323
0.0413055
-0.0515747
-0.0753021
0.00750732
-0.0870972
-0.163956
-0.248383
-0.188797
-0.184708
-0.230408
-0.173141
-0.308533
-0.00114441
-0.129349
-0.223557
-0.375885
-0.560638
-0.404221
-0.128677
-0.632111
-0.107407
-0.946564
-0.473801
-0.640808
-0.614609
-0.2724
-0.433136
-0.190842
-0.0266876
0.135391
0.131104
0.055191

[6]
0.0829926
0.0906219
0.0991364
0.201279
0.278839
0.174149
0.273972
0.359467
0.401932
0.468506
0.46579
0.385849
0.421875
0.398056
0.379456
0.316895
0.156448
-0.258575
0.789383
0.227707
-0.350082
0.290894
-0.101318
-0.14122
-0.023407
0.0443878
-0.110352
-0.125168
-0.097702
-0.0740204
-0.0730896
0.0375824
0.0274048
-0.120041
-0.149399
-0.145828
-0.0843506
-0.0851593
-0.126251
-0.219742
-0.31282
-0.24852
-0.442673
-0.343872
-0.0544739
-0.446808
-0.751266
-0.803787
-0.66864
-0.845963

[7]
-1.0565
-0.705597
-0.794617
-0.548981
-0.401611
-0.409271
-0.361099
-0.23085
0.0190277
0.137894
0.276947
0.255035
0.326218
0.390533
0.438675
0.405441
0.367172
0.239899
0.249039
0.26738
0.434692
0.560638
0.671463
0.552963
0.644424
0.681061
-0.00753784
0.829742
0.70961
0.133911
-0.440964
-0.162369
-0.0974884
-0.24791
-0.204575
-0.154968
-0.0149231
-0.00517273
0.0517883
-0.0956116
-0.106735
-0.0745239
-0.0957642
-0.0923157
-0.185684
-0.1763
-0.157043
-0.200195
-0.251251
-0.39653

[8]
-0.0994873
0.0633392
-0.424881
-0.46196
-0.198227
-0.446503
-0.353851
-0.426544
-0.727921
-1.19693
-0.819763
-0.792847
-0.590775
-0.417953
-0.425415
-0.30394
-0.0996704
0.0518494
0.0496368
0.146362
0.196381
0.129272
0.277512
0.42244
0.581436
1.20743
1.14505
0.766815
0.929352
-1.65704
2.33891
2.28339
-0.3396
-0.563171
-0.169174
0.111237
0.0339355
0.168945
-0.146744
-0.0126953
-0.116577
-0.117935
-0.0313721
0.0664825
0.0372009
-0.00259399
-0.0843658
-0.000228882
0.027832
0.0511932

[9]
-0.107056
-0.12616
-0.108444
-0.0884094
0.0714874
-0.0354309
-0.0400085
-0.0492249
-0.0295563
-0.121796
-0.00912476
0.136459
-0.0279999
-0.121597
0.052948
-0.0908356
-0.130219
-0.120407
-0.223953
-0.208344
-0.693436
-0.369675
-0.444717
-0.323608
-0.292053
-0.101044
0.0411224
0.088562
0.054718
0.0337524
0.029129
0.0633087
0.148727
0.286118
0.403061
0.454834
0.481552
0.435669
0.417328
0.319397
0.214935
0.149719
0.020401
-0.126236
-0.148331
-0.76503
0.758316
0.128922
0.342224
-0.0536346

[10]
-0.33371
-0.0203094
-0.211548
-0.111603
0.00497437
0.0195465
-0.00283813
0.00108337
-0.123398
-0.120285
-0.0853424
-0.0350952
0.0286255
-0.0166168
-0.0164948
0.022583
-0.0122528
-0.0273895
-0.097641
0.00216675
-0.0292816
0.00767517
-0.0548859
-0.0261688
-0.0126648
-0.0203247
-0.0591278
-0.251602
-0.203278
-0.220078
-0.143143
-0.115707
0.0218658
-0.0455322
-0.109604
-1.02306
-0.758514
-0.675049
-0.93483
-0.721893
-0.432755
-0.322266
-0.344467
-0.249985
-0.145645
-0.094986
-0.131897
-0.173294
-0.0511932
0.166809

[11]
0.204285
0.258713
0.389282
0.347076
0.304428
0.223038
0.236267
0.134521
0.224411
0.230118
0.178818
0.171539
0.227081
0.336578
0.518951
0.468689
0.509933
0.432983
0.648254
-0.0126343
-0.404007
0.835571
-0.0838623
-0.243896
-0.23761
0.130341
0.134949
0.118683
0.0587769
-0.100891
-0.143936
-0.0589752
0.0950012
0.0107422
-0.0257263
-0.172409
-0.157562
0.0343781
0.0375519
-0.0111847
-0.0556793
-0.134018
-0.139404
-0.0866852
-0.0219727
-0.156784
-0.233124
-0.142624
-0.149612
-0.402954

[12]
-0.569168
-0.420715
-0.360504
-0.837936
-0.681564
-0.282181
-0.25473
-0.209778
-0.127609
-0.0689545
-0.108444
-0.145676
-0.0652618
0.107239
0.211761
0.237793
0.256927
0.401505
0.54657
0.568756
0.482193
0.454269
0.404495
0.26944
0.0203094
-0.0276184
0.119705
0.211792
0.365768
0.921799
0.103149
-0.198593
-0.469223
0.930725
-0.0151825
-0.454773
-0.00354004
0.0322723
-0.131683
-0.0142212
-0.00741577
-0.0997925
-0.121872
-0.0524139
0.00254822
-0.0315704
-0.0405273
-0.0802155
-0.127182
-0.0878143

[13]
-0.110214
-0.00575256
-0.0664825
-0.167343
-0.28157
-0.205338
-0.192368
-0.100815
-0.232361
-0.539795
-0.481796
-0.287903
-0.647552
-0.970749
-0.515518
-0.468704
-0.431641
-0.32196
-0.281006
-0.271469
-0.221954
-0.218063
-0.214493
-0.204453
-0.0153656
0.0405579
0.0840607
0.157455
0.180237
0.280731
0.383331
0.415634
0.350281
0.396606
0.55542
0.547333
0.572861
0.611435
0.647903
1.10524
0.268677
0.269867
-0.247009
0.543213
-0.332169
-0.19194
0.0604248
0.104843
-0.0234833
-0.159241

[14]
-0.103333
-0.175354
-0.0747528
0.064621
0.0526276
-0.061203
-0.0818329
-0.0881958
-0.0313416
-0.0191498
-0.0619812
-0.0976257
-0.0821075
-0.130844
-0.211792
-0.220795
-0.107422
-0.140411
-0.14267
-0.259766
-0.413818
-0.321854
-0.426331
-0.557205
-0.904037
-0.430466
-0.268082
-0.14975
-0.270248
-0.227097
-0.18396
-0.23259
-0.263626
-0.198425
-0.063446
-0.0110168
0.0109558
0.000946045
0.107986
0.174454
0.191574
0.144669
0.104095
0.0641327
0.105194
0.168655
0.285507
0.352844
0.404144
0.465469

[15]
0.485336
0.784775
1.23653
-0.373245
0.591217
-0.950562
0.713043
-0.0601807
-0.466614
0.0883179
-0.0075531
-0.145447
-0.0550995
-0.181671
-0.0954285
-0.0662231
0.0714569
0.0243988
-0.0492706
-0.120651
-0.142242
-0.0656128
-0.0720215
-0.093338
-0.100143
-0.0834351
-0.0672913
-0.149597
-0.21051
-0.160156
-0.18634
-0.512634
-0.6035
-0.34407
-0.144501
-0.437561
-0.742142
-0.144333
-0.22139
-0.149368
-0.295227
-0.263
-0.316223
-0.360931
-0.371429
-0.259903
-0.116043
-0.065033
-0.0614624
0.0155487

[16]
0.153992
0.173782
0.178879
0.180893
0.2005
0.177094
0.148727
0.147552
0.223373
0.26857
0.33757
0.334488
0.360153
0.518204
0.566864
0.556549
1.36714
-0.264771
0.295044
-0.584869
0.582993
-0.135437
-0.274429
-0.0746765
0.00216675
-0.142136
-0.0623322
0.0130005
-0.013855
0.0478058
0.0320129
-0.0743256
-0.0516205
-0.052597
-0.0787964
-0.0423431
0.0132904
-0.0188599
-0.127029
-0.0839386
0.0146179
-0.0698395
-0.360916
-0.340469
-0.0988464
-0.033844
0.0824738
-0.286972
-0.539383
-0.424942

[17]
-0.517532
-0.770233
-0.639862
-0.4086
-0.270172
-0.300171
-0.272705
-0.137665
-0.207016
-0.208664
-0.150665
-0.0539703
-0.00259399
0.0467834
0.0583801
0.0311737
0.108749
0.229843
0.25116
0.28624
0.285278
0.294266
0.35321
0.434128
0.40036
0.414505
0.477829
0.441513
1.06706
-0.311859
-0.0993195
-0.19751
0.520691
-0.167725
-0.309235
-0.0559998
0.0915527
0.00947571
-0.040863
-0.124191
-0.14003
-0.00819397
0.0644531
-0.00717163
-0.0531616
-0.0500183
-0.0626221
-0.0371704
-0.0727997
-0.137131

[18]
-0.162827
-0.130295
0.0312653
-0.0697174
-0.233856
-0.224823
-0.301529
-0.0461578
-0.513504
-0.633698
-0.611221
-0.609192
-1.0134
-0.704636
-0.309937
-0.311035
-0.296936
-0.154099
0.0311127
-0.0789642
-0.119354
-0.103195
-0.0550995
0.123428
0.26265
0.345703
0.35553
0.338959
0.419266
0.308151
0.289185
0.355972
0.352493
0.279053
0.237488
0.278641
0.320953
0.623932
1.1432
0.100067
0.265961
-0.233521
0.537918
-0.107254
-0.380188
-0.0724487
0.0188141
0.0832062
-0.120438
-0.184952

[19]
-0.03479
0.00167847
0.00390625
-0.0338287
-0.0882568
-0.0369873
-0.0120239
-0.0943298
-0.0628815
-0.128708
-0.182953
-0.104462
-0.0847931
-0.0856171
-0.290985
-0.180847
-0.177155
-0.546234
-0.610428
-0.491501
-0.407822
-0.475113
-1.24829
0.154404
-0.455414
-0.129837
-0.200607
-0.126694
-0.177521
-0.221924
-0.262314
-0.230103
-0.108109
-0.025589
-0.0108185
0.0406036
0.165482
0.122406
0.12735
0.111465
0.0265656
0.022934
0.13092
0.253769
0.333084
0.392242
0.444626
0.671432
0.857452
1.13359

[20]
0.0192719
0.990387
-0.300186
0.375351
-0.261429
-0.224594
0.0523376
-0.0243073
-0.110306
-0.158707
-0.121384
-0.107773
0.0652161
-0.00161743
0.00549316
-0.0251465
-0.0205231
-0.0485992
-0.12326
-0.148911
-0.191315
-0.171677
0.0179596
-0.0490875
-0.145737
-0.351608
-0.140274
-0.490952
-0.399109
-0.662338
-0.478195
-0.491318
-0.711258
-0.501877
-0.254974
-0.134537
-0.230515
-0.316681
-0.294083
-0.309753
-0.236771
-0.162033
-0.0627594
0.0117645
0.0512848
0.0441895
0.202072
0.141418
0.238495
0.243149

[21]
0.254776
0.204498
0.198547
0.233353
0.189987
0.231567
0.37439
0.588165
0.68219
0.750565
1.49846
0.615631
0.422394
0.372513
0.283432
-0.304428
-0.526672
-0.00857544
-0.0246277
0.0694122
0.0904541
0.0239868
-0.0524597
-0.0464478
0.00973511
0.00874329
0.00794983
-0.0846558
-0.134842
-0.0987091
-0.0607452
-0.0813751
-0.0957489
0.00994873
-0.048584
-0.145142
-0.166061
-0.359528
-0.403488
-0.458939
-0.474777
-0.646393
-1.08601
-0.0739746
-0.835938
-0.340683
-0.219376
-0.136703
-0.179153
-0.195908

[22]
-0.16983
-0.174393
-0.189407
-0.128357
-0.0239563
0.0771027
0.10408
0.075531
0.134827
0.125336
0.193451
0.213135
0.215912
0.203018
0.31897
0.372452
0.427856
0.463135
0.466721
0.522995
0.591156
0.643723
0.183044
1.08856
0.140686
-0.262848
0.227737
-0.177216
-0.252167
-0.0146637
0.192657
0.0713348
-0.0669708
-0.213959
-0.0869293
0.0402222
0.134964
0.035965
-0.100555
-0.000366211
0.0169373
0.0702515
-0.0741119
-0.118134
-0.278534
-0.206619
-0.126831
-0.0284729
0.0240173
-0.0691833

[23]
-0.0469055
-0.244278
-0.482483
-0.331757
-0.40181
-0.395615
-0.262039
-0.84259
-0.744217
-0.725342
-0.621384
-0.542252
-0.342896
-0.330124
-0.101944
-0.0765533
0.0632629
0.144287
0.243271
0.287369
0.272842
0.358765
0.383209
0.473282
0.520981
0.558685
0.435913
0.511398
0.359268
0.593094
-0.0359344
-0.00592041
0.763702
0.474777
-0.228516
-0.368393
-0.166351
0.0611115
0.0998993
-0.0150146
-0.112076
-0.145447
-0.101624
0.0387573
-0.045578
-0.0461884
0.0540771
-0.0284882
-0.030365
-0.0639801

[24]
-0.0506134
-0.0377045
-0.0799866
-0.164536
-0.0643463
-0.138794
-0.103897
-0.153046
-0.409012
-1.02299
-0.50502
-0.597015
-0.194885
-0.473953
-0.703506
-0.563522
-0.558014
-0.486298
-0.308807
-0.222321
-0.200775
-0.144135
-0.167542
-0.00497437
0.0602112
0.0892639
0.120117
0.113495
0.279877
0.454254
0.528381
0.64534
0.734924
0.781265
0.788086
0.471909
0.336334
0.4841
0.514511
-0.131546
0.791428
-0.355011
0.409409
-0.257812
-0.213058
-0.0774231
0.067337
0.0220184
-0.0402374
-0.103149

[25]
-0.112289
-0.0604553
0.0354156
-0.0215302
-0.0270386
-0.0432434
-0.0032959
-0.0293732
-0.125046
-0.121231
-0.0489044
-0.135574
-0.244904
-0.212143
-0.294037
0.0514221
0.245316
0.123825
-0.464157
-0.764496
-0.993179
-0.286179
-0.654846
-0.937241
-0.82341
-0.624283
-0.358871
-0.0965729
-0.0713196
0.00657654
0.100174
0.0951233
0.0218964
-0.0161438
-0.0653687
-0.0253296
0.0185547
0.128998
0.195694
0.256958
0.314545
0.33287
0.290604
0.343735
0.396347
0.446594
0.48967
0.509598
0.449188
0.62764

[26]
0.531448
-0.28981
0.935486
-0.390106
0.121567
-0.170746
-0.0334625
0.0374908
0.229843
0.0545349
-0.109497
-0.209076
-0.127136
-0.0279694
0.0199585
-0.0341797
-0.0860291
-0.0721436
0.0702209
-0.0576324
-0.0480042
-0.0503082
-0.07901
-0.0727234
-0.122772
-0.131454
-0.0987091
-0.245178
-0.133148
-0.174744
-0.110825
-0.312546
-0.658386
-0.356583
-0.227341
-0.34967
-0.723785
-0.615143
-0.558044
-0.59375
-0.410919
-0.338181
-0.238281
-0.158478
0.0284424
0.133087
0.19165
0.204086
0.209137
0.285492

[27]
0.283447
0.291092
0.476456
0.472092
0.707703
0.767975
0.744034
0.47023
0.447311
0.926651
0.606384
-0.349182
0.8974
-0.80191
0.401093
-0.071701
-0.131607
-0.0689087
0.190536
0.0674286
-0.144836
-0.108276
-0.0557251
0.0810242
-0.0448608
-0.0315552
-0.0687866
0.00431824
-0.0392303
-0.0792389
-0.131546
-0.165695
-0.106552
-0.203003
-0.19165
-0.151352
-0.104172
-0.17247
-0.193024
-0.411087
-0.729614
-0.887787
-0.35437
-0.371078
-0.820496
-0.460541
-0.302902
-0.23703
-0.177078
-0.156982

[28]
-0.164169
-0.0917053
-0.0843353
-0.0640869
-0.0783386
-0.0511017
0.0538483
0.0733795
0.116501
0.169128
0.216553
0.282822
0.337204
0.327637
0.331299
0.358047
0.471069
0.469589
0.534683
0.572586
0.706329
0.293991
-0.811386
1.05566
-0.236099
-0.00463867
-0.155151
0.157028
0.106461
0.0889893
-0.00144958
-0.220322
-0.185303
0.0135193
0.085022
0.0711975
-0.0703278
-0.0383606
-0.00518799
0.0269012
-0.0178833
-0.0254211
-0.0654144
-0.0822601
-0.074173
-0.077179
-0.152451
-0.236191
-0.269989
-0.270187

[29]
-0.00683594
0.00248718
-0.0930481
-0.554825
-0.616013
-0.401688
-0.334244
-0.209717
-0.520142
-0.709641
-0.402267
-0.422028
-0.321228
-0.267426
-0.267731
-0.233337
-0.125259
-0.0522308
0.000778198
0.0765686
0.207642
0.306702
0.310608
0.341461
0.388474
0.423126
0.432938
0.437271
0.48526
0.444046
0.408127
0.356155
0.232819
0.484131
0.615738
-0.266769
0.564255
-0.393753
0.113892
-0.204041
-0.053421
0.03125
0.115738
0.132095
-0.192276
-0.102509
-0.013504
-0.031311
-0.0868073
-0.0332184

[30]
0.00350952
-0.0592651
-0.0871429
-0.021225
-0.0685272
-0.0565796
-0.118881
-0.0947266
-0.151108
-0.127563
-0.145004
-0.0713196
-0.113266
-0.18544
-0.544464
-0.854095
-0.702713
-0.495743
-0.889572
-0.691376
-0.613052
-0.524109
-0.373367
-0.262421
-0.193039
-0.136612
-0.139954
-0.00564575
0.00531006
-0.0065155
0.0870972
0.125916
0.169708
0.253082
0.334961
0.429596
0.556702
0.61142
0.662994
0.668961
0.592758
0.48851
0.291473
0.4832
0.0952759
0.106796
0.477783
0.00883484
-0.252563
-0.37587

[31]
-0.145889
0.11705
0.109055
0.0250397
-0.0238342
-0.0705719
-0.0818787
-0.0218964
-0.0438843
0.0072937
-0.0125885
-0.0684204
-0.0620117
-0.128708
-0.0113373
-0.0708008
-0.0344086
-0.0921021
-0.0966034
-0.167404
-0.120026
-0.0150452
0.029007
0.0812073
-0.0666962
-0.454498
-0.573318
-0.692581
-0.372925
-0.249313
-0.00657654
-0.522156
-0.894012
-0.544785
-0.515656
-0.37442
-0.33049
-0.258514
-0.241592
-0.0995483
-0.0614319
0.0834351
0.039444
0.0568085
0.0769653
0.117874
0.263382
0.532227
0.924515
1.00551

[32]
0.903122
0.634308
0.468231
0.265381
0.588669
0.755905
0.0511627
0.669022
0.0996094
-0.35405
-0.283554
-0.159912
0.049469
0.167236
0.181595
-0.044281
0.0250702
-0.0579224
-0.00416565
0.0117188
-0.035553
-0.0505829
-0.0574036
-0.0600586
-0.0608978
-0.0330048
-0.00999451
0.0190277
0.00622559
-0.0659637
-0.0909119
-0.163116
-0.15274
-0.121658
-0.178955
-0.119873
-0.160156
-0.402588
-0.625443
-0.342957
-0.566635
-0.274826
-0.628174
-0.571396
-0.409088
-0.279144
-0.123611
-0.248108
-0.195358
-0.109604

[33]
-0.113846
0.0770111
0.0348053
-0.0986633
-0.125031
-0.0840759
0.0711212
0.356262
0.639725
0.995895
0.986481
0.83139
0.63652
0.454422
0.301407
0.209717
0.223465
0.599274
-0.32724
0.692047
0.527603
0.00411987
-0.441757
-0.338943
0.0982513
0.28624
0.189438
-0.137619
-0.237732
-0.146378
-0.000946045
0.0919647
-0.00646973
-0.0247803
0.0330811
-0.0316467
-0.0558319
-0.0285034
-0.003479
-0.0483551
-0.0716553
-0.070755
-0.0720978
-0.0779877
-0.10701
-0.150177
-0.0773315
-0.120834
-0.215134
-0.165588

