[0]
0.00299072
0.636475
0.838776
1.07597
1.10057
1.12668
1.14171
0.85112
0.0718994
0.355225
-0.720108
-0.344894
-0.767059
-0.728958
-0.643433
-0.681259
-0.658951
-0.633362
-0.570145
-0.426971
-0.243393
0.132401
0.771667
1.10025
1.16008
1.2099
1.19713
1.03604
0.742676
0.302704
0.82843
0.927338
0.061203
-0.274551
-0.0448151
-0.0276794
0.0071106
0.0605621
0.0345154
-0.0183258
-0.0788879
-0.0419617
0.02211
0.0652924
0.0357666
0.00788879
0.0341339
0.128891
0.153122
0.242935

[1]
0.309067
0.488373
0.584961
0.693756
1.05054
1.08171
1.10619
1.12183
0.682236
0.0436401
0.120667
-0.801712
-0.561859
-0.876938
-0.754303
-0.642639
-0.627747
-0.538452
-0.440338
-0.304871
-0.0723114
0.394852
1.06593
1.149
1.21703
1.26929
0.766373
0.626999
0.692169
0.310226
0.807617
1.1653
0.567261
0.0339508
0.30423
0.00614929
0.116058
0.217453
0.0262146
-0.0116119
-0.0439148
-0.0404968
-0.0177002
-0.0188293
0.0421448
0.0406494
0.0471649
-0.0155945
0.0805664
0.171829

[2]
0.127945
0.418488
0.519318
0.657516
0.671341
0.895874
1.05028
1.07124
1.08131
1.02859
0.174332
-0.0857086
-0.953278
-0.295944
-0.93338
-0.809814
-0.684097
-0.736008
-0.657593
-0.587677
-0.484146
-0.361115
-0.0724792
0.378036
1.05798
1.21793
1.2908
1.2527
0.88443
0.901978
0.595963
0.267975
1.20673
0.697052
0.276077
-0.0450134
0.13916
0.212051
-0.0282745
0.0776978
0.0427094
-0.0123596
-0.0798187
-0.0761871
-0.0534515
0.0740967
0.105682
0.108749
0.0814209
0.085144

[3]
0.163345
0.178268
0.372864
0.478638
0.553345
0.576569
0.75148
1.06151
1.07932
1.10211
0.818161
0.454163
-0.205399
-1.10463
-0.182922
-0.848175
-0.747604
-0.729019
-0.785522
-0.723618
-0.655945
-0.566025
-0.41658
-0.173782
0.408127
0.805023
1.19957
1.27646
1.32976
1.08432
0.783875
1.10422
-0.123413
0.494308
1.19879
0.344391
0.476822
-0.0904694
0.138107
0.137299
0.0747528
0.0562897
0.061203
-0.0325317
-0.0419312
0.0197144
-0.0546875
0.020462
0.0400543
0.06987

[4]
0.0720978
0.0888672
0.0896759
0.256073
0.404892
0.532028
0.623016
0.659424
0.819519
1.06612
1.08331
1.10516
1.10925
0.385452
0.0684662
-0.606964
-0.133881
-0.727127
-0.742798
-0.818207
-0.763596
-0.766876
-0.709061
-0.567398
-0.423706
-0.0224609
0.641388
1.12192
1.19063
1.24838
1.1301
0.74884
0.727417
0.495148
0.0751953
-0.477295
1.14363
0.458755
0.700699
-0.137741
0.0234985
0.0838318
0.11499
0.0332336
-0.00440979
0.00354004
-0.0112
-0.0231781
-0.0090332
0.0126343

[5]
0.0191956
0.0297089
0.0229187
0.104828
0.192261
0.274719
0.426865
0.493591
0.597366
0.734314
1.04729
1.06306
1.08113
1.0955
0.824478
-0.301865
0.412628
-0.395599
-0.463867
-0.786484
-0.75145
-0.841003
-0.787399
-0.763992
-0.666428
-0.495087
-0.275665
0.233109
0.825424
1.15817
1.22797
1.28479
0.968063
0.758621
1.27489
0.340256
0.999466
1.18553
0.505753
0.225967
-0.301651
0.191086
0.0377197
0.148895
0.0806274
0.00213623
-0.00485229
0.010376
0.0463257
0.0704041

[6]
0.0555725
0.0670166
0.0465088
0.0631409
0.100327
0.142929
0.238235
0.371033
0.513931
0.614273
0.724686
1.03825
1.05031
1.06616
1.01076
0.468292
-0.315155
-0.525879
-0.0975647
-0.673172
-0.800949
-0.78096
-0.805649
-0.745636
-0.6884
-0.595749
-0.432175
-0.162979
0.396088
1.10684
1.19363
1.26741
1.31877
0.794815
0.717697
1.10666
0.112167
0.531509
1.19054
0.43335
0.525955
-0.162689
0.139267
0.17688
0.062973
0.00999451
0.0236359
0.0179291
-0.0178375
-0.0479126

[7]
-0.044754
0.043808
0.09021
0.0486298
0.0166168
0.0830536
0.128723
0.124313
0.20813
0.351883
0.444153
0.494751
0.614426
0.959381
1.04774
1.06136
1.0795
0.974869
-0.0834961
-0.257599
-0.732162
-0.294281
-0.766373
-0.778839
-0.760422
-0.776077
-0.741898
-0.679718
-0.589508
-0.421509
-0.182205
0.331314
0.919388
1.17061
1.24313
1.29755
0.841171
0.65123
1.27036
-0.143646
0.584152
1.0632
0.507248
0.658432
0.0308533
0.161041
0.0184631
0.0179138
0.137543
0.0835419

[8]
0.00750732
-0.0531616
-0.0185089
0.0241394
0.0535126
0.0683136
0.0332031
0.0278931
0.0375061
0.121765
0.0844574
0.163818
0.263672
0.361557
0.516251
0.564835
0.902344
1.04245
1.0554
1.06058
0.61467
0.346176
-0.453262
-0.0871582
-0.535614
-0.470383
-0.887329
-0.806427
-0.745316
-0.802719
-0.722687
-0.646912
-0.492294
-0.325211
0.011261
0.620529
1.17307
1.24947
1.3192
1.28522
0.979675
1.32259
0.305222
0.401581
1.08554
0.650986
0.613617
-0.0211182
0.159668
0.0874481

[9]
0.0683136
0.150223
0.0609436
0.0156708
-0.00895691
0.0146637
0.0362854
0.0549774
0.0119934
0.024826
0.0245514
0.0380554
0.163849
0.151093
0.176178
0.352188
0.483475
0.528336
0.747391
1.03134
1.04131
1.05507
1.0731
0.889282
-0.211105
0.175339
-0.890625
-0.419708
-0.904694
-0.809952
-0.820267
-0.771317
-0.708572
-0.604446
-0.454758
-0.231339
0.193283
0.870651
1.18343
1.25887
1.31859
0.880783
1.1656
1.03587
0.394714
0.979446
0.860397
0.711136
-0.163895
0.0628357

[10]
0.131699
0.174316
0.0137787
0.0315399
0.0558929
0.0405426
0.0193939
-0.013504
-0.00274658
0.0441895
0.0292816
-0.0567169
0.0563507
0.125107
0.153946
0.149445
0.332062
0.459671
0.56134
0.685822
0.944839
1.03156
1.04234
1.05774
0.914337
-0.102402
-0.180206
-0.707993
-0.2827
-0.849289
-0.801361
-0.822205
-0.789368
-0.720383
-0.635544
-0.488113
-0.324478
0.00590515
0.578079
1.18484
1.26778
1.34488
0.979889
0.965424
1.38225
0.392471
0.290619
1.13266
0.736816
0.392166

[11]
0.0424194
0.0939789
0.243927
0.0986481
-0.00222778
0.0575562
0.0106812
-0.00997925
0.0129242
0.020752
0.0357819
0.065155
0.0395508
0.0552826
0.136566
0.190308
0.149551
0.413147
0.503067
0.616974
0.672256
1.0118
1.02382
1.03465
1.04089
1.05725
-0.277542
-0.0754395
-0.547745
-0.478638
-0.979767
-0.787781
-0.811707
-0.759888
-0.653702
-0.550888
-0.385117
-0.150116
0.338623
0.947144
1.23958
1.32248
1.38313
0.885315
0.948898
1.34756
0.703735
0.700134
0.962204
0.287216

[12]
0.485596
0.0679626
0.194931
0.182007
0.0294495
0.0749054
0.0437164
-0.00785828
0.0134888
0.0476532
0.0219879
0.0247345
0.0313416
0.0199738
0.0563202
0.132355
0.105881
0.162674
0.329163
0.420578
0.563385
0.612076
0.9207
1.03035
1.03958
1.05305
0.843704
0.0738678
-0.300735
-0.959335
-0.312317
-0.733795
-0.797806
-0.851212
-0.867859
-0.817505
-0.739471
-0.638519
-0.449097
-0.200211
0.259323
0.921036
1.20811
1.28848
1.35054
0.836166
0.910339
0.837326
0.695312
0.788956

[13]
1.09738
0.561066
0.123184
0.131149
0.22084
0.106216
0.036026
0.0821686
0.0239716
0.000869751
0.00318909
0.0170441
0.0360413
0.0699005
0.0488129
0.0521545
0.0320435
0.0973663
0.135422
0.192551
0.36853
0.458817
0.495071
0.609955
1.02422
1.03542
1.04515
1.05792
0.999619
-0.2668
-0.461212
-0.700195
-0.314667
-0.752945
-0.763031
-0.804184
-0.775085
-0.743958
-0.675781
-0.575424
-0.386948
-0.131271
0.469604
1.04469
1.20464
1.27606
1.32599
0.587784
0.795685
0.929489

[14]
0.442184
0.819855
1.06923
0.565704
0.109985
0.160538
0.138214
0.122025
0.123169
0.0426178
0.0125122
-0.00242615
0.013855
0.0332336
0.0637512
0.0756226
0.0418854
0.0373383
0.0485535
0.0842896
0.133957
0.158203
0.220215
0.369064
0.454025
0.47467
0.693817
1.03708
1.04794
1.06195
0.966354
0.629608
-0.262695
-0.0424805
-0.66452
-0.424011
-0.866653
-0.746094
-0.776245
-0.761917
-0.728638
-0.636063
-0.504837
-0.322495
0.0443878
0.651108
1.18044
1.25972
1.33099
0.975571

[15]
1.3799
1.31987
0.575348
0.607269
0.78508
0.801987
-0.00473022
0.0635681
0.0886688
0.157104
0.0600586
0.0796967
0.0752258
-0.00721741
0.0103302
0.0462799
0.0562439
0.0461578
0.0644684
0.0360565
0.0247192
0.0557251
0.125076
0.12442
0.13002
0.316803
0.421738
0.471359
0.576996
0.903137
1.03171
1.04063
1.04309
0.624603
0.389008
-0.38765
0.0470276
-0.426071
-0.630234
-0.801453
-0.783157
-0.788696
-0.740768
-0.651581
-0.569336
-0.37709
-0.134094
0.369797
0.992966
1.22928

[16]
1.3083
1.36368
0.618607
1.14389
0.775665
0.392776
1.259
1.00435
0.109604
-0.119278
0.144791
0.177917
0.180374
0.0534515
0.0909576
0.0258636
0.0231323
0.0481415
0.0237122
0.0168304
0.0534058
0.0319672
0.0221405
0.0533447
0.0972137
0.144409
0.133972
0.223022
0.325623
0.524231
0.555557
0.715652
1.01671
1.02321
1.03339
1.03995
0.903732
-0.149933
-0.19809
-0.616425
-0.322281
-0.914825
-0.824783
-0.818542
-0.814148
-0.745316
-0.627396
-0.495346
-0.299927
-0.0297546

[17]
0.49057
1.18269
1.26643
1.34489
1.39485
1.02144
0.913422
0.26178
0.144424
1.09393
0.755157
0.604919
0.204468
0.174881
0.15799
0.125793
0.111969
0.0465088
0.0201111
0.0107269
0.0204315
0.0230408
0.0725861
0.0997925
0.0383453
0.072998
0.0822144
0.123596
0.144913
0.201431
0.390198
0.47699
0.519623
0.671066
1.02133
1.02966
1.04076
1.04697
0.716583
-0.24408
0.230667
-0.683273
-0.47522
-0.937866
-0.760406
-0.798401
-0.77597
-0.713882
-0.605865
-0.436752

[18]
-0.245377
0.196915
0.832794
1.23323
1.31746
1.38539
0.837143
0.983124
0.920807
0.467529
0.73732
0.874329
0.482513
0.200592
0.187698
0.144272
0.179291
0.0873718
0.0792847
0.0573578
0.0250549
0.0613251
0.0343018
0.0480347
0.0718079
0.0467072
0.0333252
0.059433
0.0723267
0.162003
0.0997162
0.195648
0.336563
0.464386
0.533112
0.644821
1.02069
1.02835
1.03915
1.01653
0.859009
-0.251556
-0.259491
-0.745926
-0.451126
-0.906845
-0.763779
-0.776276
-0.734482
-0.665878

[19]
-0.545593
-0.404053
-0.216476
0.166199
0.730652
1.21527
1.29738
1.37044
0.765915
0.955948
0.832062
1.34415
-0.0653534
0.53334
1.054
0.483932
0.581146
0.00553894
0.227966
0.174774
0.137543
0.120163
0.0461273
0.0131989
0.0147858
0.0355835
0.0444946
0.0737762
0.0517883
0.0294647
0.00180054
0.0689697
0.142899
0.17189
0.286209
0.386795
0.465286
0.504547
0.701797
1.02698
1.03435
1.04503
0.954865
0.46434
-0.398285
0.196732
-0.792511
-0.487595
-0.888962
-0.792084

[20]
-0.811523
-0.752701
-0.668915
-0.545441
-0.363586
-0.0782776
0.499924
1.15826
1.23972
1.31461
1.3661
0.847534
1.37535
0.766922
0.424377
0.700394
0.96051
0.570526
-0.102676
0.144714
0.136322
0.0955963
0.0339508
0.0783844
0.0120697
-0.0184631
0.00521851
0.00968933
0.0388489
0.061615
0.0353241
0.0265198
0.0192566
0.12146
0.0627594
0.118393
0.290176
0.406754
0.533417
0.602875
0.927643
1.02545
1.03578
1.04968
0.664322
0.200455
-0.64505
-0.88237
-0.342148
-0.806519

[21]
-0.82843
-0.84346
-0.801285
-0.707306
-0.659988
-0.498428
-0.307892
-0.0070343
0.517532
1.1763
1.26009
1.3382
1.38828
1.04286
0.72226
0.124527
0.328079
1.01947
0.91301
0.60527
0.149475
0.208832
0.11853
0.147369
0.0933075
0.0818024
0.0561676
-0.0243835
0.0681152
0.0564117
0.0265961
0.0298462
0.026886
0.0165863
0.0352478
0.0792542
0.0746765
0.158569
0.27594
0.329773
0.380676
0.459091
0.634445
1.02869
1.03572
1.04692
1.0553
0.923264
-0.184875
0.522095

[22]
-0.539566
-0.458466
-0.747147
-0.791275
-0.836945
-0.813812
-0.762939
-0.691803
-0.534332
-0.328796
0.0533447
0.712921
1.16576
1.24144
1.30809
0.912323
0.84021
0.753662
0.598785
0.349548
1.18532
0.797729
-0.0129852
-0.15683
0.0179749
0.205872
0.188354
0.0366669
0.0773468
0.0495758
0.02565
0.0102692
0.0492859
0.0470734
0.0299225
0.0315857
0.0115051
0.0468292
0.110443
0.0973358
0.149063
0.265076
0.351791
0.416275
0.477997
0.723099
1.02422
1.03236
1.04274
0.672897

[23]
0.753723
-0.34201
-0.215652
-0.769684
-0.378296
-0.758743
-0.741318
-0.781235
-0.751862
-0.705185
-0.622971
-0.504852
-0.328751
-0.0551453
0.426498
1.1662
1.24501
1.31953
1.36945
0.997513
0.678619
0.482803
0.491821
0.875519
0.805084
0.602585
0.308594
0.127792
0.0457764
0.0894012
0.139587
0.126205
0.136597
0.0510712
0.00572205
0.0571442
0.0457764
0.0611115
0.0595856
0.0707855
0.0686951
0.0622406
0.0607147
0.098999
0.109375
0.153244
0.300919
0.390442
0.499847
0.53569

[24]
0.824203
1.02809
1.03694
1.04059
0.781082
0.388168
-0.486816
-0.13002
-0.541245
-0.690674
-0.920166
-0.845428
-0.816666
-0.816742
-0.766724
-0.679581
-0.534027
-0.314819
0.155853
0.791122
1.18028
1.25673
1.31598
1.01585
1.33484
0.509247
0.137787
1.14639
0.685013
0.364548
0.263962
0.22374
0.105103
0.026123
0.113495
0.135803
0.0860748
0.0496063
0.0375824
-0.00166321
0.0125122
0.0592041
0.0684357
0.034317
0.00709534
0.0662079
0.13942
0.0727386
0.142227
0.217316

[25]
0.38269
0.54248
0.565948
0.790466
1.02722
1.03741
1.05042
0.761261
0.189362
-0.436722
-0.183289
-0.498749
-0.628311
-0.976624
-0.823364
-0.775497
-0.77066
-0.727798
-0.614502
-0.446243
-0.261765
0.193466
0.782852
1.15363
1.22284
1.2755
0.894333
0.720825
0.654663
0.715576
0.73259
0.705841
0.571884
0.148697
0.08284
0.036911
0.0637817
0.114655
0.11734
0.0597687
0.0452423
0.0310211
0.0666504
0.0312958
0.0158844
0.0508881
0.0184784
0.0228424
0.0240173
0.0677948

[26]
0.0798645
0.0901031
0.114182
0.231735
0.38472
0.525467
0.638947
0.890442
1.0334
1.04449
1.04893
0.78392
0.362869
-0.429596
-0.159332
-0.271042
-0.671539
-0.750443
-0.796967
-0.813965
-0.814545
-0.772736
-0.686935
-0.580078
-0.389221
-0.0693054
0.405228
1.11449
1.19923
1.25984
1.086
0.864059
1.27037
0.0987701
0.0654602
0.777054
0.465317
0.45874
0.24263
0.139252
0.178085
0.0225983
0.122925
0.11882
0.0224915
0.0184937
0.014328
0.00881958
0.0520325
0.0393524

[27]
0.0258026
0.0247803
0.0162964
0.0375366
0.0575256
0.0779419
0.10289
0.150314
0.262878
0.375198
0.478668
0.470505
0.750092
1.04243
1.0537
1.06851
0.875671
0.579926
-0.215271
0.0996552
-0.611862
-0.435074
-0.858475
-0.794357
-0.848175
-0.817902
-0.77063
-0.683029
-0.553329
-0.362976
-0.0305328
0.538269
1.11621
1.18111
1.24216
1.16182
1.24969
0.866074
0.893875
0.638992
0.649841
0.312668
0.402344
0.122391
0.049942
0.0694733
0.0853577
0.124588
0.0800171
0.0494843

[28]
0.0200348
0.0080719
0.00843811
0.0317688
0.0315094
0.0267334
0.0411224
0.0680084
0.0829315
0.100464
0.1409
0.198853
0.356293
0.505875
0.581345
0.705322
1.03215
1.0448
1.06126
0.831268
0.746262
-0.43129
0.279648
-0.671143
-0.587204
-0.888535
-0.8694
-0.815155
-0.814621
-0.772583
-0.701477
-0.590027
-0.413498
-0.134308
0.307159
0.9272
1.16974
1.23322
1.25391
0.917435
0.838821
0.276535
0.245529
1.00938
0.377304
0.453247
0.136108
-0.013916
0.0834656
0.0657654

[29]
0.103378
0.0189667
0.0107117
-0.0125885
0.032959
0.0766907
0.0305176
0.0420227
0.0431671
0.0540924
0.0883026
0.0722046
0.13121
0.141129
0.246689
0.354813
0.432434
0.474335
0.550552
1.03514
1.04721
1.06065
1.06895
0.706604
-0.339432
0.145065
-0.518372
-0.490234
-0.882568
-0.793213
-0.779251
-0.768814
-0.702209
-0.630249
-0.505783
-0.312759
0.0263672
0.499374
1.14764
1.2222
1.28986
1.17587
0.902771
0.988113
0.160385
0.161209
0.918716
0.366516
0.637405
0.49588

[30]
0.186768
0.109467
-0.00279236
0.0662079
0.169647
0.024292
0.0263519
0.00967407
0.0189667
0.0545044
0.0570068
0.0218964
0.0225983
0.0543365
0.0664978
0.117462
0.0950012
0.221878
0.299713
0.417465
0.550705
0.529434
0.839859
1.03146
1.04263
1.04755
1.02849
0.204865
-0.514771
-0.677292
-0.474365
-0.790802
-0.881256
-0.901672
-0.834732
-0.801376
-0.759781
-0.643112
-0.460678
-0.26033
0.289062
0.799942
1.18527
1.26402
1.32233
1.09331
0.797775
0.678116
-0.0459595
1.21078

[31]
0.886993
0.65744
0.214493
0.270721
0.0808258
-0.0974121
0.0588379
0.146439
0.0569
0.0283813
-0.000335693
0.00259399
0.0353088
0.0598602
0.0470123
0.00233459
0.0354767
0.0663757
0.112228
0.0968781
0.141357
0.285202
0.397095
0.540405
0.496719
0.768967
1.03281
1.04449
1.04939
1.02853
0.273911
-0.49472
-0.356873
-0.533386
-0.674942
-0.941071
-0.89888
-0.843964
-0.841904
-0.780594
-0.67453
-0.537064
-0.356918
0.0088501
0.535172
1.17082
1.24794
1.31168
1.15132
0.889954

[32]
1.19127
0.32283
0.73288
0.990631
0.573303
0.458618
0.152008
0.183472
0.0291595
0.065094
0.126266
0.0871124
0.04776
0.0113068
0.0288849
0.0522766
0.0507355
0.059967
0.0282288
0.0360718
0.0478973
0.0810699
0.112823
0.141876
0.207825
0.343216
0.458405
0.527802
0.741486
1.03204
1.04196
1.05368
0.891068
0.713806
-0.195663
0.201401
-0.719681
-0.475662
-0.827728
-0.841751
-0.844986
-0.827133
-0.780151
-0.705154
-0.587097
-0.403229
-0.0273285
0.400345
1.10352
1.21074

[33]
1.27562
1.31766
0.747437
1.29561
0.365585
1.18799
0.929672
0.248016
0.0536804
0.0896454
-0.00947571
0.158386
0.105331
0.0400848
0.0775757
0.0333405
0.0419922
0.069397
0.045578
0.0422821
0.0302734
0.0315094
0.0242767
0.0355377
0.0544281
0.063385
0.0861969
0.192215
0.239929
0.428406
0.478836
0.595764
1.02107
1.02922
1.04219
1.05931
0.437561
0.285019
-0.975311
-0.418137
-0.372299
-0.801407
-0.845001
-0.794998
-0.776459
-0.702988
-0.665771
-0.570847
-0.412933
-0.245911

[34]
0.0610046
0.567871
1.15341
1.22179
1.2821
1.2507
0.814758
0.656021
0.227432
0.0927582
0.899445
0.669266
0.438248
0.158829
0.103119
0.106995
0.124725
0.0825806
0.0772552
0.0501099
0.03685
-0.00186157
0.0113983
-0.0098877
0.00413513
0.0128174
0.0508881
0.0847931
0.0480347
0.0921631
0.122894
0.178604
0.249969
0.362717
0.477005
0.531876
0.60202
1.0377
1.05098
1.06674
1.06393
0.825089
-0.21228
0.13121
-0.585526
-0.424957
-0.928741
-0.82605
-0.803818
-0.7939

[35]
-0.751114
-0.644882
-0.522415
-0.389526
-0.101547
0.477539
1.12067
1.19051
1.26112
1.12872
0.846954
1.2876
0.235321
0.119461
0.93689
0.378052
0.489929
0.28447
0.115738
0.155212
0.0190277
0.0885162
0.133759
0.0415955
-0.0240326
-0.0167847
0.00382996
0.029007
0.0516968
0.023819
0.0395203
0.0264435
0.0556183
0.0940857
0.124435
0.142212
0.237305
0.397827
0.492554
0.521729
0.81955
1.0415
1.05391
1.06967
0.978851
0.33931
-0.493179
-0.243774
-0.485748
-0.634018

[36]
-0.85376
-0.799316
-0.796814
-0.769333
-0.709061
-0.611359
-0.490875
-0.294373
0.0176849
0.565689
1.13377
1.20308
1.26884
0.546036
0.888596
0.709976
-0.291092
1.21277
0.809769
0.385345
0.0921021
0.115479
-0.00437927
0.0964355
0.124084
0.0854034
0.0834351
0.0491943
-0.0045166
4.57764e-05
0.0404968
0.0527039
0.0523987
0.0326385
0.0259247
0.0209961
0.0740204
0.138168
0.122589
0.21965
0.383545
0.52713
0.553314
0.615738
1.02934
1.04231
1.056
1.06432
0.786209
0.0263672

[37]
0.046402
-0.650711
-0.311066
-0.903549
-0.82901
-0.859741
-0.820526
-0.774307
-0.687378
-0.588135
-0.4216
-0.140747
0.384064
1.02271
1.2029
1.27608
1.19632
1.00285
0.730972
1.26379
-0.495758
1.24869
1.16174
0.527023
0.322739
0.174225
0.16188
-0.0374451
0.079361
0.10112
0.0537415
-0.0181732
-0.0118103
0.00839233
0.0390778
0.0655212
0.0565948
0.023056
0.04953
0.099884
0.117249
0.15451
0.189072
0.319504
0.455429
0.546951
0.587524
0.901489
1.0564
1.0721

[38]
1.09445
1.02469
0.158661
-0.200882
-0.729019
-0.341736
-0.849319
-0.846893
-0.829315
-0.788269
-0.732407
-0.645065
-0.535461
-0.384903
-0.0384064
0.405045
0.994568
1.18288
1.24722
1.1898
0.953217
1.26653
0.232529
0.219345
0.99292
0.346268
0.337921
0.249069
0.120911
0.129013
0.00958252
0.086441
0.0671997
-0.0432892
-0.036972
-0.00102234
0.00531006
0.0225372
0.0320435
0.0449982
0.0307312
0.084549
0.113098
0.110611
0.158417
0.284164
0.464783
0.539215
0.520401
0.756409

[39]
1.05701
1.07373
1.09274
0.95697
0.528534
-0.234146
-0.132492
-0.400253
-0.519821
-0.931686
-0.774979
-0.782272
-0.787796
-0.76178
-0.652954
-0.553986
-0.431686
-0.0883636
0.433334
1.11446
1.18259
1.24796
1.08142
0.88475
1.26065
0.263733
0.520874
0.977036
0.437347
0.620331
0.0109253
0.151459
0.0731812
-0.0366364
0.103683
0.0290833
0.00430298
-0.0109558
0.0233002
0.0389252
0.0681763
0.0450745
0.0249329
0.0406189
0.0708313
0.151642
0.153793
0.214844
0.396378
0.48732

[40]
0.585098
0.587631
0.973434
1.06474
1.08087
1.10226
1.05841
-0.0373688
0.0241394
-0.680771
-0.332108
-0.889893
-0.789734
-0.813431
-0.756805
-0.729111
-0.64415
-0.532135
-0.348816
-0.0194855
0.405151
0.969742
1.16855
1.23225
1.27185
0.909851
0.810257
0.433929
0.290588
0.961319
0.206039
0.349548
0.291473
0.152115
0.154449
-0.0490265
0.0212708
0.0750885
-0.0112915
-0.022049
-0.020813
0.0087738
0.0239868
0.0106812
0.0562439
0.0387115
0.0645142
0.124344
0.129929
0.219589

[41]
0.344238
0.520309
0.643677
0.662399
1.06102
1.07944
1.1001
1.12631
0.990112
-0.0644073
0.256577
-0.593384
-0.314255
-0.873428
-0.762207
-0.73024
-0.735748
-0.699463
-0.571655
-0.517593
-0.386688
-0.0998688
0.418579
1.10095
1.16531
1.22562
1.00706
0.850357
0.931015
0.746307
1.19127
0.537186
0.505417
0.523529
0.00238037
0.151001
-0.0654602
0.106384
0.0133362
0.0155334
-0.055603
-0.0140076
0.0422058
0.0540771
0.0359344
0.0441132
0.0468445
0.0535583
0.125702
0.183029

[42]
0.190475
0.2957
0.422882
0.499451
0.537125
0.798416
1.0576
1.0732
1.09229
1.11539
-0.00187683
-0.484543
-0.679077
-0.324203
-0.844131
-0.781662
-0.845154
-0.771713
-0.731216
-0.651291
-0.539352
-0.368546
-0.0395813
0.433868
1.11145
1.18036
1.24379
1.03387
0.872833
1.09236
0.204666
0.383804
1.18179
0.376999
0.331772
0.0327911
0.0538177
0.139877
0.0333862
0.101501
0.0714111
0.00914001
-0.0211945
-0.00541687
0.0434265
0.0261841
0.0544434
0.0594482
0.0292816
0.0337677

[43]
0.0716705
0.111206
0.20163
0.162003
0.307785
0.448395
0.56189
0.620422
1.04887
1.06166
1.07739
1.08717
0.912613
-0.20488
0.327866
-0.615875
-0.417236
-0.72612
-0.769806
-0.799576
-0.778641
-0.757065
-0.654709
-0.537933
-0.38028
-0.0279846
0.540787
1.13449
1.20338
1.26585
1.00076
0.880157
1.27905
0.452423
0.387558
0.796539
0.440445
0.466614
0.234634
0.123795
0.103928
-0.0456696
0.0545044
0.0854645
-0.0172424
-0.0144653
-0.0175171
-0.021286
0.0309906
0.0581665

[44]
0.0235138
0.0137177
0.079834
0.0965271
0.0971985
0.177322
0.367477
0.467987
0.498978
0.622665
0.885208
1.04851
1.06351
1.08173
1.10359
0.0525055
-0.641556
-0.276947
-0.394699
-0.830002
-0.914169
-0.842407
-0.753433
-0.755402
-0.718414
-0.608475
-0.45932
-0.207092
0.290497
0.908066
1.16281
1.23135
1.28197
0.955612
0.689117
0.494812
0.10434
0.95369
0.631638
0.586288
0.453949
-0.0247955
0.224731
-0.0269775
0.0424042
0.0903778
0.0387726
-0.00476074
-0.0405731
-0.00137329

[45]
0.064743
0.0397644
0.0287933
0.0389099
0.0542755
0.101639
0.149902
0.17337
0.244186
0.381622
0.464783
0.519333
0.668976
1.04689
1.06096
1.07727
1.09808
0.55246
-0.420242
-0.0585327
-0.592834
-0.58223
-0.965042
-0.804611
-0.830414
-0.79541
-0.76442
-0.645294
-0.513168
-0.347992
0.0927277
0.632584
1.13687
1.20421
1.25951
0.856476
0.829956
0.585724
0.638794
1.19958
0.573822
0.477707
0.403488
0.000854492
0.149689
0.0472107
0.0304413
0.0632477
0.049118
-0.0199127

[46]
0.00205994
0.000793457
0.0237885
0.0797729
0.0270081
0.0171814
0.0240936
0.0384827
0.0874634
0.0870514
0.139984
0.276199
0.463745
0.509964
0.576904
0.970917
1.04585
1.06187
1.06953
0.827362
0.0102692
-0.499329
-0.792435
-0.222321
-0.785995
-0.763885
-0.756409
-0.770935
-0.742889
-0.675827
-0.579453
-0.442703
-0.253632
0.116776
0.616272
1.13068
1.1962
1.25449
0.872757
0.862259
0.753159
0.774414
0.641632
0.775848
0.421555
0.319077
0.0441132
0.0689697
0.143127
-0.038147

[47]
0.0358734
0.0623016
0.0313873
-0.00584412
0.0290222
-0.0239868
0.0123596
0.0310211
0.0232697
0.00906372
0.0573578
0.0596008
0.122299
0.158234
0.198578
0.405975
0.46991
0.581253
0.726486
1.04601
1.06192
1.08076
1.10341
0.871643
-0.124832
0.048996
-0.655777
-0.435501
-0.797226
-0.807419
-0.696213
-0.741104
-0.716217
-0.666977
-0.570175
-0.41687
-0.16243
0.240311
0.926102
1.1487
1.21333
1.26035
0.875671
0.606873
0.42421
-0.161972
0.989319
0.722351
0.406677
0.360382

[48]
0.0404205
0.191711
0.0689392
0.0296173
0.110718
0.0693512
-0.00733948
-0.0327911
0.00247192
0.0256042
0.0375824
0.0466003
0.0902252
0.0318298
0.0584717
0.127579
0.116211
0.169739
0.245193
0.422226
0.524033
0.534653
0.81369
1.05701
1.07196
1.07805
1.02348
0.367249
-0.367569
-0.267105
-0.424744
-0.61937
-0.867142
-0.795837
-0.821777
-0.77211
-0.679108
-0.576981
-0.424393
-0.150742
0.358841
0.98436
1.16724
1.23265
1.27704
0.836334
0.713745
0.318863
0.253815
0.707535

[49]
1.1492
0.723404
0.0111694
0.0588837
0.118744
0.00935364
0.0756683
0.0557861
0.0283813
-0.0258484
0.000946045
0.0158081
0.010437
0.0263824
0.0531616
0.0447693
0.0470276
0.101501
0.103531
0.113388
0.210251
0.334137
0.520828
0.557281
0.720062
1.05705
1.07376
1.09419
1.09587
0.876358
-0.384857
0.219666
-0.608673
-0.424347
-1.00343
-0.756332
-0.815765
-0.744843
-0.719604
-0.604187
-0.462082
-0.287903
0.161758
0.704742
1.1246
1.19002
1.24005
0.95166
0.714096
1.06689

[50]
-0.149307
1.13736
0.840393
0.475235
0.449112
-0.180603
0.223572
-0.0182648
0.0377045
0.0812073
0.014328
-0.0423431
-0.096817
-0.0100861
0.0413361
0.0497284
0.0268402
0.0189819
0.0170441
0.106003
0.183334
0.177292
0.280121
0.453674
0.573776
0.614273
0.822433
1.06348
1.08035
1.10178
0.99295
0.193359
-0.452087
-0.552414
-0.231979
-0.80249
-0.810547
-0.722336
-0.758591
-0.735413
-0.684814
-0.628738
-0.505508
-0.305893
0.132523
0.667892
1.13387
1.19885
1.25011
1.06076

[51]
0.752289
0.429794
0.631302
1.18555
0.599365
0.504578
0.405838
-0.0583496
0.213516
-0.0713043
0.0641479
0.0479736
0.0351105
-0.0328979
-0.0520172
0.00202942
0.0284424
0.0276947
0.0296783
0.0395813
0.0734558
0.108963
0.143707
0.13504
0.284042
0.393402
0.542984
0.527756
0.688431
1.06111
1.07587
1.095
0.924881
0.88768
-0.235458
0.272583
-0.707718
-0.452179
-0.847076
-0.779297
-0.792236
-0.772308
-0.736938
-0.649048
-0.551559
-0.359268
0.0458832
0.550293
1.10367
1.16528

[52]
1.21927
1.10992
0.778992
0.785919
0.235352
1.05679
0.748779
0.550186
0.086731
0.113571
0.036377
-0.0180969
0.0269623
0.0449371
0.0312042
-0.00614929
-0.0117035
-0.00234985
0.000961304
0.0261078
0.0368958
0.0300598
0.00517273
0.037323
0.127792
0.124313
0.228561
0.355591
0.501862
0.593689
0.670029
1.05116
1.06784
1.08574
1.09985
1.05812
0.0125732
-0.1409
-0.479126
-0.34436
-0.808044
-0.756409
-0.813187
-0.769531
-0.766388
-0.681915
-0.581238
-0.415543
-0.156616
0.41748

[53]
0.948837
1.13155
1.18927
1.23041
0.718384
1.21796
0.583359
-0.101944
0.908035
0.560623
0.269012
0.182983
-0.0127106
0.11467
-0.00193787
0.00856018
0.0582123
0.00657654
-0.031723
-0.0368805
-0.0336609
0.0363922
0.0432739
0.00419617
0.00386047
0.0281677
0.10376
0.13063
0.143997
0.293106
0.369659
0.572845
0.679001
0.835281
1.06288
1.08218
1.1042
0.930023
0.416412
-0.550751
-0.406021
-0.343948
-0.64978
-0.907745
-0.759918
-0.780212
-0.788055
-0.717651
-0.656281
-0.503433

[54]
-0.353897
0.0458221
0.605042
1.10008
1.15973
1.21143
0.87059
0.776825
0.732758
0.144257
1.15906
0.311569
0.509125
0.36142
0.0743256
0.144913
-0.0232086
-0.0242767
0.0811157
0.0456848
-0.0195312
-0.00892639
-0.0212708
-0.0142822
0.0502014
0.0553284
0.0291443
0.0110016
0.06987
0.112549
0.117538
0.188965
0.353745
0.505569
0.572159
0.718567
1.05515
1.07341
1.09415
1.11839
1.14685
-0.108856
0.165405
-0.598999
-0.300476
-0.891815
-0.762619
-0.776657
-0.791443
-0.764297

[55]
-0.69548
-0.635696
-0.497818
-0.247192
0.216019
0.827667
1.13042
1.19043
1.23393
0.895325
0.917511
0.47142
0.847641
0.540771
0.444809
0.385727
0.122253
0.00915527
-0.00302124
-0.0265808
0.072052
-0.00498962
-0.0191193
-0.0572662
-0.0152435
0.0164032
0.0343018
0.0299225
0.0340424
0.0265656
0.113541
0.120026
0.158585
0.27388
0.317703
0.445236
0.548447
0.565643
0.935364
1.07091
1.0903
1.11391
1.12061
-0.119659
0.136597
-0.521027
-0.379654
-0.860825
-0.774307
-0.809174

[56]
-0.788147
-0.747208
-0.695541
-0.587662
-0.444656
-0.11171
0.422928
1.03313
1.13464
1.19571
1.17383
0.994308
0.581604
0.332977
-0.452911
1.18634
0.722229
0.313873
0.330963
0.119476
0.0473328
-0.0731659
0.0748444
0.0706177
0.0252686
-0.0602875
-0.0354919
-0.00544739
0.0419464
0.0281219
0.0157776
0.0274658
0.0357819
0.063797
0.0980225
0.114304
0.238693
0.38382
0.498276
0.550247
0.688339
1.07018
1.08719
1.10789
1.13527
0.866882
-0.130859
0.0837097
-0.618637
-0.410843

[57]
-0.895279
-0.724106
-0.808121
-0.723831
-0.678223
-0.600906
-0.526306
-0.357178
-0.0179291
0.442154
1.02307
1.15836
1.217
0.781113
0.854767
1.24588
0.5215
0.456314
1.14426
0.271912
0.561447
-0.16539
0.0761719
0.113586
0.0110626
0.0887604
0.0579529
0.0352478
-0.0211029
0.0131989
0.00665283
0.0170898
0.0466156
0.0393372
0.0299683
0.0586395
0.109299
0.123764
0.168335
0.246994
0.371811
0.514389
0.586227
0.702332
1.06081
1.0753
1.0946
1.0518
0.499146
-0.383026

[58]
-0.786896
-0.0953217
-0.753479
-0.772293
-0.801834
-0.822662
-0.766006
-0.708557
-0.618271
-0.473648
-0.224091
0.213058
0.814697
1.13876
1.2056
1.25632
0.97818
0.712296
0.76889
0.27533
0.878235
0.50206
0.458481
0.0590668
-0.0263367
0.00653076
-0.00105286
0.0747681
0.0585175
0.00787354
-0.0134735
-0.00665283
0.00105286
0.0207977
0.036911
0.00624084
0.00634766
0.0539246
0.062149
0.0900726
0.123215
0.24498
0.442993
0.548538
0.575607
0.812561
1.05913
1.07765
1.09843
0.889725

[59]
0.639771
-0.478851
-0.198669
-0.203888
-0.691376
-0.712173
-0.801468
-0.852615
-0.805038
-0.800659
-0.700699
-0.61348
-0.464355
-0.103531
0.407135
1.03542
1.14337
1.20064
1.03198
0.898544
0.820877
0.561203
0.70462
0.668365
0.285904
0.593018
-0.01297
0.184601
0.0526886
-0.0428925
0.0691681
0.0411682
-0.00765991
-0.0251923
-0.0178833
0.000366211
0.0645294
0.0412598
-0.00126648
0.0288391
0.0951843
0.156311
0.115005
0.225891
0.366165
0.499863
0.613541
0.751053
1.06403
1.08524

[60]
1.10909
1.13695
0.814255
-0.232819
-0.449188
-0.211349
-0.836929
-0.725525
-0.799728
-0.770828
-0.773972
-0.72168
-0.670792
-0.565994
-0.383636
-0.0350494
0.479767
1.0988
1.15744
1.20772
0.960297
0.781815
1.19649
0.374084
0.891251
0.9328
0.554062
0.272293
-0.0686035
0.0608063
-0.027359
0.0531464
0.088089
0.0714874
-0.0281067
-0.0786285
-0.00523376
-0.012207
0.0583496
0.0567017
0.0179291
0.0202789
0.0610504
0.106873
0.101639
0.183441
0.456848
0.575989
0.66832
0.737274

