[1]
0
-0.304199
-0.379044
-0.540649
-0.619522
-0.660797
-0.620636
-0.650284
-0.893311
-1.01537
-0.930557
-1.12315
-1.07713
-1.20285
-1.29073
-1.34346
-1.395
-1.29947
-1.35266
-1.60339
-1.8419
-1.45828
-1.38318
-1.37863
-0.733475
-0.11673
-0.347839
-0.723602
-0.797882
-0.691605
-0.574051
-0.576904
-0.677246
-0.637604
-0.700928
-0.712753
-0.558258
-0.555313
-0.47113
-0.556839
-0.593689
-0.533707
-0.511917
-0.50766
-0.516891
-0.490387
-0.485718
-0.480759
-0.487213
-0.461746

[2]
-0.436142
-0.417694
-0.407379
-0.364746
-0.466217
-0.477524
-0.448868
-0.423416
-0.355576
-0.378067
-0.361084
-0.348434
-0.316803
-0.273834
-0.190018
-0.178925
0.0512238
0.444061
0.438034
-0.128525
0.414108
0.239227
0.233063
0.0176544
-0.0118713
0.291672
0.364105
0.2314
0.156891
0.101532
0.0379791
-0.0135956
0.0432129
-0.147079
-0.373306
-0.376328
-0.676498
-0.714066
-0.877502
-1.0137
-1.06314
-1.0871
-1.17349
-1.54315
-1.72726
-1.48216
-1.37482
0.170761
0.493179
-0.4814

[3]
-0.555313
-0.346451
-0.309967
-0.184952
-0.135223
-0.2034
-0.302414
-0.173233
-0.0944519
-0.0749664
-0.00292969
-0.0189819
-0.0729828
-0.132568
-0.113525
-0.0787964
-0.0372772
-0.0851135
-0.0661163
-0.0819855
-0.0613403
-0.0600739
-0.0774689
-0.0656281
-0.0323639
-0.031189
-0.0542908
-0.036499
0.00146484
0.0544281
-0.0164185
0.0110779
0
0.00418091
0.0941467
0.180405
0.359161
1.00171
0.670593
0.308563
0.688354
0.514282
0.359955
-0.0180054
0.204071
0.629028
0.599899
0.439728
0.302963
0.257111

[4]
0.223129
0.158066
0.132355
-0.0938568
-0.196899
-0.364487
-0.555893
-0.669144
-0.82254
-0.804932
-0.907486
-1.09109
-1.21941
-1.62851
-1.23788
-0.879303
-0.869858
0.294754
0.343155
0.022995
-0.340576
-0.0887756
-0.0567322
-0.181366
-0.195786
-0.098938
-0.0812378
0.0174408
0.111572
0.0874329
0.103683
0.0225067
0.000930786
0.0570374
0.0630646
0.103394
0.0804138
0.0898132
0.115417
0.111542
0.0939026
0.101944
0.0739594
0.0568848
0.0479584
0.0757294
0.0642548
0.131317
0.0791473
0.101196

[5]
0.0927887
0.116653
0.212952
0.308655
0.566483
1.28967
0.499496
0.664978
0.381851
0.619629
0.259766
0.209778
0.656647
0.692841
0.520889
0.438675
0.291702
0.251984
0.302139
0.170044
-0.0893097
-0.291763
-0.335358
-0.543716
-0.753281
-0.69313
-0.822769
-1.04272
-1.14609
-1.172
-1.32761
-1.38914
-1.06578
-1.02583
0.5186
0.78508
-0.0394135
-0.527649
-0.157547
-0.126648
0.0867615
-0.199142
-0.100967
0.0547028
-0.00169373
0.051712
0.11261
0.061264
0.0972748
0.0811462

[6]
0.0571594
0.0568085
0.118042
0.0824738
0.0359039
0.0644989
0.0747528
0.0533142
0.0543518
0.0814056
0.107178
0.112228
0.0681152
0.0650635
0.0300446
0.0364227
0.0554504
0.0516205
0.0687561
0.0156403
0.0637665
0.121948
0.163193
0.213531
0.296753
0.440262
0.843079
0.642319
0.326874
0.625275
0.550964
0.231644
0.200699
0.465027
0.684219
0.579803
0.46965
0.408905
0.302231
0.269348
0.185959
0.151764
-0.10817
-0.109268
-0.333633
-0.496338
-0.500031
-0.673828
-0.71785
-0.853531

[7]
-0.970001
-0.996124
-1.30992
-1.22058
-0.8685
-0.934265
0.073349
0.62558
0.263306
-0.349045
-0.116257
-0.0278778
0.0736084
-0.0500641
0.102386
0.0701294
0.0818329
-0.000900269
0.103531
0.131561
0.0785065
0.137405
0.161469
0.116043
0.0649414
0.0883484
0.0991058
0.114197
0.111526
0.131241
0.0920715
0.0533447
0.0976868
0.0312805
0.0558624
0.10437
0.112259
0.13829
0.10672
0.0767365
0.118561
0.142807
0.178101
0.250916
0.226196
0.468002
0.871521
0.402344
0.498199
0.821365

[8]
0.603165
0.074295
-0.00743103
0.37709
0.711426
0.577118
0.469589
0.365173
0.496414
0.297256
-0.135925
-0.192337
-0.287857
-0.464752
-0.470306
-0.393738
-0.431503
-0.604263
-0.704163
-0.700974
-0.766357
-0.762741
-0.755478
-1.01613
-1.16205
-0.838501
-0.265915
1.11095
-0.0386963
-0.200745
0.0214539
-0.0390015
-0.12529
-0.0640106
-0.0169525
0.0477753
0.136841
0.149231
0.086853
0.167526
0.132401
0.0333405
0.081955
0.106339
0.111359
0.105469
0.109222
0.122009
0.101944
0.0772705

[9]
0.0760345
0.0895691
0.105972
0.0940857
0.0943909
0.0718231
0.0879211
0.100357
0.0864258
0.122864
0.110153
0.12735
0.193741
0.205414
0.243408
0.259613
0.496948
0.858719
0.492447
0.893829
0.582367
0.41156
0.000686646
0.21373
0.687012
0.603287
0.482605
0.38446
0.317322
0.237854
0.231583
0.171738
-0.0140381
-0.0979004
-0.201141
-0.402405
-0.478745
-0.543304
-0.628113
-0.814392
-0.835464
-0.983109
-1.25224
-1.46486
-0.846558
-1.05632
-0.538666
0.735718
0.308289
-0.296646

[10]
-0.138611
-0.128677
-0.0226746
0.0684814
0.105698
0.141678
0.0478363
0.0253296
0.0219421
0.104919
0.0894623
0.0760498
0.0348816
0.114609
0.109039
0.0501404
0.0641785
0.0549622
0.0647736
0.0891571
0.106064
0.101471
0.103149
0.107666
0.104614
0.101562
0.0947723
0.0638123
0.103607
0.0815887
0.111099
0.0932312
0.116135
0.136047
0.178146
0.214432
0.605087
1.30266
0.307251
0.549026
0.701416
0.460251
0.0783539
0.134171
0.45517
0.706268
0.581024
0.476166
0.357849
0.286774

[11]
0.30014
0.245529
0.131775
-0.137314
-0.264816
-0.427734
-0.64418
-0.697723
-0.775192
-0.733582
-0.958603
-1.17145
-1.32716
-1.38144
-1.21234
-0.787964
0.931885
-0.0831146
-0.28331
-0.134918
-0.0846558
-0.18692
-0.140488
-0.0610657
0.0894318
0.0953217
0.0500488
0.161407
0.172775
0.0885315
-0.00357056
0.0723267
0.0993042
0.0648499
0.0552368
0.0595398
0.0838928
0.0585022
0.0644989
0.0658722
0.0966492
0.0793762
0.0679474
0.0781708
0.0726776
0.0842438
0.100189
0.102432
-0.0254669
0.101089

[12]
0.110825
0.25293
0.421539
0.640732
1.03806
0.471954
0.827133
0.776825
0.555023
-0.158936
-0.0926666
0.39296
0.681183
0.496857
0.388885
0.277786
0.236267
0.188568
0.164673
0.105972
-0.0981445
-0.224258
-0.396149
-0.539337
-0.763657
-0.999298
-0.869232
-0.940948
-1.35843
-1.54738
-1.3613
-0.754044
-0.934891
0.514786
0.398499
0.0123901
-0.15007
-0.149307
-0.175873
-0.208923
-0.0996399
0.0591431
0.0107727
-0.0138397
0.119034
0.124664
0.0831909
0.0337372
0.0319366
-0.0289459

[13]
0.0552826
0.0656281
0.0743256
0.00526428
0.0116882
0.0649109
0.0585938
0.0316467
0.0357971
0.0660858
0.0578308
0.0617828
0.0709686
0.0605164
-0.0524902
0.0186005
0.0167694
0.0792236
0.154602
0.241135
0.269058
0.264786
0.810089
1.00746
0.531418
0.874451
0.379883
0.0255127
0.0513153
0.42128
0.705383
0.59906
0.478683
0.389145
0.316742
0.269119
0.223251
0.0169525
-0.163391
-0.171219
-0.345169
-0.609634
-0.634674
-0.655472
-0.710602
-0.727982
-0.778122
-0.822906
-0.87941
-1.13361

[14]
-1.11279
-0.978241
-0.661972
-0.391724
0.462189
0.584335
0.00866699
-0.00212097
-0.103928
-0.194962
-0.0849915
0.0115051
0.0319519
0.112381
0.180817
0.188019
0.146255
0.153534
0.0944366
0.0334015
0.0693359
0.0951385
0.0298767
0.0548248
0.0771484
0.0980682
0.129974
0.10788
0.0877075
0.0831909
0.0783997
0.118835
0.102417
0.0858459
0.0888672
0.0539398
0.0679474
0.0959473
0.0886688
0.175018
0.158264
0.200272
0.154297
0.502243
1.13142
0.496628
0.391098
0.561676
0.405029
0.154144

[15]
0.166138
0.452698
0.711884
0.536926
0.470322
0.344986
0.335709
0.308365
0.188644
0.0128326
-0.049118
-0.158325
-0.246216
-0.356995
-0.503082
-0.761719
-0.837982
-0.758255
-0.787811
-0.772507
-0.928268
-1.0318
-1.07727
-0.922455
-0.838181
0.254974
0.676147
-0.0141296
-0.129578
0.110474
0.0199585
0.0942993
-0.127411
-0.0824738
0.0490417
0.039505
0.106827
0.172318
0.159744
0.13475
0.128326
0.112778
0.110947
0.083847
0.0805664
0.0968323
0.101013
0.0878143
0.0914764
0.0800018

[16]
0.0895996
0.114502
0.106079
0.0890045
0.069519
0.0647125
0.0619354
0.0905457
0.0971222
0.0831757
0.147064
0.135056
0.147339
0.183167
0.206268
0.208801
0.472336
1.04198
0.681213
0.0635834
0.489548
0.623352
0.420013
0.151718
0.400162
0.612686
0.549667
0.451035
0.398163
0.35704
0.26474
0.217133
0.176041
0.0122986
-0.0626221
-0.180298
-0.378265
-0.471985
-0.655945
-0.665161
-0.728455
-0.762802
-0.658752
-0.762161
-0.973312
-0.888931
-0.735855
-0.743973
-0.58667
0.332062

[17]
0.468292
0.128082
-0.274277
-0.0414886
-0.104736
-0.0413818
0.0462036
-0.0349274
0.0293121
0.0470428
0.148254
0.0614319
0.0944519
0.23175
0.156815
0.0686493
0.0728302
0.154663
0.140381
0.119812
0.0752258
0.0877686
0.118317
0.118134
0.111008
0.126038
0.1147
0.101074
0.107056
0.0964508
0.092865
0.121246
0.0945587
0.103806
0.115692
0.119781
0.13063
0.133698
0.156784
0.550781
1.11018
0.580338
-0.169647
0.689301
0.627274
0.528763
0.346085
0.457184
0.52861
0.528946

[18]
0.460373
0.406067
0.35408
0.267181
0.19249
0.0921936
0.0610962
-0.106644
-0.322876
-0.432877
-0.487274
-0.514755
-0.577667
-0.615784
-0.701706
-0.744873
-0.876617
-0.825989
-0.862579
-0.798019
-0.750381
-0.691483
-0.0350647
0.670929
-0.0828705
-0.330139
-0.0980377
-0.062149
0.140823
0.138153
0.00834656
0.0531616
-0.0549164
0.0964661
0.137375
0.148407
0.14624
0.165161
0.132904
0.0673676
0.0632172
0.11055
0.0950012
0.0557251
0.113739
0.132843
0.139099
0.0701599
0.0621796
0.0554962

[19]
0.0395813
0.0700684
0.0741119
0.0782166
0.0829468
0.0999451
0.0891724
0.0971985
0.123795
0.125092
0.169937
0.186172
0.250092
0.26181
0.623367
0.382538
0.176056
0.577499
0.370468
0.146545
0.366684
0.66478
0.594574
0.520584
0.368011
0.321045
0.275925
0.244858
0.101654
0.10231
0.0584259
-0.0027771
-0.0267029
-0.120026
-0.234833
-0.339676
-0.370178
-0.475555
-0.553635
-0.705368
-0.654541
-0.695404
-0.811493
-0.928024
-1.01631
-1.08282
-0.962875
0.455109
0.145233
-0.44397

[20]
-0.0101929
-0.096817
0.0323181
0.156113
0.159744
-0.0852814
0.0693359
0.0794983
0.11319
0.143463
0.125015
0.12236
0.138962
0.223526
0.0617371
0.0385132
0.10141
0.159378
0.136276
0.0667725
0.0513763
0.0681
0.0699615
0.0673981
0.154205
0.127487
0.158127
0.120941
0.0984497
0.0796509
0.146225
0.0762939
0.0834045
0.109558
0.214081
0.130829
0.0681458
0.555923
0.979065
0.252609
0.984253
0.625671
0.488907
0.0245819
0.147491
0.530777
0.673721
0.560471
0.420059
0.207336

[21]
0.362839
0.35849
0.244049
0.104965
-0.136093
-0.1996
-0.42897
-0.520752
-0.632767
-0.665268
-0.728745
-0.779388
-0.844818
-0.924469
-0.865326
-1.02086
-0.940231
-0.765045
-0.84967
0.379639
0.655731
-0.397156
-0.171158
0.0699768
-0.0145264
-0.124191
-0.211533
0.0583038
0.112808
0.0783081
0.168549
0.206696
0.192841
0.145676
0.0896454
0.123795
0.134323
0.104416
0.0869751
0.0773621
0.17099
0.120132
0.0980072
0.0759888
0.135284
0.159271
0.11644
0.132172
0.0962524
0.121002

[22]
0.116653
0.144913
0.178345
0.174179
0.171341
0.210327
0.318451
0.950241
0.633438
0.549057
0.630997
0.468094
0.299164
0.223114
0.36499
0.729126
0.646469
0.497742
0.351044
0.270081
0.331192
0.290314
0.200027
0.00831604
-0.101028
-0.196503
-0.556946
-0.579163
-0.7052
-0.843216
-0.877457
-0.968613
-1.0071
-1.14687
-1.27673
-1.17615
-1.03564
0.243332
0.581039
-0.263397
-0.144501
0.0487213
0.0339661
0.0553131
-0.172592
-0.0444183
0.114487
0.060318
0.185974
0.115646

[23]
0.158554
0.109024
0.13591
0.176682
0.176239
0.189545
0.191666
0.149933
0.101044
0.109558
0.0914459
0.110138
0.0907898
0.110611
0.139175
0.158951
0.0968781
0.0636444
0.0711517
0.0565796
0.108109
0.140335
0.139496
0.202911
0.200775
0.454117
0.612244
0.885773
0.635727
0.279617
0.625351
0.627136
0.406708
0.246552
0.553375
0.645157
0.50209
0.443649
0.349503
0.242493
0.266861
0.232925
0.0793457
-0.0910492
-0.209412
-0.364197
-0.533447
-0.578751
-0.735916
-0.950607

[24]
-0.951141
-1.19633
-1.33929
-1.53247
-1.27409
-1.02995
0.0528564
0.899673
-0.144882
0.117264
-0.423843
-0.245453
-0.253448
-0.101532
-0.050766
-0.0361023
0.02771
0.0240479
0.0600128
0.032959
0.0701599
0.0746765
0.100464
0.0882416
0.0651093
0.0927582
0.0137482
0.0162354
0.0238495
0.0454559
0.0314484
-0.0391846
0.0091095
0.0198975
0.0579224
0.0699615
0.0652618
0.116379
0.00379944
0.0283508
0.00166321
0.135483
0.193909
0.214523
0.264145
0.786453
0.944519
0.0211487
0.769028
0.487045

[25]
0.516632
0.202438
0.0949097
0.359177
0.61055
0.588943
0.452713
0.239548
0.227417
0.238785
0.143005
0.0529938
-0.0868683
-0.159729
-0.344528
-0.538025
-0.643753
-0.727402
-0.757324
-0.775558
-0.854538
-0.966629
-0.955521
-1.10928
-1.08885
-0.98378
-0.744644
0.7202
0.0679474
-0.536407
0.103531
0.151642
-0.00344849
-0.251724
-0.0533905
0.0181427
0.00706482
0.0814514
0.205658
0.14006
0.0909729
0.137238
0.19017
0.0904541
0.104156
0.106506
0.103928
0.0572052
0.0741577
0.0592804

[26]
0.109268
0.0888214
0.0773315
0.0705872
0.0984039
0.138321
0.119278
0.125381
0.0910492
0.0783539
0.0582886
0.150604
0.250198
0.25795
0.322327
0.345245
0.63501
0.784134
0.617126
0.584229
0.498566
0.0759735
0.0973969
0.459198
0.754868
0.589462
0.454483
0.321823
0.324326
0.382263
0.219925
-0.0145416
-0.149124
-0.217606
-0.370132
-0.491486
-0.538544
-0.638397
-0.682678
-0.903061
-0.923584
-0.908478
-1.22533
-1.13283
-0.995422
-0.48967
-0.545425
0.698059
0.332062
-0.282547

[27]
-0.362946
0.0538025
0.0497589
-0.0296326
0.0825348
0.0835724
-0.0140533
0.0680237
0.175323
0.175735
0.129929
0.090744
0.0713348
0.0479736
0.0945129
0.108688
0.0600586
0.117874
0.11235
0.0814972
0.0910339
0.0847778
0.125
0.168106
0.15773
0.0981903
0.0800018
0.111374
0.107498
0.116226
0.107681
0.120529
0.128983
0.229324
0.265381
0.451691
1.16553
0.550934
0.554672
0.714767
0.641022
-0.0109863
0.132202
0.485123
0.783127
0.614304
0.526245
0.386826
0.304001
0.233612

[28]
0.27536
0.188065
-0.0709534
-0.204819
-0.451035
-0.650604
-0.692612
-0.843979
-0.738327
-0.846664
-1.00874
-1.01852
-1.1068
-1.20424
-1.05884
-1.11223
1.12477
0.367172
-0.504135
-0.0613861
-0.0374298
-0.0411072
-0.0731659
0.0649567
0.0145264
0.0947723
0.142822
0.222519
0.173828
0.146072
0.141602
0.0998535
0.063385
0.101608
0.134323
0.11293
0.0879669
0.0944061
0.126785
0.117096
0.110275
0.134735
0.105896
0.121704
0.108902
0.111526
0.151718
0.106766
0.0893555
0.0567627

[29]
0.108353
0.170135
0.195114
0.141907
0.716278
1.49763
0.255646
0.854126
0.602631
0.674774
0.0626984
0.237274
0.453491
0.716064
0.663528
0.549561
0.410248
0.28215
0.297119
0.258286
0.195419
-0.0632324
-0.151962
-0.439438
-0.585129
-0.591568
-0.783279
-0.782776
-0.815155
-0.885818
-0.902954
-0.931992
-1.03473
-1.01707
-0.574875
-0.791
0.970673
0.36235
-0.339691
-0.260544
0.0647583
-0.123138
-0.103226
-0.0158234
0.0927124
0.132172
0.131638
0.164124
0.251205
0.187424

[30]
0.0516968
0.02948
0.113586
0.143585
0.160233
0.126694
0.159622
0.128448
0.102631
0.107834
0.127563
0.0955505
0.0582581
0.112198
0.122665
0.122269
0.172852
0.103455
0.107727
0.0823669
0.12767
0.129608
0.142792
0.127869
0.197479
0.96019
1.2184
0.327393
0.542023
0.740463
0.563019
0.0978851
0.302704
0.6548
0.648743
0.52153
0.47876
0.291885
0.239883
0.21727
0.196503
-0.0269012
-0.107849
-0.393173
-0.503128
-0.508423
-0.686523
-0.842361
-0.835266
-0.938675

[31]
-0.872086
-1.00043
-1.2789
-0.884628
-1.04704
-0.411667
0.933075
-0.286346
-0.0351868
-0.117676
-0.022171
-0.0962067
0.0245361
0.128662
0.0290985
0.0613861
0.181274
0.214661
0.17276
0.116821
0.0791168
0.124191
0.153442
0.10321
0.0902863
0.112854
0.114044
0.10054
0.0929565
0.123032
0.12619
0.0980988
0.123322
0.114655
0.123001
0.0965118
0.0919342
0.157532
0.133911
0.124008
0.105453
0.178894
0.268707
0.1642
0.713806
1.26683
0.48703
0.335831
0.50499
0.625961

[32]
0.281708
0.135529
0.470261
0.720642
0.59259
0.457321
0.30098
0.239349
0.264633
0.252121
0.152039
-0.0638885
-0.170685
-0.326447
-0.590439
-0.667953
-0.736542
-0.718842
-0.819641
-0.895828
-0.971115
-1.21594
-1.11497
-0.944748
-0.715424
-0.628311
0.62088
0.40744
-0.0272827
-0.0248871
0.0598145
-0.0315399
0.0105286
-0.0303955
-0.00180054
-0.0604553
0.091156
0.209595
0.192062
0.128647
0.110428
0.161041
0.109009
0.0848694
0.113373
0.0770111
0.11293
0.112473
0.110992
0.0835571

[33]
0.106964
0.0991821
0.139511
0.114731
0.154114
0.0975952
0.105209
0.117813
0.115616
0.0914764
0.141907
0.220306
0.207443
0.18718
0.843781
1.0303
0.0975342
1.03835
0.543915
0.387283
0.0826263
0.142502
0.684402
0.694458
0.589294
0.432022
0.320877
0.318909
0.330475
0.205826
0.00100708
-0.103912
-0.145844
-0.375626
-0.454819
-0.570053
-0.682083
-0.755173
-0.902267
-0.955643
-1.05002
-1.62476
-1.30884
-0.949097
-1.0163
0.833023
0.43927
-0.569931
-0.142776
-0.133926

[34]
0.0230713
-0.0398254
-0.0397491
0.0230103
0.0212555
0.0626068
0.188965
0.208939
0.140961
0.112946
0.0971375
0.137589
0.12265
0.155975
0.115631
0.102539
0.151581
0.0830688
0.0810852
0.0777588
0.0455627
0.143524
0.0824738
0.00578308
0.0171051
0.114807
0.118088
0.137299
0.137741
0.119659
0.203888
0.198196
0.167679
0.393982
1.26086
0.364532
0.822189
0.809479
0.491241
0.0906219
0.10054
0.347336
0.76886
0.609421
0.46701
0.299805
0.211548
0.190979
0.138916
0.0320282

[35]
-0.174072
-0.224548
-0.454178
-0.535477
-0.680283
-0.799606
-0.761444
-0.882248
-0.942947
-1.14619
-1.40891
-1.01106
-0.796783
-0.536087
-0.332596
0.640625
0.512482
-0.348007
-0.224625
0.00350952
0.0250702
-0.157303
-0.0626984
0.0139008
-0.0553589
0.0501099
0.180939
0.116699
0.0976562
0.0802917
0.106735
0.0969696
0.0548248
0.1409
0.104797
0.0573425
0.0424347
0.0696869
0.0969696
0.0611877
0.0817566
0.0991669
0.120758
0.115143
0.105606
0.0815277
0.0938568
0.0232849
0.0290375
0.172775

[36]
0.229279
0.31926
0.690826
1.08914
0.254105
0.884857
0.362961
0.0782318
0.301788
0.581589
0.675049
0.56459
0.488388
0.421707
0.408752
0.324417
0.243607
0.0576019
-0.0206451
-0.126755
-0.319626
-0.347397
-0.523987
-0.585251
-0.758041
-0.979843
-0.88385
-0.799454
-1.20702
-1.28146
-0.961487
-0.611786
-0.791809
-0.131775
0.873276
0.444962
-0.361664
-0.180649
-0.0045929
0.12973
0.0407257
0.00453186
-0.00405884
-0.239914
0.0108032
0.139267
0.196762
0.122223
0.0919647
0.122192

[37]
0.0657196
0.075943
0.105148
0.107803
0.09758
0.109482
0.108337
0.0828552
0.0907898
0.098526
0.0695496
0.101898
0.0647736
0.0832977
0.119217
0.0848236
0.11412
0.10585
0.0878601
0.0926361
0.155167
0.126526
0.0748138
0.0542145
0.25885
1.13521
0.696655
0.452637
0.594833
0.52916
0.536819
0.220764
0.193558
0.370682
0.536865
0.536285
0.494415
0.345901
0.168533
0.140472
0.179886
0.115601
-0.108231
-0.321823
-0.439819
-0.610825
-0.827347
-0.828323
-0.936783
-0.907303

