[1]
-0.0334625
0.067276
-0.0171661
0.0155792
-0.0358429
0.00663757
-0.0191193
-0.0106201
0.00941467
0.0467529
0.0497437
0.0170898
0.0159454
-0.110275
-0.0382385
0.0645142
0.126053
0.056366
0.0638275
0.0842285
0.0424957
0.118179
0.145691
0.18692
0.219376
0.325378
0.722092
1.30641
0.677475
0.378922
0.476517
0.427887
0.0183563
-0.22995
0.577271
0.845108
0.668213
0.519821
0.34317
0.273651
0.245087
0.20047
0.121201
-0.125687
-0.41774
-0.576721
-0.83757
-1.28741
-1.60129
-1.46146

[2]
-1.49144
-1.67343
-1.57121
-1.88191
-0.900742
1.62126
-0.388718
-0.622147
-0.245651
-0.63855
-0.46666
-0.161484
-0.0580902
0.0426025
0.0209808
-0.0159454
0.0164795
0.0557404
0.0722809
0.0482635
0.0702057
0.0860901
0.0571899
-0.0137329
-0.00358582
0.027298
0.0323944
-0.00527954
0.039978
0.0284271
0.0675507
0.111008
0.0682373
0.0549011
0.149185
0.198547
0.153625
0.340134
0.741028
1.36569
0.824493
0.412659
0.373779
0.40564
0.161072
-0.249527
0.538162
0.803406
0.666428
0.505402

[3]
0.280258
0.21759
0.212814
0.236374
0.233658
0.0501404
-0.171432
-0.389542
-0.728912
-1.10538
-1.63889
-1.687
-1.85771
-1.87039
-1.72037
-1.76334
0.640793
0.762772
-0.629593
-0.612473
-0.187958
-0.518143
-0.182419
-0.052887
0.00869751
-0.000686646
-0.0063324
-0.0134277
-0.0321503
0.0196228
-0.0712128
-0.0561371
-0.0475159
-0.0106201
0.017746
-0.00535583
0.0156708
0.0295105
-0.0336761
-0.0528412
0.017395
0.0611572
0.0773926
0.0962219
0.0762329
0.120285
0.0792847
0.0840759
0.0973663
0.393341

[4]
0.925339
1.39796
0.484726
0.631668
0.421783
0.406097
0.103958
-0.0558472
0.513184
0.691254
0.619949
0.512146
0.36142
0.234482
0.183792
0.178299
0.0230103
-0.202408
-0.368851
-0.602264
-0.891663
-1.09416
-1.35832
-1.48502
-1.42372
-2.01044
-2.10812
-0.442856
1.67845
-0.808563
-0.573456
-0.144958
-0.603577
-0.194153
0.095871
0.0461273
0.0608215
-0.053772
0.061554
0.0854645
0.0865021
0.0376892
0.0166931
0.0537872
0.0762177
-0.0261993
0.0411377
0.0897675
-0.00767517
-0.00465393

[5]
0.00508118
0.0277252
0.0884857
0.115036
0.11731
0.132446
0.120529
0.115326
0.108246
0.154617
0.30307
0.590683
1.23328
0.889954
0.559387
0.377838
0.270157
-0.0032959
-0.264877
0.569214
0.812378
0.665482
0.53978
0.396042
0.271378
0.222336
0.238953
0.20816
0.0526581
-0.281586
-0.59906
-0.840576
-1.17062
-1.40288
-1.33403
-1.42148
-1.76218
-1.95894
-1.69081
1.47688
0.22226
-0.492783
-0.273773
-0.430878
-0.518326
-0.284027
0.0574036
-0.0749207
0.0378876
-0.0546265

[6]
-0.0580139
0.000549316
0.075058
-0.0413666
0.0207977
0.0479889
0.0298767
-0.00213623
0.0317535
-0.00521851
-0.0427704
-0.0208435
-0.0172729
0.0494843
0.07724
0.118622
0.129425
0.116013
0.133453
0.186829
0.095108
0.247269
0.261276
0.773056
1.30399
0.632675
0.367523
0.385117
0.377609
0.122055
-0.0110321
0.631561
0.758026
0.593216
0.444336
0.309769
0.275803
0.277557
0.233109
0.254593
-0.01828
-0.318817
-0.653503
-1.03918
-1.42871
-1.66283
-1.84048
-2.02217
-1.82162
-1.79037

[7]
-0.00390625
1.58054
-0.926346
-0.586853
-0.230804
-0.595123
-0.44043
-0.0100098
-0.0370483
0.0653229
0.0336456
-0.0347443
-0.0443726
0.0233459
-0.00892639
-0.0436249
-0.0336609
-0.0481262
-0.0411377
0.0336456
0.0348358
0.0163574
-0.0847931
-0.0687561
0.00727844
0.0585327
0.100952
0.0682678
0.0940399
0.110443
0.132034
0.170822
0.149551
0.340347
1.08572
1.3535
0.520676
0.25827
0.278061
0.1707
0.0634613
0.383636
0.800262
0.698792
0.529572
0.36171
0.22438
0.156342
0.220596
0.191483

[8]
0.260391
-0.123001
-0.466904
-0.600937
-0.915466
-1.30309
-1.55791
-1.32127
-1.57181
-1.95154
-1.64621
-0.595657
1.66515
-0.5168
-0.822479
-0.267227
-0.409042
-0.355438
0.137207
0.012085
0.0293427
-0.0566254
-0.0130463
0.0233917
0.0686035
-0.0597687
-0.014801
0.0300598
0.0275116
-0.02034
0.0376892
0.00517273
0.00679016
0.0159912
-0.0281372
0.0581818
0.0519257
0.129944
0.106628
0.130371
0.108673
0.141098
0.20932
0.267593
0.313797
0.874161
1.29968
0.357574
0.145599
0.302582

[9]
0.406387
0.23175
0.196381
0.599518
0.593933
0.445557
0.383881
0.333969
0.247498
0.228165
0.126877
0.0944977
-0.133163
-0.365768
-0.687485
-1.04102
-1.49962
-1.74565
-1.55037
-1.52484
-1.58401
-2.01848
-1.70441
1.45657
0.420441
-0.793427
-0.728149
-0.568527
-0.45784
-0.175766
-0.0101471
-0.10939
-0.161224
-0.145813
-0.0210114
-0.0262146
-0.086853
-0.0671539
-0.0499878
-0.0323944
-0.0386047
-0.0579681
-0.0531921
-0.0215149
-0.0849609
-0.0949249
-0.00436401
0.0256348
0.0275116
0.0758667

[10]
0.0469666
0.0753479
0.0658417
0.11142
0.117493
0.0891876
0.370316
0.726822
1.13615
0.432968
0.352127
0.368591
0.323547
-0.0632935
-0.330826
0.462799
0.779144
0.608719
0.43956
0.224426
0.0503998
0.0805817
0.133621
0.0946503
-0.0841522
-0.250137
-0.490952
-0.983871
-1.49748
-1.83992
-1.68292
-1.65675
-1.41106
-1.70879
-1.42532
0.864868
0.574448
-1.11157
-0.739059
-0.349396
-0.736237
-0.187363
-0.0922241
-0.132553
-0.0546722
-0.013443
-0.0994873
-0.0874176
-0.026413
-0.0160828

[11]
-0.0748749
-0.0958099
-0.0967407
-0.0342255
-0.0522156
-0.0687561
-0.0448608
-0.0573578
-0.0826111
-0.0302887
-0.0561371
0.0178528
0.0106506
0.0394745
0.0501251
0.0583344
0.0674133
0.164749
0.316467
0.836655
1.24438
0.342941
0.248337
0.165802
0.228607
0.303253
0.145996
0.687775
0.722412
0.544144
0.316559
0.159729
0.171051
0.190308
0.0557556
-0.0341797
-0.125
-0.277069
-0.460648
-0.889389
-1.35254
-1.48824
-1.52271
-1.61522
-1.63431
-1.60013
-1.75389
-1.03146
1.57945
-0.659592

[12]
-0.631973
-0.395737
-0.695145
-0.256699
-0.0173187
-0.139755
-0.14566
-0.057251
-0.10498
-0.00845337
0.00871277
-0.0574493
-0.0552826
-0.0321045
-0.037796
-0.00628662
-0.0350952
-0.0601044
-0.0704498
-0.068222
-0.00790405
0.0085144
0.0286102
0.0505981
0.0584412
0.0823059
0.106064
0.0660553
0.0802307
0.13826
0.40715
1.22313
1.35327
0.435913
0.169464
0.345886
0.167877
-0.200882
0.590958
0.847763
0.695404
0.526016
0.322113
0.245941
0.27832
0.306122
0.25177
0.121262
-0.179413
-0.478607

[13]
-0.890762
-1.3759
-1.71445
-1.75804
-1.7507
-1.72519
-1.77986
-1.6488
0.599197
0.693893
-0.842987
-0.732315
-0.460297
-0.366943
-0.0262604
-0.136536
-0.0755768
-0.0980835
0.0775146
0.0369568
-0.0314789
-0.0240631
-0.0663757
-0.0647736
-0.0532074
-0.033371
-0.0283203
-0.00559998
-0.0168304
-0.0671692
-0.0571136
-0.0244446
-0.0160675
0.0462799
0.0815582
0.0713043
0.0584869
0.0573425
0.125
0.127014
0.0736237
0.320862
0.765137
1.37169
0.802734
0.229813
0.185333
0.341156
-0.227081
-0.181992

[14]
0.530121
0.688812
0.652725
0.529678
0.378036
0.282364
0.275177
0.26239
0.254913
0.0993652
-0.151688
-0.482407
-0.811584
-1.0585
-1.49261
-1.7635
-1.69489
-1.57967
-1.94576
-1.75748
0.866776
0.652435
-1.04268
-0.674927
-0.583633
-0.41037
-0.0918121
0.0611267
-0.215134
-0.049881
-0.0339661
0.0177765
0.0121613
0.0358734
0.0133209
-0.0287781
-0.026535
-0.0477142
-0.0118256
-0.0157776
-0.0251312
-0.0746765
-0.0322266
0.0126648
0.0449219
0.0868683
0.064621
0.0974426
0.08255
0.152924

[15]
0.130142
0.0704193
0.344254
0.807098
1.34332
0.618134
0.233673
0.345261
0.335403
0.0344849
0.134827
0.685745
0.617584
0.502747
0.370895
0.290466
0.239838
0.222244
0.177277
0.13028
-0.00012207
-0.238342
-0.598465
-0.90567
-1.34857
-1.52419
-1.46274
-1.56244
-1.60617
-1.6709
-1.76796
0.302338
0.933624
-1.11183
-0.684647
-0.253586
-0.440125
-0.0858917
-0.0487518
-0.138885
-0.0925903
0.0199738
-0.0377655
-0.01297
-0.045929
-0.018692
-0.0501251
-0.0509186
-0.0805664
-0.0440979

[16]
-0.0192566
-0.0585785
-0.0686951
-0.0684814
-0.023056
-0.00175476
0.015686
0.061203
0.0362244
0.0514984
0.0951691
0.0780182
0.0506134
0.281631
0.834106
1.27744
0.637451
0.411697
0.145401
0.0415344
0.160522
0.263092
0.758286
0.64949
0.537216
0.378143
0.235245
0.211014
0.224106
0.159744
0.106125
-0.00119019
-0.209625
-0.320938
-0.554626
-0.930908
-1.32404
-1.66351
-1.71141
-1.72371
-1.75156
-1.54402
-0.690613
1.52837
-1.17114
-0.6297
-0.310654
-0.277496
-0.250687
-0.0445557

[17]
-0.0957947
0.0383453
0.0496521
0.0019989
0.01091
0.0131226
-0.0262756
-0.0545197
-0.0177002
-0.0206146
-0.0630646
-0.022583
0.0176239
0.0132751
-0.069046
-0.0724182
-0.000305176
0.0433502
0.0775452
0.0992889
0.111252
0.14093
0.0601501
0.159912
0.183609
0.28363
0.905273
1.23689
0.312042
0.293198
0.153244
0.19722
0.152939
0.459061
0.621063
0.603882
0.501175
0.39624
0.334717
0.264481
0.235138
0.171478
0.0507965
-0.0918427
-0.333511
-0.609222
-1.00235
-1.51735
-1.68816
-1.55064

[18]
-1.50638
-1.57684
-1.70152
-1.50197
0.143265
1.04822
-0.571182
-0.708496
-0.498932
-0.432343
-0.352921
-0.00331116
-0.0848541
-0.0906525
-0.120789
-0.0839081
-0.054718
-0.045105
-0.0630493
-0.0688019
-0.0748901
-0.0412903
-0.0127411
-0.0559845
-0.0809479
-0.0322571
-0.0266724
-0.043869
-0.0967255
-0.0587769
0.0416412
0.0839691
0.0628052
0.0760803
0.0406189
0.0955811
0.0806732
0.104691
0.545807
1.09189
1.02371
0.506226
0.173508
0.247986
0.0767059
0.00616455
0.320068
0.647614
0.569504
0.485519

[19]
0.352615
0.321609
0.275635
0.283234
0.295853
0.219574
0.0271606
-0.263214
-0.596802
-0.941406
-1.32227
-1.73073
-2.12047
-2.1456
-1.862
-0.859131
-1.40111
1.23434
0.551926
-1.09702
-0.784637
-0.250885
-0.36496
-0.00730896
-0.14679
-0.098877
-0.11763
-0.0704041
0.0854797
0.0474548
-0.0448761
-0.0345154
-0.0482025
-0.0334625
-0.0296478
-0.030899
-0.0510559
-0.0553436
-0.011261
-0.0586395
-0.0172119
0.0317535
0.0903778
0.0754242
0.170868
0.194733
0.187546
0.184708
0.283218
0.437897

[20]
1.29143
0.99855
0.32283
0.252014
0.254822
0.00430298
-0.0883636
0.714432
0.843811
0.630386
0.452576
0.313034
0.246902
0.272598
0.241028
0.176346
-0.0426636
-0.256348
-0.624344
-0.973755
-1.44943
-1.68532
-1.64397
-1.6721
-1.41673
-1.62627
-1.61522
0.218765
1.2529
-0.707489
-0.835922
-0.428421
-0.614731
-0.198868
0.00100708
-0.0348206
-0.100632
-0.0357513
-0.00297546
0.0131531
-0.0227051
-0.0274963
-0.0501709
-0.0576324
-0.102112
-0.0284729
-0.00320435
-0.0506287
-0.0590515
-0.0451965

[21]
-0.0397034
0.0189362
0.0169983
0.0721588
0.110275
0.139282
0.14119
0.15242
0.157516
0.36792
0.756165
1.28194
0.705994
0.202774
0.204376
0.196976
0.0541687
0.544647
0.848755
0.664673
0.551224
0.383896
0.227829
0.163452
0.172424
0.12146
0.0774841
-0.08461
-0.349075
-0.696701
-1.05325
-1.48969
-1.69118
-1.80785
-1.78639
-1.75975
-1.86154
-1.4082
1.58064
-0.520645
-0.999893
-0.528793
-0.395462
-0.352325
0.0413513
-0.0435791
-0.00656128
-0.0211029
-0.0608368
-0.122803

[22]
0.0256653
0.00996399
-0.031311
-0.0615234
-0.00933838
-0.0155945
-0.0907898
-0.0853119
-0.0314789
-0.045639
-0.0608063
-0.0227966
0.028717
0.128235
0.173737
0.113419
0.127182
0.173904
0.135376
0.500809
1.61275
0.693649
0.40303
0.189728
0.289536
0.163391
-0.0797424
0.704575
0.812805
0.618347
0.477814
0.317398
0.331757
0.284515
0.335342
0.226318
-0.0702515
-0.391937
-0.639908
-1.04837
-1.47224
-1.65733
-1.72908
-1.77461
-1.49219
-1.59721
-1.29205
1.14626
-0.246887
-1.01431

[23]
-0.488907
-0.314697
-0.330353
0.0532074
-0.0395355
-0.0879669
-0.0307922
-0.0773773
0.0113525
-0.0287476
-0.0560913
-0.0352631
-0.123245
-0.120239
-0.070816
-0.0559082
-0.0253601
-0.0543365
-0.0777893
-0.0460052
0.0713959
0.0321503
0.0806885
0.0851746
0.0972443
0.133835
0.156067
0.134247
0.255707
1.08917
1.23331
0.703156
0.341965
0.265457
0.0921631
-0.121521
0.41423
0.852005
0.676987
0.538528
0.371964
0.274704
0.324829
0.372742
0.321243
0.190125
-0.158081
-0.330322
-0.630417
-1.16777

[24]
-1.78764
-1.96507
-2.18565
-2.34383
-1.55981
-1.47313
0.740662
1.07297
-0.996216
-0.8069
-0.349228
-0.603317
-0.276138
0.00727844
-0.133789
-0.0263977
0.00901794
-0.0767975
-0.00614929
-0.097641
0.0179443
-0.0271912
-0.0384521
-0.0422058
0.000274658
-0.00138855
-0.0395355
-0.0733032
-0.0601654
-0.014801
0.0634155
0.0622253
0.112091
0.0445862
0.0469818
0.0794067
0.115402
0.104263
0.31398
0.612457
1.19467
0.610413
0.421341
0.355743
0.235016
0.115311
0.165466
0.659546
0.640915
0.505569

[25]
0.428421
0.328201
0.21373
0.151367
0.129929
0.118546
-0.0516052
-0.357559
-0.535248
-0.893692
-1.3689
-1.76584
-1.7029
-1.66969
-1.74437
-1.83731
-1.52434
-0.960831
1.56566
-0.163223
-0.909073
-0.428574
-0.574112
-0.502945
-0.057785
-0.0572968
-0.109894
-0.0632477
-0.094986
-0.138184
-0.0560455
0.0293427
-0.0480957
-0.0640106
-0.0296021
0.0131378
0.013504
-0.0187836
-0.0378723
-0.0745392
-0.0589447
-0.0688477
0.000961304
0.072464
0.0926819
0.113434
0.0357056
0.0858459
0.0736389
0.0984192

[26]
0.163193
0.631439
1.3633
0.774231
0.46434
0.348907
0.488754
-0.139832
-0.196045
0.497726
0.797134
0.664917
0.490524
0.336563
0.21019
0.195587
0.246658
0.228806
0.167877
-0.0537415
-0.412735
-0.954697
-1.3745
-1.79039
-1.81084
-1.77003
-1.74258
-1.76064
-1.74625
-0.207275
1.56393
-1.08986
-0.615356
-0.464157
-0.580872
-0.288971
0.030426
-0.105728
-0.00753784
-0.0904999
-0.0344238
-0.00718689
-0.0269318
-0.0238495
-0.0870667
-0.0652161
-0.0283356
-0.0190125
-0.010025
0.00268555

[27]
-0.0144806
-0.0406036
0.00282288
0.0128784
0.0615997
0.030365
0.125198
0.117798
0.130234
0.148483
0.0762482
0.47818
1.15869
1.20695
0.403015
0.423798
0.289688
0.159531
-0.142502
0.516205
0.865112
0.681564
0.514954
0.332336
0.254181
0.30249
0.275299
0.215118
0.127914
-0.0947571
-0.160934
-0.392105
-0.754852
-1.2281
-1.52176
-1.726
-1.8459
-1.94221
-1.57785
-1.25874
-0.494217
1.63832
-0.792572
-0.417572
-0.219482
-0.530563
-0.219864
-0.00773621
-0.0930634
-0.0128937

[28]
0.067215
0.015152
0.0282898
0.00752258
0.00695801
-0.0328674
-0.00900269
0.0300293
0.0175781
0.0206604
0.0189819
0.025238
-0.00437927
0.000595093
0.0472565
0.0356445
0.091629
0.148758
0.0663757
0.10733
0.122726
0.167419
0.198486
0.637497
1.226
0.889404
0.435822
0.45752
0.361542
0.263397
-0.243011
0.522079
0.855011
0.698975
0.493927
0.300751
0.20047
0.221069
0.222473
0.203934
0.111481
-0.0502319
-0.289719
-0.664383
-1.08852
-1.57024
-1.66379
-1.62509
-1.58923
-1.60533

[29]
-1.3557
-1.28572
0.853958
0.761581
-0.947769
-0.468872
-0.385269
-0.42897
-0.0830536
-0.0422058
-0.12854
0.0807648
-0.0106049
-0.0345459
0.0668488
-0.0361023
0.0146484
0.0104065
0.0152435
0.0464478
0.0519714
0.0530548
0.00379944
-0.00262451
-0.0251007
0.0660248
0.093399
0.144989
0.15007
0.139389
0.0976105
0.130173
0.174973
0.510071
0.984787
0.987228
0.496719
0.488983
0.256866
0.29744
0.0909424
0.271759
0.641129
0.605576
0.471222
0.385406
0.243179
0.231781
0.266663
0.241409

[30]
-0.0366974
-0.327942
-0.494232
-0.582169
-0.830353
-1.05283
-1.36398
-1.57205
-1.53868
-1.45889
-1.70729
-1.55359
0.490173
0.538193
-0.951996
-0.533295
-0.294739
-0.588364
-0.21524
-0.0271454
-0.0843964
-0.00172424
-0.0796509
-0.0224609
0.00161743
0.0249023
0.0152435
-0.019165
-0.00137329
-0.00126648
0.00521851
-0.0305786
-0.0915375
-0.0415344
-0.0652618
-0.0153046
0.0200043
0.0959167
0.0592041
0.0726471
0.123856
0.18808
0.215088
0.12001
0.412201
1.36975
0.514557
0.738037
0.171371
0.0960083

[31]
0.360275
0.345581
0.723007
0.614349
0.482407
0.372253
0.288223
0.2659
0.250458
0.201096
0.0974426
0.00976562
-0.134247
-0.433289
-0.742783
-1.23817
-1.64597
-1.61125
-1.58513
-1.63078
-1.77959
-1.8466
-0.250458
1.04178
-0.842392
-0.69899
-0.22197
-0.501999
-0.316925
-0.00857544
-0.112106
0.0104675
0.0733032
-0.0595856
-0.105118
-0.0343323
-0.0408936
-0.0571442
-0.134705
-0.0934448
0.00375366
-0.0155182
-0.0581207
-0.0459747
-0.0394897
-0.0420837
-0.0143433
0.0124512
0.0174561
0.0396729

[32]
0.0526733
0.0154114
0.0369415
0.162659
0.170898
0.487656
0.96756
0.757599
0.431763
0.361557
0.233063
0.0841675
-0.193665
0.422073
0.790985
0.658798
0.498322
0.315079
0.188553
0.211655
0.261307
0.178009
0.0367279
-0.14006
-0.303925
-0.624069
-1.03658
-1.44699
-1.63419
-1.91766
-1.79643
-2.13861
-1.65115
1.16333
0.0733337
-0.87233
-0.396057
-0.43808
-0.656723
-0.384171
0.00370789
-0.0499573
0.0330963
-0.0843353
-0.113068
-0.0963287
-0.0111694
-0.0562744
-0.154861
-0.12262

[33]
-0.0349121
-0.0882111
-0.116119
-0.0900574
-0.0644379
-0.0701904
-0.0727997
-0.00421143
0.106216
0.0450134
0.106918
0.0827942
0.0710754
0.0793457
0.0801544
0.329208
0.490204
1.10225
0.557419
0.519974
0.343842
0.179016
0.0638275
-0.0610962
0.714127
0.7995
0.559464
0.406631
0.17807
0.212341
0.238617
0.141663
0.0194855
-0.146286
-0.367188
-0.614212
-0.875565
-1.21735
-1.45399
-1.33731
-1.30151
-1.36084
-1.21616
-1.39397
-1.256
1.76921
-0.129486
-0.551117
-0.30484
-0.418106

