[1]
-0.207184
-0.138962
0.0160217
0.0290222
0.0283203
-0.0336151
-0.0605469
-0.0319672
0.0193329
0.0165405
-0.0589447
-0.0619354
-0.0699615
0.0458069
0.150208
0.0804443
0.0201111
0.0548553
-0.0569763
-0.181183
-0.109756
0.0662689
0.128433
0.0203094
-0.0865479
-0.21756
-0.350967
-0.566177
0.00593567
-0.319946
-0.438416
-0.352966
-0.115707
-0.401962
-0.0331116
-0.0142059
0.0534821
0.000778198
0.00782776
0.0495911
0.0474091
0.0357208
0.0374451
-0.0109406
-0.0263977
-0.0632172
-0.165451
-0.16156
-0.0140381
0.107651

[2]
0.171021
0.341156
0.352386
0.235977
-0.321014
0.161102
0.513809
-0.211502
0.286789
-0.227768
-0.00440979
-0.0354919
0.00830078
0.0765991
0.0266113
-0.157227
-0.119659
0.0319672
0.0587158
-0.00456238
-0.0388489
-0.031723
0.0102081
0.0297394
0.0513763
0.080658
0.0371704
0.0131531
0.0452881
0.00386047
0.0332642
0.0383911
0.00817871
-0.0220642
-0.0475311
-0.0533447
-0.0922699
-0.256638
-0.338272
-0.167053
0.115021
0.0424652
-0.318878
-0.634964
-0.156158
-0.352554
-0.0665894
-0.00437927
-0.00318909
-0.0417328

[3]
-0.0778046
-0.0929718
-0.086731
0.00299072
0.00604248
-0.0672302
-0.072403
-0.0653076
-0.0821991
-0.0818024
-0.176697
-0.065567
0.188263
0.54451
0.153
-0.237137
0.180862
0.348816
0.0467987
-0.013855
0.133636
-0.087616
-0.0314636
-0.0808411
0.0384674
0.0624542
0.0681915
-0.0754852
-0.122284
0.0276031
0.0712891
0.0402069
-0.0215607
-0.00830078
0.0104828
0.0278778
0.017868
0.00587463
0.0014801
0.00872803
0.0246277
0.0343475
0.0247498
0.0743408
0.056015
-0.0636444
-0.0656433
-0.168839
-0.111862
-0.35675

[4]
-0.616074
-0.0329285
0.281311
-0.361526
-0.507034
-0.48848
-0.263916
-0.208923
0.0362701
-0.0219727
-0.0462952
-0.102768
-0.0323181
0.0260162
0.0354614
0.00973511
-0.0737
-0.110718
-0.0736847
-0.0712128
-0.132431
-0.0331268
0.175446
0.420029
0.284042
0.47197
0.394913
0.53743
0.481125
0.385101
-0.368057
0.165253
-0.0792542
0.0620575
-0.0015564
0.0867157
0.0989227
-0.0806885
-0.155197
0.0330353
0.0953217
0.016922
-0.0768738
-0.0450745
0.0345764
0.0870209
0.0897369
0.0114746
-0.00892639
0.00692749

[5]
0.0384064
0.0507507
0.0150909
0.00912476
0.0457458
0.0782928
-0.0194092
-0.0674286
-0.143997
-0.11673
-0.269943
-0.323196
-0.388168
0.181412
-0.275314
-0.45546
-0.439713
-0.208984
-0.201157
0.0344086
-0.0585022
-0.0307159
-0.0494232
0.00535583
0.00971985
0.0377197
0.00794983
0.00917053
-0.00976562
-0.0976715
-0.114258
-0.0503998
-0.088913
0.177444
0.51181
0.46759
0.246246
0.385269
0.223068
0.233704
0.463013
0.183121
-0.209183
-0.13176
-0.135651
0.0565338
0.0267944
0.11174
0.142151
0.0126343

[6]
-0.143784
-0.0480347
0.108887
0.06073
-0.00540161
-0.0344086
-0.0114899
0.0906525
0.0722809
0.026062
0.000717163
0.0282288
0.0539703
0.00289917
-0.008255
-0.0698395
0.0523529
0.0488434
0.0742493
-0.00830078
-0.0397034
-0.079895
-0.153015
-0.39093
-0.163361
0.172699
-0.408661
-0.463516
-0.243027
-0.0876617
-0.174088
-0.0704346
-0.0134277
0.0372467
0.0193481
0.0239105
0.0234528
0.0774536
0.103317
0.0821991
-0.00897217
0.0574341
-0.0199585
-0.116486
-0.0925903
-0.234909
-0.106232
0.326797
0.380524
0.143127

[7]
-0.100555
0.435379
0.506409
-0.107971
0.0826874
-0.203522
-0.039505
0.0406036
-0.025589
0.0964355
0.0320892
-0.0927124
-0.152451
0.0523376
0.114914
0.0436096
-0.0329742
-0.054245
0.0243988
0.0794983
0.0595093
0.00453186
0.00865173
0.011734
0.0237122
0.0110931
0.0209656
0.0126495
-0.000915527
-0.00933838
-0.01828
-0.0414429
-0.0719299
-0.249008
-0.893738
-0.0802155
0.116425
-0.437241
-0.464233
-0.208435
-0.0320892
-0.0301819
0.0452881
0.0518646
-0.0278168
-0.0626373
-0.0613708
-0.0291748
0.0287781
0.0124359

[8]
0.14476
0.0419617
0.0420532
-0.0078125
-0.24649
-0.11676
0.141022
0.298553
0.070282
0.402084
0.453995
0.291824
0.331238
0.386597
-0.177109
0.104034
-0.0344391
-0.0923462
-0.0451202
-0.0152588
0.0681458
0.0062561
-0.0982208
-0.075943
0.104599
0.0585938
0.00413513
-0.0647583
-0.013855
0.0258789
0.0273285
0.013092
0.016922
0.0171509
0.0331573
0.0632172
0.0303345
-0.033844
-0.0341644
0.00286865
0.0448608
0.017868
-0.0135498
-0.162796
-0.350357
-0.448608
-0.17894
0.188995
-0.401917
-0.340286

[9]
-0.233078
-0.0839386
-0.0336456
0.0106964
0.0224762
-0.0452881
-0.00941467
0.0447845
0.0514832
0.0310364
-0.0572052
-0.0225067
-0.0431213
-0.0404205
-0.145203
-0.178406
-0.0909119
0.043045
0.16745
0.321335
0.311157
0.256149
0.225052
-0.0205688
0.322128
0.0619965
-0.174133
0.135696
0.021286
-0.023468
0.0146179
0.0337372
-0.00878906
-0.121307
-0.0679321
0.0454102
0.0707703
-0.0039978
-0.0298615
0.0133362
0.0253754
0.0318604
0.0134888
0.0278473
0.0439301
0.0279388
0.092804
0.0535736
0.020401
-0.0503082

[10]
-0.0188446
0.0321655
0.0175018
-0.039444
-0.171524
-0.182968
-0.299026
-0.651093
-0.0397339
0.170959
-0.306198
-0.420441
-0.230789
-0.128006
-0.257416
0.132584
0.111572
0.0875854
0.0180664
0.0460205
0.00973511
-0.0471344
-0.0561829
-0.00770569
0.00263977
0.0121613
-0.022583
-0.136703
-0.1548
-0.225082
-0.18689
-0.101089
0.0683136
0.37558
0.447708
0.468018
-0.0359497
-0.138351
-0.2733
0.161362
-0.0631409
0.0132446
0.0592346
0.0283661
-0.00193787
-0.0212708
-0.130981
-0.0749359
0.0889435
0.114716

[11]
0.0623474
-0.00950623
-0.0200958
0.014328
0.0360413
0.0113831
0.037323
0.0367126
0.0263672
-0.00816345
-0.000244141
0.0193024
-0.0249634
0.0243073
0.0328064
-0.00811768
-0.0955811
-0.115417
-0.245087
-0.339462
-0.102707
0.153381
-0.40358
-0.343155
-0.32019
-0.103455
0.0329437
0.000976562
0.0450287
-0.0379028
0.0100555
-0.0196838
-0.0209198
-0.0791626
-0.160431
-0.111343
-0.0940399
-0.0946198
-0.16687
-0.24794
-0.195099
-0.168869
-0.144974
0.0289612
0.232956
0.079895
0.242523
0.486267
0.458389
0.312851

[12]
-0.18959
-0.107269
-0.160095
0.0623322
0.0596619
0.0835114
0.0298462
-0.0345917
-0.149277
-0.0308228
0.148865
0.0947418
-0.00740051
-0.0289612
-0.0104523
0.0233002
0.0335541
0.0402527
-0.00263977
0.0202026
0.0236053
0.018219
0.0431976
0.0433807
0.0717468
-0.0487061
-0.0379333
-0.0373077
-0.028595
-0.083374
-0.304138
-0.555038
-0.0565186
0.198029
-0.497025
-0.466187
-0.138931
-0.197113
0.109985
0.0813904
0.111053
0.0184631
-0.0187073
-0.0179749
0.033783
0.0522766
0.0245972
0.0114288
-0.0198669
-0.0674744

[13]
-0.133804
-0.206512
-0.304581
-0.288498
0.03508
0.212357
0.122223
0.0478058
-0.0621338
-0.0211945
-0.150543
0.0218201
0.167191
-0.0578613
0.0780029
-0.0331726
0.106628
-0.0249329
-0.154083
-0.0935516
0.042099
0.0739288
0.0131378
-0.0173492
-0.050827
0.0222015
0.0319519
0.0200806
0.0258636
0.0254364
0.0194855
0.0308075
0.0848083
0.072464
0.0488739
0.00704956
-0.0505066
-0.0509033
-0.0588379
-0.0535889
-0.113037
-0.402405
-0.448563
0.0106964
0.078125
-0.0617523
-0.474045
-0.459808
-0.275986
-0.191101

[14]
0.0897064
0.0277252
0.000778198
-0.0387726
-0.0175781
-0.00509644
0.0318604
0.020813
0.0694122
0.0502014
0.0405426
-0.180939
-0.350876
-0.331985
-0.249771
-0.080658
0.157166
0.335663
0.422302
0.173172
0.0681915
0.370407
-0.0293579
-0.0518799
0.129517
-0.00317383
0.022995
0.0105133
0.0129395
0.0224457
-0.0879822
-0.101044
0.033905
0.0781097
0.0177917
-0.0400238
0.000869751
-0.00485229
0.0366516
0.0242767
0.0209656
0.0328369
0.0383301
0.105576
0.0973358
0.0149536
0.035202
0.0210266
-0.055481
-0.0479279

[15]
-0.0535431
-0.140823
-0.446182
-0.450714
0.044754
0.127365
-0.163437
-0.430557
-0.439529
-0.139908
-0.151199
0.116211
0.0487976
0.00431824
-0.0848694
-0.0628204
-0.0278015
-0.0517578
-0.0575409
-0.0294189
-0.0486603
-0.0743103
-0.171524
-0.22406
-0.206085
-0.13063
-0.150574
-0.0433044
0.308441
0.413589
0.321152
0.237228
0.307327
-0.0400543
0.147308
0.207504
-0.0711975
-0.0032959
0.0135345
0.0158691
-0.00828552
-0.107956
-0.0929108
-0.0119629
0.0692139
0.0227814
-0.0163727
-0.0326233
0.0342865
0.0651855

[16]
0.0595551
0.0192108
0.0448303
0.055542
0.0380554
0.0848541
0.0501709
0.0557709
0.026413
0.00337219
-0.0883636
-0.114746
-0.119064
-0.416382
-0.457428
0.00427246
0.0825348
-0.00708008
-0.401428
-0.533295
-0.0995789
-0.105392
0.14212
0.067337
0.0179901
-0.0477753
-0.089386
-0.0563812
-0.0618591
-0.0430298
-0.0019989
-0.0545654
-0.0692139
-0.107269
-0.188171
-0.242371
-0.0929871
-0.114349
-0.0541992
0.317062
0.310577
0.175186
0.204926
0.359741
0.376648
-0.00309753
0.396317
-0.167679
-0.148773
0.0351715

[17]
-0.0338135
0.12674
0.051651
-0.0764313
-0.106979
-0.0304871
0.101151
0.0822906
-0.00540161
-0.0436249
0.00123596
0.0731049
0.0610504
0.0134888
0.0057373
0.0381317
0.0484772
0.00442505
-0.0446472
0.046936
0.0470734
-0.0564423
0.0098877
0.0115662
-0.147827
-0.211166
-0.390152
-0.0256805
-0.0326385
-0.404251
-0.336487
-0.247879
-0.0809937
0.0106964
-0.0215149
0.00413513
0.00363159
0.0343628
0.0675201
0.00146484
0.0115967
-0.0252838
-0.0446014
-0.111084
-0.0798035
-0.151001
-0.19632
-0.141785
-0.110962
0.0516357

[18]
0.203064
0.269211
0.196106
0.208206
0.645401
0.243027
0.361542
-0.275848
-0.151718
-0.101425
-0.0313416
0.0187225
0.0591431
0.0377655
-0.0210876
-0.147186
-0.139404
0.0435181
0.108536
-0.00111389
-0.0468445
-0.0126953
0.0163727
0.05896
0.0438995
0.00846863
0.0375977
0.0406494
0.0169067
-0.0110168
0.0511169
0.00465393
0.0192413
-0.0422516
0.0144348
-0.0549774
-0.11348
-0.255264
-0.316833
-0.317917
0.0684052
0.176193
-0.446304
-0.50676
-0.207169
-0.0523987
0.0151215
0.030014
-0.0213776
-0.0697021

[19]
-0.0467377
0.00679016
0.0349121
0.0680695
0.0849152
0.0967255
0.0200195
0.00125122
-0.11322
-0.286423
-0.450058
-0.651718
-0.624725
-0.149765
0.264847
0.272385
0.341904
-0.331711
0.628113
-0.384521
-0.120361
0.0124054
-0.013916
0.0428925
0.0408783
0.0285492
-0.0537415
-0.144119
-0.0215759
0.0961609
0.0323944
-0.0383911
-0.0185547
-0.0269623
-0.0035553
0.006073
0.0296936
0.0144806
0.00701904
0.00447083
0.0526581
0.0240326
-0.0196228
-0.0121765
0.00793457
0.0177307
-0.0553589
-0.0804443
-0.0949249
-0.285355

[20]
-0.603043
-0.0515289
-0.0912628
-0.447449
-0.46051
-0.185928
-0.306259
0.0125732
0.0454407
0.0851746
0.0170135
0.0113068
0.032196
0.0396729
0.0503082
0.0481262
0.00291443
-0.0252686
-0.145752
-0.254761
-0.334564
-0.42041
-0.433517
-0.134491
0.241135
0.259781
0.239349
0.5112
0.175766
0.325806
-0.229858
0.0950928
0.0151825
-0.000488281
-0.010437
-0.0358887
0.0614319
-0.124786
-0.238159
-0.0313721
0.0641632
0.0406494
-0.0505371
-0.062561
-0.0279236
-0.00382996
0.00256348
0.00166321
0.026123
0.0352936

[21]
0.0138245
0.0400543
0.0649414
0.0455933
0.0554047
-0.0500641
-0.0491791
-0.0356445
-0.0693054
-0.394608
-0.571152
-0.141571
0.10054
-0.197083
-0.573563
-0.450012
-0.0938568
0.0542297
0.1147
0.0919342
0.0491791
0.0535431
0.0466766
0.019043
-0.0270844
-0.0747681
-0.0550537
-0.0554657
-0.111282
-0.226349
-0.313034
-0.339966
-0.377762
-0.256714
-0.17067
0.148087
0.0261383
0.571106
0.20134
0.105576
-0.221436
0.112808
0.0434265
-0.141602
0.0309143
-0.0592804
0.0372467
-0.0102844
-0.0430908
-0.152344

[22]
0.0354462
0.118835
0.0823059
-0.0531006
-0.0486603
0.0713959
0.0706635
0.0245819
0.00680542
0.0157013
0.0370178
0.0128784
0.0139618
0.030899
0.0276337
0.0283813
-0.0150146
-0.0704956
-0.206467
-0.370422
-0.44783
0.193893
-0.357056
-0.412491
-0.415573
-0.133301
-0.249039
-0.0205841
0.0167236
0.0402527
0.0250092
0.0264587
0.0951233
0.044281
0.101898
0.0936584
-0.0196228
-0.0533142
-0.161575
-0.372986
-0.353592
-0.469467
-0.477325
-0.166748
0.168152
0.367477
0.690674
-0.159729
0.164719
0.0244751

[23]
0.0930481
-0.0189819
-0.176453
0.0450134
0.0150757
0.0962372
-0.0396271
-0.151245
-0.0717163
0.0962219
0.0979767
0.0249786
-0.022583
0.00170898
0.046402
0.0326385
-0.00798035
-0.00650024
7.62939e-05
0.0140533
0.058075
0.0983734
0.0597229
0.000320435
0.0234375
0.0132446
-0.0595703
-0.0962524
-0.258118
-0.643921
-0.0582275
0.0518036
-0.342575
-0.393661
-0.250153
-0.186768
-0.0248413
0.059082
0.130981
0.0350494
0.0607605
0.0722198
0.0945892
0.117599
0.112335
0.09729
0.0758667
0.139526
0.0699463
-0.115326

[24]
-0.365417
-0.466583
-0.364883
-0.0978241
-0.0994873
0.0870972
0.196579
0.343109
0.0358734
-0.332062
0.234131
-0.0091095
-0.0986633
-0.0980835
-0.0722656
0.0827789
-0.0359344
-0.153122
-0.0376587
0.0183105
0.0904083
0.00448608
-0.0566406
-0.0561676
-0.010376
0.0134888
0.0109711
-0.0170593
0.0305176
0.0475616
0.0748596
0.0599976
0.0125732
-0.0330353
-0.042572
0.0215302
-0.0860901
-0.172485
-0.41362
-0.362259
-0.161804
0.275528
-0.378708
-0.464767
-0.540604
-0.204559
-0.190826
0.0440674
0.000198364
-0.0593262

[25]
-0.0814972
-0.0424957
-0.00994873
-0.0153503
-0.0262146
-0.0804138
0.0289459
-0.0727997
-0.309555
-0.49115
-0.424973
-0.285202
-0.411499
-0.348679
0.0393524
0.268982
0.284912
0.663071
0.614304
0.156631
-0.18251
-0.329376
-0.00949097
-0.120316
0.0560455
0.0466766
0.0757446
0.0584717
-0.081955
-0.179047
0.0318756
0.148315
0.0359344
-0.0606537
-0.0730438
0.0322418
0.0574646
0.0182648
0.00115967
0.0416107
0.0451355
0.0265198
0.0242004
0.0338287
0.0782471
0.0776215
0.0344543
-0.0498199
-0.129837
-0.152039

[26]
-0.168503
-0.305511
-0.290009
0.219452
-0.243942
-0.357178
-0.477585
-0.200089
-0.271286
-0.042511
0.00889587
0.0487213
-0.0172272
-0.0154114
0.010376
-0.0124969
0.053009
0.0578156
0.0699921
0.0339813
0.0458374
-0.0150757
-0.0981293
-0.266205
-0.414673
-0.305908
0.0228119
0.251282
0.228531
0.473328
0.432617
0.265121
-0.330551
0.14621
-0.0580597
-0.115036
-0.0493469
0.0165253
0.0559998
-0.0581055
-0.137131
-0.0310669
0.0827637
0.0914307
0.00737
-0.0207825
-0.0105133
0.0113831
0.046402
0.0323334

[27]
0.0243073
0.0160217
0.0359955
0.0610046
0.016037
0.0204926
0.0312653
0.0314636
-0.030899
-0.107346
-0.254868
-0.365295
-0.474777
0.11618
-0.0325165
-0.397705
-0.545334
-0.175262
-0.0688934
0.13266
0.10495
0.0875397
0.017746
-0.00694275
-0.0201111
-0.0254822
-0.0827484
-0.0671539
-0.0432739
-0.0712128
-0.0922089
-0.193909
-0.222992
-0.148193
-0.13237
-0.0251312
0.176041
0.18602
0.10022
0.199005
0.266098
0.495697
0.620178
-0.2565
0.0400391
-0.220886
0.00431824
0.0177307
-0.035553
0.0476227

[28]
0.00372314
-0.140762
-0.0238953
0.126282
0.0765381
0.0116577
-0.0304108
0.0144196
0.023468
0.0428619
0.0303192
0.0253296
0.0287628
-0.00544739
-0.0259399
0.00123596
0.0214844
0.0754547
0.0312195
-0.008255
-0.081955
-0.0954895
-0.222076
-0.380463
-0.339905
0.222656
-0.0232086
-0.298248
-0.434082
-0.174316
-0.191635
0.0513306
0.0466003
0.0930176
0.0314789
0.0213013
0.0143738
0.0163574
-0.0420532
-0.0576172
-0.0526886
-0.0463104
-0.111969
-0.219315
-0.185242
-0.126709
-0.0359344
0.0281219
0.0755768
0.198486

[29]
0.163208
0.325562
0.615921
0.285294
0.0789642
-0.365311
0.0977936
0.00605774
0.0336609
-0.0999603
-0.0679169
0.0196838
-0.108368
-0.0796356
0.057663
0.0550385
-0.00865173
-0.0761108
-0.0724335
-0.0422974
-0.0277557
-0.000793457
-0.0341492
-0.0244293
0.00669861
0.0367432
0.0705872
0.11969
0.0289001
-0.116104
-0.106522
-0.0959167
-0.0970459
-0.427811
-0.393585
-0.0436249
0.335754
-0.186432
-0.4608
-0.50798
-0.108551
-0.101105
0.0402527
0.0607452
-0.0505371
-0.0300446
0.0101318
0.0450745
-0.0280609
-0.0660248

[30]
-0.0795746
-0.0899811
-0.115112
-0.216461
-0.252472
-0.110519
-0.0615692
0.0579987
0.340927
0.471924
0.316986
0.195816
0.413284
0.176529
0.138977
-0.233673
0.128723
0.0192261
0.0415344
-0.00694275
-0.0123444
-0.030838
-0.101044
-0.111679
0.00341797
0.0460968
-0.00645447
-0.0150299
0.00253296
0.0400391
0.0266418
0.0251465
-0.00221252
-0.0106659
0.0202789
0.0541229
0.0305328
0.081131
0.0594177
-0.0437469
0.00283813
0.0244293
-0.0963287
-0.320663
-0.395798
-0.326721
0.190567
-0.358536
-0.488876
-0.350998

[31]
-0.00320435
-0.183762
0.0371857
0.0283356
-0.0501251
-0.0656281
-0.0358276
0.020401
0.0181885
0.0268402
-0.00401306
-0.0185699
0.0344086
-0.0993347
-0.124466
-0.111694
-0.0435028
0.0673676
0.184067
0.297989
0.260086
-0.0158539
0.36972
0.0713501
0.435989
-0.154541
0.064682
-0.0354614
-0.0720062
-0.048584
-0.0883789
0.0227661
-0.0196991
-0.0963135
-0.0809631
0.0246429
0.0630798
0.0588226
0.024826
-0.0222473
-0.0138397
0.0250549
0.00419617
-0.0220795
-0.0255432
-0.0123749
-0.00354004
0.0174408
0.0310211
0.0307312

[32]
0.0766449
0.0414124
-0.0623016
-0.127487
-0.323471
-0.3647
-0.660049
0.201218
-0.210968
-0.294159
-0.304184
-0.264191
-0.0852051
0.0654755
0.0236053
0.022583
0.0106659
0.00791931
0.0197296
0.0518341
0.0110931
-0.016983
-0.0114441
-0.00146484
0.01297
0.0102692
-0.00444031
0.0124207
-0.0774231
-0.0205841
0.244919
0.274216
0.202499
0.371826
0.58493
-0.00439453
-0.232773
-0.151901
-0.0828705
0.0786133
0.0101166
0.119308
-0.0135498
-0.14444
-0.207047
-0.0571136
0.128662
0.0992432
-0.0778961
-0.0455475

[33]
0.0131531
0.030838
0.0154266
0.0278015
0.0191956
-0.033783
-0.0409393
-0.0394135
0.0531464
0.0587769
0.0622559
0.000671387
0.017334
-0.0456543
-0.0388794
-0.159637
-0.287659
-0.376465
0.0410919
-0.321991
-0.36821
-0.380157
-0.0892334
-0.220795
0.0176697
0.116165
0.110519
0.101486
0.0188446
0.0691986
0.0861053
0.0292664
0.051712
0.0516052
-0.0357513
-0.175278
-0.232864
-0.243134
-0.202652
-0.0779114
0.116989
0.304153
0.151611
0.271011
0.290176
0.528458
0.348679
-0.254684
-0.144043
-0.0458832

