[0]
-0.0691681
0.231094
0.400116
0.674377
0.812408
0.941193
0.962723
0.645905
0.626419
0.683731
0.573441
0.476028
0.446808
0.39061
0.255997
0.0774078
-0.00183105
-0.021286
-0.0310211
-0.0276794
-0.0124054
0.00152588
0.0337219
0.143372
0.162766
0.133987
0.142059
0.180176
0.152054
0.209869
0.409912
0.489929
0.656952
0.718597
0.623047
0.618835
0.656799
0.606369
0.420883
0.196472
0.0388947
-0.0331116
-0.0681305
-0.124863
-0.128876
-0.129776
-0.100845
-0.119568
-0.169479
-0.172485

[1]
-0.142319
-0.0972748
-0.0486145
0.00476074
0.0535889
0.0837708
0.288422
0.571274
0.737823
0.635712
0.589233
0.526611
0.632294
0.853317
0.97879
0.789093
0.497894
0.341568
0.188324
0.150833
0.110031
0.0222473
0.0286865
0.0697937
0.136246
0.173599
0.170471
0.182419
0.200211
0.187027
0.159195
0.146561
0.204956
0.338577
0.450211
0.723434
0.951553
0.669495
0.399673
0.279266
0.318466
0.320053
0.276596
0.20108
0.0964203
0.00871277
-0.0557404
-0.12561
-0.166046
-0.213593

[2]
-0.20607
-0.183914
-0.125107
-0.0753784
0.0256195
0.102432
0.182953
0.284042
0.327789
0.403381
0.671478
0.683945
0.553528
0.668945
0.86882
1.041
0.942093
0.67276
0.471436
0.306671
0.195084
0.132568
0.0700531
0.067688
0.0653839
0.0666656
0.049881
0.0144196
0.0496216
0.0984039
0.105881
0.106705
0.0999298
0.0940857
0.141266
0.204819
0.3591
0.535095
0.65271
0.734406
0.565857
0.318558
0.313995
0.464386
0.496185
0.350967
0.15387
0.00527954
-0.117905
-0.132858

[3]
-0.139938
-0.139236
-0.15506
-0.175766
-0.170288
-0.147552
-0.0732727
0.0234528
0.110229
0.1474
0.181732
0.181396
0.302261
0.502151
0.546616
0.599411
0.771179
0.803452
0.603485
0.531433
0.500595
0.450195
0.379257
0.276031
0.185654
0.156204
0.159027
0.126205
0.0549927
0.00578308
0.0188141
0.0408783
0.0536499
0.0873566
0.12886
0.160553
0.151718
0.137207
0.225937
0.461853
0.529175
0.512115
0.670181
0.730301
0.549072
0.404037
0.307022
0.228409
0.218338
0.207031

[4]
0.152878
0.115036
0.0549469
-0.0136566
-0.136276
-0.197571
-0.195419
-0.174957
-0.135406
-0.0817719
-0.0133514
0.0665131
0.143646
0.196823
0.26741
0.533157
0.638168
0.640869
0.708923
0.795105
0.814819
0.849487
0.794693
0.602982
0.516068
0.478119
0.376404
0.215897
0.110199
0.084549
0.0686035
0.0676575
0.0249023
0.00971985
0.0405426
0.121475
0.176254
0.182816
0.131256
0.111542
0.137451
0.265732
0.420059
0.437592
0.676025
0.921707
0.6595
0.372116
0.259079
0.25354

[5]
0.284958
0.242233
0.170959
0.103775
0.0308228
-0.0595398
-0.130722
-0.208054
-0.24678
-0.2491
-0.188049
-0.108032
-0.0179749
0.052597
0.0912781
0.124161
0.130051
0.198807
0.48912
0.785416
0.886993
0.672272
0.48822
0.591827
0.717834
0.769531
0.605377
0.3909
0.235611
0.155396
0.0613403
0.0361328
0.0612183
0.068573
0.0704803
0.0683289
0.0865936
0.107819
0.112427
0.103241
0.100052
0.100876
0.103027
0.157074
0.372375
0.540833
0.799469
0.881989
0.552841
0.258896

[6]
0.0777435
0.0537109
0.160278
0.266159
0.272964
0.193726
0.114502
0.0146942
-0.0623169
-0.123596
-0.154495
-0.182297
-0.15033
-0.0852051
-0.0518188
-0.0128632
0.0260468
0.0748444
0.133194
0.174759
0.297729
0.487183
0.589325
0.722275
0.722565
0.582123
0.521744
0.543793
0.683502
0.734131
0.640091
0.468506
0.315567
0.13237
-0.00839233
-0.082428
-0.0809326
0.0115967
0.0586395
0.0972443
0.0994568
0.146362
0.156479
0.135056
0.113052
0.0785522
0.135986
0.324402
0.472855
0.510635

[7]
0.599518
0.781601
0.634476
0.315582
0.142181
0.154678
0.216507
0.209213
0.11322
0.0235291
-0.0427704
-0.118256
-0.180923
-0.214066
-0.227707
-0.170197
-0.115051
-0.0698395
-0.0122528
0.027832
0.0660706
0.0847931
0.121292
0.287415
0.510132
0.64679
0.684174
0.573959
0.414001
0.362381
0.466522
0.66983
0.807388
0.742218
0.51178
0.377167
0.230301
0.0675201
-0.0032959
-0.0365143
-0.0503082
-0.0233917
-0.016983
-0.00737
0.0584106
0.085144
0.0966187
0.0698547
0.0574646
0.111282

[8]
0.292816
0.442566
0.51265
0.647202
0.764725
0.534012
0.23175
0.184402
0.286972
0.327438
0.26088
0.126541
-0.00996399
-0.097229
-0.137421
-0.162506
-0.209778
-0.205307
-0.158142
-0.129639
-0.0962372
-0.0622101
-0.0111084
0.0418549
0.0757446
0.0969696
0.2668
0.500809
0.584961
0.611801
0.521637
0.357773
0.402649
0.625778
0.849442
0.807098
0.548782
0.403793
0.284668
0.173798
0.0906982
0.0377655
0.0210419
0.00798035
0.0201569
0.0352173
0.0516205
0.0617218
0.0831604
0.0972748

[9]
0.108597
0.172287
0.296524
0.423508
0.3871
0.50737
0.751221
0.602463
0.326385
0.200989
0.274658
0.359695
0.35675
0.282898
0.177979
0.0807648
0.008255
-0.0469971
-0.0902557
-0.140442
-0.121841
-0.130997
-0.129791
-0.116653
-0.079483
-0.0277557
0.0101318
0.0515594
0.136322
0.384293
0.634079
0.603668
0.572586
0.548096
0.546692
0.620102
0.710785
0.692291
0.540695
0.422928
0.361176
0.265945
0.168549
0.133728
0.117355
0.0891876
0.0725861
0.056427
0.0293274
0.0530548

[10]
0.0792389
0.0795898
0.111832
0.121811
0.153809
0.206375
0.285583
0.40564
0.540115
0.542755
0.372009
0.383102
0.37114
0.335342
0.432037
0.554733
0.528229
0.327988
0.134872
0.0531158
0.0187531
-0.0397339
-0.0726166
-0.122772
-0.170792
-0.165695
-0.155746
-0.155457
-0.0968323
-0.0265656
0.0576324
0.175217
0.244293
0.307068
0.518021
0.761078
0.845688
0.598358
0.469788
0.432358
0.487396
0.556
0.58873
0.503418
0.376373
0.292038
0.17337
0.1353
0.0918121
0.052475

[11]
0.0391083
0.0660248
0.0711517
0.0784454
0.0781708
0.117737
0.10051
0.104965
0.080658
0.0678558
0.204712
0.404831
0.484299
0.603134
0.620377
0.453384
0.27829
0.258911
0.400513
0.501358
0.435425
0.256821
0.110199
0.0161896
-0.0129089
-0.0554504
-0.0956726
-0.13205
-0.11795
-0.129105
-0.122223
-0.0966492
-0.0706177
-0.00276184
0.0639038
0.0886993
0.116379
0.206207
0.420624
0.535172
0.606964
0.766281
0.662735
0.387238
0.508423
0.649139
0.703018
0.59848
0.442093
0.360718

[12]
0.26004
0.169296
0.082489
0.0655975
0.0366821
0.0568237
0.0587006
0.0645752
0.0809784
0.103119
0.0981445
0.113693
0.122971
0.132568
0.159271
0.272934
0.344925
0.484619
0.718582
0.693024
0.403824
0.331665
0.428223
0.478699
0.378098
0.200226
0.0440979
-0.0535126
-0.0841827
-0.101624
-0.112762
-0.131866
-0.128784
-0.147766
-0.152908
-0.113693
-0.0575714
-0.0174713
0.0435791
0.0756378
0.129288
0.183533
0.44043
0.559814
0.520859
0.673004
0.714218
0.598602
0.324203
0.377136

