[1]
-0.865463
-0.865463
0.0499268
0.0638733
0.0626373
0.0489349
0.0396729
0.0948181
0.0291748
0.0305481
0.069046
0.0880127
0.126678
0.118073
0.134003
0.152222
0.205368
0.284027
0.391678
0.504364
0.888458
0.749451
0.759567
0.550797
0.417236
-0.17485
-0.132858
0.851608
0.998718
0.748978
0.633743
0.505112
0.491791
0.425018
0.389771
0.294968
0.211639
-0.13179
-0.443741
-0.566681
-0.760544
-0.935318
-1.04671
-1.09889
-1.01131
-1.03313
-1.13461
-1.08809
-0.787827
-0.920868

[2]
0.261475
0.889404
-0.243637
-0.246735
-0.0423584
-0.233597
-0.168106
-0.303009
-0.0158386
0.128967
-0.00917053
0.164612
0.077652
0.158249
0.211197
0.136932
0.071106
0.0579834
0.0745392
0.0658264
0.124207
0.0848541
0.128662
0.0549622
0.0104065
0.108688
0.130035
0.114471
0.0779877
0.098114
0.154816
0.138657
0.14061
0.174698
0.202026
0.20015
0.234161
0.222977
0.578766
1.16107
0.719223
0.691544
0.607346
0.356995
0.581268
0.0862885
0.312607
0.930847
0.863815
0.680603

[3]
0.594452
0.497559
0.460297
0.49057
0.504379
0.382721
0.19809
-0.0483856
-0.295502
-0.529343
-0.749649
-1.09424
-1.20697
-1.26057
-1.44296
-1.58984
-1.27609
-1.21179
0.616135
0.802856
-0.519638
-0.0839539
-0.144211
-0.582779
-0.17511
0.0639343
0.0493317
-0.00798035
0.0105591
0.107468
0.119064
0.0750885
0.131577
0.126801
0.0699768
0.056366
0.0841827
0.11293
0.0744019
0.0619202
0.0772247
0.0697784
0.0789795
0.0727386
0.10675
0.120132
0.10701
0.11972
0.125565
0.0668945

[4]
0.0756683
0.132278
0.116013
0.232513
0.36647
0.597977
1.08969
0.745743
0.665451
0.46991
0.347824
0.370743
0.0706482
0.444061
0.967636
0.846939
0.633835
0.516922
0.45488
0.519867
0.474854
0.429474
0.348267
0.194885
-0.00163269
-0.253296
-0.673294
-1.1333
-1.42407
-1.54039
-1.56815
-1.46936
-1.29546
-1.43369
-1.18184
1.0356
0.234283
-0.582626
-0.292435
-0.440659
-0.410461
-0.0530701
-0.0120392
0.0307922
0.00440979
0.031311
-0.0426331
0.0719147
0.13385
0.044342

[5]
0.0280609
0.0423584
0.0917664
0.0402374
0.0427856
0.0326996
0.0504761
0.0509949
0.0450592
0.0246887
0.01651
0.0667572
0.103455
0.0869446
0.0546875
0.0689392
0.133072
0.146149
0.203918
0.238953
0.317581
0.610977
0.917709
0.701981
0.579559
0.311325
0.381989
0.192627
0.062027
0.797058
0.988586
0.755188
0.590027
0.465271
0.351685
0.361008
0.376312
0.26059
0.112976
-0.0770416
-0.313141
-0.625076
-0.913773
-1.06909
-1.21263
-1.25183
-1.22389
-1.16302
-0.97551
-1.15271

[6]
-1.03613
-0.425262
1.61319
-0.664856
-0.0879211
-0.231873
-0.355347
-0.286484
-0.10408
0.0140839
-0.0139618
0.0122528
0.0876007
-0.0105896
0.146072
0.174744
0.0762787
0.0404968
0.0559845
0.0521393
0.0744019
0.106003
0.0792542
0.0395355
0.0670319
0.0419922
0.0703278
0.0646362
0.0653992
0.0738831
0.143814
0.0964508
0.0844269
0.0895081
0.0953827
0.143311
0.125488
0.191116
0.246384
0.496353
0.674088
0.914032
0.62326
0.583954
0.207397
0.339584
0.0919647
0.389908
0.930603
0.804291

[7]
0.600418
0.519547
0.502426
0.449387
0.43634
0.358444
0.276794
0.173172
-0.0421448
-0.495163
-0.477631
-0.700684
-1.043
-1.11641
-1.04883
-1.01926
-1.0309
-1.06905
-1.24843
-1.13574
-0.548965
1.27429
-0.367294
-0.341721
-0.212097
-0.211319
-0.165771
-0.0613556
0.0623779
0.0645294
0.0682373
0.0712433
0.066925
0.013092
0.0702209
0.143661
0.117905
0.0203247
0.0356598
0.0767059
0.0813446
0.0640717
0.0537872
0.0786133
0.066803
0.0691681
0.0699005
0.0743256
0.0761261
0.0870514

[8]
0.0563812
0.0685883
0.0683441
0.0923615
0.0736847
0.108215
0.104065
0.202499
0.267365
0.204971
0.514435
0.879715
0.610077
0.598846
0.468536
0.299789
0.584976
0.29393
-0.025116
0.190247
0.754288
0.789261
0.665497
0.411713
0.434708
0.509613
0.404617
0.384171
0.195694
-0.0211487
-0.197617
-0.433685
-0.696075
-0.871475
-1.18137
-1.47198
-1.48575
-1.49727
-0.96759
-1.09673
-0.440201
1.76569
-0.582718
-0.663986
-0.0263062
-0.250641
-0.250626
-0.174789
0.116425
0.0614014

[9]
0.0728607
0.0809479
0.0401611
-0.00431824
0.026886
0.115799
0.10672
0.0356293
-0.0085907
0.0424042
0.0811462
0.078186
0.0221863
-0.00897217
0.0984802
0.0254974
0.0712738
0.0665283
0.0757141
0.111801
0.0952454
0.0903473
0.0692291
0.1586
0.0514832
0.0942841
0.2108
0.274124
0.211182
0.531876
0.959167
0.655945
0.662064
0.265488
0.215073
0.188934
0.0300293
0.634995
0.811493
0.749786
0.593704
0.506485
0.391678
0.380157
0.464371
0.311935
0.183182
-0.0617523
-0.226883
-0.445862

[10]
-0.711426
-0.914597
-1.12721
-1.20486
-1.18636
-1.08827
-1.00098
-0.773178
-1.15305
-0.663803
1.20203
0.154785
-0.402374
-0.16394
-0.329697
-0.30542
-0.170609
0.0796204
0.0575104
0.023941
-0.00621033
0.0278625
0.043045
0.102448
0.127548
0.0590973
0.0523682
0.0508881
0.0487061
0.0647278
0.0851593
0.0662231
0.0610962
0.0836487
0.0834351
0.0443878
0.045166
0.0550995
0.0555573
0.0550385
0.0792389
0.0969849
0.108078
0.127747
0.134583
0.180496
0.172394
0.241623
0.281891
0.543762

[11]
0.688873
0.81694
0.532104
0.566345
0.228195
0.326843
0.260117
0.256149
0.613358
0.727112
0.6483
0.560516
0.491714
0.467499
0.423019
0.396835
0.372253
0.237366
0.0401764
-0.229401
-0.487289
-0.620285
-0.826324
-0.987778
-1.14253
-1.21466
-1.1526
-1.1418
-1.22232
-1.15472
-0.308838
1.41949
-0.697037
-0.298996
-0.04599
-0.292557
-0.202927
0.00756836
0.0633087
0.000106812
0.0285645
0.0710754
0.0743866
0.0828857
0.12056
0.0671082
0.0308228
-0.00744629
0.0726013
0.0901489

[12]
0.0419464
0.0492554
0.0900574
0.0857544
0.0431671
0.0545959
0.0645142
0.0908356
0.0857849
0.0804901
0.0940247
0.0823517
0.124313
0.0825348
0.111664
0.129654
0.1922
0.190994
0.366745
0.692505
1.00749
0.678711
0.521164
0.185989
0.324585
0.291245
0.152496
0.844864
0.844818
0.682175
0.591019
0.446732
0.448624
0.518311
0.40567
0.321243
0.154205
-0.0780487
-0.278885
-0.523071
-0.775543
-0.96196
-1.17873
-1.20139
-1.04959
-1.06757
-0.884415
-0.990372
-0.899445
-0.38765

[13]
1.06917
-0.579086
-0.329132
-0.135468
-0.348221
-0.240219
0.0811462
0.0648499
0.0423889
0.0406799
0.0729065
0.0332794
0.106598
0.128296
0.0677032
0.0610657
0.0450592
0.0958099
0.105011
0.0626068
0.0428619
0.0614471
0.0811615
0.0930176
0.0628052
0.0747528
0.068512
0.0811157
0.0969696
0.124847
0.100479
0.124207
0.205322
0.158844
0.142059
0.304977
0.302063
0.548859
0.876389
0.84671
0.610046
0.289505
0.273575
0.409058
0.214157
0.360855
0.888657
0.856583
0.639038
0.549759

[14]
0.508301
0.487457
0.45639
0.410919
0.328766
0.0145111
-0.242813
-0.393967
-0.752548
-1.05574
-1.16013
-1.13542
-1.21338
-1.10915
-1.20561
-1.36932
-1.11577
-0.128906
1.16628
-0.696533
-0.154068
-0.290543
-0.226944
-0.138367
-0.0401001
0.0385742
0.0359955
0.100266
0.0411835
0.0144043
0.126236
0.136246
0.105148
0.0467224
0.0547638
0.0934143
0.0630188
0.0736084
0.0659332
0.0360718
0.0538177
0.0514832
0.0591431
0.0721283
0.0845032
0.0868073
0.155594
0.110001
0.100342
0.148819

[15]
0.161835
0.174683
0.302872
0.261795
0.636597
1.05423
0.681702
0.621811
0.340591
0.336761
0.320663
0.126312
0.505188
0.978638
0.813995
0.639389
0.518143
0.416718
0.460251
0.462051
0.392227
0.302261
0.085083
-0.163116
-0.489639
-0.7258
-0.897034
-1.17336
-1.3674
-1.36031
-1.21902
-0.981339
-1.23979
-0.916794
0.770813
0.689484
-0.691925
-0.0961914
-0.286636
-0.327698
-0.113037
-0.0398254
0.0589142
0.0772705
0.00138855
0.0648499
0.0995789
0.092392
0.0938873
0.0346375

[16]
0.0869141
0.0790253
0.089447
0.114273
0.0717773
0.0588226
0.0878296
0.07724
0.0632477
0.0284882
0.0845642
0.144363
0.111191
0.1194
0.116394
0.11972
0.142899
0.171127
0.173798
0.359146
0.596481
1.06653
0.76976
0.725082
0.319305
0.350861
0.111649
-0.0126648
0.6521
0.943909
0.761307
0.586487
0.522369
0.483154
0.458191
0.440735
0.362717
0.253494
0.00740051
-0.217514
-0.515915
-0.809189
-1.01283
-1.22653
-1.33723
-1.27211
-1.03262
-0.891434
-1.24074
-1.07599

[17]
-0.143692
1.26526
-0.682022
-0.225998
-0.310715
-0.314224
-0.143951
-0.0451202
0.0839691
0.0346375
0.0664368
0.0860748
0.0196228
0.0735168
0.160065
0.114548
0.0622711
0.0474243
0.0845642
0.106293
0.0865784
0.0709686
0.0853882
0.0601807
0.0491638
0.067276
0.0524902
0.0957336
0.132629
0.117767
0.155045
0.137482
0.123322
0.13884
0.189865
0.227539
0.203918
0.569336
0.778748
0.945923
0.693405
0.558472
0.385559
0.462219
-0.0617218
-0.0827789
0.704926
1.01001
0.783295
0.615234

[18]
0.480576
0.483292
0.484985
0.407898
0.364044
0.201736
0.0196228
-0.203354
-0.512131
-0.919861
-1.23808
-1.37453
-1.39685
-1.13066
-1.31883
-1.39839
-1.34702
0.398529
0.35881
-0.716812
-0.391983
-0.103394
-0.162445
-0.161987
0.039856
0.0222626
0.0580292
0.0402527
0.00604248
0.0596924
0.0766144
0.0727386
0.0469818
0.0260162
0.0080719
0.0491333
0.0831604
0.0670776
0.0341339
0.0549774
0.0700836
0.0382996
0.0521393
0.0639801
0.0914459
0.0978546
0.0895996
0.0790558
0.113647
0.113037

[19]
0.0574341
0.112534
0.162033
0.375824
0.542755
0.94072
0.707367
0.801559
0.430908
0.169296
0.134399
-0.0167694
0.667404
0.980804
0.781876
0.556549
0.474319
0.363037
0.382462
0.355804
0.292114
0.16951
-0.0307159
-0.22023
-0.491898
-0.784912
-1.00444
-1.17255
-1.24713
-1.15332
-1.16222
-1.1236
-1.08603
-0.824326
0.489822
1.24271
-0.605759
-0.260574
-0.239151
-0.327347
-0.243805
-0.0300293
0.0377808
0.00135803
0.0110931
0.0362549
0.021698
0.0276337
0.105743
0.0894318

[20]
0.0328369
0.0351257
0.0908508
0.0943909
0.0776978
0.0851593
0.0890808
0.0417786
0.0437317
0.0322876
0.0664215
0.0735931
0.111084
0.103836
0.134125
0.0928497
0.104187
0.101944
0.116943
0.1241
0.3517
0.54274
1.157
0.870102
0.629105
0.25322
0.121536
0.132523
0.183533
0.830765
0.882385
0.750778
0.630066
0.557358
0.475113
0.448227
0.40065
0.275131
0.187607
0.0215912
-0.213455
-0.493439
-0.787796
-0.952026
-1.05249
-1.17488
-1.14952
-1.22197
-1.27989
-0.970322

[21]
-1.11444
0.243103
1.18764
-0.467651
-0.350296
-0.285416
-0.419846
-0.10611
0.0181732
0.0636444
0.0246124
0.0306244
0.063797
0.0574188
0.0757751
0.116409
0.0812531
0.0439148
0.0316772
0.071579
0.0787811
0.067749
0.0579681
0.0527802
0.0702667
0.0679016
0.0518036
0.08255
0.111633
0.134674
0.159546
0.0960083
0.179214
0.207794
0.246033
0.158386
0.57428
1.04605
0.759598
0.741684
0.292038
0.159012
0.164032
0.0830078
0.726242
0.973282
0.769302
0.579453
0.51506
0.488052

[22]
0.484558
0.466385
0.358719
0.221481
0.0273743
-0.139282
-0.517624
-0.896866
-0.952057
-1.23083
-1.10167
-0.960709
-0.940628
-1.0446
-0.959244
-1.09233
-0.896912
1.37907
-0.310715
-0.378311
0.017746
-0.30397
-0.186417
-0.00228882
0.057785
-0.0257568
-0.050827
0.0514526
0.0928192
0.0877075
0.10939
0.0809937
0.0865631
0.0462189
0.0900726
0.0968323
0.108719
0.0935669
0.0879059
0.0454559
0.0559387
0.0931854
0.10379
0.0809631
0.080246
0.107178
0.123795
0.128693
0.0831757
0.1203

[23]
0.161469
0.203995
0.266403
0.58313
0.825562
0.797623
0.591217
0.401779
0.0998688
0.318329
0.312714
0.456207
0.925568
0.817429
0.635071
0.552658
0.451752
0.441498
0.363922
0.285889
0.20134
0.116913
-0.0282288
-0.282333
-0.493103
-0.674072
-0.941727
-1.17068
-1.26369
-1.20966
-1.23943
-1.26421
-1.15697
-0.721634
1.35594
-0.396942
-0.394043
-0.314392
-0.0765839
-0.232819
-0.101624
0.0848389
0.115677
0.0930481
0.124542
0.0450134
0.0116272
0.0721588
0.159897
0.0921936

[24]
0.0123596
0.0413818
0.0865936
0.0962982
0.0673828
0.0533752
0.0759583
0.0785828
0.0769806
0.0694427
0.0938721
0.107483
0.111603
0.104889
0.116943
0.113235
0.0921783
0.108475
0.14679
0.237854
0.256683
0.439194
0.849228
0.939636
0.728806
0.465027
0.122665
0.269913
0.200043
0.607391
0.878052
0.787567
0.649719
0.516678
0.465988
0.41243
0.473495
0.44693
0.264374
-0.03125
-0.251663
-0.483994
-0.72493
-0.733307
-0.884796
-0.840179
-0.731354
-0.847519
-0.845612
-1.05232

[25]
-1.31818
-1.14957
0.718689
0.271454
-0.438461
0.0604553
-0.143051
-0.229187
-0.227081
-0.023468
0.000701904
-0.031601
0.0706635
0.0627289
0.0345154
0.0461731
0.100433
0.0791779
0.069809
0.029892
0.0805969
0.100433
0.0681763
0.068924
0.0787354
0.0874786
0.0431213
0.063385
0.0862579
0.0838928
0.0939484
0.0936279
0.0895691
0.108932
0.12178
0.1073
0.151337
0.216736
0.238052
0.318634
0.64299
0.867249
0.707306
0.699188
0.227112
0.264359
0.152679
0.0575562
0.69664
0.846405

[26]
0.731537
0.61467
0.526917
0.497055
0.492752
0.425079
0.372772
0.262268
0.124786
-0.116425
-0.338638
-0.580566
-0.8255
-1.08383
-1.22992
-1.23878
-1.09924
-1.12712
-1.27357
-1.1115
0.075058
1.43634
-0.803436
-0.231293
-0.263077
-0.261429
-0.200302
-0.0283051
0.0923309
0.0158691
0.0671997
0.0761108
0.0645447
0.0328827
0.0836639
0.137207
0.129517
0.0694427
0.0549011
0.0831909
0.106216
0.083847
0.0735168
0.0711212
0.0763245
0.0656128
0.0948792
0.0903473
0.101746
0.113998

[27]
0.113861
0.098587
0.186081
0.0859985
0.179916
0.179749
0.292358
0.883575
0.923981
0.757187
0.644073
0.0169678
0.257034
0.24086
0.775742
0.903397
0.782913
0.675064
0.635269
0.545135
0.494553
0.479752
0.471191
0.320816
0.134079
-0.194763
-0.320786
-0.555359
-0.782257
-1.03885
-1.08644
-1.10585
-1.13637
-1.49002
-1.32826
-1.40428
0.119095
1.30438
-0.560684
-0.481888
-0.282257
-0.330963
-0.153168
0.000457764
0.0648956
0.0263214
0.124435
0.0632477
0.0909729
0.140976

[28]
0.0942993
0.0439606
0.0610657
0.0624847
0.0782166
0.0748596
0.0700226
0.0840759
0.0610962
0.0400543
0.025238
0.0569
0.0852203
0.087326
0.106262
0.118362
0.102966
0.0733795
0.161697
0.188751
0.217056
0.250809
0.442291
0.729019
0.857117
0.644714
0.758682
0.254913
0.322449
0.605392
0.234268
0.959152
0.92662
0.627502
0.483673
0.354294
0.369019
0.37442
0.315659
0.148331
-0.00350952
-0.222733
-0.40654
-0.702805
-0.968781
-1.17883
-1.18338
-1.0493
-0.77626
-1.09901

[29]
-1.22377
-1.13408
-0.859772
1.45842
-0.750763
-0.277863
-0.234818
-0.154709
-0.187958
-0.0129242
0.061615
0.0323944
0.056488
0.098114
0.0787964
0.0758209
0.139496
0.134537
0.0758667
0.0453491
0.075119
0.118729
0.0713348
0.0460968
0.0739288
0.109467
0.0773621
0.0303497
0.0719299
0.0815125
0.11937
0.114182
0.146164
0.194656
0.107941
0.120453
0.149811
0.199585
0.427658
0.726379
1.02992
0.883072
0.943375
0.166336
0.11731
0.391937
0.311768
1.11856
0.824799
0.608948

[30]
0.541183
0.464172
0.458481
0.450974
0.360535
0.279068
0.11171
-0.104965
-0.317017
-0.507553
-0.748245
-0.92511
-1.21873
-1.12091
-0.974533
-1.24402
-1.33844
-1.18019
-1.21184
0.765518
0.332306
-0.368668
-0.289413
-0.248291
-0.227402
-0.146271
0.0230103
0.0191345
0.0498199
0.0944824
0.0782776
0.143845
0.127365
0.117508
0.0899658
0.0736237
0.0550232
0.0703888
0.0835266
0.122696
0.0928802
0.0807953
0.08255
0.0628662
0.0661774
0.0546417
0.12384
0.0996094
0.111053
0.128906

[31]
0.104965
0.104614
0.1409
0.187317
0.274628
0.339798
0.61232
1.09445
0.788071
0.767471
0.359512
0.289963
0.681839
0.274811
1.24132
0.961716
0.555435
0.446579
0.465012
0.448517
0.397446
0.12352
0.0499268
-0.142532
-0.262482
-0.431168
-0.604858
-0.788223
-0.926193
-1.16071
-1.12144
-0.994705
-0.89386
-1.20451
-1.18158
-1.0275
0.767654
-0.158905
-0.356064
-0.143112
-0.278152
-0.215744
-0.216476
0.0945587
0.0357819
0.102615
0.0966492
-0.00689697
0.0308075
0.124161

[32]
0.130554
0.0653839
0.046402
0.0561523
0.101471
0.0959167
0.094635
0.0847778
0.060318
0.0964813
0.0606079
0.0590515
0.079483
0.108536
0.13176
0.121353
0.222641
0.137238
0.16861
0.114426
0.251938
0.151459
0.550369
1.14485
0.638214
0.764557
0.37178
0.265533
0.236389
0.104156
0.919449
0.942459
0.759262
0.618561
0.522339
0.487732
0.489304
0.42363
0.294098
0.156982
0.00328064
-0.240723
-0.564987
-0.784103
-0.966187
-1.23875
-1.25261
-1.11005
-1.15346
-0.853027

[33]
-1.12953
-0.971039
1.39104
-0.078949
-0.537781
0.0218506
-0.481674
-0.207443
-0.24942
-0.00559998
-0.00604248
0.0607147
0.0992279
0.121979
0.0569611
0.0863953
0.170639
0.102478
0.0739746
0.0702515
0.0974579
0.0957031
0.0898132
0.106781
0.0505981
0.0600891
0.0701599
0.121979
0.0909882
0.0983429
0.118881
0.187149
0.165176
0.139313
0.137527
0.181519
0.243774
0.346252
0.571167
1.08963
0.748215
0.646851
0.495193
0.34465
0.159515
-0.149597
0.54126
1.13847
0.876099
0.636215

[34]
0.524567
0.473221
0.45816
0.41069
0.377502
0.23999
0.0310364
-0.165665
-0.364746
-0.694122
-0.894165
-1.01183
-1.20357
-1.20155
-1.20448
-1.4991
-1.31129
-1.14186
0.184937
0.426407
-0.506134
-0.476181
-0.0995331
-0.204849
-0.148529
0.0947876
0.0964661
0.12175
0.136078
0.08815
0.0584717
0.0702515
0.127472
0.148285
0.03685
0.00906372
0.0485687
0.113815
0.0844879
0.0370789
0.0636902
0.0652313
0.0847778
0.101379
0.104034
0.149216
0.124207
0.140823
0.124176
0.133026

[35]
0.167191
0.271988
0.198563
0.555145
1.0508
0.585648
0.895508
0.523102
0.208054
0.0267029
0.0160217
0.942551
1.06934
0.723663
0.579041
0.485825
0.473831
0.399139
0.387238
0.316971
0.178131
-0.101624
-0.280655
-0.591354
-0.753983
-0.833633
-0.910507
-0.824707
-0.825394
-0.999939
-1.2903
-1.36771
-0.77063
-1.09923
0.842606
0.538757
-0.499344
-0.26532
-0.430679
-0.195099
-0.0738678
0.0133667
0.0417633
0.0506897
0.110291
0.0913696
0.0899353
0.127853
0.140961
0.0384674

[36]
0.0514679
0.0774536
0.0968018
0.0576019
0.0656891
0.0950165
0.0722656
0.0712128
0.0466309
0.0624695
0.118713
0.180511
0.129105
0.141541
0.129211
0.143753
0.110458
0.238342
0.217361
0.508362
1.05469
0.791977
0.788147
0.557236
0.119339
0.188278
0.0447083
0.60434
1.06824
0.794266
0.573044
0.482574
0.415207
0.386856
0.362991
0.332657
0.220825
0.0966797
-0.0904846
-0.346024
-0.734512
-1.03094
-1.1998
-1.15303
-1.0845
-1.07672
-1.09052
-1.07507
-0.842148
-1.0007

[37]
0.267365
1.56711
-0.88443
0.00320435
-0.115723
-0.370865
-0.11615
-0.112335
-0.0501862
0.0510406
0.0669403
0.111191
0.0984039
0.0943298
0.0790405
0.0617218
0.057663
0.0684052
0.0471344
0.0858154
0.0936737
0.0895996
0.126038
0.0843201
0.0909729
0.0988464
0.0908203
0.0967712
0.0936127
0.11499
0.0944672
0.180496
0.0867462
0.136871
0.134781
0.195175
0.229752
0.36528
0.790924
0.843033
0.784576
0.68631
0.230667
0.319168
0.164169
-0.0634308
0.836487
0.976288
0.727661
0.624115

