[0]
-0.222305
-0.611984
-0.872955
-0.207321
0.0973511
0.240738
0.132401
0.0042572
-0.155655
-0.197037
0.0180664
0.56575
0.907181
1.3018
1.5899
1.65802
1.70607
1.94312
1.647
1.45731
1.9982
2.38669
0.852081
0.717728
-0.175476
0.369064
0.924149
0.455612
0.0253754
-0.691284
-1.49834
-1.92967
-0.161575
-1.2747
-0.907669
-0.676483
-0.631363
-0.6642
-0.316498
-0.826981
-0.111832
-0.103302
-0.0741119
-0.375839
-0.532394
-0.447586
-0.0505524
0.340561
0.757065
1.13768

[1]
1.78384
2.32454
2.5424
2.54001
2.3252
2.44528
-1.58046
2.33408
-0.0653534
-0.0316162
0.72612
0.42009
-0.848526
-1.96826
-1.9565
-0.100311
0.0380402
-0.626602
-0.608231
-1.20428
-1.08986
-0.430862
-0.561584
-0.273315
-0.516113
-0.204086
-0.505722
-0.627167
-0.715942
-0.116302
0.413361
1.1423
2.17812
2.34703
2.58821
2.59824
2.58302
2.38773
-0.892792
2.39066
1.06265
-1.0224
0.543686
0.594727
-1.54401
-1.96187
-1.37244
-1.17705
-1.04886
-0.972488

[2]
-1.13072
-1.83279
-1.03024
-0.942535
-0.704498
-0.845581
-0.858337
-0.951736
-1.00317
-1.01826
-0.430252
0.447937
1.1026
1.93951
1.64488
2.64836
2.66838
2.65245
2.47754
-1.40129
2.55153
1.46632
0.65506
0.765396
0.272186
-0.381622
-1.92003
-1.9333
-0.18869
-1.36705
-1.09958
-1.46678
-1.51027
-1.0571
-1.11603
-0.966232
-0.94696
-0.988174
-1.60553
-1.10231
-1.28209
-1.17867
-0.706146
0.375168
1.06293
2.47647
2.6161
2.20087
2.70062
2.63467

[3]
2.2471
2.65771
-1.39136
2.56303
2.45822
-0.790741
1.38515
-0.440338
-1.80803
-1.8371
-0.948593
-0.698761
-1.26395
-1.68341
-1.6152
-1.21725
-1.19379
-0.984116
-0.78331
-0.890442
-1.14095
-1.02855
-1.08096
-0.958862
-0.415543
1.05302
1.76784
2.45953
1.8315
2.23796
2.65422
1.82005
2.65402
-1.36853
2.34634
1.51634
-1.53818
1.01634
-1.15822
-1.66318
-1.68929
-0.0241089
-1.65964
-0.767792
-1.33943
-1.39122
-0.951706
-0.961594
-1.09496
-0.877563

[4]
-1.21046
-1.70271
-0.906342
-1.38255
-1.34135
-1.16397
-0.380844
0.371063
1.73463
2.07968
2.78308
2.81567
2.81915
2.82701
2.10669
2.79633
2.68808
1.6992
-0.352097
-1.16399
-1.55255
-1.5892
1.17166
-1.73117
-1.10098
-1.14642
-1.41199
-1.09608
-1.29942
-1.09967
-0.715134
-0.596893
-1.38956
-0.334641
-1.0089
-1.14484
-1.0135
0.0545654
0.895935
1.95065
2.26454
2.81439
2.84038
2.83633
2.20906
2.80144
2.75864
2.47974
2.59229
-1.13078

[5]
-0.501083
-1.55078
-1.57602
0.906815
0.893143
-1.14398
-0.667313
-0.668167
-1.21725
-0.843887
-1.0107
-0.860336
-0.389694
-1.07883
-1.21593
-0.426819
-1.0419
-0.782898
-0.569412
0.388687
0.686295
1.98421
1.81528
2.01199
2.76733
1.78017
2.76927
1.67755
-0.51622
1.19476
-0.120514
-0.329544
1.52888
-1.37985
-1.56682
-0.608002
-0.278198
-0.874878
0.328491
-0.60144
-1.61971
-1.1427
-0.893448
-1.00272
-0.836288
-0.493484
-1.08414
0.0189056
-0.291016
-0.736084

