[0]
-0.669128
0.265549
0.204178
0.140106
0.0154419
-0.0584106
-0.119812
-0.248947
-0.380646
-0.533081
-0.66124
-0.707169
-0.677078
-0.664612
-0.703873
-0.763046
-0.799881
-0.771729
-0.710907
-0.622253
-0.498764
-0.371948
-0.236603
-0.115967
-0.0467072
0.0272064
0.166763
0.412521
0.635178
0.803955
1.00812
1.19812
0.902725
0.708893
0.741989
0.672791
0.669571
0.716904
0.772797
0.783325
0.814026
0.875488
0.88829
0.914688
0.963898
0.854996
0.660095
0.475616
0.359909
0.305283

[1]
0.297272
0.243576
0.168198
0.114594
0.044632
-0.0508881
-0.153412
-0.213898
-0.303192
-0.394989
-0.46283
-0.528549
-0.679962
-0.730209
-0.688812
-0.703857
-0.729279
-0.740036
-0.764053
-0.798828
-0.779953
-0.739563
-0.715652
-0.681717
-0.598663
-0.495193
-0.355682
-0.241928
-0.149704
-0.0563202
0.0598907
0.268509
0.538681
0.638397
0.693604
0.733429
0.646286
0.594177
0.588562
0.582352
0.586578
0.694031
0.755585
0.806534
0.843964
0.835083
0.758499
0.691467
0.554779
0.428162

[2]
0.371216
0.31163
0.28154
0.232452
0.154922
0.066925
0.0164642
-0.00714111
-0.0715942
-0.200668
-0.310638
-0.38916
-0.47908
-0.598175
-0.631287
-0.711807
-0.818619
-0.804382
-0.794678
-0.903259
-0.964355
-0.981888
-0.967896
-0.957428
-0.906082
-0.862686
-0.819809
-0.741013
-0.63063
-0.486984
-0.365173
-0.242508
-0.149841
-0.0392761
0.080719
0.304321
0.458038
0.544479
0.646744
0.718216
0.729431
0.760391
0.671768
0.547424
0.533936
0.566559
0.585739
0.690277
0.777496
0.815613

[3]
0.78627
0.706161
0.586594
0.409729
0.288605
0.220123
0.133469
0.0261383
-0.0404358
-0.08992
-0.0874939
-0.0770416
-0.169754
-0.330124
-0.49025
-0.583786
-0.64502
-0.702209
-0.844543
-0.996567
-1.01187
-0.996597
-1.04756
-1.06012
-1.02785
-0.992905
-0.950378
-0.866425
-0.809082
-0.746017
-0.65683
-0.518219
-0.389847
-0.292053
-0.205399
-0.106339
-0.0532379
0.112823
0.370483
0.507446
0.626892
0.749191
0.680359
0.645538
0.733032
0.68634
0.570236
0.60817
0.737167
0.833572

[4]
0.894974
0.823196
0.716949
0.589111
0.430283
0.319382
0.222137
0.165436
0.117523
0.0550385
-0.0144043
-0.0784607
-0.140656
-0.189911
-0.271606
-0.393906
-0.457581
-0.508636
-0.674057
-0.791443
-0.77626
-0.754288
-0.795853
-0.871979
-0.960098
-0.982605
-0.896667
-0.821594
-0.776978
-0.762024
-0.75885
-0.68161
-0.569595
-0.424606
-0.319275
-0.2285
-0.147263
-0.0487518
0.0597534
0.250961
0.551147
0.710388
0.806839
0.657593
0.462128
0.496658
0.561325
0.604919
0.524567
0.636688

[5]
0.687988
0.648895
0.711746
0.77774
0.750336
0.63382
0.513519
0.403656
0.302414
0.252441
0.189529
0.136627
0.0509949
-0.0144958
-0.0774689
-0.0762177
-0.0984192
-0.204514
-0.353729
-0.37175
-0.49086
-0.674255
-0.739746
-0.730591
-0.750626
-0.802521
-0.912933
-0.971024
-0.949356
-0.877579
-0.824005
-0.76796
-0.708511
-0.673279
-0.643448
-0.601944
-0.533127
-0.426453
-0.326767
-0.203796
-0.136063
0.0339966
0.337112
0.47554
0.533401
0.682373
0.705765
0.630768
0.727585
0.634613

[6]
0.509277
0.401825
0.437714
0.515259
0.597488
0.735306
0.806152
0.819
0.764679
0.624283
0.483002
0.37384
0.335464
0.285477
0.252029
0.197968
0.114349
0.0521088
0.101318
-0.0179596
-0.169724
-0.277664
-0.318512
-0.411194
-0.458282
-0.464935
-0.499207
-0.580032
-0.68808
-0.763092
-0.788727
-0.802917
-0.803802
-0.805466
-0.82254
-0.829178
-0.843445
-0.793289
-0.695999
-0.594208
-0.506882
-0.401657
-0.286102
-0.240143
-0.164154
0.0622864
0.269623
0.394302
0.587708
0.694153

[7]
0.718094
0.829575
0.801743
0.620514
0.488007
0.481873
0.589264
0.661362
0.800308
0.900955
0.878082
0.81189
0.661224
0.530273
0.409698
0.330505
0.317825
0.266983
0.194443
0.129562
0.0850677
0.135651
0.032959
-0.0973816
-0.1996
-0.261124
-0.334183
-0.464279
-0.609314
-0.6521
-0.701828
-0.752899
-0.848343
-0.910706
-0.911179
-0.895859
-0.869705
-0.851974
-0.873322
-0.869507
-0.797623
-0.661469
-0.53479
-0.401703
-0.296036
-0.203903
-0.104492
-0.0376434
0.116455
0.389297

[8]
0.52684
0.604538
0.754929
0.696259
0.620407
0.761017
0.797546
0.687561
0.596268
0.549789
0.574661
0.588318
0.698441
0.787567
0.831909
0.785797
0.654831
0.525497
0.416931
0.328278
0.246201
0.168457
0.102997
0.0579376
0.0583191
0.0531616
0.00395203
-0.159271
-0.233765
-0.364212
-0.601227
-0.708511
-0.772079
-0.797745
-0.817139
-0.860855
-0.926361
-0.934082
-0.90834
-0.861465
-0.846191
-0.780716
-0.707413
-0.650024
-0.558502
-0.429825
-0.317017
-0.214127
-0.109146
-0.0205231

[9]
0.0724945
0.298737
0.485977
0.522095
0.645782
0.720093
0.748962
0.950912
0.974152
0.77681
0.577774
0.43605
0.406693
0.566177
0.717331
0.888474
0.971207
0.87645
0.718414
0.564087
0.388809
0.279449
0.228149
0.142258
0.09552
0.0350647
0.0169067
0.0375061
0.00891113
-0.1521
-0.291718
-0.297302
-0.436356
-0.64183
-0.727524
-0.813446
-0.835693
-0.87236
-0.93927
-0.992035
-0.965591
-0.936356
-0.912582
-0.830078
-0.761108
-0.692795
-0.608673
-0.541641
-0.452225
-0.367126

[10]
-0.280029
-0.16925
-0.0622253
0.0632019
0.299179
0.464066
0.521637
0.581818
0.593216
0.632706
0.83165
0.892334
0.755951
0.641541
0.533691
0.549286
0.591507
0.694351
0.792404
0.838074
0.788696
0.643631
0.511337
0.414993
0.334961
0.278473
0.224762
0.159698
0.0974884
0.101379
0.103485
-0.0703125
-0.201508
-0.270096
-0.330933
-0.397934
-0.496124
-0.589645
-0.634308
-0.696426
-0.800827
-0.850784
-0.936813
-0.957504
-0.918182
-0.897659
-0.844376
-0.815277
-0.751572
-0.697922

[11]
-0.613235
-0.512253
-0.428696
-0.313126
-0.20752
-0.138245
0.0495758
0.250641
0.342072
0.446793
0.542847
0.644424
0.860199
1.03702
0.869293
0.588211
0.370834
0.310135
0.412506
0.518295
0.672867
0.834442
0.899582
0.835251
0.715134
0.566513
0.413544
0.331238
0.273468
0.210526
0.197922
0.163559
0.182999
0.167419
0.0818176
-0.095047
-0.172516
-0.254089
-0.368805
-0.516174
-0.602386
-0.783157
-0.826126
-0.791733
-0.835602
-0.891266
-0.877213
-0.854645
-0.879181
-0.876556

[12]
-0.835403
-0.753723
-0.64621
-0.52887
-0.422333
-0.343033
-0.262863
-0.181747
-0.109039
0.0765686
0.344025
0.462585
0.585541
0.720566
0.733978
0.779251
0.850952
0.720566
0.58757
0.493347
0.412216
0.426331
0.441849
0.534225
0.645782
0.715118
0.763947
0.72789
0.683563
0.564377
0.414307
0.332657
0.272491
0.187241
0.108078
0.0653381
0.106491
0.0763092
-0.0358124
-0.147858
-0.188019
-0.232315
-0.290421
-0.320953
-0.333832
-0.366501
-0.432678
-0.57457
-0.657562
-0.740814

