[0]
0.456848
-0.486923
-0.826065
-1.67032
-0.797958
-1.01152
-0.964279
-0.312592
0.245667
0.0212555
-0.53418
-0.476639
-0.252579
-0.164062
-0.0857086
-0.0518799
0.0363007
0.115021
0.143738
0.163467
0.31694
0.541595
0.83934
0.858978
2.0489
0.590073
-1.22403
1.57156
1.10262
0.487274
0.252029
0.031189
0.152878
-0.0149231
-0.0320435
0.207901
0.131149
0.0474701
-0.16481
-0.139603
-0.00254822
0.1595
0.155014
0.0522919
-0.00639343
-0.00218201
0.0261993
0.0200195
0.000915527
-0.0854492

[1]
-0.0183868
0.147858
-0.187027
-0.548294
-1.22649
-1.25929
-0.919296
-1.07481
-0.796722
0.120819
0.658707
-0.276215
-0.865021
-0.357559
-0.273819
-0.147934
-0.0568848
-0.00816345
0.0596619
0.0437622
0.0155945
0.248001
0.368393
0.479782
0.956329
2.0448
1.3662
0.636246
-1.11678
1.69893
0.912613
0.691101
-0.0975037
0.106445
-0.302277
0.144836
0.38768
0.0782623
0.00480652
-0.145981
-0.104706
-0.030777
-0.0325775
-0.0158691
-0.0276489
-0.0639954
-0.0090332
0.130371
0.200836
0.129608

[2]
-0.24678
-0.298981
-0.0892944
-0.0685577
-0.208145
-1.31252
-1.12242
-0.724609
-1.27176
-0.825516
-0.294357
-0.0649261
-0.374313
-0.52652
-0.396667
-0.327454
-0.229187
-0.150681
-0.100449
-0.0840149
-0.059433
-0.0167236
-0.0796661
0.0204468
0.384888
0.731979
0.858032
1.7038
1.10422
-0.108688
0.0156403
1.33646
0.452499
0.296875
0.00852966
0.352264
-0.0873718
-0.164734
0.209244
0.142044
0.0168304
-0.154678
-0.119507
-0.0287323
0.0345459
0.0484924
0.0734863
0.0944672
0.0157776
0.0202332

[3]
0.0783081
-0.0526581
-0.239014
-0.145584
-0.0316162
-0.203049
-0.929443
-1.53479
-0.423752
-1.11467
-1.26942
-0.105942
0.0179138
-0.319916
-0.413635
-0.316864
-0.341766
-0.282654
-0.210999
-0.131882
-0.0754547
-0.0139008
0.0298309
0.121735
0.343033
0.479691
0.932175
1.07257
2.00346
0.430023
-1.22937
1.50677
0.80719
-0.0586395
0.380692
0.430389
0.262695
-0.130905
0.0287933
0.0936737
0.0254059
-0.198624
-0.363129
-0.16832
0.0455322
0.144592
0.231659
0.0650635
0.0225677
0.0211029

[4]
-0.0169678
0.0354767
0.00897217
-0.168503
-0.0124359
-0.124634
-0.302231
-0.753082
-1.97304
-0.737991
-1.20792
-0.744766
-0.218613
0.131409
-0.159622
-0.46373
-0.411255
-0.314575
-0.270081
-0.17453
-0.107376
-0.0434418
0.0492401
0.0884094
0.291275
0.432465
0.620575
0.876266
0.9133
1.90822
0.862579
-1.42534
1.07037
0.546555
-0.0598755
0.260071
0.264145
0.322861
-0.159622
-0.0532684
0.110657
0.0337067
-0.0150146
-0.163956
-0.115814
-0.0415344
0.0597839
0.0573578
0.0078125
0.0497437

[5]
0.0138702
-0.0345154
-0.0163116
-0.0626831
-0.119904
-0.0020752
0.0803528
-0.269104
-0.751953
-1.9043
-1.19714
-1.08363
-0.939224
-0.364182
-0.379807
-0.168808
-0.448975
-0.427536
-0.274475
-0.220001
-0.11705
-0.0634308
0.0228577
0.067688
0.133179
0.26091
0.364807
0.629486
0.966293
0.993027
1.96962
1.05632
0.257172
-1.41368
0.993301
0.495789
0.303131
0.065094
0.124725
0.248657
-0.242126
-0.149353
0.154572
-0.00935364
-0.065094
0.0658569
0.050293
0.154251
0.174728
0.119736

[6]
-0.103745
-0.163132
-0.135803
-0.137955
-0.112976
-0.0783081
-0.0904083
0.0494537
0.101013
-0.293076
-0.694153
-1.79036
-1.32445
-0.522141
-1.03438
-0.827103
-0.306503
-0.0879364
-0.374313
-0.547729
-0.376526
-0.314377
-0.23407
-0.133865
-0.0622406
-0.0137177
0.0634766
0.0966339
0.280518
0.340637
0.424133
0.829758
1.46988
1.53882
0.0365906
-1.53242
1.54797
0.444962
0.423019
0.13443
0.280441
0.0390625
-0.193893
-0.07724
0.189636
0.0995331
-0.0799408
-0.177841
-0.056076
-0.0282745

[7]
0.0789185
0.0765381
-0.00839233
-0.0295868
-0.0423584
0.0765076
-0.0699615
-0.0565033
-0.0136414
-0.0287933
-0.467178
-0.829407
-1.79219
-0.653946
-1.20619
-1.36334
-0.354721
-0.0447693
-0.0599213
-0.494308
-0.582825
-0.341476
-0.302795
-0.187943
-0.124023
-0.0744934
-0.00125122
0.0460052
0.153442
0.303528
0.385147
0.808228
0.95636
2.12958
1.24434
-0.3806
0.636795
1.04671
0.550125
0.217819
0.0218964
0.264252
-0.135223
-0.0273285
0.131805
0.0442352
-0.0398407
-0.171494
-0.115814
-0.00790405

[8]
0.0945129
0.0679932
0.0832977
0.0326691
-0.0649261
-0.138977
0.00610352
-0.0144196
-0.0630188
-0.0315094
-0.307373
-0.669464
-1.21291
-1.48918
-0.931931
-0.9888
-0.835983
-0.304565
-0.0971375
-0.315445
-0.502548
-0.287384
-0.274673
-0.153809
-0.0513916
0.0485382
0.106705
0.161469
0.187927
0.334305
0.462021
0.591019
0.741882
1.54762
1.57849
-0.106216
-1.53668
0.95491
0.503784
0.635223
0.0962219
0.400803
0.0787811
-0.263962
-0.0283508
0.0510254
0.00669861
-0.182129
-0.133087
-0.0467529

[9]
0.0659637
0.113174
0.0449677
0.00126648
0.052124
-0.122894
-0.0845032
0.0035553
-0.0505066
0.0198975
-0.0168152
-0.390121
-0.83931
-1.81992
-0.326035
-1.32933
-1.42665
-0.315582
-0.0192413
-0.263474
-0.483139
-0.437988
-0.296051
-0.291885
-0.173431
-0.0725708
-0.0343018
0.0533142
0.0428314
0.212936
0.329453
0.301331
0.730484
0.672897
2.30481
0.671082
-1.52165
1.50014
0.670746
0.379913
-0.261963
0.180115
0.292511
-0.0489197
0.0714569
0.129379
-0.0808411
-0.136444
-0.153992
-0.15361

[10]
-0.0292816
0.0799713
0.139984
0.0741272
0.0127106
-0.0140381
-0.0540924
0.0170135
-0.0860901
-0.0843658
0.0301514
-0.282227
-0.472443
-1.56599
-0.355484
-1.03209
-1.55359
-0.322067
-0.569641
-0.54483
-0.47374
-0.269852
-0.253601
-0.339157
-0.334534
-0.243988
-0.15303
-0.0887909
-0.0405121
0.0506897
0.256424
0.580963
1.21263
1.03502
1.8611
0.913498
-1.23604
1.32739
0.484909
0.259903
0.308243
0.200836
0.0688019
-0.0450134
0.179718
0.0946198
-0.0950317
-0.143097
-0.169891
-0.123718

[11]
-0.154221
-0.100632
0.163086
0.24881
0.119034
-0.102859
0.0656586
0.0266876
-0.0406342
-0.0835876
-0.0822906
-0.370392
-0.848053
-1.78593
-0.384369
-0.922043
-1.36615
-0.293182
-0.0544128
-0.37822
-0.453781
-0.283035
-0.28331
-0.237747
-0.0780334
-0.0153198
0.00456238
0.0371246
0.103561
0.339859
0.504364
0.632568
0.896912
1.03387
2.08221
1.0004
-1.42902
0.692017
0.637238
0.250626
0.0831146
0.30188
0.42392
-0.1689
-0.199982
0.0177765
0.0401154
0.0982056
-0.0616455
-0.128891

[12]
-0.165375
0.0131989
0.105286
0.0409546
-0.0464478
-0.0914001
-0.0879211
0.0124512
0.026123
0.0839386
-0.178207
-0.709686
-1.10889
-1.72183
-0.390839
-1.32509
-1.14771
-0.246368
0.227051
-0.0390472
-0.573792
-0.55368
-0.424347
-0.366714
-0.242691
-0.187576
-0.0915527
-0.0170288
-0.0384674
-0.122986
0.105515
0.487167
0.885361
1.02068
1.82527
1.24622
0.554459
-0.159058
0.87204
0.948288
0.309143
0.238922
0.215958
-0.234314
0.162918
0.206512
-0.00996399
-0.107483
-0.280884
-0.261978

[13]
-0.0434113
0.207458
0.194626
0.0683289
-0.0140381
-0.103775
-0.0757599
-0.0248566
-0.0870972
0.0450134
-0.156799
-0.533463
-0.905121
-1.54347
-0.744675
-1.49635
-1.05392
0.0727692
0.216629
-0.211319
-0.530075
-0.351974
-0.286041
-0.186096
-0.0947113
-0.0405121
0.0141144
0.0876617
-0.0134888
0.385941
0.512726
0.798569
0.957382
1.23312
1.56189
0.446625
-1.11082
0.736084
0.354324
0.267883
0.452576
0.277481
-0.143845
-0.234497
0.032486
0.135498
0.162445
-0.042511
-0.107086
-0.0126953

[14]
-0.0181732
-0.0125275
0.050354
0.0409698
0.0306244
-0.0530548
0.0573273
0.0271912
-0.126923
-0.106857
-0.217926
-0.537613
-1.77101
-1.4642
-0.72789
-1.03532
-0.621674
-0.405716
-0.279877
-0.451965
-0.386078
-0.213074
-0.113464
-0.0435181
-0.0488129
-0.0254211
0.00782776
0.0232697
-0.0660248
0.311768
0.452591
0.902023
1.52451
1.4305
0.774216
0.627274
-0.236221
1.00182
0.448013
0.0881042
0.0787354
0.331635
-0.0313416
-0.207657
0.0748291
0.175598
0.0421143
0.0370789
-0.0530701
-0.101212

[15]
0.00202942
0.0655365
0.0965576
-0.000732422
-0.079834
-0.153351
-0.0553436
0.0240021
-0.0363922
0.0381165
-0.29747
-0.733749
-1.75761
-1.02301
-0.800507
-1.12871
-0.231827
0.0286102
-0.124039
-0.412506
-0.375763
-0.253464
-0.205673
-0.145294
-0.0204468
0.0605927
0.0875702
0.105804
0.278107
0.344284
0.646164
1.16455
1.17441
1.80524
1.12799
-0.233261
1.05821
0.109924
0.576477
0.0387573
0.132828
-0.0201416
-0.0614624
0.167938
0.0515137
-0.158279
-0.228241
-0.17601
-0.0536499
0.057724

[16]
0.162415
0.0691376
0.0948639
0.0595398
0.000930786
-0.0325928
-0.00556946
-0.09552
0.0365906
-0.0964966
-0.353409
-0.961945
-1.68149
-1.07092
-0.925629
-0.618149
0.248459
0.240738
-0.373779
-0.586136
-0.351547
-0.354324
-0.279175
-0.187469
-0.118408
-0.0290527
0.0423126
0.116821
0.269897
0.402542
0.679916
0.854965
1.30928
1.86084
0.820648
-1.24803
0.983551
0.787857
0.130142
0.224106
0.273361
0.0098877
-0.217239
0.0487671
0.207794
0.105591
-0.156097
-0.175079
-0.12709
-0.0274048

[17]
0.069931
0.104767
0.013382
0.0234375
-0.0143127
0.021347
-0.0844269
-0.0431824
0.0976257
-0.146591
-0.516068
-0.864731
-1.45404
-0.590622
-1.17717
-1.34009
-0.744583
-0.239029
-0.0715027
-0.375214
-0.537369
-0.390015
-0.329514
-0.232071
-0.169662
-0.0738678
0.0102844
0.0420227
0.0849915
0.21759
0.350418
0.859924
0.823059
1.80212
1.46036
-0.762619
0.742523
1.26659
0.0440369
0.563202
0.303146
0.158051
-0.160568
-0.0640717
0.155289
0.140228
-0.223404
-0.200974
-0.155945
-0.0283661

[18]
0.18576
0.154205
0.109283
0.0177917
-0.122498
-0.0517273
0.061615
-0.0429077
-0.0300293
0.0275879
-0.280014
-0.607056
-1.72629
-0.490585
-1.28085
-1.23145
-0.311859
-0.00993347
-0.114883
-0.481796
-0.346405
-0.264038
-0.16925
-0.0887604
0.000488281
0.0460052
0.0886536
0.13176
0.323395
0.407272
0.538925
0.987808
1.14621
2.10802
1.03101
-0.916031
0.868393
0.635468
0.162582
0.619202
0.0913544
-0.0501709
-0.22052
0.195389
0.0951385
-0.012558
-0.0431366
-0.115067
-0.0188141
0.0552673

[19]
0.104263
0.0975494
0.0876007
0.0575562
-0.0335388
0.0348816
-0.0321808
-0.0977478
-0.0175171
-0.0608978
-0.306168
-0.841263
-1.55635
-0.658432
-0.84108
-1.40047
-0.518921
-0.12944
0.0151215
-0.45079
-0.408768
-0.311234
-0.26004
-0.196213
-0.173965
-0.112885
-0.0324554
0.0553436
0.117294
0.245773
0.480591
0.883362
0.739258
1.87268
1.38417
-1.34926
1.28563
0.547943
0.394592
0.438705
0.339279
-0.0785675
-0.144882
0.11937
0.0397034
-0.0940857
-0.23175
-0.144089
0.0362701
0.145752

[20]
0.206345
0.0799866
0.0622559
0.0645599
-0.0398254
0.0614319
0.0440674
-0.0930328
-0.0327911
-0.0839539
-0.261703
-1.08861
-1.2952
-0.769684
-1.2359
-0.956802
-0.197983
0.289246
-0.133377
-0.645569
-0.432053
-0.267471
-0.304352
-0.232651
-0.173416
-0.115479
-0.0083313
-0.0608826
0.293411
0.557404
0.727966
1.14503
1.8304
0.778473
0.563522
0.690735
0.918243
-0.0509033
0.72554
0.424362
0.0181885
-0.24054
-0.0708771
0.128906
0.139191
-0.132019
-0.156418
-0.0249023
0.147552
0.167526

