[1]
0.410187
0.301651
0.142776
0.0045166
-0.115936
-0.200729
-0.311569
-0.382462
-0.394501
-0.458008
-0.494965
-0.485077
-0.415375
-0.215836
-0.168793
-0.317001
-0.0978394
-0.131165
-0.581375
-0.403198
-0.735275
-0.246765
-0.0675964
0.0662079
-0.136749
-0.0818176
-0.00839233
0.0140228
0.0227051
0.0678253
0.0705719
0.0501556
-0.00671387
0.000518799
0.00239563
0.0169373
0.013092
0.0350189
0.00933838
0.00727844
0.00177002
-0.0113373
-0.0589447
-0.0601044
-0.0768738
-0.134949
-0.267334
-0.250198
-0.31514
-0.443832

[2]
-0.56665
-0.838257
-1.11075
-1.05014
-1.13457
-0.845718
-0.880005
0.0527649
0.0567017
0.209656
0.345459
0.59581
0.587372
0.626511
0.614426
0.55162
0.503082
0.435791
0.366104
0.223007
-0.0587311
-0.449478
-0.934464
-1.08174
-1.12776
-1.07373
-0.513351
-0.072052
-0.277847
-0.188614
-0.662323
-0.667572
-0.521881
-0.189178
-0.156235
-0.107971
-0.0634155
0.0812683
-0.071167
-0.0526276
0.0479736
0.107742
0.088913
0.00953674
-0.0372467
-0.0297852
-0.0285492
-0.0183105
0.0062561
-0.0250549

[3]
-0.0484467
-0.0564728
-0.0649872
-0.0413818
-0.109833
-0.185638
-0.26973
-0.302399
-0.391464
-0.570618
-1.05455
-1.10498
-1.09473
-1.01369
-0.710052
-0.448257
0.573853
0.0521851
0.17131
0.48349
0.642258
0.695648
0.70697
0.638199
0.555298
0.470749
0.413254
0.269592
-0.0206604
-0.39566
-0.852737
-1.06857
-1.10847
-1.015
-0.732269
-0.888977
-0.206635
-0.0679474
-0.483353
-0.619934
-0.409988
-0.0407257
-0.071579
-0.0426331
-0.0340271
-0.0374298
-0.120453
-0.0499268
-0.0105591
0.00262451

[4]
-0.00259399
0.00512695
-0.015625
0.0128021
0.00823975
-0.00776672
-0.00567627
0.00265503
-0.0137482
-0.0514679
-0.0111847
-0.0610657
-0.0593567
-0.12532
-0.12883
-0.14801
-0.159302
-0.218872
-0.395035
-0.699631
-1.08295
-1.09473
-0.964722
-0.80191
-0.665451
-0.182983
0.590561
0.138535
0.204117
0.516174
0.602295
0.670273
0.633957
0.542587
0.455261
0.417328
0.353195
0.203674
-0.0599365
-0.446548
-0.838776
-1.08215
-1.12305
-0.887054
-0.608063
-0.381332
-0.17804
-0.137466
-0.363373
-0.437897

[5]
-0.555115
-0.404617
0.0236969
-0.144577
-0.0537262
-0.129608
-0.108871
-0.113083
-0.0769958
0.00411987
0.00816345
0.0285034
0.0123291
0.00166321
0.0322113
0.0432587
0.00296021
-0.000747681
-0.0125275
-0.025177
-0.0145721
-0.019989
-0.0310669
-0.00767517
-0.0896759
-0.0970917
-0.172348
-0.207138
-0.20282
-0.324875
-0.660507
-1.03549
-1.08514
-1.08447
-1.00174
-0.572433
-0.388657
0.526733
0.133713
0.384872
0.591965
0.67012
0.72702
0.701721
0.66243
0.562119
0.468811
0.407181
0.289017
0.0217438

[6]
-0.367523
-0.987976
-1.08615
-1.12575
-0.943085
-0.33728
-0.159729
-0.30188
-0.0183258
-0.480759
-0.344131
-0.642105
-0.146317
-0.0483856
-0.0456238
-0.105392
0.00923157
-0.0540009
-0.0990448
-0.0367584
0.0393372
0.0256805
0.000152588
-0.0376892
-0.0320129
-0.00566101
0.0197754
0.0129242
0.0136871
0.012146
-0.0149384
-0.00489807
-0.0242004
-0.0575104
-0.0539246
-0.105484
-0.163193
-0.261215
-0.238846
-0.247498
-0.413208
-0.892944
-1.06778
-0.982147
-0.991577
-0.706192
-0.562149
-0.017395
0.590759
0.316452

[7]
0.22261
0.434845
0.512543
0.586426
0.603027
0.578262
0.536636
0.50563
0.437134
0.256531
-0.00286865
-0.390442
-0.718002
-1.0797
-1.12096
-1.03818
-0.572845
-0.298889
-0.156662
-0.4673
-0.295822
-0.542114
-0.440887
-0.00770569
-0.0324097
-0.0758514
-0.128052
-0.0814209
-0.0832367
-0.089447
0.0123291
0.0141296
0.00260925
0.0109406
-0.00804138
-0.00465393
0.0118103
0.0256653
0.00242615
0.0114594
-0.0223389
-0.0135345
0.00845337
-0.0485535
-0.0563507
-0.0875702
-0.11409
-0.230225
-0.189743
-0.256119

[8]
-0.373505
-0.653488
-0.938202
-1.05524
-0.910431
-0.813446
-0.464401
-0.430878
0.264481
0.154114
0.237427
0.553513
0.581924
0.641556
0.606216
0.599152
0.525131
0.479858
0.426376
0.25882
0.0174103
-0.29483
-0.633331
-1.07382
-1.11658
-1.15309
-0.687271
-0.381104
-0.173172
-0.130447
-0.37999
-0.399445
-0.412186
-0.262665
-0.0830536
-0.0556793
-0.076889
0.00753784
-0.0539246
-0.0857391
-0.00485229
0.0262299
0.0087738
0.0195007
0.028595
0.0370636
0.0268402
0.0177002
-0.00701904
-0.0017395

[9]
-0.0138245
-0.0162659
-0.00572205
-0.000427246
-0.0402832
-0.0396271
-0.090332
-0.114197
-0.130508
-0.180374
-0.337601
-0.596909
-0.953674
-1.06558
-1.00444
-0.892487
-0.560257
-0.289658
0.0297241
0.771912
0.396164
0.325577
0.538086
0.60556
0.634766
0.609756
0.566132
0.5186
0.507812
0.404297
0.185928
-0.112244
-0.458206
-0.806458
-1.07611
-1.10921
-0.69722
-0.806778
-0.260391
-0.229935
-0.627167
-0.190384
-0.24353
-0.312042
0.0594177
0.0392761
-0.12236
-0.0708008
-0.0624847
-0.134125

[10]
-0.0308228
0.00834656
0.020874
-0.0267792
-0.0364532
-0.0246887
0.0284882
0.0474854
0.0243835
0.0126953
-0.0162354
-0.0145874
0.0148773
-0.0335541
-0.0541687
-0.0753174
-0.113556
-0.122849
-0.153687
-0.292694
-0.355133
-0.648758
-1.02702
-1.06931
-1.08096
-0.9086
-0.588821
-0.400192
0.211304
0.218414
0.329376
0.576355
0.636597
0.714279
0.706131
0.664047
0.577438
0.55098
0.458725
0.282608
0.0421753
-0.263977
-0.714661
-1.073
-1.11053
-1.14098
-0.567474
-0.557083
-0.0749054
-0.300629

[11]
-0.382401
-0.412338
-0.124863
-0.221405
-0.0622559
-0.0952148
-0.118225
-0.0491791
-0.104752
-0.0679932
-0.000854492
-0.0250244
-0.015152
-0.0184937
-0.00639343
0.00738525
0.0484314
0.0378876
0.0380554
0.00985718
-0.0196075
-0.0101776
-0.0223694
-0.0339966
-0.0951996
-0.126755
-0.166321
-0.327377
-0.319916
-0.645645
-1.06725
-1.06941
-1.06964
-1.01062
-0.534988
-0.275848
0.376236
0.216522
0.426819
0.585709
0.672913
0.774292
0.707199
0.666107
0.597061
0.532486
0.462357
0.305649
0.0593872
-0.262283

[12]
-0.703613
-1.08556
-1.12718
-1.06461
-0.600372
-0.642868
-0.29657
-0.650452
-0.233261
-0.492645
-0.385956
-0.0977325
0.0134583
-0.124634
-0.0925293
-0.0180664
-0.103317
-0.0671539
0.0124054
0.00982666
-0.00158691
-0.0104218
-0.0588531
-0.0390778
0.00540161
0.011322
0.0114441
-0.00213623
-0.0310822
-0.0466156
-0.0249481
-0.060257
-0.0612946
-0.127731
-0.155487
-0.21344
-0.285324
-0.278519
-0.57579
-1.06535
-1.07724
-1.09109
-0.979965
-0.615433
-0.374359
0.533997
0.0771027
0.293915
0.479218
0.611786

[13]
0.708969
0.742172
0.710327
0.647034
0.56131
0.460785
0.306168
-0.0207672
-0.479294
-0.935715
-1.09286
-1.13388
-0.935974
-0.48764
-0.235031
-0.199966
-0.656219
-0.349854
-0.644562
-0.0746307
-0.0174866
-0.159607
-0.0996094
-0.0746307
-0.0714417
-0.0928955
-0.00923157
0.0437469
0.0351257
0.00595093
-0.0237427
-0.0331421
0.0087738
0.0272064
0.00576782
-0.0143433
-0.0600128
-0.0499268
-0.0278168
-0.0371857
-0.0725403
-0.196701
-0.148376
-0.253723
-0.33078
-0.441528
-0.934021
-1.08569
-1.09953
-1.11493

[14]
-0.781723
-0.700699
0.205841
-0.153275
0.219742
0.527725
0.619537
0.683731
0.658127
0.633118
0.588638
0.566193
0.513474
0.336929
0.10672
-0.195908
-0.55748
-1.05321
-1.0909
-1.12553
-0.739532
-0.418549
-0.263336
-0.301544
-0.19191
-0.750137
-0.136337
-0.138123
-0.190811
-0.0720673
-0.163818
-0.0343018
-0.041153
-0.0162659
0.0484009
-0.00584412
0.0354156
-0.0140991
-0.0154724
-0.0214233
0.000335693
-0.00881958
-0.0207977
-0.0337219
-0.0237274
-0.0382538
-0.0461884
-0.0918427
-0.137711
-0.167191

[15]
-0.232422
-0.257675
-0.296097
-0.545166
-1.01118
-1.08003
-0.969223
-0.878601
-0.683487
-0.430389
0.3909
0.0209351
0.255035
0.509537
0.602783
0.681824
0.660263
0.629791
0.584778
0.518356
0.445084
0.297821
0.0249023
-0.329102
-0.790146
-1.07587
-1.11418
-0.955612
-0.490799
-0.417252
-0.022049
-0.227539
-0.873001
-0.665695
-0.282715
-0.219528
-0.0641937
-0.098999
-0.0316925
-0.0973511
-0.129959
-0.0155029
0.0204926
0.03685
-0.0153046
0.00141907
-0.0270691
-0.0098114
-0.0114594
0.01297

[16]
-0.013382
-0.02211
-0.0457764
-0.0361023
-0.0494843
-0.0737457
-0.107498
-0.153717
-0.221054
-0.251541
-0.275757
-0.423721
-0.931931
-1.07147
-0.948761
-1.07649
-0.725266
-0.673431
0.214035
0.526627
0.372055
0.359253
0.65332
0.689377
0.736542
0.705566
0.632492
0.544815
0.456268
0.346085
0.0890808
-0.321243
-0.781784
-1.08318
-1.12509
-1.12341
-0.494232
-0.301147
-0.191681
0.0303955
-0.613449
-0.45694
-0.267944
-0.108551
-0.138901
-0.028717
-0.0539703
-0.0824127
-0.157135
-0.0853424

[17]
0.0403137
0.0209503
0.0150146
-0.00170898
-0.00152588
-0.0166473
0.00854492
-0.00196838
0.00842285
0.0062561
-0.0304718
-0.052597
-0.0551758
-0.0466003
-0.0678558
-0.208267
-0.244598
-0.254623
-0.330429
-0.449173
-0.911682
-1.08392
-1.09654
-1.04425
-0.671783
-0.75589
0.107193
0.55217
0.417755
0.318909
0.663834
0.690796
0.745331
0.690338
0.623947
0.535309
0.451843
0.366913
0.14537
-0.279434
-0.669708
-1.05498
-1.0929
-1.12711
-0.694763
-0.445786
-0.180176
-0.0050354
-0.42421
-0.58371

[18]
-0.355057
-0.197708
-0.1427
-0.0429688
-0.159988
0.00942993
-0.107407
-0.0340729
-0.0159607
0.0187988
-0.00491333
-0.0145721
0.0323639
0.0111847
0.000747681
0.00741577
-0.000274658
-0.0597839
-0.0821533
-0.0652924
-0.0748291
-0.103714
-0.16156
-0.197815
-0.283188
-0.35527
-0.404495
-0.858215
-1.09239
-1.10629
-1.10876
-0.709839
-0.818008
0.0771027
0.461105
0.444
0.416672
0.629654
0.709091
0.689636
0.647461
0.608002
0.523621
0.428513
0.285263
-0.0323792
-0.347351
-0.847488
-1.07576
-1.11624

[19]
-1.1485
-0.501266
-0.352753
-0.276428
0.0714874
-0.382416
-0.274673
-0.571686
-0.105698
-0.137848
-0.0779724
-0.103607
-0.03508
-0.0717621
-0.0758972
0.00315857
0.0232391
0.0302734
0.0177612
0.0128479
0.00541687
-0.0140991
-0.0138092
-0.0210724
-0.000198364
-0.0396576
-0.0344238
-0.0509186
-0.0492554
-0.0618896
-0.10202
-0.175415
-0.206863
-0.267441
-0.316101
-0.531891
-1.03937
-1.09258
-1.06606
-0.994141
-0.676224
-0.534958
0.300308
0.331467
0.407227
0.421234
0.652283
0.707062
0.743118
0.669586

[20]
0.582672
0.511749
0.425781
0.313156
0.0584412
-0.366684
-0.865952
-1.06992
-1.10995
-1.14363
-0.886246
-0.423325
-0.239578
-0.825943
-0.318024
-0.463104
-0.234528
0.144073
-0.0605621
-0.143845
-0.010437
-0.0777435
-0.0860901
0.00424194
0.0102081
0.00378418
-0.00804138
-0.0400696
-0.0448761
0.00436401
0.020813
0.00640869
-0.0147552
-0.0315399
-0.042923
-0.0424652
-0.0280914
-0.0780334
-0.120377
-0.182816
-0.201233
-0.268311
-0.307938
-0.39801
-0.767044
-1.0788
-1.03676
-1.09586
-0.777176
-0.732239

[21]
-0.0209961
0.801788
0.260788
0.230789
0.651596
0.679443
0.739838
0.689255
0.618469
0.548141
0.472488
0.381958
0.213303
-0.117126
-0.550125
-1.05148
-1.0921
-1.12804
-0.627914
-0.375626
-0.234436
-0.140747
-0.838959
-0.150665
-0.512405
-0.255936
0.0798035
-0.115189
-0.138428
-0.0783234
-0.103851
-0.0654907
-0.00987244
-0.00448608
0.0152435
-0.00465393
-0.00430298
0.0146332
0.030426
0.0220337
-0.0253754
-0.0414429
-0.0258636
-0.054657
-0.0410004
-0.0203705
-0.108398
-0.18399
-0.195831
-0.227631

[22]
-0.313004
-0.474152
-0.863113
-1.07901
-1.05183
-1.05482
-0.675751
-0.656906
0.0876923
0.387619
0.311523
0.398544
0.60437
0.675613
0.728821
0.713364
0.662155
0.591476
0.529953
0.408615
0.140411
-0.225616
-0.668182
-1.05721
-1.09578
-1.13058
-0.834244
-0.250305
-0.222565
-0.171875
-0.376694
-0.643524
-0.323425
-0.157394
-0.0567932
-0.134674
-0.00428772
-0.0240021
-0.0642853
-0.0326691
-0.00279236
0.0281982
0.0085144
-0.0280609
-0.0354462
-0.0121155
0.0162964
0.00761414
0.00994873
0.0123901

[23]
-0.0178833
-0.0422058
-0.030304
-0.0487366
-0.0460968
-0.152481
-0.187851
-0.252686
-0.241806
-0.307068
-0.671219
-1.07556
-1.08757
-1.08621
-0.904648
-0.715073
-0.155228
0.767624
0.118027
0.373352
0.584503
0.653137
0.71579
0.715286
0.676147
0.614655
0.486023
0.48848
0.318832
0.0302429
-0.35466
-0.829102
-1.07991
-1.11884
-0.988876
-0.611038
-0.142502
-0.286224
-0.679047
-0.394028
-0.370163
-0.16832
-0.00598145
-0.0517426
-0.13559
-0.0426788
-0.131744
-0.0857544
0.0158691
0.0102234

[24]
0.0166473
0.020813
0.0142822
-0.00445557
0.00708008
0.00267029
0.00605774
-0.00701904
-0.0328979
-0.0287933
-0.061142
-0.0279083
-0.0606689
-0.129837
-0.238632
-0.252304
-0.209
-0.291046
-0.516144
-0.89183
-1.07597
-0.911514
-0.852097
-0.557816
-0.643204
0.0306091
0.595886
0.296585
0.244507
0.51973
0.604248
0.67984
0.661865
0.627975
0.546722
0.457504
0.366058
0.137115
-0.23201
-0.707733
-1.05859
-1.09879
-1.13467
-0.898376
-0.438568
-0.21904
-0.488281
-0.263092
-0.597748
-0.311615

[25]
-0.0658264
-0.0256195
-0.0748444
-0.0121918
0.015152
-0.107773
-0.0529175
-0.0168762
0.0220795
0.0088501
0.00126648
0.0151215
0.000686646
-0.00646973
0.000396729
0.0141296
0.0166931
-0.0153809
-0.0284729
-0.0281982
-0.0572815
-0.0670013
-0.119812
-0.164658
-0.294815
-0.322983
-0.346298
-0.515244
-0.953644
-1.06517
-1.06601
-1.02104
-0.561203
-0.436737
0.285309
0.396637
0.539551
0.44313
0.679016
0.757996
0.782654
0.743088
0.662857
0.576126
0.500854
0.402527
0.157608
-0.246582
-0.69754
-1.08575

[26]
-1.13348
-1.17331
-0.745941
-0.414322
-0.258926
-0.713303
-0.402435
-0.653427
-0.205948
-0.033783
-0.0389404
-0.205215
-0.0843964
-0.0730743
-0.0639038
0.013916
0.0181427
0.0247803
0.0284119
-0.0126038
-0.00576782
0.0116882
-0.0098877
-0.0118866
-0.00288391
-0.00540161
-0.0286407
-0.0348816
-0.0404358
-0.0450439
-0.0978851
-0.10675
-0.237106
-0.232025
-0.284744
-0.442139
-0.87764
-1.07828
-1.04198
-1.09126
-0.719406
-0.670456
-0.0339966
0.609467
0.380432
0.349304
0.609711
0.695374
0.702377
0.695114

[27]
0.646286
0.568146
0.521896
0.390854
0.163162
-0.216141
-0.662018
-1.06352
-1.10693
-1.14899
-1.00548
-0.650925
-0.0558929
-0.275986
-0.189667
-0.585632
-0.339645
-0.196075
-0.044632
-0.0795135
-0.100906
-0.0347748
-0.0823517
-0.0443268
0.000320435
0.0138855
0.0102386
0.026123
-0.00262451
-0.0032196
0.00810242
0.0147705
0.00967407
0.00488281
-0.0127716
-0.0268707
-0.0522308
0.00636292
-0.0392151
-0.111023
-0.161148
-0.231552
-0.201675
-0.272003
-0.463196
-0.880646
-1.06656
-1.06111
-1.06967
-0.728622

[28]
-0.58577
-0.0209503
0.656006
0.327957
0.280319
0.577576
0.616562
0.656708
0.671417
0.631821
0.607803
0.576752
0.50412
0.309067
0.032486
-0.328735
-0.722168
-1.07246
-1.11453
-1.15157
-0.642059
-0.513321
-0.149078
-0.60231
-0.320999
-0.777588
-0.210007
-0.0771179
-0.0676422
-0.2258
0.0367737
-0.0535431
-0.0882721
-0.020462
0.0595398
0.0215912
0.00282288
-0.039978
-0.0245209
0.0138702
0.0352325
-0.00628662
-0.0191193
0.00146484
-0.00668335
-0.0176086
-0.035675
-0.0690002
-0.0800171
-0.104904

[29]
-0.215042
-0.235397
-0.268539
-0.424545
-0.770721
-1.08447
-1.09705
-1.09631
-0.905609
-0.625778
-0.303314
0.765549
0.0199738
0.242599
0.577484
0.632401
0.689026
0.688904
0.659302
0.612671
0.569534
0.481674
0.329605
0.0340576
-0.381592
-0.840332
-1.07971
-1.11937
-0.888824
-0.248413
-0.514816
-0.630386
-0.359238
-0.475311
-0.326263
0.120377
-0.10379
-0.0453491
0.00964355
-0.0975647
-0.071579
0.0352936
0.0162506
-0.00842285
-0.031311
-0.0385895
-0.00543213
0.00715637
0.0278625
0.00233459

[30]
-0.0201416
-0.0197449
-0.0358887
-0.0303345
-0.0411224
-0.0650787
-0.12442
-0.174423
-0.283783
-0.307312
-0.330643
-0.643768
-1.06526
-1.07565
-0.959595
-0.860397
-0.712219
-0.342697
0.781815
0.0923309
0.229782
0.563797
0.640808
0.7173
0.692612
0.639435
0.572678
0.497818
0.395218
0.191849
-0.135071
-0.532303
-0.930573
-1.08539
-1.12015
-0.763123
-0.554337
-0.33049
-0.135498
-0.349823
-0.570145
-0.188385
-0.138046
-0.0562286
-0.0518494
-0.0323181
-0.0496368
-0.0736847
-0.0532379
0.0172272

[31]
0.0346375
0.0349884
-0.0104675
-0.058075
0.0043335
0.00688171
0.00170898
-0.00422668
-0.00370789
-0.0283813
-0.026825
-0.0565643
-0.0374451
-0.0756378
-0.12851
-0.200699
-0.257355
-0.289185
-0.436066
-0.93129
-1.07211
-1.08504
-1.08688
-0.650391
-0.442444
0.00444031
0.643524
0.388229
0.253387
0.589813
0.721512
0.774231
0.7379
0.6642
0.579025
0.526993
0.406128
0.139633
-0.211121
-0.633957
-1.06378
-1.10399
-1.1398
-0.937241
-0.279831
-0.172455
-0.866241
-0.248093
-0.372177
-0.205338

[32]
0.0669403
-0.0648346
-0.125229
-0.0554352
-0.110855
-0.101898
-0.0418701
0.0349884
0.0264435
0.0292053
0.00302124
-0.00334167
0.0090332
0.00971985
0.0348663
0.00827026
-0.0283661
-0.0447235
-0.0559845
-0.00634766
-0.0149536
-0.107285
-0.125671
-0.187057
-0.246597
-0.366135
-0.590302
-1.0408
-1.0713
-1.07246
-1.07513
-0.682541
-0.343979
0.163681
0.529282
0.501526
0.521164
0.696976
0.835876
0.81073
0.796494
0.70224
0.611893
0.477234
0.330933
0.0249176
-0.496613
-1.05579
-1.08096
-0.846512

