[1]
0.175705
0.635071
0.528549
0.389679
0.23819
0.0858917
-0.0418396
-0.130127
-0.230865
-0.400589
-0.632965
-0.671448
-0.704437
-0.865051
-1.43309
-1.08781
-1.10307
-1.03679
0.986313
-0.445053
-0.403366
-0.317947
-0.148407
0.0144501
-0.402161
-0.110794
0.075592
0.159668
0.250275
0.226151
0.188461
0.0854645
0.0600739
0.109573
0.0609283
0.138107
0.168076
0.109085
0.083252
0.0902252
0.131714
0.0653381
-0.00805664
0.0702057
0.142639
0.162079
0.1716
0.229691
0.128311
0.125427

[2]
0.242554
0.28949
0.725845
1.90085
0.565063
0.707779
0.937958
0.87767
-0.197388
-0.358353
0.315033
0.658798
0.719711
0.607986
0.570663
0.412582
0.223083
0.115768
0.0535431
0.0577545
-0.171936
-0.39537
-0.631546
-0.90921
-1.84129
-1.90852
-2.57983
-1.89424
-1.08409
0.728149
0.420151
-0.666611
-0.55249
-0.551224
-0.378754
-0.362869
-0.0578308
0.135849
-0.105042
-0.0161743
0.101135
0.174576
0.0545502
-0.13269
-0.136063
-0.0350189
-0.0345001
-0.0394745
-0.0121765
0.0402527

[3]
0.0385895
0.0225372
0.0208588
0.0930328
0.116501
0.129684
0.0508575
0.0780182
0.13501
0.197968
0.112595
1.19554
1.67828
0.578384
0.861053
0.773193
0.820236
-0.020752
-0.335449
0.177689
0.682999
0.824341
0.786911
0.579132
0.330078
0.093277
0.0858307
0.1091
-0.0197754
-0.265839
-0.666
-1.07111
-1.56244
-1.47916
-1.983
-2.56969
-1.4754
0.0224915
0.804138
-0.981232
-0.309097
-0.140869
-0.283066
-0.478348
-0.206802
0.017868
-0.12059
-0.107361
-0.0815582
0.116272

[4]
0.0507507
-0.115067
-0.106216
-0.0359497
-0.026123
-0.0596313
-0.00708008
0.014801
-0.00695801
-0.0650024
-0.0572357
-0.00686646
0.0441437
0.0570984
0.0508728
0.0760803
0.0342102
0.14299
0.221008
0.135712
0.103165
1.37286
0.846497
0.645844
0.890839
0.589279
0.567795
-0.196899
-0.160553
0.323425
0.70694
0.684906
0.620483
0.418396
0.222855
0.0933685
0.0505981
0.0120087
-0.0808716
-0.273819
-0.665573
-1.08925
-1.66202
-1.63507
-1.72247
-2.23468
-1.69403
-0.869766
0.634842
0.513138

[5]
-1.01324
-0.243454
-0.0329132
-0.319183
-0.465515
-0.372253
-0.170074
-0.153976
-0.0120239
-0.0190582
-0.00784302
0.00271606
-0.0607605
-0.10437
-0.0345306
-0.0175171
-0.0423431
-0.0373535
-0.0345154
-0.0247345
-0.0115356
-0.0356903
0.0172729
0.041214
0.0224915
-0.00737
0.0345612
0.0818176
0.0719757
0.104019
0.0263367
0.341339
1.10779
0.788269
0.647385
0.762314
0.645096
0.815338
-0.23053
-0.166153
0.301727
0.539703
0.537949
0.517609
0.409851
0.232864
0.0732574
0.0166779
0.0104218
-0.00457764

[6]
-0.0572205
-0.66272
-1.26579
-1.63585
-1.58861
-1.93027
-2.30629
-0.925491
0.09729
0.607971
-0.355453
-0.6689
-0.268692
-0.222519
-0.58049
-0.385361
-0.0114594
-0.0505371
-0.0712891
-0.0517273
0.0992126
0.0890503
0.0154572
-0.138168
-0.167953
-0.112564
-0.0351105
-0.0301666
-0.0127106
-0.0502319
-0.0398102
-0.0435028
0.00318909
0.0070343
0.0435486
0.0315704
0.0102692
0.0166626
-0.00483704
0.098053
0.176224
0.252518
0.677826
1.31183
0.459488
0.552475
0.500092
0.837463
-0.0487518
-0.288025

[7]
0.135834
0.409454
0.595016
0.58226
0.526138
0.34462
0.212296
0.138123
0.122116
0.0854492
-0.068573
-0.391647
-0.641998
-1.10213
-1.86273
-1.73079
-1.77281
-2.44888
-1.50021
0.915375
0.850616
-1.06203
-0.41684
-0.255035
-0.0830688
-0.53656
-0.355499
-0.086792
-0.108353
-0.0654755
-0.0303955
-0.0366516
-0.0276184
0.015564
-0.118729
-0.0870514
-0.020752
-0.00605774
-0.0666504
-0.0158081
-0.0169373
-0.0570374
-0.0286713
-0.00588989
0.00448608
0.0484619
0.0327301
0.0904694
0.00721741
0.0665283

[8]
0.0903015
0.11676
0.131058
0.863312
0.783981
0.600006
0.823349
0.381256
0.473282
-0.0946808
0.0214386
0.46785
0.593109
0.459015
0.373779
0.316544
0.203812
0.144104
0.128006
0.0730438
-0.0496674
-0.396973
-0.451233
-0.837753
-1.53732
-1.86601
-1.85193
-2.25443
-1.93297
-0.316666
1.22415
-0.904938
-0.334076
-0.299438
-0.284698
-0.479416
-0.362732
0.0839539
-0.0618286
-0.10524
-0.00662231
0.057373
0.0220795
-0.030304
-0.05867
-0.00732422
-0.0460663
-0.0791626
-0.0673828
-0.0967865

[9]
-0.0879822
-0.0843964
-0.0693054
-0.0225525
-0.00791931
0.0858612
0.0906677
-0.0133514
-0.0164948
-0.041214
0.111221
0.0681305
0.0506592
0.537048
0.818481
0.712418
0.854858
0.492828
0.424805
0.0830688
-0.239929
0.263901
0.471313
0.587234
0.532257
0.421646
0.277481
0.167847
0.118423
0.108429
0.0360565
-0.138077
-0.319824
-0.741089
-1.17821
-1.86896
-1.81082
-1.49657
-1.87897
-1.55574
1.21523
-0.314987
-0.981369
-0.472916
0.0787201
-0.195648
-0.712585
-0.0669556
-0.0575867
-0.00164795

[10]
-0.0348053
0.000152588
0.0127411
-0.0760956
-0.12117
-0.157303
-0.118637
-0.0597229
-0.057785
-0.0406952
-0.0436401
-0.0437622
-0.0132446
0.00350952
-0.00770569
-0.0180664
0.00692749
0.0289612
0.040741
0.0310822
-0.000701904
-0.0201416
0.0526581
0.701218
1.17654
0.793213
0.881546
0.438171
0.487061
-0.116394
-0.0411682
0.405991
0.652191
0.555023
0.469238
0.319092
0.205154
0.181137
0.121307
0.0630188
-0.0955505
-0.4263
-0.538879
-1.04172
-1.81773
-1.88408
-1.91847
-2.14638
-1.6324
0.652878

[11]
1.49513
-0.853485
-0.317001
-0.626862
-0.368256
-0.503662
-0.154892
-0.0389099
-0.190247
-0.123749
-0.0252686
0.00675964
0.0112762
-0.0878754
-0.0771027
-0.0778198
-0.05896
-0.0315857
-0.0739746
-0.0607452
-0.0731354
-0.0614166
-0.00382996
0.0269775
0.0599518
0.0650635
0.0298767
0.0443726
-0.00811768
0.0421295
0.118835
0.785782
0.822571
0.957687
1.00925
0.546082
0.655228
-0.191116
-0.255798
0.203323
0.583481
0.576736
0.491287
0.332764
0.193375
0.085434
0.0723724
-0.00799561
-0.179733
-0.450104

[12]
-0.698166
-0.943939
-1.82315
-2.02806
-1.76407
-1.68253
-1.77757
0.965118
0.128845
-1.10582
-0.229767
-0.315582
-0.212891
-0.648804
-0.304001
-0.0173492
-0.0825958
-0.0704193
-0.0684967
0.0323029
0.0631561
-0.0582428
-0.147141
-0.176178
-0.12117
-0.03862
-0.049942
-0.0438538
-0.0793304
-0.102402
-0.0924988
-0.0550385
-0.0200195
0.0192566
0.0905151
0.051178
0.0694733
0.105698
0.0453949
0.330551
1.2341
1.01898
0.484131
0.837433
0.760391
0.718109
-0.120773
-0.313034
0.228516
0.63765

[13]
0.640823
0.556488
0.398926
0.208603
0.0865326
0.0129089
-0.000869751
-0.192474
-0.442551
-0.738327
-1.20258
-2.03496
-1.77951
-2.08257
-2.23402
-0.947189
1.4689
-0.638992
-0.374573
-0.136551
-0.374237
-0.438705
-0.413162
-0.111313
-0.0852661
-0.0579529
-0.0318451
0.0774384
-3.05176e-05
0.00968933
-0.0601501
-0.111282
-0.0988617
0.0229034
-0.0124207
-0.0475769
-0.0519104
-0.0845795
0.000259399
0.0299988
0.0123749
0.121368
0.0596771
0.128082
0.155884
0.150604
-0.00616455
0.30365
1.72568
0.994446

[14]
1.02399
0.470673
0.585724
-0.168701
0.299698
0.614197
0.704681
0.550522
0.499496
0.364426
0.24646
0.176544
0.148987
0.0842285
-0.0869141
-0.355759
-0.541183
-0.817749
-1.53931
-1.8325
-1.88672
-2.5014
-1.92
0.986603
0.487595
-1.17249
-0.0611572
-0.441376
-0.348053
-0.515457
-0.213181
-0.0404053
-0.0269318
0.0163574
0.0639038
-0.0218048
0.0341339
-0.0552063
-0.0669403
-0.10347
-0.0450592
-0.0452118
-0.0130768
-0.0241547
-0.019455
-0.0199432
-0.0238647
0.0325165
0.024231
0.0667114

[15]
0.057724
0.0836182
0.153915
0.160217
0.0366669
0.786438
1.4173
0.516418
0.886215
0.507507
0.699219
-0.0599976
0.0779266
0.384247
0.615662
0.555786
0.505707
0.395218
0.258606
0.136246
0.0778656
0.0373077
0.0154724
-0.242142
-0.583679
-1.05208
-1.82259
-1.87038
-1.65932
-1.82256
-2.0087
-0.887756
1.49454
-1.3871
-0.113251
-0.534256
-0.398376
-0.485733
-0.102509
-0.134964
-0.141129
-0.0537109
0.0561066
0.112564
-0.0826569
-0.0918274
-0.107224
-0.0971375
-0.117447
-0.0385132

[16]
-0.0294189
-0.0534821
-0.0881958
-0.0650635
0.00424194
-0.00469971
0.00527954
0.0215759
0.0558777
0.0561066
0.102737
0.0501556
0.0679321
0.870743
1.6591
0.753998
0.451004
0.62912
1.30188
-0.393463
-0.468887
0.0710602
0.431854
0.643036
0.571564
0.496216
0.256226
0.107056
-0.00456238
0.0588531
-0.0771484
-0.397522
-0.699158
-0.899094
-1.7881
-1.95253
-2.01862
-2.22397
-1.36417
0.0716553
1.45023
-1.08195
-0.173599
-0.199814
-0.291199
-0.474899
-0.178192
-0.11911
-0.243896
-0.0540771

[17]
0.0384979
0.0271301
0.0101624
-0.0263214
-0.117401
-0.0484619
-0.0415192
-0.047287
-0.0470581
-0.03125
-0.0246887
-0.0389404
-0.0492401
0.00120544
0.0522308
0.079483
0.0939331
0.0730133
0.103455
0.0886688
-0.0721588
0.432281
1.83673
1.08791
0.697327
0.569916
1.0399
-0.144485
-0.456589
0.0913544
0.53038
0.778122
0.680862
0.597855
0.348862
0.164764
0.0451965
0.0789185
0.0586548
-0.279984
-0.472488
-0.792175
-1.60164
-1.89752
-1.91698
-2.54265
-1.23335
0.614014
0.963837
-0.941803

[18]
-0.181717
-0.434692
-0.394516
-0.43428
-0.192383
0.0971527
-0.0299988
-0.0913086
0.0249634
0.12056
-0.0145111
-0.0758057
0.0266571
0.0329132
0.0490723
0.0269165
0.00204468
-0.0469513
-0.0538788
-0.00865173
0.0186615
0.0220947
0.129364
0.125015
0.0868378
0.107758
0.125671
0.077774
0.770889
1.71651
0.909882
0.509064
0.636978
0.623352
-0.233459
-0.357605
0.443024
0.730713
0.663147
0.543625
0.413284
0.288177
0.131943
0.0640259
0.0940247
-0.0610962
-0.425491
-0.489929
-0.928268
-1.8416

[19]
-1.90468
-2.1839
-2.5555
-0.842728
0.131699
1.28282
-0.574509
-0.468063
-0.306061
-0.391037
-0.456726
-0.252533
-0.0705414
-0.0768738
-0.0340881
-0.0219879
0.124435
0.114014
-0.00723267
-0.0425873
-0.076889
-0.0972748
-0.0585175
-0.0410004
-0.0107422
-0.0198975
-0.0194855
-0.0207062
0.00953674
0.0290222
0.0744171
0.13179
0.098587
0.118378
0.141663
0.125763
0.136353
1.10068
1.26398
0.723892
0.903305
0.605804
0.794907
-0.145782
-0.485519
0.170151
0.609329
0.753906
0.602875
0.556854

[20]
0.315247
0.142059
0.0168762
0.075058
-0.0181885
-0.342209
-0.654312
-1.03923
-1.56621
-2.11015
-1.64307
-2.39836
-1.51477
1.50171
-0.732651
-0.758835
-0.0495148
-0.232697
-0.338974
-0.562866
-0.00238037
-0.0438232
0.00402832
-0.0280914
0.0460052
0.0455322
-0.0525055
-0.0980377
-0.0688324
-0.0419769
-0.0145416
-0.0144653
-0.0147552
-0.000808716
-0.0243073
-0.0544739
-0.0017395
-0.0121155
0.0587158
0.0606995
0.0803986
0.108963
0.102463
0.148865
0.193756
0.617294
1.30255
0.818375
0.776627
0.609283

[21]
0.966248
0.167603
-0.317795
-0.113251
0.359085
0.669464
0.621201
0.549026
0.385376
0.201782
0.036911
0.00190735
0.0170288
-0.167664
-0.435867
-0.787704
-1.26694
-2.04083
-1.94849
-2.32417
-1.84618
-0.623306
1.31946
-0.14859
-0.810501
-0.158005
-0.349823
-0.508148
-0.32695
-0.0412445
-0.105072
-0.0224762
-0.0662842
0.0104065
0.00430298
-0.0603943
-0.0693359
0.0109863
0.0299683
0.00749207
-0.0181122
-0.0153351
-0.0365753
-0.0462646
-0.0151672
0.0305939
0.0176392
0.0518799
0.166382
0.0753021

[22]
0.07547
0.100891
0.158997
0.559647
1.61887
0.640518
0.839371
0.503937
0.867569
-0.261932
-0.152588
0.347946
0.502914
0.617401
0.590256
0.449585
0.281143
0.156052
0.107117
0.12471
0.036972
-0.242477
-0.516891
-0.780121
-1.50803
-2.01318
-1.59023
-2.43802
-2.2939
0.131622
1.29362
-1.04073
-0.033371
-0.48819
-0.401154
-0.520401
-0.157303
0.0215912
-0.0447998
-0.0484467
0.0203552
0.0957947
0.0613251
-0.0919952
-0.0784454
-0.0373688
-0.0484619
-0.0587616
-0.0678101
-0.0181427

[23]
-0.0145264
-0.0453796
-0.0180817
0.0360565
0.0749359
0.066803
0.0168457
0.0493622
0.0632782
0.120834
0.0199432
0.289902
1.78105
0.868179
0.794189
0.52417
0.960052
0.420685
-0.199188
-0.04599
0.287949
0.523346
0.604736
0.573288
0.449783
0.273849
-0.0267334
-0.00686646
0.0669556
-0.105453
-0.415588
-0.684753
-1.00455
-1.98351
-1.72247
-1.76471
-2.55077
-1.08485
1.51939
-0.991302
-0.335754
-0.123611
-0.275223
-0.501862
-0.321808
0.0263824
-0.111633
-0.059845
-0.0482025
-0.00350952

[24]
0.0301208
-0.0774536
-0.0256042
-0.0306091
-0.00224304
-0.0114594
-0.00660706
-0.0022583
-0.0257263
-0.029129
-0.0043335
0.035202
0.124298
0.0867615
0.023941
0.0897827
0.0710602
0.0747223
0.186127
0.0595856
0.685486
1.37878
0.643158
0.562622
0.464691
1.01006
0.0781555
-0.191025
0.0722656
0.404129
0.622177
0.572708
0.5009
0.330383
0.165253
0.0713348
0.128677
0.0823669
-0.217926
-0.59079
-0.804977
-1.30118
-2.16856
-1.67444
-2.37596
-1.92055
0.563843
0.588913
-1.00598
-0.262817

[25]
-0.255234
-0.294739
-0.477921
-0.103073
0.0443573
-0.105652
-0.0839996
-0.0361938
0.0605164
0.0263977
-0.0701447
-0.0818939
-0.0936432
-0.0942383
-0.0759583
-0.0557404
-0.0519104
-0.0110016
-0.00958252
-0.00231934
0.0184326
0.0464172
0.0738678
0.0586853
0.0609741
-0.00837708
0.0669556
-0.0039978
0.28978
1.02785
0.859833
0.885361
1.0058
0.498108
0.86557
-0.135574
-0.396286
0.0540314
0.460297
0.616135
0.5522
0.503708
0.28894
0.106964
-0.0102844
-0.0121307
-0.079483
-0.37059
-0.641434
-0.909424

[26]
-1.6613
-2.1283
-1.96634
-2.61137
-1.20772
1.46423
-0.862259
-0.746231
-0.157745
-0.332489
-0.486603
-0.497482
-0.104782
-0.119034
-0.0632935
0.00662231
-0.00561523
0.0596466
0.00218201
-0.0594177
-0.106491
-0.0756683
-0.0378571
-0.0652618
-0.0522003
-0.0376892
-0.0211945
0.00161743
0.010788
0.0145264
0.0629425
0.0188141
0.0734253
-0.0130768
0.0805664
0.102539
0.0703278
0.343552
1.63828
0.822876
0.85907
0.573029
0.71814
-0.138901
-0.300629
0.41922
0.631592
0.622086
0.505356
0.397797

[27]
0.223572
0.118744
0.104996
0.10965
0.0626068
-0.101562
-0.544388
-0.798859
-1.47092
-1.83369
-2.04074
-2.58508
-1.2997
1.23767
0.0229034
-1.03964
-0.0198975
-0.649979
-0.38205
-0.535843
-0.223801
-0.037262
-0.0641327
-0.0688324
0.0281525
0.0800018
-0.0045929
-0.0433655
-0.119247
-0.139053
-0.0686646
-0.0577393
-0.0652313
-0.0330658
-0.0398407
-0.0254364
0.00212097
0.0270233
0.0298767
0.0599823
-0.0140686
0.022171
0.0529022
0.0380554
0.0243988
0.118515
0.757889
1.25809
0.666397
0.977097

[28]
0.548065
0.707016
-0.0830383
-0.360489
0.340439
0.499374
0.618362
0.54364
0.41095
0.228271
0.158676
0.14241
0.11438
0.0559692
-0.183487
-0.370605
-0.540588
-0.722885
-1.32719
-1.76799
-2.07605
-2.58029
-1.24164
1.49306
-0.321472
-0.708572
-0.251114
-0.477554
-0.400192
-0.410355
-0.0154877
-0.0755005
-0.0226593
0.0220795
0.110779
0.073349
-0.0123444
-0.0748749
-0.0652618
-0.00401306
0.0038147
-0.0311584
-0.0121155
0.0133057
-0.0248108
-0.038681
-0.0045929
0.0367432
0.0738068
0.0857086

[29]
0.081665
0.0771027
0.0623016
0.0944366
0.111481
0.31488
1.48003
0.870499
0.700165
0.759781
0.644501
0.33165
-0.295258
0.238434
0.541687
0.611511
0.529465
0.488968
0.355225
0.209183
0.124039
0.0752258
0.0615997
-0.0672455
-0.371262
-0.698669
-1.10167
-1.94397
-1.84625
-2.54991
-2.5338
1.29335
-0.644623
-0.886429
-0.0480499
-0.293777
-0.381668
-0.4039
-0.00395203
-0.00195312
-0.0361176
0.0106659
0.0762024
0.0370789
-0.0383301
-0.0727386
-0.0314789
-0.0345306
-0.0402985
-0.0329742

[30]
-0.0640106
-0.070694
-0.0552826
-0.0463104
-0.00447083
0.0307007
0.08638
0.0914612
0.11348
0.0613403
0.0831757
0.147736
0.263596
1.23305
1.14867
0.715118
0.475952
0.757416
0.446228
-0.23465
0.277084
0.565842
0.640869
0.519852
0.428314
0.307922
0.199707
0.130219
0.0887756
0.0453033
-0.237137
-0.539581
-0.743774
-1.26382
-1.96552
-1.98264
-2.13792
-2.16368
0.153061
1.27505
-1.0546
-0.105911
-0.377502
-0.352783
-0.490952
-0.146774
0.0653839
-0.0338898
-0.0257721
0.0239563

[31]
0.0888519
0.0210876
-0.0919495
-0.109512
-0.0329742
-0.0303345
-0.059494
-0.0788422
0.0132599
-0.0335541
-0.0601959
-0.0181427
0.0155945
0.0678406
0.0644989
0.0423431
0.0807953
0.114212
0.0479431
0.187317
0.557159
1.23219
0.721283
1.10786
0.595093
0.742126
0.0598297
-0.33017
-0.0339203
0.381653
0.689117
0.662903
0.580536
0.356125
0.15979
0.0767822
0.112686
0.0155945
-0.275787
-0.519424
-0.867401
-1.54279
-1.97177
-1.69887
-2.56982
-1.4039
1.50688
-0.49826
-0.806488
-0.130463

[32]
-0.325974
-0.312561
-0.495224
-0.0115509
-0.116959
-0.0860291
-0.0540771
0.0330505
0.0348206
-0.0331879
-0.0264435
-0.103394
-0.0582581
-0.0421143
-0.0516663
-0.0715485
-0.0539246
-0.0325928
-0.0388184
0.0316467
0.176559
0.124649
0.0222626
-0.0187836
-0.000595093
0.0698242
-0.00971985
0.24649
0.885986
0.916321
0.874481
0.983582
0.54509
0.608871
0.0987701
-0.317337
0.230133
0.623215
0.603699
0.428726
0.318649
0.138031
0.031311
-0.0696869
-0.247986
-0.533676
-0.7724
-1.45311
-2.2361
-2.12234

