[1]
-0.00933838
-0.185211
-0.0649567
0.0265198
-0.101471
0.0210266
0.113312
0.067215
0.0956268
0.093277
0.118362
0.218445
0.179413
0.273682
0.309067
0.246384
0.107773
-0.367767
0.548477
0.233582
-0.666458
0.629242
0.727524
-0.081192
0.0480957
-0.395264
0.0872955
-0.106522
-0.104568
0.0394592
0.0367584
-0.00236511
-0.139771
-0.035965
0.0399628
0.140533
0.113754
0.0439453
0.129608
-0.032608
0.00331116
-0.0638275
0.0484467
0.0621338
0.08461
-0.0328369
0.177673
0.0729065
-0.198288
-0.489975

[2]
-0.679886
-0.0564423
-0.696991
-1.13147
-0.315598
-0.260742
0.0257111
-0.0405426
-0.135849
-0.0781555
-0.00201416
-0.00364685
0.0126495
-0.00746155
0.0281982
0.139877
-0.0762634
0.221008
0.270538
-0.00151062
-0.0410919
-0.381622
0.606659
-0.134201
-0.722488
1.2338
0.66246
-0.248596
-0.393204
-0.20845
0.388351
-0.0200958
-0.12619
0.032196
0.0719452
0.0944214
-0.191132
-0.073349
0.0715485
0.128174
0.104324
-0.0131683
-0.0441589
-0.0236511
-0.024826
0.00479126
-0.00691223
0.011261
-0.0132599
0.115479

[3]
0.104385
-0.161713
-0.437225
-0.980011
-0.0353241
-0.479706
-0.581665
-0.844849
-0.31781
-0.0555573
0.305786
-0.0929871
-0.0316162
0.122482
0.0754852
0.0777435
0.059021
0.0734711
0.151642
0.247574
0.0804291
0.161255
0.226486
0.106369
-0.132812
-0.462006
0.837067
0.41069
-0.850372
0.975586
0.322113
-0.125107
-0.289368
0.26918
-0.142746
0.0328369
0.0488281
0.0164185
-0.00331116
-0.0887146
-0.047348
0.0587006
0.121765
0.133423
0.0895538
0.0481262
0.02771
0.00642395
0.0189819
0.0715942

[4]
0.0860138
0.0318451
-0.0556946
0.0758667
0.152267
-0.0673981
-0.208466
-0.780579
0.0961609
-0.562378
-0.597565
-0.604813
-0.152283
-0.515106
0.0201569
-0.090271
-0.103577
-0.0336456
-0.0476379
-0.062149
-0.0769501
-0.0547791
-0.0344238
-0.0620728
-0.0473785
0.0595398
0.119659
0.166412
-0.0914917
-0.381195
0.552368
0.674408
-0.128403
1.11461
0.55455
-0.221512
-0.283798
-0.109482
0.212631
-0.0818787
0.108658
-0.00831604
0.0467834
-0.130966
-0.042038
0.0422363
0.136871
0.0812683
0.0187531
0.0190735

[5]
0.0565643
0.0632019
0.0526123
-0.0187073
-0.0329437
0.0846405
0.0346832
-0.0669708
0.0339661
0.0733948
0.000488281
-0.189987
-0.748825
-0.270859
-0.0974731
-0.660858
-0.982239
-0.323318
-0.252182
-0.00775146
-0.00312805
-0.132645
-0.135757
-0.0685272
-0.0471497
-0.0726929
-0.116455
-0.104904
-0.0772858
-0.0489197
-0.019104
0.207153
0.0635376
-0.0804291
-0.509109
0.0339508
1.06468
0.912643
-0.462051
0.971954
0.0963593
0.271454
-0.460724
0.0611572
0.0578613
0.0879364
0.11908
0.021698
0.0401611
-0.0699921

[6]
-0.122604
-0.0341187
0.0873718
0.0911865
0.040863
0.0136719
0.0279846
0.0578613
0.0912018
0.00654602
-0.062561
-0.00956726
-0.0535431
0.00135803
0.146317
0.125076
-0.131485
-0.2435
-0.6745
-0.163483
-0.0318451
-0.541901
-0.680557
-0.351379
-0.178207
-0.116272
-0.0693665
-0.00880432
0.00839233
-0.026825
-0.03302
-0.101501
-0.115845
-0.14299
-0.0762939
-0.0887756
-0.115784
0.00379944
0.101807
0.0385895
-0.164871
0.0680847
0.523605
0.401245
-0.02005
0.76947
0.0802307
0.22821
-0.31015
-0.112137

[7]
-0.0184479
-0.0184479
0.0804596
0.0335388
-0.00756836
-0.0226746
-0.134171
-0.0548401
0.0622559
0.116989
0.0698853
0.0087738
0.0525665
0.0517273
0.0487518
-0.0646667
-0.0336304
-0.0143738
0.00683594
-0.0632324
0.0135498
0.0706482
0.0512695
0.0170441
-0.267853
-0.842697
-0.100296
-0.504333
-0.699646
-0.371414
-0.0927277
-0.334656
-0.21904
0.0352783
0.0542755
-0.0405579
-0.0767822
-0.0453339
-0.0168304
-0.0566406
-0.0382996
-0.0725403
-0.00862122
0.15271
0.318802
0.331635
-0.0453491
0.312408
0.536224
0.440277

[8]
0.464294
0.703537
-0.185898
-0.118805
-0.241791
0.206787
-0.0299988
0.0432587
0.190262
0.00166321
-0.0143433
-0.182175
-0.0364685
0.0751801
0.131638
0.00222778
-0.0247192
0.0245361
0.0232849
0.0449677
0.0270081
0.0168152
0.0366821
-0.000396729
0.0113373
-0.00630188
0.0503082
-0.0412598
-0.209839
-0.441391
-0.831345
0.0219421
-0.503952
-0.735855
-0.35347
-0.346985
-0.0394135
0.0183563
-0.0999603
-0.0312347
0.0354767
-0.019165
-0.0534515
-0.0684967
-0.0427246
-0.076355
-0.107758
-0.151184
-0.0538635
-0.0443573

[9]
-0.0828552
-0.234268
0.188416
0.764252
0.0935974
0.0514069
1.02162
0.831177
-0.123886
-0.130142
-0.163391
0.243011
0.0102692
0.162064
0.0152588
0.0716248
-0.0529938
-0.122849
0.0444183
0.056076
0.0292816
-0.00979614
-0.00350952
0.0345917
0.0793762
0.0560913
0.0118103
-0.0295258
-0.0122528
0.0548706
0.111282
0.149506
0.132477
0.0441437
-0.170029
-0.619675
-0.694534
0.0427856
-0.130875
-0.511749
-0.545395
-0.135818
-0.396591
-0.0212097
-0.0946503
-0.113937
-0.0534363
-0.0370178
-0.0950775
-0.0975037

[10]
-0.186188
-0.295135
-0.358414
-0.322021
-0.356094
0.0271454
0.142212
-0.171677
0.276611
1.215
0.594254
0.233292
0.914185
0.56572
0.168228
-0.0470428
-0.112625
-0.078064
0.0561523
0.209991
0.139816
0.069931
-0.0237274
-0.060257
0.0528107
0.0490417
0.0504761
0.0294189
0.0455627
0.103165
0.12915
0.120316
0.102142
0.0802307
0.0688782
0.0473785
0.036499
0.101227
0.112411
0.0397491
-0.289551
-0.964981
-0.377563
-0.3134
-0.672531
-0.373764
-0.162064
-0.454697
0.0821533
0.028183

[11]
0.072113
0.0860748
0.0726776
0.0673065
0.0142517
0.0449829
0.112122
0.090744
0.16597
0.116394
0.0260468
0.00354004
-0.212875
-0.367523
0.200424
0.0943909
0.100021
0.612747
-0.12117
-0.272217
-0.0527954
0.198639
-0.0485992
0.00643921
0.0111084
0.0323944
0.0179443
-0.11528
-0.0301056
0.0552826
0.0975037
0.0579681
0.0469818
0.0922089
0.111862
0.0651245
0.113235
0.039032
0.0593109
-0.00932312
0.00874329
0.156845
0.115036
-0.0339355
-0.458435
-0.556381
0.0829926
-0.473083
-0.886063
-0.52742

[12]
-0.271561
-0.183823
-0.0355072
-0.023056
-0.0206299
-0.0457916
-0.0241852
-0.0302277
-0.0275421
-0.0243683
-0.0835724
-0.0527649
-0.106628
-0.0245056
0.030838
0.017395
-0.552933
0.0229797
0.799713
-0.0885925
0.616333
0.468216
-0.227646
-0.236694
0.172562
0.111984
-0.16449
-0.0300446
0.0739594
0.000656128
-0.16008
-0.0731812
0.0200653
0.065155
0.0813446
0.0353851
0.0769196
0.0929565
0.0635071
0.0376434
0.0485077
-0.00741577
0.0267029
-0.0108337
0.0232544
0.123581
0.131729
-0.0383301
-0.295776
-0.943375

[13]
0.144272
-0.376938
-0.793152
-0.530579
-0.31752
-0.114731
0.264709
0.000595093
0.00564575
-0.0264587
-0.0494537
-0.0976105
-0.106552
-0.161041
-0.162445
-0.143829
-0.00886536
0.0454865
-0.0431213
0.0584717
0.0065918
0.219955
0.553635
0.52356
0.297104
0.864349
-0.192322
-0.0302887
-0.71991
0.301605
0.14798
0.0483856
0.259644
-0.05896
-0.0543518
-0.246887
-0.0171814
0.159103
0.20163
0.00772095
-0.0611572
0.00543213
0.0836945
0.0836029
0.0455322
-0.0588226
0.0296021
0.0145874
-0.0170898
0.143417

[14]
0.0957642
-0.0989227
-0.369156
-1.15341
-0.14035
-0.475876
-0.700119
-0.325943
-0.39534
-0.142639
0.111969
0.00869751
0.0405731
0.0282593
0.0317993
0.0328522
0.0384979
0.0705414
0.104401
0.0828247
0.219971
0.169266
0.108246
0.119598
-0.0392303
-0.037384
0.512512
0.0374908
-0.679138
1.10583
0.0647583
0.0654755
-0.462524
-0.139786
0.169724
0.0540771
0.0362854
0.141464
-0.0734253
0.0515442
-0.108887
-0.0994568
0.0806885
0.14563
0.0712433
-0.0221863
-0.0643311
0.0470886
0.0834808
0.044281

[15]
0.0316467
-0.0194855
-0.0480957
0.0045166
0.137772
0.0240784
-0.158966
-0.491409
-0.783295
0.210861
-0.446426
-0.553513
-0.426575
-0.130112
-0.291656
-0.133881
0.180817
0.0450745
-0.111267
-0.0949097
-0.0412598
0.00704956
0.0302887
0.0063324
0.00648499
0.0431519
0.0579224
0.0922394
0.0914764
-0.157715
-0.430191
-0.042984
0.315842
0.308182
0.822495
-0.0952148
-0.248627
-0.197479
0.078949
-0.0379181
-0.053894
0.103638
0.072403
0.0357819
-0.311554
-0.110184
0.120422
0.226807
0.0911255
-0.0485992

[16]
0.0324554
0.00941467
0.081955
0.0591583
0.0182037
0.0223694
0.0857849
-0.0590515
-0.00315857
0.0812378
-0.0710602
-0.177872
-0.603699
-0.24057
-0.00918579
-0.505692
-1.05676
-0.223236
-0.160919
0.076416
0.0179443
-0.172577
-0.0638275
-0.0395203
0.0254059
-0.000427246
-0.0198822
-0.0352936
0.0280914
-0.0562592
-0.0521393
0.272781
0.186066
0.155045
-0.181061
-0.18718
0.434158
0.865189
0.064743
0.478073
-0.549683
-0.132248
-0.113663
0.232361
-0.0735321
0.0690308
0.0185852
0.036972
-0.162674
-0.040802

[17]
0.0211945
0.0995483
0.0231018
-0.0110931
0.0442963
0.0942688
0.0620117
0.0574493
0.051239
0.0441895
0.122864
0.0432892
-0.013031
0.0606689
0.124344
-0.0115662
-0.260284
-1.26224
-0.196243
-0.230347
-0.742142
-0.581696
-0.321182
-0.168228
0.190964
-0.0503235
-0.0598907
-0.0369263
-0.056015
0.0120697
0.0485077
0.0433807
0.0574799
0.071701
0.164902
0.040741
0.210602
0.158005
-0.332565
-0.68187
0.816254
0.472092
-0.776474
0.910324
0.0134277
0.14444
-0.375046
0.12738
-0.0808716
-0.110107

[18]
0.0348969
-0.0453339
0.0136108
-0.132874
-0.124771
-0.0138397
0.0509796
0.0776672
0.0131989
0.00273132
0.0796051
0.0457764
-0.0107269
-0.0173645
-0.0114746
0.107452
0.0455322
0.00160217
0.0863037
-0.0127258
-0.185547
-0.52623
-0.77121
0.156525
-0.458511
-1.03337
-0.522873
-0.248398
-0.270081
0.037323
-0.0972748
-0.0530701
-0.120132
-0.0599365
-0.0618896
-0.096756
-0.117859
-0.135727
-0.191544
-0.200333
-0.189606
-0.102158
0.0195923
-0.00462341
-0.0657654
0.942139
1.04974
0.413422
0.749115
0.0264587

[19]
-0.288925
-0.775269
0.424545
0.103928
0.11026
0.156448
0.00509644
0.00209045
-0.240585
-0.143036
0.0993652
0.175186
0.0346069
-0.0777893
0.0572357
0.0305023
0.0749664
-0.0301514
0.0565186
0.0907135
0.0978851
-0.0760345
0.0296783
0.088501
-0.061554
-0.268219
-0.697433
0.206924
-0.440262
-0.665421
-0.486923
-0.373688
-0.184341
0.159195
-0.0177002
-0.131531
-0.0179901
0.0249939
0.0496826
0.0134277
-0.00190735
0.063858
0.113724
0.217697
0.133255
0.155426
0.133102
-0.0191193
-0.250427
0.891037

[20]
0.425476
-0.656067
0.845001
-0.104889
0.0721436
-0.479126
0.149078
0.17955
0.0533447
0.00115967
0.0235748
-0.038269
-0.133148
-0.102646
0.0601349
0.113525
0.0127716
-0.0794983
-0.00566101
0.0780182
0.0401459
-0.00460815
-0.0852509
0.0789948
0.0839844
0.033371
-0.0249786
0.0838776
-0.111694
-0.247314
-0.44899
-0.811127
0.112106
-0.51033
-0.735306
-0.288605
-0.346634
0.00653076
0.121109
0.000411987
-0.00816345
0.0840759
0.0100555
-0.0970306
-0.0729675
-0.0405426
-0.0193329
0.00631714
0.0306702
-0.0175934

[21]
-0.0220947
0.022049
-0.0102386
0.0641785
0.277695
0.281021
0.0471039
0.839966
0.0377502
-0.540802
-0.346466
0.244797
0.0286102
-0.058197
0.116653
-0.094223
0.104355
-0.256119
-0.0444183
0.073288
0.132111
0.0117188
-0.0366821
0.0221863
0.0491333
0.0497437
0.00164795
-0.0259857
0.00811768
0.0757446
0.00994873
-0.0572052
0.135788
0.0202637
-0.20517
-0.382904
-0.906097
0.181107
-0.619965
-0.700668
-0.440506
-0.423691
-0.26387
0.136017
-0.035614
-0.130997
0.0195618
-0.0279083
-0.0165558
-0.0249329

[22]
0.0196686
0.028595
0.0722198
0.111206
0.0379639
0.0988159
0.155365
0.158554
-0.0809021
0.290955
0.658859
0.0808563
0.554581
0.00160217
-0.168716
-0.167374
0.195114
0.0814972
0.0756378
0.0496674
-0.0638885
0.0563507
-0.200119
0.0135345
0.0967255
0.113525
-0.0305328
-0.0473938
-0.00558472
0.0530243
0.0802002
0.039978
0.00837708
-0.0210876
0.0596771
0.00965881
0.0126343
0.184418
0.0842438
-0.125
-0.56189
-0.842438
0.0156555
-0.438751
-0.919205
-0.554565
-0.220596
-0.427765
0.0834808
-0.0236664

[23]
0.00268555
-0.0370331
-0.0210571
0.00868225
0.00952148
0.0381622
0.0666504
0.0380402
0.0997314
0.0114288
0.0183716
0.165176
-0.0415649
-0.27063
0.617416
0.507721
-0.542435
0.628708
0.314453
-0.148956
-0.288544
0.0289917
0.114944
-0.033783
0.0750427
-0.0277405
0.0361328
-0.158585
-0.100983
0.0413055
0.100983
0.0455017
-0.00735474
0.0457764
0.0908813
0.0882263
0.0376129
-0.0135193
0.00735474
0.0678101
0.0303802
-0.0250549
0.0582275
0.0713501
-0.0540161
-0.0400543
-0.8078
-0.510895
0.00604248
-0.357269

[24]
-0.564545
-0.502563
-0.377197
-0.44519
0.258438
-0.04776
-0.110962
-0.0885315
-0.04245
0.0172119
-0.0224609
-0.0102997
0.0214996
-0.0432281
-0.0254517
-0.0436096
-0.180649
-0.106949
-0.0133514
0.283844
0.933762
-0.191498
0.392273
0.701111
-0.143677
0.0212708
-0.133957
0.232819
-0.0600433
-0.0804291
0.124374
-0.0128326
-0.0796967
-0.143417
-0.0170593
0.0933533
0.0862732
-0.0173492
-0.0460205
0.0596924
0.0705566
0.0822296
0.0331573
-0.0032196
0.0681
0.015625
-0.0414124
0.0290222
0.233932
-0.021347

[25]
-0.200592
-0.529785
-1.07841
0.105331
-0.458282
-0.641129
-0.49588
-0.13504
-0.220795
0.297958
0.0554352
-0.135651
-0.0451813
-0.019104
-0.02742
-0.041214
-0.0675812
-0.0313263
0.00369263
0.0265198
0.0530396
0.0847015
0.143494
0.161041
-0.053833
0.417679
0.50145
0.100433
0.598694
-0.187088
-0.0621948
-0.198746
0.104034
0.0628662
0.00411987
0.0787354
0.0370331
0.0158234
-0.171188
-0.100876
0.00924683
0.124893
0.110458
-0.00215149
-0.0289764
0.0424042
0.0703583
0.0372467
-0.00656128
-0.0352478

[26]
0.0829773
0.0341339
0.0723572
0.153946
-0.000396729
-0.194809
-0.518875
-1.12141
0.131012
-0.673386
-0.890381
-0.385757
-0.397293
-0.14299
0.064682
-0.10788
-0.0832062
-0.0335083
0.0239105
0.0301819
0.0327759
0.0341339
0.129547
0.175751
0.0431824
0.109177
0.122864
0.0437012
-0.209061
0.196457
0.325775
0.117416
-0.226898
0.917145
-0.352219
-0.186935
-0.0316925
0.206116
-0.0675812
0.0459137
0.150833
0.00596619
-0.0740662
-0.126709
-0.026001
0.0182037
0.0449524
-0.02034
-0.0161285
0.0698853

