[1]
0.183777
-0.0690918
-0.178696
-0.195206
-0.614166
-0.422516
-0.260864
-0.466415
-0.44989
0.115204
0.146683
0.189636
0.0890808
0.0307922
0.0653229
-0.0528259
-0.0387115
0.00874329
0.0366211
0.0914307
0.0712433
0.0436859
0.160233
0.120575
0.000366211
-0.0236206
-0.228134
-0.310745
0.977264
0.225174
-0.0126038
-0.0667419
0.709915
0.380905
0.196671
-0.0338745
-0.457748
-0.0627899
-0.0875854
0.141144
0.0912476
0.020752
-0.0808258
-0.0950928
0.0156403
0.049118
-0.0129547
-0.0104523
0.0402069
0.0697479

[2]
0.0563202
0.0329742
-0.00723267
0.0533447
0.0303345
0.0218353
-0.0175934
0.00944519
0.0298157
-0.0114441
-0.145401
-0.186508
-0.687881
-0.142792
-0.322571
-0.564667
-0.622833
-0.0605621
-0.35762
0.126953
0.0356445
0.115555
0.132217
0.112335
0.140594
0.130997
0.101746
0.143875
0.176575
0.184479
0.586639
0.405136
-0.280884
-0.260086
-0.266052
0.477036
-0.831039
-1.10458
0.972778
0.438416
-0.0504761
0.0873108
-0.375748
0.0289154
-0.0777588
-0.152542
0.0326538
0.0435181
-0.00900269
-0.143936

[3]
-0.085434
0.048645
0.153503
0.0825043
-0.00398254
-0.0337219
0.0145569
0.076004
-0.00892639
-0.0584869
-0.0162354
0.0154419
0.0241547
0.112732
0.0731354
-0.216171
-0.297684
-0.380173
-0.37384
0.238235
-0.343033
-0.797012
-0.349884
-0.13649
-0.184967
0.0296936
0.0112915
-0.0870972
-0.0897217
-0.0488281
-0.0135498
-0.063446
-0.126389
-0.0643616
-0.0754852
-0.16893
-0.0699005
-0.245941
-0.241211
-0.23645
0.425339
0.396805
-0.527481
1.04535
0.731979
-0.0365448
0.160416
-0.335526
0.0488129
-0.0878754

[4]
0.12059
0.0842285
0.0439301
-0.0221558
-0.116745
0.00192261
0.0917511
0.0927429
0.00733948
0.00138855
0.019928
0.0701599
0.123581
0.0658722
0.171692
-0.00469971
0.0187683
0.12532
0.131912
-0.137482
-0.316101
-0.792328
0.335968
-0.338501
-0.888885
-0.386337
-0.290573
0.0299072
0.0807953
0.0651093
-0.0158234
-0.0138855
-0.0308533
-0.0588379
-0.0790863
-0.0835876
-0.0604401
-0.021759
-0.0229492
0.0258484
0.0499725
0.369766
0.314957
0.695587
0.312714
-0.500061
1.21991
0.27623
0.0775299
0.00830078

[5]
-0.200821
0.0900421
0.0478973
0.0703888
0.128494
0.0317078
-0.122559
-0.109116
0.0290985
0.145874
0.148346
0.0356903
0.103516
0.0703888
0.0648346
0.117111
-0.0180359
-0.00460815
0.0483856
0.086731
0.179764
0.135086
-0.0766449
-0.722122
-0.677597
-0.0618134
-0.61731
-0.577148
-0.00924683
-0.592041
0.036026
-0.0206451
0.0404816
-0.0176086
-0.0602417
0.00187683
0.058609
0.0233154
-0.00752258
-0.0723419
0.196625
0.504028
0.058548
0.156326
0.138412
0.178207
0.149155
0.0102081
-0.331543
1.26544

[6]
-0.121674
0.353302
-0.443604
-0.14444
-0.100449
0.0347595
0.254303
0.118073
-0.0387268
-0.168304
-0.0644379
0.0613556
0.132874
0.0791626
0.0554504
0.0397797
0.0459442
0.0903015
-0.00238037
0.0668793
0.0057373
-0.0669556
0.166763
0.123978
-0.139114
-0.230713
-0.872177
-0.163742
-0.362946
-0.604538
-0.504562
-0.0174255
-0.0973053
-0.076828
0.111038
0.0462646
0.00106812
-0.0429382
0.0183105
0.0330505
0.0180969
-0.0565643
-0.0553436
0.10878
0.00538635
-0.0364227
-0.114044
-0.114914
0.624344
0.431046

[7]
-0.378036
1.10149
0.445099
-0.165756
-0.163086
-0.284973
0.0145569
0.00335693
0.263428
0.0561829
0.00915527
-0.251862
-0.0890045
0.144745
0.163971
0.0405579
0.0246124
-0.00480652
0.00645447
0.0390472
0.0233154
0.0784454
0.101227
-0.0310059
-0.0547028
0.1371
0.120331
-0.20282
-0.672348
-0.632477
0.0144806
-0.620239
-0.688812
-0.171249
0.104767
0.123688
-0.0865631
-0.0896912
-0.0896606
-0.12207
-0.0722046
-0.0433197
-0.0484467
-0.0781555
-0.0794373
-0.129898
0.0357666
-0.0998383
0.0262146
-0.251724

[8]
0.486115
0.591324
0.123428
1.10048
0.523499
-0.228989
-0.0858765
-0.479156
0.0694122
-0.0463867
0.234848
0.108109
-0.0101166
-0.15242
-0.213348
0.0494537
0.191132
0.108353
-0.060379
0.0302887
0.0334015
0.039566
0.0964966
0.0260315
0.0299377
0.0176849
-0.0214386
0.167206
0.123749
-0.21582
-0.435791
-0.571091
0.0430145
-0.8181
-1.17111
-0.455887
-0.273529
0.0392151
-0.141861
0.000549316
-0.0640259
-0.0442352
-0.0425262
-0.0625
-0.0836334
-0.212677
-0.220642
0.266281
0.149734
0.0857849

[9]
0.285797
0.329697
0.104904
0.804672
0.477966
0.5448
-0.152695
1.14526
-0.000595093
0.441254
-0.354752
-0.187531
-0.0072937
0.261032
0.112503
0.0143127
-0.100098
-0.228958
-0.104416
0.0454407
0.12973
0.0374603
0.015976
0.0518494
0.0841522
0.0882111
0.00672913
0.033493
-0.0610352
-0.0337372
0.113831
0.177734
-0.0944366
-0.285599
-0.919769
-0.188736
-0.393295
-0.724014
-0.387161
-0.0286255
-0.215439
0.0249329
0.123352
0.0872498
0.0389252
0.0376434
0.0803528
0.0864716
0.0483246
0.0313263

[10]
-0.242981
0.191437
0.205353
-0.139557
-0.128494
-0.323669
0.570343
0.286255
-0.782684
1.30722
0.186066
0.224075
-0.257904
-0.160248
-0.0324402
0.00540161
0.0567474
0.0840302
0.0732574
-0.249603
-0.120087
0.00247192
0.107925
0.0690002
-0.0170593
0.0826874
0.0859375
0.142075
0.0639801
0.0485229
-0.00259399
-0.0597382
0.0774536
0.210785
0.0902557
-0.0452881
-0.877762
-0.431564
-0.121109
-0.746094
-0.887726
-0.482285
-0.502029
0.113022
-0.0728302
0.0110779
-0.0699005
-0.0349579
-0.0027771
0.0177307

[11]
-0.0575562
-0.0405579
-0.0619965
-0.12738
0.00868225
0.0385132
-0.196625
-0.225998
0.18074
1.03917
-0.234375
1.02242
0.78714
-0.231934
-0.197693
-0.223526
0.247543
0.0313416
0.136505
0.051178
0.0341187
-0.137756
-0.217239
-0.00273132
0.152451
0.148743
-0.0149231
-0.0102386
0.0754089
0.0874176
0.0536957
-0.0308685
0.0830078
0.0397186
-0.00224304
0.218658
0.12912
-0.224121
-0.537292
-0.788483
0.123703
-0.677826
-0.591125
-0.307693
-0.177444
0.00259399
0.0523376
-0.0164337
-0.01828
-0.0379791

[12]
-0.0835114
-0.0110016
0.0045166
0.0426788
0.0375366
-0.0225372
0.0901642
0.225952
0.130737
0.13205
0.166687
0.986954
0.075531
-0.433289
1.19809
-0.131287
0.382202
-0.345535
0.1073
-0.216339
-0.020874
0.0570221
-0.0275269
-0.119019
-0.11348
-0.0769196
0.0129547
0.100571
0.00180054
-0.00813293
-0.00221252
-0.0628052
0.0231171
0.0728455
0.014389
-0.00489807
-0.0730133
0.152969
0.185913
-0.177002
-0.751617
-1.06902
-0.0710754
-0.835617
-1.04466
-0.340515
-0.0343933
0.275375
-0.000900269
-0.182831

[13]
-0.128204
-0.0988312
-0.136017
-0.134521
-0.145706
-0.184982
-0.204117
0.00151062
0.171463
0.185669
0.00323486
-0.586426
0.201797
0.389481
-0.413788
1.24686
0.520004
0.116379
0.0675964
-0.407455
-0.196167
-0.130066
0.122543
0.067688
0.092926
-0.106094
-0.183685
-0.0245056
0.0772095
0.10051
-0.0320129
-0.00614929
0.0198364
0.042511
0.0938263
-0.00233459
0.0292664
-0.0688782
0.127213
0.167984
0.00357056
-0.312119
-0.706558
0.0123901
-0.188263
-0.855194
-0.578705
-0.284119
-0.0846252
0.0578461

[14]
-0.0297394
-0.119171
-0.0516205
-0.00521851
0.0220337
-0.0182037
-0.0419006
-0.0626526
-0.100311
-0.0544586
-0.240341
0.056076
0.337311
0.350235
0.0272369
-0.111908
0.246765
1.1667
-0.350632
0.250687
-0.534866
0.134094
0.00880432
0.0584259
0.195404
0.0248566
-0.161575
-0.17485
0.0514221
0.129211
0.116989
0.00630188
-0.0169373
0.0105591
0.0457916
0.0606537
-0.0177155
0.0954437
-0.0107574
0.0230865
0.144684
0.0609436
-0.233612
-0.687775
-0.445435
-0.084259
-0.636719
-1.29263
-0.339417
-0.503159

[15]
0.120255
-0.0419617
0.00256348
-0.0767365
-0.0192566
0.00570679
0.00311279
-0.0136261
-0.00495911
0.0458374
-0.0204773
0.0947723
0.0773926
-0.0699158
-0.344162
0.0862122
1.02281
0.412689
0.712097
1.22113
-0.269791
0.0724182
-0.802811
0.0152435
-0.118561
0.291428
0.337234
0.0183716
-0.170609
-0.262344
0.0527802
0.210373
0.107895
-0.039032
-0.00767517
-0.0230865
0.0478821
0.0109863
0.0193939
0.0469208
-0.0118408
-0.0164795
0.163147
0.134659
-0.232971
-0.720581
-0.778427
-0.400162
-0.774979
-0.769714

[16]
-0.412491
-0.10202
0.221329
-0.138336
-0.063797
0.0502777
-3.05176e-05
0.028244
0.038559
0.076355
0.132248
0.135941
0.0312347
0.229599
0.145447
0.0398407
-0.160263
0.739563
0.863998
-0.407196
1.36404
0.697525
-0.111237
0.00816345
-0.65686
0.125015
-0.00611877
0.141129
0.155136
0.0500488
-0.131134
-0.181
0.00773621
0.226608
0.0888672
-0.0606537
-0.036911
0.00292969
0.106735
0.042984
0.0318451
0.0863953
0.00288391
-0.0474701
0.12056
-0.0126648
-0.324234
-0.820892
-0.47583
-0.334442

[17]
-0.624374
-0.678024
-0.357925
-0.0473328
0.0526886
0.0294647
0.061676
0.0812225
0.0918579
0.0765381
0.0818176
0.109116
0.152695
0.140472
0.226791
0.228775
0.142487
0.32634
0.0116577
0.612854
0.37767
-0.583878
1.04405
-0.140259
0.32962
-0.241196
0.112228
-0.324524
-0.0481262
0.0379639
0.00146484
-0.0579681
-0.160629
-0.0379333
0.0545807
0.0988617
-0.0576782
-0.0083313
0.0151978
-0.0215149
-0.00788879
-0.0070343
0.0289612
-0.0284424
-0.0723572
0.11792
-0.043808
-0.278473
-0.964981
-0.472641

[18]
-0.360138
-0.585083
-0.624466
-0.388306
-0.34848
0.0965424
0.0579529
-0.153198
-0.0967255
-0.0400848
0.0414429
0.0473328
0.0669861
0.0688629
0.00416565
0.0255127
0.163361
0.317612
0.0334778
-0.00314331
0.555756
0.130417
-0.489471
1.03616
0.118668
0.345169
-0.354507
-0.1259
-0.0955963
0.0206299
0.120193
0.091095
0.077301
-0.131195
-0.148499
-0.0709534
0.0537415
0.0717926
0.0293274
0.0883942
0.0889435
0.0876007
-0.0065918
0.0562439
-0.015625
-0.0241547
0.15062
0.106766
-0.172729
-0.602081

[19]
-0.891891
0.420715
-0.596817
-0.684158
0.0243225
-0.434311
-0.0470581
-0.0185547
-0.101196
-0.137848
-0.115524
-0.0426331
-0.00961304
-0.0193481
-0.0686798
-0.0984955
-0.0883484
-0.166962
-0.0914917
0.281357
-0.248047
0.646362
0.368881
0.0149078
1.01384
0.997437
-0.201401
0.0509949
-0.485703
0.287643
-0.0689697
0.0849304
0.110504
0.136002
-0.063324
-0.136765
0.0673523
0.174194
0.154556
0.062912
0.117661
0.0860138
0.0763245
-0.0656281
0.187256
0.0788116
-0.0402527
0.168213
0.12027
-0.0604401

[20]
-0.599823
-0.604965
0.0222168
-0.673126
-1.0087
-0.137146
-0.754517
-0.0432434
0.00012207
0.0545807
0.0416565
0.00468445
0.0134735
0.0511932
0.00256348
-0.0185394
-0.0336761
-0.0389862
0.191086
0.160675
0.28186
-0.0596466
0.584671
0.250076
-0.190582
0.796494
0.819443
-0.348694
-0.160583
-0.209641
0.209763
-0.12355
0.103577
0.113068
0.0673065
-0.0857849
-0.179428
0.0294952
0.115707
0.0895844
0.0238953
-0.0407867
0.0270691
0.0190887
-0.000427246
-0.022644
0.202042
0.0336304
0.0588531
0.234589

[21]
-0.0765686
-0.361069
-0.896286
0.0385437
-0.913895
-1.06364
-0.32399
-0.234695
0.177734
-0.0489655
0.0636444
0.0154266
-0.030014
-0.0743561
-0.00616455
0.0276031
0.0701904
0.0937805
-0.0139313
0.169403
0.169601
0.178955
-0.121216
0.115814
0.936508
-0.429459
0.803421
0.59552
-0.146317
0.0613098
0.151993
-0.196213
0.000167847
0.0184479
-0.0140991
-0.0553894
-0.0523529
-0.00640869
0.0712585
0.0744019
-0.0141602
0.0137329
-0.0204163
-0.0397186
0.0455017
0.0542603
0.0782623
-0.0272369
-0.0194092
0.282379

[22]
0.160934
-0.580017
-1.21605
0.159775
-0.609009
-0.660187
-0.296967
-0.387497
0.0874786
-0.072525
-0.0306854
0.0217438
-0.0303345
-0.0899353
-0.0645447
-0.0690765
-0.04216
-0.0214233
-0.126282
-0.172638
-0.195404
0.00216675
0.271912
0.388138
0.391006
0.0228271
1.42805
0.712601
-0.320724
-0.00460815
-0.416779
0.103775
-0.0954742
0.247025
0.127258
-0.00869751
-0.232773
-0.0900269
0.12674
0.153732
0.0488281
0.00300598
0.00898743
0.00938416
0.00221252
0.0774536
0.0833435
0.10907
-0.0597992
0.123657

[23]
0.213318
-0.0623627
-0.623688
-0.98793
-0.408691
-0.812393
-0.711411
-0.294205
-0.0374908
0.328049
-0.02948
-0.0516357
0.0322418
-0.032196
-0.0260925
-0.0140381
0.0502625
0.0493927
0.0511932
-0.0372772
0.0256042
0.0119324
0.272705
0.356064
0.613434
0.399841
0.434097
-0.0346985
1.07039
-0.258896
0.363739
-0.0989075
0.159546
-0.175781
0.026123
0.0890045
0.0605469
-0.0108643
-0.131973
-0.00495911
0.0389252
0.0727386
0.0410614
0.0289001
0.0608673
0.061554
-0.0882721
-0.11644
0.0512848
0.0439453

