[1]
-1.91483
-1.91483
1.80821
-0.219574
-0.0605621
0.0734253
0.0574493
-0.00509644
-0.141983
0.000656128
0.128143
0.213333
0.182571
0.142883
0.108841
0.122375
0.217194
0.311844
0.239716
0.228439
0.280441
0.243073
0.19281
0.200378
0.223251
0.246185
0.263885
0.287491
0.29686
0.284134
0.211761
0.295471
0.393265
0.427917
0.596985
1.00281
1.47565
1.45042
1.01604
0.910995
0.523666
0.0681915
0.610229
0.779617
1.29189
1.08528
0.778351
0.674805
0.449951
0.399612

[2]
0.502808
0.404816
0.24263
-0.284363
-0.725403
-1.13651
-1.60321
-1.90292
-2.26643
-1.65654
-0.853302
1.86133
-0.453644
-0.205505
0.109268
-0.323685
-0.028183
0.146988
0.219513
0.20813
0.212753
0.219376
0.283676
0.288483
0.272034
0.252747
0.247772
0.20549
0.183807
0.220291
0.267288
0.290375
0.310287
0.219238
0.300232
0.386642
0.268723
0.280487
0.319885
0.441391
0.422607
0.520111
0.494919
0.952698
1.49153
1.6133
1.0401
1.06746
0.449234
0.0971222

[3]
0.368484
0.982681
1.24364
1.08189
0.723969
0.589584
0.562363
0.626968
0.689209
0.511429
0.187225
-0.198669
-0.518356
-0.986313
-1.53059
-2.28018
-2.27296
-1.57416
1.79723
-0.0907288
-0.27713
-0.202988
-0.272858
-0.00872803
0.00447083
0.1315
0.266464
0.36412
0.188766
0.195724
0.26033
0.29483
0.274719
0.186111
0.2099
0.182312
0.219299
0.239395
0.260468
0.229492
0.194504
0.272705
0.350143
0.359726
0.379898
0.386795
0.439194
0.455551
0.399368
1.14474

[4]
2.07806
1.47867
0.920013
0.807617
0.0385437
0.510605
0.712921
1.16296
1.22253
0.871216
0.702301
0.614288
0.668854
0.603256
0.508789
0.118011
-0.240707
-0.671844
-1.33192
-2.12238
-2.2702
-2.27174
-1.96222
-1.24016
1.86351
0.319275
-0.358612
-0.199265
-0.59964
0.157974
-0.170166
0.0384216
0.323395
0.248718
0.237717
0.214005
0.289993
0.331085
0.312317
0.212158
0.191391
0.191299
0.178009
0.191879
0.225433
0.209763
0.21228
0.226608
0.286499
0.360672

[5]
0.378845
0.398727
0.430298
0.513504
0.615433
1.53815
1.78241
1.18707
1.06509
1.24458
0.319214
0.325623
0.759598
1.18733
1.06781
0.761398
0.745529
0.467178
0.696777
0.70163
0.590546
0.213562
-0.206299
-0.749161
-1.63739
-2.27626
-2.31633
-2.32137
-1.98256
-1.00424
1.33649
1.36682
-0.778793
0.0133209
-0.55687
-0.00944519
0.00907898
-0.148743
0.139404
0.179291
0.240173
0.214127
0.0933685
0.0935974
0.170792
0.215942
0.252991
0.267227
0.220886
0.158798

[6]
0.215103
0.227112
0.213272
0.252625
0.268158
0.306656
0.345596
0.408356
0.549393
0.543594
1.37366
1.83452
0.96376
1.14961
0.908188
0.0840912
0.60025
0.949814
1.27443
1.11205
0.667999
0.574615
0.321213
0.534958
0.479706
0.38501
0.200577
-0.0964813
-0.647034
-1.36272
-2.11728
-2.37537
-2.38582
-2.17046
0.1521
0.590179
-1.5175
0.0697632
-0.503265
-0.417358
-0.17572
-0.00666809
0.0795135
0.12706
0.122711
0.144882
0.121887
0.202042
0.193848
0.0979156

[7]
0.025238
0.0939789
0.105103
0.106262
0.0875244
0.144043
0.183594
0.233917
0.242874
0.257141
0.3013
0.412369
0.538452
0.641342
1.71683
1.91066
0.8311
1.48601
0.347473
-0.172913
0.0644531
1.04733
1.0264
1.002
0.565887
0.459641
0.407227
0.501358
0.420944
0.315018
-0.0088501
-0.40831
-1.04622
-2.08611
-2.44907
-2.47313
-2.46364
-1.28197
1.6331
-1.21819
-0.948959
-0.860336
-0.116272
-0.226654
-0.131332
0.0259094
0.098877
0.190201
0.261017
0.236099

[8]
0.236008
0.198898
0.189682
0.140747
0.162048
0.0947723
0.184143
0.13942
0.143188
0.145813
0.221649
0.33754
0.327271
0.386887
0.423965
0.473038
0.696472
2.04982
1.72804
1.10173
1.32344
0.666916
-0.139038
0.274796
0.902252
1.26826
1.1082
0.695663
0.495453
0.501343
0.637848
0.481781
0.337357
0.0426025
-0.62735
-1.45012
-2.1631
-2.42729
-2.44572
-2.23703
-1.77477
1.66631
0.146713
-0.71225
-0.3349
-0.456116
-0.243744
-0.21788
-0.185333
0.088974

[9]
0.110977
0.203659
0.168915
0.0941925
0.119034
0.190277
0.105286
0.0518036
0.0572052
0.111816
0.0894318
0.119293
0.215363
0.317673
0.353897
0.335083
0.383713
0.496414
0.579712
0.928192
1.98805
2.06227
1.59135
1.61662
0.370056
-0.342987
0.633133
1.01674
1.25229
0.995316
0.582397
0.427658
0.390717
0.32988
0.0637665
-0.215073
-0.900162
-1.85722
-2.3484
-2.22102
-2.39198
-2.28183
-1.47679
1.64095
1.70589
-1.10341
-0.347321
-0.664993
-0.27594
-0.220474

[10]
-0.389862
0.0687256
0.0397797
0.231323
0.276657
0.204926
0.105804
0.183151
0.190598
0.129517
0.0159607
0.0544434
0.159348
0.197037
0.23056
0.275223
0.234283
0.302231
0.361389
0.466492
0.557892
0.541718
1.5834
1.8812
1.62535
1.24582
0.594116
-0.605957
0.842834
0.699829
1.32434
0.988785
0.672089
0.512619
0.389374
0.45874
0.383102
0.141678
-0.13736
-0.729828
-1.41437
-2.01674
-2.39008
-2.40823
-2.39
-1.20251
1.70592
-1.20892
0.161392
-0.801682

[11]
-0.0556641
-0.32634
-0.258362
0.0991516
0.0312195
0.132721
0.122208
0.0570221
0.0531006
0.183884
0.183899
0.117493
0.128418
0.109787
0.0909576
0.11821
0.146561
0.123444
0.241119
0.293716
0.300674
0.289169
0.349136
0.396057
0.523636
0.73848
2.23988
1.51759
0.848846
1.37108
0.282669
-0.263702
0.324829
0.819077
1.12605
1.05971
0.551849
0.396164
0.542236
0.46048
0.406525
0.118286
-0.194443
-0.533737
-1.26234
-2.17656
-2.41682
-2.43408
-2.41786
-1.89917

[12]
1.67381
-0.25708
-0.832733
-0.543823
-0.153778
-0.33522
-0.26123
-0.0483551
0.062912
0.124634
0.22937
0.245956
0.130661
0.117523
0.160019
-0.00715637
0.0742798
0.0645599
0.134537
0.0764771
0.0389099
0.13559
0.284088
0.282639
0.212021
0.334259
0.334793
0.35939
0.467102
0.802338
2.0303
1.55482
1.03964
1.31174
0.433792
-0.0390472
0.408783
0.850204
1.16846
0.895996
0.592957
0.527069
0.572876
0.538925
0.456161
0.188522
-0.200104
-0.618896
-1.40408
-2.14688

[13]
-2.433
-2.45213
-2.41202
-1.31842
1.64183
-1.15901
-0.568832
-0.0134583
-0.213165
-0.384399
-0.232681
0.0236511
0.035141
0.109039
0.057373
0.08638
0.126175
0.209564
0.152115
0.12352
0.0455627
0.0666504
0.0565338
0.110519
0.108231
0.103287
0.202667
0.261932
0.269531
0.270325
0.288818
0.374084
0.390686
1.11057
1.9969
1.46446
1.09059
1.28767
0.707321
-0.665543
0.619827
0.846222
1.15665
0.957916
0.758728
0.531128
0.518234
0.432892
0.287842
0.0577698

[14]
-0.224319
-0.777954
-1.68112
-2.39659
-2.43863
-2.44669
-2.31682
-0.421677
1.64542
-1.77509
-0.0690002
-0.922226
-0.227432
-0.364227
-0.178497
0.00975037
0.0738831
0.154984
0.193985
0.271378
0.135437
0.0565186
0.0371246
0.0800629
0.0357819
0.0709839
0.0465546
0.0953369
0.140869
0.146133
0.247864
0.304169
0.318344
0.398407
0.51506
0.703568
2.08777
1.70844
0.99675
0.861908
0.00654602
0.105759
0.767609
1.03403
1.05977
0.729767
0.574707
0.639542
0.567932
0.449646

[15]
0.387238
-0.0675812
-0.24498
-0.913239
-1.5574
-2.40601
-2.47569
-2.48712
-2.45958
0.455612
1.08012
-1.62189
-0.0980682
-0.81694
-0.369049
-0.544388
-0.157074
0.0274048
0.0588989
-0.0196228
-0.0265961
0.0889893
0.125687
0.150604
0.0316772
-0.05336
-0.0514069
0.0103302
-0.00402832
0.00613403
0.0321503
0.0646667
0.188736
0.193466
0.199112
0.277863
0.373703
0.248627
0.884094
2.17624
1.46886
1.07385
1.12927
-0.0671997
-0.186523
0.413818
0.721573
1.06305
0.898468
0.474609

[16]
0.407288
0.31842
0.249741
0.188004
-0.188461
-0.416824
-1.25911
-2.11165
-2.43376
-2.46046
-2.35228
-2.17915
-0.90506
1.68834
0.624069
-1.34718
-0.454422
-0.829147
-0.296692
-0.320236
0.00505066
-0.0344849
0.116608
0.047699
-0.0450745
0.02034
0.0791473
0.0382843
0.0426331
0.0541077
0.0704041
0.084259
0.0175781
0.0862579
0.171494
0.250336
0.217789
0.26857
0.329422
0.403473
1.0197
2.10223
1.41013
0.924118
1.12213
0.66478
-0.482391
0.379715
0.803635
1.12119

[17]
0.888351
0.561829
0.471329
0.47995
0.432892
0.295868
0.0119324
-0.281113
-0.975632
-1.89479
-2.45589
-2.4976
-2.50095
-1.84306
-1.20053
1.62952
-1.02197
-0.0266418
-0.865204
-0.295471
-0.354202
-0.311813
-0.0545502
0.0182037
0.0480804
0.0336151
0.0107422
0.0940247
0.104263
0.0976257
0.0947418
0.113678
0.0270844
-0.00840759
0.0181427
0.12059
0.182495
0.185669
0.183823
0.265335
0.261322
0.308914
0.240356
0.649429
2.16824
1.36026
1.10858
1.02864
0.378189
-0.238358

[18]
0.186996
0.835999
1.02281
0.866257
0.57019
0.343475
0.28656
0.289444
0.251862
0.0765533
-0.159378
-0.629196
-1.30728
-2.12344
-2.46974
-2.48558
-2.004
-2.33249
1.60939
0.123657
-1.29979
-0.101624
-0.628723
-0.329132
-0.436539
-0.155533
-0.112671
-0.00772095
0.0599518
0.0284271
-0.0417633
0.0339661
0.0404053
0.045639
0.0724487
0.0273895
0.021759
0.00558472
0.00534058
-0.00926208
0.0744019
0.161667
0.179062
0.161377
0.256195
0.28302
0.287903
0.784592
1.82834
1.38023

[19]
1.13139
1.06981
0.25293
-0.0776062
0.337997
0.914886
0.971207
0.718628
0.476303
0.454376
0.514832
0.464859
0.380661
0.216721
-0.155182
-0.731079
-1.52135
-2.41882
-2.53632
-2.54863
-2.52438
-1.59299
1.56104
-1.55006
-0.597321
-0.833069
-0.730072
-0.346542
-0.368378
0.00325012
-0.150513
-0.0400696
0.0988464
-0.118042
-0.00146484
0.0288239
0.000228882
-0.0647278
-0.0555573
0.0153198
-0.0243378
-0.0190735
0.0258179
0.146423
0.151016
0.144516
0.209335
0.259354
0.347839
0.498016

[20]
0.911011
1.87889
1.1348
0.712494
0.802292
0.0738373
-0.00338745
0.594025
0.969986
1.11293
0.651764
0.456024
0.306808
0.301285
0.232758
0.164703
-0.012207
-0.28891
-0.58432
-1.12993
-1.96768
-2.49541
-2.4615
-2.2942
-1.84332
0.360123
1.40025
-1.35945
-0.756348
-0.866333
-0.411118
-0.363846
-0.288376
0.0464783
-0.0507507
-0.00196838
-0.0704346
-0.117935
0.00613403
0.0615845
0.0428619
-0.0194092
-0.0283508
-0.00349426
-0.00720215
0.0163574
-0.0103455
0.0639496
0.144669
0.163666

[21]
0.174118
0.220459
0.324188
0.371155
0.321609
1.55951
1.68109
1.15359
0.788254
0.362595
-0.448334
0.636993
0.37233
1.20972
0.930664
0.584747
0.393112
0.369278
0.449738
0.254654
-0.0101929
-0.204056
-0.58046
-1.01277
-1.70911
-2.01387
-2.192
-2.53078
-2.28162
-0.909409
1.5826
0.143478
-0.579269
-0.220718
-0.48793
-0.384506
-0.155823
-0.333328
-0.216064
0.00556946
0.115753
0.115494
0.0771484
-0.0254059
-0.00241089
0.0603333
-0.012558
-0.00253296
0.0445557
0.056427

[22]
-0.0333252
0.00868225
0.0553894
0.0851593
0.104477
0.154007
0.222061
0.264023
0.365814
0.487885
0.510895
1.6003
1.77014
1.105
1.03757
-0.125351
-0.145905
0.433319
0.967438
1.1012
0.792633
0.548737
0.39151
0.421249
0.445145
0.310638
0.0688324
-0.259323
-0.541855
-1.22153
-2.12808
-2.47871
-2.50262
-2.49265
-1.93459
-0.098587
1.61375
-1.75821
0.0748138
-0.570572
-0.404144
-0.361496
-0.420776
-0.0696411
-0.0590973
0.0440216
0.0485382
-0.0290527
0.0811005
0.0207214

[23]
0.00158691
-0.000213623
-0.0136108
0.0207214
0.0352936
0.0115662
0.0792084
0.102905
0.177612
0.169144
0.18692
0.222366
0.273666
0.376541
0.80394
1.8855
1.69487
0.83493
1.19833
0.516388
-0.52655
0.317078
0.579803
1.0934
0.963867
0.601974
0.394485
0.278732
0.190399
0.17041
0.00785828
-0.207672
-0.711853
-1.54004
-2.29393
-2.38173
-2.51208
-2.4948
-1.21823
1.57419
0.193161
-1.58044
-0.35994
-0.674072
-0.389771
-0.298325
-0.451904
-0.126938
-0.119278
0.0645599

[24]
-0.00584412
-0.0149689
-0.0246124
0.0244751
0.120087
0.0411835
-0.0144653
-0.00576782
0.0578918
-0.0913239
-0.0103455
-0.0301666
0.0941467
0.111206
0.184937
0.25351
0.281158
0.503662
0.470001
1.35677
1.74605
0.58342
1.47406
0.26152
-0.454025
0.867889
0.675186
1.23366
0.994476
0.567398
0.348206
0.343948
0.40799
0.329697
0.114517
-0.20015
-0.632736
-1.48454
-2.33597
-2.51126
-2.53127
-2.51337
-2.10905
1.56071
-0.621185
-1.03809
-0.500366
-0.496552
-0.378204
-0.349869

[25]
-0.366653
-0.106201
0.00350952
0.0619659
0.0399933
-0.056366
0.0691833
0.160263
0.012619
-0.089325
-0.0959015
-0.000183105
-0.0480499
-0.0311584
-0.0164032
0.127197
0.237244
0.246246
0.334244
0.353073
0.502747
0.440628
1.68225
1.51631
1.34003
0.549515
0.415588
-0.581451
0.63855
0.750565
1.1801
0.779053
0.574799
0.440567
0.286087
0.266983
0.256836
0.111267
-0.14444
-0.527695
-1.28049
-2.01263
-2.4435
-2.3988
-2.16872
-2.19553
-0.15715
1.62286
-1.46487
0.0473785

[26]
-0.537674
-0.29483
-0.400787
-0.436996
-0.0723267
-0.0406952
0.130524
0.100327
0.0530243
0.0330505
0.0410767
-0.0058136
0.0262299
-0.0138855
0.0470276
0.0148621
0.0105286
0.115814
0.134888
0.135269
0.0823059
0.143326
0.234207
0.282425
0.33609
1.01573
1.53453
1.64676
1.00119
1.1194
0.316727
-0.36676
0.36586
0.900253
1.22404
0.802124
0.449615
0.386932
0.44281
0.360504
0.397385
-0.0226593
-0.458649
-1.00517
-1.84534
-2.45558
-2.48851
-2.48549
-2.26585
-1.10762

[27]
1.60699
-1.07265
-0.414688
-0.995102
-0.346405
-0.400269
-0.389282
-0.0784149
-0.0362091
0.0954437
-0.0390778
0.0879059
0.0814819
0.0443878
0.00798035
0.015686
-0.0663147
-0.0791779
0.00737
0.000137329
0.0962372
0.167267
0.2034
0.285553
0.347961
0.281631
0.594101
1.36754
1.66713
1.67552
0.727341
0.0444489
-0.776169
0.158157
0.81311
1.28404
0.783401
0.492783
0.349747
0.375763
0.24675
0.140869
-0.347183
-0.98233
-1.51332
-1.88191
-2.26137
-2.1427
-1.82315
-1.66948

