[1]
-0.492188
-0.0993195
-0.118225
-0.113846
0.00318909
0.112411
0.15593
0.255463
0.330765
0.407181
0.509659
1.80635
0.763824
1.10155
1.0121
0.0570526
-0.76564
0.235153
0.613983
0.780334
0.765244
0.501923
0.191635
0.106903
-0.00767517
-0.102905
0.0148773
-0.12999
-0.518204
-1.03282
-1.48396
-2.12842
-2.14328
-2.61502
-2.59908
-1.84868
1.23767
1.46767
-1.38005
-0.423111
-0.608963
-0.875992
-0.429092
-0.469467
-0.321182
-0.162354
0.0175934
-0.0634613
-0.197769
-0.0263519

[2]
0.00410461
0.0643158
0.0418549
-0.0136414
-0.0859528
-0.075943
0.0223236
-0.0254364
0.0866241
0.170914
0.0927124
0.180878
0.280182
0.37767
0.75827
1.51195
1.05402
1.1638
1.13507
1.09901
-0.1978
-0.540771
0.397141
0.750061
0.906052
0.736557
0.393158
0.257553
0.169144
0.0789185
0.0131836
-0.0270538
-0.335861
-0.715469
-1.29436
-2.15318
-2.26004
-2.59938
-2.57843
-0.957489
1.5271
0.121521
-0.693527
-0.159653
-0.829208
-0.795593
-0.273209
-0.23053
-0.00720215
0.0449829

[3]
0.0964355
-0.067215
-0.0821228
-0.010025
0.0540924
0.0930939
0.110184
0.0666809
0.01474
-0.00997925
0.156235
0.0839844
0.143356
0.248474
0.331024
0.326431
0.478378
0.426468
1.55139
1.83057
1.06873
1.08875
0.875183
-0.284042
-0.581436
0.67276
1.0139
0.922714
0.799484
0.505127
0.317261
0.265869
0.120422
0.0825806
-0.0535431
-0.441833
-0.704697
-1.05013
-2.0789
-2.5309
-2.54677
-2.52771
-2.39986
1.56459
-0.369324
-1.25185
0.131149
-1.00972
-0.375961
-0.470383

[4]
0.0979767
0.203659
0.0227661
-0.101974
-0.112762
0.105911
0.112152
0.0366516
0.0508423
0.119125
0.150406
0.059906
0.0806885
0.127701
0.233826
0.233429
0.294907
0.410919
0.518707
0.627853
1.02124
1.97961
1.0038
0.988907
1.285
-0.244766
-0.795792
0.572021
0.627808
0.880798
0.995621
0.664459
0.292877
0.265671
0.139252
-0.0298309
-0.0903931
-0.252975
-0.591949
-1.18504
-1.98109
-2.38138
-2.59451
-2.57578
-1.77795
1.49583
0.410599
-1.20146
-0.323669
-1.17735

[5]
-0.776764
-0.357269
0.190155
-0.0882568
-0.0556641
-0.0509338
-0.220856
-0.00448608
0.00898743
-0.026886
-0.0136719
0.0608215
0.0767365
0.0553894
0.102661
0.0662079
0.220703
0.208939
0.272736
0.351761
0.543655
0.571014
1.6586
1.44505
1.14061
1.33342
0.751709
-0.299026
0.267776
0.741867
0.945129
0.778122
0.623337
0.307007
0.255341
0.203857
0.0585938
0.0259094
-0.191284
-0.556
-0.863998
-1.52455
-2.42395
-2.60904
-2.61128
-2.13049
0.878708
1.48079
-1.68336
-0.165359

[6]
-1.27763
-0.82135
-0.450745
-0.0339661
-0.110229
0.00671387
0.0107269
-0.137436
0.0868073
0.16153
0.0345306
-0.0615387
-0.0351868
-0.0453796
-0.0420227
-0.00904846
0.0970459
0.120712
0.187408
0.161255
0.299438
0.439804
0.449326
0.861206
2.12927
1.29794
0.868546
1.22499
0.12825
-0.680679
0.243744
0.695114
0.815308
0.774261
0.606201
0.315994
0.190155
0.0771027
0.0205383
-0.0668182
-0.396606
-0.686584
-0.936371
-1.9118
-2.5947
-2.61937
-2.60381
-1.88408
1.49335
0.847137

[7]
-1.62509
-0.177826
-1.11166
-0.488327
-0.530838
-0.0526123
0.0257721
0.0121155
0.0792236
-0.147415
0.0711365
-0.0380096
0.0442963
-0.0598755
-0.0215149
-0.0422668
0.00764465
-0.0356293
0.146133
0.162277
0.199677
0.209854
0.303833
0.370346
0.432327
0.825668
1.87486
1.32785
1.04424
1.17465
0.612427
-0.543289
-0.106644
0.520294
0.896454
0.870544
0.650864
0.265182
0.217087
0.122818
0.0588989
0.0299988
0.00216675
-0.267136
-0.796677
-1.44157
-2.38278
-2.60956
-2.61583
-2.57913

[8]
0.16922
1.50859
0.127335
-0.983948
-0.369186
-1.05571
-0.771545
-0.293869
0.0833893
-0.148117
-0.124176
-0.134491
-0.172058
-0.0196075
0.15416
0.175232
0.15033
0.00115967
-0.061554
-0.0473938
0.00222778
0.144775
0.250717
0.13855
0.192612
0.245392
0.33606
0.392853
0.460251
1.79868
1.68361
1.00246
1.0177
0.98851
-0.651733
-0.372787
0.620087
0.938797
0.883133
0.809631
0.399994
0.239624
0.167465
0.108322
0.0836487
-0.121094
-0.329666
-0.547607
-1.15108
-2.11441

[9]
-2.59573
-2.61069
-2.33206
-0.335388
1.49892
-0.804794
-1.18129
-0.478821
-1.26999
-0.371628
-0.462433
-0.111465
-0.0310211
0.0749512
-0.0647888
0.0642395
0.0479126
0.0384369
-0.0688477
-0.124908
-0.0782166
-0.10434
-0.0137787
0.0624084
0.0999603
0.130264
0.10759
0.154129
0.309555
0.389862
0.544052
1.62427
1.63454
1.04337
0.943176
0.867737
-0.431137
-0.157318
0.749557
0.922058
0.780792
0.658203
0.444992
0.29512
0.151733
0.0276947
-0.0699158
-0.234451
-0.500107
-0.776993

[10]
-1.56245
-2.36644
-2.38307
-2.61674
-2.59
-0.690918
1.51117
-0.447861
-0.905579
-0.345139
-0.929443
-0.353165
-0.384674
0.047226
-0.0186768
0.169357
0.150528
0.0370178
0.0931854
0.00325012
0.00279236
-0.115082
-0.0576782
0.0221252
0.0830841
0.0449371
0.237152
0.13356
0.277313
0.283844
0.435532
0.441452
0.823441
2.09801
1.28183
1.28761
1.04306
-0.438004
-0.750061
0.636337
1.03514
0.908875
0.776047
0.464569
0.26915
0.235733
0.15509
0.0875549
0.0329285
-0.286057

[11]
-0.575516
-0.910385
-1.7411
-2.35535
-2.59528
-2.58119
-1.73953
1.49759
1.42935
-1.18959
-0.380035
-0.791351
-0.927185
-0.309357
-0.375092
-0.103134
-0.0431671
0.19809
0.140579
0.0785675
0.117783
0.0237274
0.0323486
-0.0140533
0.00967407
-0.00344849
0.0430908
0.116989
0.136703
0.143799
0.247803
0.264221
0.382828
0.521973
0.646194
2.10864
1.24144
1.19804
1.27948
0.165436
-0.667603
0.483551
0.746796
0.937317
0.944412
0.535675
0.190018
0.139877
0.135254
0.110306

[12]
0.0483704
-0.223618
-0.68541
-1.08304
-1.81
-2.51671
-2.56854
-2.55713
-2.31868
1.53001
-0.549789
-1.08629
-0.15654
-1.10353
-0.394745
-0.526321
0.0201721
0.0294495
0.107285
0.0866852
0.0701599
0.0795746
0.154572
0.128052
-0.0917969
-0.0244904
0.000610352
0.0770264
-0.0264893
0.0604401
0.238388
0.183273
0.254959
0.413559
0.393036
0.409973
1.4577
2.02298
1.26112
1.26959
1.15376
-0.198471
-0.836304
0.503799
0.79744
0.941391
0.933121
0.595795
0.318619
0.226837

[13]
0.118881
0.0576477
0.091095
-0.100906
-0.569183
-1.04079
-2.05716
-2.59305
-2.61089
-2.57945
-0.068634
1.54314
1.39334
-1.07057
-0.368683
-1.22502
-0.872757
-0.390091
-0.233002
-0.0562439
0.114182
0.242371
-0.0694275
0.142929
0.182037
0.136688
0.00297546
-0.0432434
0.0423279
0.0658264
0.138153
0.122314
0.274475
0.124557
0.256622
0.349258
0.431946
0.520325
0.898056
2.14145
1.1459
1.06642
1.06757
-0.0235291
-0.560669
0.524643
0.7043
0.792877
0.865097
0.579147

[14]
0.234543
0.199326
0.0992584
-0.017746
-0.0806122
-0.307892
-0.581787
-0.976059
-1.73512
-2.56836
-2.58954
-2.57584
-2.24184
1.51744
1.51982
-1.74168
-0.395966
-0.86058
-1.00085
-0.461472
-0.0709534
0.000701904
0.10379
0.0558319
-0.0446472
0.0329895
0.168671
0.124207
0.00253296
-0.0101929
0.0334778
0.00949097
0.135437
0.0729065
0.168701
0.246262
0.296738
0.35054
0.539597
0.551407
0.982925
1.92003
1.11113
1.20369
0.769531
-0.298782
0.178802
1.04202
0.994965
0.647919

[15]
0.52594
0.289917
0.309753
0.277054
0.268906
0.221054
0.042099
-0.293198
-0.548431
-1.0929
-1.95139
-2.54022
-2.58684
-2.5737
-2.52463
1.52885
-0.12146
-1.14894
-0.187729
-1.6702
-0.452957
-0.278168
0.095993
-0.0271912
0.036972
-0.197449
0.0904236
0.0279999
0.130646
0.0470276
0.0017395
0.0285034
-0.0710297
-0.02388
0.0674591
0.118134
0.163971
0.220032
0.207077
0.245529
0.334579
0.404327
1.17641
1.92894
1.29198
1.1268
1.02827
-0.150864
-0.653305
0.535828

[16]
0.919281
0.811569
0.78067
0.562271
0.347809
0.243195
0.153076
0.0688171
-0.203979
-0.424133
-0.561584
-1.10559
-2.13492
-2.56641
-2.58972
-2.57265
-2.13184
1.52087
-0.686356
-0.99292
-0.211777
-0.998703
-0.240463
-0.449005
0.078064
0.0748291
0.0671539
0.0160522
-0.003479
0.142029
0.0848389
0.101517
-0.0162201
0.0410004
-0.0233154
-0.0078125
0.0337219
0.237122
0.158432
0.207535
0.251434
0.381561
0.439514
0.519562
1.33595
2.1311
1.1188
1.04279
0.959137
-0.328278

[17]
-0.38002
0.735306
1.06552
0.827423
0.818817
0.455765
0.285019
0.227768
0.180801
0.122879
-0.1427
-0.507538
-0.681381
-1.20729
-1.96358
-2.58165
-2.59644
-2.53293
-0.159195
1.51534
-0.89978
-0.823273
-1.01091
-0.87648
-0.235764
-0.242126
0.0784912
-0.0783691
0.0301208
-0.0058136
0.119446
0.227463
0.167404
0.0371094
-0.0461273
0.0223846
0.000656128
0.024292
0.0671692
0.131561
0.255188
0.170151
0.316559
0.419907
0.372314
0.399231
1.18996
1.88734
1.3286
1.3566

[18]
1.20142
0.0390167
-0.835709
0.532898
0.940765
0.940491
0.782379
0.434662
0.225128
0.249207
0.123688
0.0744781
0.0313568
-0.328613
-0.878983
-1.32249
-2.22673
-2.52705
-2.53642
-2.50835
-1.25015
1.06873
1.57423
-1.56268
-0.324127
-0.696838
-0.657974
-0.328079
-0.0170746
-0.0836334
0.0480652
0.0811615
-0.177063
-0.0154266
0.09729
0.0725403
0.0858002
0.0274811
-0.0120239
0.00942993
0.0675354
0.157059
0.268387
0.240158
0.355072
0.402451
0.568741
0.94101
1.83908
1.38542

[19]
1.4431
1.3732
-0.16571
-1.02954
0.310928
0.889893
1.05107
0.900726
0.631775
0.309586
0.228622
0.226044
0.151001
0.0293732
-0.355392
-0.447754
-0.910461
-1.84262
-2.5248
-2.55376
-2.54616
-2.291
1.54643
-0.273224
-0.883179
-0.198288
-1.49075
-0.338364
-0.358841
0.0756073
-0.0471954
0.165222
0.126816
0.099411
0.0970612
0.148193
0.0388184
-0.120346
-0.0165253
0.0677795
0.0678253
0.0355835
0.17572
0.191406
0.218369
0.237686
0.325241
0.414352
0.718506
1.77611

[20]
1.42415
1.33211
1.17738
0.737473
-0.315323
0.280945
0.856064
0.902817
0.811066
0.649292
0.297928
0.25145
0.197144
0.103241
0.0392761
-0.291733
-0.627548
-1.11166
-1.95056
-2.46321
-2.58081
-2.57123
-2.06352
0.532959
1.53377
-1.37791
-0.384155
-0.956192
-0.978561
-0.225906
-0.101166
-0.00523376
0.111542
0.134064
-0.10672
0.0617828
-0.0511322
0.1306
-0.019516
0.00138855
-0.00946045
0.0298309
0.0834503
0.2556
0.187103
0.218231
0.268234
0.353226
0.398392
0.909012

[21]
1.75172
1.62711
1.33275
1.20259
0.630875
-1.09955
0.749298
1.04462
0.776733
0.623856
0.498993
0.270966
0.274689
0.13739
-0.0621033
-0.243057
-0.633972
-1.0051
-1.76367
-2.60037
-2.63364
-2.63246
-2.5956
-1.30557
1.51431
0.733521
-1.91356
-0.619751
-0.949478
-0.515808
-0.370041
-0.0537262
-0.0159302
0.0428009
0.0371857
-0.142471
0.0190582
-0.0458221
0.0087738
-0.0754242
-0.0767059
0.00640869
0.0080719
0.0374146
0.211914
0.218658
0.250763
0.248779
0.33754
0.423935

[22]
0.710388
1.74094
1.40402
1.4978
0.997055
0.283615
-1.1107
0.564545
1.12331
0.947281
0.699722
0.452072
0.219833
0.274506
0.230087
0.170837
0.0591736
-0.362579
-0.590866
-1.23155
-2.14204
-2.30244
-2.62535
-2.61482
-2.17389
-0.128799
1.51643
-1.51216
-0.794815
-0.788834
-0.971115
-0.525436
-0.267563
-0.0379486
0.100983
0.0672302
-0.0582123
-0.00730896
-0.0569458
0.115997
0.118317
0.00941467
0.0213776
0.0195312
0.00526428
0.0811615
0.110657
0.189194
0.191711
0.353531

