[0]
0.56456
0.083313
0.0412598
0.0978699
0.118652
0.113144
-0.0163269
-0.116989
0.15657
0.181305
-0.135391
-0.657425
-0.877319
-1.60899
-0.514786
-0.911179
-0.708908
0.200851
0.13063
-0.266312
-0.37088
-0.242264
-0.199814
-0.0149841
0.102386
0.14537
0.192535
0.227234
0.270447
0.327057
0.513748
0.813309
0.79184
1.19533
1.45477
1.79172
0.218185
0.728394
1.19971
0.588226
0.0106964
0.0428925
0.277283
0.158752
0.0121613
0.0745239
0.0223389
-0.00964355
-0.0948792
-0.0834351

[1]
0.01828
0.118179
0.167496
0.0942078
0.0274658
0.0259857
-0.018219
0.00062561
-0.0191956
-0.148621
0.0802765
0.0957489
-0.367096
-0.86882
-1.13016
-1.58253
-0.715668
-0.735062
-0.532593
-0.211807
-0.00344849
-0.372559
-0.620285
-0.335144
-0.26622
-0.0573425
0.0514984
0.126938
0.16098
0.204422
0.188263
0.499207
0.690018
0.838867
1.3801
1.66101
1.76746
0.400833
-0.0818176
1.31171
0.115433
0.283569
0.232086
0.305725
0.0160065
-0.133469
0.0581665
0.101028
-0.114563
-0.275467

[2]
-0.0900421
0.105179
0.2164
0.193497
0.0931854
0.0731964
-0.00737
0.020462
-0.0707092
-0.014389
-0.0988007
0.0688934
0.0129395
-0.36853
-0.662674
-1.89835
-0.727112
-1.00699
-1.32242
-0.497223
-0.273804
-0.222427
-0.454849
-0.360977
-0.323059
-0.229874
-0.152023
-0.0845642
-0.0386658
0.00892639
0.0433807
0.0506897
0.234802
0.401291
0.832779
0.984283
1.87013
1.21521
0.683212
0.776489
1.23531
0.00476074
0.14325
0.071228
0.32338
-0.138489
0.0342102
0.273758
0.0851288
-0.281662

[3]
-0.354141
-0.0720367
0.098526
0.22438
0.153381
0.0988159
0.0531006
0.0313416
-0.00520325
0.0117188
-0.0245819
-0.165039
0.0406189
-0.0870209
-0.58548
-1.12129
-1.80548
-1.04144
-1.24147
-0.678146
-0.258133
-0.40831
-0.314529
-0.189133
-0.23941
-0.144302
-0.0765076
0.00695801
0.0328979
0.0905914
0.131195
0.111862
0.446075
0.523102
0.667999
0.846466
1.95261
1.10811
0.0944214
0.0308838
0.930084
0.256882
0.193802
0.794525
0.17038
0.0687866
0.105804
-0.0161743
-0.140915
-0.146347

[4]
-0.096283
-0.00292969
0.022934
-0.0207977
0.000747681
0.0487976
0.0177307
0.0705872
0.00445557
-0.0359497
-0.118729
0.00502014
-0.0391693
-0.282639
-0.522141
-0.989929
-1.43954
-0.889816
-1.30814
-0.583481
-0.0815887
-0.399063
-0.428802
-0.327881
-0.237518
-0.248489
-0.174606
-0.132187
-0.0718842
0.00532532
0.0207062
0.105133
0.21991
0.470551
0.445251
0.865417
0.81665
1.81589
1.31436
-0.17746
0.759384
0.706116
-0.262589
0.573639
0.31723
0.234543
0.0178223
-0.0479126
-0.0490723
-0.123856

[5]
0.0633698
-0.00665283
0.0635376
0.0981293
-0.0458069
-0.110291
-0.0758057
0.0982208
0.0519257
0.0188751
-0.12851
-0.0441895
0.121262
-0.291519
-0.662277
-0.9077
-1.78299
-0.38652
-1.26176
-0.665924
0.152252
0.30574
-0.304855
-0.565201
-0.203903
-0.20224
-0.122223
-0.0362701
0.022995
0.062851
0.124878
0.12619
0.108063
0.381104
0.298218
0.68222
0.646896
1.74657
1.36671
0.278534
0.748001
1.0426
0.152756
0.163834
0.460648
-0.0297852
0.194336
0.190887
0.100632
-0.032959

[6]
0.0515747
-0.0995636
0.0224152
0.0358582
0.0929718
0.0262146
-0.0752563
0.0310211
0.136078
0.0254059
-0.0201263
-0.0782928
0.0397644
-0.0408783
-0.401764
-0.564423
-1.38454
-1.20111
-0.889542
-1.10449
-0.496918
-0.477295
-0.409012
-0.392212
-0.307159
-0.224533
-0.228577
-0.0985107
0.0122375
0.0565643
0.107849
0.144272
0.235474
0.485764
0.54303
0.326889
0.85025
1.79262
1.25032
0.575287
-0.41893
1.19856
0.518127
-0.0353088
0.352692
0.306015
0.105347
0.103195
0.0264435
0.0367279

[7]
-0.0814819
0.0201416
0.0144501
-0.0604706
-0.0314026
0.10112
0.0462494
-0.0359497
0.00639343
0.00164795
0.026001
-0.232971
0.0360107
0.16333
-0.107529
-0.547867
-0.93895
-1.89938
-0.397964
-0.844559
-0.885544
-0.121094
0.373901
-0.244019
-0.531326
-0.306183
-0.228119
-0.102036
-0.0133667
0.049881
0.103302
0.152267
0.127975
0.167847
0.258392
0.398666
0.612579
0.813797
1.60994
1.13887
-0.703491
1.33482
1.0312
-0.0163574
0.251663
0.37442
0.0892334
0.348938
0.106537
0.050705

[8]
0.0309143
-0.0381927
-0.186295
-0.216476
0.032196
0.201111
0.125854
-0.0332642
-0.114975
-0.0274506
-0.0119324
-0.0278168
-0.0760345
0.17691
0.037384
-0.387558
-0.760696
-1.92616
-1.4464
-0.786072
-1.0387
-0.306549
-0.340347
-0.0704803
-0.422409
-0.420715
-0.235443
-0.152206
-0.0324402
0.0243835
0.0595093
0.121475
0.154144
0.123444
0.15123
0.469116
0.293076
0.857147
1.28627
1.39619
1.30602
1.13892
0.936676
0.42749
-0.0447083
0.500458
-0.0529175
0.388443
0.0804443
0.00656128

[9]
-0.0012207
-0.0768433
-0.0217896
-0.052063
0.0293274
0.144257
0.133377
-0.119507
-0.0770111
0.0683289
0.00628662
0.0258331
-0.190872
-0.0168304
0.098053
-0.137085
-0.398682
-0.659134
-1.43443
-0.600311
-1.30373
-1.29141
-0.288498
-0.0788422
-0.236252
-0.476807
-0.315689
-0.150772
-0.0902405
-0.0171356
0.0293121
0.0786743
0.136642
0.16864
0.237488
0.251648
0.512772
0.66011
0.907379
1.59309
1.37733
0.969696
-1.28838
1.1006
1.14568
-0.186447
0.500626
0.39653
-0.206589
0.118561

[10]
0.111267
0.160538
-0.00558472
0.0100403
-0.104401
-0.0778961
-0.0247192
-0.0257568
-0.0191803
-0.00567627
0.153534
0.0331879
-0.0292358
-0.00746155
0.00576782
0.087677
-0.124481
-0.473282
-0.787689
-1.65378
-0.434235
-1.33936
-1.18158
-0.295792
-0.131546
-0.372452
-0.388168
-0.165588
-0.114044
-0.0777893
-0.00314331
0.0539398
0.117737
0.143936
0.166061
0.159515
0.431122
0.438675
0.663681
0.964005
1.85771
1.12025
-0.118042
0.168045
1.46869
0.0716248
0.52829
0.593979
0.0108795
0.0483398

[11]
0.0809174
0.120071
0.0434418
0.0220795
0.0205383
-0.0052948
0.0137482
0.078537
0.087677
0.00672913
-0.0234833
0.0363007
0.0293121
-0.00497437
-0.00428772
0.186447
-0.00598145
-0.307281
-0.628204
-1.94504
-0.731354
-1.0941
-1.46707
-0.348755
-0.414871
-0.450989
-0.483414
-0.173615
-0.190018
-0.179916
-0.0651855
0.0208893
0.0842285
0.13916
0.150833
0.175049
0.454346
0.540436
0.536743
0.645081
1.57378
1.31143
0.262024
-1.52513
1.28685
0.724609
0.0914764
0.319199
0.224945
0.00361633

[12]
0.138565
0.0969543
0.0234833
-0.156128
-0.0601501
-0.115021
0.018158
0.104004
0.0807343
0.0170135
0.00918579
0.0242462
0.0215454
-0.013504
-0.00761414
0.0687408
0.00343323
-0.291672
-0.479111
-1.79694
-0.703476
-0.783157
-1.6633
-0.509872
-0.54892
-0.2966
-0.456772
-0.320084
-0.256821
-0.222168
-0.154007
-0.113815
-0.0543976
0.0331268
0.0632324
0.0794067
0.256424
0.38092
0.434998
0.483597
1.26782
1.55995
1.00989
0.158493
1.10733
0.0587463
0.261856
0.638412
0.111786
0.210602

[13]
0.0977783
0.025177
-0.127197
-0.0966644
-0.0814667
-0.0535278
0.0113373
0.0157776
0.022522
-0.00161743
0.0263977
0.0979767
-0.00921631
-0.0284271
-0.182083
-0.0107269
0.107986
-0.21199
-0.515182
-1.11597
-1.38597
-1.01028
-1.42708
-0.745743
-0.375458
0.21405
-0.223251
-0.600983
-0.341431
-0.301117
-0.188263
-0.119095
-0.0726776
-0.0478821
0.076416
0.189651
0.418167
0.430313
0.945938
1.11568
1.6037
0.961426
0.148087
0.203964
1.07249
0.253311
0.00209045
0.583298
0.091629
0.0748291

[14]
0.0888672
0.0704498
0.00624084
-0.135834
-0.0309143
-0.119614
-0.113113
0.0105438
0.0239868
-0.0364838
-0.0522003
0.0173798
-0.0563507
-0.0808716
-0.0554199
0.00343323
0.0814972
-0.245956
-0.57486
-1.08162
-1.64383
-0.798676
-1.04204
-0.634033
0.142868
0.205704
-0.270126
-0.538025
-0.221909
-0.177048
-0.0704956
0.0100403
0.0655212
0.132004
0.191193
0.239456
0.409485
0.574631
0.394836
0.727295
1.37389
1.17953
0.476425
-0.0499725
0.655884
0.257019
0.58223
0.33316
0.241394
-0.0969086

[15]
0.122726
-0.0336761
-0.156799
-0.183716
-0.158188
-0.0812836
0.0495605
0.0594482
-0.0282593
-0.0392761
-0.006073
0.0309906
-0.0527802
-0.0758514
-0.0744476
-0.0159607
0.0624695
-0.250946
-0.558472
-1.11269
-1.72769
-0.78241
-1.04013
-0.451309
0.16069
0.24881
-0.265213
-0.472198
-0.364914
-0.27095
-0.191788
-0.0756683
0
0.0214539
0.0738831
0.125671
0.186081
0.511292
0.602356
0.624298
0.709381
1.90009
1.11176
-1.16383
0.380386
0.828094
-0.235992
0.220261
0.42218
0.131592

[16]
-0.0345154
-0.0198212
-0.171448
-0.122406
-0.0198212
-0.100845
-0.0303955
-0.0133972
-0.0572662
-0.0731812
-0.0641479
0.0820312
0.0608215
-0.0128784
-0.042099
-0.111435
-0.0188141
0.0210876
-0.199966
-0.38855
-1.1647
-1.47438
-0.760147
-1.2547
-0.95636
-0.0332489
0.0305023
-0.425247
-0.426895
-0.256134
-0.298431
-0.281158
-0.176666
-0.0699005
-0.0052948
0.0681152
0.107529
0.234665
0.453659
0.402618
0.9543
0.9095
1.64906
0.973267
-0.531174
0.566574
1.32635
-0.208511
0.306305
0.37886

[17]
-0.0593262
0.061142
0.0647888
-0.057312
-0.0665131
-0.107193
-0.0275269
0.0112305
0.0851288
0.0597076
-0.00183105
0.0101929
-0.0511017
-0.0203094
0.00462341
0.0132446
-0.0821381
-0.0288849
-0.0968475
-0.365021
-0.969543
-1.76454
-0.555542
-1.13535
-0.716614
-0.16629
-0.0186615
-0.482346
-0.43428
-0.224991
-0.228775
-0.205154
-0.0715942
0.028244
0.0993958
0.146301
0.238968
0.422302
0.582489
0.514236
0.705627
1.09026
1.67076
0.689972
-0.120453
0.250351
0.47319
0.518921
0.390701
0.246643

[18]
-0.0119171
0.110077
-0.0609131
-0.031723
-0.0545349
0.0270233
-0.013916
-0.0117798
0.0498047
-0.0322571
-0.0948029
0.0169983
0.0883636
-0.013092
-0.0295715
-0.147049
-0.0748138
0.224289
-0.0715179
-0.51828
-0.82782
-1.85187
-0.662933
-1.02042
-1.03897
-0.185349
0.0110626
-0.136597
-0.462234
-0.370667
-0.186295
-0.120178
-0.0113525
0.0501556
0.0801239
0.172302
0.262955
0.421906
0.659317
0.786118
0.892288
0.868866
1.86189
0.528229
-1.09518
0.291504
1.43704
-0.0376434
0.289886
0.506149

[19]
0.149704
-0.0457916
0.0515289
-0.0186615
-0.0447693
0.0297089
0.00688171
-0.0135498
-0.0213623
0.000167847
0.0106506
0.024765
0.0611267
0.0168915
0.00453186
-0.0894318
0.0541229
0.100967
0.0800018
-0.303665
-0.472458
-1.51491
-1.24277
-0.754227
-1.04242
-0.69812
0.121841
0.417542
-0.144501
-0.6035
-0.342102
-0.294907
-0.229385
-0.167496
-0.107529
-0.045166
0.0139618
0.0695343
0.112869
0.31813
0.499039
0.73851
0.956024
2.00932
1.2921
-0.120773
0.924393
1.31068
0.152252
0.296829

[20]
0.468079
-0.00999451
0.117355
0.146866
0.088089
0.0119629
-0.0984802
-0.0674591
-0.0320435
0.0301208
0.0827484
0.0183563
0.127914
0.145004
0.010025
0.0213776
0.0305481
-0.0232391
0.0209503
-0.137207
-0.35376
-0.571365
-1.62405
-0.351944
-1.0459
-1.52348
-0.700607
-0.190933
-0.0281525
-0.380127
-0.473785
-0.185654
-0.200073
-0.073288
0.00294495
0.0812683
0.0999146
0.223831
0.302307
0.54718
0.594788
0.582458
1.04796
1.62558
0.692062
0.247147
0.171844
1.03259
0.0713501
0.414368

