[1]
-0.00582886
-0.0629272
-0.0367432
-0.0539856
0.00596619
0.048172
0.060791
0.0249786
0.0745544
0.0820923
0.0414124
-0.164719
-0.163406
0.349716
0.342239
-0.0583344
-0.239136
0.196014
0.838272
0.162735
0.109634
-0.128143
-0.283737
-0.000732422
-0.131409
0.00218201
-0.0277863
-0.0328369
-0.0594025
-0.0709686
-0.0405579
0.0482025
0.0214233
-0.0531464
-0.0603485
-0.0455627
-0.0164032
-0.00337219
-0.0224762
-0.0792542
-0.0535583
0.0292664
0.069458
0.0606689
0.025177
0.0113678
-0.0204315
-0.0783844
-0.11911
-0.103287

[2]
-0.518021
-0.49147
0.00482178
-0.110565
-0.377869
-0.953201
-0.194107
-0.287064
0.0924683
-0.0683746
-0.0597229
-0.129456
-0.107376
-0.00338745
0.0416412
-0.0275574
-0.0487518
-0.0486603
0.100784
0.154999
0.0633545
-0.215363
-0.541595
-0.99826
-0.176422
0.715561
-0.408554
-0.383331
0.62233
0.780594
0.0340271
0.107971
-0.59996
-0.147995
0.00567627
-0.0621796
0.0354156
0.13678
0.0331726
-0.059967
-0.0618591
-0.0189972
0.12149
-0.0142822
-0.0435181
0.00926208
-0.00392151
-0.017807
0.0383911
-0.0135651

[3]
-0.0479279
-0.0065155
0.0158539
0.00323486
0.014328
0.0623932
0.0114288
-0.116806
-0.208527
-0.248474
-0.512619
0.0144196
-0.185669
-0.170959
-0.562378
-0.146896
-0.252594
0.059433
0.00469971
-0.0463104
-0.0467682
-0.0635071
-0.105133
-0.152115
-0.135681
-0.0943604
-0.0467072
-0.0452271
-0.00105286
0.0428314
0.133316
0.238083
0.179184
-0.252884
0.464905
0.436783
0.126511
0.426987
0.698517
-0.115219
0.134613
-0.5634
0.0867462
-0.0679626
0.135071
0.240524
-0.0387268
-0.04599
-0.241135
0.0312195

[4]
0.191879
-0.0179443
-0.121262
-0.0878601
0.00770569
0.0619049
0.02948
0.0269165
0.0320435
0.0636444
0.0518188
-0.00897217
-0.0667267
-0.00296021
0.00553894
-0.10701
-0.174469
-0.375198
-0.416946
0.147568
-0.55957
-0.709961
-0.355774
-0.273224
-0.0287323
0.0828094
0.0750885
0.0498962
0.00164795
-0.0658569
-0.0366974
-0.103134
-0.152893
0.291428
0.226913
-0.0215454
-0.160095
-0.255905
-0.213272
-0.292175
-0.115387
0.628296
0.445755
0.397842
-0.45401
0.891403
0.278519
0.312302
-0.0702667
-0.406982

[5]
0.0859375
0.0428009
0.177185
0.0474396
-0.0528717
-0.0683289
-0.0455017
0.0193176
0.0948792
0.0700836
0.000411987
-0.0437164
0.0683746
0.085907
0.0611115
0.0586243
0.0272675
-0.0424347
0.0037384
0.0516357
0.055069
0.0292511
0.0779877
-0.0457916
-0.205063
-0.163956
-0.462662
-0.140991
-0.0822906
-0.593628
-0.904434
-0.0710297
-0.0794983
0.0527802
-0.0136566
-0.0654755
-0.0739136
0.0475616
0.0484772
0.0233154
-0.0679779
-0.0861664
-0.0329742
0.315842
0.262283
-0.00592041
-0.000213623
-0.0372925
-0.261612
-0.086441

[6]
0.567978
0.467941
0.0915985
-0.298218
0.733597
0.181213
0.126968
-0.537323
-0.18132
0.0463257
0.100281
0.0537109
-0.0478973
-0.012619
-0.125168
-0.00193787
0.12114
0.152283
0.0282898
-0.0554504
-0.0211182
0.0240784
0.059082
0.0467224
0.0217896
0.031311
-0.039978
0.0296783
0.0570679
-0.00160217
0.0316772
0.0169983
-0.0477448
-0.16571
-0.36058
-0.658249
-0.0058136
0.0240326
-0.386459
-0.787033
-0.11705
-0.240891
0.0153503
0.0735016
-0.00819397
-0.0983429
-0.093811
0.0486298
-0.00120544
-0.0796509

[7]
-0.199448
-0.113983
-0.128769
-0.0775452
-0.0482025
0.00230408
0.055954
0.0524292
-0.0248718
0.00177002
-0.0144653
0.0573883
0.182663
0.00700378
-0.206909
-0.26355
-0.401443
-0.383209
0.698578
0.801361
-0.449005
0.402451
0.66301
-0.133957
0.176941
-0.324524
0.193375
-0.0873108
-0.0875092
0.217529
0.036087
-0.0462036
-0.184021
-0.143417
0.055191
0.108871
0.0285492
-0.0651855
0.0312347
0.0737152
0.0621185
0.0480957
0.0124817
0.0386047
-0.00527954
0.0159912
-0.0210571
-0.00486755
0.147919
0.107315

[8]
-0.12468
0.014267
0.100525
0.00959778
-0.196991
-0.148788
-0.132782
-0.0424042
0.238007
0.618469
0.47261
0.472397
0.0882263
0.793228
0.252899
0.12645
-0.274384
-0.432678
0.0600891
0.122314
0.0774689
0.136902
-0.0499725
-0.112549
-0.114395
-0.0332184
0.104218
0.0524292
-0.0318298
-0.0349426
0.00427246
0.0448608
0.0367737
0.0301514
-0.043808
0.0270996
-0.0258484
0.00895691
-0.015976
0.0897217
0.0712433
-0.0240784
-0.156372
-0.159836
-0.542709
-0.388321
-0.0320587
-0.647247
-0.812408
-0.20253

[9]
-0.136963
-0.2668
-0.515533
-0.691833
0.0235596
-0.68895
-0.806747
-0.104965
-0.210052
0.116776
-0.00482178
0.0582123
-0.0112305
0.0163422
0.03479
-0.035614
-0.0728149
-0.0404968
0.0178375
0.281143
0.206009
0.0244598
-0.213348
-0.344452
-0.501007
-0.258759
0.979889
0.595917
-0.0798187
0.3526
0.584244
0.212051
0.0947266
-0.368179
-0.165512
0.120514
-0.0826416
0.110321
0.0203552
-0.0787354
-0.113052
-0.197479
0.0464172
0.140656
0.0630341
-0.0393524
-0.045578
0.0493927
0.0716858
-0.00495911

[10]
-0.0556946
-0.0391541
0.0166779
-0.0266113
-0.0658264
0.0687714
0.0903168
-0.0471954
-0.208267
-0.218842
-0.543365
0.0686798
-0.245804
-0.582458
-0.875473
-0.219971
-0.331802
-0.0429535
-0.109741
-0.0363159
-0.00346375
0.0355835
0.0185089
-0.00634766
-0.012146
-0.0383759
0.00439453
0.253876
0.122635
0.00337219
-0.0566406
-0.0802612
-0.426315
-0.330063
0.833954
0.483673
0.0746002
0.521454
0.642487
0.089447
0.133133
-0.406113
0.0509796
-0.178238
-0.0391083
0.250763
-0.0973053
-0.0385742
-0.126816
0.0260925

[11]
0.0593414
0.0667572
-0.0637512
0.00230408
0.0764923
0.059845
0.0263367
0.00866699
-0.0319061
-0.0152893
0.0424957
0.029007
-0.0213318
0.101868
0.0309296
-0.0916443
-0.12175
-0.731644
-0.125519
-0.252731
-0.651001
-0.84639
-0.240082
-0.257278
-0.0499268
-0.0947113
-0.046936
-0.0607452
-0.0192871
-0.0409393
-0.00880432
-0.0847015
-0.0592651
-0.0749969
-0.0628815
0.157272
0.134232
0.011322
0.123581
-0.238129
-0.281891
1.09807
0.783142
-0.452972
0.789825
0.525162
-0.0897522
-0.0467834
0.113876
0.0881348

[12]
-0.0788269
0.128494
0.0780029
0.0310364
-0.132141
-0.0903778
0.0399628
0.131836
-0.0622711
-0.135834
0.0555878
0.139893
0.151886
0.103348
0.0697174
-0.00585938
0.040802
0.0100098
0.0136108
0.0688477
0.145187
0.00924683
-0.117355
-0.280182
-0.654922
0.158539
-0.32872
-0.621002
-0.690567
-0.11293
-0.311829
0.0309296
0.0127411
-0.0062561
-0.0580139
-0.118439
-0.0812378
-0.0494995
-0.0310364
-0.0144653
-0.0233459
-0.0143738
0.139526
0.145157
0.142517
0.191223
-0.182938
0.00816345
0.997559
0.381241

[13]
-0.317276
0.695129
0.0353241
0.119675
-0.095459
-0.066452
0.0264893
-0.0040741
0.0873718
0.0815582
0.0189056
-0.119781
-0.144577
0.0518494
0.142792
0.0800476
-0.0443268
-0.00338745
0.0765839
0.0856171
0.0747375
0.00637817
-0.0469818
-0.013916
0.0260925
0.0880127
0.0905151
0.19664
0.0236816
-0.200333
-0.352814
-0.635513
0.201508
-0.534866
-0.789062
-0.600052
-0.423279
-0.116364
-0.032608
-0.0661621
-0.0320892
0.0557404
0.0282745
-0.000701904
-0.0564117
-0.00469971
0.0852966
0.118622
0.128952
0.211288

[14]
0.141937
0.132782
0.132812
0.14119
0.962112
0.942093
0.192154
-0.485352
0.681335
0.229034
0.321991
-0.140549
0.148514
0.0290375
0.00500488
0.00874329
0.000747681
0.0424805
0.0149536
-0.0608521
0.00798035
-0.00227356
0.0211639
0.0115051
0.000350952
0.0647888
0.072464
0.0619202
0.0331726
0.0138245
0.045105
0.0987244
0.0935669
0.0759277
0.117371
0.00610352
-0.136917
-0.454712
-0.835968
-0.0487213
-0.310165
-0.508377
-0.969177
-0.231354
-0.162842
0.0944366
0.00561523
0.0092926
-0.0340881
-0.0262909

[15]
0.0235138
0.0485687
0.0244904
0.0262756
-0.00527954
0.0798187
0.238892
0.191818
0.0679474
-0.216354
-0.392212
0.542877
0.263931
-0.498581
0.175766
0.691971
0.0699921
0.220795
-0.122162
-0.0865173
0.0535736
-0.100922
0.105164
0.159576
0.0691833
-0.0341949
-0.12117
-0.0537872
0.0957947
0.102707
0.0749207
0.0105743
9.15527e-05
0.0395966
0.0642853
0.0494232
-0.0254974
0.0387268
0.00196838
-0.0150299
-0.000228882
-0.0209808
0.0335693
-0.0496368
-0.029541
-0.214539
-0.478745
-0.113464
-0.327713
-0.634903

[16]
-0.640411
-0.119263
-0.421509
-0.0157776
0.0722809
0.0726471
-0.0211182
0.0216675
0.0895538
0.116837
0.086731
0.142654
0.145309
0.23259
0.384293
0.331955
-0.0262756
-0.521988
-0.60083
0.134644
0.273544
-0.596909
-0.898193
0.916016
0.331711
0.0994873
-0.0776215
-0.109894
0.0289307
-0.0725861
0.0762177
0.0161133
0.113358
0.0385284
-0.116287
0.0201721
0.0480804
0.0353241
0.0194092
0.026886
0.047226
0.0367584
0.0794525
0.047348
0.00482178
0.0375977
0.085022
0.0550232
0.0368958
0.018631

[17]
-0.0997314
-0.0894928
-0.456635
-0.525375
0.249893
-0.127655
-0.393005
-0.84436
-0.189972
-0.227859
0.114868
0.0529633
0.0426941
-0.02565
-0.00743103
0.00276184
0.00344849
-0.0520782
-0.0665741
-0.0600586
-0.0617676
-0.0790558
0.0444489
0.0851746
0.0460968
-0.352982
0.272873
0.26944
-0.131699
0.390656
0.726639
-0.056015
0.242508
-0.258453
0.0748749
-0.0242462
0.00964355
0.10759
0.0417938
0.00527954
-0.098999
-0.0924225
0.0161896
0.0820618
0.0784302
0.0037384
-0.0328979
0.0366974
0.0687561
0.0914612

[18]
0.0200653
0.0117188
0.0398712
0.0198364
0.0022583
0.0394897
0.0765076
-0.0538025
-0.0412292
-0.293945
-0.60672
-0.040741
-0.157791
-0.568878
-0.5186
-0.347778
-0.483917
0.0908203
0.0294189
0.0388947
-0.0475311
-0.0150299
0.00866699
0.0108032
-0.035202
-0.0512543
-0.00912476
-0.00857544
0.0474243
0.116776
-0.0882416
-0.103256
-0.333664
0.753738
0.641693
-0.634766
0.856003
0.504623
0.0312347
-0.0487518
-0.365448
0.152695
-0.0632782
0.0734711
0.120682
0.0910339
0.00700378
-0.0746307
-0.0553894
0.00794983

[19]
0.0821686
0.0851593
-0.0179901
-0.0444183
0.0928192
0.116852
0.00596619
-0.00982666
0.0171051
-0.00271606
0.0275269
0.00854492
0.116486
0.163391
-0.0517426
-0.270844
-0.364304
-0.608185
-0.139069
-0.559952
-0.727509
-0.111786
-0.0959015
0.0200958
-0.0286102
0.0411835
0.0550385
0.100723
0.0417938
0.0591125
0.00561523
0.0222778
0.0840302
0.0802765
0.125885
0.14212
0.150391
0.147354
-0.337646
-0.0855865
0.612701
0.0994873
-0.077179
0.686981
-0.290436
-0.0131989
-0.119186
0.259216
-0.0768738
0.0038147

[20]
0.068985
-0.0661469
-0.00590515
-0.133209
-0.0191193
0.0626678
0.104675
-0.0118561
-0.0615997
0.0248871
0.02742
0.0303497
-0.0370331
-0.0432587
-0.0145264
-0.0192871
-0.00997925
0.0684814
0.13327
-0.0143127
-0.261963
-0.325073
-0.714859
-0.0106964
-0.342026
-0.515533
-0.69101
-0.112686
-0.138123
0.229172
0.086731
-0.0756226
-0.0446625
-0.0309448
-0.0171509
-0.043045
-0.0695801
-0.0382233
0.00949097
0.0138245
0.0297699
0.166855
0.128098
0.121902
0.0108337
0.519196
0.340012
-0.347504
0.449051
0.684311

[21]
-0.00636292
0.16713
-0.268326
-0.00662231
-0.100464
-0.00660706
0.0869293
0.0366974
0.0477142
-0.144241
-0.10321
0.0383301
0.0653839
0.00428772
-0.0361023
-0.000656128
0.0462189
0.0742188
0.0944061
0.0239868
0.00152588
-0.0158386
-0.0398865
-0.0221405
0.107239
0.0376892
-0.0527496
-0.352142
-0.789673
-0.0955048
-0.510757
-0.717514
-0.487625
-0.288834
-0.559402
0.0604553
0.0448456
0.037262
-0.0415649
0.00143433
0.0340118
0.0676117
0.0565186
0.10379
0.120575
0.130264
0.314194
0.316895
0.150787
-0.174561

[22]
-0.100952
0.59697
0.0593567
-0.546295
0.877777
0.0214386
0.0578003
-0.213455
0.0343018
-0.0559692
-0.0655823
0.0130768
0.000534058
-0.00764465
0.0321655
-0.104279
-0.0241852
0.00158691
0.03862
0.0137024
-0.020813
0.0155792
0.0264587
0.0653992
-0.0296173
-0.00273132
0.016449
-0.082901
-0.0452118
0.0383301
0.080246
-0.0396729
-0.264862
-0.820557
-0.139313
-0.206909
-0.560654
-0.953918
-0.2146
-0.294907
0.119965
0.0814667
0.00970459
-0.041153
-0.0530243
-0.0175781
-0.0158691
-0.072876
-0.0533142
-0.0528564

[23]
-0.000213623
0.0142975
0.147858
0.0648804
0.059967
-0.256577
0.146759
0.931519
0.277344
-0.787766
0.962845
0.250656
0.240692
-0.351761
-0.260651
0.231995
-0.0550079
0.0540161
-0.00509644
0.0117645
-0.0183105
-0.0899811
0.025116
0.0648651
0.0226746
-0.0126495
0.0128784
0.0669556
0.0690613
0.0723572
0.0243073
-0.049118
-0.0482483
0.0166779
0.00541687
0.0528412
0.118027
0.106903
0.00160217
-0.50914
-0.61618
0.0751343
-0.374542
-0.745117
-0.454514
-0.356735
-0.343597
-0.00930786
0.0178986
-0.0213928

[24]
-0.0933228
-0.0581665
-0.0181427
-0.043396
-0.0662537
-0.0513611
-0.0887146
-0.111145
0.0127716
-0.0882263
-0.0914001
0.103683
0.414581
0.766373
0.0378265
-0.55722
1.0999
0.43042
0.0377045
0.107635
-0.614456
0.178909
0.075531
0.127182
0.101593
0.106308
-0.00726318
-0.168549
-0.0209503
0.0719452
0.115814
0.100815
0.0129242
-0.0429993
0.0538177
0.0942688
0.0545959
-0.0303345
-0.0137482
0.00891113
0.0255585
-0.0310974
0.0946045
0.133713
-0.0454102
-0.151733
-0.742355
-0.309692
0.111115
-0.345337

[25]
-0.803864
-0.23703
-0.172867
-0.0487976
0.00886536
0.0545807
-0.0253601
-0.034317
0.0105591
0.0305176
-0.0203247
-0.0522766
-0.0117035
0.0260773
0.0374451
0.113785
0.0754852
0.127441
-0.320145
-0.187347
0.921402
-0.0367126
0.256699
0.490341
-0.044693
-0.297485
-0.0417938
0.0337677
-0.00408936
0.239746
0.00132751
-0.0302582
-0.0963135
-0.044754
0.0328217
0.0838165
0.022934
-0.0768738
-0.0238342
0.0766754
0.11879
0.15361
0.121124
-0.0527954
-0.0559692
0.00672913
0.026474
0.053299
0.168289
0.105194

[26]
-0.132568
-0.795288
-0.392639
0.153793
-0.530838
-0.745361
-0.278458
-0.102173
-0.0123596
-0.129868
0.00714111
0.0357819
0.00146484
0.001297
0.0137177
-0.00733948
-0.00395203
0.0525818
0.105545
0.124298
0.187637
0.2034
-0.0311127
-0.410294
0.324509
0.713425
-0.169006
0.400894
-0.00727844
-0.23056
-0.264832
0.197372
0.0994415
-0.0581055
0.0558167
-0.0133972
-0.00184631
-0.131287
-0.0698547
0.0329132
0.0990906
0.0791168
-0.0178528
0.0102539
0.0219879
0.0193024
0.00222778
-0.0281677
0.00924683
-0.0345917

[27]
-0.071167
0.066864
0.0702209
0.0769501
-0.131271
-0.158722
-0.588013
-0.440628
-0.102448
-0.498199
-0.80896
-0.187775
-0.28804
0.104965
0.122833
-0.106461
-0.0211792
0.0205841
0.03862
0.0689545
0.0151672
0.051239
0.16925
0.0505829
0.115479
0.137665
0.062088
-0.0771332
-0.396042
0.376587
0.283432
-0.130692
0.713837
0.640244
-0.160446
-0.199066
-0.279404
0.126648
-0.0299835
-0.0463562
0.0940094
-0.0650177
-0.0461426
-0.130539
-0.0105438
0.133789
0.13913
-0.0185852
-0.0700684
0.0632477

[28]
0.0339355
0.0180511
0.00750732
-0.010376
0.00413513
-0.0124664
-0.0246887
0.0576782
0.147797
-0.0106506
-0.227478
-0.291168
-0.686661
0.300949
-0.497314
-0.616699
-0.697617
-0.158951
-0.276413
0.152756
0.0733337
-0.0632935
0.0193481
0.0507202
0.0433502
-0.0303497
-0.085144
-0.07164
-0.01651
0.131775
0.0959015
-0.0528259
-0.0282135
-0.139908
-0.0584869
0.652603
0.310837
-0.0682068
0.238937
0.906464
-0.0575104
0.144333
-0.179626
0.251373
-0.201431
0.121399
0.0730591
0.0974274
-0.108536
-0.0552216

