[0]
-0.0514526
0.00663757
0.0409241
0.00622559
0.000610352
0.0121002
0.0570679
-0.0230103
-0.0833435
-0.230682
-0.353821
-0.272598
-0.209427
0.000518799
-0.350586
-0.142273
0.446411
0.58786
-0.00616455
0.0632324
-0.283752
-0.256363
-0.226547
-0.163681
-0.213104
-0.270874
-0.313416
-0.293274
-0.267899
-0.238815
-0.158279
-0.294876
-0.174225
0.0540314
0.432495
0.829987
0.97168
0.462021
0.686615
0.76236
-1.13068
-0.873535
-0.463348
0.377975
0.204178
0.287262
-0.0413971
-0.0870972
0.00317383
0.0934906

[1]
0.132309
0.0274353
-0.0582275
-0.0350342
0.0202484
0.0507202
0.062912
-0.0211945
0.0401154
-0.0613861
-0.131088
-0.274323
-0.331726
-0.258713
-0.201111
-0.0456238
0.250504
-0.367035
0.793198
0.501587
-0.284332
-0.0329437
-0.228256
-0.27626
-0.214767
-0.0948181
-0.028717
-0.0968475
-0.0308533
-0.0692902
-0.0240021
-0.0525665
-0.102539
-0.012619
0.0382843
0.396988
0.925476
0.824097
0.386719
0.67511
0.306076
-1.0493
0.137131
0.521378
-0.0252838
0.0405884
0.0571289
0.163177
-0.0109863
-0.0106201

[2]
0.018158
0.123901
0.134201
0.0282135
-0.0783691
-0.0549622
0.00209045
0.0341034
0.047699
0.0945587
0.0447388
-0.109024
-0.186829
-0.2202
-0.148636
-0.176346
-0.115875
-0.14386
-0.0913696
0.221542
-0.392487
1.03519
0.164642
-0.285217
-0.190643
-0.25116
-0.373978
-0.202881
-0.0647888
-0.106888
-0.154572
-0.190216
-0.178879
-0.213913
-0.262009
-0.32106
-0.136353
0.33754
0.786209
0.718735
0.226105
0.790573
0.537811
0.237076
0.0725403
-0.682449
0.864792
-0.253311
-0.0572968
0.0419159

[3]
0.746277
0.361908
0.557388
0.649048
0.612228
0.0309448
-0.242722
0.166107
0.167404
0.056488
0.062561
-0.109756
-0.0645752
0.029541
0.135406
0.118683
0.0549774
0.0190582
0.0207977
0.0578613
0.0721283
-0.0050354
-0.0164642
-0.0325012
-0.129318
-0.197144
-0.235626
-0.233826
-0.111237
-0.0214386
-0.0544434
-0.167297
-0.0399475
0.108276
-0.54599
1.14867
0.477951
-0.238922
-0.0714874
-0.273163
-0.370483
-0.184967
-0.0937653
-0.0674438
-0.0858612
-0.155502
-0.111481
-0.054718
-0.0244446
-0.041687

[4]
0.03479
0.103943
0.0252991
0.147125
0.291656
0.375259
0.56749
0.689774
0.811295
1.21126
-1.48909
0.555267
0.432343
0.0919342
-0.0771942
0.0819092
0.184433
0.0736389
0.0629425
-0.0220947
-0.0151825
0.0745239
0.00196838
0.0276184
-0.00294495
-0.0196686
0.0413208
0.10611
0.0828705
0.0496674
-0.0374146
-0.1548
-0.229889
-0.256439
-0.28685
-0.201675
-0.0493011
-0.0183258
-0.0228882
-0.371765
0.993942
0.796524
-0.303116
0.0240173
-0.331726
-0.510422
-0.364197
-0.120651
-0.0982513
-0.149231

[5]
-0.175766
-0.242661
-0.27655
-0.304047
-0.198029
0.0976257
0.33017
0.522476
0.785507
0.899643
0.728653
0.726089
0.718765
0.110168
-1.17224
1.28534
0.244675
0.0167694
-0.0303955
0.189896
0.174271
0.069046
0.0762787
0.121948
0.169632
0.0684662
-0.0187988
-0.0114899
0.0597687
0.108536
0.1315
0.116425
0.0296173
-0.057785
-0.147125
-0.14119
-0.14447
-0.205795
-0.106308
-0.190826
0.150421
-0.076004
-0.427032
0.835358
-0.00152588
-0.185455
-0.125458
-0.30397
-0.384369
-0.291977

[6]
-0.167099
0.00346375
0.0609741
0.106537
-0.0627289
0.0102692
0.148376
0.206436
0.460388
0.589661
0.683273
0.598297
0.32663
0.436478
0.386978
-0.0346527
-1.57759
-0.033493
0.368561
0.066452
0.0396271
0.0474701
0.146637
0.0383148
-0.0298767
-0.0107727
0.127884
0.114502
0.0325623
-0.0085907
0.0216827
0.0640564
0.0473785
0.0470276
0.0340729
-0.0418854
-0.119049
-0.213181
-0.158295
-0.182526
-0.164078
-0.114349
-0.124146
-0.0434875
-0.171616
-0.192902
0.772842
-0.0602264
-0.244858
-0.125641

[7]
-0.229736
-0.318695
-0.0793762
0.0101318
-0.0185089
0.0870514
0.0123749
-0.00263977
-0.0148315
-0.0700226
0.0315247
0.158112
0.707809
0.942612
0.527954
0.0769196
0.458008
0.261978
-0.226639
-1.01675
0.907852
0.00515747
0.00291443
0.0211945
0.176636
0.148911
0.0383301
-0.0321045
0.0604858
0.111832
0.0702362
-0.00776672
-0.0496979
-0.0261383
-0.0172424
0.0377502
0.0468597
0.0257721
-0.00125122
-0.063324
-0.08284
-0.0862732
-0.133148
-0.122604
-0.173538
-0.0149384
-0.268631
-0.243362
0.00569153
0.833496

