[1]
0.20491
-0.190247
-0.145279
-0.0587158
-0.106552
-0.171463
-0.0646057
-0.0219574
-0.0952301
-0.0952606
-0.0668945
-0.0682526
-0.12674
-0.0677032
-0.025177
-0.056427
-0.0240021
0.0928497
0.0986633
0.121994
0.1474
0.270508
0.28627
0.263397
0.975601
1.92511
1.00642
0.70491
0.868591
-0.303955
-0.441544
-0.00654602
0.62706
0.780899
0.723907
0.637665
0.399323
0.280029
0.187958
0.117828
0.207886
0.124329
-0.294128
-0.424805
-0.987961
-1.77563
-2.26414
-2.59666
-2.58647
-1.27298

[2]
0.790375
1.48413
-0.817902
-0.84613
-0.520554
-1.06079
-0.151184
-0.346832
0.0351257
-0.108292
0.0464783
-0.0226135
-0.0896149
0.0795593
0.0945587
0.00152588
-0.0134888
0.0266724
-0.0247498
0.0296631
0.0205536
0.0429382
0.0710754
0.202896
0.165222
0.19664
0.219452
0.318542
0.35672
0.34523
1.24185
1.68622
0.91629
0.933334
0.866287
-0.190475
-0.723129
0.048584
0.677124
0.878006
0.807495
0.670044
0.38768
0.278915
0.153519
0.0625916
0.0840302
0.00585938
-0.404083
-0.750122

[3]
-1.21982
-2.1665
-2.41267
-2.56244
-2.53726
-1.00981
1.56172
0.593613
-0.877213
-0.573502
-1.33412
-0.486816
-0.381195
-0.0102234
-0.0659943
0.0319366
0.066452
-0.283173
-0.0124969
0.0527496
0.105179
0.040741
0.0280914
0.101578
-0.00883484
0.0290222
0.0246582
0.131088
0.118546
0.208069
0.242569
0.31459
0.374298
0.377136
0.388077
1.92468
1.1924
1.15845
0.781128
1.01329
-0.773666
-0.509827
0.533752
0.97525
0.934631
0.844238
0.50795
0.307861
0.219025
0.175354

[4]
0.159302
-0.003479
-0.281097
-0.538239
-1.0495
-1.951
-2.25801
-2.53633
-2.5229
-1.34692
1.5555
-0.569595
-0.280792
-0.951843
-0.984833
-0.558212
-0.384491
0.306015
0.190033
0.0932007
-0.055481
0.0383148
0.0883026
0.250198
0.101868
-0.0256195
-0.000701904
0.0405273
0.0346375
0.0203552
0.0896606
0.137939
0.117722
0.238541
0.252243
0.344879
0.38176
0.406708
0.344437
1.51613
1.7854
0.832672
0.949799
0.907791
-0.596848
-0.597809
0.386871
0.83786
0.903564
0.852509

[5]
0.583145
0.356689
0.254227
0.153305
0.0792847
-0.0615692
-0.339508
-0.588455
-0.949066
-1.91725
-2.46414
-2.28534
-2.49097
-2.21355
0.0898438
1.60191
-0.835251
-0.327072
-0.610626
-0.862579
-0.198105
-0.394516
0.137207
0.0518036
0.132248
-0.0276642
0.0478668
0.117294
0.179001
0.0068512
-0.0173645
0.049408
-0.0241547
-0.00265503
0.0875092
0.164581
0.0920258
0.145508
0.217621
0.255859
0.322266
0.37886
0.385803
0.648407
2.05083
1.00844
0.727921
0.894669
0.795547
-0.666672

[6]
-0.414963
0.490906
0.825714
0.828949
0.757324
0.40863
0.256668
0.153366
0.0538788
0.0604858
-0.0262756
-0.3414
-0.615158
-1.0177
-1.94281
-2.46538
-2.57716
-2.56651
-1.41943
1.51596
0.378815
-0.941452
-0.230301
-0.962296
-0.886154
-0.419418
-0.216125
0.0536957
0.132828
-0.0240936
-0.0493774
-0.00706482
0.119522
0.130203
0.00704956
-0.0679474
-0.0865479
-0.0164185
0.0131683
0.0331726
0.0650177
0.00765991
0.0937195
0.165939
0.199356
0.246735
0.344894
0.362671
0.51062
1.70491

[7]
1.03284
0.951035
0.650284
0.814651
-0.650589
-0.254303
0.57193
0.884979
0.781769
0.634399
0.354568
0.213791
0.138977
0.0652618
0.0246735
-0.0738831
-0.353882
-0.620193
-0.992371
-1.84729
-2.32417
-2.57251
-2.56207
-1.73502
1.50543
-0.842987
-0.839111
-0.0627136
-1.13861
-0.571701
-0.468307
-0.117386
-0.0311584
0.0769043
-0.0634155
-0.0803833
-0.111847
0.054657
0.0989075
0.0278625
-0.00645447
-0.056488
0.00990295
-0.0380707
0.0228271
0.0406799
0.0239868
0.218704
0.128357
0.188431

[8]
0.284286
0.362122
0.303375
0.815567
1.72743
0.72438
0.951843
0.73584
-0.26683
-0.659103
0.257645
0.866455
1.01913
0.772324
0.371582
0.148773
0.224197
0.18631
0.145981
0.167435
-0.113525
-0.349625
-0.79364
-1.40919
-2.01465
-2.44341
-2.59851
-2.30653
-0.105484
1.50636
-0.593613
-0.126892
-0.296112
-0.933853
-0.607162
-0.43898
0.0272675
-0.0735779
0.0336151
0.0213165
-0.110519
0.0306244
0.0267181
0.0250092
-0.0496521
-0.0964508
-0.0787811
-0.0787964
0.033783
0.00334167

[9]
0.00611877
0.115631
0.153809
0.178802
0.195175
0.295822
0.303589
0.351227
1.59917
1.6729
0.815887
0.692276
0.836517
-0.553177
-0.632431
0.269989
0.743942
0.859467
0.786133
0.571487
0.298386
0.184921
0.102234
0.0807343
0.0989838
-0.0641022
-0.434708
-0.75798
-1.40253
-2.22472
-2.58638
-2.5907
-1.54306
0.579681
1.48819
-1.03447
-0.514832
-0.627304
-1.50418
-0.389542
-0.50618
0.0797272
-0.0480499
0.030304
-0.15448
-0.117905
0.00602722
0.038559
-0.0812378
-0.123657

[10]
-0.0701752
-0.0826569
-0.0700531
-0.0292969
-0.0110626
0.0653992
0.0853424
0.121292
0.168411
0.320282
0.353195
0.3685
0.516052
1.99104
1.01692
0.604385
0.908707
0.539352
-0.571411
-0.285507
0.469635
0.796188
0.751236
0.6362
0.338287
0.281174
0.128525
0.00132751
0.0604401
-0.0613708
-0.414291
-0.703812
-1.22336
-2.09537
-2.35315
-2.66208
-2.64714
-0.341034
1.43909
0.504913
-1.00104
-0.838242
-0.94281
-0.501862
-0.488251
-0.11174
-0.0556335
-0.122894
-0.0456543
-0.127502

[11]
-0.196548
-0.0793304
-0.178894
-0.186249
-0.0906219
-0.0351257
-0.00820923
-0.0405731
-0.0265198
0.0194397
0.0394592
0.0392151
0.12088
0.113846
0.191666
0.315689
0.324448
0.899811
1.99588
1.21097
0.608917
0.938034
0.690933
-0.634811
-0.225098
0.616608
0.863968
0.74852
0.623566
0.357468
0.281296
0.154587
0.0432587
0.0467834
-0.0934601
-0.375137
-0.569687
-1.17952
-2.10837
-2.62952
-2.65852
-2.54448
0.667862
1.42526
-0.757523
-0.732483
-0.762909
-0.956299
-0.374359
-0.397568

[12]
-0.0865631
-0.12442
0.0503235
0.0458679
-0.104004
0.0233002
-0.0718689
-0.0287323
-0.0417938
0.00584412
0.0349121
-0.0459137
-0.0486603
0.0284271
-0.00889587
0.0502777
0.0618744
0.13031
0.214172
0.256592
0.348389
0.234055
0.562225
1.98949
1.12309
0.751694
0.773865
0.621765
-0.486725
-0.297577
0.625626
0.899597
0.768372
0.623306
0.371475
0.298828
0.144897
0.0969849
0.127899
0.0314026
-0.320251
-0.594406
-0.985062
-1.72878
-2.27374
-2.56844
-2.55482
-1.45912
1.51172
-1.11557

[13]
-0.414139
-0.658524
-1.24059
-0.352188
-0.637512
0.0848236
-0.044342
0.0570984
-0.0715027
-0.184769
0.0499725
0.0807953
-0.0058136
-0.0388336
-0.0979462
0.0350494
0.0126801
-0.0195465
-0.0366516
0.0329895
0.0700378
0.115982
0.147766
0.19873
0.271454
0.302017
0.286026
0.557465
1.82602
0.765533
0.841156
0.546509
0.597229
-0.585724
-0.135498
0.707092
0.953369
0.75975
0.580719
0.35437
0.245804
0.18869
0.0919647
0.0566254
-0.0160828
-0.312378
-0.663589
-1.09457
-1.86526
-2.38173

[14]
-2.59123
-2.57509
-1.1237
1.52504
0.194977
-0.974731
-0.255157
-1.00049
-0.666931
-0.394775
-0.175491
-0.0555267
0.122955
0.0601349
-0.0629578
0.0532227
0.0640717
0.0749817
-0.0344849
-0.0628052
0.0192413
0.0225067
0.00579834
-0.0118256
0.0679321
0.177933
0.126373
0.17717
0.225266
0.291382
0.287292
0.193604
0.726883
1.68877
0.986465
1.11034
0.741516
0.876419
-0.52858
-0.713013
0.278336
0.755386
0.973877
0.804779
0.541977
0.314331
0.110275
0.0156708
-0.0376587
-0.011673

[15]
-0.0626678
-0.392944
-0.905228
-1.87265
-2.44046
-2.61858
-2.33231
-0.340927
1.51373
0.567276
-1.41101
-0.591125
-0.752609
-0.799591
-0.114243
-0.0830536
-0.0363922
-0.0223083
-0.044632
0.0146484
-0.00744629
-0.00921631
-0.100815
0.024826
-0.0111237
-0.0454254
-0.0210266
-0.0258789
0.0426178
-0.0386505
0.0998993
0.140839
0.238708
0.259628
0.363602
0.434616
0.407913
0.798676
1.94235
0.804947
0.763763
0.63974
-0.259598
-0.274765
0.465088
0.775467
0.542923
0.444992
0.317932
0.342194

[16]
0.284515
0.180161
0.141357
0.0714722
-0.168777
-0.518082
-0.875122
-1.60094
-2.28479
-2.21971
-2.60454
-2.54889
-0.644821
1.50226
-1.26057
-0.509735
-0.671524
-0.859818
-0.434952
-0.474487
0.00692749
0.0365448
0.0990295
0.00730896
-0.136734
-0.0350037
0.0585632
0.0820923
-0.0331268
-0.048645
-0.00102234
0.000564575
0.0256653
-0.0215759
-0.00123596
0.100616
0.193207
0.258835
0.257126
0.341232
0.390472
0.333008
1.45427
1.41409
0.970078
0.886124
0.917999
-0.652817
-0.548141
0.645447

[17]
1.04115
0.884583
0.686554
0.391739
0.193665
0.165726
0.0661469
0.0561218
-0.107315
-0.410568
-0.777817
-1.49319
-2.31004
-2.55983
-2.629
-2.17995
-0.18013
1.47845
-0.917648
-0.684464
-0.490555
-1.16997
-0.280319
-0.520889
0.214142
-0.0438232
-0.0151367
-0.11824
-0.148483
0.0251312
0.0353546
-0.0233917
-0.0969238
-0.035553
-0.0554352
-0.0177765
-0.0413208
0.0201263
0.0194092
0.0881805
0.110703
0.136948
0.186279
0.37355
0.3974
0.514877
1.49927
1.30232
0.968124
0.806915

[18]
0.855591
-0.46817
-0.618011
0.52327
0.977371
0.946808
0.748886
0.38916
0.14856
0.106537
0.039444
-0.0460052
-0.117142
-0.358307
-0.66626
-1.28625
-2.08052
-2.39311
-2.62511
-2.60464
-1.21484
1.45152
1.46957
-1.16968
-0.484268
-0.936798
-0.82843
-0.322128
-0.306854
-0.100052
-0.128387
0.00672913
-0.0433807
-0.159363
-0.0322876
-0.0323029
-0.0670013
-0.0527191
-0.0296936
-0.0506134
-0.0440674
-0.00828552
0.091507
0.102753
0.146271
0.209076
0.231598
0.379883
0.342957
0.598862

[19]
1.63806
1.32362
0.899918
0.912567
0.760284
-0.521027
0.205811
0.845001
0.90538
0.728653
0.551971
0.230103
0.174377
0.121658
0.0335693
-0.028183
-0.213959
-0.588547
-1.31544
-2.09447
-2.60211
-2.65331
-2.64418
-2.01146
1.13673
1.42346
-1.59587
-0.393585
-1.19658
-0.695633
-0.598709
-0.0187683
-0.222092
-0.13092
-0.272354
-0.178818
-0.129669
0.034668
-0.0597382
-0.0914612
-0.0935059
-0.15802
-0.189819
-0.0917206
-0.0109558
-0.0366364
0.00715637
0.142532
0.245056
0.315125

[20]
0.363968
0.301041
1.40199
1.76402
0.839233
0.897064
0.656738
-0.402374
-0.479523
0.477478
0.744888
0.55777
0.588242
0.337006
0.227921
0.147614
0.124863
0.146423
-0.0340424
-0.535782
-0.856857
-1.46286
-2.1469
-2.48274
-2.59674
-2.60979
-2.55627
0.529922
1.46735
-0.021637
-1.0135
-0.772308
-1.2097
-0.525833
-0.494278
-0.210648
-0.179474
0.0669708
0.105804
-0.145981
-0.00904846
-0.046463
0.0357819
-0.0180817
-0.0313873
-0.118484
-0.0581207
-0.021637
-0.0150604
0.0336609

[21]
0.133514
0.0970306
0.208862
0.218658
0.311722
0.30397
1.1463
1.82294
0.959244
1.01485
0.820068
-0.355957
-0.597397
0.439484
0.836182
0.864044
0.789352
0.518326
0.317108
0.23204
0.154984
0.0762787
0.0598297
-0.245499
-0.539597
-0.850433
-1.62752
-2.2422
-2.51437
-2.59142
-1.79376
0.284409
1.49945
-1.31248
-0.426468
-0.848297
-0.78714
-0.265594
-0.256348
-0.0497437
-0.111099
-0.019043
-0.0853577
0.0779572
0.149368
0.101547
-0.118958
-0.092865
-0.139069
-0.0578461

[22]
-0.00724792
0.0197906
-0.0283203
0.0830688
0.165649
0.172073
0.199966
0.288498
0.379364
0.36882
1.26762
1.7733
0.716782
0.806458
0.917953
-0.222626
-0.582397
0.496475
0.853622
0.802338
0.694763
0.453247
0.230804
0.163681
0.0930939
0.0465088
-0.0265045
-0.321228
-0.564346
-1.05942
-2.04381
-2.50725
-2.60498
-2.59425
-1.34561
0.867065
1.32108
-1.12773
-0.435867
-0.805115
-0.908844
-0.245926
-0.212433
-0.000732422
-0.0958099
-0.0201263
-0.131912
-0.0182953
0.00204468
0.0202789

[23]
-0.111298
-0.0921326
-0.0430908
-0.110229
-0.0594177
-0.07547
0.0330048
0.120911
0.132263
0.150436
0.169083
0.2556
0.413345
0.379059
0.874954
1.94966
0.827194
0.671509
1.01828
0.729218
-0.541534
-0.208023
0.557632
0.759949
0.774994
0.660583
0.298019
0.122437
-0.0388947
-0.0557404
-0.0764618
-0.175827
-0.334427
-0.863281
-1.60692
-2.41479
-2.66069
-2.66542
-2.03377
-0.124527
1.44151
-0.577011
-0.859894
-0.531326
-0.685699
-0.503189
-0.206833
-0.0932312
-0.194229
-0.0441132

[24]
0.0192261
0.0354156
-0.0748444
-0.0210114
-0.0746307
-0.0490417
0.0092926
-0.0708618
-0.039444
-0.0444489
0.00842285
-0.0484772
0.0575562
0.151489
0.178696
0.221695
0.406708
0.394562
0.553345
1.67778
1.6219
1.17795
0.910278
0.574295
-0.504776
0.401688
0.921066
0.816986
0.571442
0.441132
0.185791
0.140228
0.0895996
0.0462036
-0.0523071
-0.668243
-1.0811
-1.491
-2.17432
-2.4994
-2.64406
-2.48999
-1.41727
0.325226
1.47411
-0.847626
-0.857986
-0.864334
-0.81134
-0.187897

[25]
-0.346313
0.0191498
-0.0762939
0.138992
-0.094696
-0.020813
-0.0695343
-0.0142212
-0.098465
-0.0465088
-0.0474243
-0.043869
-0.0847321
-0.0257874
-0.0129547
-0.00852966
0.118393
0.202011
0.192993
0.317688
0.265335
0.424774
1.41597
1.55956
1.16443
0.792053
0.640533
-0.407669
0.262558
0.912399
0.959473
0.632172
0.601761
0.395966
0.279129
0.214722
0.225845
0.0602264
-0.119186
-0.6147
-0.962326
-1.78957
-2.53163
-2.48053
-2.47807
-2.08961
-0.939041
1.55231
-1.69157
-0.82251

