[1]
-0.168457
-0.054306
-0.123184
-0.0424042
-0.0202026
-0.00138855
0.0284729
-0.00250244
-0.00904846
-0.0100403
0.022644
-0.0145264
-0.0240936
-0.0252686
-0.0394592
-0.0742645
-0.0743256
-0.177612
-0.247406
-0.322449
-0.413391
-0.457306
-0.623047
-0.975983
-1.07651
-1.09091
-1.02768
-1.04018
-0.288361
0.7491
0.0246582
0.357147
0.875854
0.796021
0.837036
0.868622
0.736572
0.706329
0.639496
0.562393
0.434982
0.086731
-0.302795
-0.762268
-1.11571
-1.16928
-1.21431
-1.21442
-0.873138
-0.761108

[2]
0.0318146
-0.334442
-1.07475
-0.742325
0.0431366
-0.575165
0.0514832
-0.141785
0.0122681
-0.14534
-0.0190582
-0.00454712
0.0370178
0.0269318
0.00610352
-0.0181732
-0.0226135
-0.0260315
-0.0194855
-0.0257416
-0.0653381
-0.114655
-0.127396
-0.168854
-0.280823
-0.3535
-0.421082
-0.497543
-0.590439
-0.965912
-1.09018
-1.10878
-1.11694
-1.04422
-0.209396
0.648087
-0.0865936
0.33255
0.891754
0.828979
0.785995
0.827408
0.721878
0.677139
0.628006
0.563889
0.464966
0.136292
-0.289764
-0.810806

[3]
-1.12555
-1.17787
-1.21864
-1.16252
-1.24078
-0.586182
-0.388718
-0.635315
-0.88475
-0.303894
-0.393005
-0.066452
-0.240295
0.0808563
-0.0542908
-0.127121
0.059433
0.0022583
0.0844574
-0.047226
-0.0180969
-0.00534058
-0.0199585
-0.0510864
-0.0496063
-0.0814362
-0.116852
-0.195175
-0.154266
-0.28598
-0.35939
-0.444717
-0.430984
-0.631836
-1.07782
-1.09575
-1.11449
-1.1427
-0.962021
0.376511
0.285736
0.332321
0.564209
0.912308
0.815201
0.845444
0.766495
0.687729
0.648026
0.545471

[4]
0.44899
0.138031
-0.208221
-0.680054
-1.10416
-1.1554
-1.19801
-1.22685
-0.970734
-0.71846
-0.794495
-0.851624
-0.627777
-0.12114
-0.618759
-0.121094
-0.256622
0.129257
-0.10379
0.0419006
0.0348053
0.0554504
0.0118408
0.0194092
-0.00691223
-0.0190125
0.0027771
-0.0510101
-0.0477448
-0.0934296
-0.111801
-0.152084
-0.169632
-0.256454
-0.357315
-0.459625
-0.507019
-0.560852
-1.04016
-1.09935
-1.11737
-1.1283
-1.15817
-0.0680084
0.436188
0.16217
0.406082
0.916367
0.773956
0.804108

[5]
0.826843
0.702133
0.632767
0.567123
0.483139
0.256256
-0.0615692
-0.487183
-1.07492
-1.11958
-1.1557
-0.921677
-0.896347
-1.16309
0.479797
-0.500763
-1.11496
-0.602188
-0.149231
-0.491318
0.120392
-0.07901
0.00775146
-0.098999
-0.0177307
-0.0217743
0.0310974
0.0142517
0.0218811
-0.0325928
-0.0445709
-0.0418396
-0.078476
-0.0603027
-0.0543518
-0.158524
-0.133957
-0.167374
-0.255478
-0.348541
-0.455399
-0.506577
-0.783234
-1.07939
-1.09482
-1.09816
-0.945068
-0.890747
0.553909
0.13855

[6]
0.488953
0.676804
0.883392
0.825134
0.87645
0.813477
0.715042
0.654922
0.598526
0.496231
0.239655
-0.144531
-0.666397
-1.11488
-1.17084
-1.21552
-1.13385
-0.95755
-0.791718
-0.537384
-0.406418
-0.817215
-0.187393
-0.000396729
-0.422806
-0.127197
-0.086853
-0.0106964
-0.148865
0.0249481
0.00941467
0.0336914
0.0270386
-0.00294495
-0.00512695
-0.0179138
-0.0142365
-0.0260315
-0.0455475
-0.0566711
-0.108292
-0.158371
-0.193024
-0.268539
-0.372879
-0.450043
-0.517105
-0.774673
-1.06584
-1.08115

[7]
-1.08377
-0.932709
-0.802963
0.365768
0.225296
0.288284
0.684433
0.808792
0.808472
0.869812
0.824417
0.73851
0.709335
0.640747
0.49939
0.249619
-0.109283
-0.625961
-1.12674
-1.1861
-1.23463
-1.24216
-0.948502
-0.777374
-0.79808
-0.975891
-0.87735
-0.0516205
-0.171738
-0.0508575
-0.19075
-0.077652
-0.00149536
-0.0508423
-0.0244293
-0.0114899
0.0408478
0.0105438
-0.0185699
-0.0347748
-0.00944519
-0.0348511
-0.0408173
-0.0491638
-0.0861053
-0.147308
-0.149231
-0.249207
-0.305969
-0.436234

[8]
-0.534363
-0.583435
-0.971252
-1.07256
-1.09003
-1.0985
-0.872696
-0.147537
0.860413
0.0630951
0.317551
0.892914
0.834763
0.795654
0.757401
0.754471
0.710327
0.630249
0.533615
0.374557
0.0114594
-0.395706
-0.998016
-1.15074
-1.20326
-1.24266
-1.16658
-0.887772
0.18631
-0.502319
-0.972519
-0.672333
-0.0637054
-0.150589
0.00289917
-0.171646
-0.0233002
-0.0483398
-0.119446
0.00614929
0.00164795
0.0771484
0.0276489
-0.0159454
-0.0342712
-0.0316315
-0.0456238
-0.032608
-0.0562134
-0.107285

[9]
-0.135376
-0.223587
-0.250961
-0.341293
-0.429153
-0.424683
-0.641602
-1.06195
-1.07596
-1.09074
-0.952515
-1.02988
-0.0985413
0.572968
0.240891
0.390762
0.888229
0.794983
0.858002
0.88945
0.753555
0.711304
0.663147
0.573807
0.369904
-0.00222778
-0.50351
-1.08905
-1.15979
-1.21326
-1.2395
-1.06375
-0.730637
0.287643
-0.410751
-1.16055
-0.544464
0.109756
-0.806961
-0.106964
-0.278351
0.0725403
-0.157455
0.00283813
0.0227966
0.00994873
0.0122833
-0.015625
-0.0242462
-0.0262604

[10]
-0.0378113
-0.0503693
-0.0687714
-0.0746002
-0.121063
-0.199661
-0.169159
-0.277878
-0.408295
-0.486938
-0.517044
-0.702576
-1.06235
-1.07585
-1.07822
-0.93071
-0.768738
0.674835
0.0309601
0.397903
0.855179
0.880493
0.873016
0.914658
0.797897
0.708344
0.624924
0.53093
0.442505
0.113876
-0.247467
-0.735809
-1.17384
-1.23834
-1.28955
-1.2599
-0.808762
-0.912231
-0.0168152
-0.542023
-1.14825
-0.710419
-0.301987
-0.204407
-0.1353
0.03862
-0.0109253
-0.0508575
-0.0535736
-0.0393982

[11]
0.0276031
-0.0115204
0.00128174
0.02388
-0.0170441
-0.0297241
-0.0335083
-0.0488739
-0.0949402
-0.151596
-0.160919
-0.12001
-0.232513
-0.286697
-0.417465
-0.512466
-0.707123
-1.05672
-1.069
-1.0858
-1.05878
-0.948914
0.536041
-0.00393677
0.429321
0.794312
0.84346
0.836487
0.918427
0.817337
0.699432
0.627106
0.534317
0.447372
0.110474
-0.359909
-0.852066
-1.16161
-1.22505
-1.27347
-1.26707
-0.817062
0.124527
-0.393265
-0.9077
-0.856842
-0.156799
-0.489899
0.00675964
-0.135712

[12]
0.0179138
-0.0278015
-0.127869
-0.00715637
0.0126495
0.0562592
-0.0277405
0.000228882
-0.00831604
-0.00857544
-0.0147095
-0.0323486
-0.0427704
-0.0854492
-0.111694
-0.0641022
-0.197739
-0.324768
-0.407562
-0.475708
-0.510895
-0.782791
-1.0685
-1.08154
-1.09743
-0.908829
-0.75528
0.548737
-0.0297852
0.390488
0.724609
0.797394
0.81105
0.906723
0.850769
0.76799
0.711288
0.652832
0.530853
0.276077
-0.152939
-0.608887
-1.11679
-1.17348
-1.22267
-1.25745
-0.979492
-0.728775
-0.872467
-1.01897

[13]
-0.703445
-0.0134277
-0.639893
0.0160522
-0.183182
-0.0183411
-0.0837555
0.00401306
-0.0224304
0.00817871
0.0450592
-0.0224457
-0.0369415
0.00856018
-0.0269928
-0.0208588
-0.0407562
-0.067276
-0.0956268
-0.106781
-0.11055
-0.165253
-0.262589
-0.404617
-0.518082
-0.492172
-0.828003
-1.07111
-1.08574
-1.08917
-0.818176
-0.595474
0.66481
0.0870667
0.240173
0.794327
0.757797
0.812729
0.842041
0.791412
0.726303
0.700439
0.628159
0.468109
0.218842
-0.191315
-0.751587
-1.13127
-1.18958
-1.23694

[14]
-1.22498
-1.21548
-0.737061
-0.582748
-0.541168
-0.938492
-0.166183
-0.187241
-0.189865
-0.198715
-0.027771
-0.0350494
-0.104156
-0.00572205
0.00227356
0.0688324
0.0231628
0.00753784
-0.0400085
-0.0260162
-0.022644
-0.033371
-0.0333862
-0.0986328
-0.0949097
-0.117264
-0.196609
-0.317856
-0.385406
-0.420303
-0.50209
-0.807388
-1.07544
-1.09143
-1.09418
-0.921555
-0.671906
0.61351
0.274017
0.389236
0.593063
1.06195
0.868713
0.883072
0.832626
0.688797
0.646454
0.59729
0.485962
0.231262

[15]
-0.142563
-0.770493
-1.11809
-1.17664
-1.22571
-1.06169
-0.722641
-0.65863
-0.418442
-0.562347
-1.06529
-0.435272
-0.103516
-0.118851
0.0703125
0.0277863
-0.129898
-0.0924072
-0.0219727
0.0517883
0.0188446
-0.0480042
-0.0805969
-0.0424347
-0.0280914
-0.000701904
-0.000518799
-0.0549469
-0.0905151
-0.146393
-0.126663
-0.187973
-0.281906
-0.440964
-0.488617
-0.554718
-0.754639
-1.06517
-1.07983
-1.08652
-1.09431
-0.534424
0.744263
0.224228
0.607452
0.717926
0.807434
0.873169
0.894775
0.807083

[16]
0.766327
0.677109
0.581818
0.334259
-0.031601
-0.547134
-1.07965
-1.16534
-1.21548
-1.20381
-1.19685
-0.869629
-0.296417
-0.45787
-1.1823
-0.482193
-0.106476
-0.483826
-0.0320129
-0.182632
-0.0106049
-0.129211
-0.016922
0.0508575
-0.00271606
0.0327148
-0.0281982
-0.0375977
-0.0322723
-0.0148773
-0.0450592
-0.0284271
-0.0584564
-0.112396
-0.164978
-0.222244
-0.283508
-0.410782
-0.477341
-0.528305
-0.59343
-1.06612
-1.0822
-1.09795
-1.04558
-0.926987
0.226639
0.500366
0.184464
0.580582

[17]
0.854691
0.773239
0.809906
0.766602
0.663086
0.629852
0.485687
0.307693
-0.0733337
-0.549942
-1.05484
-1.17191
-1.23058
-1.17174
-1.1689
-0.774628
0.00494385
-0.36705
-1.12907
-0.837051
-0.0818176
-0.690857
0.144577
-0.254517
0.0348511
-0.108337
-0.00888062
-0.0376282
3.05176e-05
0.000793457
-0.0265198
-0.042984
-0.0325165
-0.0131989
-0.0173035
-0.0139313
-0.0648193
-0.129059
-0.136276
-0.135712
-0.242889
-0.401138
-0.472046
-0.510101
-0.709625
-1.06129
-1.07672
-1.09332
-1.01929
-0.957825

[18]
0.260193
0.489868
0.195602
0.58223
0.922287
0.810593
0.804092
0.761002
0.695572
0.653046
0.532379
0.36882
0.12558
-0.357346
-0.875687
-1.17368
-1.23584
-1.28427
-1.24513
-0.897079
-0.88974
-0.149582
-0.613388
-1.18919
-0.576752
-0.240448
-0.546371
-0.0712738
-0.0484924
0.00617981
-0.116333
-0.0813904
0.00241089
0.0340118
0.0101929
0.000595093
-0.0509033
-0.0637512
-0.0461884
-0.0539398
-0.0842743
-0.111053
-0.132309
-0.182816
-0.23024
-0.390274
-0.501831
-0.566132
-0.722931
-1.0609

[19]
-1.07637
-1.09331
-0.864471
-0.910461
0.523514
0.233704
0.0988159
0.980759
0.780457
0.832886
0.863449
0.753937
0.666916
0.571274
0.416031
0.156738
-0.222992
-0.692657
-1.16562
-1.22641
-1.27133
-0.958603
-0.914749
-0.741837
-0.18187
-0.334381
-1.22084
-0.337387
-0.469604
-0.0757751
-0.1194
-0.0209961
-0.143509
-0.0289001
-0.0907135
0.0343781
-0.0142822
-0.0167389
-0.016922
-0.0261383
-0.0499115
-0.0932617
-0.0969696
-0.100769
-0.133072
-0.121262
-0.160217
-0.300949
-0.445175
-0.53212

[20]
-0.464737
-0.78334
-1.05103
-1.06386
-1.07314
-1.09535
-0.267639
0.261948
0.267548
0.693008
0.984665
0.8806
0.91893
0.938721
0.792191
0.702148
0.620605
0.465042
-0.0129852
-0.448456
-0.868256
-1.1514
-1.20508
-1.14233
-1.17725
-0.874741
-0.749893
0.0422668
-0.291061
-1.06032
-1.18521
-0.12323
-0.477707
-0.181824
-0.183563
-0.00157166
-0.0986786
-0.12085
0.0820007
0.098938
0.0885773
-0.0092926
-0.0154114
-0.0549011
-0.0170441
-0.0302734
-0.051651
-0.0579987
-0.0758057
-0.132919

[21]
-0.327942
-0.343521
-0.452972
-0.461395
-0.680878
-0.970093
-1.07101
-1.08592
-1.09279
-1.03583
-0.290024
0.661362
0.190842
0.462936
0.881546
0.814346
0.84198
0.834229
0.713852
0.688492
0.599976
0.505203
0.261658
-0.0793762
-0.553787
-1.10394
-1.16118
-1.21262
-1.15201
-1.12302
-0.686188
0.330322
-0.368225
-1.1949
-0.665649
-0.184677
-0.420349
-0.108124
-0.0478516
-0.0177765
-0.0748138
-0.0567627
-0.0171661
0.0596313
0.0492706
0.0414429
-0.0247803
-0.052063
-0.087616
-0.0985565

[22]
-0.0703888
-0.0933685
-0.122589
-0.153824
-0.264282
-0.292709
-0.378876
-0.505173
-0.527206
-0.92897
-1.07025
-1.08401
-1.0934
-1.0419
-0.428131
0.705383
0.178055
0.338272
0.879257
0.779785
0.828339
0.827805
0.734451
0.660583
0.56871
0.445648
0.16954
-0.251205
-0.759033
-1.13084
-1.18977
-1.23592
-1.14934
-0.845367
-0.871689
0.0797424
-0.35675
-1.18015
-0.486389
-0.147919
-0.433212
-0.153992
-0.042572
-0.0137329
-0.0890045
-0.0721588
-0.0180664
0.0566101
0.0294647
0.0356445

[23]
0.00724792
-0.0398865
-0.0509796
-0.0769043
-0.083252
-0.114136
-0.122162
-0.173523
-0.167328
-0.330948
-0.429672
-0.487137
-0.512695
-0.771698
-1.05215
-1.06306
-1.06825
-0.901764
-0.595795
0.750443
-0.0182495
0.257172
0.798492
0.909134
0.815689
0.890823
0.787247
0.663483
0.584167
0.470184
0.288925
-0.0636749
-0.548416
-1.12383
-1.18768
-1.24464
-1.00513
-1.06711
-1.20818
0.140625
-0.680008
-0.995148
-0.919724
-0.216278
-0.0957336
-0.159225
-0.0204315
-0.00427246
-0.0805359
-0.104019

[24]
-0.0326538
0.030365
0.0329437
0.00848389
-0.0143433
-0.0636597
-0.0343933
-0.00950623
-0.0156708
-0.036087
-0.133469
-0.129074
-0.16983
-0.323318
-0.398148
-0.517441
-0.609512
-0.709595
-1.05659
-1.07022
-1.08371
-0.71875
-0.527573
0.811249
0.351608
0.0886993
0.906799
0.759933
0.773941
0.760757
0.629333
0.50795
0.332977
0.0892181
-0.343613
-0.834518
-1.13295
-1.19472
-1.25067
-1.02567
-0.962311
-0.614029
-0.95549
0.357544
-0.484329
-1.20982
-0.850952
-0.105621
-0.855148
0.135742

[25]
-0.0103607
-0.00312805
-0.194183
0.00593567
-0.0128021
0.0755615
0.0279541
0.0146637
-0.0509796
-0.0770111
-0.0294037
-0.0575867
-0.0762482
-0.107391
-0.107849
-0.112579
-0.257446
-0.323593
-0.458878
-0.505692
-0.611465
-1.06226
-1.07605
-1.092
-1.11136
-0.880768
0.0836792
0.369263
0.32283
0.834427
0.788193
0.841888
0.828461
0.704041
0.666229
0.536987
0.363358
-0.0127258
-0.336823
-0.853775
-1.11156
-1.16763
-1.21358
-0.950851
-0.958908
-0.711075
-0.379257
-0.524582
-0.989456
-0.516174

