[0]
-0.0185547
-0.25914
-0.845673
-0.818527
-0.816422
-0.81868
-0.759369
-0.675003
-0.569107
-0.460571
-0.288162
-0.0626984
0.323578
1.03577
1.23039
1.30482
1.36229
1.04695
0.607697
0.605026
0.224503
1.20639
1.10225
0.683151
0.535339
-0.122772
0.193527
0.0567627
0.0410919
0.125946
0.0680084
0.0722351
-0.00308228
-0.0410156
-0.0361786
-0.0052948
0.117111
0.11438
0.0631714
0.03302
0.0168304
0.0702972
0.0821228
0.135223
0.237289
0.360092
0.514526
0.605743
1.01398
1.04454

[1]
1.05801
1.07176
1.00357
0.231369
-0.734772
-0.370819
-0.256119
-0.748795
-0.755066
-0.802338
-0.776825
-0.721329
-0.654816
-0.587341
-0.428528
-0.235886
0.128799
0.756363
1.13577
1.20398
1.26501
1.20993
1.30371
0.727264
0.325958
0.985809
0.711105
0.423096
0.422256
-0.0548248
0.189728
0.0576782
0.0608826
0.147202
0.036438
0.00541687
0.00515747
0.0235748
0.0365448
0.0283508
0.0109711
-0.00436401
-0.000656128
0.0522308
0.0937195
0.111679
0.156708
0.257584
0.391998
0.511826

[2]
0.562027
0.848312
1.05507
1.06966
1.08372
1.10728
0.339371
-0.606628
0.319107
-0.605896
-0.545151
-0.860016
-0.795425
-0.824844
-0.767761
-0.731308
-0.64183
-0.523499
-0.379288
-0.0773773
0.451355
1.08524
1.14565
1.20851
1.18147
0.684387
0.564163
1.10162
-0.454849
0.784622
1.07413
0.4478
0.500015
-0.145309
0.163437
-0.021698
0.0318451
0.103928
0.0182343
-0.00624084
-0.0620117
-0.0206757
0.0211182
0.060379
0.0525055
0.0276337
-0.0130157
0.0265961
0.0843811
0.153549

[3]
0.109848
0.240479
0.350586
0.43425
0.542053
0.636017
0.948181
1.07976
1.09642
1.11674
0.836838
0.191711
-0.29158
-0.894989
-0.15274
-0.665176
-0.693298
-0.74025
-0.720367
-0.651718
-0.606964
-0.527374
-0.364594
-0.105148
0.470963
1.01907
1.13579
1.19621
1.21022
0.712006
0.468338
0.407913
0.522995
1.03564
0.661819
0.727753
0.276718
-0.056076
0.0503998
-0.017334
0.0522614
0.0825958
0.0315399
0.00834656
-0.00836182
-0.0114441
0.012085
0.0427551
0.0443726
0.0337219

[4]
0.0371246
0.0771179
0.105667
0.145172
0.199402
0.263718
0.435196
0.608139
0.66803
0.804443
1.07082
1.0885
1.10837
1.13943
0.583618
-0.0203247
-0.727173
-0.00794983
-0.59433
-0.81842
-0.737671
-0.723938
-0.695251
-0.652222
-0.551865
-0.464172
-0.271057
0.0673828
0.655991
1.11101
1.17256
1.22751
0.830139
0.618668
0.80806
0.660919
0.466492
0.525497
0.813751
0.24382
0.195618
0.0411224
0.14888
0.0481415
0.0556488
0.0181885
-0.0414429
-0.0300903
-0.0133209
-0.0517883

[5]
0.01091
0.0746307
0.0448914
0.0451965
0.0797424
0.163422
0.220596
0.263077
0.488892
0.559341
0.664185
0.829758
1.07457
1.0934
1.11429
1.14684
0.414047
-0.0193481
-1.19119
0.0432739
-0.736954
-0.605606
-0.670761
-0.661407
-0.6203
-0.570663
-0.499084
-0.366776
-0.15155
0.208221
0.88681
1.12987
1.19664
1.25391
0.426529
0.702927
0.996597
0.42012
0.280533
0.577377
0.612061
0.582397
-0.0660858
0.0291901
0.141724
0.0283966
0.103653
0.0227051
-0.0748444
-0.043457

[6]
-0.00294495
0.0361938
0.0531006
0.0479584
0.0361633
0.0530853
0.152863
0.236725
0.298813
0.458572
0.568726
0.66095
0.834534
1.06958
1.08936
1.11087
1.09016
0.356369
-0.263916
-0.903641
-0.130997
-0.752747
-0.66095
-0.741852
-0.713593
-0.668045
-0.58783
-0.491638
-0.332764
-0.113388
0.369232
1.03334
1.1398
1.20651
1.2587
0.492432
0.739441
1.23615
0.230209
0.251251
0.937698
0.419296
0.577957
-0.139175
0.158264
-0.00474548
0.0112152
0.0578613
-0.0264587
-0.0237122

[7]
-0.030365
-0.00224304
0.0441895
0.0580139
0.015564
0.0126495
0.0689087
0.194351
0.271271
0.356461
0.466675
0.581314
0.612488
0.948242
1.07463
1.09436
1.11443
0.739853
-0.112152
0.699783
0.189072
-0.507812
-0.66951
-0.697937
-0.721649
-0.684601
-0.639008
-0.555298
-0.421722
-0.243057
0.108246
0.833038
1.12563
1.19325
1.25639
0.903641
0.899658
1.2659
0.329788
0.792587
1.14493
0.501312
0.454987
-0.0514984
0.208878
0.0694275
0.0481415
0.120636
-0.0244904
-0.0709839

[8]
-0.0305176
-0.0267487
0.01651
0.0424957
0.000671387
0.0555573
0.0953979
0.172928
0.192001
0.294815
0.429794
0.467926
0.575729
0.765015
1.06462
1.08034
1.09927
1.12959
0.5728
-0.20311
-0.672943
0.281891
-0.664001
-0.574265
-0.664536
-0.718399
-0.689056
-0.61937
-0.564056
-0.42923
-0.214401
0.132523
0.718918
1.11749
1.18398
1.24748
0.758636
0.872116
1.26468
0.683929
0.486816
1.06459
0.613937
0.043335
-0.0981445
0.169586
0.185684
-0.0881958
0.0773163
0.00326538

[9]
-0.0124664
-0.0298767
0.00480652
-0.00550842
0.0621796
0.0397034
0.0283051
0.0731354
0.129364
0.13884
0.24765
0.433273
0.55423
0.628021
0.88475
1.05962
1.07916
1.10152
1.13405
0.250534
0.63327
-1.58458
-0.0397949
-0.853012
-0.772537
-0.588501
-0.588806
-0.536285
-0.497574
-0.378876
-0.238312
0.0304871
0.727371
1.12775
1.19519
1.2574
1.03314
0.851044
0.71698
1.21234
0.358612
0.592941
0.564072
0.166229
0.677094
0.0273285
0.075943
0.00593567
0.0536346
0.0415192

[10]
-0.0239868
-0.00743103
-0.0105438
-0.0449677
-0.0576782
0.0209351
0.0279846
0.0172119
0.124039
0.163254
0.22821
0.385574
0.52121
0.637253
0.824142
1.06248
1.0822
1.10297
1.13225
0.747116
-0.601273
-1.77345
0.440125
-0.916748
-0.60408
-0.692276
-0.573761
-0.502991
-0.419037
-0.225449
-0.0560608
0.32048
0.979965
1.13838
1.20692
1.26544
0.436249
0.78038
1.26566
0.21228
1.18527
0.864395
0.615097
0.753342
-0.337585
0.0576782
0.111923
0.0974884
0.0149078
0.0243988

[11]
-0.0475922
-0.0432739
-0.00170898
0.0641632
0.0116119
0.00834656
0.00447083
0.0756683
0.155304
0.204391
0.283463
0.443542
0.543564
0.649139
0.882736
1.07076
1.09067
1.11391
1.00836
-0.238327
0.917831
-0.504135
-0.325882
-0.800842
-0.711121
-0.725388
-0.715134
-0.632309
-0.558273
-0.403687
-0.214981
0.133743
0.730515
1.12355
1.19196
1.25481
0.921463
0.838501
1.26289
0.175797
0.728073
0.739212
0.735184
0.788345
-0.217804
0.0324707
0.114243
0.0587158
0.0235901
-0.0017395

[12]
-0.0386505
-0.069397
0.0196838
0.00617981
-0.0277863
0.0153351
0.00830078
-0.029007
0.130203
0.182953
0.307953
0.471176
0.541092
0.666565
0.883377
1.06743
1.08531
1.10532
1.09894
0.315933
0.0138245
-0.990921
0.0138855
-0.834763
-0.568451
-0.707932
-0.718048
-0.685196
-0.639572
-0.484009
-0.362762
-0.0375366
0.500107
1.10393
1.17018
1.23657
1.07605
0.841904
0.676178
0.775803
1.12907
0.769043
0.893753
0.329605
-0.295715
0.251221
0.168503
-0.0877075
0.102615
0.0439758

[13]
-0.0723877
-0.0377197
-0.0228424
-0.0269012
0.00721741
0.0361481
0.0413208
0.0335236
0.132156
0.220627
0.310684
0.467621
0.577576
0.645081
0.873138
1.06329
1.08136
1.10255
1.04205
-0.08992
0.228394
-0.748657
-0.175659
-0.822403
-0.674484
-0.665726
-0.602707
-0.547287
-0.445038
-0.293869
-0.0479431
0.365067
1.09421
1.15948
1.22871
1.28117
0.630112
0.707062
1.01128
0.645111
0.481888
0.788025
0.212921
0.285736
-0.144943
0.164185
0.00132751
0.0471649
0.0699463
-0.0183258

[14]
-0.00404358
-0.0126343
-0.0222626
0.0312042
0.0202637
0.0096283
0.0243835
0.132736
0.226166
0.317184
0.515549
0.610718
0.698257
0.97702
1.06174
1.08301
1.1049
0.880646
-0.168182
0.88356
-0.0461578
-0.742188
-0.659012
-0.712601
-0.665741
-0.577255
-0.514862
-0.367294
-0.192459
0.063736
0.553375
1.1125
1.1842
1.25797
1.30702
0.779404
0.822693
0.582504
1.07945
0.704468
0.714951
0.670258
-0.182846
0.0128632
0.158615
-0.0601654
0.0704803
0.0243073
-0.0422516
-0.00730896

[15]
0.0267487
0.00198364
0.0359802
0.0413208
0.0919037
0.114456
0.20697
0.214615
0.370132
0.529297
0.603775
0.702423
1.04221
1.0596
1.07782
1.10635
0.749176
-0.700409
-1.26553
0.00471497
-0.91713
-0.673859
-0.708694
-0.650055
-0.552292
-0.5065
-0.364822
-0.221481
0.0350494
0.489609
1.12314
1.19453
1.26714
1.29404
0.936417
1.30377
0.297745
0.995926
1.09097
0.526108
0.366425
0.100815
0.0980072
0.155823
-0.0902863
0.0923157
0.00395203
-0.0410309
-0.0157623
-0.00283813

[16]
-0.00418091
0.0182953
0.0339813
0.0269165
0.0631256
0.132965
0.214188
0.337311
0.491714
0.583954
0.704315
0.90506
1.0497
1.06607
1.0847
1.06749
0.13504
0.656433
-0.969955
-0.0771179
-0.885788
-0.756378
-0.743134
-0.683411
-0.610733
-0.537094
-0.398972
-0.201004
0.177689
0.902451
1.15091
1.22382
1.28673
0.633392
0.850601
0.875122
0.658234
0.384415
1.04066
1.12683
0.444336
0.0581055
-0.0665283
0.0686951
0.0588531
0.0554962
0.0341644
0.0163879
0.0102081
-0.00216675

[17]
0.00228882
0.000732422
-0.0121613
-0.0221863
0.0436401
0.15033
0.183319
0.328568
0.49321
0.572693
0.678101
0.950623
1.06207
1.07912
1.10248
1.07106
-0.255493
1.17873
-0.0265503
-0.317154
-0.64357
-0.718155
-0.67363
-0.660797
-0.602158
-0.513992
-0.334366
-0.0406494
0.524307
1.11325
1.18422
1.25806
1.3112
0.815643
0.610931
0.774872
1.20036
0.698471
0.948059
0.0327759
-0.0957642
0.197372
0.204102
-0.0822449
0.0777893
0.0467987
-0.0506439
-0.0342865
-0.00804138
0.031723

[18]
0.0295258
0.0395966
0.0239716
0.0954437
0.161621
0.184097
0.280029
0.519714
0.586823
0.725662
1.04379
1.05876
1.07626
1.10017
1.08607
-0.49353
0.168365
0.227448
-0.643784
-0.648895
-0.720932
-0.710831
-0.673492
-0.60228
-0.484009
-0.345963
-0.0450287
0.478088
1.11165
1.18022
1.2491
1.18724
0.770081
0.793381
0.597794
0.737289
0.967941
0.745361
0.447647
-0.227798
0.284225
0.15918
-0.0539856
0.0505066
0.0112
-0.0428467
-0.0392151
0.0176239
0.0201416
0.022934

[19]
0.00242615
-0.0152283
0.0313568
0.144379
0.276245
0.327866
0.523712
0.607239
0.690506
1.00604
1.05849
1.07622
1.09953
0.955353
-0.278442
1.17572
-0.0783386
-0.495895
-0.637085
-0.694427
-0.680374
-0.600937
-0.531662
-0.426804
-0.267517
-0.00840759
0.509476
1.05992
1.18388
1.2538
1.30211
0.813049
0.653091
1.2467
0.0543976
0.650192
1.14229
0.67041
0.455475
0.0676727
-0.074173
0.0774689
0.0683441
0.0386963
-0.0221405
-0.0801697
-0.0248108
-0.000915527
0.0241547
-0.0104675

[20]
-0.0280304
0.0333099
0.142151
0.150696
0.296234
0.492126
0.598679
0.695984
0.908066
1.05717
1.07344
1.09508
0.941284
-0.493942
0.943497
0.074707
-0.618378
-0.663727
-0.738876
-0.712234
-0.69136
-0.645096
-0.569763
-0.407272
-0.194839
0.269363
0.882996
1.14565
1.21494
1.2706
0.871872
0.832794
0.836075
1.06189
0.488525
0.904892
0.554596
-0.143753
0.0288696
0.153046
0.0306549
0.0780945
0.0441895
-0.0210724
0.00483704
-0.0405426
-0.0110626
0.0130463
0.0358734
-0.0367432

