[0]
-0.292206
-0.292206
-0.427032
-0.28772
-0.185593
-0.0985107
-0.043335
0.00318909
0.00418091
-0.0146637
-0.0437317
-0.0722504
-0.0266724
-0.055481
-0.144623
-0.148956
-0.106201
-0.0800934
-0.129745
-0.308746
-0.860535
-0.988922
-0.553787
-0.531326
-0.633652
-0.698914
-0.977966
-0.871063
-0.503433
-0.390305
-0.278564
-0.120255
0.0042572
0.0242462
0.100449
0.113098
0.126205
0.10672
0.0907898
0.0193634
-0.0458374
-0.139862
-0.202255
-0.240479
-0.253967
-0.263184
-0.404037
-0.95578
-0.93074
-0.782684

[1]
-0.880447
-0.69136
-0.653809
-0.720276
-0.654694
-0.555069
-0.413727
-0.269257
-0.166443
-0.0919495
-0.0534668
-0.0528259
-0.0945282
-0.147919
-0.195511
-0.195038
-0.188644
-0.230072
-0.294067
-0.34166
-0.367172
-0.430527
-0.676941
-1.02927
-0.863037
-0.72403
-0.828918
-0.809998
-0.749374
-0.654404
-0.476059
-0.282089
-0.195023
-0.128952
-0.0434113
-0.012146
0.118744
0.241043
0.233795
0.16568
0.131454
0.0650635
-0.0219879
-0.139099
-0.234039
-0.34108
-0.363602
-0.370773
-0.424118
-0.618134

[2]
-0.890091
-0.881958
-0.885284
-0.911301
-0.969193
-1.03166
-1.01978
-0.767639
-0.498337
-0.360764
-0.210541
-0.116196
-0.0956726
-0.106415
-0.128922
-0.148697
-0.167267
-0.192612
-0.249207
-0.27916
-0.284592
-0.309464
-0.290359
-0.277252
-0.395447
-0.79425
-1.03456
-0.876633
-0.625839
-0.586197
-0.593185
-0.787491
-0.832016
-0.506348
-0.186157
-0.0424347
0.0144806
0.106689
0.12529
0.136383
0.154663
0.15921
0.109985
0.0562592
-0.00160217
-0.0751801
-0.145477
-0.176208
-0.189468
-0.212372

[3]
-0.254929
-0.361267
-0.851868
-1.03616
-0.603043
-0.9216
-0.998825
-0.948761
-0.901459
-0.719864
-0.572952
-0.44133
-0.286987
-0.1996
-0.174393
-0.126511
-0.102112
-0.155151
-0.208603
-0.260406
-0.289795
-0.249847
-0.251877
-0.300842
-0.358932
-0.384354
-0.398956
-0.565842
-0.985123
-0.917618
-0.666382
-0.71611
-0.783112
-0.810913
-0.818497
-0.668655
-0.330536
-0.13443
-0.0210266
0.0918121
0.12149
0.110077
0.149185
0.123871
0.0947266
0.0597382
-0.0107269
-0.111847
-0.192108
-0.23027

[4]
-0.261429
-0.296509
-0.313156
-0.499725
-0.972977
-0.866501
-0.828262
-1.05801
-0.871994
-0.847336
-0.818726
-0.72757
-0.632416
-0.486893
-0.346207
-0.25116
-0.187576
-0.150314
-0.0895386
-0.0753479
-0.120667
-0.18866
-0.272278
-0.272003
-0.26265
-0.293396
-0.33548
-0.358429
-0.411804
-0.77298
-1.06293
-0.884399
-0.508148
-0.431625
-0.408447
-0.584671
-1.0285
-1.05775
-0.564026
-0.259094
-0.0834351
0.0980988
0.169769
0.211288
0.243774
0.209152
0.171524
0.126297
0.0412598
-0.0752411

[5]
-0.174194
-0.245819
-0.285522
-0.33519
-0.376038
-0.430283
-0.797241
-1.03329
-0.515289
-0.344528
-0.825241
-0.784897
-0.861588
-0.802017
-0.60524
-0.474625
-0.291046
-0.126968
-0.0659027
-0.0328522
-0.0655518
-0.140732
-0.217316
-0.277008
-0.338654
-0.319092
-0.313782
-0.306259
-0.307632
-0.323135
-0.312897
-0.346771
-0.751602
-0.967148
-0.731934
-0.795776
-0.908997
-0.830276
-0.726913
-0.63739
-0.387985
-0.171967
-0.062027
0.0269318
0.063858
0.0377197
0.071106
0.0863342
0.124054
0.115295

[6]
0.0632935
-0.0274811
-0.13385
-0.210983
-0.261078
-0.309464
-0.317032
-0.349518
-0.663086
-1.03708
-0.884125
-0.814423
-1.08836
-0.917206
-0.815811
-0.700104
-0.550812
-0.488205
-0.378082
-0.295151
-0.255264
-0.200867
-0.153687
-0.127167
-0.155365
-0.200165
-0.236526
-0.24321
-0.236115
-0.244476
-0.301132
-0.332733
-0.329407
-0.389496
-0.625626
-1.04633
-1.01871
-0.623444
-0.42186
-0.357605
-0.433075
-0.773849
-0.775574
-0.557724
-0.358078
-0.102173
0.095459
0.121628
0.170975
0.197174

[7]
0.21347
0.185745
0.124969
0.0684967
-0.0358124
-0.12561
-0.19223
-0.223007
-0.249359
-0.25798
-0.243011
-0.272583
-0.662369
-0.914001
-0.495819
-0.572006
-0.686066
-0.667267
-0.749573
-0.716904
-0.564972
-0.461456
-0.359406
-0.224487
-0.144577
-0.101288
-0.113419
-0.113907
-0.117874
-0.151031
-0.180618
-0.212479
-0.22377
-0.23291
-0.231949
-0.18187
-0.170792
-0.337296
-0.63176
-1.00368
-0.84642
-0.681183
-0.616348
-0.504944
-0.667908
-0.805435
-0.627335
-0.298584
-0.0857391
-0.0498657

[8]
0.0105591
0.0644226
0.0750122
0.133347
0.13942
0.149612
0.120804
0.0793762
0.0300903
-0.0431366
-0.0975342
-0.148666
-0.185333
-0.217163
-0.297577
-0.805206
-1.02654
-0.249161
-0.407883
-0.829269
-0.834763
-0.927307
-0.908585
-0.704453
-0.530777
-0.401321
-0.275711
-0.163284
-0.133713
-0.107605
-0.0978088
-0.111221
-0.126373
-0.182999
-0.233276
-0.257568
-0.248322
-0.219376
-0.192291
-0.186172
-0.190292
-0.375931
-0.736069
-0.834747
-0.589157
-0.404205
-0.373535
-0.607712
-0.925018
-0.819061

[9]
-0.336319
-0.0891876
-0.00794983
0.0838776
0.114487
0.10672
0.109268
0.0952454
0.106812
0.0919495
0.0907135
0.0594177
0.0406189
0.000518799
-0.0439453
-0.100952
-0.139359
-0.185211
-0.554306
-1.01569
-0.159317
0.146591
-0.459274
-0.440155
-0.637405
-0.908035
-0.915634
-0.572189
-0.300415
-0.20105
-0.191467
-0.2099
-0.168076
-0.165512
-0.163162
-0.161697
-0.122299
-0.13504
-0.155685
-0.171829
-0.189911
-0.242538
-0.266632
-0.1996
-0.190384
-0.567261
-0.781555
-0.343552
-0.434433
-0.692627

[10]
-0.79657
-0.917313
-0.96553
-0.653152
-0.179672
0.0324707
-0.00650024
0.0122986
0.0355682
0.0665436
0.0905151
0.110474
0.122498
0.11882
0.0863953
0.0328217
-0.0754395
-0.136948
-0.171265
-0.202103
-0.231018
-0.262421
-0.708115
-0.978882
-0.160721
-0.378098
-0.818085
-0.790634
-0.888077
-0.820206
-0.582764
-0.450958
-0.309753
-0.173706
-0.101242
-0.073822
-0.102158
-0.130585
-0.131042
-0.125961
-0.128448
-0.147903
-0.19371
-0.201233
-0.170624
-0.147247
-0.129105
-0.125275
-0.101761
-0.448685

[11]
-0.902466
-0.696609
-0.630341
-0.732986
-0.569656
-0.516464
-0.566071
-0.409882
-0.173096
-0.0558929
-0.00524902
0.0597992
0.0824432
0.0558319
0.0652313
0.0489655
0.0360565
0.0345764
0.0265961
-0.000289917
-0.0253143
-0.0717468
-0.124466
-0.15451
-0.216812
-0.597198
-0.983337
-0.363083
-0.375488
-0.619675
-0.558334
-0.711243
-0.773941
-0.677246
-0.492859
-0.361221
-0.249283
-0.224884
-0.203644
-0.15062
-0.128571
-0.109726
-0.125732
-0.129837
-0.132187
-0.149734
-0.177551
-0.213776
-0.242462
-0.240295

