[1]
0.508102
0.508102
-0.0434875
0.0548096
-0.118317
-0.0851135
-0.0473633
-0.133972
-0.192352
-0.195419
-0.120605
-0.121368
-0.0637512
-0.0894318
-0.153549
-0.152481
-0.178757
-0.134048
-0.164932
-0.165405
-0.188995
-0.165878
-0.128174
-0.217651
-0.190994
-0.222092
-0.303375
-0.373566
-0.436539
-0.562805
-1.63457
-0.999847
-0.85582
-1.11526
-1.37854
-0.283112
-0.163132
-0.434509
-0.761322
-0.784561
-0.732742
-0.608749
-0.495743
-0.423309
-0.502426
-0.508118
-0.469986
-0.085022
0.0613251
0.330627

[2]
0.672302
0.845062
0.847015
1.26187
2.47571
0.893921
-0.398788
-0.902191
0.459534
0.0931702
0.383392
-0.101532
-0.0506592
0.169998
-0.0931854
0.000991821
-0.0288544
-0.160492
-0.220474
-0.21756
-0.138855
-0.09552
-0.0414276
-0.122162
-0.105042
-0.109436
-0.0837708
-0.0673218
-0.118256
-0.164566
-0.158661
-0.121841
-0.138901
-0.154831
-0.167999
-0.171661
-0.200226
-0.306091
-0.356018
-0.471405
-1.07967
-1.18806
-0.756561
-0.766434
-0.946381
-0.97139
-0.179642
-0.250473
-0.730591
-0.727661

[3]
-0.617935
-0.547791
-0.421371
-0.346558
-0.441422
-0.474274
-0.153198
-0.0819397
0.0720062
0.306732
0.552795
0.703247
0.769501
0.973404
1.85988
1.75861
1.07724
-0.27066
-0.476669
0.387924
0.279114
0.367599
0.0747833
0.0757446
-0.0538635
-0.130463
-0.162125
-0.185226
-0.235687
-0.200165
-0.132965
-0.118759
-0.108215
-0.122543
-0.142685
-0.0504303
-0.0707092
-0.0997772
-0.0391083
-0.0227356
-0.0631256
-0.0789337
-0.0679932
-0.0735474
-0.0427246
-0.0827026
-0.12973
-0.211487
-0.09758
-0.167053

[4]
-0.230225
-0.309601
-0.569199
-0.785004
-1.18619
-0.381485
-0.725677
-0.733841
-1.34555
-0.225037
-0.090744
-0.397827
-0.72316
-0.807816
-0.732742
-0.595627
-0.486084
-0.435867
-0.464462
-0.466949
-0.418045
-0.314056
-0.0969238
0.243011
0.613647
0.996521
1.22546
1.37009
2.27562
0.906723
0.477036
-1.11871
0.394363
-0.0904236
0.366226
0.052948
-0.0202637
0.118179
0.15918
0.098587
0.0255432
-0.150482
-0.174789
-0.12558
-0.0209045
-0.00836182
-0.00964355
-0.0813446
-0.103745
-0.0902252

[5]
-0.0305481
-0.0122986
-0.0221405
-0.0895538
-0.0584412
-0.0219116
-0.0330505
-0.116302
-0.145691
-0.12886
-0.225311
-0.282913
-0.310349
-0.605865
-1.10162
-0.908554
-0.971985
-0.882889
-1.08664
-0.225739
-0.148788
-0.649643
-0.69957
-0.61412
-0.498962
-0.418549
-0.441177
-0.468079
-0.570328
-0.079071
0.0241852
0.139328
0.412735
0.422501
0.311539
0.640488
1.0265
1.51218
1.87151
1.28983
1.36221
-0.71817
-0.0772095
-0.20369
0.784637
0.166611
0.185776
0.189102
0.15892
0.0505829

[6]
0.0124664
-0.0473328
-0.0601196
-0.0875397
-0.00733948
-0.0169067
-0.0357971
-0.0743713
-0.0939789
-0.0192566
-0.0374298
-0.0188904
-0.00752258
-0.0128479
0.00830078
-0.0164948
-0.0548248
-0.052475
-0.0566406
-0.0683594
-0.118286
-0.200073
-0.298431
-0.327072
-0.349152
-0.513626
-1.11383
-0.680023
-0.694855
-0.678421
-0.845215
-0.460312
0.129074
-0.181412
-0.570587
-0.65416
-0.55658
-0.454239
-0.4207
-0.375824
-0.421844
-0.415604
-0.435547
-0.229935
-0.00656128
0.199936
0.527679
0.896423
1.17488
1.41473

[7]
1.89696
1.86562
1.37596
-0.826019
0.162216
0.448242
0.611969
0.31044
0.0484314
0.127548
0.101898
0.10466
0.106033
-0.0892334
-0.165222
-0.14624
-0.0626221
-0.00746155
0.0877533
0.00874329
-0.0372009
-0.0497589
0.0162354
0.0211182
-0.023468
-0.0311432
-0.0379791
-0.00776672
-0.0427246
-0.0141296
-0.0886688
-0.123871
-0.164078
-0.286499
-0.367584
-0.260986
-1.62308
-0.668625
-0.976028
-0.779877
-1.82176
-0.0568542
0.02771
-0.300598
-0.697876
-0.728439
-0.666977
-0.379303
-0.31076
-0.472412

[8]
-0.543488
-0.340805
0.0228271
0.113968
0.186829
0.421921
0.663239
0.72052
1.00729
2.09248
1.91077
1.1476
-0.594131
-0.582031
0.116425
0.252045
0.396439
0.351044
0.231232
0.100647
0.0898132
0.106079
-0.0515747
-0.127228
-0.126404
0.0233002
0.0533447
-0.0127563
-0.0396423
0.0129547
0.0360718
-0.00830078
-0.0159607
-0.0300446
0.00454712
-0.000808716
-0.0287628
-0.0460205
-0.0266113
-0.0805664
-0.12146
-0.231598
-0.304764
-0.28244
-0.704636
-0.948029
-0.4245
-1.09924
-0.976746
-1.43906

[9]
-0.107834
0.0654755
-0.426468
-0.70108
-0.706741
-0.559235
-0.411346
-0.388855
-0.359207
-0.395477
-0.436523
-0.200211
0.0699158
0.335892
0.667664
0.916153
1.06331
1.26715
2.16731
2.06963
1.23232
-0.565582
-0.199615
0.0628967
0.71228
0.244293
0.212494
0.169174
0.253021
0.206161
0.214783
0.0276642
-0.0507965
-0.065094
-0.0145721
0.00849915
0.0436859
0.0423584
-0.0123138
-0.0160675
0.00448608
0.0365295
0.01474
-0.0114441
-0.053894
0.0151367
-0.047699
-0.0506134
-0.0488739
-0.0385895

[10]
-0.0704193
-0.31102
-0.42746
-0.671448
-1.35941
-0.999115
-1.06868
-0.809158
-0.899323
-0.249619
0.0762634
-0.752762
-0.805679
-0.568024
-0.417999
-0.359543
-0.291046
-0.327942
-0.342453
-0.12413
0.015686
0.24411
0.524658
0.855011
1.03586
1.1837
1.81943
2.20297
1.18654
0.284012
-0.725952
0.280823
0.583923
0.200409
0.282196
0.260712
0.256378
0.1241
0.122772
0.0348358
0.0236816
-0.138916
-0.0962524
-0.0372925
0.022049
0.0215912
-0.0438538
-0.0587158
0.0188599
0.0522308

[11]
0.0671234
0.0570984
-0.000900269
0.0203247
-0.00758362
-0.0421906
-0.0827789
-0.00856018
-0.0390778
-0.113434
-0.225952
-0.553482
-1.74763
-0.609909
-0.660828
-0.689041
-1.18327
-0.453033
0.00419617
-0.420502
-0.602814
-0.585159
-0.451431
-0.33606
-0.272049
-0.405258
-0.407883
-0.285019
0.0230713
0.154007
0.348022
0.578445
0.782959
0.962036
1.02132
1.42381
1.78517
1.60045
1.0688
-0.953827
-0.389603
0.880112
0.450211
0.101166
0.118118
0.226578
0.226364
0.230713
0.142471
-0.0446625

[12]
-0.121185
-0.0828705
-0.0192871
0.0192719
0.049118
0.00782776
0.00878906
0.00164795
-0.000335693
0.032486
0.0197449
0.0709381
0.0362549
-0.00961304
-0.0371094
-0.0737915
-0.126617
-0.108032
-0.1241
-0.248825
-0.440323
-0.680176
-1.23558
-0.615692
0.178345
-0.583267
-0.377518
0.156616
-0.19072
-0.624451
-0.596024
-0.520905
-0.50853
-0.501129
-0.457047
-0.382233
-0.355789
-0.350571
-0.309418
-0.281235
-0.213181
-0.0221558
0.497086
0.949158
1.39929
1.57173
1.36462
2.55937
0.131882
-1.41722

[13]
0.948822
0.372498
0.605759
0.238708
0.298462
0.110748
0.0187531
-0.00767517
-0.0237579
-0.0315704
-0.0203552
-0.0439453
-0.0591736
0.0224304
0.0179901
0.0310822
0.0252838
0.122345
0.081604
0.0721436
-0.00502014
0.0125427
0.00799561
-0.0292358
0.0388641
-0.044632
-0.0926514
-0.112427
-0.259369
-0.649521
-1.33641
-0.998611
-0.927872
-1.0811
-1.50699
-0.255661
0.379196
-0.342453
-0.649734
-0.621765
-0.524429
-0.359497
-0.313873
-0.360184
-0.410355
-0.185165
0.149109
0.206512
0.253357
0.826416

[14]
1.05629
1.26791
1.98595
2.03319
0.881989
0.870499
-0.84375
0.369354
0.649704
0.327072
0.376877
0.238373
0.222641
0.0141907
0.105194
0.12796
0.000839233
-0.0449829
-0.0281525
0.0241089
0.080658
0.0540771
0.0441742
0.0297241
0.0354919
0.0623932
0.0440979
0.0537567
0.0439148
-0.0277405
0.01474
0.00259399
0.00286865
-0.0628967
-0.100433
-0.209854
-0.257034
-0.768768
-1.04831
-0.459824
-0.968506
-0.76033
-1.7175
-0.131943
0.0271606
-0.540482
-0.690231
-0.652527
-0.560257
-0.417953

[15]
-0.328766
-0.346649
-0.409119
-0.373444
-0.152725
0.201508
0.458237
0.856903
1.32059
1.32214
1.756
2.52423
1.1353
-0.143387
-0.944687
0.884048
0.500443
0.403229
0.100449
0.213348
0.0951385
0.186798
0.209259
0.00682068
-0.11232
-0.0953979
0.017395
0.111618
0.0407867
-0.00247192
0.0627747
0.139832
0.126953
0.0622559
0.0241699
0.0314484
0.00799561
-0.00428772
-0.126358
-0.0439148
-0.0182495
-0.191452
-0.371628
-0.391479
-1.37138
-0.682816
-1.04507
-0.745117
-1.35738
-0.376648

[16]
0.143341
0.124435
-0.417801
-0.687103
-0.659607
-0.423309
-0.228638
-0.160492
-0.143585
-0.173752
-0.15126
-0.0831909
0.330307
0.798325
1.28958
1.56697
1.57411
2.34633
1.59471
0.882095
-1.38179
0.914612
0.314392
0.524979
0.362213
0.255295
0.261703
0.111649
0.164764
0.145676
0.0733795
0.0591736
-0.00775146
-0.04039
0.00038147
0.0117035
0.0953979
0.113998
0.0269318
0.0103455
0.0437622
0.095932
0.0626526
-0.0740662
0.0617676
0.0670624
0.0236664
0.0684967
-0.0272522
-0.151184

[17]
-0.190552
-0.298965
-1.58493
-0.988373
-0.977158
-0.701599
-1.48323
-0.14447
0.201721
-0.469421
-0.701248
-0.621048
-0.532318
-0.374435
-0.281067
-0.304001
-0.329102
-0.314072
-0.254333
0.0843964
0.312622
0.749008
1.06133
1.17322
1.75798
2.69234
1.08527
0.458954
-0.754089
0.262009
0.993317
0.386215
0.308975
0.239899
0.20929
0.160904
0.237061
0.062088
-0.0808105
-0.09729
0.0514069
0.11142
0.106415
0.0669098
0.0645142
0.0969391
0.110382
0.0493317
0.0815125
0.0779877

[18]
0.0311127
0.0718384
0.0178375
-0.0480194
-0.0256653
0.00151062
-0.173477
-0.284637
-0.587845
-1.78856
-0.437531
-0.885056
-0.885818
-1.08131
-0.0527344
-0.0877228
-0.632416
-0.589203
-0.519058
-0.433853
-0.303787
-0.252304
-0.378769
-0.389145
-0.277985
0.227173
0.455002
0.66803
1.01361
1.24597
1.18695
1.59418
2.17429
1.29533
0.571701
-0.713669
0.228073
0.276016
0.263794
0.337494
0.352051
0.263809
0.179001
0.118988
0.0668182
0.0411987
-0.068634
-0.0402069
0.0206451
-0.00564575

[19]
0.0523071
0.0852356
0.109344
0.117401
0.0683899
0.0107727
-0.0270691
0.0481567
0.0469513
0.0298309
0.0291748
0.015686
-0.0608521
-0.206223
-0.245773
-0.987976
-1.06746
-0.423492
-0.796799
-1.27615
-0.613388
0.14035
-0.226242
-0.710617
-0.679688
-0.558777
-0.42955
-0.317856
-0.271454
-0.356567
-0.312698
-0.235779
0.088562
0.287384
0.585678
0.877274
0.9366
0.915176
1.42747
2.60352
1.38934
0.673157
-0.51445
0.259903
0.333694
0.350616
0.392868
0.0973511
0.195114
0.124878

[20]
0.151245
0.0934906
0.0169983
-0.00550842
0.104355
0.0443573
0.00827026
-0.0384979
0.0980072
0.122101
0.0504303
0.043869
0.0917664
0.0837708
0.0511322
-0.00949097
-0.0858459
-0.0665588
-0.0158539
-0.0629883
-0.177643
-0.460052
-1.26126
-0.826569
-0.890594
-0.894501
-1.01804
-0.479843
0.11377
-0.205185
-0.569473
-0.599426
-0.529388
-0.415787
-0.340271
-0.321365
-0.334091
-0.34967
-0.315201
-0.134125
0.277054
0.613388
1.02815
1.39803
1.34407
1.63628
2.05684
1.51326
1.03682
-1.23596

[21]
0.423416
0.48967
0.49794
0.119339
0.205383
0.268494
0.187973
0.180801
0.138107
0.0279541
-0.107315
-0.024826
0.0793152
0.0866394
0.0556335
0.0766296
0.0582886
0.0536652
0.0813446
0.0953369
0.0657501
0.0148315
0.0410004
0.082428
-0.0119781
-0.0307007
-0.0349579
-0.0867157
-0.204605
-0.202759
-0.412231
-1.5708
-0.703293
-0.849167
-0.687988
-1.22879
-0.269791
0.00932312
-0.146149
-0.452057
-0.548676
-0.562668
-0.433182
-0.291611
-0.241013
-0.227234
-0.222885
-0.157654
0.0329895
0.351074

[22]
0.680481
1.22469
1.58221
1.51904
1.78181
1.92673
1.66582
-1.40784
0.239609
0.917679
0.420486
0.302719
0.143753
0.244843
0.0838318
0.151596
0.12851
0.0390625
-0.0787506
-0.0604401
0.00996399
0.0979462
0.0942841
0.0289001
0.0664825
0.0899353
0.109802
0.0917664
0.0359039
0.012085
0.0599213
0.0181274
0.0371552
-0.0252228
-0.0390015
0.0257568
-0.114334
-0.19339
-0.310501
-1.60736
-0.845078
-0.874634
-0.816071
-1.04961
-0.245972
-0.0643158
-0.434647
-0.547226
-0.495468
-0.404617

[23]
-0.340424
-0.291916
-0.292358
-0.290649
-0.252563
-0.219238
-0.247528
-0.0805969
0.327545
0.818039
1.46573
1.71889
1.95689
2.04898
0.605423
-0.00469971
-0.546906
0.358627
0.741623
0.518082
0.25061
0.190018
0.0919495
0.102325
0.172562
0.120468
0.0109558
-0.098114
-0.0127411
0.0406799
0.034729
0.0599823
0.0724335
0.0731201
0.0986938
0.108963
0.0883636
0.0677032
-0.0751801
0.0188446
0.0314484
0.00836182
-0.00991821
-0.0144196
-0.125549
-0.345688
-0.518036
-1.91827
-0.984131
-0.839539

[24]
-0.98912
-1.33545
0.0310669
-0.0447235
-0.674789
-0.636246
-0.552872
-0.395523
-0.316208
-0.268478
-0.279175
-0.329453
-0.290207
-0.0829926
0.345001
0.608124
0.933502
1.33383
1.30226
1.73268
2.65436
1.55367
0.159195
-1.40547
0.300568
0.0457306
0.630142
0.462402
0.286957
0.0856171
0.163177
0.0905457
0.152222
0.0403748
-0.00521851
0.0409241
0.0820007
0.0887299
0.0273438
0.0330048
0.018219
0.0309296
0.0460205
0.00299072
0.081192
0.0656433
-0.0127411
-0.0734253
0.00363159
0.0231018

[25]
-0.0613708
-0.18721
-0.416107
-1.18805
-0.865723
-0.81781
-0.77533
-1.20139
-0.640182
0.063858
-0.280045
-0.701706
-0.641586
-0.544418
-0.423004
-0.367935
-0.311493
-0.316391
-0.326004
-0.342117
-0.00991821
0.23938
0.547897
0.964157
1.11121
1.18391
2.66057
2.39648
1.06046
0.613235
-0.606552
0.215149
-0.0240784
0.649734
0.265228
0.235306
0.198273
0.207886
0.231918
0.143356
0.0523682
0.0519714
0.136902
0.167221
0.148041
0.101166
0.0515747
0.0960999
0.0235291
-0.0121918

[26]
-0.053833
-0.0187683
0.000961304
0.0217285
-0.0158997
0.0240479
0.00547791
-0.0355835
-0.141922
-0.252655
-0.227798
-0.613556
-1.65883
-0.877411
-0.703323
-0.855087
-1.43903
-0.0908661
0.103149
-0.512131
-0.667343
-0.612747
-0.4944
-0.339737
-0.269104
-0.259186
-0.239365
-0.265198
-0.250763
0.180908
0.499802
0.852417
1.18729
1.29263
1.70323
2.6794
2.13017
-0.719467
-1.11398
1.90543
0.151413
0.35524
0.190796
0.111298
0.231354
0.196579
0.032547
-0.0578003
0.00816345
0.141098

[27]
0.129883
0.0591736
0.118652
0.11058
0.112289
0.0890961
0.055481
0.105103
0.117416
0.0424805
0.0176544
-0.0576324
-0.0307617
-0.0249786
-0.100983
-0.242126
-0.332352
-1.11099
-1.09308
-0.80899
-0.822159
-0.995132
-0.0537415
0.558395
-0.0371399
-0.552505
-0.661179
-0.551102
-0.431015
-0.329605
-0.209488
-0.177963
-0.182831
-0.178802
0.124542
0.407547
0.884094
1.33315
1.53416
1.65988
2.30757
1.94913
1.12778
-1.38492
0.233521
0.845642
0.576462
0.476303
0.201721
0.171021

[28]
0.0351562
0.123352
0.0368195
-0.0559998
-0.105927
0.0233765
0.119705
0.120285
0.0710144
0.0605011
0.091156
0.100723
0.0639954
0.0523987
0.0518494
0.0545654
0.083374
0.0423889
-0.00395203
-0.0291138
-0.0163116
-0.140076
-0.147247
-0.457047
-1.45073
-0.433929
-1.12726
-0.763535
-1.43466
0.0483704
0.282944
-0.338745
-0.582367
-0.573792
-0.520721
-0.336273
-0.195724
-0.203201
-0.314865
-0.284286
-0.160339
0.476395
0.668213
0.854614
1.27762
1.3752
1.50746
2.05644
1.65714
0.813431

[29]
-1.43541
0.035614
0.675079
0.348007
0.329605
0.242874
0.110168
0.107086
0.0298309
0.0561066
0.0972443
0.0999908
-0.00239563
0.0193481
0.078125
0.137283
0.112808
0.0806885
0.0630188
0.0889893
0.0695496
0.0288544
0.0528259
0.0690155
0.0226593
0.0240021
0.0325775
-0.0118561
0.0522614
0.0574341
-0.029129
-0.138977
-0.232681
-0.600952
-1.298
-0.744812
-0.599152
-0.742828
-0.831772
-0.250946
0.283447
-0.492416
-0.635757
-0.532852
-0.406113
-0.286438
-0.243286
-0.304611
-0.231567
-0.0507355

[30]
0.220596
0.388306
0.579117
0.894882
1.12582
1.42879
1.86655
1.84888
0.422119
-0.029129
-0.959991
0.670776
0.796539
0.522171
0.364548
0.142365
0.0263824
0.0690155
0.111435
0.0196075
0.0265961
-0.0102692
0.0918732
0.0473328
0.0314941
0.0725861
0.092926
0.0985413
0.0324707
0.0460815
0.073349
0.0598145
0.0237579
-0.0218964
-0.0323944
0.00949097
0.0214081
-0.0192871
-0.129471
-0.165817
-0.497971
-1.57948
-0.787216
-0.364456
-0.771881
-1.20483
-0.124435
0.0326996
-0.104904
-0.412247

