[1]
0.353836
0.353836
0.0878296
0.166718
-0.0259857
0.0068512
0.0600433
0.0276642
-0.0352173
0.0067749
-0.0493011
-0.0578766
-0.0257721
-0.0315857
-0.0193787
0.0058136
-0.0126801
0.0150299
0.0342865
0.038208
0.0691986
0.0827026
0.153992
0.193481
0.241928
0.374435
0.420395
0.482513
0.781998
1.09048
1.11327
1.13759
0.909653
0.829987
0.282944
-0.896774
-0.141327
-0.409561
-0.748566
-0.802307
-0.800735
-0.722122
-0.608841
-0.552399
-0.536194
-0.459961
-0.152939
0.0626373
0.40361
0.970856

[2]
1.04446
1.07524
1.10835
1.13301
0.988144
1.08693
-0.307816
0.153122
0.381973
0.756805
0.208801
-0.0440521
0.207703
0.110947
0.121277
-0.0652008
0.0753937
-0.0292053
-0.0102692
-0.00331116
-0.0418091
-0.0165863
-0.00292969
-0.0202179
-0.0270996
0.00216675
0.0459137
0.0641327
0.0198364
0.038559
0.0664825
0.132599
0.140442
0.196274
0.195847
0.222061
0.322876
0.463638
0.625076
0.920212
1.1178
1.13951
1.16182
0.643448
0.52948
-0.44101
0.0425568
-0.385834
-0.532913
-0.804733

[3]
-0.718643
-0.704025
-0.609955
-0.584824
-0.534592
-0.382767
-0.0870667
0.103073
0.467697
0.795944
1.04088
1.06889
1.10388
1.1353
0.932205
0.804764
0.393906
0.232437
0.26329
0.997421
0.292786
0.128403
0.0560913
0.115311
-0.0171051
-0.116531
-0.0727386
-0.0234833
-0.0162506
-0.0182495
-0.0310364
-0.032486
-0.04216
0.00262451
-0.0163116
-0.0362549
-0.00634766
-0.0145264
0.0447998
0.0532532
0.0216064
0.0438232
0.0268707
0.0399475
0.0812225
0.101929
0.170197
0.208572
0.251572
0.28154

[4]
0.344757
0.513626
0.829102
1.07686
1.0932
1.07903
0.77179
0.652084
-0.114258
-0.528885
-0.466324
-0.374359
-0.740356
-0.727203
-0.777191
-0.736786
-0.642288
-0.587631
-0.52475
-0.414917
-0.235016
0.0553284
0.370636
1.00346
1.07478
1.11667
1.15305
1.12662
0.920547
1.16487
0.0297394
0.180283
0.337173
0.328308
0.401093
0.0545959
0.0755615
0.0750885
0.331757
0.10083
0.00523376
-0.00144958
-0.0330048
0.00932312
-0.00564575
0.0149841
0.0170898
-0.0126343
-0.00683594
0.00299072

[5]
0.0236511
0.0439453
0.0491638
0.0301056
0.132614
0.113312
0.141205
0.183014
0.181946
0.246552
0.358582
0.536194
0.769852
1.08075
1.09554
1.11366
0.823914
0.794098
-0.789917
0.0428467
-0.473068
-0.554108
-0.833679
-0.830597
-0.829865
-0.793777
-0.751724
-0.69841
-0.462097
-0.284195
0.0381165
0.361237
0.576447
0.899261
1.07791
1.11598
1.14879
0.909302
0.575745
0.559662
0.380569
0.00482178
-0.182358
1.12946
0.657898
0.217041
0.040802
0.22197
0.0696259
-0.00843811

[6]
0.119385
-0.023941
0.0256195
0.0305634
-0.0133362
-0.0138855
-0.0310211
-0.0118408
-0.0153351
0.00759888
0.0166168
0.0229492
0.024292
0.0307465
0.0635681
0.0586548
0.0968475
0.113525
0.192368
0.259277
0.282471
0.245499
0.312271
0.377121
0.613541
0.91066
1.0889
1.0771
0.678619
0.601959
0.387711
-0.893494
-0.608459
-0.289337
-0.702866
-0.76944
-0.668732
-0.633347
-0.560532
-0.541901
-0.509109
-0.407257
-0.186066
0.0997772
0.36586
0.893341
1.07933
1.12355
1.16698
1.19995

[7]
0.947556
0.617279
0.615753
-0.0322876
0.387772
0.768753
0.429276
0.296234
-0.133224
0.0287933
0.0649719
-0.00622559
0.0631409
0.109711
0.0525208
0.0185852
-0.00431824
0.0304565
0.0147552
0.0196838
-0.00535583
0.0299377
-0.00157166
0.0146942
0.0320892
0.0474701
0.103745
0.0932312
0.137238
0.2202
0.284363
0.362076
0.348236
0.463181
0.643616
1.05598
1.07123
1.08662
0.753235
0.919373
-0.454865
-0.917892
-0.598709
-0.490143
-0.93338
-1.00191
-0.88269
-0.777481
-0.650879
-0.576233

[8]
-0.478195
-0.153198
0.0990601
0.397842
0.908691
1.07416
1.11516
1.15814
1.17393
0.933838
0.585602
0.836121
-0.443512
0.00741577
0.566925
0.835312
0.152191
0.395111
0.0506744
0.0110931
0.0224915
0.0731964
0.0352936
0.0198822
-0.00698853
-0.0319366
-0.0311432
0.0139771
0.00898743
0.0160828
0.00830078
0.0109863
0.0684509
0.0676575
0.0511932
0.0365143
0.075592
0.17868
0.231949
0.247772
0.257858
0.343735
0.535553
0.794968
1.0573
1.0732
1.08957
0.655258
0.595947
-0.304291

[9]
-0.639465
-0.605804
-0.419739
-0.88591
-0.882111
-0.804214
-0.686569
-0.600845
-0.552338
-0.441208
-0.24173
0.141464
0.428375
0.850128
1.10558
1.15454
1.20215
1.12149
1.0266
0.722336
0.813889
-0.30365
-0.0771484
0.693863
1.04739
0.115204
0.0614777
0.251678
0.21843
0.0609741
0.0372772
0.0673523
0.0492401
0.0198669
0.0103912
-0.016922
-0.0338135
0.00918579
0.0343628
0.015274
0.035614
0.0513611
0.0248108
0.0427094
0.088974
0.0984955
0.146957
0.204819
0.275299
0.309036

[10]
0.415192
0.568283
0.929138
1.04559
1.06152
1.08078
0.606247
0.241333
-0.763306
-0.205231
-0.431549
-0.948456
-0.9552
-0.863953
-0.742523
-0.696594
-0.650848
-0.543915
-0.321808
0.0551605
0.291458
0.804138
1.08316
1.1239
1.17342
1.21916
1.11942
0.658066
1.08362
-0.00930786
0.0880127
0.528671
0.865646
0.0864258
0.20192
0.237
0.138794
0.045929
0.0583954
0.0471954
-0.00466919
0.0512848
-0.00762939
-0.00346375
0.0250549
0.00848389
-0.0149994
-0.0231781
0.0265198
0.0409088

[11]
0.0239868
0.0494385
0.0620117
0.0805359
0.112457
0.191498
0.273926
0.3349
0.391953
0.417023
0.609406
1.04593
1.05858
1.07066
0.934738
0.569626
-0.156677
-0.595078
-0.651703
-0.406723
-0.732712
-0.779221
-0.741074
-0.664307
-0.541946
-0.562119
-0.420914
-0.0684357
0.136169
0.484238
0.912628
1.1113
1.15645
1.19951
0.925903
0.773834
0.663147
0.605576
0.658646
-0.263641
0.624985
0.821487
0.684097
0.0207062
0.270935
0.0572205
0.0917969
0.131378
0.00993347
0.0545349

[12]
0.0173035
-0.0311279
-0.00184631
0.0395508
0.0312958
0.000595093
0.0141602
0.0123596
-0.0176697
0.0253906
0.0472565
0.0757141
0.0937805
0.0739899
0.10025
0.123672
0.175568
0.329773
0.378952
0.587952
0.855026
1.04677
1.05875
0.544098
1.08255
0.667557
-0.806076
-0.248917
-0.205948
-0.492249
-0.665451
-0.759659
-0.836121
-0.84552
-0.766556
-0.694046
-0.624268
-0.565247
-0.405304
-0.242828
0.0582123
0.550018
1.07074
1.14047
1.19638
1.23967
1.26289
1.25346
0.385193
0.445419

[13]
0.517258
0.504379
0.26944
0.189056
0.0758972
-0.0124512
0.0813904
0.0486298
0.0261688
0.0520325
0.0607452
0.0272064
0.000396729
0.0125885
0.0116272
0.0655365
0.0224609
0.0320282
0.0237427
0.0356445
0.0477295
0.0851135
0.109512
0.15451
0.237701
0.27536
0.335114
0.440598
0.749374
1.03915
1.04987
1.06403
0.890366
0.519791
-0.260269
-0.907684
-0.703506
-0.0934753
-0.898254
-0.885803
-0.829697
-0.754593
-0.720291
-0.584122
-0.383362
-0.0593872
0.254044
0.633011
1.09776
1.14934

[14]
1.20413
1.2554
1.28712
0.727142
1.2625
0.10994
-0.103531
1.12059
0.983643
0.368515
0.0891724
0.26236
0.109528
0.138809
0.00727844
0.0511932
0.0430298
0.0744934
-0.0116272
-0.012619
0.0154724
0.0448303
-0.00131226
-0.00244141
0.0222321
0.0533142
0.0996857
0.102554
0.0845795
0.0643158
0.159683
0.190643
0.252411
0.33255
0.395264
0.499069
0.833069
1.05029
1.06293
1.08025
1.10114
0.675095
-0.548294
0.00881958
-0.706879
-0.286926
-0.977371
-0.891068
-0.820038
-0.798294

[15]
-0.693161
-0.647552
-0.500107
-0.231476
0.177551
0.544846
1.0929
1.15065
1.20638
1.25397
1.11154
0.890732
0.979904
-0.27063
0.366714
1.19565
0.766968
-0.0284576
0.358368
-0.0287933
0.104935
0.0761261
0.0455933
0.0665894
0.0656281
-0.00592041
0.0153351
0.033783
0.0305634
0.0290375
0.0352936
0.0358582
0.0514069
0.0401917
0.0862274
0.0935974
0.10788
0.227753
0.216675
0.312759
0.385696
0.452332
0.707397
1.04199
1.05481
1.06667
0.955292
0.509186
-0.0847626
-0.771164

[16]
-0.819809
-0.327682
-0.687988
-0.945129
-1.01059
-0.732727
-0.705673
-0.604675
-0.53479
-0.368683
-0.0840149
0.379257
0.829453
1.14096
1.20255
1.2551
1.21942
1.03442
1.27975
0.0734711
-0.0911865
0.866943
0.77951
0.46991
0.252548
0.182846
0.190155
0.0805206
-0.0673523
0.123245
0.025177
0.0598145
0.0274658
-0.0242615
0.0149994
0.0186005
0.0360718
0.0441132
0.0197754
0.0252075
0.0381012
0.0588837
0.0829926
0.0477142
0.0904694
0.179489
0.267731
0.347809
0.41478
0.498428

[17]
0.699387
1.04225
1.05345
1.06674
0.815811
0.608047
-0.033371
-0.716049
-0.648804
-0.285751
-0.860901
-0.917633
-0.878464
-0.837921
-0.741745
-0.697266
-0.581223
-0.436371
-0.0569
0.226532
0.778305
1.13701
1.20195
1.26364
1.30927
1.31706
1.28648
-0.150055
0.171417
0.664093
1.20871
0.324112
0.299301
0.13266
0.152222
0.0664978
0.0476837
0.0562439
0.0361176
0.0577545
-0.00370789
0.0307617
0.0416565
0.030899
0.00442505
0.0381012
0.0535736
0.0410767
0.0862579
0.111389

[18]
0.101212
0.0990906
0.208267
0.289978
0.360504
0.428604
0.488754
0.774628
1.04877
1.06038
1.07419
0.752075
0.781799
-0.55867
-0.255936
-0.585388
-0.801865
-0.932922
-0.905533
-0.859711
-0.782471
-0.681015
-0.612793
-0.4142
-0.0553589
0.299637
0.801605
1.11923
1.17474
1.22592
1.26695
0.977081
0.781769
1.12096
-0.153412
0.375992
0.560333
0.970444
0.339279
0.607727
0.103363
0.144424
0.0354004
0.0815582
0.0557861
0.0439148
0.0227051
-0.00860596
0.0045929
0.00123596

[19]
0.0252533
0.0571136
0.0630188
0.0484924
0.0637512
0.0273743
0.0818329
0.130127
0.154526
0.157532
0.279404
0.320221
0.472672
0.607956
0.935318
1.04697
1.05722
0.989609
1.0869
0.402084
-0.707657
-0.365646
-0.386383
-0.884659
-0.952835
-0.893784
-0.898209
-0.799332
-0.71843
-0.589859
-0.437866
-0.0841827
0.166229
0.566986
1.06787
1.14035
1.1935
1.24255
1.27797
1.06752
0.682983
0.15274
0.24791
0.741196
1.11407
0.171402
0.590485
0.161575
0.0932312
-0.0650787

[20]
0.0351257
-0.0358429
0.0824127
0.0149841
0.0317383
0.026825
0.00950623
0.0275574
0.0495605
0.0333405
0.0251007
0.0516663
0.0634155
0.0662384
0.106384
0.113129
0.167282
0.194626
0.310349
0.417603
0.61084
1.03679
1.04643
1.05864
1.00339
0.783829
0.272858
-0.784576
-0.45018
-0.355469
-0.837326
-0.902328
-0.868362
-0.813934
-0.755463
-0.720993
-0.651077
-0.480576
-0.173004
0.24147
0.615738
1.10793
1.16055
1.20908
1.24974
1.02321
0.76123
0.717361
0.397629
0.0737915

[21]
0.801544
0.762924
0.565018
0.091629
0.176468
0.133194
0.115555
0.0461578
0.11113
0.0599823
0.0368958
-0.00564575
0.0247345
0.0178833
0.0251007
0.0240936
0.0243988
0.0187225
0.015274
0.0629425
0.0826569
0.0700684
0.0655823
0.150024
0.185486
0.240112
0.273361
0.295456
0.465775
0.722778
1.04263
1.05328
1.06544
0.584885
0.689041
-0.518402
-0.365051
-0.765823
-0.393951
-0.861221
-0.860901
-0.901978
-0.804367
-0.710403
-0.631271
-0.566788
-0.396225
-0.0975037
0.283218
0.753601

[22]
1.12196
1.17677
1.22221
1.25314
0.944611
0.890274
0.608932
-0.140839
0.471649
0.962738
0.374207
0.219131
0.098175
0.111984
0.0835724
0.0328522
0.0748901
0.0614777
0.0779114
0.0199585
-0.0170746
0.0332184
0.0148621
0.0158386
0.00978088
0.037262
0.0260773
0.0504456
0.0581055
0.0712433
0.0990906
0.137238
0.172867
0.224808
0.309555
0.357513
0.431992
0.73407
1.03601
1.04564
0.998184
0.660492
0.52803
-0.0842285
-0.506241
-0.463272
-0.486908
-0.757828
-0.824753
-0.848801

[23]
-0.763016
-0.681061
-0.661621
-0.59108
-0.437393
-0.19725
0.0247955
0.534958
1.06392
1.1606
1.21715
1.26271
0.967148
0.694839
1.26152
-0.466064
0.480637
0.515228
0.928787
0.371307
0.34938
0.0944366
0.0711975
0.00106812
0.0987701
0.0539703
0.0624084
0.05336
-0.0140991
0.0032959
0.0235291
0.0351257
0.0335236
0.019104
0.0514526
0.0667267
0.0812073
0.0763092
0.0347137
0.0745697
0.17482
0.254883
0.301727
0.422379
0.49939
0.712189
1.04344
1.05621
1.07092
0.673248

[24]
0.931519
-0.489258
-0.0989075
-0.597778
-0.800522
-0.88945
-0.925171
-0.862534
-0.792648
-0.699768
-0.6418
-0.500809
-0.254868
0.145935
0.506332
1.10042
1.15361
1.21185
1.26291
1.27353
1.0755
0.626862
0.2686
-0.0544739
0.412109
0.956345
0.503403
0.568039
0.289734
0.027359
-0.181549
0.125305
0.0361176
0.0689392
-0.00808716
-0.0090332
-0.00320435
0.0174866
0.0196686
0.0453491
0.0519257
0.0458527
0.0589752
0.0764313
0.107407
0.106476
0.131378
0.166916
0.234665
0.329269

[25]
0.436783
0.610138
1.03807
1.04771
1.05916
1.05219
0.613281
0.408813
-0.678787
-0.524536
-0.293198
-0.799988
-0.893188
-0.840729
-0.836868
-0.77359
-0.722046
-0.62883
-0.511444
-0.163361
0.178513
0.624573
1.11748
1.17914
1.24156
1.29448
1.32246
0.727173
1.10406
-0.110779
0.0628662
0.388596
0.494781
1.19801
0.0246277
0.327805
0.265579
0.237564
0.0238647
0.072998
0.0260315
-0.0223999
-0.017807
0.00495911
0.00926208
0.0280762
0.0391388
0.0328217
0.0197601
0.0175171

[26]
0.0544128
0.0727081
0.0609131
0.0963745
0.123917
0.200745
0.174179
0.326019
0.482758
0.639603
0.902039
1.0392
1.05045
1.01442
0.592239
0.805176
-0.53508
-0.10321
-0.708344
-0.328705
-0.981964
-0.949341
-0.890167
-0.827515
-0.756592
-0.701706
-0.597839
-0.399277
0.0352325
0.360321
1.01932
1.15604
1.21605
1.26736
1.30058
1.00076
0.842972
0.0376587
0.420883
1.21704
0.381577
0.448639
0.1707
0.00245667
0.0818329
0.0266876
-0.00248718
0.0795288
0.0360565
0.037323

[27]
0.0539246
0.0439606
0.0271301
0.0481567
0.0688477
0.0524292
0.0751648
0.116959
0.11998
0.0957336
0.0984344
0.164078
0.224899
0.300705
0.365677
0.552536
0.978027
1.04536
1.05765
1.07372
0.641983
-0.0640259
-0.974808
-1.17195
-0.198212
-0.611954
-0.98909
-0.911987
-0.780502
-0.736023
-0.684326
-0.576035
-0.423279
-0.111282
0.424225
0.794449
1.14253
1.20047
1.2525
1.29193
1.11292
0.82399
0.271149
0.223816
0.762756
0.964493
0.397842
0.173203
0.113342
0.0799561

[28]
0.147797
0.0065918
0.0492859
0.0697784
0.026825
0.00062561
0.00817871
0.0254669
0.0410309
0.0233154
0.030426
0.0296783
0.0388641
0.0808105
0.12059
0.108093
0.148819
0.203888
0.201599
0.302628
0.331985
0.429031
0.647324
1.03416
1.04449
1.05531
0.964752
0.416489
-0.52269
-0.525513
-0.835999
-0.290207
-0.998169
-0.944794
-0.906128
-0.790863
-0.687546
-0.67247
-0.530151
-0.34256
0.052475
0.56282
0.958771
1.13768
1.1926
1.23927
1.27228
0.982712
0.673828
0.710541

[29]
-0.224503
0.399216
0.911682
0.622131
0.149048
0.415527
0.0305634
0.131714
-0.0185699
0.0939941
0.121094
0.105072
0.0423889
0.0239716
-0.0127869
0.0271149
0.0080719
0.0209351
0.026123
0.0214844
0.0402527
0.0465546
0.0458069
0.071579
0.0867767
0.122055
0.137894
0.163345
0.256134
0.218643
0.361435
0.472549
0.689697
1.02733
1.0367
1.0466
0.755051
0.442154
-0.226807
-0.775101
-0.970245
-0.24765
-0.94281
-0.869064
-0.841843
-0.704315
-0.627701
-0.529465
-0.321777
-0.021347

[30]
0.241211
0.773788
1.11031
1.15956
1.20818
1.24512
1.00722
0.63002
1.07341
-0.0455933
-0.165237
1.10904
0.568741
0.379517
0.247742
0.15419
0.00393677
-0.0142059
0.0661621
0.0169373
0.0669708
0.0608521
0.0387878
0.0234528
0.0228729
0.0215912
0.0135803
0.0216827
0.0235748
0.0495758
0.0778961
0.0893707
0.0528412
0.0979767
0.149536
0.191345
0.256149
0.294403
0.395355
0.719604
1.02957
1.03769
1.04848
0.392242
0.900742
-0.538376
-0.76828
-0.558624
-0.539215
-0.773804

