[1]
-0.0573883
-0.0573883
0.104126
0.184143
0.0589752
0.0669403
-0.108566
-0.0549774
0.0411835
0.039856
-0.0301361
-0.0488892
-0.0857086
-0.0412598
-0.0477295
-0.0493622
-0.0637207
-0.0380707
0.0102234
-0.0522308
-0.10025
-0.139664
-0.126511
-0.150803
-0.111954
-0.231323
-0.203217
-0.257019
-0.266083
-0.368439
-0.734619
-0.875137
-0.674759
-0.0952759
-0.0804291
0.581329
0.334503
-0.274063
-0.383316
-0.538025
-0.454559
-0.412216
-0.307587
-0.199753
-0.15358
-0.264786
-0.199005
-0.533981
-0.248688
0.0715485

[2]
0.428543
1.13493
1.59654
1.79301
1.36006
1.26964
0.966614
-1.31956
-0.93898
0.189484
-0.0440826
0.532257
0.251755
0.250183
0.168472
-0.0936279
-0.236053
-0.0258484
-0.0107727
0.0721436
-0.0310974
-0.194901
-0.150497
0.0040741
0.00367737
-0.114105
-0.068222
-0.0649719
-0.05159
-0.0309448
-0.0795135
-0.138367
-0.208069
-0.205917
-0.221283
-0.201065
-0.163925
-0.141434
-0.135193
-0.200668
-0.573685
-0.493835
-0.635941
-0.227768
-0.527863
-0.309998
0.404312
-0.174927
-0.536713
-0.701538

[3]
-0.765274
-0.498657
-0.33728
-0.308212
-0.272125
-0.235291
-0.424347
-0.305878
-0.00762939
0.0362854
0.135574
0.581161
1.00049
1.28752
1.49628
1.54092
2.18007
-0.818665
-0.752182
0.555573
0.445053
-0.122147
0.357117
0.131302
-0.0137482
-0.0302429
-0.0509949
-0.0704651
0.0393677
-0.00762939
-0.135544
-0.183487
-0.0202179
0.0132294
0.0114594
0.0078125
-0.0682678
-0.0704803
-0.024353
-0.0746765
-0.0929718
-0.0451813
-0.0565796
-0.0995636
-0.098526
-0.0860443
-0.140793
-0.0736084
-0.158417
-0.217682

[4]
-0.171951
-0.176956
-0.0577545
-0.553375
-0.66629
-0.968445
-0.431793
-0.202988
-0.183197
0.482956
0.494659
-0.40596
-0.357086
-0.420914
-0.279755
-0.262848
-0.224731
-0.063324
-0.0714874
-0.0713043
-0.0582123
0.0280762
-0.158463
0.201462
0.347839
0.852875
1.22685
1.76544
1.86891
1.3857
0.965012
-1.14142
-0.454514
0.21524
0.0133514
0.415375
0.462448
0.171005
0.176834
-0.0555115
-0.210327
0.064209
0.0387878
0.109375
-0.110413
-0.110825
-0.049408
0.0371094
-0.0130768
-0.0641479

[5]
-0.0898438
-0.0486755
-0.0181885
0.00776672
-0.075592
-0.12439
-0.197311
-0.0654144
-0.176651
-0.238174
-0.0992737
-0.0700378
-0.0845947
-0.316452
-0.929871
-1.08685
-0.478455
0.0522766
-0.364502
0.573807
-0.152313
-0.321579
-0.521317
-0.501923
-0.41214
-0.304092
-0.229187
-0.163528
-0.0467682
-0.510635
0.130264
0.179642
0.312302
0.666977
0.851608
0.957779
1.18146
1.41579
1.18498
0.824219
-0.168442
-0.835236
-0.0424805
-1.55602
0.173737
0.621689
0.182755
0.0574493
0.00834656
0.167099

[6]
-0.0505524
0.110123
0.0179138
0.0474854
-0.059433
-0.0960083
0.00291443
0.0289764
-0.0164032
-0.0591125
-0.0210571
-0.0432129
-0.0376587
-0.0444336
0.0203705
-0.0138397
-0.0314941
-0.160217
-0.144775
-0.223801
-0.0918427
-0.0602722
0.0162506
-0.101028
-0.201675
-0.292694
-0.700043
-0.505081
-0.469604
-0.167694
-0.102493
-0.101456
0.547836
-0.501877
-0.53389
-0.755066
-0.717911
-0.408417
-0.229721
-0.143906
-0.0575867
-0.0675659
-0.0141754
-0.0548706
-0.0447235
0.0940857
0.237625
0.759674
0.938065
1.00749

[7]
1.19598
1.31636
1.28003
-0.700714
-0.600098
0.355789
0.368286
0.199463
0.210419
0.402527
0.100113
-0.0878754
-0.113129
-0.00234985
0.0597534
0.190979
0.0399628
-0.105362
-0.096283
0.0511017
0.107056
-0.0315094
-0.0524902
-0.0158539
0.00968933
-0.00495911
0.0162811
-0.0719147
-0.100479
-0.156784
-0.107849
-0.138779
-0.233475
-0.20787
-0.219009
-0.166138
-0.860641
-0.976578
-0.612228
0.0822601
-0.27742
0.824219
0.36821
-0.5336
-0.430099
-0.621338
-0.570221
-0.36972
-0.162735
0.0287933

[8]
-0.134842
-0.0140839
-0.214127
0.0156097
0.486328
0.858002
1.30838
1.58044
1.67375
1.03937
0.89476
0.493668
-0.284485
-0.936264
-0.795044
0.844803
0.10376
0.496918
0.222534
0.155518
0.164795
0.000946045
0.110626
0.00572205
0.0337067
-0.0828857
-0.0969391
0.0355682
0.0392303
0.0124207
-0.0465546
-0.0154877
0.0256348
0.0281525
0.0748596
0.00872803
-0.11322
-0.213348
-0.144516
-0.109497
-0.119278
-0.0808105
-0.12207
-0.076889
-0.335007
-0.646667
-0.780319
-0.843628
0.0128326
-0.369202

[9]
0.521942
0.575974
-0.469437
-0.38887
-0.526474
-0.40741
-0.314346
-0.133301
-0.000732422
0.0284882
0.0172729
-0.0144958
0.01651
0.390396
0.680527
1.1915
1.34042
1.46008
1.27687
0.88623
0.164795
-0.664627
-0.317291
-0.890793
0.348129
0.0920258
0.751999
0.241119
0.179062
0.186539
-0.0227203
0.0206909
0.0752258
0.143875
0.12999
-0.0604858
-0.0942688
0.0469208
0.130737
0.0142517
-0.0414124
0.0176849
0.0308533
0.00834656
0.0100708
0.0569611
0.0562897
-0.0643311
-0.20723
-0.213882

[10]
-0.0914154
-0.0537872
-0.139954
-0.20639
-0.385086
-0.51828
-0.564819
-0.1539
-0.199188
0.128815
-0.75351
-0.356659
-0.626923
-0.64035
-0.423248
-0.25766
-0.21106
-0.230606
-0.260895
-0.321793
-0.252075
0.324631
0.513184
0.663879
1.03169
1.39615
1.49849
1.245
0.747559
0.447906
-0.861572
-0.614624
0.381134
0.282501
0.62326
0.390732
0.10965
0.211182
-0.0659332
0.0107574
0.0693207
0.212952
0.0375366
-0.0428772
-0.0532074
0.0319672
0.0795288
0.0289154
0.035553
0.0108185

[11]
0.0180817
-0.00744629
0.00692749
-0.0259705
-0.109802
-0.106781
-0.119095
-0.160675
-0.189011
-0.21991
-0.187424
-0.107773
-0.406418
-0.785294
-0.771149
-0.0280609
-0.283096
0.110184
0.405945
-0.689316
-0.53421
-0.612656
-0.448013
-0.285614
-0.0969696
0.0436401
0.0772705
0.108475
0.000549316
0.207138
0.522095
0.899734
1.36412
1.63217
1.64046
1.38228
1.07472
1.02028
-0.444229
-0.774597
-1.6873
0.197388
0.334198
0.656021
0.505814
0.200089
0.180832
0.00404358
-0.049057
0.139725

[12]
0.127579
0.0954132
-0.132858
-0.0604248
0.0666351
0.0939941
0.0322113
-0.030899
0.0404053
0.0408173
0.0366821
0.0301819
-0.0205078
-0.0339813
-0.0434875
0.0291901
-0.042572
-0.0910187
-0.0545502
-0.0775604
-0.0822144
-0.310425
-0.657928
-0.750275
0.284576
-0.144867
-0.260696
0.215408
-0.324036
-0.337952
-0.424957
-0.438812
-0.414444
-0.33876
-0.25528
-0.224075
-0.206848
-0.145187
-0.106995
-0.0704346
-0.062912
-0.085556
0.0285339
0.303146
0.719406
1.11568
2.24257
2.04971
0.215775
-0.81076

[13]
0.151291
0.304703
0.241638
0.297852
0.336487
0.171188
0.111725
0.0754242
0.075882
0.0583954
0.0455627
-0.0507965
0.0507202
0.082489
0.0401764
0.111176
-0.0377197
0.05896
0.0374146
0.0189209
0.0266876
-0.00212097
-0.0653381
-0.110519
-0.0888367
-0.0589294
-0.0904388
-0.13385
-0.219193
-0.237915
-0.675735
-1.11058
-0.613937
-0.26004
-0.287216
0.301422
0.730896
-0.813095
-0.486526
-0.68692
-0.485565
-0.447876
-0.257996
-0.12117
-0.0969086
-0.084671
-0.20787
0.087738
0.46347
0.824875

[14]
1.1991
1.50774
1.80267
1.51961
1.5054
0.858795
0.157349
-1.42352
0.220535
0.296005
0.4767
0.170105
0.268341
0.321274
0.0451813
-0.111038
0.0385742
0.040863
0.0197144
0.0730591
0.00172424
0.0423584
0.0415802
0.0514221
0.0412903
0.00259399
-0.0370789
0.00691223
0.0265656
0.024353
-0.134003
-0.159546
-0.0819702
-0.13147
-0.130127
-0.106827
-0.0827484
-0.491165
-0.906403
-1.18158
-0.680435
-0.274734
-0.367706
0.598663
0.369293
-0.577774
-0.287292
-0.538422
-0.349426
-0.233368

[15]
-0.0568848
-0.0273132
-0.0276642
-0.0473785
-0.0254822
-0.12236
0.240784
0.746674
1.30052
1.71422
2.18884
1.63605
0.801147
0.195572
-1.81261
-0.00361633
0.821915
0.00286865
0.730286
0.20578
0.234177
0.0621643
-0.0404358
0.0362549
0.173141
0.129578
-0.0952301
-0.0150909
0.0883026
0.0762024
0.026947
0.00349426
0.0670776
0.0715332
0.0422516
0.0083313
-0.0847778
-0.143204
-0.244949
-0.14209
-0.178925
-0.182983
-0.0549469
-0.212402
-0.721466
-0.639816
-0.689636
-0.533493
-0.374283
0.271835

[16]
0.937668
-0.471817
-0.33374
-0.503143
-0.672577
-0.49855
-0.372467
-0.300079
-0.264572
-0.25592
-0.264099
-0.0695648
-0.240753
0.312469
0.878662
1.51559
1.72705
1.62624
1.28851
1.26218
-0.531158
-1.26447
0.319366
0.238266
0.741318
0.1082
0.222153
0.274719
0.0717773
-0.00578308
0.0245361
-0.0067749
0.103088
0.0770264
-0.0183258
-0.00704956
0.046463
0.0792389
0.0101624
-0.0221405
0.0228424
0.0136261
0.0236664
-0.00502014
0.0155334
-0.0430603
-0.0209351
-0.0881195
-0.128494
-0.176926

[17]
-0.249512
-0.312683
-0.703262
-1.06778
-0.405273
-0.284622
-0.195938
0.558868
0.688248
-0.598831
-0.403137
-0.64183
-0.479218
-0.344376
-0.18988
-0.141357
-0.102844
-0.140625
0.015564
-0.151871
0.102097
0.534103
0.699844
1.13698
1.82056
1.99059
1.78667
0.556931
-0.810654
-1.03975
0.365555
0.411728
0.85643
0.205246
0.265839
0.14444
-0.0442657
0.0614014
0.143524
0.133163
0.0146332
0.0163879
0.00387573
0.0854492
0.0912781
0.0839539
0.00262451
-0.0466766
0.0318756
0.0388947

[18]
0.078537
-0.0392609
-0.136154
-0.145187
-0.171951
-0.25145
-0.243912
-0.119049
-0.29837
-1.15315
-0.749573
-0.378677
-0.250519
-0.343903
0.208359
-0.226593
-0.45961
-0.516678
-0.457489
-0.317139
-0.214798
-0.126587
-0.125168
-0.193314
-0.11348
-0.292099
0.0605621
0.477234
1.01665
1.67659
2.06677
1.80013
1.44917
1.31042
0.0256195
-1.13602
-0.874908
0.439468
0.265518
0.486069
0.410629
0.213074
0.114746
0.1492
0.0590668
0.0091095
0.164597
0.0516815
-0.058075
-0.00515747

[19]
0.0809784
0.116547
0.0218506
-0.024353
0.0463715
0.0813293
0.0304871
-0.0072937
-0.0655518
-0.000534058
-0.142395
-0.172714
-0.123611
-0.0593719
0.0304718
-0.476105
-1.1432
-0.902878
-0.337204
-0.115005
0.045517
0.238434
-0.496277
-0.359253
-0.479752
-0.429581
-0.297012
-0.186234
-0.152863
-0.0744476
-0.132202
-0.0469818
-0.190689
0.15799
0.490845
0.674469
1.01926
1.51949
2.16052
1.63155
1.34535
0.232941
-0.580795
-1.18724
0.817215
0.177765
0.77095
0.538879
0.243561
-0.0295715

[20]
0.101776
0.0830536
0.192795
0.0753174
0.0175171
0.0186615
0.0416565
0.0429688
0.0493011
0.00157166
0.0318604
0.0682983
0.0762482
0.00436401
0.0191803
0.00474548
-0.0411224
-0.126633
-0.0620575
-0.132553
-0.0858154
-0.0722809
-0.540909
-0.767807
-0.736206
-0.187119
-0.132095
0.100693
0.472641
-0.36087
-0.441071
-0.588394
-0.494049
-0.315079
-0.0677948
0.0871735
0.0883484
0.0566864
0.0379791
0.103546
-0.0906677
0.375443
0.707504
1.11011
1.54533
1.43568
1.1611
1.33118
0.478577
-0.716965

[21]
-1.52271
0.243546
0.453217
0.428314
0.363342
0.252747
0.244186
0.0431671
0.0882263
0.0499268
0.0947418
0.0658264
0.00738525
0.000610352
0.119202
0.136902
0.0907288
0.00187683
0.00387573
0.0731049
0.0493927
0.00592041
-0.0162811
0.021698
-0.0306549
-0.0429688
-0.113403
-0.119308
-0.105957
-0.131332
-0.104385
-0.587631
-0.932755
-0.491791
-0.178879
-0.238861
0.283218
0.587265
-0.417725
-0.417862
-0.561295
-0.434006
-0.331635
-0.255371
-0.152634
-0.111542
-0.144348
-0.154144
-0.0314941
-0.0891571

[22]
0.424454
0.993958
1.53914
1.78662
1.40125
1.01755
1.15807
-0.586792
-0.636047
0.534393
0.306442
0.466858
0.265915
0.192154
0.27121
0.097702
-0.00575256
0.0838928
0.100677
0.141296
-0.0466919
-0.0125275
0.0497589
0.130173
0.0372162
0.0569916
0.0795441
0.0220642
-0.00772095
0.0410767
0.0184937
-0.0252228
-0.109512
-0.0687561
-0.0466614
-0.126572
-0.153366
-0.176468
-0.159622
-0.611343
-0.924347
-0.398422
0.0427551
-0.0831451
0.453964
0.300507
-0.565414
-0.639984
-0.661545
-0.542847

[23]
-0.400879
-0.265884
-0.151886
-0.0938873
-0.0716705
-0.0231171
0.163834
-0.0917664
0.102158
0.529953
1.03963
1.39764
1.97789
1.36391
1.34796
0.442978
-1.03435
-0.111542
0.406937
0.334366
0.527863
0.324249
0.13121
0.158478
0.0417938
0.0502319
0.0572815
0.169846
0.016098
-0.0537262
0.00489807
0.116577
0.0892487
-0.0206451
0.0955811
0.0374298
0.0657349
0.0411987
0.0431061
-0.0959015
-0.127243
-0.0542755
-0.16951
-0.227036
-0.182816
-0.143875
-0.128952
-0.699982
-0.903244
-0.402237

[24]
-0.267822
-0.385468
0.47084
0.135254
-0.415527
-0.588455
-0.589111
-0.446457
-0.308746
-0.228271
-0.244034
-0.253525
-0.208145
-0.149628
-0.341354
0.091629
0.43541
1.30267
1.76881
2.21367
1.83975
1.46497
-0.729004
-0.167709
-1.38385
0.714371
0.405533
0.794907
0.235443
0.249557
0.0851746
0.35553
0
0.0767975
0.0866699
0.0444336
0.0654602
0.0540619
0.0581665
0.0439606
-0.00839233
0.00326538
0.0302429
0.0214996
0.0470581
0.0306549
-0.102661
-0.0493774
-0.147202
-0.120926

[25]
-0.0230713
-0.081543
-0.0855713
-0.552933
-1.12991
-0.805786
-0.120773
-0.125183
-0.0658112
0.569031
-0.443283
-0.389832
-0.48494
-0.419983
-0.270721
-0.161911
-0.0703583
-0.0299072
-0.00697327
-0.00352478
-0.150681
0.0889893
0.325821
0.722137
1.01329
1.52539
1.92857
0.906876
1.59714
-0.25563
-0.821289
-0.405167
-0.872543
0.680527
0.299057
0.70932
0.115936
0.402359
0.123856
0.095932
0.0869751
-0.0135345
0.177994
0.146271
0.140152
0.0481873
0.0678253
0.13591
0.0566864
0.039856

[26]
-0.0329285
-0.00511169
0.0514984
0.0384216
0.00312805
-0.0228271
-0.155579
-0.0802765
-0.0814819
-0.117096
-0.200745
-0.476974
-1.04565
-0.722839
-0.528046
0.0874939
-0.316589
0.429672
0.36293
-0.551224
-0.449951
-0.661819
-0.497238
-0.299515
-0.156708
-0.0338898
-0.0104828
0.0444183
0.194443
-0.0790253
0.388672
0.896255
1.19518
1.58365
1.88342
1.45593
0.531494
-0.67218
-1.58562
0.469986
0.547852
0.820511
0.398819
0.402908
-0.0268707
-0.0929413
0.18277
0.300018
0.00775146
-0.0333252

[27]
0.0277405
0.128479
0.0760498
0.0616302
0.0707855
0.0337524
0.0414124
-0.0282135
-0.000762939
0.000762939
-0.00976562
-0.0205688
-0.0391235
-0.147415
-0.207825
-0.141937
-0.111389
-0.440155
-0.55954
-0.410995
-0.313721
-0.432312
0.252365
1.02913
-0.528015
-0.46286
-0.535706
-0.702362
-0.366699
-0.159836
-0.106369
-0.134415
-0.182037
-0.207169
-0.280685
-0.260223
0.384964
0.713577
1.31053
1.77518
1.52785
1.17476
1.8376
-1.62077
-0.424606
0.616364
0.559784
0.203934
0.29689
0.258987

[28]
0.240356
0.0157623
0.0295715
0.0718079
0.0675964
0.0587769
0.0250092
-0.00132751
0.130188
0.0725861
0.079483
0.0723419
0.0501556
0.0630493
0.108475
0.0858154
-0.127762
0.00762939
-0.0369415
-0.127457
-0.159134
-0.173615
-0.0663452
-0.215286
-0.725998
-0.89679
-0.424362
-0.0567017
-0.29425
0.62056
0.801559
-0.488327
-0.335953
-0.563049
-0.407196
-0.328735
-0.20459
-0.189728
-0.195221
-0.290268
-0.160568
-0.479935
-0.148697
0.296173
0.705765
1.45825
1.91463
1.55939
1.33731
1.54977

[29]
-0.192902
-0.650681
-0.186905
0.348495
0.414948
0.298843
0.282944
0.214905
0.180405
0.059021
0.10144
0.0662537
0.0367279
0.167542
0.0822601
0.0840607
0.084137
0.154053
0.113403
0.0612946
0.0956421
0.0573273
0.0701141
0.0679321
0.0544281
0.0259705
0.0159454
-0.000915527
-0.0800629
-0.121979
-0.0325317
-0.180923
-0.201477
-0.105896
-0.326477
-0.581665
-0.862381
-0.134598
-0.256516
0.393829
0.763306
-0.576996
-0.467346
-0.689865
-0.516495
-0.370636
-0.28241
-0.148392
-0.195633
-0.201172

[30]
-0.365952
0.037384
0.432007
0.825699
1.48225
1.83832
1.59187
1.06212
0.832642
0.665283
-0.165604
-0.456985
0.860565
0.142548
0.216232
0.25853
0.192337
0.138504
0.0942078
0.144058
0.161713
0.0544434
-0.0109863
0.0636292
0.131729
0.120117
0.0728607
0.11084
0.106735
0.047699
0.0229645
0.0592804
0.0602875
0.034317
-0.0486908
-0.046524
-0.104797
-0.140976
-0.114746
-0.203583
-0.107864
-0.544235
-0.947495
-0.461456
0.145203
-0.225067
0.540421
0.200806
-0.392395
-0.465546

