[1]
0.0689545
0.0342712
-0.0322418
-0.0376587
-0.0108185
0.0954742
0.0904236
0.0452728
-0.0401306
-0.17984
-0.0750885
0.0676575
0.111389
0.111633
0.130859
0.148529
0.166199
0.158783
0.154572
0.103851
0.032486
-0.0123444
-0.0478973
-0.068985
-0.118637
-0.134308
-0.172806
-0.202927
-0.233444
-0.252182
-0.203262
-0.211655
-0.273651
-0.234741
-0.190887
-0.211472
-0.231598
-0.135468
0.182449
0.293655
0.177551
0.196457
0.0222778
-0.165375
-0.189636
-0.283554
-0.0916748
-0.00674438
-0.0141754
-0.00405884

[2]
-0.0145874
-0.0288696
-0.0688629
-0.0785675
-0.0222168
-0.0133209
0.0478363
0.027298
-0.0163879
-0.0245667
-0.0306244
-0.00430298
-0.00140381
-0.0150909
-0.0333099
-0.0284271
0.00259399
0.023819
0.0279694
0.0120392
0.00788879
0.0153046
0.0246429
0.00523376
0.0204773
0.0260925
-0.0015564
-0.0489502
-0.0107727
0.103287
0.152985
0.0583496
0.0712433
0.0568542
0.106842
0.121674
0.235382
0.0807648
0.0442963
-0.0576172
-0.100159
0.0608978
0.159927
0.239197
0.293533
0.297836
0.278885
0.198517
0.166351
0.161789

[3]
0.142624
0.125549
0.142563
0.100296
-0.0786133
-0.238998
-0.40416
-0.528763
-0.704422
-0.878159
-0.948654
-0.86972
-0.582382
-0.48761
-0.530182
0.0443115
0.558823
-0.106644
-0.181885
-0.163284
-0.240448
-0.162476
-0.0924835
-0.0563965
0.0385132
0.0209808
0.0289764
0.000854492
-0.0742645
-0.056076
0.0379791
0.0388947
0.00050354
-0.0546112
-0.0283813
-0.0080719
0.0221405
0.0500946
0.0462952
0.00993347
0.0219574
0.0332031
0.0558319
0.0575867
0.0354767
0.00950623
-0.0172882
0.0301666
0.0426025
0.0378265

[4]
-0.010788
-3.05176e-05
0.0335693
0.13089
0.224121
0.18782
0.279373
0.208313
-0.0797272
-0.106537
-0.0751648
-0.0664825
0.154099
0.247391
0.290161
0.243607
0.211807
0.170471
0.116211
0.0975952
0.0518646
0.0189362
0.0422821
0.0163879
-0.123123
-0.318069
-0.355347
-0.495163
-0.557755
-0.737213
-0.753922
-0.717041
-0.837158
-0.820053
0.0960388
0.585327
-0.0581665
0.0191956
-0.260452
-0.236572
-0.160187
-0.0753174
-0.0404358
0.0376282
0.111526
-0.0239258
-0.147812
-0.121277
0.0406189
0.106598

[5]
0.00860596
-0.0341644
-0.0477142
-0.00643921
0.000732422
-0.0299835
-0.0295715
0.0474243
0.059021
0.0469055
0.0322723
0.0180664
-0.0201416
-0.0648193
0.100555
0.156326
0.184738
0.103134
-0.0123749
-0.037674
0.0272217
0.0887146
0.105682
0.114792
0.253098
0.235367
0.173111
-0.0858154
-0.244797
0.0368195
-0.195755
0.312592
0.296112
0.235672
0.188568
0.128418
0.141022
0.110504
0.0482178
-0.0760651
-0.0956116
-0.154556
-0.267288
-0.405853
-0.625992
-0.819351
-0.865982
-0.821243
-0.698547
-0.602203

[6]
-0.645264
-0.720383
0.64003
0.354324
-0.226959
-0.23735
-0.303696
-0.18251
-0.0722351
-0.000869751
-0.0623169
-0.0165253
0.0158539
0.00273132
-0.0740814
-0.0331573
0.0502014
0.0766144
0.0246277
-0.0415344
-0.0487823
0.00605774
0.041275
0.0471497
0.0392456
0.0126953
0.0159149
-0.0148468
0.0184631
0.045639
0.0336914
0.00723267
-0.0106506
0.0434875
0.112015
0.0115204
-0.0331573
0.0535736
0.0579071
0.138641
0.181305
0.371613
0.400528
-0.0507812
-0.183075
-0.120972
-0.0392456
-0.0255432
0.235611
0.295685

[7]
0.267532
0.220688
0.220016
0.196472
0.103241
0.036438
0.0170441
-0.00912476
-0.0605316
-0.112213
-0.246063
-0.439163
-0.561371
-0.728607
-0.844269
-0.81131
-0.681488
-0.549347
-0.294617
0.139206
0.833038
0.220215
0.00335693
-0.298584
-0.462341
-0.226074
-0.0210114
-0.0121002
0.0184784
-0.0195465
0.0228424
-0.0267029
-0.0787048
-0.0459747
0.0359192
0.0784302
-0.0124054
-0.0428162
-0.0272827
0.0192108
0.021286
0.000137329
0.00526428
0.00483704
0.0185699
0.016861
0.0108337
-0.00521851
0.0292969
0.0362549

[8]
0.00746155
0.0353699
0.0356445
0.0792847
0.0119476
-0.0380096
0.0585175
0.127975
0.195908
0.187637
0.351181
0.351807
0.138931
-0.250763
-0.237991
-0.0136261
-0.209488
0.162613
0.260178
0.267807
0.190201
0.115494
0.0938721
0.115204
0.0866699
0.0118256
-0.0383911
-0.08461
-0.216888
-0.435669
-0.654678
-0.777451
-0.815491
-0.811691
-0.677048
-0.68605
-0.580368
-0.35849
0.0184784
0.881973
0.381241
-0.0850525
-0.261505
-0.280136
-0.266266
-0.144943
-0.0289307
-0.0229797
0.0252075
0.0337067

[9]
-0.0216675
-0.119598
-0.106552
0.0695648
0.092392
0.0381927
-0.0392609
-0.033844
-0.00799561
0.0338593
0.0455627
0.00125122
-0.0020752
0.0025177
0.0038147
0.00488281
-0.00137329
0.00469971
0.00605774
0.00398254
0.0115814
0.0123596
0.0499573
0.0413513
-0.03302
-0.0379028
0.0996857
0.193054
0.277832
0.333633
0.331375
0.074295
-0.223328
-0.167404
0.0504913
-0.000518799
0.258896
0.309692
0.258469
0.185318
0.173615
0.165222
0.126663
0.0905304
0.0937805
0.00778198
-0.132339
-0.346802
-0.585953
-0.596146

[10]
-0.740067
-0.787125
-0.711243
-0.617264
-0.715088
-0.557007
-0.390991
0.100601
0.565659
-0.139481
-0.151627
-0.242523
-0.204544
-0.218338
-0.0999756
0.0405273
0.0613251
0.0821686
-0.010788
-0.0897522
-0.126358
0.00238037
0.0879974
0.0437012
-0.0557098
-0.0397491
0.0178528
0.0294952
0.00250244
-0.00198364
0.0110474
-0.00686646
0.0113678
0.0142059
-0.00569153
0.0288086
0.0439453
0.0183105
0.0480499
0.025177
0.0378113
0.0393524
0.024826
0.0691681
0.0729065
0.107239
0.272095
0.452759
0.358276
0.0708313

[11]
-0.112808
-0.0417023
-0.00254822
-0.292587
0.220078
0.259857
0.254105
0.220291
0.150543
0.143433
0.127792
0.0568695
-0.00276184
-0.035614
-0.036087
-0.151352
-0.428757
-0.610825
-0.652374
-0.688293
-0.856064
-0.884537
-0.806747
-0.49791
-0.263229
0.0552216
1.06934
0.202179
-0.206757
-0.320526
-0.149521
-0.193741
-0.122696
0.0475922
0.0337067
0.0208282
0.00088501
0.00338745
-0.142532
-0.0893555
0.0365143
0.0870667
0.0469208
-0.0552826
-0.0658722
-0.00105286
0.0311127
0.044342
0.0156555
-0.030899

[12]
0.00012207
0.0106506
0.0191498
0.0195618
0.0374451
0.0378113
0.0232697
-0.0259094
0.00382996
-0.0342712
0.0621796
0.0259399
-0.00836182
0.0406647
0.205841
0.189133
0.358383
0.390213
0.134949
-0.177719
-0.16684
0.0465698
-0.309937
0.208054
0.275162
0.263641
0.209305
0.183899
0.176315
0.151535
0.127289
0.0727539
-0.0153351
-0.049942
-0.139221
-0.469299
-0.609543
-0.632446
-0.725967
-0.901917
-0.761734
-0.712601
-0.769684
-0.453293
-0.022171
0.927795
0.258636
-0.146606
-0.321289
-0.156525

[13]
-0.221893
-0.0905914
0.0223999
0.04422
-0.0140686
0.000350952
-0.0873413
-0.120834
0.014801
0.110062
0.0509644
-0.0279083
-0.0551453
-0.0100403
0.02211
0.00569153
-0.0157318
0.00569153
-0.00880432
0.0213928
0.0100708
0.014267
0.0150146
0.0149689
0.00665283
0.00346375
-0.0219269
-0.0059967
0.0574036
0.0682068
0.0286865
0.0258331
0.028595
0.0371399
0.0937805
0.179108
0.215271
0.284821
0.238083
-0.135696
-0.170181
0.0535583
-0.107895
0.151871
0.265854
0.308731
0.212112
0.172287
0.13414
0.100449

[14]
0.0400391
-0.00857544
-0.0400085
-0.165878
-0.425354
-0.627548
-0.762207
-0.678055
-0.712646
-0.775681
-0.746643
-0.732803
-0.643524
-0.343292
-0.196701
0.0807648
1.05086
0.270355
0.110611
-0.226578
-0.539459
-0.25531
0.0533142
0.0700684
-0.0918121
-0.0087738
0.0078125
0.0275879
-0.0621796
-0.0680542
0.063736
0.0797729
0.0254059
-0.0402679
0.00398254
0.03479
0.0286865
0.0202484
0.00628662
0.0218201
0.0149384
0.00668335
-0.0207977
0.00534058
0.0284271
0.0139771
0.0519867
-0.00430298
0.023056
0.0902252

[15]
0.104202
0.0959473
0.0875549
0.0181122
0.0629883
0.18396
0.38063
0.295639
-0.146835
-0.252151
-0.0404205
0.0255585
-0.041275
0.158493
0.252777
0.223709
0.169113
0.15799
0.144394
0.131912
0.0926971
0.0732269
0.102417
-0.0772247
-0.349899
-0.534637
-0.597275
-0.73941
-0.839783
-0.787079
-0.610046
-0.473602
-0.586975
-0.27153
0.229599
1.05289
0.332092
0.0555267
-0.234329
-0.412476
-0.368561
-0.0189667
0.108871
0.0562897
0.00210571
-0.0141296
-0.0431824
-0.152588
-0.0765991
0.117813

[16]
0.0959778
-0.00991821
-0.0676117
-0.0174561
0.0431976
0.0428619
0.03685
0.00349426
-0.00820923
0.0336761
-0.00338745
0.0190277
0.0113983
0.0231476
0.00912476
0.0400391
0.0641785
0.0393524
0.0271606
0.0535736
0.0805511
0.0809937
0.0766449
0.134811
0.227585
0.309158
0.365631
-0.0827789
-0.24472
-0.0674896
-0.026413
0.0442963
0.267838
0.263885
0.205612
0.18309
0.175278
0.138977
0.115509
0.108093
0.0562897
0.0329437
-0.0438385
-0.180984
-0.391418
-0.524109
-0.697662
-1.00439
-0.984467
-0.735413

[17]
-0.736191
-0.676285
-0.631012
0.0767365
0.797943
0.11026
-0.379837
-0.401382
-0.214813
-0.0971222
-0.0349121
-0.0286255
-0.0363464
0.0648041
-0.0199432
-0.10614
-0.0589294
0.0849152
0.0606079
-0.0220642
-0.0384521
-0.0126953
0.0289001
0.0476532
0.0232391
-0.00944519
-0.0103302
0.0288849
0.0753021
0.0555573
0.0204468
-0.0109253
9.15527e-05
0.0078125
0.0352173
0.0504761
0.078125
0.0359039
0.087738
0.0806274
0.114105
0.116623
0.126907
0.173782
0.301758
0.0203705
-0.106659
-0.0948181
0.116348
-0.290527

[18]
0.250443
0.345917
0.299667
0.22319
0.20697
0.208496
0.180344
0.123367
0.175308
0.113647
-0.03125
-0.1595
-0.32164
-0.489639
-0.513474
-0.607437
-0.696106
-0.677628
-0.833633
-0.779968
-0.684662
-0.565292
0.213028
0.380051
-0.0379028
-0.377335
-0.0549622
-0.0545044
-0.102844
-0.055542
-0.0825653
-0.0412598
1.52588e-05
-0.00323486
-0.0536804
-0.083786
0.00979614
0.0724945
0.0265961
-0.00158691
-0.0361328
-0.00160217
0.0746613
0.0317993
0.00814819
0.00801086
0.0162201
0.0201111
-0.0132294
-0.00369263

[19]
0.0371552
0.0289612
0.0246429
0.0164337
0.0135345
0.0492249
0.122879
0.0499725
-0.0220184
-0.0106506
0.0947571
0.136276
0.188782
0.296234
0.271912
0.250641
-0.230209
-0.216125
-0.0432281
-0.0373535
-0.0375977
0.260727
0.295731
0.207413
0.115082
0.118271
0.145218
0.12442
0.0626068
0.0141602
0.0326233
-0.0453491
-0.258316
-0.522995
-0.523438
-0.610977
-0.794495
-0.810806
-0.669769
-0.587677
-0.403595
-0.361801
0.12677
0.705658
-0.0547028
-0.269897
-0.284683
-0.059906
-0.126389
-0.0694427

[20]
0.00569153
0.00546265
0.0102844
0.034317
-0.0209198
-0.0948029
-0.0630493
0.0853424
0.0815277
0.0122375
-0.0498199
-0.0102386
0.0025177
0.0468445
0.0400848
-0.0105591
-0.0145416
0.00538635
0.0427246
0.0483398
0.0135193
0.012619
0.0211639
0.0221405
0.0383759
0.0812073
0.0697327
0.0300293
0.0184631
0.0112305
0.072998
0.157242
0.347031
0.378586
0.207916
-0.198425
-0.186951
0.0335388
0.0531006
-0.252472
0.115494
0.258316
0.251968
0.21553
0.176712
0.144135
0.0855865
0.0667725
-0.0348969
-0.0559845

[21]
-0.141953
-0.420822
-0.568512
-0.553482
-0.602158
-0.715393
-0.726135
-0.627884
-0.638672
-0.498093
-0.308243
0.0853882
1.08894
0.215454
-0.163651
-0.584808
-0.241898
-0.15361
-0.0190735
0.0253601
0.0130615
0.0353241
0.0379028
-0.00904846
-0.11203
-0.0690308
0.091156
0.104263
0.00958252
-0.0345764
0.00270081
0.0467987
0.0516205
0.0285797
0.00770569
-0.0349731
0.0219421
0.0265045
0.0271454
0.022522
0.00300598
0.00964355
0.00230408
0.0123596
0.0246124
0.0808563
0.0533447
0.00849915
0.0442505
0.0542603

[22]
0.0732422
0.174301
0.223434
0.361588
0.381454
0.0338135
-0.226883
-0.140244
0.026947
-0.306931
0.222839
0.295441
0.266434
0.185272
0.139435
0.143982
0.162857
0.0968018
0.0569
-0.0199127
-0.119431
-0.255981
-0.517273
-0.726196
-0.839859
-0.913452
-0.902679
-0.599915
-0.452774
-0.475388
-0.356781
-0.133881
0.150864
0.954361
0.173096
0.0379944
-0.284058
-0.499573
-0.264511
-0.0264435
0.015686
0.0368347
0.0398865
0.022644
-0.0471344
-0.0847321
0.00953674
0.087677
0.0623627
-0.0228577

[23]
-0.0280457
0.0148315
0.0426331
0.0214539
0.0390778
0.0209351
0.0107422
0.00515747
0.00654602
0.0240479
0.0299377
0.0453491
0.0496674
0.0273438
0.057251
0.0506287
0.0142975
0.0460205
0.0567627
0.0619202
0.0569611
0.138596
0.280319
0.335098
0.121201
-0.112717
-0.145081
0.0269928
-0.465485
0.225006
0.330811
0.275192
0.21254
0.174255
0.133759
0.110764
0.0779877
0.03302
-0.00285339
-0.0669403
-0.154861
-0.27211
-0.423172
-0.640076
-0.541748
-0.63205
-0.78334
-0.672485
-0.638306
-0.475723

[24]
-0.324158
0.502579
0.720688
0.0873413
-0.251389
-0.561325
-0.227356
0.00265503
-0.0137329
-0.0233612
0.0168457
0.0696411
0.0402679
-0.0692291
-0.0850372
0.0865479
0.152893
0.0384216
-0.0314331
-0.0424042
0.00912476
-0.0328674
0.0296783
-0.00538635
-0.00285339
0.00794983
0.013382
0.0415344
0.0420532
0.0420227
0.0477753
0.0440063
0.06073
0.0636139
0.0783234
0.0203705
0.0388947
0.0913849
0.0913391
0.112778
0.208328
0.319534
0.350632
0.0856628
-0.148666
-0.124893
0.117538
-0.18045
0.253586
0.272263

[25]
0.220978
0.172913
0.141586
0.153732
0.130936
0.0747223
0.0400391
0.0501251
-0.0106049
-0.222824
-0.462387
-0.56955
-0.634293
-0.705078
-0.78476
-0.635971
-0.556198
-0.619232
-0.274597
-0.238876
0.717911
0.572372
-0.0332642
-0.271286
-0.375931
-0.290665
-0.0850677
-0.00698853
0.00357056
0.0187378
0.052536
-0.00930786
-0.0958862
-0.00521851
0.11174
0.0879364
-0.0771484
-0.0568695
-0.00805664
0.0734253
0.0887146
0.0304413
-3.05176e-05
0.0121918
0.0350952
0.0464783
0.0269012
0.0319824
0.0420227
0.029953

[26]
0.0105896
0.0505371
0.0439301
0.0331726
0.0583954
0.0878296
0.089325
0.132278
0.152969
0.254944
0.358414
0.0972595
-0.171509
-0.131393
0.0773773
-0.0393219
0.302795
0.291
0.224564
0.17691
0.176743
0.154495
0.126297
0.0902252
0.065979
0.076355
-0.0443268
-0.394028
-0.393005
-0.587601
-0.605057
-0.451141
-0.43187
-0.394638
-0.585251
-0.597519
-0.477997
-0.344589
0.155975
0.609756
0.103195
0.118774
-0.294678
-0.441437
-0.201935
0.0104218
0.0451508
-0.0364838
-0.0358276
0.0332184

[27]
0.0132904
-0.0588379
-0.0314178
0.0728302
0.0856781
0.0189362
-0.0202637
0.00395203
0.0444183
0.0585632
0.0176239
0.0320129
0.0330658
0.0225677
0.0182495
0.0461426
0.0622559
0.0198822
-6.10352e-05
0.0188446
0.0809784
0.0318298
-0.038681
-0.00617981
0.0541992
0.136765
0.168472
0.274673
0.335678
0.369934
0.147507
-0.120605
-0.139572
-0.0205231
-0.192078
0.133713
0.291779
0.328262
0.3004
0.214569
0.159729
0.117386
0.099411
0.0592346
0.0382385
0.0185089
-0.0575104
-0.161377
-0.366394
-0.592911

[28]
-0.676895
-0.730743
-0.667358
-0.486816
-0.41423
-0.637299
-0.479004
0.797989
0.807739
-0.0419464
-0.168976
-0.225586
-0.190308
-0.217041
-0.0514069
0.0204315
-0.0103302
0.025528
0.0345001
-0.00900269
-0.0940704
-0.0467072
0.061264
0.0802155
0.0254211
-0.038681
0.001297
0.0274963
0.0590363
0.0361176
0.00849915
0.0183716
0.0294189
0.031601
0.0514221
0.0313263
0.0144348
0.00718689
0.0078125
0.00126648
0.100098
0.120178
0.0701141
0.0323792
0.0404358
0.0865784
0.026413
0.129623
0.294556
0.153275

[29]
0.190582
-0.148468
-0.248428
0.0222015
-0.271225
0.127136
0.253403
0.263702
0.180496
0.143265
0.146027
0.13472
0.0786591
-0.0167389
-0.0672913
-0.108994
-0.247162
-0.387543
-0.550034
-0.578827
-0.638123
-0.717361
-0.725479
-0.555145
-0.630417
-0.605606
-0.45079
-0.152359
0.0780945
0.900223
0.168015
-0.162582
-0.188309
-0.291321
-0.0696869
0.0116882
-0.0202637
0.029541
0.0558472
0.0349579
-0.0668182
-0.105576
0.0624084
0.0905457
0.0330505
-0.0142975
0.00183105
0.0481567
0.0477448
0.0394897

[30]
0.0377045
0.0136871
0.0112457
0.0270081
0.0401611
0.0340881
-0.00544739
0.0174255
0.0250397
0.0245514
0.039032
0.0288696
0.0597076
0.0549927
0.0775757
0.0873871
0.0939178
0.155746
0.207825
0.26004
0.170715
-0.0514221
-0.0353394
-0.0156708
-0.136398
0.0414581
0.284851
0.379852
0.306595
0.249008
0.200073
0.191986
0.157455
0.157593
0.147919
-0.00523376
-0.271393
-0.47287
-0.60437
-0.71875
-0.78566
-0.827576
-0.712067
-0.593735
-0.642487
-0.406006
-0.368454
-0.241608
1.0504
0.259537

[31]
-0.107925
-0.411514
-0.187637
-0.12262
-0.0583191
0.0180206
0.0367889
0.0518799
0.027359
0.0377808
-0.0831604
-0.0798798
0.0838928
0.142395
0.0384369
-0.0250092
-0.016098
0.0302124
0.0539856
0.0368805
0.0136108
0.00402832
0.0149078
0.0385284
0.0154419
0.0256348
0.0531921
0.0495911
0.0710907
0.0440063
0.0661011
0.0670013
0.0545807
0.0260468
0.078125
0.0975189
0.118134
0.176666
0.343857
0.195679
0.16301
-0.139618
-0.225464
0.0121613
-0.513519
0.296783
0.293777
0.172455
0.161652
0.263687

[32]
0.241272
0.121918
0.0696106
0.0359955
-0.059906
-0.222275
-0.473816
-0.661301
-0.670319
-0.708405
-0.783325
-0.763229
-0.566299
-0.400253
-0.413071
-0.36557
-0.327194
0.0315247
0.752808
0.621445
0.196487
-0.0810089
-0.329346
-0.328171
-0.120819
-0.0381775
0.0248718
0.00205994
0.00346375
0.0154419
-0.037323
-0.0674591
0.0111389
0.103088
0.0781708
-0.00198364
0.0065155
0.00744629
0.042572
0.0567322
0.0409851
0.031189
0.0120544
0.0223846
0.0303345
0.0392151
0.042099
0.0368042
0.0323334
0.0511169

[33]
0.0620728
0.0753021
0.0482178
0.0488739
0.0510101
0.048584
0.0923462
0.253052
0.403488
0.329956
0.186646
-0.204147
-0.166183
0.0451965
-0.204819
0.250031
0.294601
0.266312
0.201874
0.168716
0.142212
0.138245
0.103699
0.078064
0.0892944
-0.0124664
-0.165192
-0.40506
-0.506668
-0.42421
-0.506317
-0.472
-0.410965
-0.474747
-0.541351
-0.546814
-0.476746
-0.325348
0.266571
0.679214
-0.109772
-0.0204773
-0.11055
-0.222046
-0.146683
-0.0189972
0.00933838
-0.0227814
-0.026535
0.0397186

[34]
0.0207062
-0.0696716
-0.00675964
0.0436249
0.0650635
0.0387115
0.0145264
0.0130005
0.0323792
0.0523376
0.0414734
0.0259552
0.0039978
0.0258636
0.047287
0.0320282
0.0222778
0.0188599
0.0327148
0.026474
0.0174103
0.0446777
0.123932
0.0616913
0.0216217
0.0494995
0.0308838
0.104446
0.175354
0.376297
0.371689
0.275345
-0.169266
-0.266541
-0.00933838
-0.0119019
0.135269
0.205444
0.204544
0.15657
0.159317
0.127228
0.123734
0.130035
0.106171
0.0186768
0.0106659
-0.0683746
-0.24733
-0.504669

[35]
-0.486816
-0.46405
-0.48143
-0.48819
-0.462112
-0.451355
-0.47377
-0.44838
-0.396698
-0.0942993
0.636154
0.397461
0.207901
-0.203491
-0.743881
-0.165421
0.0522461
-0.0121002
-0.00141907
-0.00737
-0.0114899
-0.0179901
-0.0652924
-0.0214386
0.0599823
0.080719
0.00201416
-0.0167999
0.0206757
0.04776
0.0487518
0.0415497
0.0338593
0.0344391
0.0265045
0.0225677
0.0203094
0.00354004
0.0411835
0.0238647
0.0197906
0.0343628
0.0659485
0.0756226
0.0617371
0.0757904
0.0529938
0.081665
0.00343323
0.0778198

[36]
0.114212
0.167328
0.305023
-0.118881
-0.218063
-0.0365448
0.0216675
-0.152435
0.267685
0.280869
0.23526
0.163513
0.151703
0.143692
0.129669
0.0658112
0.0477448
-0.0202026
-0.149826
-0.419525
-0.568497
-0.618988
-0.683472
-0.744217
-0.763596
-0.67511
-0.613495
-0.582535
-0.507401
-0.179001
0.0919952
0.622299
0.522568
0.0812378
0.00430298
-0.242264
-0.49408
-0.076828
0.06073
0.0488434
-0.00869751
0.00549316
0.0391693
-0.0401764
-0.0750732
0.0561981
0.106537
0.0613098
-9.15527e-05
-0.00541687

[37]
0.0413361
0.0613098
0.0345154
0.0393982
0.019165
0.0311432
0.029892
0.0106964
0.0527191
0.0546417
0.0186005
0.0434265
0.0597687
0.0490723
0.0503082
0.0745544
0.0797729
0.0855255
0.0656128
0.101898
0.189377
0.216782
0.245819
0.222366
-0.13324
-0.183807
0.0146332
0.0555878
-0.109726
0.185074
0.264465
0.241287
0.178467
0.146851
0.112122
0.114883
0.0988464
0.0343933
-0.0070343
-0.0915527
-0.189743
-0.503815
-0.565475
-0.569778
-0.532639
-0.426437
-0.372986
-0.415283
-0.455734
-0.454437

[38]
-0.397568
-0.199631
0.955475
0.29039
-0.091568
-0.0625
-0.390808
-0.226761
-0.0336304
0.0375824
0.0217133
-0.0206451
0.0261078
0.0255432
-0.0445557
-0.0246582
0.0830841
0.0989227
0.0169067
0.013092
0.00512695
0.0108795
0.0154266
0.0296021
0.0149841
0.0189209
0.00701904
0.0328522
0.0312805
0.0321198
0.0103302
0.045105
0.0564423
0.0723419
0.0944061
0.0873718
0.0316772
-0.0181732
0.0281067
0.0390625
0.00396729
0.141769
0.315384
0.203491
0.198013
-0.178818
-0.208908
0.126526
-0.112305
0.108398

[39]
0.264908
0.267273
0.233429
0.165237
0.141739
0.100815
0.0649872
-0.0268402
-0.0438385
-0.159225
-0.375015
-0.584793
-0.725815
-0.76532
-0.826553
-0.689468
-0.401337
-0.322708
-0.548386
-0.586044
-0.241608
0.0581665
1.18123
0.232681
-0.049057
-0.208496
-0.502945
-0.233536
-0.0218811
0.110031
0.0674438
0.0250092
0.0506287
0.0454102
-0.0827179
-0.0331116
0.0908508
0.131729
0.06427
-0.0278015
-0.00564575
0.054718
0.0703125
0.0412292
-0.00445557
0.0146332
0.0648346
0.0406494
0.0460358
0.0664978

[40]
0.0663452
0.0406342
0.0657349
0.0666656
0.00906372
0.0420074
0.0922546
0.0895844
0.134598
0.11647
0.200607
0.257614
0.0927277
-0.0384369
-0.109634
-0.0160828
0.0845337
0.235184
0.313126
0.316147
0.299149
0.262329
0.177338
0.119751
0.0999603
0.0573425
0.0349121
-0.00253296
-0.180984
-0.389175
-0.443344
-0.500687
-0.513916
-0.499435
-0.443253
-0.320694
-0.386917
-0.641083
-0.50415
0.0818329
0.949219
0.111374
-0.381897
-0.0667725
-0.115417
-0.157211
-0.00221252
0.00653076
0.0685883
0.0190277

