[1]
-1.50974
-0.0278473
0.00752258
0.0544128
0.0711365
0.102646
0.0896454
0.00553894
-0.0775299
-0.0928802
-0.0350952
0.0152283
0.00994873
0.0596924
0.0260468
-0.0787964
-0.0520477
0.0304871
0.0173187
0.0441742
0.058609
0.0839539
0.0653687
-0.048645
0.0573425
0.0451813
0.00805664
0.0651703
0.0986481
0.216537
0.256332
0.354446
0.341324
0.691788
1.01302
0.325943
0.221085
0.28479
0.311157
0.13942
0.133011
0.411316
0.73494
0.688141
0.490143
0.36731
0.281418
0.195496
0.257782
0.213135

[2]
-0.0631714
-0.29982
-0.464371
-0.705978
-0.702499
-0.667831
-0.623764
-0.722733
-0.691147
-0.677551
-0.751328
-1.03088
-1.15956
-0.998413
-1.01813
1.69379
-0.428757
-0.355042
-0.0446625
-0.0762634
-0.0298004
-0.167099
0.077652
0.0977783
0.161011
0.238602
0.199371
0.200699
0.18306
0.185059
0.190506
0.140869
0.0757904
0.0476532
0.173874
0.125687
0.103134
0.11116
0.189209
0.188416
0.103195
0.128952
0.135437
0.189743
0.0979462
0.0598297
0.132507
0.172165
0.237915
0.226013

[3]
0.317596
0.349106
0.31868
0.61618
1.3282
0.656509
0.530029
0.606155
0.615494
0.156708
0.141403
0.182648
0.603027
0.827682
0.609512
0.47789
0.317444
0.268982
0.312027
0.308411
0.179184
-0.0119171
-0.143417
-0.518906
-0.836792
-0.952774
-1.07967
-1.29887
-1.81583
-2.26247
-1.381
-1.24373
-0.365204
1.35876
-0.170425
-0.448959
-0.162903
-0.216034
-0.00108337
-0.170517
-0.223511
-0.133713
-0.0962982
-0.0293884
0.0121613
0.0311432
0.0567169
-0.00350952
0.013504
0.0390625

[4]
0.0271149
0.0158539
0.0807953
0.0357056
0.0198364
0.0720825
0.0103149
-0.00498962
0.035553
0.0888824
0.0834808
0.0400543
0.081131
0.0807495
0.101562
0.105743
0.0843658
0.118546
0.207932
0.228134
0.719696
1.55539
1.10249
0.441849
0.613312
0.36557
0.0171509
-0.141052
0.406174
0.708405
0.687027
0.580292
0.449768
0.246841
0.207306
0.278458
0.266327
0.103241
-0.288605
-0.349426
-0.645859
-0.829987
-1.05141
-1.25842
-1.79266
-2.18896
-1.45459
-1.12379
-0.843887
0.530777

[5]
1.16795
-0.59726
-0.354446
-0.256714
-0.00770569
-0.185516
-0.0673828
-0.123901
-0.0721893
0.0211487
0.0606689
0.0953522
0.106705
0.0736389
0.0253448
0.0170135
0.0179138
0.0367584
0.026413
0.0671692
0.0440216
0.0454865
0.0461426
0.0315552
0.0136871
0.0429535
0.0758972
0.0690918
0.0792389
0.105331
0.116669
0.147324
0.144348
0.125458
0.20787
0.188293
0.636856
1.67241
1.08107
0.575226
0.702286
0.711258
0.0891418
-0.0574646
0.214767
0.590057
0.769897
0.594269
0.495026
0.348373

[6]
0.182755
0.318848
0.394608
-0.0449066
-0.363693
-0.617722
-0.725967
-0.869553
-0.948837
-0.996063
-1.2291
-1.20647
-1.13162
-1.2811
-1.24068
-1.11145
-0.571533
1.63292
0.949173
-0.252823
-0.171265
-0.183121
-0.0166321
-0.0272827
-0.124146
-0.0901947
0.0269623
0.171936
0.243546
0.226486
0.24176
0.267426
0.246735
0.229584
0.21553
0.16037
0.142212
0.13205
0.125336
0.115524
0.134964
0.098999
0.114227
0.160065
0.183777
0.159515
0.20311
0.244202
0.234421
0.202148

[7]
0.222061
0.308609
0.326523
0.374161
0.911789
1.52028
0.422287
0.617462
0.762924
0.450439
0.0576477
0.0682831
0.609177
0.756226
0.666931
0.525375
0.402802
0.287094
0.296829
0.364624
0.329468
0.061554
-0.178162
-0.471405
-0.586594
-0.594406
-0.930756
-0.933472
-0.954056
-1.27901
-2.10455
-1.63632
-1.04755
-0.581009
1.29865
-0.334564
0.0335541
-0.501587
-0.047226
0.0215454
-0.228622
-0.0908356
0.0145111
0.129852
0.169098
0.14119
0.178528
0.141556
0.131287
0.114639

[8]
0.104797
0.119858
0.134933
0.133072
0.135208
0.143982
0.124557
0.0909729
0.0485687
0.0664368
0.0883331
0.0773468
0.117432
0.174179
0.139008
0.126846
0.140762
0.151749
0.216736
0.283478
0.215332
0.633743
1.59918
0.894531
0.612854
0.757812
0.517273
0.252579
-0.0995331
0.593292
0.719772
0.685883
0.539307
0.432312
0.284409
0.387405
0.334564
0.247406
0.173203
-0.0776978
-0.196823
-0.490677
-0.585083
-0.863708
-0.8927
-0.859818
-0.945663
-1.31895
-1.99643
-1.17769

[9]
-0.945984
-0.732895
0.203339
1.65634
-0.232651
-0.189392
-0.3806
-0.121414
0.110535
-0.164703
-0.168564
-0.106491
0.0969696
0.213272
0.223114
0.194733
0.168488
0.202606
0.251465
0.236908
0.175598
0.142776
0.141907
0.094162
0.10553
0.0592804
0.0802612
0.136856
0.128799
0.129471
0.163116
0.149857
0.14534
0.172653
0.158142
0.175995
0.184357
0.241531
0.290924
0.484238
1.13698
1.39333
0.592834
0.676865
0.761475
0.619644
0.193451
-0.133072
0.592651
0.743866

[10]
0.704376
0.57373
0.446243
0.329117
0.30629
0.243057
0.374298
0.124802
-0.326065
-0.35466
-0.523361
-0.63945
-0.80957
-0.973434
-1.1055
-1.59036
-1.83063
-1.31969
-1.1813
-0.348373
1.26242
0.739288
-0.596756
-0.25766
-0.239716
-0.0652313
-0.0733032
-0.127945
-0.125977
0.0603943
0.181808
0.230118
0.225723
0.211792
0.172455
0.114304
0.0878906
0.36496
0.278748
0.106583
0.0674896
0.070816
0.105728
0.0862122
0.076889
0.115692
0.143387
0.129211
0.13884
0.144943

[11]
0.153076
0.174271
0.170547
0.21344
0.244095
0.360458
0.560959
1.61868
1.00266
0.406967
0.922241
0.79657
0.160828
-0.0997467
0.335999
0.726318
0.737427
0.548492
0.439636
0.350372
0.319687
0.312119
0.326279
0.285187
-0.0940704
-0.234314
-0.633652
-0.872635
-1.12259
-1.14886
-1.10216
-1.08385
-1.17734
-1.12823
-1.34027
-1.31889
-0.744354
1.70311
-0.555054
0.160965
-0.0284424
-0.04039
-0.264313
-0.207657
-0.0775604
0.11142
0.203659
0.245453
0.327225
0.241928

[12]
0.246277
0.206223
0.188065
0.201126
0.204147
0.184753
0.175491
0.120239
0.12915
0.0621796
0.02742
0.110687
0.172531
0.162598
0.190964
0.193329
0.143555
0.126678
0.162277
0.20401
0.256454
0.39035
0.469727
0.674774
1.76968
0.647522
0.635849
0.785217
0.591278
0.161819
0.0171661
0.643219
0.737534
0.670456
0.529007
0.367844
0.306335
0.375351
0.34967
0.310501
0.0424805
-0.196182
-0.424728
-0.609467
-0.860916
-1.02017
-0.996078
-1.1389
-1.7664
-2.0096

[13]
-1.21837
-1.18748
0.238907
1.17891
-0.439056
-0.0809021
-0.16066
0.00939941
-0.228653
-0.211716
-0.0415649
0.0845032
0.149261
0.133789
0.192413
0.207214
0.170364
0.156998
0.135147
0.130569
0.164398
0.163345
0.155777
0.100754
0.0502777
0.10144
0.121948
0.136703
0.127045
0.142258
0.192703
0.198593
0.19902
0.201523
0.17514
0.318054
0.383514
0.266983
0.939865
1.98485
0.548859
0.848633
0.778717
0.119781
-0.0860596
0.39357
0.683228
0.713531
0.535309
0.367447

[14]
0.352783
0.360367
0.426086
0.437958
0.0789795
-0.281021
-0.245941
-0.532318
-0.652573
-0.813431
-0.890884
-0.982391
-1.08965
-1.33614
-1.50919
-1.12041
-0.985291
-0.598877
-0.147293
1.70079
-0.586777
-0.413803
0.0309601
-0.0861511
0.0602875
-0.240326
-0.168869
0.0885773
0.214066
0.210114
0.246048
0.190308
0.160614
0.233047
0.182159
0.10144
0.122482
0.17746
0.176712
0.129333
0.139633
0.171204
0.172104
0.13446
0.161057
0.15657
0.189545
0.207886
0.20549
0.200577

[15]
0.216614
0.263977
0.265137
0.481369
0.465927
1.27451
1.03394
0.806351
0.748947
0.852112
0.304794
0.265701
-0.367752
0.473892
0.937241
0.825943
0.608047
0.477982
0.240265
0.278198
0.378601
0.297623
-0.0910492
-0.43042
-0.564331
-0.636719
-0.853607
-0.860931
-0.776596
-1.20508
-1.86829
-1.36891
-0.868149
-0.965576
0.160355
0.854126
-0.651764
-0.153946
-0.0673676
0.131714
-0.110657
-0.176834
-0.0225525
0.0520477
0.224976
0.224274
0.248428
0.264786
0.147385
0.0894318

[16]
0.0922699
0.195023
0.140564
0.0933228
0.120758
0.168289
0.147049
0.060379
0.0978699
0.128784
0.154144
0.141434
0.217697
0.260498
0.213562
0.200104
0.194565
0.209091
0.346375
0.367477
0.758362
1.45039
0.660812
1.09035
0.599091
0.289825
-0.214172
0.162338
0.69426
0.831741
0.61322
0.545929
0.347061
0.287842
0.363678
0.329376
0.202133
-0.074585
-0.218292
-0.519867
-0.648529
-0.661774
-0.803543
-0.941788
-1.06293
-1.22192
-1.79015
-1.58389
-1.47295
0.0185852

[17]
1.49832
-0.667068
0.116592
-0.431763
-0.163452
-0.160172
-0.124283
-0.0378876
0.11763
0.140991
0.144958
0.170166
0.216171
0.284042
0.24057
0.171753
0.136353
0.118408
0.158035
0.110519
0.0847778
0.11795
0.0983734
0.14888
0.122452
0.0712891
0.100067
0.127869
0.151505
0.153778
0.210693
0.238708
0.278381
0.40799
0.567932
1.26501
1.37491
0.447861
0.985657
0.873642
0.580292
-0.0772095
0.167633
0.666092
0.834534
0.661057
0.525879
0.331558
0.263077
0.278656

[18]
0.298645
0.213699
0.101379
-0.127075
-0.315445
-0.705475
-1.22116
-1.39357
-1.6395
-2.01637
-2.33469
-1.53107
-1.10065
1.52843
0.140549
-0.75293
-0.290985
-0.230331
-0.187897
-0.227814
-0.353653
-0.17366
-0.0432129
0.0673676
0.0723877
0.0675659
0.0361481
0.0844116
-0.00494385
0.0397034
0.016922
0.0479736
0.115692
0.0478821
-0.0163422
0.0950623
0.0235901
0.00230408
0.0673523
0.124374
0.137665
0.109024
0.169357
0.233734
0.303421
0.367752
0.820465
1.68857
0.730804
0.835678

[19]
0.921738
0.533295
-0.12825
-0.14711
0.634003
0.781128
0.567596
0.4133
0.339981
0.239487
0.278793
0.21489
0.1651
0.157928
-0.160049
-0.45694
-0.761871
-1.14879
-1.41109
-1.86154
-2.67644
-2.31831
-1.60616
0.821426
0.532791
-0.993088
-0.438751
-0.426666
-0.257706
-0.450607
-0.391342
-0.170532
-0.0653229
0.012085
-0.0171661
0.0174561
-0.0192566
-0.0471649
-0.0487213
-0.0713501
-0.0639954
-0.0720978
0.0115662
-0.0223694
-0.0329895
-0.0296021
-0.0105133
0.0284271
0.0112762
0.0579224

[20]
0.0294037
0.0787048
0.131546
0.153351
0.199768
0.230316
0.54512
1.67235
0.994675
0.906281
0.700989
0.924072
-0.0609894
-0.160904
0.335739
0.741653
0.727707
0.492462
0.379395
0.213638
0.0953369
0.22168
0.178741
0.206497
-0.647812
-0.573273
-0.532639
-1.05264
-1.20772
-1.18903
-1.30678
-1.51013
-2.40123
-1.88905
-1.00308
1.45796
-0.40097
-0.186234
-0.437851
-0.374695
-0.190216
-0.255829
-0.30072
-0.319916
-0.0587921
0.0362549
0.0636139
0.0330505
0.0240326
0.02742

[21]
-0.00756836
-0.0104523
0.0409393
0.0301666
0.0474854
0.0185699
0.00332642
0.0146942
0.0216827
-0.00819397
0.0243683
0.0918732
0.0642242
0.0830231
0.0922241
0.0906219
0.207001
0.287003
0.344894
0.891418
1.38544
0.801666
0.81691
0.844543
0.33577
0.462189
-0.0958405
0.751724
0.727722
0.521332
0.338654
0.314911
0.288864
0.237915
0.234833
0.121658
-0.289612
-0.411041
-0.593201
-0.757751
-0.822296
-1.34578
-1.78566
-2.15683
-1.97603
-1.53882
-1.36531
0.0949554
1.45131
-0.748001

[22]
-0.00430298
-0.446747
-0.286438
-0.0361938
-0.188553
-0.166489
-0.135605
0.0200195
0.0507812
-0.00012207
-0.00868225
0.00732422
-0.00820923
-0.0411682
-0.0324097
0.00239563
0.0562134
0.0473022
0.0150146
0.0425873
0.0477295
0.0596313
0.0540161
0.0332489
0.104279
0.115509
0.146255
0.171387
0.205536
0.261459
0.315491
1.15826
1.45203
0.696182
0.760162
0.72789
0.245789
-0.0693359
0.207214
0.751038
0.778076
0.559616
0.379974
0.285355
0.373337
0.414536
0.262573
0.0164032
-0.220093
-0.304276

[23]
-0.531891
-0.768555
-0.830917
-0.972107
-1.25861
-1.4191
-1.39764
-1.60641
-1.53621
-1.06799
0.599579
1.44029
-0.53093
-0.422607
-0.321182
-0.30899
-0.255081
-0.384369
-0.0719299
0.123383
0.0493317
0.0371704
0.0671692
0.0923309
0.0585785
0.00982666
0.0762634
0.0934448
0.0981445
0.128433
0.0662689
0.077652
0.0344849
0.0557861
0.0451813
0.0509796
0.0881653
0.134933
0.154648
0.199814
0.197372
0.163788
0.154617
0.248001
0.383041
0.722992
1.29114
0.804886
0.818481
0.744217

[24]
0.353745
-0.205994
0.0523834
0.594971
0.860229
0.652878
0.455978
0.365738
0.362274
0.357376
0.320023
0.130844
-0.19075
-0.225159
-0.499832
-0.651443
-0.739273
-0.922104
-1.12582
-1.17284
-1.28954
-1.56451
-1.61208
-1.09201
0.570007
0.629501
-0.757874
-0.0967102
0.00662231
0.165649
-0.227905
-0.401855
-0.0556793
0.175003
0.189407
0.0909271
0.00917053
0.0841217
0.102264
0.0458069
0.0800629
0.12178
0.169601
0.106842
0.122925
0.0933075
0.101257
0.080658
0.0536957
0.0567932

[25]
0.112244
0.155563
0.184006
0.121872
0.127808
0.178223
0.278183
0.269135
0.504669
0.56218
1.3403
0.856415
0.610687
0.616882
0.49588
0.184738
-0.0662079
0.708206
0.848099
0.669296
0.428085
0.330292
0.28241
0.224564
0.257477
0.209396
0.112274
-0.0686646
-0.390762
-0.499817
-0.848358
-1.34665
-1.4702
-1.7838
-2.23274
-1.76059
-1.30682
-0.370422
1.54395
-0.77507
-0.266403
-0.362671
-0.161362
-0.270172
-0.159988
-0.0801849
-0.0389099
0.0403442
0.0517731
0.0904083

[26]
0.0766907
0.004776
-0.0371857
0.0378418
0.046936
0.0231934
0.0140381
0.0522614
0.01474
0.0373383
0.0325165
0.00151062
0.0229492
0.0524902
0.0824127
0.122513
0.118668
0.0869141
0.160339
0.15654
0.183746
0.349609
0.378174
0.844345
1.16275
0.911713
0.521439
0.629715
0.275635
-0.077713
-0.0603485
0.518784
0.806534
0.586258
0.468506
0.310776
0.207413
0.242188
0.185242
0.0785828
-0.0976257
-0.226807
-0.529007
-0.697311
-0.843719
-0.976074
-1.24242
-1.49905
-2.045
-1.89952

[27]
-1.35352
-0.776657
1.40253
-0.286194
-0.151779
-0.406647
-0.370361
-0.319321
-0.203339
-0.167419
-0.264908
-0.10881
-0.0562286
-0.001297
-0.0663757
0.0276337
0.0223999
0.0401917
0.00300598
0.0301819
0.0244141
0.0480499
0.0124512
-0.0197601
-0.000900269
0.00262451
-0.0158691
0.0244598
0.0370331
0.094223
0.120956
0.112747
0.128647
0.119675
0.12886
0.2444
0.506439
1.19344
1.25574
0.61058
0.802475
0.531494
0.213684
0.00509644
0.463852
0.805069
0.659698
0.525284
0.343979
0.318726

[28]
0.300186
0.2966
0.251572
0.209763
-0.0270386
-0.310928
-0.475784
-0.883408
-1.06981
-1.26042
-1.33676
-1.70581
-2.15503
-1.73976
-1.36833
0.7733
0.864929
-0.752014
-0.583282
-0.333206
-0.22023
-0.40773
-0.335846
-0.227905
-0.0600128
0.0427399
-0.0179901
-0.0294647
0.00326538
0.045639
-0.0247345
-0.0513153
0.00358582
0.0296783
-0.00177002
-0.0151825
-0.0210571
0.00205994
-0.0394592
-0.00189209
0.00131226
0.0500336
0.0917664
0.174744
0.0990753
0.10701
0.138199
0.19783
0.283157
0.229279

[29]
0.583282
1.88885
0.563126
0.808655
0.651642
0.667496
-0.129074
-0.154083
0.529907
0.753494
0.663925
0.520081
0.359634
0.191803
0.185211
0.16864
0.150497
0.158279
-0.24617
-0.612625
-0.84227
-1.15823
-1.35896
-1.19855
-1.36894
-1.60316
-1.83551
-1.36462
-0.761261
1.54051
-0.631973
-0.460907
-0.293106
-0.0718079
-0.31694
-0.312744
-0.158783
-0.00198364
0.164825
0.0840912
0.164429
0.0975952
0.0458374
0.0343323
-0.125748
0.0788269
0.0338593
0.00476074
0.0200806
0.046814

[30]
0.0309601
0.0559235
0.0908661
0.0996552
0.135864
0.154861
0.101059
0.121521
0.127899
0.176895
0.202225
0.308945
0.290176
1.32724
1.18381
0.551743
0.78096
0.828995
0.392288
0.0679321
-0.233963
0.54213
0.774948
0.610336
0.517654
0.407501
0.29213
0.236862
0.187225
0.169937
-0.0544739
-0.163483
-0.406204
-0.753647
-1.1981
-1.31163
-1.3894
-1.42197
-1.9807
-1.91621
-1.09502
-0.146606
1.5428
-0.61322
-0.306976
-0.0968323
-0.332504
-0.347519
-0.373611
-0.158783

[31]
-0.0381622
-0.0485535
0.036972
0.0764008
0.163071
0.0934906
0.0631561
0.0372467
-0.0341034
-0.0287018
0.0191193
0.0692596
0.0913544
0.0201569
0.00111389
0.0283051
0.0553894
0.0883942
0.085434
0.0775146
0.0994263
0.0543823
0.134628
0.19812
0.244263
0.41272
1.17273
1.10664
0.491226
1.00423
0.483261
0.586929
0.2388
-0.0899658
0.435913
0.625473
0.582733
0.466949
0.403824
0.243073
0.0945587
0.10025
0.088028
0.0192719
-0.0840454
-0.275757
-0.404373
-0.96431
-1.38684
-1.38924

[32]
-1.56717
-2.07373
-1.66154
-1.38536
-0.925034
0.66127
0.968826
-0.288834
-0.126434
-0.449112
-0.413879
-0.190689
-0.343811
-0.33667
-0.256348
-0.0548096
0.0151062
-0.0677948
-0.0405121
0.0087738
-0.0393524
-0.0224304
-0.04422
0.00230408
0.0351562
0.0307007
0.0123596
-0.0158081
-0.011734
0.00566101
0.0445404
0.0215454
0.0293579
0.0686798
0.0997009
0.0946808
0.175018
0.181427
0.215485
0.363708
1.49815
1.35077
0.490463
0.550476
0.510513
0.225113
-0.110764
0.535858
0.685074
0.669159

[33]
0.500122
0.382629
0.322617
0.260849
0.243912
0.186462
0.119064
-0.16362
-0.351654
-0.549881
-0.736145
-0.897659
-1.10934
-1.2626
-1.49113
-1.63058
-1.49193
-1.05226
-0.734497
1.56038
-0.0589142
-0.615128
-0.237305
-0.115967
-0.322525
-0.37767
-0.0418091
0.0309601
0.0881042
0.0187225
0.0890045
0.0839691
0.0989838
0.131561
0.0944519
0.101761
0.102997
0.0537415
0.0566406
0.0633087
0.039917
0.0183868
0.0303497
0.070755
0.0863037
0.126129
0.152359
0.175552
0.149277
0.120758

