[0]
-0.330124
-0.765137
-0.551331
-0.236908
0.531723
-0.356598
-0.718307
-0.659744
-0.703949
-0.59993
-0.548965
-0.406647
-0.292603
-0.287949
-0.157867
-0.234055
0.403702
0.986359
1.89691
2.47966
2.49666
2.32578
-1.58234
0.747894
1.00243
1.38846
0.553543
0.457901
0.604568
0.218536
0.0695953
0.110275
-0.0352478
0.010025
-0.0825958
-0.0637207
-0.0209808
0.0319519
0.0522308
0.0445862
0.0774078
0.034668
-0.00497437
0.0249786
-0.16008
-0.215454
-0.291962
-0.437469
-0.362961
-0.256134

[1]
-1.07872
-1.52672
-1.10669
-0.869019
-0.180084
1.09344
-0.0654907
-0.607819
-0.546509
-0.809814
-0.661987
-0.446136
-0.296677
-0.176437
-0.249863
-0.11673
-0.197479
0.412842
0.882568
1.82141
2.41818
2.44591
2.42723
1.24477
-1.65814
0.749908
0.256866
1.79669
0.38942
0.27359
0.492203
0.149414
0.104477
0.000701904
-0.158966
-0.157684
-0.0358887
-0.116272
-0.0372467
-0.0522919
0.0197296
0.0332336
0.0138092
-0.00396729
0.0748901
-0.0664368
-0.126648
-0.280411
-0.411163
-0.409424

[2]
-0.287766
-0.764633
-1.5712
-0.984055
-1.22008
-0.130722
0.518936
-0.152252
-0.776352
-0.627075
-1.00142
-0.660904
-0.421875
-0.312363
-0.179337
-0.190048
-0.205643
-0.0480499
0.362244
0.818344
1.68553
2.3916
2.42847
2.4205
2.01921
1.60852
-1.71793
0.585632
-0.458969
2.12425
0.457794
0.385818
0.151733
0.359482
0.163498
-0.0804596
-0.132385
0.0421448
0.0196686
0.0719604
-0.0602722
-0.14502
-0.0798492
0.0106964
-0.021637
-0.0259399
-0.0621033
-0.176178
-0.214081
-0.272247

[3]
-0.439362
-0.473755
-0.336365
-1.46776
-1.38142
-1.33498
-0.698227
0.265244
1.39256
-0.631348
-0.792679
-0.790253
-0.786667
-0.592804
-0.371353
-0.274353
-0.172226
-0.188263
-0.20459
0.0223541
0.471436
1.23181
2.15642
2.49162
2.50601
2.11978
-1.58382
1.36206
1.13892
1.15182
0.587082
0.672546
0.585327
-0.0415497
-0.02771
0.0905914
0.047699
0.0792389
0.0657959
-0.0666656
-0.0141296
-0.0039978
0.0136108
0.0111542
-0.0264282
-0.0519257
-0.0283966
-0.254166
-0.277206
-0.305206

[4]
-0.425903
-0.432404
-0.507248
-0.921875
-1.61293
-0.768356
-0.922928
-0.542389
1.44421
-0.49231
-1.16087
-0.759689
-0.638824
-0.444061
-0.327469
-0.356216
-0.279572
-0.240997
-0.138153
0.11026
0.640793
1.52504
2.1907
2.52423
2.53064
2.50006
1.01672
-1.57755
1.29712
0.568436
1.99974
0.408173
0.536423
0.493637
0.0876617
-0.00291443
0.0410156
0.0815887
0.0617981
0.0543213
0.0398254
0.0144653
-0.0453339
0.0429077
0.0907288
0.107758
0.0202179
-0.189407
-0.188004
-0.305283

[5]
-0.384552
-0.317184
-0.4561
-0.814209
-1.64513
-0.794266
-1.21155
0.228012
1.4615
-0.690994
-0.903976
-0.74321
-0.53891
-0.415619
-0.334488
-0.349701
-0.31694
-0.256866
-0.146164
-0.0126801
0.466354
1.07458
1.94101
2.54286
2.56189
2.54752
1.6207
-1.50743
1.38693
0.498047
2.10007
0.281296
0.626862
0.558655
-0.0597992
0.215973
0.0548859
0.185593
0.192215
0.0733337
0.0694122
0.0519714
0.0869598
0.0921021
0.179855
0.0809631
-0.0816345
-0.0862885
-0.0240479
-0.107651

[6]
-0.131271
-0.312302
-0.233826
-0.252548
-0.98349
-1.68401
-0.98497
-0.996658
-0.315247
1.06918
-0.1306
-0.865448
-0.822968
-0.883759
-0.441605
-0.179062
-0.0895691
0.0169678
0.0228119
0.0814514
0.139191
0.560379
1.89629
1.90755
2.4617
2.50096
2.46556
0.879532
-1.60231
1.73056
0.659424
1.60701
0.469727
0.737137
0.490448
-0.189896
0.115372
0.0792236
0.0926971
0.067688
0.180679
0.0279999
0.0354004
-0.0114136
-0.0926819
-0.163055
-0.0605469
0.0601807
-0.128769
-0.177277

