[1]
-0.00248718
-0.58284
-0.307556
0.243011
0.321106
-0.0276642
0.0727234
-0.160034
-0.330627
-0.607529
-0.292603
-0.136673
-0.0944519
-0.0799408
-0.0895691
-0.208694
-0.255707
-0.102631
-0.0017395
-0.0676117
-0.151627
-0.140869
-0.116058
-0.0882263
-0.111938
-0.110611
-0.112244
-0.0932617
-0.0722656
-0.0681915
-0.0481415
-0.0160065
0.00204468
-0.0437317
0.0133057
0.0512085
0.0234222
-0.0117493
-0.0297241
0.0883484
0.117264
0.293716
-0.195953
-0.233841
0.0502014
-0.0457153
-0.349625
0.138657
0.294907
0.299042

[2]
0.25296
0.137726
0.0879822
0.0355072
-0.0912323
-0.136673
-0.151367
-0.195389
-0.29953
-0.549759
-0.82663
-0.890045
-0.977585
-1.07008
-0.893311
-0.757278
-0.596527
0.685196
0.998352
-0.0582733
-0.255554
-0.450882
-0.873444
-0.283646
0.00361633
-0.0595245
-0.0381165
-0.113846
-0.115402
-0.183655
-0.0520782
0.0161133
-0.0381927
-0.139114
-0.103668
-0.0858612
-0.0468597
-0.0588379
-0.0688171
-0.0689392
-0.0509338
-0.0522461
-0.0439758
-0.02034
0.0151367
0.0442505
0.0242767
-0.0270691
0.0226746
-0.00914001

[3]
-0.00694275
0.148224
0.280045
0.412369
-0.0488434
-0.19133
0.0220795
-0.109818
-0.353424
0.148682
0.30162
0.315674
0.232559
0.14476
0.102646
0.042923
-0.0154114
-0.00273132
0.0106964
-0.0526886
-0.170456
-0.567566
-0.816391
-0.797333
-1.07462
-1.2227
-0.876419
-0.705063
-0.412415
0.126877
1.00935
0.608826
0.017334
-0.156189
-1.08841
-0.370743
0.0309601
-0.0834961
-0.088501
-0.0882721
-0.0802155
-0.139465
-0.155563
-0.0242462
0.0193939
-0.0678101
-0.091507
-0.0640411
-0.0250854
-0.00808716

[4]
-0.0293884
-0.0149689
-0.0293121
-0.0439148
-0.0547638
-0.0281219
0.0377502
0.0329132
0.0238953
0.0387268
0.0770264
0.0334778
-0.00209045
0.0263214
0.191772
0.259399
0.3461
-0.137589
-0.210693
0.119431
-0.286743
-0.321899
0.249329
0.279938
0.254623
0.191452
0.146759
0.117416
0.0667877
0.019516
-0.0468903
-0.158813
-0.216171
-0.245514
-0.444489
-0.703934
-0.832703
-0.897949
-0.202286
-0.450714
-0.800171
-0.365204
0.789658
0.678162
-0.00991821
0.114059
-0.475662
-0.69136
-0.123734
-0.0652161

[5]
-0.123093
-0.0623016
-0.0420837
-0.0716248
-0.132767
-0.134537
-0.0320892
0.0499725
-0.00105286
-0.0652313
-0.140915
-0.0294342
-0.00453186
0.0171509
-0.0572815
-0.0511169
-0.0183105
0.0111694
0.0411682
0.0262604
0.0354462
0.0258026
-0.00257874
0.0316772
0.0441437
0.0761261
0.258392
0.416351
0.402023
-0.189453
-0.127258
0.131744
-0.309296
-0.183823
0.303452
0.34053
0.272156
0.201538
0.160812
0.179688
0.124359
0.090744
0.0899048
0.0540924
-0.0556793
-0.129105
-0.274002
-0.778427
-0.974503
-1.24759

[6]
-1.14632
-0.959747
-0.835358
-0.248947
1.12286
0.256638
-0.0628662
-0.212463
-0.813644
-0.370178
-0.0231628
-0.173615
-0.106903
-0.0508118
-0.00415039
-0.126633
-0.137497
0.00572205
0.0420685
-0.0233612
-0.0503845
-0.0350647
-0.0364227
-0.00598145
-0.0146332
-0.0409851
-0.0408936
-0.0114288
0.00567627
0.00453186
0.0347748
0.0371094
0.0762939
0.0416565
0.0195007
-0.0146637
0.00845337
0.13475
0.397903
0.423874
0.0581818
-0.18277
-0.0637054
-0.134232
-0.309906
0.137238
0.233521
0.261734
0.19783
0.100586

[7]
0.0923615
0.072464
0.0107269
-0.0387268
-0.0861359
-0.182175
-0.300049
-0.459457
-0.794128
-1.10431
-1.08733
-0.980026
-0.779144
-0.71019
-0.415283
-0.0699005
0.807663
0.675873
-0.118317
-0.0473938
-0.686661
-0.25827
-0.119843
-0.072403
-0.0346832
-0.11879
-0.0449982
-0.142242
-0.117752
0.00656128
0.00219727
-0.043045
-0.0432434
-0.0345306
-0.0134277
-0.0250244
-0.00473022
-0.00979614
-0.0394287
-0.0276031
0.0346527
0.0493011
0.0446777
0.0897675
0.084671
-0.00482178
-0.00437927
-0.00645447
-0.0494537
0.0285645

[8]
0.246597
0.354065
0.413162
-0.128082
-0.162949
0.187714
-0.171051
-0.282181
0.215866
0.312531
0.294357
0.195984
0.10643
0.0746918
0.0641479
0.053894
0.0116882
-0.0520477
-0.0994568
-0.248611
-0.456604
-0.859818
-0.96814
-1.14342
-1.09708
-1.19762
-0.632721
0.284729
1.01205
-0.157852
-0.148071
-0.39122
-0.598358
-0.352127
-0.0469971
-0.044754
-0.042572
-0.00732422
-0.0703735
-0.119354
-0.166702
-0.047699
0.0475311
-0.00621033
-0.0895233
-0.100525
-0.0832367
0.00364685
0.00334167
-0.0164032

[9]
-0.0371857
-0.0507355
-0.0214386
0.01651
0.0375977
0.0788727
0.0553894
0.0678864
-0.0301971
-0.0485382
-0.00692749
0.119461
0.384033
0.511932
0.134644
-0.24649
-0.135834
-0.0045166
-0.328751
0.0914459
0.217361
0.243973
0.202393
0.1492
0.0974121
0.059906
0.00596619
-0.0302124
-0.0989685
-0.166962
-0.256866
-0.393723
-0.744812
-0.862213
-0.698807
-0.859085
-0.817352
-0.663971
-0.368408
0.490234
0.890427
0.0674896
0.00215149
-0.337143
-0.57251
-0.271072
-0.151108
-0.0592957
-0.0306396
0.0113525

[10]
-0.0319214
-0.0913544
-0.180908
-0.0471191
0.0338135
0.0418701
-0.0707245
-0.0991974
-0.050766
-0.00965881
0.00718689
-0.00134277
-0.0230865
-0.067276
-0.0355835
0.00648499
0.0165558
0.0146027
0.0625458
0.0427856
-0.0380554
-0.0402985
-0.032196
0.0213013
0.185837
0.30661
0.320328
0.332932
-0.261993
-0.251968
0.170181
-0.2509
-0.172089
0.207672
0.272278
0.23114
0.141418
0.0882111
0.0923767
0.0937347
0.0547638
-0.00270081
-0.0776672
-0.118332
-0.264008
-0.481277
-0.759277
-0.759613
-1.02309
-1.21899

[11]
-0.861511
-0.504013
-0.250809
0.891113
0.23082
-0.150223
-0.313919
-0.688873
-0.126938
-0.0624847
-0.206314
-0.0882263
-0.0388641
-0.0496979
-0.145203
-0.129684
0.0189514
0.032959
-0.0509949
-0.072113
-0.0681915
-0.0235596
-0.0104675
-0.00492859
-0.0171051
-0.0300293
-0.0210266
0.0198212
0.0833893
0.0587006
0.061615
0.076004
0.0710602
0.0413818
0.0217438
0.0968323
0.469482
0.338852
0.232971
-0.207764
-0.232269
-0.00944519
-0.349686
0.14975
0.339569
0.330826
0.238449
0.144714
0.097641
0.101868

[12]
0.0690918
0.00578308
-0.0831299
0.030014
-0.1548
-0.672562
-0.952835
-0.849442
-1.07481
-1.11314
-0.983887
-1.23959
-0.576508
-0.0337677
1.00514
0.670135
-0.209198
-0.440247
-0.679779
-0.278702
-0.0345917
0.0258026
-0.0799408
-0.0593414
0.00512695
-0.112457
-0.222031
-0.0965576
0.0792389
0.0318298
-0.0976257
-0.117981
-0.0211945
-0.0272064
-0.0416107
-0.0464172
-0.024765
-0.0321808
-0.0175934
-0.00892639
0.0103912
0.0570831
0.0478973
0.0518494
0.0748138
0.0550385
-0.0171967
0.00880432
0.143158
0.396774

[13]
0.44014
0.174377
-0.147812
-0.17926
0.0432434
-0.207184
0.0121765
0.201462
0.283096
0.237747
0.197235
0.170578
0.101822
0.0135651
-0.0272675
-0.0347443
-0.0814667
0.00759888
-0.337524
-0.735092
-0.777618
-0.923141
-1.07315
-0.92601
-0.649994
-0.328125
0.612137
0.569016
-0.105011
-0.295288
-0.541336
-0.329544
-0.150162
-0.0511475
-0.0364838
-0.0406799
-0.0700531
-0.0726929
-0.181107
-0.0192413
0.042038
0.0137482
-0.089798
-0.0687256
-0.0411224
-0.0158691
-0.00366211
-0.0115967
-0.0249023
-0.0118103

[14]
-0.0272827
-0.0052948
0.0324554
0.0487823
0.0418701
0.0650024
0.084259
0.069519
0.0630341
0.0419159
0.144501
0.363358
0.390945
0.0695496
-0.21875
-0.0303802
-0.1716
-0.406967
0.17955
0.295181
0.305649
0.207275
0.108292
0.0577393
0.0495758
0.0329895
-0.0240936
-0.0859833
-0.15509
-0.273056
-0.553406
-0.877838
-1.00481
-0.996887
-0.886826
-0.71846
-0.601929
-0.430801
0.443863
0.78273
-0.0739594
-0.109131
-0.592834
-0.296616
-0.0341797
-0.104248
-0.110718
-0.0199432
0.0149841
-0.0427704

[15]
-0.116974
-0.0999603
-0.00160217
0.0380402
-0.0195465
-0.0807343
-0.0593262
0.0115967
-0.0238037
-0.085144
-0.0489807
-0.0343018
-0.0213776
0.00259399
0.00405884
0.00695801
0.0775299
0.0453796
-0.0115356
0.0210571
0.0332642
0.0239258
0.107285
0.310669
0.330154
0.350754
-0.142654
-0.144104
0.146896
-0.201065
-0.116425
0.287262
0.316635
0.235245
0.139175
0.114456
0.110718
0.117508
0.0706635
0.0373535
-0.00123596
-0.0339203
-0.0310669
-0.430191
-0.787125
-1.15916
-1.28688
-1.04742
-0.945038
-0.931976

[16]
-0.161453
0.87825
0.163818
-0.202301
-0.255753
-0.46254
-0.158951
-0.10997
-0.113571
-0.139023
-0.0291901
0.0200653
-0.0228882
-0.105545
-0.113403
-0.00241089
0.0229797
-0.0278778
-0.0649567
-0.0719757
-0.0310211
-0.0231323
-0.00340271
-0.0250397
-0.0367279
-0.0371552
-0.00987244
-0.0043335
0.0436859
0.0534668
0.0929565
0.0327759
0.00875854
-0.014389
-0.00050354
0.0622406
0.421387
0.41275
0.248734
-0.329819
-0.252441
-0.120316
-0.324966
0.20076
0.232605
0.193405
0.11969
0.0883331
0.131653
0.0963135

[17]
-0.0319061
-0.104279
-0.152542
-0.207687
-0.24794
-0.36232
-0.951431
-1.13074
-1.19408
-1.44897
-1.25787
-0.89238
-0.365173
0.431137
1.71965
0.301239
-0.330292
-0.416214
-0.860336
-0.319839
0.0298615
-0.0587769
-0.0565338
-0.0178223
-0.0374146
-0.119995
-0.231674
-0.028244
0.101212
0.0250397
-0.12265
-0.100845
-0.00323486
-0.00630188
-0.00564575
-0.0122528
-0.0325317
-0.0384369
0.00352478
-0.000183105
-0.0177917
0.067276
0.138641
0.0436401
0.0390625
0.00952148
0.0312347
0.114731
0.322723
0.3349

[18]
0.0124664
-0.225754
-0.00820923
-0.2202
0.0398712
0.211166
0.321243
0.289444
0.192383
0.172989
0.132156
0.0926514
0.0882721
0.0822144
0.0311584
0.0833893
-0.121918
-0.575607
-0.779007
-1.05138
-1.3636
-1.05179
-0.864563
-0.618225
0.808792
0.505646
-0.170151
-0.344864
-0.508545
-0.281403
-0.0440369
0.000244141
-0.131256
-0.0666351
-0.0451508
-0.00595093
-0.128571
-0.158615
0.000534058
0.0577545
0.00471497
-0.0897369
-0.0850372
-0.118561
-0.0154572
-0.00827026
-0.0539093
-0.0529175
-0.0516357
0.0372009

[19]
0.0305328
0.0155792
0.0419159
0.0699921
0.0935059
0.0119171
-0.0249481
0.0498199
0.0761719
0.299698
0.380569
0.0770569
-0.0787506
0.101471
-0.157486
-0.167709
0.166611
0.437759
0.41806
0.320358
0.233856
0.143692
0.105011
0.0868988
0.0311127
-0.0267334
-0.128677
-0.257462
-0.58287
-0.959869
-0.917664
-1.1131
-1.13879
-0.863129
-0.671234
0.390732
0.856857
-0.106873
-0.356567
-0.47554
-0.380386
-0.159973
-0.0765381
-0.125443
-0.0227509
-0.00563049
-0.0435791
-0.165131
-0.0961304
0.0454254

[20]
0.00868225
-0.0496368
-0.0905304
-0.069809
-0.0227966
0.00480652
0.00753784
-0.0111084
-0.0312195
-0.0422821
0.0135651
0.0513306
0.0649414
0.0517426
0.111084
0.09021
0.0812988
0.0477905
0.0630951
0.393463
0.40242
-0.141464
-0.229309
0.0478821
-0.319412
-0.156876
0.332489
0.336136
0.257782
0.181564
0.140762
0.117157
0.0796509
0.0419922
-0.00959778
-0.0281982
-0.105011
-0.164566
-0.428711
-0.858719
-1.13704
-1.43442
-1.21826
-0.968658
-0.584747
-0.1409
0.837906
0.37822
-0.070694
-0.212738

[21]
-0.620972
-0.356689
-0.102524
-0.143463
-0.0888214
-0.0267944
-0.0856323
-0.0830688
-0.110229
-0.0343933
0.00166321
0.00611877
-0.0681915
-0.0801392
-0.0500488
-0.0289154
-0.0148926
-0.0320129
-0.0131378
-0.00714111
-0.00332642
0.0429688
0.00205994
0.0647278
0.0936127
0.0352631
-0.00968933
-0.019165
0.0112457
0.107162
0.380157
0.424408
-0.00862122
-0.234329
0.0442047
-0.22937
-0.201859
0.217255
0.371521
0.319382
0.267654
0.271713
0.188995
0.12204
0.0541077
0.04422
-0.00880432
-0.114746
-0.0740356
-0.524429

[22]
-0.917923
-1.21385
-1.08325
-0.858475
-0.875809
-0.791962
0.863312
0.585495
-0.211197
-0.274857
-0.421127
-0.303284
-0.132217
-0.13205
-0.0920715
-0.0425415
-0.0631561
-0.0897522
-0.138412
-0.0588226
0.0373383
-0.0118561
-0.0944519
-0.0708313
-0.0384674
-0.00526428
-0.0190125
-0.0323334
-0.0313721
-0.0133667
-0.021759
0.0371704
0.0573578
0.101639
0.0616302
0.0468597
0.075119
0.0668793
0.0304871
-0.00424194
0.359802
0.376343
0.143494
-0.368103
-0.224457
-0.396683
-0.235153
0.302444
0.269348
0.233917

[23]
0.107758
0.132431
0.12352
-0.0209808
-0.132782
-0.175125
-0.176987
-0.198349
-0.320068
-0.705276
-0.888687
-1.11002
-1.30612
-1.1308
-0.618866
-0.825897
-0.10614
0.780396
0.888626
-0.00840759
0.09552
-0.295609
-0.609955
-0.458023
-0.00785828
-0.0715179
-0.123291
-0.150589
-0.082901
-0.129303
-0.0996704
-0.0370941
-0.0384369
-0.0888672
-0.0907288
-0.0200348
-0.00535583
-0.00813293
-0.0406036
-0.0326843
-0.0478668
-0.000976562
0.00238037
0.0188599
-0.0188446
0.0491638
0.0511475
0.0543823
0.0498352
0.0548859

[24]
0.0869293
0.0739136
0.332657
0.383209
-0.069519
-0.186569
0.0953369
-0.35759
-0.39035
0.307053
0.343201
0.311493
0.287354
0.23378
0.182068
0.150131
0.128738
0.0953674
0.0657806
-0.0955963
-0.310471
-0.581787
-0.973969
-1.11067
-1.25409
-1.144
-0.944702
-0.567261
1.26767
-0.0796051
-0.0971222
-0.311371
-0.515076
-0.328506
-0.105606
-0.0777893
-0.0585175
0.00363159
-0.0484619
-0.0908813
-0.127182
-0.030426
0.0297852
-0.0250854
-0.0810242
-0.0832825
-0.019516
0.0251465
0.00202942
-0.0350952

[25]
-0.0475616
-0.0215454
-0.00971985
0.00141907
0.0262146
0.0316315
0.0496826
-0.0220795
0.00624084
0.0123749
0.0842743
0.0901642
0.360123
0.467804
-0.0198059
-0.260147
-0.0422363
-0.284042
-0.351944
0.217941
0.288605
0.248825
0.178879
0.136459
0.10582
0.082016
0.0486755
0.0344543
-0.0269623
0.0272827
-0.0581512
-0.657425
-0.877747
-0.994965
-0.88002
-0.783264
-0.704147
-0.598831
-0.37764
1.27126
0.389511
-0.130157
-0.111877
-0.388565
-0.235733
-0.135361
-0.134964
-0.0643921
-0.0702057
0.00540161

[26]
-0.0608826
-0.118103
-0.0403595
0.0281219
0.0142212
-0.050705
-0.0718536
-0.0473328
-0.0168304
-0.00128174
-0.0198364
-0.0215607
-0.0364075
0.0169067
0.0291443
0.0410767
0.0782623
0.0542145
0.0213318
0.0348969
-0.0256958
0.0222626
0.0332947
0.350143
0.407532
0.131866
-0.278336
-0.0886688
0.024826
-0.415543
0.202438
0.279236
0.274521
0.261185
0.208771
0.169174
0.12735
0.0921173
0.0614014
0.0489807
-0.0667114
-0.0800629
-0.467255
-0.876694
-1.06697
-1.37511
-1.41422
-0.925079
-0.874405
-0.407974

[27]
1.38469
0.00657654
-0.210266
-0.36644
-0.535461
-0.325592
-0.105774
-0.073349
-0.0592651
-0.0106964
0.0210571
-0.0526581
-0.178802
-0.0584106
0.0684967
0.0448608
-0.0365753
-0.0926971
-0.060257
-0.0294342
-0.0131073
-0.0137024
-0.0187073
-0.0129547
0.0106201
0.0181122
0.0198364
0.0424042
0.0629425
0.0826416
0.0357513
0.00968933
0.0435028
0.333298
0.513062
0.29155
-0.0983582
-0.0668945
0.207825
-0.403122
-0.21727
0.259247
0.381195
0.331223
0.241684
0.152985
0.134369
0.0869751
0.0435944
0.0256653

[28]
-0.00341797
-0.0848846
-0.256882
-0.643417
-0.763535
-1.0002
-1.5083
-0.989868
-0.625504
0.221527
0.825256
-0.157959
-0.365555
-0.353348
-0.323181
-0.120789
-0.0768127
-0.0749664
-0.0430298
-0.0401764
-0.0921936
-0.126923
-0.0373688
0.0265808
-0.00476074
-0.062973
-0.0531158
-0.0380707
-0.0182953
-0.0776062
-0.000900269
-0.00341797
-0.00654602
0.00572205
0.0339813
0.0492706
0.0624084
0.0730743
0.0488129
0.0368958
0.0541687
-0.00505066
0.0899963
0.356857
0.453735
0.176559
-0.288101
-0.0235748
-0.120148
-0.351089

[29]
0.133789
0.353195
0.401138
0.336578
0.275696
0.217285
0.121887
0.0544891
0.00212097
0.0182037
-0.0378571
-0.241226
-0.533478
-0.770279
-0.906311
-1.1971
-1.37498
-1.15054
-0.920288
0.999268
0.113663
-0.288956
-0.373123
-0.506714
-0.248672
-0.105179
-0.0962524
-0.110626
-0.0538025
-0.008255
-0.00775146
-0.0659485
-0.101807
-0.0157013
0.0508423
0.012085
-0.0578918
-0.0644684
-0.0509186
-0.0207062
0.00257874
-0.00967407
-0.0445251
-0.0275726
0.0369568
0.0317688
-0.0055542
-0.00689697
0.0367432
0.0132904

[30]
-0.0359192
0.00788879
0.0667572
0.495468
0.497665
0.267105
-0.278214
-0.22821
-0.0591125
-0.348938
0.18457
0.307953
0.290649
0.188797
0.12352
0.132263
0.0992126
0.0539703
-9.15527e-05
-0.00813293
-0.0425415
-0.175797
-0.354904
-0.635971
-0.780975
-1.06952
-1.35835
-1.06458
-0.762085
-0.335434
1.0974
0.416992
0.00746155
-0.262833
-0.724884
-0.307404
0.0380402
-0.0915985
-0.0809021
-0.0152283
-0.0307465
-0.0930939
-0.094101
-0.0739594
0.00125122
0.0413513
0.0290375
-0.0695953
-0.0636292
-0.0357361

[31]
0.0253448
0.0182953
-0.00791931
-0.0220337
-0.00717163
0.021286
0.00845337
0.0256805
0.129501
0.0450897
0.00714111
0.00616455
-0.00341797
0.188492
0.542618
0.451294
-0.0113373
-0.27504
-0.0341339
-0.238052
-0.309998
0.302002
0.275116
0.240906
0.158508
0.146378
0.12764
0.085434
-0.0183105
-0.0812225
-0.0877075
-0.163742
-0.256317
-0.641785
-0.953842
-1.0889
-1.29927
-1.13173
-0.888016
-0.836975
-0.253967
0.463348
0.997437
-0.034256
-0.307144
-0.491379
-0.486069
-0.108749
-0.0153046
-0.134476

