[0]
-0.0799713
0.302856
0.354752
0.386292
0.41478
0.414658
0.352631
0.306137
0.26918
0.227814
0.157196
0.105057
0.0722961
0.0826569
0.0212555
-0.0534363
-0.19397
-0.247391
-0.279846
-0.342072
-0.421249
-0.448547
-0.431091
-0.425858
-0.437119
-0.453552
-0.465759
-0.442764
-0.411057
-0.427673
-0.41629
-0.368652
-0.316406
-0.227112
-0.177399
-0.131134
-0.0579681
-0.0025177
-0.0075531
0.000228882
0.0793762
0.164474
0.155289
0.154221
0.310028
0.428482
0.427948
0.389618
0.422592
0.427032

[1]
0.38295
0.311279
0.269882
0.250534
0.257278
0.286545
0.287399
0.261963
0.25119
0.284637
0.329468
0.293076
0.20462
0.148941
0.0778198
0.0171814
0.0106964
0.05159
0.0344391
-0.0359344
-0.147934
-0.23143
-0.277878
-0.354965
-0.394791
-0.422256
-0.424484
-0.4189
-0.392731
-0.393616
-0.411652
-0.441391
-0.464066
-0.476776
-0.469269
-0.472809
-0.426636
-0.379227
-0.295258
-0.206818
-0.140686
-0.0856781
-0.0786438
-0.125443
-0.0899963
0.0236511
0.140564
0.232361
0.320694
0.37999

[2]
0.376846
0.373383
0.392365
0.384705
0.357559
0.35611
0.387482
0.423553
0.431747
0.450623
0.418411
0.369476
0.330734
0.314789
0.291382
0.264557
0.207825
0.151657
0.0906372
0.0324707
-0.0139923
-0.00151062
-0.0594025
-0.154221
-0.246948
-0.317627
-0.403671
-0.439331
-0.450424
-0.437378
-0.401749
-0.359161
-0.379425
-0.406906
-0.427002
-0.450714
-0.445099
-0.417511
-0.381775
-0.327881
-0.25679
-0.209091
-0.162857
-0.112061
-0.0652466
-0.034256
-0.117126
-0.0730286
0.0360413
0.120712

[3]
0.161163
0.243912
0.299683
0.330826
0.353851
0.359955
0.378372
0.415726
0.394791
0.331543
0.300629
0.344955
0.411957
0.40036
0.37439
0.356369
0.332626
0.331009
0.293808
0.253174
0.196945
0.14624
0.110672
0.00163269
-0.0160065
-0.0706177
-0.163269
-0.275528
-0.315308
-0.382462
-0.419266
-0.423111
-0.401459
-0.421555
-0.401794
-0.407562
-0.42572
-0.448624
-0.452103
-0.422821
-0.378662
-0.364517
-0.334854
-0.314346
-0.233994
-0.167847
-0.0883636
-0.0263062
0.00509644
-0.0255737

[4]
-0.0757141
-0.0117035
0.0801697
0.0857849
0.213974
0.343384
0.421585
0.415604
0.349304
0.33226
0.326584
0.289032
0.257248
0.246628
0.299164
0.350525
0.387527
0.412613
0.417297
0.387466
0.317581
0.266541
0.255692
0.210037
0.14801
0.0839844
0.0910492
0.097641
0.0773163
-0.093338
-0.204254
-0.319321
-0.349426
-0.348663
-0.339157
-0.324203
-0.326202
-0.31842
-0.332809
-0.3797
-0.419128
-0.446625
-0.462204
-0.465012
-0.441467
-0.415787
-0.392181
-0.306274
-0.254791
-0.214447

[5]
-0.157501
-0.0887756
-0.0609741
-0.11499
-0.0456543
0.0569305
0.179138
0.187851
0.330246
0.38974
0.370483
0.346756
0.361191
0.370621
0.345108
0.309448
0.327209
0.386353
0.416519
0.434937
0.44342
0.438065
0.413727
0.358856
0.337296
0.282074
0.23439
0.180878
0.14711
0.0888214
0.1008
0.0697784
-0.0305634
-0.19725
-0.291031
-0.319427
-0.396484
-0.472961
-0.458115
-0.373093
-0.357697
-0.429779
-0.499435
-0.537613
-0.539948
-0.50943
-0.492493
-0.464233
-0.426514
-0.382278

[6]
-0.330383
-0.256546
-0.210556
-0.14003
-0.0793304
-0.0908508
-0.0975952
0.0100861
0.109711
0.156006
0.119125
0.127533
0.223312
0.330276
0.385757
0.371918
0.320908
0.286804
0.289429
0.340225
0.392868
0.443512
0.451157
0.414001
0.372498
0.348373
0.33757
0.306961
0.26593
0.237
0.161987
0.121841
0.0187073
0.0059967
0.0670776
0.00961304
-0.0946045
-0.201004
-0.227554
-0.286224
-0.369232
-0.420349
-0.421494
-0.382782
-0.376328
-0.372849
-0.386139
-0.380066
-0.394745
-0.405212

[7]
-0.413605
-0.417877
-0.382812
-0.312759
-0.21373
-0.156158
-0.13797
-0.116379
-0.0772552
-0.0953369
-0.0800018
-0.00627136
0.0544891
0.100021
0.206833
0.322037
0.408661
0.398132
0.295731
0.317871
0.314407
0.319153
0.300018
0.297195
0.317291
0.337234
0.376129
0.403
0.36055
0.336365
0.308594
0.260849
0.21608
0.152451
0.102051
0.0461884
-0.0548859
0.0225677
0.031723
-0.0867462
-0.251633
-0.285263
-0.291458
-0.270538
-0.332733
-0.384583
-0.437683
-0.456253
-0.434784
-0.427719

[8]
-0.387039
-0.354004
-0.352112
-0.378128
-0.373764
-0.346008
-0.291824
-0.240265
-0.203171
-0.15274
-0.0853577
-0.014679
0.0281525
0.0171967
-0.0426941
0.016983
0.0457458
0.0640564
0.140671
0.289246
0.344818
0.326569
0.35556
0.434753
0.447266
0.381577
0.332016
0.303162
0.365067
0.385513
0.427185
0.430267
0.399017
0.355179
0.290771
0.240067
0.184464
0.120682
0.0604401
0.00125122
-0.0821686
0.00587463
-0.0669861
-0.23111
-0.361176
-0.382339
-0.327759
-0.322174
-0.387878
-0.43425

[9]
-0.44455
-0.406723
-0.366547
-0.379883
-0.382996
-0.381226
-0.366791
-0.348862
-0.328171
-0.300079
-0.249573
-0.188568
-0.118088
-0.0871429
-0.0259247
0.00305176
-0.0317841
0.019104
0.0696869
0.0802917
0.114563
0.226151
0.302277
0.333389
0.348877
0.369507
0.371872
0.372208
0.365967
0.346268
0.342117
0.361359
0.332062
0.347885
0.316071
0.273849
0.240295
0.199692
0.157913
0.113068
0.0421753
-0.0163727
-0.0893402
-0.153793
-0.0559387
-0.0918274
-0.195694
-0.259521
-0.282471
-0.308746

[10]
-0.400345
-0.480789
-0.528198
-0.490082
-0.446671
-0.412125
-0.391464
-0.358658
-0.34906
-0.346985
-0.360046
-0.364792
-0.362335
-0.305588
-0.226868
-0.143051
-0.0423889
0.0332489
0.0554199
-0.0195465
0.0187073
0.0676575
0.0798645
0.117508
0.193253
0.292618
0.357651
0.414307
0.416061
0.365616
0.364578
0.360046
0.343185
0.309265
0.349518
0.352463
0.352005
0.317352
0.291672
0.240631
0.17775
0.128952
0.110413
0.0550385
-0.00546265
-0.0779877
-0.0735168
-0.029953
-0.112396
-0.191879

