[1]
0.234634
0.0358429
0.0536652
0.00296021
-0.0573883
-0.0388184
-0.0227051
-0.0587921
0.13739
0.396362
0.139374
0.0986633
0.0289764
0.446228
0.754791
-0.221512
-0.386978
0.382492
0.729141
0.158371
0.214294
-0.378769
-0.0348663
0.149658
0.130493
0.066803
-0.0430298
-0.00688171
-0.00332642
0.103638
0.0640259
0.0402679
0.0482178
0.0105286
0.0878754
0.0935059
0.131622
0.0309753
-0.0335846
-0.0226288
-0.0517883
-0.0012207
0.154327
0.168808
-0.0769501
-0.16391
-0.673203
-0.289337
-0.114548
-0.652893

[2]
-0.948868
-0.230469
-0.403915
0.250809
-0.0333099
0.0516052
-0.0412445
-0.00843811
-0.00535583
-0.0414276
-0.0641937
-0.00123596
0.00334167
0.00813293
0.47847
0.23616
0.154495
0.012558
0.158295
0.633667
0.182968
-0.50322
0.903458
0.179672
0.131516
-0.240189
-0.105118
0.078476
-0.0769653
0.114624
0.0846405
0.0356293
-0.0797424
-0.111664
-0.0250397
0.0847473
0.0914154
0.0335693
0.00840759
0.0377045
0.0796051
0.0818176
0.0212708
0.00614929
0.0381622
-0.0848236
0.249756
0.222992
-0.0853577
-0.320404

[3]
-0.696579
-0.344238
0.0185547
-0.443848
-0.758011
-0.0126801
-0.630417
0.16983
-0.0646973
-0.042511
-0.067337
-0.0542755
-0.121017
-0.133347
-0.163086
-0.227463
-0.23262
-0.290634
-0.137985
-0.151947
0.304153
0.226471
0.0250549
0.418976
0.536713
-0.121658
1.17978
-0.0871735
-0.0140686
-0.40332
-0.0372467
-0.0470276
0.0875397
0.23819
-0.0215759
-0.115906
-0.168747
-0.030899
0.121017
0.154297
0.0114136
0.0399933
0.0913239
0.0760956
-0.0718384
-0.0153046
0.0267334
0.00758362
0.0227509
0.238129

[4]
0.0717926
-0.081131
-0.862167
0.0625763
-0.754547
-0.961761
-0.434418
-0.202087
0.236115
-0.0552979
-0.000167847
-0.036087
0.0393372
0.00990295
0.00868225
0.0286102
0.0217743
0.0923462
0.134933
0.355423
0.238754
0.169479
0.058075
0.344437
0.727615
-0.067215
-0.849915
1.17418
-0.172058
0.309387
-0.0772705
0.297043
-0.132629
-0.0137634
-0.0404968
0.0898285
-0.00404358
-0.211945
-0.0464172
0.00675964
0.0215302
0.000473022
0.0752411
0.081543
0.0838318
-0.0784607
0.134583
0.0595093
-0.101349
-0.0482483

[5]
0.189209
0.092514
-0.128281
-0.587921
-0.483704
-0.22966
-0.925995
-0.83815
0.0860443
-0.171219
-0.0694885
0.0261688
-0.0868835
-0.101364
-0.123169
-0.0749512
-0.0610809
-0.0432587
-0.0201416
-0.0708313
0.172134
0.137375
-0.00416565
-0.13356
-0.121887
0.53598
0.0737305
0.383194
0.759705
-0.0890808
-0.000946045
-0.441116
0.0270691
-0.0210571
0.158081
0.169296
0.0235291
-0.403931
-0.310638
-0.0202484
0.171188
0.190735
-0.00253296
-0.0292511
0.0520477
-0.00379944
-0.0448761
-0.0401917
0.110779
0.0773315

[6]
0.0519562
0.137146
-0.0287628
-0.2686
-0.701218
-0.41333
-0.339478
-0.776367
-0.703491
-0.368256
0.0744324
-0.0249939
0.00149536
-0.0148773
0.0106201
-0.0884552
-0.0492706
0.0120239
0.0587921
0.13266
0.107346
0.177719
0.22261
-0.176239
-0.324326
-0.349335
0.715744
0.0183258
-0.575867
0.971283
0.679398
-0.4384
-0.203369
-0.0674133
0.0301819
0.0742188
-0.0180206
0.131241
-0.0205994
-0.0966797
-0.263748
-0.0882874
0.00982666
0.0904541
0.0596771
-0.0200653
0.0277557
0.0855713
-0.016449
-0.00302124

[7]
-0.0677643
-0.0272827
0.131241
0.0446014
-0.20079
-0.450302
-0.828949
-0.0497437
-0.638
-0.822098
-0.177429
-0.327972
0.0487518
-0.0840454
0.10141
0.0188141
-0.0384216
0.0203705
0.0334015
0.0597076
0.0790405
0.13974
0.109695
0.265442
0.134277
-0.217941
-0.425888
0.0618591
0.335449
-0.222931
0.199219
0.960999
0.27475
-0.645325
-0.310547
0.0616913
0.0726318
-0.0618591
0.102753
-0.0662384
-0.033844
0.00367737
-0.230667
-0.0823822
0.0236053
0.0495148
0.00694275
0.00561523
0.0421295
0.0338898

[8]
-0.0411987
0.0500793
-0.0606537
0.0749054
0.0686035
-0.13652
-0.360657
-0.696777
-0.0239868
-0.168686
-0.685699
-0.788055
-0.171677
-0.251633
-0.191116
0.0507507
-0.033783
-0.0383301
-0.0705566
-0.101486
-0.148239
-0.137131
-0.0965424
-0.145935
0.089447
0.110413
-0.175446
-0.39769
-0.319229
0.697708
-0.16658
-0.185608
0.908417
0.96196
-0.334229
-0.235855
-0.35054
0.110611
-0.270157
0.182144
0.157806
0.0570526
-0.0882874
-0.226242
-0.0946655
-0.0136108
0.109238
-0.0307007
-0.054718
0.0480347

[9]
0.103973
0.0604401
0.0165863
0.00428772
-0.0605621
0.0276489
0.0719452
-0.0409393
-0.398346
-0.782837
0.0178528
-0.719757
-1.11829
-0.14769
-0.869537
0.173431
0.0299072
0.00354004
-0.0333557
-0.0582581
-0.0494537
-0.148209
-0.194519
-0.131851
-0.0881195
0.0579376
-0.189957
-0.274124
-0.12709
-0.209869
0.266129
0.120483
-0.145172
1.43115
0.906326
-0.746521
-0.351974
-0.19696
0.0432892
0.145157
-0.000747681
0.136261
0.116089
-0.197601
-0.0782928
-0.0977173
0.124039
0.0832825
-0.0464325
0.0341644

[10]
0.138397
0.0286255
0.0616913
-0.0333099
-0.0695343
0.0478516
0.115753
0.00692749
-0.397919
-0.693588
-0.158493
-0.554596
-0.748123
0.238907
-0.468353
-0.209381
0.0774078
0.0088501
-0.00320435
-0.0244904
0.0812225
0.0132294
0.00190735
0.0732269
0.1306
0.430603
0.275681
-0.024231
-0.377716
-0.420547
0.355988
0.0149994
-0.377777
0.640213
0.948929
-0.591431
-0.101196
-0.142746
-0.035202
0.0312042
0.000198364
0.0705719
0.181564
-0.220123
-0.209641
-0.0688171
0.0558472
0.139435
-0.0208893
0.0158844

[11]
-0.0479889
0.0310669
0.0499573
0.0234528
-0.0640717
0.0109558
0.123642
0.000518799
-0.171738
-0.574341
-0.379486
-0.506424
-0.89679
-0.665359
-0.172729
0.0158997
-0.198471
-0.00134277
-0.02005
-0.00344849
-0.129822
-0.141922
-0.156509
-0.112427
-0.0942535
-0.064682
0.234741
0.121582
-0.0807495
-0.265198
-0.146057
0.685013
0.379135
-0.765594
1.24461
0.661697
-0.502075
-0.266937
-0.0760651
0.108978
-0.11055
-0.0144501
0.0272217
0.0338135
0.0960693
-0.178421
0.00900269
0.00189209
0.0419312
-0.0254974

[12]
-0.094635
-0.0557098
0.0112915
-0.00675964
0.0871582
0.0208893
0.0185699
0.0933685
-0.0261078
-0.256485
-0.569504
-0.959717
-0.177917
-0.522552
-0.671432
-0.0610504
-0.0315094
0.0976868
0.0133209
-0.0513306
0.0582428
-0.0224762
-0.0942078
-0.0134888
0.0314789
0.0766602
0.107895
0.184418
0.206131
-0.00688171
-0.0871735
-0.288345
0.520416
0.182327
-0.231659
-0.355972
1.2919
0.399857
-0.511841
-0.451431
-0.0971222
0.0336151
-0.142426
0.0428772
0.132339
0.0981598
0.0744324
-0.195572
-0.118134
-0.021286

[13]
0.0892181
0.0521393
-0.0512543
-0.0299377
-0.0563812
0.104065
0.0718079
-0.0265808
0.039444
0.0766144
-0.0911102
-0.354355
-0.771713
0.13118
-0.727417
-0.86467
-0.332901
-0.892548
0.106628
-0.0996552
-0.00724792
0.0131989
0.0135651
0.00627136
0.012619
0.036377
0.104111
0.223267
0.255661
0.436874
-0.0667419
-0.316956
-0.189987
0.530975
0.0153656
0.205338
-0.477524
1.00047
0.14003
0.0452271
-0.478958
-0.0210114
-0.132767
0.0928955
0.102737
0.0768585
0.108856
-0.114777
-0.197205
-0.0784454

[14]
0.0597229
0.107574
0.0184479
-0.0117493
-0.0990143
0.0302582
0.0700378
0.114334
-0.0641479
0.0652466
0.027832
-0.0820007
-0.3936
-0.805405
0.132523
-0.719025
-0.967758
-0.380005
-0.989426
0.0632324
-0.0138092
-0.0662537
-0.0425873
-0.103424
-0.176819
-0.22731
-0.178955
-0.173279
0.00622559
0.185638
0.182922
0.0157471
-0.0168915
-0.513458
0.201324
0.675919
0.00318909
-0.435074
1.28735
0.448715
-0.531189
-0.45253
0.119431
-0.257385
0.00888062
0.190292
0.135773
-0.0299072
-0.228149
-0.140076

[15]
-0.0454407
0.110168
0.0293427
-0.0380402
0.0262451
0.111496
0.108688
0.0756683
0.0688629
-0.129776
-0.0416412
0.123489
0.0210571
-0.10733
-0.502579
-0.136337
-0.255997
-0.707397
-0.736526
0.15538
-0.50824
-0.193771
0.0189972
-0.0333405
-0.0449982
0.0170288
0.0232849
-0.111252
-0.113571
-0.0737915
-0.00610352
0.232269
0.0949707
-0.306076
-0.688004
-0.216248
0.195908
-0.0236511
-0.443405
0.985626
0.594452
-0.254486
-0.269363
-0.2005
0.00692749
0.0402222
0.0759583
0.0247498
0.0428925
-0.246277

[16]
-0.104736
-0.030014
0.137604
0.11293
-0.0565491
0.0112762
-0.00448608
0.0468597
0.0761261
0.0318451
-0.00788879
-0.0179291
0.107559
-0.0120544
-0.0681305
-0.400024
-0.376495
0.0885468
-0.759644
-1.25189
-0.313049
-0.879135
-0.0932617
-0.110641
0.0161133
0.0139008
0.0421143
-0.0433655
-0.0954895
-0.0855865
-0.039032
-0.054245
0.200424
0.435181
-0.0375366
-0.58577
-0.610336
0.490814
0.674316
0.31131
-0.895538
1.45769
0.781891
-0.495743
-0.0426331
0.0860291
-0.0250702
0.0584717
-0.0110779
0.0233459

[17]
0.137756
-0.103775
-0.150772
-0.0497894
0.0232239
0.106583
0.0703125
0.0718689
0.098465
0.0824738
0.00764465
-0.0348206
-0.0561981
0.0764465
0.0726013
-0.0220184
-0.302002
-0.972626
0.0305328
-0.563095
-0.835983
-0.744186
-0.259201
-0.189896
-0.0582886
0.151398
0.0408478
-0.0268097
-0.0314026
0.0238037
0.0555573
0.0413055
0.114807
0.0738983
0.34079
0.216965
-0.19043
-0.441772
-0.239151
0.382416
-0.116638
0.0999451
0.78302
0.289078
-0.37915
-0.354507
0.125656
-0.00866699
0.043457
0.0391235

[18]
-0.0146179
0.0121613
-0.132004
-0.0952148
-0.00544739
0.0383301
0.0506897
-0.0457611
-0.0343628
0.0458069
0.0536346
0.0374146
0.076004
-0.0384674
0.0479279
0.102249
-0.0296478
-0.237122
-0.709763
0.0162048
-0.423813
-0.827438
-0.887527
-0.243683
-0.215149
-0.170059
0.0410919
0.0317078
0.0399017
-0.0497131
-0.0582733
-0.143173
-0.0458221
-0.0833893
-0.0570221
0.292801
0.10231
-0.287994
-0.138519
0.554321
0.64682
-0.0072937
-0.812973
1.16502
0.897308
-0.365479
-0.209824
-0.148285
-0.167587
0.0284882

[19]
0.140518
0.129059
0.121796
-0.124588
-0.18808
-0.0776825
0.0292664
0.094101
-0.0213013
0.0442505
0.0833435
0.053772
-0.015686
0.00224304
-0.00717163
0.0840302
0.149673
0.0204773
-0.15802
-0.812485
-0.0346375
-0.604874
-0.870346
-0.808395
-0.159027
-0.0687256
-0.151871
0.0970154
0.0696869
0.0422211
-0.014679
-0.0248108
-0.0439758
-0.00769043
0.0583954
0.393082
0.305023
-0.111298
-0.238281
-0.242844
0.15947
0.461899
0.00717163
-0.624023
1.28714
0.390442
-0.349213
-0.239944
0.0444946
-0.136398

[20]
0.0609283
0.0899658
0.0494385
0.133743
-0.0363007
-0.192657
-0.112656
0.0596161
0.128311
-0.041748
0.082489
0.0572662
0.0386963
0.0540009
0.0675507
0.0231934
0.142197
0.0811157
-0.158249
-0.301346
-0.735397
-0.0352783
-0.690964
-1.2383
-0.225082
-0.878952
0.056015
-0.00526428
0.0858612
0.0638733
0.0151367
-0.0434265
-0.0812531
-0.0687103
-0.00860596
0.0590515
0.330612
0.292847
-0.0248108
-0.357773
-0.373993
0.520203
0.362595
-0.277039
0.485672
0.316345
-0.143661
0.0639191
-0.0556183
0.116028

[21]
-0.0271759
-0.115738
0.0408325
-0.027359
0.0478821
-0.129883
-0.0689087
0.0422211
0.0729675
-0.0409088
-0.0288696
0.0247803
0.0578308
-0.0451355
0.0963287
0.0359192
0.0913849
0.0815277
-0.101135
-0.212524
-0.815125
-0.438065
-0.432327
-0.776993
-0.651535
-0.399078
0.10527
0.17189
0.123199
0.0757751
0.034317
-0.0463867
-0.0508118
0.0372925
0.0862885
0.152069
0.124176
0.150833
-0.132095
-0.126984
-0.26413
0.292038
-0.0183411
-0.225479
0.281174
0.715134
-0.384033
-0.230728
-0.0131683
-0.10582

[22]
-0.025528
-0.0861664
0.0832214
0.056778
-0.0455017
-0.178757
0.0323792
0.0504303
0.0986023
0.0332031
-0.0607605
-0.0289001
-0.0936737
-0.0193329
0.0656128
0.0362854
-0.0180054
0.0980988
0.0646667
-0.160431
-0.4133
-0.785263
0.159042
-0.576294
-0.727325
-0.626419
-0.332458
0.00352478
-0.0373688
-0.0666199
-0.0147095
-0.0807037
-0.105042
-0.060257
0.00534058
0.0292206
0.0659485
0.274292
0.301224
0.0489197
0.113342
0.14119
0.170776
0.18338
0.315338
-0.240692
0.525848
0.218384
0.260529
-0.194565

