[1]
-0.0265503
0.406281
0.337906
0.189667
0.0424957
-0.376724
-0.250153
-0.731003
-1.08629
-1.22729
-1.23918
-1.33064
-1.34946
-1.46942
-1.15805
1.12982
0.253418
-0.944229
-0.118469
0.295197
-0.278214
-0.351486
-0.276413
-0.0473328
-0.0216217
0.0438232
0.0579681
0.0568085
-0.0746155
-0.04245
0.070343
0.0470734
0.0238495
0.0382385
-0.0110016
-0.0346069
-0.0498199
0.0102081
0.0799561
0.0617218
0.0440521
0.0404663
0.109116
0.0946655
0.116989
0.124969
0.115799
0.168411
0.454712
1.2494

[2]
0.634369
0.670593
0.796539
0.684357
0.318481
0.176849
0.122452
0.65683
0.715378
0.622772
0.499359
0.341812
0.237106
0.26799
0.250458
0.183151
-0.0962372
-0.483856
-0.746628
-1.06876
-1.16777
-1.08061
-1.47893
-2.10823
-1.2244
-1.03239
0.362
0.614471
-0.544403
-0.438217
-0.469772
-0.38916
-0.201538
-0.00982666
-0.0477448
-0.0879822
0.00495911
0.069809
0.0655212
-0.00662231
-0.0815277
-0.0134277
-0.0250092
-0.0230713
-0.042099
-0.0363617
-0.0480042
-0.0511475
-0.058548
-0.0757751

[3]
-0.022171
0.00314331
0.0437317
0.052536
0.0851593
0.0601196
0.0561676
0.0261993
-0.0410156
0.137848
0.640869
1.18639
0.570465
0.878906
0.566391
0.743515
-0.0464172
0.229095
0.477066
0.762024
0.639816
0.575653
0.414902
0.300415
0.254639
0.230774
0.311478
0.163223
-0.0791168
-0.395233
-0.583847
-1.16151
-1.40669
-1.51321
-1.57649
-1.97351
-1.21944
-1.44019
0.600082
0.415146
-0.791946
-0.32634
0.0193939
-0.497101
-0.433319
-0.135269
-0.0267487
-0.0569916
-0.0561523
-0.055069

[4]
-0.0740051
-0.0688934
-0.147522
-0.106659
-0.0898895
0.00419617
0.00463867
-0.0237732
-0.0242004
-0.0466309
-0.0619202
-0.0445862
-0.0462952
-0.00390625
0.0223236
0.0282135
-0.0176086
0.0109863
0.0720978
0.00726318
0.120895
0.885162
1.30132
0.542908
0.90834
0.596008
0.5009
0.11705
0.241684
0.63176
0.652695
0.612579
0.484146
0.376083
0.312332
0.284531
0.292542
0.184204
0.0368652
-0.301331
-0.304535
-0.771973
-1.3049
-1.38586
-1.57118
-1.7887
-1.62801
-1.27467
-1.22395
1.02078

[5]
-0.0843506
-0.789749
-0.424652
0.0523071
-0.421616
-0.356781
-0.180328
-0.0874786
-0.113068
-0.0523682
0.0297241
0.0114899
-0.0304108
-0.120743
-0.0518951
-0.0338593
-0.0829468
-0.0449219
-0.0350342
-0.0998688
-0.118408
-0.0733643
-0.0206909
-0.00369263
-0.0214691
-0.00994873
0.0699463
-0.0019989
0.017868
0.0609131
0.0254974
-0.0281525
0.559143
1.24861
0.74826
0.458344
0.520401
0.588196
0.240799
0.150467
0.574905
0.671402
0.584473
0.551437
0.40123
0.308197
0.322433
0.311142
0.207382
0.0313416

[6]
0.287003
0.357101
0.672424
0.682556
0.587311
0.410721
0.318207
0.270294
0.292252
0.186691
-0.0153656
-0.320618
-0.471252
-0.70314
-1.37666
-1.61385
-1.59935
-1.65596
-1.86203
-1.72137
-0.665817
1.2545
-0.743378
-0.208588
-0.024353
-0.369278
-0.56781
-0.463394
-0.0968018
0.0109863
-0.0341187
0.00396729
-0.0134735
-0.0815125
-0.0852203
-0.0967407
-0.0609283
-0.0183411
-0.0566559
-0.0296783
-0.0463257
-0.0764618
-0.0677338
-0.0864563
-0.0211792
-0.0169525
0.0275726
0.0269928
-0.0401611
0.00544739

[7]
0.0528717
0.139572
0.0850677
0.496094
1.48076
0.22496
1.22249
0.592484
0.64299
-0.0709229
0.290192
0.471893
0.709473
0.611786
0.541214
0.385864
0.275787
0.223663
0.216904
0.175476
0.0335846
-0.140259
-0.418472
-0.796005
-1.26358
-1.54065
-1.45013
-1.65352
-1.70326
-1.7636
-1.41995
1.54367
-1.17445
-0.291626
-0.201309
-0.359772
-0.418549
-0.146912
-0.104324
-0.161697
-0.0844574
-0.0557251
-0.0270691
-0.0452118
-0.0582275
-0.0671082
-0.0665588
-0.0535736
-0.0452118
-0.000518799

[8]
-0.191193
-0.583282
-0.714462
-1.15001
-1.42149
-1.42403
-1.58788
-1.74088
-1.68259
-1.30101
-0.413864
1.2003
-0.850861
-0.363449
-0.0186157
-0.423111
-0.368439
-0.100037
-0.0467377
-0.11763
-0.152191
0.0323792
0.0855255
0.0153503
0.0332184
0.100342
0.00801086
-0.218109
-0.249634
-0.104828
-0.0364227
-0.021286
-0.0754547
-0.0419769
-0.0359955
0.00550842
0.00926208
-0.0349884
-0.00590515
0.030777
0.0298615
0.0738373
0.127899
0.607407
1.34349
0.274017
0.887863
0.59079
0.608063
0.259094

[9]
-0.0544281
-0.0548553
-0.0790405
-0.0632782
-0.0478821
-0.0209045
-0.0198517
0.00698853
-0.0161285
0.0376434
0.0249329
-0.00257874
0.104599
0.421249
1.02962
0.745667
0.53717
0.845825
0.469177
0.445007
0.203461
0.264938
0.673401
0.655487
0.541611
0.430298
0.357605
0.22641
0.263092
0.251907
0.123138
-0.17926
-0.425568
-0.657074
-1.10997
-1.65921
-1.68375
-1.46306
-1.53697
-1.66777
-1.70093
0.631653
0.49762
-0.876648
-0.406784
-0.149033
-0.397324
-0.362717
-0.175659
-0.151581

[10]
-0.156998
-0.0305023
0.0302277
0.0265656
-0.0408783
-0.148117
-0.150223
-0.129166
-0.127472
-0.092804
-0.07901
-0.0548096
-0.0779419
-0.0753784
-0.0904999
-0.0283813
-0.043808
0.00262451
-0.0335693
-0.0214691
-0.0286713
-0.0112915
0.0463715
0.0581207
0.380417
0.966034
0.951416
0.656464
0.848557
0.401855
0.118546
0.296631
0.582062
0.86554
0.578934
0.419662
0.319809
0.275131
0.303192
0.278976
0.196686
0.0506897
-0.094223
-0.547089
-0.810623
-1.41216
-1.69916
-1.48474
-1.98019
-2.39513

[11]
-1.14832
-0.893341
1.07172
-0.11058
-0.674759
-0.56543
-0.188705
-0.394302
-0.199051
-0.10878
-0.179871
-0.171768
-0.0452728
0.0165558
-0.104691
-0.160141
-0.152374
-0.122086
-0.11554
-0.0909882
-0.04776
-0.0272217
-0.0500641
-0.083725
-0.0777435
-0.10701
-0.0369263
0.0104828
0.0634766
-0.0364075
-0.0171814
0.095108
0.134064
0.0332947
0.606918
1.45424
0.264664
1.31598
0.841034
0.924988
-0.142227
0.074173
0.313019
0.741119
0.702728
0.606018
0.395584
0.266815
0.25676
0.25032

[12]
0.175659
-0.108902
-0.461609
-0.875397
-1.16878
-1.40692
-1.44569
-1.78014
-1.97859
-1.75189
-1.66399
0.668335
0.521179
-1.2272
-0.0902405
-0.652237
-0.559265
-0.275162
-0.0768433
-0.118286
-0.121445
-0.0224762
0.0435028
-0.0889893
-0.138168
-0.164612
-0.112747
-0.0953827
-0.0890656
-0.0457458
-0.071167
-0.113129
-0.129593
-0.0855255
-0.0628357
-0.0475922
0.00253296
-0.0224609
-0.0181427
-0.0193024
0.0862274
0.0854797
0.130249
0.724976
1.31761
0.268112
0.641632
0.841293
0.73558
-0.0440063

[13]
0.165421
0.400085
0.64418
0.601532
0.523102
0.305557
0.289124
0.324478
0.306824
0.191422
-0.0324554
-0.222321
-0.464493
-0.78894
-1.36687
-1.661
-1.71606
-1.80486
-2.21017
-1.53865
-1.02316
1.34036
-0.905914
-0.455627
-0.129868
-0.586182
-0.436981
-0.267792
-0.112564
-0.139694
-0.138214
0.0349731
0.0205078
-0.0141449
-0.0914612
-0.0652466
-0.0693817
-0.101959
-0.118164
-0.088501
-0.0927887
-0.0885468
-0.108978
-0.130295
-0.0394287
0.0243225
-0.015564
0.052124
0.00485229
-0.00553894

[14]
0.123688
0.0130005
0.187881
1.66689
0.769897
0.516113
0.909531
1.21136
0.960007
0.033493
-0.388474
-0.0523834
0.470078
0.794678
0.765488
0.556503
0.242859
0.170044
0.241699
0.0574188
-0.264145
-0.764236
-0.845093
-1.36076
-1.81723
-1.68597
-1.63933
-1.68878
-1.93781
-1.15269
1.35229
-1.4525
-0.224609
-0.392776
-0.381546
-0.301743
-0.102539
-0.186356
-0.0681152
-0.10257
0.0671539
-0.0116882
-0.00582886
-0.0752869
-0.117249
-0.0746613
-0.101242
-0.12677
-0.119553
-0.063736

[15]
-0.074234
-0.110977
-0.108673
-0.0820007
-0.0637665
0.0256195
0.00888062
0.0144043
0.033783
0.160217
0.0891266
0.389511
1.43358
0.702835
0.612701
0.737366
0.536026
-0.0805664
-0.0404053
0.626495
0.864059
0.589706
0.43782
0.329483
0.180939
0.16478
0.174179
0.147507
0.0558624
-0.165298
-0.521103
-0.824677
-1.25514
-1.42622
-1.51076
-1.85843
-2.15207
-1.4176
-0.865875
0.799042
-0.932922
-0.556839
-0.143082
-0.369492
-0.363434
-0.162476
-0.00895691
-0.122101
-0.162781
0.0651245

[16]
-0.00837708
-0.0924683
-0.154129
-0.107315
-0.14949
-0.102676
-0.0750732
-0.0849304
-0.0317688
-0.0557861
-0.101181
-0.0836182
-0.0213776
-0.0401154
0.0266266
-0.00938416
0.0113525
0.0362244
0.0198364
0.051651
0.308975
1.07397
1.0379
0.187439
1.08322
0.441299
0.407608
0.323395
0.434479
0.725571
0.57933
0.4729
0.378342
0.351166
0.255829
0.195129
0.19783
0.0807495
-0.113434
-0.439224
-0.676926
-1.0381
-1.31091
-1.32173
-1.6958
-2.04951
-1.78519
-1.40556
0.588501
0.512833

[17]
-0.69577
-0.494675
-0.137878
-0.356033
-0.28537
-0.224899
-0.186646
-0.22023
-0.128448
0.00630188
0.00762939
-0.115005
-0.125076
-0.153931
-0.113052
-0.108566
-0.0776978
-0.109451
-0.0644073
-0.0651093
-0.0871124
-0.0450592
-0.0852966
-0.0535736
-0.049057
-0.0542908
-0.0231171
-0.0202484
0.0212555
-0.0396118
0.00564575
0.129608
0.48642
1.01686
0.496811
0.61058
0.728333
0.718979
0.189606
0.142395
0.219849
0.620621
0.655273
0.632751
0.453827
0.283524
0.16243
0.219437
0.238983
0.156616

[18]
-0.0686035
-0.315872
-0.545975
-0.822296
-1.07961
-1.1675
-1.56889
-1.69635
-1.44614
-1.03085
-1.09987
0.767578
-0.488022
-0.931274
-0.0702667
-0.416
-0.442032
-0.152649
-0.0339966
-0.212112
-0.0560608
0.0442047
0.0844879
-0.132965
-0.177338
-0.0482788
-0.0406952
-0.0780334
-0.0571289
-0.0788422
-0.0721588
-0.0963287
-0.14389
-0.10405
-0.0641479
0.0246124
0.021347
0.0425568
0.0128632
0.0283661
0.108948
0.0175476
0.458679
1.54225
0.366318
0.687057
0.610641
0.550461
0.127335
0.221756

[19]
0.575195
0.685699
0.553284
0.412888
0.326263
0.270905
0.284607
0.228455
0.140167
-0.0750732
-0.333755
-0.457199
-0.629044
-1.03418
-1.15129
-1.65594
-2.36862
-1.82591
-1.58205
-0.681931
0.977356
-0.802719
-0.510498
-0.592316
-0.302567
-0.489731
-0.26181
0.0903168
-0.0429688
-0.0848236
-0.116684
-0.0254974
-0.00151062
-0.0645294
-0.101669
-0.0991516
-0.0485992
-0.0255127
-0.0786896
-0.0615845
-0.0526581
-0.0666656
-0.099472
-0.0382385
-0.0242004
0.0720062
-0.0331726
-0.00630188
0.0412598
0.1147

[20]
0.113235
0.929657
1.40813
0.289505
1.19518
0.552872
0.323151
0.26799
0.347229
0.768097
0.699249
0.529007
0.414032
0.297852
0.272415
0.246475
0.173508
0.0348969
-0.147736
-0.615524
-0.828125
-1.2276
-1.46307
-1.22664
-2.24876
-2.2822
-1.80122
-1.22566
1.02029
-0.5439
-0.604904
-0.25972
-0.691803
-0.519699
-0.359314
-0.0250854
-0.0275421
-0.114059
-0.0608978
0.070694
0.0117493
-0.101654
-0.154663
-0.0967407
-0.0643616
-0.0969696
-0.0808411
-0.0796814
-0.0578461
-0.0558014

[21]
-0.0661469
-0.0453339
-0.055603
-0.0575409
-0.0252686
0.0548401
-0.00172424
0.0679321
0.0341339
0.254868
0.969101
1.13583
0.454041
1.02647
0.708725
0.509933
0.115265
0.329712
0.754639
0.66037
0.526245
0.41745
0.333252
0.248489
0.213516
0.207993
0.0148315
-0.134216
-0.43158
-0.724487
-0.933624
-1.2487
-1.60918
-1.56302
-1.82298
-1.83075
-1.69717
-0.264206
1.12013
-1.02736
-0.334946
-0.247375
-0.601532
-0.612289
-0.246429
-0.102402
-0.0873108
-0.0471802
-0.0159302
-0.0346375

[22]
-0.0612183
-0.10321
-0.108109
-0.083786
-0.0471344
-0.0723724
-0.0662537
-0.0712433
-0.0874786
-0.0750427
-0.0795441
-0.0540314
-0.0153961
0.0062561
-0.00216675
0.00447083
-0.0259247
0.0199738
0.0117493
0.288345
0.650955
1.17107
0.394012
0.937943
0.71814
0.674271
0.0782166
0.202606
0.629395
0.769989
0.583237
0.473129
0.339203
0.267593
0.209152
0.198074
0.148987
-0.0609589
-0.390701
-0.488892
-0.837967
-1.1494
-1.55034
-1.46545
-1.60834
-1.96053
-1.52695
-1.52977
0.720963
0.540253

[23]
-0.959167
-0.464218
-0.382935
-0.470032
-0.288116
-0.156998
-0.0841522
-0.133011
-0.0845337
-0.0504761
-0.0319672
-0.056366
-0.130066
-0.0709229
-0.0928345
-0.0782318
-0.0696106
-0.0695038
-0.101807
-0.0753326
-0.0683594
-0.085907
-0.0320435
-0.0132599
0.0244751
-0.0387726
0.00982666
0.0135193
0.138031
0.17746
0.341644
1.80995
0.203705
1.24989
0.622421
0.530243
0.0175629
0.176071
0.501099
0.765015
0.650314
0.576462
0.426147
0.295715
0.234329
0.238815
0.223465
0.094162
-0.0123596
-0.287216

[24]
-0.588989
-0.968079
-1.51715
-1.67189
-1.7209
-2.16296
-1.74672
-1.53348
0.534576
-0.128082
-0.975891
-0.194534
-0.540359
-0.46933
-0.3694
-0.0463867
-0.0320435
-0.164032
-0.132324
0.0129547
0.026474
-0.0581818
-0.0936279
-0.128128
-0.0516968
-0.0535431
-0.0889282
-0.0976257
-0.06987
-0.0715942
-0.0914764
-0.0820007
-0.0309906
0.0241089
-0.0162659
0.0398865
-0.0493164
0.0211334
0.0870514
0.140137
0.202515
1.28621
0.526291
0.788162
1.18428
0.516251
-0.085556
0.0981293
0.4422
0.89032

[25]
0.626282
0.472565
0.342514
0.253937
0.202499
0.253983
0.160446
-0.098465
-0.109818
-0.585083
-0.775925
-1.26027
-1.67482
-1.66374
-1.82616
-2.0325
-1.16023
-1.1722
0.814072
0.166306
-0.772614
-0.457672
-0.207947
-0.512619
-0.42157
-0.161362
-0.0955658
-0.166336
-0.0913544
0.0287628
-0.0268097
-0.0537872
-0.123657
-0.123138
-0.126907
-0.0841522
-0.0432281
-0.0615387
-0.0697021
-0.048996
-0.0500946
-0.0653992
-0.0167542
0.00999451
0.0224457
0.000579834
0.00965881
0.0851898
0.103165
0.0554962

[26]
0.795303
0.9897
0.783615
1.3828
0.676788
0.283463
-0.0332489
0.151566
0.759552
0.804092
0.685745
0.446838
0.276047
0.252686
0.309479
0.290466
0.123093
-0.098114
-0.347534
-0.779831
-1.17955
-1.35484
-1.48112
-2.28615
-2.4295
-1.25931
-0.201767
0.588074
-0.892395
-0.743774
-0.155396
-0.486481
-0.499847
-0.277191
-0.0149689
-0.138367
-0.0548553
-0.0137177
0.0217438
-0.065918
-0.111038
-0.120728
-0.125076
-0.0827026
-0.0200806
-0.0701294
-0.0934448
-0.0642395
-0.0612488
-0.054657

[27]
-0.0466614
0.00341797
0.00614929
-0.0205994
0.0340729
-0.018158
0.0676575
0.216293
0.126022
0.897827
0.923782
0.391357
1.32561
0.569931
0.327972
0.159485
0.307678
0.734787
0.712982
0.529099
0.397964
0.272903
0.233398
0.243179
0.188232
0.0888519
-0.176819
-0.429169
-0.83078
-1.43106
-1.84438
-1.75627
-2.07256
-2.13873
-1.53854
0.530884
0.119492
-0.841583
-0.316162
-0.386581
-0.520981
-0.371094
-0.0671082
-0.0935516
-0.112549
-0.0908966
-0.00364685
0.00132751
-0.0612183
-0.132263

[28]
-0.101089
-0.0920105
-0.105362
-0.0870209
-0.100571
-0.0717163
-0.103043
-0.123886
-0.0563202
-0.0307465
0.0248413
-0.0262299
-0.0291138
0.0110168
0.0908661
0.0481567
0.424347
1.62822
0.444382
1.29024
0.668259
0.6194
0.0202942
0.266724
0.612839
0.767166
0.558746
0.469467
0.353363
0.248215
0.224747
0.223312
0.155685
0.0497894
-0.150223
-0.532181
-1.22948
-1.61401
-1.68025
-1.37605
-1.48476
-1.83398
-1.66377
-1.35959
1.44191
-0.585205
-0.574875
-0.182999
-0.475922
-0.48378

[29]
-0.29155
-0.129211
-0.141235
-0.0896454
-0.0474243
0.0017395
-0.0338287
-0.0857849
-0.120407
-0.0370026
-0.0624084
-0.104172
-0.110336
-0.0851288
-0.0844269
-0.115768
-0.0433655
-0.00862122
0.0392914
0.0193481
-0.034317
-0.0155029
0.0686951
0.183655
0.100815
0.829483
1.06564
0.292526
1.32596
0.598846
0.445297
0.0476074
0.173767
0.641785
0.711258
0.578903
0.423904
0.252396
0.199875
0.17836
0.162827
0.0731812
-0.117737
-0.555954
-1.00027
-1.50244
-1.73463
-1.49638
-1.67305
-2.14551

[30]
-1.67236
-0.516235
1.50433
-0.995575
-0.597046
-0.306107
-0.572708
-0.448761
-0.293304
-0.0209198
-0.106232
-0.0547485
-0.058136
0.0103912
-0.103668
-0.130157
-0.081665
-0.0504761
-0.0648804
-0.0875854
-0.0884094
-0.0770874
-0.128342
-0.0827637
-0.0607147
-0.0543518
0.0338287
-0.00419617
0.00680542
0.0160522
0.0918579
0.129868
0.194107
1.68288
0.157013
1.22357
0.750015
0.528
-0.186554
0.241684
0.356461
0.750809
0.663208
0.540863
0.40448
0.275162
0.292603
0.297073
0.225601
0.0712128

[31]
-0.10437
-0.501602
-0.786041
-1.34998
-1.55573
-1.25012
-1.64832
-2.21568
-1.80803
-1.11166
1.14838
-0.759323
-0.571945
-0.292923
-0.316147
-0.605072
-0.287888
-0.0605621
-0.0573273
-0.072525
-0.0770416
-0.0321503
-0.0133362
-0.114441
-0.17189
-0.0910645
-0.0424194
-0.0714874
-0.0493927
-0.0296478
-0.0425415
-0.0417938
-0.0983887
-0.056488
-0.00167847
0.0012207
-0.0144653
-0.0121765
-0.0204468
0.0433044
0.11026
0.194534
0.803284
1.27428
0.4142
1.16685
0.468857
0.488205
0.10495
0.236984

