[1]
-0.0217285
0.397766
0.311127
0.256699
0.222321
0.130081
-0.205078
-0.228302
-0.634354
-1.08235
-1.38695
-1.46259
-1.43076
-1.63005
-1.80675
-1.11336
-0.0487671
1.76183
-0.966843
-0.279556
-0.173782
-0.789261
-0.259872
-0.0705261
0.196274
0.0814819
0.095108
-0.0124054
0.146103
0.11673
0.0921631
0.0563812
0.0850525
0.0526581
0.0793457
0.0792389
0.0899811
0.0446014
0.0409393
0.0635986
0.143112
0.139069
0.122864
0.142731
0.17363
0.146667
0.172073
0.176392
0.454926
1.17892

[2]
0.949875
0.876282
0.676376
0.406876
0.339996
-0.348892
0.254364
0.995193
0.849625
0.636734
0.522552
0.41658
0.307159
0.305786
0.253143
0.208023
-0.0917969
-0.279175
-0.581116
-1.30078
-1.87851
-1.9451
-2.03067
-2.06396
-2.01509
-1.53603
1.56369
-0.843552
-0.566391
-0.458435
-0.497162
-0.403168
-0.260544
-0.0921021
-0.163803
-0.0962524
-0.0459747
-0.0802155
-0.00328064
-0.0176392
-0.00915527
-0.0570068
-0.0575104
-0.0445709
-0.0248108
-0.0010376
-0.0474396
-0.0442963
-0.0164642
0.0235291

[3]
0.00784302
0.047226
0.0580902
0.0813751
0.0622711
0.101349
0.0951385
0.401291
1.05986
1.13951
0.807846
0.616974
0.270432
0.321884
-0.240692
0.145508
0.963043
0.8564
0.547592
0.40007
0.272629
0.261124
0.280106
0.202377
0.0392609
-0.188553
-0.385223
-0.654343
-1.36592
-1.96155
-2.06892
-2.18347
-2.41359
-1.83672
-1.34769
0.929138
0.960663
-1.18105
-0.379425
-0.884201
-0.603409
-0.280121
-0.133728
-0.197281
-0.292999
-0.104401
-0.0951691
-0.102173
-0.0230865
-0.123535

[4]
-0.121536
-0.0870667
-0.0893707
-0.0412292
-0.0653687
-0.0588531
-0.0823517
-0.091507
-0.0254364
0.0287781
0.0356903
0.0171661
0.0516357
0.0381317
0.0850525
0.0723877
0.375198
1.25096
1.01468
0.818451
0.301559
0.40802
-0.242157
-0.253265
0.707306
0.871826
0.656845
0.463074
0.335388
0.246384
0.247757
0.201508
0.10701
-0.0903931
-0.417145
-0.653214
-1.20567
-1.78712
-1.91678
-1.88185
-1.97957
-2.04703
-1.95888
-0.948929
1.5706
-1.14214
-0.520233
-0.531479
-0.60614
-0.303009

[5]
-0.219757
-0.161926
-0.126602
-0.149948
-0.0774384
-0.0744476
-0.0432281
-0.0862885
-0.0730743
-0.0827484
-0.0472717
-0.0674744
-0.088089
-0.0606384
-0.0210724
-0.0587463
-0.0597076
0.0265656
0.0669556
0.0496979
-0.00796509
0.0361938
0.0642395
0.0496674
0.195251
0.511078
1.1431
0.988907
0.732162
0.358292
0.341675
-0.305756
-0.331711
0.723846
0.893707
0.598984
0.447678
0.287689
0.224243
0.221313
0.151306
0.106079
-0.0411377
-0.329788
-0.628479
-1.02182
-1.51689
-1.87389
-1.81396
-1.71544

[6]
-1.70219
-1.4304
-1.70143
1.13696
0.37236
-0.841629
-0.510834
-0.422821
-0.416458
-0.213882
-0.187729
-0.139008
-0.156082
-0.125809
-0.0667725
-0.0650635
-0.0397339
-0.0558014
-0.066925
-0.0790863
-0.0616302
-0.038208
-0.0428772
-0.0410461
-0.0664062
-0.0552673
0.00167847
-0.00682068
0.0030365
0.0581512
0.0464325
0.0508575
0.0719757
0.174652
0.303375
0.756897
1.0874
0.66069
0.566437
0.110352
-0.0196381
-0.117661
0.556671
0.894562
0.657761
0.494385
0.400726
0.27182
0.238007
0.191086

[7]
0.110672
-0.0155182
-0.203003
-0.473755
-0.824524
-1.39819
-1.9614
-2.11534
-1.96986
-1.80675
-1.96356
-1.73494
1.5564
-0.536377
-0.729782
-0.555954
-0.603256
-0.423767
-0.255936
-0.0934296
-0.101715
-0.0872498
-0.188675
-0.117569
0.00488281
-0.0207672
-0.0697327
-0.140121
-0.0632782
-0.0736542
-0.0850067
-0.0814514
-0.0646667
-0.0751953
-0.0656281
-0.0333557
0.048996
0.0565338
0.039444
0.0569611
0.0687866
0.0984802
0.0692139
0.394897
1.16519
0.909454
0.746078
0.541626
0.370636
0.0153656

[8]
-0.293655
0.723206
1.09036
0.749466
0.469437
0.350998
0.250275
0.20694
0.0720062
-0.0516968
-0.291916
-0.515533
-0.911072
-1.47713
-1.86215
-1.78607
-1.80748
-1.98933
-1.97066
-2.01804
0.291718
0.768585
-1.00298
-0.639572
-0.512665
-0.565689
-0.357574
-0.186279
-0.0798492
-0.101135
-0.110748
-0.0635834
-0.0535889
-0.0481415
-0.0934296
-0.0947723
-0.0711823
-0.0750275
-0.0801392
-0.0560455
-0.0401764
-0.0529327
-0.0811615
-0.015564
0.0244141
0.0582886
-0.0147095
0.0643463
0.0665131
0.0122375

[9]
0.259384
0.849319
1.40051
1.00476
0.422668
0.0449066
0.149292
-0.139343
0.633835
0.857864
0.739487
0.579224
0.50058
0.370224
0.28331
0.209183
0.159378
-0.047699
-0.167343
-0.392654
-0.786591
-1.34747
-1.77913
-1.90782
-1.93919
-1.8911
-1.81926
-1.73541
1.49791
-0.32077
-0.685547
-0.56073
-0.394821
-0.403625
-0.280548
-0.0845184
-0.101105
-0.106873
-0.0517273
-0.0469513
-0.089035
-0.00880432
0.0223083
-0.0311584
-0.0754547
-0.0679779
-0.0311584
-0.0653839
-0.0358582
-0.0326538

[10]
-0.00708008
-0.0171509
0.0332947
-0.00289917
0.0394745
0.0254669
0.0800018
0.0788269
0.078537
0.35202
1.01582
1.34897
1.08871
0.454819
0.182343
0.131744
-0.0354919
0.796967
0.887299
0.609924
0.436844
0.357101
0.272522
0.246185
0.212769
0.129272
-0.054657
-0.332275
-0.591003
-0.982162
-1.40633
-1.73318
-1.8549
-1.76022
-1.679
-1.56389
-1.54181
1.57126
-0.236588
-0.744522
-0.384888
-0.510284
-0.36647
-0.320847
-0.0219574
-0.0660095
-0.0312042
-0.00421143
-0.009552
-0.0358887

[11]
0.0742035
0.0358887
-0.0590668
-0.0605164
-0.0128784
-0.0483551
-0.019165
-0.0115509
-0.0226135
-0.0150909
0.0365906
0.0763397
0.131638
0.0569153
0.151093
0.126633
0.213608
0.162781
0.682297
1.63087
0.759674
0.487015
0.119812
-0.0592346
0.209885
1.05128
0.762085
0.545593
0.489548
0.46022
0.358658
0.327026
0.308777
0.139755
-0.0567322
-0.241989
-0.470154
-0.847443
-1.29161
-1.72188
-1.90663
-1.64136
-2.04245
-1.88559
-1.11909
1.59967
-0.760468
-0.858047
-0.451477
-0.466324

[12]
-0.52887
-0.196747
-0.1017
-0.00535583
-0.0344696
0.0123596
-0.143204
0.0648956
0.107712
-0.0027771
-0.10527
-0.0447388
-0.0224609
-0.0433655
-0.0189362
-0.072464
-0.00914001
0.0142822
0.0354156
0.0554657
0.0724945
0.109207
0.0889587
0.129547
0.0849304
0.15184
0.687622
1.27335
0.769226
1.15056
0.267197
0.4077
0.00587463
0.31424
1.09706
0.896271
0.592209
0.420029
0.29805
0.188873
0.108063
-0.0187836
-0.17955
-0.315125
-0.584991
-1.06424
-1.66457
-1.86807
-1.79213
-2.00031

[13]
-1.98146
-1.94775
-0.941254
1.60074
-1.4736
-0.553909
-0.566666
-0.605637
-0.414856
-0.174057
-0.0619354
-0.075531
-0.0500793
-0.102829
-0.015625
-0.0538635
0.0167389
-0.0149384
-0.0138092
-0.0202332
-0.07164
-0.0392609
0.00741577
-0.0474396
-0.0101471
0.0292053
0.0663452
0.0619507
0.0730286
0.0964813
0.0916901
0.154663
0.133087
0.576935
1.23323
1.07063
0.79657
0.63649
0.557175
-0.325012
-0.347458
0.871872
0.980743
0.611115
0.505844
0.338486
0.245987
0.214691
0.1548
0.0840454

[14]
-0.190979
-0.452927
-0.898972
-1.5596
-2.07335
-2.01559
-2.02089
-1.88026
-1.62422
-1.72075
1.22298
0.449036
-0.986588
-0.681931
-0.568451
-0.452667
-0.246918
-0.169907
-0.0206451
-0.0809326
-0.0823059
-0.0721283
0.0151215
-0.0100403
-0.0226288
-0.0810852
-0.056488
-0.0427246
-0.0594177
-0.0090332
-0.0289764
-0.0617828
-0.0119324
-0.0210114
0.0252533
0.00759888
0.0366211
0.0902405
0.126297
0.147873
0.122482
0.694077
1.42131
1.09093
0.761932
0.356522
0.194901
-0.0380554
0.542038
0.975296

[15]
0.714935
0.503662
0.432922
0.253708
0.19043
0.113449
0.0641785
-0.114258
-0.282242
-0.53746
-0.949753
-1.40591
-1.68823
-1.75493
-1.67279
-1.51857
-1.67896
-1.79359
-1.05833
1.58055
-1.10905
-0.684464
-0.231232
-0.361572
-0.295837
-0.114029
-0.0505371
6.10352e-05
-0.0322418
-0.0183258
0.0750885
0.0381165
0.015274
-0.0653992
-0.0628052
-0.0348358
-0.0224152
-0.00782776
0.000946045
-0.0360107
-0.0337372
0.00523376
0.0506592
0.0532837
0.0830536
0.0478973
0.0931702
0.112976
0.174454
0.346008

[16]
0.762451
1.11263
0.845062
0.859268
0.356613
0.551666
0.00326538
-0.109756
0.982483
0.940598
0.600555
0.43187
0.265305
0.192657
0.174332
0.19249
0.0595551
-0.269012
-0.697128
-1.22957
-1.66144
-1.88878
-1.78535
-1.87024
-1.85699
-2.12183
-1.4868
1.54953
-1.01459
-0.580704
-0.475052
-0.668015
-0.385559
-0.2173
-0.074173
-0.150284
-0.0892334
-0.147476
-0.0678101
-0.0403595
-0.0530243
-0.0826874
-0.0527649
-0.0325928
-0.0205383
-0.0617523
-0.0642853
-0.0476685
-0.0383759
0.00259399

[17]
0.011795
0.0614624
0.0830536
0.0458527
0.10025
0.0759277
0.133224
0.520081
1.33632
1.28773
0.980072
0.288895
0.355988
0.0628357
0.0160828
0.962265
0.801559
0.607605
0.478088
0.360336
0.235687
0.199768
0.167496
-0.0359802
-0.245804
-0.400513
-0.837372
-1.42828
-1.94891
-2.20407
-1.96707
-2.24788
-1.94464
-0.850784
1.55981
-1.3423
-0.839417
-0.667221
-0.513443
-0.38765
-0.154327
-0.132339
-0.0936279
-0.0279999
-0.0724792
-0.148071
-0.100647
0.0503693
0.00663757
-0.0921936

[18]
-0.113144
-0.0490112
-0.0467377
-0.0286102
-0.026825
-0.052887
0.0244598
0.0681763
0.0823975
0.059082
0.0979462
0.0985718
0.179611
0.33548
0.940338
1.23712
0.943176
0.663666
0.369507
-0.408478
-0.449646
0.760345
1.03299
0.774872
0.566116
0.455002
0.348251
0.252121
0.329407
0.257568
0.0494385
-0.115524
-0.566391
-1.20267
-1.70419
-2.13745
-2.16045
-2.2258
-2.14073
-1.84772
1.54021
-0.839294
-1.18935
-0.126465
-0.48851
-0.362427
-0.17804
-0.0775299
-0.128601
-0.0336761

[19]
-0.126068
0.0741272
0.0122223
0.0184631
-0.0738983
-0.113495
-0.10498
-0.085434
-0.0649719
-0.0459137
-0.0333252
-0.0112152
0.115311
0.0541229
0.0942383
0.119339
0.158203
0.195786
0.146713
0.379471
1.50705
1.10564
0.829956
0.363235
0.510849
-0.186935
-0.0632782
0.9534
0.836716
0.5746
0.456711
0.3517
0.31514
0.258194
0.283295
0.0896606
-0.299271
-0.52594
-0.904343
-1.63345
-2.13506
-1.95268
-1.9483
-1.82286
-1.98561
-0.910141
1.62582
-0.935989
-0.581375
-0.34166

[20]
-0.530762
-0.369293
-0.142731
-0.0623779
-0.0464172
-0.00236511
-0.0802917
-0.0246124
0.0279083
0.0220032
-0.0328827
-0.0342255
-0.0314178
0.0189209
0.0183105
-0.0083313
-0.00512695
0.00975037
0.0310974
0.127579
0.0771484
0.13475
0.145645
0.142029
0.121338
0.442291
1.26198
1.03758
0.891449
0.343903
0.343185
0.0451508
-0.10318
1.03419
0.961151
0.653351
0.517593
0.384506
0.308716
0.268784
0.218979
0.00393677
-0.252792
-0.400162
-0.914185
-1.51152
-1.94405
-2.03372
-2.17105
-2.08444

[21]
-1.89438
-1.75853
1.56625
-0.444992
-0.687393
-0.559158
-0.562958
-0.42894
-0.353745
-0.129486
-0.047821
-0.103226
-0.0296783
-0.117966
-0.0821533
-0.0286865
-0.0405579
-0.0505371
-0.0924225
-0.0337372
-0.00996399
0.0220337
-0.0190887
-0.0139923
-0.00062561
0.0367737
0.0294037
0.0894928
0.123627
0.0393524
0.0709076
0.263367
0.801376
0.944824
0.920059
1.25108
0.187195
0.338272
-0.256332
0.140915
1.03285
0.859314
0.585739
0.458832
0.296036
0.224731
0.165161
0.162338
-0.0536346
-0.122269

[22]
-0.343796
-0.894196
-1.29666
-1.74385
-1.948
-1.92366
-2.05644
-1.94861
-1.80482
0.83606
0.409561
-1.03688
-0.478943
-0.571289
-0.428909
-0.327301
-0.29538
-0.0740662
-0.174393
-0.111588
-0.119705
-0.0629578
-0.0369263
-0.0700226
-0.100388
-0.0731659
-0.0829926
-0.0921936
-0.0923462
-0.0613556
-0.0666351
-0.0572205
-0.0318909
-0.0199432
0.0407104
0.0153656
0.0606079
0.0569458
0.0926208
0.128021
0.602997
1.28055
0.907486
0.876678
0.520798
0.834015
-0.0361786
-0.787201
0.358063
1.02812

[23]
0.845245
0.533981
0.401108
0.190125
0.146484
0.0704956
-0.0072937
-0.246384
-0.563934
-1.03249
-1.63464
-2.02113
-2.2652
-2.21761
-2.1331
-1.89871
0.374451
0.418274
-0.999863
-0.476456
-0.396942
-0.505646
-0.421875
-0.13678
-0.0520782
-0.0552826
-0.0557556
-0.141846
-0.00289917
-0.0401764
-0.10144
-0.114746
-0.0647125
-0.0878906
-0.110397
-0.062027
-0.0437012
-0.0736389
-0.0190277
0.0203247
0.0937195
0.00636292
0.0571747
0.0795135
0.16864
0.0664825
0.261795
0.999527
1.2814
1.03999

[24]
0.738403
0.330963
0.258408
-0.328003
0.27713
1.03189
0.759583
0.50235
0.325562
0.217072
0.198486
0.138092
0.158279
0.0919037
-0.211304
-0.426147
-0.874481
-1.43797
-1.78294
-1.94051
-2.28131
-2.49802
-1.43738
-1.05222
1.60857
-0.74913
-0.631195
-0.659073
-0.423004
-0.320389
-0.130249
-0.051712
-0.063858
-0.101883
-0.0712891
-0.0990448
0.0111389
0.0655365
-0.00354004
-0.01828
-0.00740051
0.0145111
-0.0206451
0.000686646
-0.0012207
-0.0141602
0.032608
0.0589142
0.0699921
0.0943909

[25]
0.0987244
0.10762
0.0821381
0.308533
0.674667
1.14774
1.14853
0.922455
0.206131
0.02771
-0.142197
0.86795
1.01967
0.640594
0.444763
0.362595
0.300797
0.316269
0.329391
0.251053
0.0432129
-0.246811
-0.524887
-0.777939
-1.31902
-1.64716
-1.7962
-2.0163
-1.91936
-1.94473
-1.54442
1.25511
-1.00764
-1.0645
-0.072464
-0.329147
-0.172211
-0.0707092
-0.0247803
-0.0534973
-0.120438
0.0601959
0.0241699
0.00944519
-0.0675354
-0.0710449
-0.00735474
-0.0392761
-0.0638275
0.00704956

[26]
-0.00747681
-0.0298004
0.0305939
0.0436707
0.0596771
0.0875397
0.131912
0.160294
0.174927
0.115005
0.494202
1.41284
0.90123
0.819748
0.540512
0.433197
-0.327515
-0.320618
0.660568
0.924255
0.627853
0.439331
0.334808
0.268036
0.298431
0.255539
0.193024
-0.00614929
-0.266556
-0.489792
-0.932526
-1.61018
-1.91631
-2.05812
-2.13416
-2.25797
-1.76424
-0.487854
1.60449
-1.1237
-0.623993
-0.395233
-0.597687
-0.249802
-0.100174
-0.122025
-0.122559
-0.0801086
-0.0661469
0.010025

[27]
-0.0101624
-0.00689697
-0.0270844
-0.0597229
-0.0849457
0.0045166
0.00578308
-0.0477448
-0.0509033
-0.0101166
0.0622101
0.0462646
0.0255737
0.0994415
0.119644
0.178192
0.130783
0.498962
1.1606
1.22827
0.894531
0.787766
0.485153
0.139587
-0.442154
0.473099
1.0513
0.819183
0.53157
0.391449
0.281479
0.226379
0.147781
0.0909576
-0.178223
-0.430145
-0.797485
-1.56244
-1.76138
-1.90154
-1.8414
-1.81589
-1.95921
-1.68518
1.5213
-0.318192
-0.925766
-0.378586
-0.41861
-0.348282

[28]
-0.236328
-0.186386
-0.0888824
-0.106247
-0.0498962
-0.0735474
-0.0493469
0.0773468
-0.0166473
-0.0378418
-0.0713348
-0.0452881
-0.0152435
-0.0167084
-0.00444031
-0.00378418
-0.0202026
0.0472412
0.0545959
0.0641632
0.0981598
0.155426
0.158737
0.1474
0.341354
1.2659
1.12627
0.960815
0.312668
0.402802
-0.136688
-0.31218
0.799377
1.04662
0.781799
0.549332
0.370346
0.254517
0.253708
0.189667
0.0559082
-0.153122
-0.430313
-0.689301
-1.06729
-1.63707
-1.73849
-1.49609
-2.1302
-2.2155

[29]
-1.07782
1.55261
-1.08778
-0.710571
-0.212143
-0.398132
-0.370789
-0.0555115
-0.0217896
0.00773621
-0.109711
-0.00482178
0.0157013
0.0176697
-0.0313263
-0.0219421
-0.0842743
-0.0639038
-0.0579834
0.000869751
-0.0312347
-0.044754
0.0582123
0.0280609
0.0643158
0.0689087
0.112625
0.195969
0.162628
0.136459
0.432068
1.10742
0.992996
1.30205
0.404648
0.278519
-0.34079
0.0909576
1.05862
0.828659
0.536713
0.457687
0.381516
0.34108
0.384781
0.311905
0.0373383
-0.12616
-0.417099
-0.802185

