[1]
0.0493774
-0.156723
-0.197098
-0.191574
-0.133347
0.0107422
-0.0803223
-0.171112
-0.248352
-0.138382
0.0635681
0.226685
0.415771
0.792358
0.903397
0.899155
0.424759
0.511932
0.539124
-0.103745
-0.062561
-0.17865
0.214066
0.0972595
0.151886
0.0943756
0.0104065
-0.220978
-0.0571136
0.107819
0.138763
-0.0138855
-0.010788
0.00515747
0.0452728
0.0615997
-0.0168152
-0.00640869
0.0369568
-0.029541
-0.0739746
0.00038147
0.0354767
0.0496826
0.000915527
-0.103348
-0.150146
-0.106659
-0.233337
-0.45491

[2]
0.000640869
-0.129761
-0.23912
-0.515106
-0.402191
-0.233902
-0.188934
-0.0740662
-0.0527802
-0.0900879
-0.0444794
-0.00621033
-0.019989
0.00369263
-0.0118561
0.0224609
0.0408325
0.133194
0.203003
0.222015
0.377853
0.432892
0.526611
0.84903
0.697067
0.444641
0.079834
0.554688
-0.143585
-0.0902863
-0.0687866
0.139893
0.0602417
-0.0314636
0.103088
0.0314178
-0.0269012
-0.129791
0.0164642
0.108536
0.087326
-0.00323486
0.0025177
0.015152
0.066452
0.057312
0.0302277
0.0388031
-0.00088501
-0.00566101

[3]
0.021637
0.0223541
0.0930634
0.0615692
-0.0553131
-0.19516
-0.0954895
-0.171616
-0.734482
-0.0426483
-0.111008
-0.41452
-0.751938
-0.461472
-0.288635
-0.149918
-0.0656891
-0.0523071
-0.0796204
-0.0314331
-0.0159454
-0.0743103
-0.0787964
-0.0441742
-0.0572968
0.00378418
0.0518036
0.0179138
0.0922394
0.354919
0.468155
0.856522
1.20181
0.546463
0.418732
0.0254517
0.334076
0.201187
-0.0656128
-0.204834
0.13858
0.168686
0.0470123
-0.00860596
-0.00517273
0.0100861
-0.115173
-0.0184021
0.122253
0.0728912

[4]
0.0264282
0.0137787
0.038559
0.0512238
0.0244904
0.0271759
0.0231934
0.013443
0.0298004
0.0823517
0.0517273
0.06427
-0.022522
-0.0584259
-0.106125
-0.0939026
-0.316727
-0.642654
0.101822
-0.437439
-0.342178
-0.691681
-0.360992
-0.256989
-0.10994
-0.119202
-0.12944
-0.0884247
-0.030838
-0.0536804
-0.0581818
-0.0783691
-0.0504761
-0.0415955
0.104218
0.232925
0.223022
0.306396
0.367462
0.339462
0.679733
0.907852
0.645782
0.102524
-0.287003
0.639771
-0.270325
0.207413
0.062149
0.166962

[5]
-0.00297546
0.0296173
0.0641327
0.0414581
-0.0113525
-0.0209656
0.0466309
0.0723419
0.0417633
0.0319977
0.0606842
0.0646515
0.0493164
0.0655212
0.0793915
0.0692749
0.0496674
0.0694733
0.116379
0.0279694
0.0288086
-0.00930786
-0.0454559
-0.104187
-0.195282
-0.559616
-0.388489
0.0297241
-0.292374
-0.36998
-0.600479
-0.204712
-0.303467
-0.116318
-0.13681
-0.169556
-0.150284
-0.100159
-0.079361
-0.0718994
-0.109177
-0.104279
-0.0296631
0.09552
0.162582
0.172791
0.30098
0.257889
0.19458
0.443558

[6]
0.913452
0.706268
0.701889
0.0379028
0.267792
0.18306
-0.0435638
0.182373
0.158676
0.0883026
-0.00970459
0.0326996
0.00964355
0.00804138
-0.0343781
0.0136871
0.0578766
0.0338593
0.0243988
0.0521851
0.0423889
0.0322418
0.0222626
0.00953674
0.0592651
0.0242615
0.0418396
0.0450745
0.00340271
0.0475922
0.0608826
0.0359955
-0.0595551
-0.178146
-0.273941
-0.633545
-0.159546
-0.066803
-0.346573
-0.537109
-0.40802
-0.135651
-0.147812
-0.208664
-0.181305
-0.115143
-0.0436096
-0.0662231
-0.0503082
-0.0885925

[7]
-0.0771179
-0.115952
-0.0695801
-0.00750732
0.0755768
0.234741
0.495087
0.433212
0.551971
0.735458
0.951508
0.835526
-0.17012
0.360245
0.0637665
-0.0568848
-0.035553
0.113068
0.143219
0.0474243
0.102264
0.0763397
-0.0637665
-0.106766
0.062027
0.146667
0.0877686
-0.00805664
0.059494
0.0673218
0.0897217
0.059082
0.0576477
0.0495758
0.0366058
0.0462494
0.0821991
0.0303345
0.0498352
0.091217
0.0524139
-0.106171
-0.1716
-0.376266
-0.864014
-0.116989
-0.181122
-0.326752
-0.600616
-0.494171

[8]
-0.351654
-0.105331
-0.0590973
-0.065094
-0.043457
0.0264282
-0.0506439
-0.0697937
-0.143219
-0.176407
-0.0502777
0.0503998
0.0337677
0.0625153
0.249969
0.348877
0.482468
0.868225
1.00801
0.80542
0.407852
0.0611572
0.352386
-0.158478
0.109375
0.0701599
0.102264
-0.00909424
0.0414429
0.0694733
-0.0356293
-0.129852
-0.032486
0.0938568
0.13768
0.0699921
0.0177765
0.0493011
0.0696411
0.0584717
0.0337067
0.0388336
0.0362854
0.0590057
0.0423889
0.0634766
0.0370636
0.0294189
-0.0410919
-0.0581055

[9]
-0.20816
-0.840027
-0.223495
0.0742645
-0.528381
-0.645645
-0.478745
-0.262131
-0.0960693
-0.149628
-0.123703
-0.0860748
0.0136414
-0.0161591
-0.0537872
-0.0780487
-0.0754852
-0.0884705
-0.0379181
0.0351868
0.0227051
0.0827026
0.249466
0.284851
0.559692
1.01108
0.868805
0.549911
0.195297
0.254044
0.104843
-0.168442
0.0448303
0.0781708
0.106323
0.0571442
0.0958557
0.0812988
0.0112762
-0.114868
-0.0632629
0.0880585
0.128067
0.0411682
-0.00593567
0.0390778
0.0507355
0.0704651
0.0591736
0.0514832

[10]
0.00364685
0.0493927
0.04216
0.0286255
-0.037384
0.0681915
-0.00672913
-0.0409241
-0.0766296
-0.106735
-0.710022
-0.156021
0.0675049
-0.479294
-0.536316
-0.332733
-0.257492
-0.161331
-0.138184
-0.168976
-0.191666
-0.158005
-0.101334
-0.124496
-0.0857391
-0.0860138
0.0113678
0.0872803
0.0589752
0.105988
0.238098
0.26683
0.323044
0.65979
0.916428
0.787354
0.524643
0.358795
0.392227
0.121017
-0.168442
-0.0170746
0.104126
0.0892029
0.0500946
0.0644073
0.0657501
0.0106659
-0.12149
-0.0974274

[11]
0.107025
0.167862
0.0837555
0.0027771
-0.0149536
0.0803375
0.0389862
0.0456848
0.0205231
0.0198059
0.00270081
0.0222778
0.059082
0.068634
0.0651093
-0.00506592
-0.121933
-0.135223
-0.518295
-0.522537
0.0430145
-0.525101
-0.547379
-0.277161
-0.363434
-0.30748
-0.200348
-0.140274
-0.158813
-0.115082
-0.0677338
-0.0328369
-0.0206299
-0.0352478
0.0413055
0.0891571
0.0449982
-0.0194855
0.0281219
0.0911255
0.198853
0.404617
0.976669
0.714752
0.958984
0.354019
0.477982
-0.369751
-0.0648956
0.0487366

[12]
-0.0216827
0.0496063
0.128754
0.243027
0.109711
-0.0399017
-0.26915
0.0132446
0.188309
0.138336
-0.0471039
-0.0252228
0.0934448
0.114487
0.0748138
0.0382233
0.0513763
0.0797882
0.0226746
0.0142975
0.0668335
0.0503998
0.0407867
-0.137924
-0.197311
-0.18129
-0.477905
-0.303421
-0.0788116
-0.370209
-0.569229
-0.642471
-0.241409
-0.0353699
-0.0208588
0.0127411
-0.014328
0.00584412
0.0282898
-0.0122681
-0.0972137
-0.104416
-0.0939484
0.0318451
0.0175629
0.00132751
0.0792084
0.1978
0.401993
0.750305

[13]
0.923599
0.798447
0.847717
0.208801
0.580673
-0.27182
0.20726
-0.0229645
0.0811768
-0.00642395
0.0802307
0.179077
0.15419
-0.0802612
-0.136551
0.0270233
0.157043
0.11586
0.0131683
-0.0151672
0.0711212
0.123917
0.0593109
0.0609283
0.0158539
0.0594025
0.0371857
0.0447998
0.0439148
0.0932922
0.0194855
-0.0408478
-0.158005
-0.402191
-0.603729
0.165329
-0.448074
-0.318329
-0.741531
-0.239777
-0.291901
-0.121994
-0.112701
-0.159454
-0.121964
-0.0444946
-0.0313263
-0.0563354
-0.0998383
-0.096756

[14]
-0.0124664
0.139893
0.094986
0.100845
0.289398
0.107162
0.274323
0.803772
0.890701
0.813293
0.234329
0.148712
0.199646
-0.013031
0.188553
0.0782776
0.0703583
-0.00550842
0.109634
0.0778046
-0.0175934
-0.101379
0.0357971
0.0910645
0.0731659
0.0253601
0.0287628
0.0664062
0.0933533
0.0541077
0.0488434
0.0500793
0.0596161
0.0251312
0.0436707
0.0183105
0.0017395
0.0295105
-0.0549164
-0.10701
-0.0578766
-0.427383
-0.522766
-0.033371
-0.58255
-0.518463
-0.61499
-0.3293
-0.0527954
-0.206024

[15]
-0.187225
-0.159225
-0.0664368
-0.072113
-0.0787048
-0.113861
-0.0851898
-0.0364227
0.0654297
0.0408325
0.018631
0.13623
0.193512
0.159134
0.429947
0.722137
0.824448
0.615265
0.806412
-0.10434
0.649002
-0.221451
0.246414
-0.0130157
0.0558472
0.054184
0.127472
0.0688629
-0.107239
-0.16217
0.00389099
0.115479
0.113113
0.00993347
-0.00984192
0.0582275
0.0585938
0.0561066
0.0375824
0.016571
0.0180359
0.0432129
0.0475006
0.0372162
-0.000747681
0.0142975
0.0503845
-0.037674
-0.124878
-0.343262

[16]
-0.627975
-0.138794
0.0170441
-0.466843
-0.379044
-0.540985
-0.173553
-0.233597
-0.115036
-0.0622864
-0.10585
-0.0346832
-0.0273743
-0.038269
-0.0784149
-0.0476837
0.100311
0.170593
0.125839
0.0766602
0.282303
0.320602
0.407974
0.761887
0.938797
0.616531
0.285629
0.0349274
0.618515
-0.309448
0.157562
0.026947
0.0920868
0.0640106
0.0427704
0.131638
0.0727844
-0.0369873
-0.0476074
0.0396576
0.0727081
0.0399323
0.0511627
0.0431671
0.0419617
0.0427704
0.0745544
0.0989685
0.0607758
0.0280151

[17]
0.048111
0.0749207
-0.0293274
0.0562134
0.0332947
0.0302277
-0.062439
-0.437683
-0.482605
-0.0058136
-0.201294
-0.475388
-0.76088
-0.33577
-0.25354
-0.146484
-0.185501
-0.205963
-0.119095
-0.0741425
-0.119186
-0.17421
-0.143356
-0.178467
-0.108749
0.00450134
-0.024826
-0.0114288
0.0943298
-0.110611
0.107986
1.12045
1.12819
1.42151
0.145126
0.491486
0.111176
-0.0888062
-0.0949554
0.119492
0.128372
0.156113
0.162094
0.0613556
-0.0351715
-0.137909
-0.0228882
0.175461
0.165863
0.0469818

[18]
-0.000793457
0.036911
0.0671082
0.0813141
0.0485077
0.0402832
0.0509949
0.0107269
0.0924072
0.0935822
0.0807953
-0.0437012
-0.173813
-0.214188
-0.828613
-0.253418
-0.187119
-0.314407
-0.756226
-0.412033
-0.293701
-0.0467377
-0.0667419
-0.102814
-0.022171
-0.00105286
-0.0179596
-0.0904541
0.00439453
0.0460815
0.0612183
0.186768
0.115372
0.0606384
0.168152
0.169189
0.27626
0.724869
0.847794
0.799667
-0.156128
0.427048
0.0325317
0.173218
0.0174713
-0.00592041
-0.0161133
0.0554504
0.13681
0.0545654

[19]
-0.124603
-0.0872192
0.0722656
0.0865936
0.0211182
0.029068
0.0756531
0.0875702
0.0610046
0.0666962
0.0368652
0.015686
0.0499878
0.015976
0.0380096
0.0842743
0.100372
-0.0415802
-0.113113
-0.412552
-0.773621
0.252579
-0.490814
-0.526749
-0.665726
-0.201004
-0.207779
-0.135345
-0.128479
-0.142685
-0.0807953
-0.0315704
-0.0169067
-0.104919
-0.0591431
-0.0691681
-0.0101318
0.181717
0.263351
0.40126
0.585205
0.570175
0.655594
0.643326
0.796463
0.475082
0.0983276
0.75148
-0.218094
-0.0974884

[20]
-0.103455
0.120895
0.0771484
0.122086
0.128082
0.0258331
-0.125748
-0.0570831
0.106506
0.148346
0.0696411
-0.0157318
0.0239563
0.0660095
0.0694885
0.0611877
0.0258026
-0.000946045
0.0436401
0.135132
0.0371246
0.0376282
0.0783234
-0.0749054
-0.0863342
-0.318527
-0.806198
-0.016861
-0.548828
-0.342804
-0.742233
-0.321671
-0.17305
-0.0353546
-0.0461731
-0.0806885
0.0218201
0.0205078
-0.0488281
-0.120575
-0.0475464
-0.061142
0.0657654
0.167252
0.115814
0.272537
0.375336
0.266342
0.502075
0.892426

[21]
0.626892
0.41069
0.161331
0.54483
0.0195923
-0.202881
-0.172455
0.136063
0.114731
0.0939789
0.0588684
0.0341644
0.0478821
-0.105179
-0.0352783
0.13739
0.137924
0.023407
-0.0180359
0.00762939
0.0637512
0.0335541
0.0110016
0.0136414
0.0289459
0.0100861
0.0544128
0.0933228
0.0595703
-0.133438
-0.189133
-0.195496
-0.614517
-0.160172
0.0865479
-0.433868
-0.644073
-0.652573
-0.23793
0.0129089
-0.0706329
-0.0634308
-0.0191956
0.00479126
-0.0744019
-0.111694
-0.084137
-0.0591583
-0.0675812
0.14743

[22]
0.144882
0.1371
0.32988
0.364212
0.280319
0.544601
0.918488
0.64209
0.224747
0.275818
0.145721
0.438202
-0.148514
-0.0565338
-0.0429535
0.10054
-0.0182037
0.0115967
0.0470581
0.0250854
-0.063446
-0.0712585
0.0427246
0.0871887
0.0422211
0.0165558
0.0296478
0.0602722
0.02948
0.00135803
0.00541687
0.0219727
0.0194092
0.0290527
-0.00294495
0.0146637
0.0447083
-0.0393372
-0.0766144
-0.0974274
-0.411972
-0.461288
0.173981
-0.528961
-0.321548
-0.777893
-0.501343
-0.478073
-0.0142059
0.00154114

[23]
-0.0122986
-0.0627899
0.0196686
-0.0106049
-0.0370331
-0.0854034
-0.00410461
0.176239
0.163345
0.0518646
0.0722961
-0.0209961
0.126984
0.654495
0.763153
0.298538
0.588043
0.228882
0.498566
-0.201797
0.0393829
-0.174576
-0.00437927
0.00550842
0.0528107
0.0757904
0.0511169
-0.176636
-0.102692
0.00495911
0.140411
0.0665436
0.0226593
0.0363007
0.0664978
0.0414734
0.0445557
0.0240631
0.0247345
0.00942993
0.0438538
-0.00640869
0.0221252
0.0231628
-0.0604553
-0.106354
-0.27536
-0.774292
-0.0993652
-0.151733

[24]
-0.394836
-0.828262
-0.387985
-0.253937
-0.136169
-0.125488
-0.155945
-0.230682
-0.197571
-0.171936
-0.120834
-0.173462
-0.164001
-0.0708618
0.07724
0.163391
0.124756
0.111221
0.119324
0.05896
0.505005
0.984833
0.645172
0.28566
0.623871
0.408798
-0.196014
-0.0504761
-0.0526733
0.0240784
0.145767
0.141602
0.132278
0.0504761
0.00578308
-0.124481
0.0280762
0.12883
0.0691376
-0.0193787
-0.0238342
0.0514526
0.0776825
0.0430145
0.0364838
0.0285187
0.0494537
0.045639
0.0266418
0.0261688

[25]
-0.0132599
-0.0430298
-0.135666
-0.30069
-0.751038
-0.145554
0.0117493
-0.477661
-0.591827
-0.358032
-0.183289
-0.101318
-0.0527344
-0.0865021
-0.179657
-0.122513
-0.0413361
-0.0166931
-0.00341797
-0.0665741
0.0348511
0.186584
0.126236
0.0900726
0.13382
0.247574
0.331497
0.664703
0.821213
0.625961
0.763779
-0.380997
0.542694
-0.184296
0.392639
-0.0151215
0.0436707
0.0453033
0.125229
-0.0296936
-0.133224
-0.0896149
0.0380554
0.101059
0.0522461
0.0301666
0.0481415
0.101227
0.0868225
0.0553284

[26]
0.0639954
0.0528412
-0.000946045
0.0279388
0.0100708
0.00891113
0.0316467
0.0449982
-0.0612335
-0.0623932
-0.31601
-0.713959
0.0170135
-0.539795
-0.393616
-0.694641
-0.35054
-0.29277
-0.12738
-0.124268
-0.158112
-0.124176
-0.116104
-0.105408
-0.0891571
-0.0886993
-0.0375061
-0.0108185
0.0583649
0.0920715
0.134338
0.220383
0.40332
0.474426
0.753143
0.829681
0.610107
0.575439
0.276367
0.69455
-0.21405
0.0486298
-0.0512085
0.0651703
0.0883636
0.0144501
0.048645
0.0347137
-0.12291
0.0101166

[27]
0.0977783
0.089447
0.0285187
0.0258026
0.0501404
0.0756226
0.0636749
0.0325317
0.043808
0.0682373
0.0907745
0.0597076
-0.0266724
0.000823975
0.0708771
-0.00202942
-0.0795593
-0.388916
-0.758392
-0.0437164
-0.129776
-0.375534
-0.825485
-0.455627
-0.426239
-0.053421
-0.0669861
-0.0786743
-0.112671
-0.0271454
-0.0194397
-0.0530853
-0.0547791
-0.0407562
0.0327148
0.114365
0.134018
0.238388
0.474655
0.394608
0.521088
0.832687
0.927048
0.688538
0.304184
0.469528
-0.0435028
-0.065094
0.0282593
0.116943

[28]
0.103043
0.110443
0.0815277
0.065567
0.0561371
-0.0594482
-0.0595093
0.0912476
0.124252
0.0592804
0.00984192
0.0477753
0.0577393
0.042038
0.0590515
0.0404663
0.0508575
0.0651093
0.00163269
-0.0206604
0.079483
0.0650482
-0.0191803
-0.0891571
-0.332352
-1.00934
0.0835876
-0.500305
-0.36055
-0.675369
-0.410767
-0.237106
-0.0841675
-0.0903625
-0.125443
-0.0692291
-0.0470581
-0.126129
-0.1866
-0.197433
-0.145615
-0.0735626
0.00132751
0.28569
0.553467
0.681488
0.731674
0.518555
1.10672
0.97464

[29]
0.687851
0.476288
0.44223
-0.241409
0.262192
0.135986
0.0176392
0.0614166
0.127014
0.114166
-0.036087
-0.142349
0.0356445
0.151184
0.130051
0.014389
0.0321655
0.098175
0.120743
0.0955048
0.0473022
0.030426
0.0947113
0.0687408
0.0812378
0.00846863
0.0116272
0.0508881
-0.0619354
-0.163483
-0.398254
-0.738312
0.226791
-0.660812
-0.56044
-0.767075
-0.238388
-0.0849457
-0.152283
-0.1483
-0.10817
-0.0654602
-0.0696411
-0.108124
-0.0481873
-0.0476685
0.00135803
0.203537
0.183838
0.175781

