[0]
0.00422668
-1.23438
-0.81102
-0.767136
-0.465164
-0.244522
0.776031
-0.488113
-0.563263
-0.707809
-0.688538
-0.521072
-0.410202
-0.326721
-0.25412
-0.203445
-0.175735
-0.19603
0.162994
0.430862
1.09645
1.73123
2.45972
2.47447
2.06894
-1.60388
1.13171
0.773834
1.62784
0.490662
0.488861
0.399628
-0.0784302
0.0264282
-0.00112915
0.178604
0.0320129
-0.0319061
-0.132553
-0.068222
-0.0597839
-0.0269928
-0.0171661
-0.0236206
0.0139313
0.00376892
-0.0536499
-0.0936432
-0.155075
-0.128815

[1]
-0.217163
-0.340515
-0.357529
-0.233261
-0.462799
-1.98804
-0.845947
-0.864777
-0.567688
-0.0964661
1.1976
-0.168488
-0.654236
-0.882431
-0.878448
-0.711273
-0.44516
-0.199478
-0.0208435
0.00314331
0.0180817
0.0631866
0.354202
1.21233
1.62296
2.19171
2.46347
2.44443
1.81766
-1.66983
-0.832245
0.813736
-0.20285
1.5999
0.433609
0.353638
0.68483
0.0961456
0.0551453
-0.019104
-0.0683594
0.139908
-0.0150604
0.00288391
-0.126907
-0.00312805
0.0209808
0.0269012
-0.00999451
-0.0294647

[2]
0.00927734
0.0793152
-0.0175781
-0.202072
-0.160004
-0.234879
-0.362442
-0.498383
-0.254486
-1.77179
-1.33203
-0.58783
-0.746597
-0.206909
0.899597
-0.18306
-0.718414
-0.790359
-0.685883
-0.494507
-0.381165
-0.295609
-0.162155
-0.0914764
-0.0659485
0.218445
0.53299
0.94487
1.73383
2.21362
2.42763
2.1041
-1.63167
0.752106
0.356079
1.39745
0.496521
0.307693
0.454895
0.201309
-0.105331
0.0133667
0.0336914
0.0978851
-0.00892639
-0.0726776
-0.0914764
-0.0156097
0.0648499
0.0459595

[3]
-0.0463562
-0.152756
-0.0834045
0.00482178
-0.0156708
-0.0909882
-0.0847321
-0.181961
-0.265106
-0.269089
-0.306091
-0.282715
-0.915359
-1.57466
-0.939453
-1.09227
-0.515594
0.407288
-0.0208893
-0.955505
-1.03482
-0.609802
-0.476791
-0.327423
-0.359726
-0.35553
-0.252838
-0.179169
0.387131
0.472839
1.39297
2.21349
2.35472
2.36401
2.33626
-1.67819
1.66002
1.94907
0.268814
0.34848
0.579254
0.282486
-0.207626
0.0485077
-0.00218201
-0.0118866
0.102753
0.120178
-0.0477905
-0.0328369

[4]
-0.0711823
0.0645142
0.0853577
-0.0815125
-0.147797
-0.108185
-0.0155792
-0.0639343
-0.0943756
-0.194702
-0.34198
-0.460663
-0.345428
-0.771652
-1.19835
-0.499435
-0.773468
-0.251007
0.251602
0.0765381
-0.953171
-0.755188
-0.422562
-0.178085
-0.111984
-0.254562
-0.274826
-0.0750427
0.138977
0.35318
0.436554
0.957642
1.50476
2.38141
1.77281
2.46242
2.28963
1.73006
-1.65933
-0.49852
1.51443
0.160782
0.932739
0.944305
0.640442
0.642197
0.00254822
-0.0769806
-0.0414886
0.061142

[5]
0.16127
0.154755
-0.016037
-0.0985107
-0.229645
-0.27475
0.133682
0.0564575
0.0135498
-0.02211
-0.0359039
-0.175049
-0.234238
-0.274185
-0.368576
-0.394653
-0.335495
-1.31464
-1.03317
-0.992783
-0.792999
-0.173874
0.848038
-0.527328
-0.723328
-0.787292
-0.50824
-0.441925
-0.375443
-0.340485
-0.221939
-0.141388
-0.0590668
0.132385
0.449158
0.960678
1.97626
2.48979
2.50258
2.16098
-0.0511017
-0.0327454
0.929871
1.40114
0.43277
0.634995
0.469055
0.145081
0.25943
0.184418

[6]
0.152252
0.145294
0.0487213
0.092514
0.0175629
0.0736237
0.120041
0.168976
0.136856
-0.00561523
-0.0598297
-0.026062
-0.0157166
-0.0965576
-0.11235
-0.213593
-0.289719
-0.269882
-0.638031
-1.37903
-1.1611
-1.04648
-0.496704
0.208618
0.671967
-0.53511
-0.692596
-0.572678
-0.490036
-0.323273
-0.230179
-0.129486
-0.0655823
-0.056778
0.030426
0.304001
0.889084
1.42337
2.34598
2.49873
2.49097
2.23288
1.25703
-1.6351
-0.199631
1.3047
0.694763
0.806458
0.453125
0.716019

