[1]
-0.0371246
-1.08742
-1.10139
-1.05005
-0.576508
-0.135818
0.183243
0.558289
0.432083
0.732697
0.665802
0.593811
0.495102
0.415283
0.339233
0.0751495
-0.198654
-0.413681
-0.772934
-1.06961
-1.09979
-1.12614
-0.781555
-0.643753
-0.500702
-0.380814
-0.134781
-0.330414
-0.243652
-0.649323
-0.379715
-0.150558
0.103836
-0.0102844
-0.21286
-0.114243
-0.0716248
-0.0607147
-0.0454865
0.0284271
0.00898743
0.00578308
0.0475464
0.0138245
0.0196838
0.0296021
0.0399475
-0.00526428
-0.0866852
-0.123428

[2]
-0.0815887
-0.053833
-0.106216
-0.157486
-0.212265
-0.332092
-0.394684
-0.438232
-0.619736
-1.03412
-1.10313
-1.12099
-1.09496
-0.66449
-0.25705
0.485992
0.230865
0.521194
0.643875
0.716171
0.69986
0.593292
0.547623
0.435196
0.312698
0.0725861
-0.243027
-0.663269
-0.916367
-1.08452
-1.12233
-0.903137
-0.645462
-0.535812
-0.439957
-0.442322
-0.359711
-0.168518
-0.721939
-0.592514
-0.192825
-0.066803
-0.128571
-0.0407562
-0.119919
-0.0743103
-0.0343933
0.0285339
0.0122528
0.0326843

[3]
0.00621033
-0.00106812
0.0404053
0.105408
0.048584
-0.0714111
-0.149933
-0.12735
-0.0887451
-0.110321
-0.114517
-0.274002
-0.32901
-0.4077
-0.408768
-0.526718
-0.834915
-1.08511
-1.08994
-1.11449
-0.53717
-0.350906
0.286911
0.218643
0.321869
0.486496
0.680328
0.649719
0.661285
0.583801
0.599625
0.496704
0.298111
-0.0286255
-0.256561
-0.769394
-1.06946
-1.11322
-1.15749
-1.00853
-0.737244
-0.543625
-0.912399
-0.349289
-0.067337
-0.656509
-0.78331
-0.306763
-0.151306
-0.160675

[4]
-0.0901337
-0.0969543
-0.0740662
-0.051178
-0.0449829
-0.02034
0.00137329
0.00857544
0.0329437
0.0118713
-0.00428772
0.00828552
0.0132446
-0.0298309
-0.05159
-0.0406952
-0.0556335
-0.0623169
-0.112961
-0.185883
-0.24353
-0.305771
-0.334351
-0.454758
-0.679611
-1.08577
-1.09923
-1.11438
-0.907837
-0.613968
-0.146088
0.218353
0.0513458
0.4328
0.712997
0.807953
0.765167
0.664886
0.596283
0.502975
0.371201
0.0472107
-0.267395
-0.722946
-1.08153
-1.1293
-1.17802
-1.1409
-0.890518
-0.605484

[5]
-0.73201
-0.279373
0.117874
-0.781784
-0.521957
-0.209412
-0.207764
-0.0709534
-0.00109863
-0.161316
-0.088089
-0.0737762
-0.00622559
0.0358124
-0.0259094
0.00904846
0.0269165
-0.0255585
0.00247192
0.00389099
-0.0279846
-0.0317993
-0.0519867
-0.0971527
-0.0753937
-0.10553
-0.190796
-0.278625
-0.407059
-0.440552
-0.493835
-0.844208
-1.07744
-1.09406
-1.11134
-0.506424
-0.388321
0.370056
0.32753
0.262787
0.582062
0.786179
0.828659
0.747147
0.669525
0.611954
0.523087
0.37027
0.054718
-0.304062

[6]
-0.795654
-1.10849
-1.16368
-1.21223
-1.24377
-0.855576
-0.490463
-0.416962
0.159607
-0.82373
-0.725052
-0.251343
-0.278763
-0.03862
-0.124435
-0.0809937
-0.0780029
-0.0742493
-0.0290375
0.00921631
-0.00909424
-0.0101624
-0.0255432
-0.0261383
-0.00683594
-0.0319061
-0.0328064
-0.0704041
-0.0727386
-0.111832
-0.1353
-0.145142
-0.275543
-0.368088
-0.449219
-0.442703
-0.724701
-1.08015
-1.09549
-1.10963
-0.641434
-0.442474
0.204605
0.367172
-0.199799
0.647842
0.737473
0.819748
0.722351
0.684738

[7]
0.568314
0.479935
0.345001
0.0937195
-0.315201
-0.954819
-1.12859
-1.18484
-1.22966
-0.92131
-0.803223
-0.378693
-0.637878
-0.158096
-1.06932
-0.522202
-0.255203
-0.181641
0.0377197
-0.120468
-0.181046
-0.0623932
-0.0432739
-0.0346985
-0.0131683
-0.019104
0.018219
-0.0136566
-0.0414276
-0.0085144
-0.0310516
-0.0531464
-0.0435028
-0.0734406
-0.10112
-0.151733
-0.231171
-0.341553
-0.448212
-0.530594
-0.68718
-1.07458
-1.08945
-1.10568
-0.90506
-0.684097
-0.0555725
0.556046
0.307175
0.770721

[8]
0.84404
0.948715
0.800278
0.758041
0.700058
0.57991
0.408203
-0.0166016
-0.38298
-0.953415
-1.0798
-1.12283
-1.16689
-1.00626
-1.00662
-0.536133
-0.306381
-0.0739288
-0.741043
-0.614746
-0.242279
-0.197617
-0.0955658
-0.0398254
-0.0500946
-0.0627136
-0.0287781
-0.0527649
0.0341339
0.00163269
0.00721741
0.00135803
-0.0297852
-0.0160522
-0.020752
-0.0117035
-0.0516357
-0.0620728
-0.09729
-0.0953217
-0.173859
-0.289688
-0.430984
-0.494644
-0.566345
-0.740265
-1.08528
-1.10454
-1.12538
-0.827408

[9]
-0.426773
0.174698
0.320389
0.320694
0.666092
0.79364
0.810104
0.766174
0.643234
0.565842
0.441132
0.291199
-0.0455017
-0.518188
-1.03061
-1.13019
-1.18349
-1.22467
-0.931534
-0.755447
-0.488861
-0.250153
-0.273361
-1.17458
-0.417938
-0.553589
-0.141403
-0.0748291
-0.0137482
0.00479126
-0.100082
-0.00973511
-0.0241089
0.0170593
-0.00476074
-0.0181274
0.000961304
-0.0213165
-0.0561371
-0.0663452
-0.0729523
-0.098114
-0.12236
-0.136887
-0.248642
-0.314728
-0.399963
-0.481476
-0.507767
-0.697815

[10]
-1.07477
-1.08978
-1.10687
-0.845551
-0.318466
0.312653
-0.122726
0.601105
0.710999
0.911148
0.899643
0.739395
0.703552
0.603043
0.407562
0.0753174
-0.500275
-1.09601
-1.15796
-1.22446
-1.27939
-1.048
-0.793091
-0.578735
-0.466293
-0.100876
-0.780319
-0.928329
-0.50798
-0.437515
0.0650024
-0.159424
-0.00538635
-0.114517
-0.0793915
-0.00811768
0.0274811
-0.00695801
0.0188446
-0.0198212
-0.0737
-0.0587311
-0.0614319
-0.0808868
-0.080368
-0.0869904
-0.132538
-0.295944
-0.300247
-0.390732

[11]
-0.441162
-0.661484
-0.878403
-1.06029
-1.07205
-1.07545
-0.621399
-0.0986481
0.0997467
0.121078
0.186279
0.717499
0.585693
0.687317
0.707031
0.659927
0.634888
0.52623
0.300735
-0.0136108
-0.500626
-0.922272
-1.18201
-1.24289
-1.28902
-1.04736
-1.23399
-0.742538
-0.201859
-1.02435
-1.12526
-0.27887
-0.525925
-0.140594
-0.125443
-0.202591
-1.52588e-05
-0.0910797
-0.0669403
-0.00674438
0.0228424
0.0168304
-0.0326996
-0.0688782
-0.0346375
-0.0259705
-0.0322876
-0.0732269
-0.0647125
-0.0513916

[12]
-0.123245
-0.226089
-0.331436
-0.396561
-0.464203
-0.652206
-1.06036
-1.07509
-1.09048
-1.00388
-0.569717
0.086792
0.421875
0.027771
0.665436
0.795105
0.854172
0.81311
0.703918
0.619186
0.537125
0.415405
0.000595093
-0.51886
-1.0295
-1.16858
-1.23369
-1.28671
-1.16704
-0.819107
-0.542999
-0.464981
-0.364532
-1.18796
-0.624359
-0.213455
-0.017746
0.0117493
-0.092453
-0.0270081
-0.0856018
-0.0418549
-0.0595245
0.00202942
-0.0161896
-0.00907898
-0.0565948
-0.0474854
-0.075882
-0.0732574

[13]
-0.0521698
-0.0544128
-0.0600586
-0.0950317
-0.115295
-0.174286
-0.26741
-0.316345
-0.381516
-0.451874
-0.862289
-1.05672
-1.06746
-1.03101
-0.593796
-0.359406
0.521545
0.253586
0.543793
0.638916
0.863022
0.82431
0.754639
0.654739
0.593079
0.491196
0.214554
-0.185776
-0.587494
-1.04532
-1.15227
-1.20541
-1.24738
-0.904388
-0.702652
-0.487869
-0.381592
0.0331879
-0.953857
-0.468567
-0.364685
-0.0982666
-0.050415
-0.0928802
-0.112091
-0.0933685
-0.0367889
-0.0300293
-0.0312195
-0.0289001

[14]
-0.0205078
-0.00375366
-0.0394135
-0.0228271
-0.0342407
-0.0518341
-0.0660248
-0.055481
-0.0625153
-0.0610657
-0.0985413
-0.184372
-0.269165
-0.318695
-0.362213
-0.542801
-0.824905
-1.06297
-1.07231
-1.08269
-0.474319
-0.301651
0.00978088
0.324387
0.366623
0.526184
0.693893
0.751175
0.766113
0.735947
0.694427
0.612976
0.456955
0.202682
-0.155228
-0.636597
-1.09483
-1.14514
-1.19194
-1.2278
-0.816422
-0.798782
-0.658676
-0.421173
-0.412537
-0.538193
-0.235382
-0.0622253
0.037735
-0.0147858

[15]
-0.000411987
-0.0802155
-0.0748138
-0.0295105
-0.0392303
-0.043457
-0.0295258
-0.00411987
0.0080719
-0.0154419
0.0194092
0.0139923
-0.0302124
-0.0243683
-0.0395813
-0.0636444
-0.121277
-0.143921
-0.207275
-0.310593
-0.43956
-0.497208
-0.67186
-1.06223
-1.07594
-1.09201
-1.04631
-0.455078
-0.0854034
0.601105
0.172241
0.606537
0.732361
0.850403
0.830399
0.725906
0.723984
0.59935
0.440842
0.0868988
-0.269913
-0.833694
-1.08885
-1.13809
-1.18639
-1.22401
-0.870529
-0.490524
-0.878876
-0.0830688

[16]
-0.962646
-0.472321
-0.542969
-0.17926
0.101929
-0.174301
-0.0623016
-0.1082
-0.0510254
-0.0201569
-0.0296021
0.00282288
0.00444031
-0.0197296
-0.0372162
-0.0256042
-0.0265198
-0.0401917
-0.0450897
-0.0726471
-0.115143
-0.139801
-0.191696
-0.240448
-0.311249
-0.325638
-0.400894
-0.59996
-1.08504
-1.0985
-1.11206
-0.844452
-0.656723
0.0756531
0.339447
0.216324
0.522095
0.756882
0.832962
0.796387
0.723877
0.671387
0.561569
0.355072
-0.0192871
-0.445282
-0.744492
-1.08788
-1.13258
-1.1741

[17]
-1.04166
-0.761429
-0.562225
-0.286072
-0.338074
-0.286926
-0.759628
-0.288284
-0.29567
-0.0217438
-0.0530243
-0.0808105
-0.0418243
-0.0474091
-0.0137482
-0.0297699
-0.0224152
0.00491333
0.0254364
0.0062561
-0.0170898
-0.00476074
-0.0277252
-0.0125732
-0.0393677
-0.0580597
-0.0843506
-0.0811768
-0.101959
-0.179428
-0.243149
-0.31781
-0.351166
-0.44249
-0.677109
-1.07388
-1.08873
-1.10571
-0.79216
-0.537872
0.0305328
0.368393
-0.0220032
0.517654
0.71463
0.790787
0.808914
0.671982
0.640732
0.518158

[18]
0.352081
-0.0312347
-0.280228
-0.679596
-1.09587
-1.14723
-1.19705
-1.23073
-0.779526
-0.569138
-0.397079
-0.0483246
-0.664871
-0.393707
-0.312576
-0.358337
-0.0833893
-0.192322
-0.155548
-0.026062
-0.0379486
-0.043335
-0.0167847
0.0216217
0.03685
0.00376892
-0.0251007
-0.0154266
-0.0286865
-0.0306091
-0.0583191
-0.0623627
-0.126678
-0.106689
-0.153275
-0.253937
-0.380737
-0.517166
-0.595428
-0.73349
-1.08122
-1.1011
-1.12369
0.665939
-0.263367
0.163712
0.190369
0.229919
0.696732
0.879883

[19]
0.924591
0.845993
0.708298
0.662216
0.573395
0.46756
0.0863495
-0.370056
-0.819092
-1.11023
-1.16325
-1.2131
-1.16214
-0.749146
-0.948044
-0.461334
-0.334076
-1.0569
-0.691345
-0.303009
-0.328339
-0.150894
-0.0437317
-0.114807
-0.0330811
-0.0817108
0.0137482
0.0182648
-0.0150909
0.0223083
0.0266876
-0.00144958
0.000350952
0.0244293
-0.0392609
-0.0579834
-0.0717621
-0.098877
-0.119125
-0.154297
-0.310577
-0.391266
-0.527771
-0.572906
-0.796219
-1.07945
-1.09663
-1.11484
-0.14064
-0.428268

[20]
0.289536
0.102676
0.517807
0.77478
0.902222
0.857483
0.756866
0.707016
0.635101
0.547607
0.284805
-0.10614
-0.478439
-1.06909
-1.11729
-1.16595
-1.2084
-1.04897
-0.718597
-0.59285
-0.330032
0.178635
-0.92218
-0.423676
-0.415344
-0.170593
-0.0836487
-0.147202
-0.0356445
-0.123215
-0.0420532
0.0172729
-0.0183563
0.0063324
0.00308228
0.0040741
0.000259399
-0.00874329
-0.0609894
-0.0751495
-0.0637512
-0.0768433
-0.0869446
-0.108841
-0.193085
-0.27002
-0.333633
-0.409882
-0.419922
-0.690414

[21]
-1.08202
-1.09618
-1.11282
-0.985626
-0.491638
0.0479126
0.404251
0.261749
0.381577
0.761307
0.77417
0.724808
0.645615
0.584198
0.46344
0.283981
-0.0918274
-0.481827
-1.06702
-1.09961
-1.14999
-1.1955
-1.15398
-0.667358
-0.520035
-0.277237
-0.233337
-0.293121
-0.787827
-0.396378
-0.248901
-0.0362396
-0.0667877
-0.0252228
-0.0588684
-0.0706024
-0.0645447
-0.0192108
0.0146942
0.0375824
0.0471649
0.0139923
-0.0101776
-0.00349426
0.000610352
-0.00634766
-0.0490417
-0.0854187
-0.101471
-0.110794

[22]
-0.148605
-0.236664
-0.336258
-0.424744
-0.498184
-0.739014
-1.07257
-1.08789
-1.10423
-0.778702
-0.501541
0.190201
0.44899
0.21608
0.649918
0.847733
0.874222
0.801819
0.70784
0.614136
0.53479
0.388077
0.078598
-0.296219
-0.770935
-1.09329
-1.14079
-1.18333
-1.03044
-1.1022
-0.945007
-0.521957
-0.169815
-0.829529
-0.673355
-0.434647
-0.0718842
-0.0155792
-0.0398254
-0.0955811
-0.100082
-0.0736084
-0.033432
-0.0229492
-0.00437927
0.0140228
0.0167847
0.0147247
-0.0078125
-0.0164185

[23]
-0.0171661
-0.0302582
-0.049408
-0.0430756
-0.0293274
-0.0719452
-0.124023
-0.225357
-0.299133
-0.419281
-0.528946
-0.763214
-1.06734
-1.08224
-1.09883
-0.841385
-0.475372
-0.267151
0.568893
0.0755463
0.514374
0.731033
0.796951
0.801514
0.726135
0.644073
0.569458
0.4646
0.195129
-0.162766
-0.70787
-1.08467
-1.13403
-1.18312
-1.22052
-0.858551
-0.608597
-0.478745
-0.248016
0.169067
-0.887161
-0.693497
-0.345093
-0.226501
0.0483398
-0.138779
-0.02034
-0.0440826
-0.0317993
-0.0217743

[24]
-0.0216217
0.0160675
0.0188293
-0.0306091
-0.0452118
-0.0535736
-0.0385132
-0.0458832
-0.0492859
-0.128555
-0.101395
-0.154007
-0.295517
-0.38205
-0.476578
-0.560593
-0.896179
-1.08083
-1.09854
-1.11819
-0.620789
-0.379349
0.684875
0.12854
0.465546
0.708084
0.88382
0.880203
0.766357
0.658539
0.605713
0.471863
0.217636
-0.270966
-0.747375
-1.09612
-1.15057
-1.20399
-1.24251
-0.894638
-0.650726
-0.83931
0.000961304
-0.167068
-0.916473
-0.568375
-0.26709
-0.411499
-0.0279388
-0.109207

[25]
-0.0149689
-0.00921631
-0.0298157
-0.00190735
-0.0248718
-0.0414581
0.0369415
0.0203094
-0.00752258
-0.0124054
-0.0231628
-0.0448914
-0.0852051
-0.0998383
-0.088028
-0.243896
-0.366394
-0.474136
-0.545868
-0.719177
-1.06883
-1.08319
-1.09897
-0.9944
-0.673325
-0.0688477
0.386566
0.020401
0.646606
0.76741
0.92778
0.81076
0.754547
0.691818
0.600555
0.360001
-0.0656128
-0.452072
-0.973816
-1.11319
-1.16484
-1.20982
-1.03464
-0.627228
-0.483307
-0.500244
0.0583344
-0.246643
-0.749405
-0.595734

[26]
-0.292908
-0.143127
0.0100555
0.0111542
-0.0100555
-0.101898
-0.0607605
0.025177
0.0419464
0.0365143
0.0359955
0.00894165
0.0065155
-0.00765991
-0.0376129
-0.0419006
-0.0748291
-0.0788422
-0.0687866
-0.10347
-0.178375
-0.274551
-0.368347
-0.423676
-0.62532
-1.07359
-1.08713
-1.10249
-0.511063
-0.651184
-0.0710297
0.57312
0.36879
0.389267
0.683716
0.837906
0.881729
0.709732
0.575912
0.470184
0.340973
-0.0555573
-0.370041
-0.661346
-1.08084
-1.12761
-1.17375
-0.953827
-0.755905
-0.48288

[27]
-0.825653
-0.375748
0.0316925
-0.584839
-0.737427
-0.291611
-0.373474
-0.0224457
0.0548248
-0.10199
-0.072998
-0.0516815
-0.0331573
-0.0213776
0.0042572
0.0488129
0.0458832
0.0534668
0.0526886
-0.00410461
-0.0513763
-0.0597687
-0.0368652
-0.0801086
-0.0472107
-0.109283
-0.222046
-0.319885
-0.457932
-0.533813
-0.640961
-0.967819
-1.0623
-1.0773
-1.08252
-0.526794
-0.238068
0.530319
-0.127853
0.490875
0.81662
0.89415
0.883957
0.730484
0.692154
0.546097
0.371826
-0.00605774
-0.496994
-0.911911

[28]
-1.13644
-1.19234
-1.23474
-0.866867
-0.628464
-0.900665
-0.312531
-0.318542
-1.18704
-0.633347
-0.476837
-0.161835
0.0057373
-0.06633
0.00782776
-0.0759583
-0.0205841
-0.00219727
0.0484009
0.0263367
-0.0261841
-0.0523987
-0.0312347
-0.00346375
-0.0123138
-0.0457458
-0.0658417
-0.0961914
-0.177353
-0.2332
-0.287354
-0.424484
-0.573013
-0.902283
-1.06706
-1.0804
-1.09538
-0.62941
-0.355927
0.497314
0.478745
0.641113
0.896454
0.93692
0.91983
0.826553
0.765198
0.545975
0.231689
-0.16452

