[1]
0.00976562
0.54744
1.03639
0.820358
1.05153
0.457947
0.19249
-0.0725861
1.0209
1.05713
1.17499
0.859406
0.644974
0.40799
0.42131
0.277466
0.0388184
-0.0286865
-0.306061
-0.572083
-0.887482
-1.29744
-1.44856
-1.8428
-1.96423
-1.37071
-1.59245
0.401871
1.66566
-0.838394
-0.139191
-0.0479431
-0.0305786
-0.225143
-0.518356
-0.0529633
-0.013092
0.117935
0.184006
0.139328
0.101028
0.117599
0.145233
0.111771
0.0901794
0.151474
0.151749
0.0858307
0.0159302
0.0298309

[2]
0.0771332
0.0926208
0.111633
0.159241
0.220352
0.173676
0.260803
0.303284
0.307648
0.388916
0.777542
1.44279
1.33621
1.03767
0.923523
0.313416
-0.283478
-0.20015
0.829773
1.13916
0.828506
0.570648
0.347717
0.264771
0.232971
0.188065
-0.000106812
-0.336761
-0.852692
-1.34151
-1.82516
-2.05019
-2.10454
-2.0282
-1.8533
-1.6409
0.760574
1.02437
-1.13605
-0.549591
-0.312134
-0.336288
-0.502884
-0.339828
-0.184387
0.0206451
0.134354
0.0736542
0.054657
0.0727692

[3]
0.147049
0.202347
0.127106
0.10495
0.0109863
-0.0453339
0.0350037
0.0196838
0.0347595
0.0340729
0.112381
0.18367
0.171356
0.16571
0.198669
0.254684
0.262726
0.675766
1.6172
1.21654
0.595474
0.617584
0.253571
0.270325
0.465469
0.866287
0.878418
0.673996
0.433624
0.358643
0.302612
0.386978
0.282166
0.207352
-0.145493
-0.343063
-0.920258
-1.44444
-1.94252
-1.96324
-2.04742
-2.37802
-1.73846
-1.48897
1.53346
-0.179123
-0.78862
-0.236282
-0.489304
-0.437332

[4]
-0.418304
-0.30658
-0.167984
-0.0272827
-0.00468445
-0.0195007
-0.0121613
0.0283508
0.0731659
0.05513
0.036438
0.0381927
0.00679016
0.0111237
0.0310822
0.058075
0.0180359
0.0311584
0.0885315
0.0857697
0.109161
0.0868225
0.16011
0.167374
0.25145
0.263107
1.17485
1.61784
1.00536
0.970184
0.991196
0.157272
0.0698547
0.314636
0.884003
0.948242
0.620667
0.420303
0.284973
0.297409
0.269318
0.11911
0.00137329
-0.600311
-1.0363
-1.39542
-2.11653
-2.43074
-2.61133
-2.59787

[5]
-1.87047
-0.125824
1.50107
-1.07933
-0.355484
-0.375519
-0.462677
-0.378113
-0.234772
-0.411758
-0.0905762
-0.016571
-0.0267944
-0.0625
-0.148926
-0.033432
0.0350189
0.0568695
0.0499878
0.023941
0.0512848
0.0180206
-0.035553
-0.0682373
-0.0317535
0.0947113
0.15181
0.106064
0.206696
0.266754
0.218933
0.313477
0.41127
1.56094
1.33775
1.27942
0.762817
0.472885
-0.467484
0.441101
0.394913
1.16362
0.922775
0.523865
0.376282
0.213882
0.207672
0.173874
-0.0078125
-0.131317

[6]
-0.46991
-1.04636
-1.5435
-2.03217
-2.37216
-2.57217
-2.39964
-1.04669
1.53584
-0.770279
-0.370209
-0.23439
-0.801529
-0.392441
-0.376343
-0.259872
-0.138641
-0.0105133
0.00233459
-0.00697327
0.00532532
0.123886
0.00224304
-0.0259705
-0.026947
0.00231934
0.00645447
-0.0157623
-0.00286865
0.010498
0.0531158
0.109665
0.17514
0.182465
0.224442
0.291733
0.360504
0.230942
1.30389
1.59059
1.42451
1.02925
0.65802
-0.0468597
0.0550079
0.555222
1.02391
1.09816
0.672928
0.377823

[7]
0.198151
0.0760956
0.00585938
-0.134079
-0.14035
-0.457809
-1.15506
-1.84679
-2.41461
-2.26125
-2.57892
-2.14246
-0.559875
1.5162
-0.937531
-0.11615
-0.484329
-0.593201
-0.39357
-0.493042
-0.26181
-0.0662537
0.0186615
-0.00776672
-0.0524292
-0.094635
0.0151825
0.00999451
-0.0688934
-0.0743866
-0.0346832
-0.00724792
-0.00718689
0.0174561
0.0526428
0.0579834
0.144455
0.183441
0.215775
0.267883
0.23851
0.393921
1.24599
1.94679
1.51694
1.0076
0.735794
-0.418427
-0.119568
0.510437

[8]
0.853912
0.966293
0.55983
0.44252
0.358566
0.228043
0.326523
0.252975
-0.170074
-0.668579
-1.12054
-1.59227
-1.98286
-2.52629
-2.57666
-1.83234
-1.15724
1.5625
-0.532059
-0.612457
-0.420441
-0.525864
-0.414871
-0.27803
-0.142273
-0.0111237
0.108185
-0.0115051
0.0295105
-0.00428772
0.0348206
0.0922852
0.050415
-0.0558319
-0.00997925
0.0624084
0.093811
0.0206146
0.0540771
0.162979
0.157761
0.129883
0.133667
0.223709
0.317108
0.283279
0.512558
1.2845
1.61372
1.26106

[9]
0.829163
0.664703
-0.301071
0.276794
0.682693
1.25429
0.976486
0.500183
0.362183
0.166702
0.151642
0.108002
-0.0762634
-0.270462
-0.789627
-1.40909
-2.03635
-2.43105
-2.56799
-2.55777
-1.98254
1.05202
0.768951
-1.17552
-0.287048
-1.25255
-0.343155
-0.341034
-0.414612
-0.0377808
-0.0661469
-0.0617371
-0.0657959
-0.0131683
-0.0144196
0.0182495
0.0323639
-0.00262451
-0.0166779
-0.0582886
-0.073349
-0.0236206
-0.00363159
0.0582123
0.138641
0.146133
0.125641
0.20549
0.28653
0.324509

[10]
0.64946
1.58234
1.48253
1.23849
1.2151
0.0653076
-0.583923
0.301239
0.643951
0.977966
0.645325
0.363922
0.245926
0.265076
0.273285
0.130478
-0.0877533
-0.563034
-1.17708
-2.01851
-2.52176
-2.68028
-2.67786
-1.96432
-1.22891
1.42776
-0.79834
-0.39827
-0.874527
-0.847549
-0.251099
-0.406357
-0.113724
-0.209122
-0.111221
-0.0258331
0.0542908
0.0552216
-0.00224304
-0.0585175
-0.0753937
-0.102234
-0.0449371
-0.0999298
-0.00665283
-0.023056
0.0756226
0.142014
0.132767
0.101349

[11]
0.145294
0.295273
0.40831
0.86319
1.86668
0.975357
1.13409
0.492966
-0.159042
0.0378723
0.634796
0.713715
0.599075
0.345917
0.323837
0.290985
0.25914
0.223282
-0.0125885
-0.110794
-0.422516
-1.01201
-1.46486
-2.16096
-2.339
-2.61
-2.64554
-2.349
1.41846
-0.841278
-1.03555
-0.491745
-1.09239
-0.500992
-0.48056
-0.4785
-0.132996
-0.0974274
-0.0135651
-0.0783691
-0.00932312
-0.00396729
-0.076416
0.00473022
-0.168945
-0.0829163
-0.0650024
-0.0758057
-0.057373
-0.0500946

[12]
0.0133972
0.048645
0.159515
0.147354
0.192963
0.286911
0.241272
0.911423
1.61288
1.02144
0.697968
1.12433
-0.403519
0.202194
0.318146
1.02861
0.842926
0.561157
0.354156
0.203918
0.195633
0.183456
0.0106659
-0.262634
-0.615509
-1.35596
-1.99818
-2.46997
-2.66522
-2.65993
-1.89993
1.39851
-0.184982
-1.66127
-0.633087
-0.66449
-0.567276
-0.404221
-0.534912
-0.148788
-0.193893
-0.159454
-0.159821
-0.0762787
-0.105103
-0.0661621
-0.0706177
-0.0490112
-0.13324
-0.166504

[13]
-0.1353
-0.126877
-0.0974884
-0.0693665
0.0103455
0.0571136
0.0840607
0.112335
0.156219
0.135223
0.190659
0.229843
1.74947
1.5336
0.879761
1.09032
-0.0412903
-0.633865
0.104874
0.813995
0.989944
0.627975
0.325256
0.26062
0.26535
0.169998
0.125381
-0.113281
-0.38092
-0.810745
-1.46811
-2.09323
-2.53067
-2.61368
-2.60246
-1.66835
0.750626
1.19139
-1.59203
-0.387024
-0.880707
-0.467697
-0.464752
-0.438995
-0.254395
-0.139175
-0.102936
-0.0993042
-0.124695
-0.0479126

[14]
-0.0467682
-0.0894165
-0.109802
-0.118668
-0.0961151
-0.107452
-0.097229
-0.0719604
-0.0854645
-0.0500336
-0.00598145
0.0434875
0.0544586
0.0809021
0.0974274
0.150848
0.0363312
0.241714
1.63092
1.41322
1.18349
0.438141
0.36972
-0.244049
0.262909
0.515778
0.992798
0.671387
0.357132
0.236343
0.16391
0.128357
0.148331
0.0635529
-0.051651
-0.20752
-0.898727
-1.52118
-2.10121
-2.3252
-2.4079
-2.34842
-1.59595
1.46097
-0.86705
-0.649246
-0.833069
-0.360336
-0.322388
-0.325272

[15]
-0.0418396
-0.0730896
-0.0166779
-0.065155
-0.0522156
-0.0784607
-0.023407
0.00613403
-0.0330811
-0.131531
-0.0993195
-0.114059
-0.0666809
0.00770569
-0.0237427
0.0344696
-0.019104
0.0452881
0.126709
0.100098
0.104172
0.190964
0.229599
0.292618
0.973846
1.40269
1.49463
0.618469
1.15439
-0.094223
-0.343353
0.325638
0.795425
1.05208
0.633575
0.386139
0.245575
0.204193
0.145462
0.124191
-0.0585327
-0.744995
-1.0072
-1.46397
-2.02449
-2.38628
-2.56151
-2.53593
-0.472824
1.54932

[16]
-1.60446
-0.0174713
-0.966232
-0.34552
-0.279083
-0.569809
-0.175217
-0.171417
-0.0501862
0.0400085
0.00164795
0.04216
0.0627441
0.0444031
0.0614014
0.0544434
0.0313263
-0.0371094
0.0050354
0.0227356
-0.00547791
0.0174561
0.115112
0.149963
0.157532
0.207672
0.20488
0.156036
0.192856
1.20627
1.82761
1.15579
0.818359
0.51828
0.0482635
0.21759
0.558685
0.93335
0.76767
0.448761
0.339859
0.325485
0.38446
0.421875
0.18425
-0.127548
-0.690094
-1.12868
-1.53018
-2.05681

[17]
-2.30421
-2.50165
-2.26651
-1.75937
1.51851
-0.0500793
-0.98996
-0.235962
-0.66507
-0.184143
-0.426987
-0.251541
-0.052887
0.033783
-0.0217896
-0.050293
-0.0291748
-0.0091095
-0.00250244
-0.0749512
-0.0605927
-0.0724182
-0.011261
0.00849915
-0.0298309
-0.0437622
-0.0159454
0.0520325
0.102829
0.0847778
0.107925
0.130203
0.172119
0.173325
0.176651
0.385254
1.23825
1.27098
1.3698
0.829758
0.788574
-0.306839
0.223145
0.330627
1.19852
0.960831
0.597549
0.283356
0.442902
0.36969

[18]
0.185028
-0.0849304
-0.229385
-0.606552
-0.912903
-1.29796
-1.82841
-2.1165
-2.55855
-2.53391
-1.4873
1.52859
-1.18094
-0.617447
-0.258255
-0.803574
-0.446869
-0.420425
-0.276306
-0.0908051
0.0134583
-0.0552826
-0.0659943
-0.0241547
-0.0626068
0.0175018
0.108368
0.022049
-0.00648499
0.00596619
0.0274811
0.00595093
-0.0425415
-0.0128784
0.0753174
0.152557
0.200562
0.251419
0.296875
0.313599
0.591019
1.40698
1.53354
1.57564
0.912079
0.575394
-0.634888
0.341827
0.170654
1.11122

[19]
0.826096
0.519882
0.332581
0.253113
0.324158
0.503204
-0.0467834
-0.343323
-0.646545
-0.721786
-0.989059
-1.6281
-1.60884
-2.15054
-2.36464
-2.15685
1.5136
-0.481873
-0.470673
-0.355911
-0.812088
-0.34581
-0.497635
-0.494614
-0.0724945
-0.0472107
0.112564
0.0730591
-0.0378265
0.136688
0.0976715
0.103317
-0.00917053
0.0305328
-0.0744019
-0.0124512
0.0714569
-0.0318146
-0.0177307
0.113937
0.138229
0.174515
0.238678
0.268539
0.39502
0.514618
1.36465
1.71527
1.02846
1.01199

[20]
0.280899
-0.23233
-0.0396118
0.859787
1.07518
0.724136
0.423233
0.309509
0.181808
0.266281
0.281128
-0.155945
-0.257843
-0.944641
-1.4312
-1.9904
-2.26221
-2.34113
-2.50314
-2.11316
-0.998474
1.53964
-1.32373
-0.284088
-0.688965
-0.523026
-0.423065
-0.390137
-0.266846
-0.167984
-0.0373535
0.148071
-0.0123901
0.0245514
0.0346985
0.0301819
-0.00643921
0.000839233
-0.0346069
0.00187683
-0.0147247
-0.0385895
-0.0184631
0.0232697
0.100342
0.110962
0.1689
0.208176
0.216599
0.172821

[21]
0.388626
1.27205
1.49257
1.33136
0.939468
0.80452
-0.139252
0.145126
0.448929
1.09311
0.82196
0.451538
0.235367
0.253082
0.322342
0.261383
0.0350037
-0.212479
-0.757599
-0.992538
-1.36038
-2.04854
-2.23424
-2.43579
-2.41606
-2.07733
1.49994
-0.497864
-0.851028
-0.234573
-0.623734
-0.220444
-0.318283
-0.333725
-0.153076
-0.0263367
-0.00521851
0.0377197
0.0447083
0.033844
0.0614471
0.0392151
0.00442505
0.00727844
0.0445557
-0.0323944
-0.0353546
0.00914001
0.0365753
0.0530548

[22]
0.120499
0.123352
0.15242
0.195206
0.229202
0.255966
0.427551
1.6407
1.58545
1.18085
0.904099
0.657593
-0.435669
-0.0973969
0.432526
1.00829
0.839111
0.545044
0.284714
0.243576
0.247635
0.291428
0.0673065
-0.226959
-0.605652
-1.13258
-1.73572
-2.07945
-2.04211
-2.1308
-2.18846
-1.65363
1.52507
-0.904282
-0.850388
-0.448532
-0.537735
-0.203781
-0.395508
-0.297256
-0.102142
0.0292664
0.093811
0.0218201
0.00784302
-0.00271606
0.0261078
0.100723
-0.0233459
-0.0919647

[23]
-0.0642853
0.0191193
0.00485229
0.00674438
-0.025528
0.0908356
0.0861359
0.0363922
0.0908508
0.175507
0.239456
0.287796
0.2827
0.848709
1.53619
1.4507
0.768494
1.0442
0.102539
-0.25621
0.414505
1.01669
1.05452
0.629868
0.393738
0.282639
0.275208
0.252518
0.196289
0.0295868
-0.38855
-0.925293
-1.49174
-2.06299
-2.28601
-2.32179
-2.31476
-2.06766
-0.575333
1.5495
-1.51195
-0.606003
-0.677399
-0.516647
-0.279327
-0.451752
-0.246338
-0.0269623
0.030014
0.0533142

[24]
-0.051651
0.0189362
0.0583496
-0.0289307
-0.0429382
-0.059433
-0.00654602
-0.00636292
-0.0215149
0.000823975
0.0670013
0.139587
0.137299
0.186981
0.279556
0.301987
0.296387
0.564926
1.77449
1.51201
1.02193
0.764069
0.331329
-0.609528
-0.0119171
0.926575
1.21788
0.810989
0.484268
0.339203
0.316574
0.306076
0.206757
0.136108
-0.345947
-0.951508
-1.39116
-2.03728
-2.54114
-2.59853
-2.58234
-1.9884
1.29285
1.11661
-0.549957
-0.280945
-0.903732
-0.468933
-0.362717
-0.408478

[25]
-0.146271
-0.0980072
0.0171967
0.00732422
-0.109787
-0.11087
-0.0222626
0.0513763
0.0550232
0.0475616
0.0422363
0.000350952
-0.0500641
-0.0182343
0.113815
0.104279
0.100082
0.229065
0.269165
0.323212
0.346008
1.10307
2.03908
1.28758
0.904099
1.10703
-0.459534
0.0480652
0.537033
1.05959
0.999985
0.605835
0.328079
0.38916
0.38324
0.347397
-0.0628967
-0.298782
-0.823105
-1.36946
-1.90785
-2.39009
-2.59685
-2.59564
-2.33078
-1.39561
1.50581
-0.329987
-0.915405
-0.547836

[26]
-0.781738
-0.139801
-0.166443
-0.400513
-0.224304
-0.182297
0.00970459
0.0917358
0.0274658
0.0058136
-0.0323944
-0.0123138
0.0653687
0.0559082
-0.0126038
-0.0549927
-0.0599365
-0.00764465
0.0405579
0.076004
0.0556488
0.070343
0.174347
0.254501
0.192276
0.163589
0.871231
1.69479
1.36757
0.917542
0.99379
0.35141
-0.46521
0.290375
0.668167
1.08295
0.69429
0.616547
0.357956
0.310852
0.304092
0.155045
-0.111023
-0.606705
-1.07588
-1.48135
-2.17067
-2.51669
-2.34599
-1.92203

[27]
-1.71962
-1.59344
1.48442
-0.484848
-1.32196
-0.125397
-0.485611
-0.198959
-0.323807
-0.388565
-0.0958252
-0.106537
-0.0200806
-0.0306854
-0.0549316
-0.0454102
-0.01297
-0.0411987
-0.0479736
-0.137451
-0.10704
-0.00784302
-0.043045
-0.0875397
-0.0149841
0.0626678
0.00997925
0.0394287
0.15741
0.261063
0.21611
0.244202
0.622025
1.66606
1.4476
1.09416
0.891739
-0.0727997
0.112915
0.335602
1.09921
0.915771
0.588196
0.276672
0.283127
0.289383
0.219894
-0.0556641
-0.25766
-0.765823

[28]
-1.2724
-2.05417
-2.60364
-2.63254
-2.6299
-2.13715
-0.864731
1.4726
-1.69856
-0.592987
-0.825012
-0.386688
-0.305099
-0.459702
-0.172302
-0.180222
-0.0732117
0.000823975
-0.049881
-0.120728
-0.140854
-0.0456085
0.00978088
-0.0583496
-0.0595093
-0.0382843
0.041687
0.0560303
0.0492706
0.0499725
0.0449066
0.127274
0.15416
0.0961914
0.642395
1.61975
1.62914
1.03035
0.843414
0.598114
-0.376755
-0.082901
0.662216
1.00264
0.63176
0.359909
0.286682
0.266129
0.104858
-0.0944214

