[0]
-0.0984497
-0.0102386
0.00344849
-0.00965881
-0.0115051
0.000305176
0.00236511
0.00253296
-0.0109558
-0.00247192
-0.00816345
0.0018158
-0.00137329
0.00372314
-0.0101776
-0.0167236
0.00994873
-0.0087738
0.000320435
-0.00427246
-0.0132446
-0.0124359
-0.00822449
-0.00350952
-0.0197601
-0.025238
-0.0112152
-0.0157318
-0.0148468
-0.00613403
0.00402832
-0.00239563
-4.57764e-05
-0.00552368
-0.0163574
-0.0037384
-0.000396729
-0.0102081
-0.0078125
-0.00299072
-0.00646973
-0.013855
-0.00265503
-0.00416565
-0.0203247
-0.00767517
-0.00480652
4.57764e-05
0.000488281
-0.00834656

[1]
-0.0113068
-0.010849
-0.0211029
0.00282288
-0.00793457
-0.00697327
-0.0050354
-0.00846863
-0.0162964
-0.0202179
0.00708008
-0.00366211
-0.0124664
-0.0212708
-0.0188293
-0.0193481
-0.00274658
-0.0115356
-0.00665283
-0.0173645
0.00411987
-0.0207825
-0.0115051
-0.000762939
-0.0173798
-0.000289917
-0.0173798
-0.0149384
-0.00956726
-0.00419617
0.00117493
-0.00175476
-0.00177002
-0.00958252
-0.0125122
0.000656128
-0.0154572
-0.000305176
-0.0115356
-0.00860596
-0.00323486
-0.00372314
-0.0183716
0.000167847
-0.00520325
-0.0164032
0.00361633
-0.00370789
-0.00762939
-0.0110474

[2]
-0.0154419
-0.0154419
-0.017868
-0.00662231
-0.00759888
0.000701904
0.00413513
-0.0285645
-0.0134125
-0.00657654
-0.00463867
-0.0129547
-0.0109711
-0.0134125
-0.00511169
0.00317383
0.00563049
-0.00999451
-0.00950623
-0.0217133
-0.0124359
-0.00854492
-0.010498
0.000274658
-0.006073
-0.0104675
-0.010437
-0.00944519
-0.0133362
-0.0162659
-0.000640869
-0.00990295
-0.00357056
-0.00552368
-0.00210571
0.000808716
-0.0211639
0.001297
-0.0133362
-0.00650024
-0.00405884
-0.0128632
-0.00114441
-0.00454712
-0.00259399
-0.00550842
0.000366211
0.0032959
-0.0147705
-0.0167236

[3]
-0.00352478
-0.0098877
-0.0098877
-0.0123291
-0.0157318
-0.0118256
-0.0196381
-0.00498962
-0.00842285
-0.0133209
-0.00550842
-0.0118408
-0.0108643
-0.00209045
-0.00845337
-0.00506592
-0.00944519
-0.0152893
-0.0196838
0.00228882
-0.00747681
-0.00749207
0.00227356
-0.00846863
-0.00942993
0.0018158
0.00180054
-0.010376
-0.00939941
0.00524902
-0.0128021
-0.00157166
-0.00985718
-0.00254822
-0.00938416
-0.0152435
0.00379944
-0.00645447
-0.00498962
-0.0128174
-0.0113525
-0.00305176
-0.00746155
-0.0177155
-0.0123291
-0.0172119
-0.0142822
-0.00939941
-0.00158691
-0.00596619

[4]
-0.00498962
-0.00546265
0.00234985
-0.0191498
-0.0128174
-0.0191803
0.0101166
-0.0113831
-0.00112915
-0.00357056
-0.00552368
-0.0040741
-0.00750732
-0.00654602
-0.00801086
-0.00654602
-0.0143585
0.00128174
-0.0104523
0.00175476
-0.00317383
-0.0124512
0.00170898
0.0012207
-0.00950623
-0.0197449
-0.00267029
-0.00363159
-0.00949097
-0.0158539
-0.00605774
0.00222778
-0.00265503
0.00369263
0.00466919
-0.00267029
-0.0231628
-0.0119324
-0.00460815
-0.00263977
-0.00360107
-0.00556946
-0.00997925
-0.0148468
-0.00799561
0.00128174
-0.00457764
-0.00846863
-0.00552368
-0.00112915

[5]
0.0027771
0.000335693
-0.0226135
-0.00209045
-0.015274
-0.0211182
-0.0176849
-0.00643921
-0.0142517
-0.00692749
-0.00398254
-0.00642395
-0.011795
-0.00105286
-0.00984192
-0.0108185
0.00479126
0.00820923
0.00234985
-0.0142365
-0.0093689
-0.00350952
-0.0186462
-0.00643921
-0.00498962
-0.0103455
0.00331116
-9.15527e-05
-0.00401306
-0.00843811
-0.0113678
-0.00990295
-0.0177155
-0.00308228
-0.000152588
-0.00993347
-0.0104065
0.00520325
-0.00358582
-0.0143127
-0.00405884
-0.00746155
-0.00402832
0.00915527
-0.0045166
-0.00744629
-0.0123291
-0.00111389
-0.0162506
-0.0201569

[6]
0.000350952
-0.0177002
-0.00500488
-0.0157623
-0.0157776
-0.000137329
-0.0118561
-0.0035553
-0.0113678
-0.00747681
-0.00358582
-0.00700378
0.00469971
-0.00750732
-0.0065155
0.000335693
-0.0142822
0.00280762
0.00183105
0.00428772
-0.00157166
-0.00401306
-0.00939941
-0.00842285
-0.010376
-0.00256348
-0.000595093
-0.0250092
-0.0152588
-0.0186768
-0.00646973
-0.0098877
-0.00498962
-0.0191498
-0.0118408
-0.0172119
-0.019165
-0.0108643
-0.0157623
-0.00650024
0.00668335
-0.00942993
0.00131226
-0.00404358
-0.0050354
-0.00210571
-0.0059967
-0.00550842
0.0018158
-0.00404358

[7]
-0.00944519
0.000305176
-0.00750732
-0.0206757
-0.00408936
-0.00360107
-0.00456238
-0.000656128
-0.0113678
-0.0201721
-0.0118866
-0.00942993
-0.0196991
-0.0104218
0.000793457
-0.0114136
-0.0114136
0.00422668
0.00617981
-0.00601196
-0.00212097
-0.0167542
-0.00062561
-0.00646973
-0.0152588
-0.00695801
-0.00793457
-0.00793457
-0.00744629
-0.0098877
-0.00598145
-0.00646973
-0.00161743
0.00178528
0.00421143
-0.00701904
0.00175476
-0.0119019
-0.00358582
-0.0162964
-0.00798035
-0.00798035
-0.0123749
0.00666809
0.00178528
-0.0123749
-0.00262451
-0.00457764
-0.00996399
-0.00457764

[8]
-0.00799561
-0.0167847
-0.0065155
-0.0040741
-0.000656128
0.00323486
-0.00215149
-0.0109406
0.00126648
0.00126648
-0.0138702
-0.00654602
-0.00460815
0.0017395
-0.006073
-0.00802612
-0.0231628
-0.00263977
-0.00213623
0.0022583
0.00128174
-0.000686646
-0.000701904
-0.00704956
0.00613403
0.00662231
0.00514221
-0.00805664
-0.00364685
-0.0153656
-0.000244141
-0.0109863
-0.000717163
-0.0148773
-0.00511169
-0.0134277
-0.00416565
-0.00610352
-0.00708008
0.00756836
-0.00854492
-0.0109711
-0.00415039
0.000747681
-0.00708008
-0.00268555
-0.00315857
-0.00608826
-0.0134125
-0.00805664

[9]
-0.0129395
-0.00218201
-0.0114746
-0.00463867
-0.000244141
-0.0163727
-0.000747681
0.00315857
-0.0129242
-0.00608826
-0.00315857
-0.00949097
-0.006073
-0.0153503
-0.00462341
-0.00654602
-0.000213623
-0.0207367
-0.0109558
-0.0129089
-0.00996399
-0.00752258
-0.00752258
-0.00656128
-0.00801086
-0.0124054
-0.00949097
-0.0124054
0.000793457
-0.0040741
-0.000152588
-0.00550842
-0.0035553
-0.000152588
0.000335693
-0.0113983
0.00132751
-0.00746155
-0.0118408
-0.010376
-0.00598145
0.00137329
-0.00790405
-0.00982666
-0.00541687
-0.00489807
-0.00831604
-0.00392151
-0.0200348
-0.0127106

[10]
-0.00198364
-0.0166473
-0.0112762
-0.00543213
-0.00933838
0.00138855
-0.00544739
-0.00250244
-0.00297546
-0.00688171
0.00335693
0.00724792
-0.00740051
-0.00741577
0.00382996
-0.00350952
-0.00202942
-0.0103302
0.00331116
-0.00547791
-0.0132904
-0.000595093
-0.00741577
-0.00740051
-0.00691223
0.000411987
-0.0142517
-0.00593567
0.000411987
0.0106354
-0.0103607
-0.0098877
-0.0059967
0.000350952
-0.0113678
-0.00161743
-0.00454712
-0.018219
-0.0157776
-0.00308228
-0.00944519
-0.00262451
-0.0157928
0.0154572
-0.0109253
-0.00311279
-0.00602722
-0.00358582
-0.0104065
0.00473022

[11]
-0.0133209
-0.015274
-0.0181885
-0.0138092
-0.00697327
-0.0050354
0.000823975
-0.00552368
-0.00602722
-0.00456238
-0.00115967
-0.00262451
-0.00798035
-0.000671387
-0.00114441
-0.00796509
-0.00453186
0.00279236
-0.00794983
-0.0020752
-0.0035553
-0.0181885
-0.00498962
-0.0098877
-0.00450134
-0.0166931
-0.0162048
-0.00595093
-0.00300598
-0.0122833
0.00236511
-0.0103302
-0.0118103
-0.0113373
-0.00692749
-0.0137787
-0.0128174
-0.0098877
-0.00598145
0.00331116
-0.00547791
0.00915527
-0.0142975
0.00572205
-0.0108795
-0.000610352
-0.0045166
-0.0137939
-0.0128021
-0.00743103

[12]
-0.00646973
-0.00695801
-0.0123138
0.00282288
0.000900269
-0.00300598
-0.00297546
-0.0122528
-0.0176239
0.000930786
-0.0019989
-0.0151825
-0.0137177
-0.00543213
-0.0112915
-0.0127411
-0.00834656
-0.0142059
-0.015686
-0.00297546
0.00239563
-0.00297546
0.00189209
-0.00787354
-0.00686646
-0.0127258
-0.00636292
-0.00732422
-0.00733948
-0.015152
-0.00831604
-1.52588e-05
-0.00149536
0.00291443
0.00340271
-0.012207
-0.00732422
0.00146484
-0.00439453
-0.0170898
-0.00195312
-0.00830078
-0.00395203
-0.00640869
-0.00541687
-0.00151062
-6.10352e-05
-0.00788879
-0.00691223
-0.00108337

[13]
0.00282288
-0.00158691
0.00427246
-0.000106812
-0.00157166
0.00280762
-0.0162506
-0.00453186
-0.0167389
-0.014801
-0.0035553
-0.00453186
-0.00550842
-0.0133362
0.00276184
-0.00454712
-0.00601196
-0.0235748
-0.0103912
-0.0059967
-0.0118408
-0.00254822
-0.00352478
-0.00352478
-0.00598145
-0.00695801
-0.0045166
-0.00694275
-0.00157166
-0.00157166
-0.0098877
-0.0162201
-0.00450134
-0.0108185
-0.0161896
-0.000595093
-0.00450134
-0.00256348
-0.0152588
-0.00354004
-0.0177155
-0.00744629
-0.0045166
-0.00941467
-0.0172119
-0.000610352
-0.00695801
-0.0133209
-0.00160217
-0.0128632

[14]
-0.0187073
-0.00112915
-0.00506592
-0.00799561
-0.00163269
-0.0182037
0.0042572
-0.00012207
-0.0186615
-0.0015564
-0.0030365
0.00524902
-0.0098877
-0.00744629
-0.0259857
-0.0249939
-0.0039978
-0.018158
-0.00450134
-0.00987244
-0.00839233
-0.00743103
-0.00205994
-0.000610352
-0.0113525
-0.00157166
-0.00109863
-0.00938416
0.00231934
0.000350952
0.0096283
-0.00939941
0.00231934
-0.0133209
-0.00453186
-0.00698853
-0.0118561
-0.0108643
-0.0113525
-0.00646973
-0.00549316
-0.00500488
-0.0138092
-0.0113525
-0.00111389
-0.0108795
-0.00160217
-0.00746155
-0.00549316
-0.00793457

[15]
-0.00012207
-0.00791931
-0.0118256
-0.00938416
-0.0191345
0.00332642
-0.0171967
-0.0093689
-0.0166931
-0.018631
0.00431824
-0.0039978
0.00675964
-0.0171509
-0.00396729
-0.00787354
0.000915527
-0.0127563
-0.0215454
-0.0019989
-0.0132141
0.00192261
-0.00491333
-0.00294495
-0.0127106
-0.00587463
0.00341797
-0.00585938
-0.00831604
-0.0161438
0.00434875
-0.0215454
-0.0166779
0.00285339
-0.00935364
-0.00543213
0.000427246
-0.00297546
-0.0249634
-0.00444031
-0.0171356
0.00192261
-0.00540161
-0.00640869
-0.0161743
0.00923157
-0.0019989
-0.00933838
-0.0176544
-0.0142517

[16]
-0.0103455
-0.0127869
-0.0103302
-0.00938416
-0.0201111
-0.014267
-0.00842285
-0.015274
-0.00404358
-0.0118713
-0.0128479
-0.00550842
-0.0157623
-0.00259399
-0.000152588
-0.0138245
-0.0055542
0.00567627
-0.00506592
-0.00115967
0.00273132
0.00270081
-0.0114594
-0.0202484
-0.00559998
-0.0212402
-0.00318909
-0.00465393
0.00314331
-0.0139313
-0.00318909
-0.0100555
0.000686646
-0.0261536
-0.00660706
0.00169373
-0.00756836
-0.000747681
-0.0202789
-0.0192871
-0.00559998
-0.00120544
-0.0148773
-0.00608826
-0.00511169
-0.00462341
-0.00416565
-0.0192871
0.00268555
-0.00854492

[17]
-0.00660706
-0.00708008
-0.0124359
-0.0246277
-0.0085144
-0.00315857
-0.00317383
-0.0183105
-0.00463867
-0.00709534
-0.00610352
-0.00709534
-0.00561523
-0.0134277
0.0065918
0.00465393
-0.0207367
-0.00657654
-0.00802612
-0.0153503
-0.000213623
0.000289917
0.00419617
-0.00558472
-0.0104523
-0.00115967
0.00617981
-0.000640869
-0.0201721
-0.0123596
0.00132751
-0.00747681
-0.00746155
-0.00550842
-0.00550842
-0.00256348
-0.00939941
0.0115967
-0.0245361
-0.00500488
-0.00598145
-0.000610352
-0.0059967
0.00474548
-0.0235748
-0.015274
-0.0123444
-0.0206299
-0.0108643
-0.00157166

[18]
-0.00791931
-0.0098877
-0.015274
-0.00402832
-0.00502014
0.00769043
-0.00695801
-0.00354004
-0.00108337
-0.0157318
-0.0152435
0.0032959
-0.00842285
-0.0123291
-0.00694275
-0.0035553
-0.00402832
-0.0157471
-0.00744629
-0.0172119
-0.00648499
-0.0113678
0.000366211
-0.010376
-0.0035553
-0.000640869
0.00715637
0.00180054
0.00424194
-0.00796509
-0.00749207
-0.00454712
0.00765991
0.00230408
0.000854492
-0.0152588
0.0057373
-0.0147858
0.00669861
-0.000137329
0.00132751
-0.00796509
0.00572205
-0.00845337
-0.0128174
-0.0147705
-0.0118408
-0.0059967
-0.00210571
-0.0138092

[19]
-0.00845337
-0.0133514
0.0032196
0.00810242
-0.000213623
-0.00413513
-0.0158539
-0.00413513
-0.00167847
0.0115204
-0.000686646
-0.0221558
-0.0187531
-0.0124207
-0.00169373
-0.00120544
0.00125122
0.00125122
-0.0109558
0.00318909
-0.0158386
-0.000686646
-0.00996399
-0.00556946
-0.00654602
-0.00410461
-0.0114136
0.00372314
-0.00164795
-0.00505066
-0.00360107
-0.00308228
-0.00697327
0.00131226
-0.00358582
-0.0133362
-0.0172272
-0.0113831
-0.00601196
0.00132751
0.00231934
-0.00405884
-0.0142975
0.000823975
-0.00114441
-0.00798035
0.00323486
-0.0104218
-0.00163269
-0.00991821

[20]
-0.00746155
-0.00697327
-0.00698853
-0.0157776
-0.00653076
0.00126648
-0.00506592
0.00128174
-0.00117493
-0.0109406
0.00323486
-0.0114136
-0.00604248
0.00177002
-0.00309753
-0.0148163
-0.000167847
-0.00846863
-0.00260925
-0.00457764
-0.00994873
-0.00994873
-0.00361633
-0.0104523
-0.00947571
-0.0196991
0.00567627
-0.00946045
-0.01091
0.000320435
-0.0040741
0.00376892
0.00132751
-0.0113831
0.00717163
0.0037384
-0.010437
-0.0085144
-0.0153656
0.0168762
-0.0085144
-0.00120544
0.00270081
-0.00120544
-0.0173187
-0.00270081
0.000732422
-0.00952148
-0.00317383
0.00267029

[21]
0.00804138
-0.00222778
0.00363159
-0.0154114
-0.00953674
-0.00221252
-0.00709534
-0.00660706
0.00268555
-0.00952148
-0.00706482
-0.00415039
-0.00952148
-0.00270081
-0.00463867
-0.0158539
-0.0114441
-0.00608826
-0.00999451
-0.0109558
-0.000198364
-0.0109406
-0.0055542
0.00323486
-0.00849915
-0.00267029
-0.00413513
0.0012207
-0.00514221
-0.00320435
-0.0071106
-0.0124512
-0.0119781
-0.00660706
-0.00369263
0.00216675
0.00654602
0.00117493
0.00361633
-0.000762939
-0.0144196
0.00119019
0.00556946
-0.00566101
-0.00810242
-0.0130005
-0.00813293
-0.0105743
-0.0110474
-0.00665283

[22]
-0.0100403
-0.0134583
-0.0144348
-0.0017395
-0.000762939
-0.0119934
0.00997925
-0.0134583
-0.0149231
-0.00514221
-0.00515747
-0.0153961
0.0012207
-0.00318909
0.0070343
-0.00515747
-0.0134735
-0.00466919
-0.0100403
-0.00126648
0.00457764
-0.0130005
-0.00860596
-0.0120239
-0.0193481
-0.00569153
-0.0100861
0.00114441
0.00701904
0.00947571
-0.0100708
-0.00810242
-0.00468445
-0.00857544
-0.01297
-0.00172424
0.00169373
-0.0139313
-0.00563049
0.00563049
-0.00270081
-0.0124664
-0.0236969
-0.0173187
-0.00852966
-0.00119019
-0.00704956
-0.0138702
-0.00117493
-0.00996399

[23]
0.0032196
-0.00506592
-0.00213623
0.00370789
-0.00411987
-0.0104675
0.0017395
0.00172424
-0.00317383
-0.00657654
-0.00169373
0.00662231
-0.00706482
-0.0217133
-0.00852966
-0.0158539
0.00514221
0.00463867
-0.0158844
-0.0124664
-0.00416565
-0.0139313
-0.00419617
-0.0085907
-0.00564575
-0.0144196
-0.000244141
-0.00367737
0.00901794
-0.0134277
-0.00805664
-0.00415039
0.00563049
-0.00804138
-0.0163574
-0.0012207
-0.0129395
-0.0065918
0.00318909
0.00125122
-0.0070343
-0.0177765
-0.0045929
-0.00799561
-0.0158081
-0.00801086
-0.0158234
-0.0158234
-0.00752258
-0.00947571

[24]
-0.00115967
-0.00408936
-0.0113983
0.00424194
0.0037384
-0.0138245
-0.0118866
0.00520325
-0.0148163
-0.00698853
-0.0128326
-0.00109863
0.00914001
-0.0147705
0.00379944
-0.0045166
-0.00939941
-0.010376
-0.00794983
-0.00843811
-0.00550842
0.000808716
-0.00698853
-0.0143127
-0.00210571
-0.0128479
-0.0123444
-0.0147858
-0.00700378
-0.0065155
-0.00454712
-0.00209045
0.000335693
-0.000640869
-0.0114136
-0.0055542
-0.00798035
-0.018219
-0.0123596
-0.00648499
0.00134277
-0.0098877
0.00134277
-0.00643921
0.00576782
-0.0103607
-0.00697327
0.00279236
-0.00744629
-0.00746155

[25]
-0.00941467
-0.00747681
-0.00796509
-0.00260925
-0.000183105
-0.0114136
-0.00750732
-0.00993347
0.0120392
0.00177002
-0.0211792
-0.0119019
-0.00602722
0.00128174
-0.00506592
-0.00457764
-0.00360107
-0.0138702
-0.0138702
-0.0182648
-0.00263977
-0.000686646
-0.0119324
-0.00950623
0.00415039
-0.00315857
-0.0114594
-0.00512695
-0.00758362
0.00559998
-0.00514221
-0.00514221
-0.00512695
-0.00509644
-0.0104523
0.000274658
-0.00508118
0.00418091
-0.00361633
-0.00752258
-0.00361633
-0.0124054
-0.0119171
0.00128174
0.00517273
0.00517273
-0.0104523
-0.00164795
0.00518799
-0.00312805

[26]
-0.0109406
0.0032196
-0.00167847
-0.0158386
0.0115051
0.00613403
-0.00604248
-0.00799561
0.0100708
-0.010437
-0.0109253
-0.0211792
-0.00698853
-0.0206451
-0.00990295
-0.00450134
-0.00939941
-0.0118408
-0.0147858
-0.0059967
-0.00550842
-0.00259399
-0.00163269
-0.0118713
-0.0040741
-0.000640869
-0.0133362
-0.00550842
-0.0196838
-0.0123444
-0.00796509
-0.00602722
-0.00602722
-0.00750732
0.00370789
-0.00506592
-0.00653076
-0.0128632
-0.0157928
-0.0055542
-0.00262451
-0.00410461
-0.00946045
0.00518799
-0.00115967
-0.00752258
0.0105133
0.0080719
-0.00169373
-0.00511169

[27]
-0.00314331
-0.00706482
-0.000732422
-0.0114746
-0.00219727
0.00170898
-0.00610352
-0.00608826
-0.00119019
-0.017807
-0.00704956
-0.0251007
-0.00556946
-0.0216675
-0.0133667
-0.0153198
-0.0172577
-0.00848389
-0.0172577
-0.00846863
-0.0104218
-0.000137329
-0.00404358
-0.00404358
-0.0177155
0.00474548
-0.0113831
-0.00357056
-0.00650024
-0.00160217
-0.0059967
0.00669861
-0.0152588
-0.00746155
-0.010376
-0.00256348
-0.0201569
0.0018158
-0.00942993
-0.0284729
-0.00454712
-0.0118561
0.00523376
0.0042572
-0.00552368
-0.0128479
-0.00259399
-0.0108795
-0.00846863
-0.00946045

[28]
-0.00556946
0.00810242
-0.0129089
0.0017395
-0.00460815
0.00123596
0.00413513
0.000717163
0.00170898
-0.00706482
-0.00120544
0.00466919
-0.00704956
-0.00263977
0.0124817
-0.00605774
-0.010437
-0.0040741
0.000823975
-0.0157776
-0.0221558
0.00274658
-0.00311279
0.00614929
-0.0192413
-0.00164795
-0.0118866
-0.00456238
-0.0065155
-0.00553894
-0.00456238
-0.0123596
-0.0113831
-0.0128326
-0.00845337
-0.00454712
-0.000671387
-0.00213623
-0.00308228
-0.0167389
-0.00697327
-0.0118561
-0.00209045
-0.0118713
-0.0226288
-0.0104065
-0.000640869
-0.000640869
0.000335693
-0.0118561

[29]
-0.0045166
-0.00111389
-0.00404358
-0.000137329
-0.0235596
-0.00502014
-0.0113525
0.00231934
0.00572205
-0.00746155
-0.0040741
0.001297
-0.00311279
-0.00456238
0.00128174
-0.0153198
-0.00799561
-0.010437
0.00178528
0.00227356
-0.0133514
-0.0104218
-0.0221252
0.00422668
0.00128174
0.00177002
-0.00650024
0.0130463
0.00180054
-0.00747681
-0.0162659
0.000320435
-0.00357056
-0.000640869
-0.0148163
-0.0065155
0.00569153
0.00566101
-0.00213623
-0.0109253
0.00323486
-0.00408936
0.000289917
0.00614929
-0.000686646
0.000778198
0.00566101
-0.000686646
-0.0158081
-0.00946045

[30]
-0.0197144
-0.0148315
0.00421143
-0.00410461
0.00663757
-0.00508118
0.00468445
-0.0133667
-0.00798035
-0.00164795
-0.00114441
-0.00846863
-0.018219
-0.00357056
-0.00405884
-0.00944519
-0.0289764
0.00274658
-0.000198364
-0.00947571
-0.00947571
-0.0109406
-0.00312805
-0.0153198
-0.00262451
-0.0133514
-0.00846863
-0.00163269
0.00469971
-0.0207214
0.00126648
-0.0129089
0.000259399
-0.0129089
-0.00167847
-0.0085144
0.00271606
-0.000228882
-0.00706482
-0.0139008
-0.00657654
-0.0197449
0.00271606
0.00857544
0.00221252
0.00120544
-0.000747681
-0.00708008
-0.0129395
-0.00756836

[31]
-0.00804138
-0.000228882
-0.00120544
0.0071106
-0.0133972
-0.0158386
-0.013855
0.0120087
-0.00311279
-0.022644
-0.0187378
-0.0167847
-0.0348511
0.000778198
-0.0124207
-0.00263977
-0.00558472
-0.0158386
-0.00706482
0.000747681
-0.0134125
-0.0129242
-0.0104828
0.00758362
-0.00753784
-0.00169373
-0.000244141
-0.00268555
-0.0114746
-0.00413513
-0.00462341
-0.0231934
-0.0148926
-0.00949097
-0.0119476
-0.0139008
-0.00267029
-0.0109711
0.00610352
-0.00804138
-0.00997925
0.000762939
-0.00852966
-0.00216675
0.000244141
-0.0109711
-0.00268555
-0.00610352
0.00317383
0.00559998

[32]
-0.0149078
0.00216675
-0.0188293
-0.0144348
-0.00419617
-0.0159149
-0.0139313
-0.00610352
-0.00463867
0.00317383
-0.00756836
-0.00218201
-0.0134125
-0.0168304
-0.0100098
-0.00805664
-0.00268555
-0.00314331
-0.00854492
-0.0109711
-0.0129089
0.000762939
-0.00169373
0.00219727
-0.00706482
-0.00949097
-0.0129089
0.00320435
-0.00167847
-0.00558472
-0.00950623
-0.00462341
-0.00119019
-0.0177765
-0.00265503
0.00463867
-0.0236664
-0.021698
-0.0128937
-0.00849915
-0.0197296
0.00175476
0.00907898
-0.00166321
-0.000213623
-0.0119171
-0.0177917
-0.0104523
0.0149384
-0.0119019

[33]
-0.0143433
-0.0109253
-0.00508118
-0.0163116
-0.00654602
-0.0104523
-0.000686646
-0.0162964
-0.00802612
-0.00413513
0.00852966
-0.00805664
-0.0144348
-0.00222778
-0.010025
-0.0144348
0.00117493
-0.00222778
-0.010025
-0.0100098
0.00415039
-0.0163574
-0.00854492
-0.00221252
-0.0104828
-0.00366211
-0.00511169
-0.0143738
-0.00265503
-0.0133972
-0.0104675
-0.0138855
-0.00508118
-0.0158081
-0.00752258
-0.00216675
-0.0114441
-0.0182648
-0.0167847
-0.0182495
-0.0192261
-0.00944519
-0.0167694
0.00421143
0.00370789
-0.00311279
-0.00410461
-0.00363159
-0.0085144
-0.00413513

[34]
-0.0133972
-0.00265503
-0.00704956
-0.0158234
-0.00410461
-0.000213623
0.00466919
-0.0211945
-0.0119324
-0.00654602
-0.00164795
0.0085907
-0.0119171
-0.00262451
-0.00750732
-0.000686646
-0.00605774
-0.00604248
-0.00358582
-0.00308228
-0.00698853
-0.00602722
0.00715637
-0.01091
0.0115509
-0.00260925
-0.0040741
0.0037384
0.00518799
-0.00262451
-0.00653076
0.000320435
-0.00798035
-0.00799561
-0.00653076
-0.0119019
-0.0114136
-0.00799561
-0.0133667
0.00128174
-0.00508118
-0.0148621
-0.00753784
-0.00559998
0.0124817
-0.0207062
-0.000686646
-0.0143585
0.000289917
0.00517273

[35]
-0.0138702
-0.000701904
-0.00411987
-0.00312805
-0.00701904
-0.0162964
-0.00457764
-0.00698853
-0.00845337
-0.00747681
-0.0113983
-0.00700378
-0.00312805
-0.0163116
-0.0128937
-0.00701904
-0.00457764
-0.00947571
0.00177002
-0.00212097
-0.00946045
-0.0157928
0.000823975
0.00570679
-0.00602722
-0.0152893
0.00326538
-0.0231018
-0.00991821
-0.0104065
-0.00062561
-0.0147858
-0.00405884
-0.014801
-0.0045166
-0.00012207
-0.00502014
-0.00942993
-0.00210571
-0.014801
-0.00309753
-0.0143127
-0.0177307
-0.0162506
-0.00161743
-0.0133209
-0.0108948
-0.00648499
-0.00160217
0.000335693

[36]
0.00325012
0.00419617
-0.00750732
-0.00996399
-0.0177765
-0.00605774
-0.00213623
0.00614929
-0.00312805
-0.00508118
-0.0187683
0.00518799
-0.0109406
-0.0158081
-0.00993347
-0.00796509
0.00279236
-0.00257874
0.0018158
0.000350952
-0.00212097
-0.0118866
-0.00556946
0.00566101
-0.00115967
-0.00947571
-0.00653076
-0.0114288
-0.0070343
0.00224304
0.00857544
-0.00314331
-0.00708008
-0.010498
-0.00318909
-0.0114899
-0.0197906
-0.00953674
0.00366211
-0.00267029
-0.00218201
-0.00610352
-0.010498
-0.00999451
-0.0109863
-0.0144043
0.00415039
-0.00465393
-0.00708008
-0.0100098

[37]
-0.00559998
-0.0148773
-0.0134125
-0.00949097
-0.0119171
-0.00753784
-0.00119019
-0.0148773
-0.00561523
-0.00463867
-0.013443
0.00610352
-0.0129395
-0.00756836
-0.00465393
-0.00708008
-0.014389
-0.00999451
-0.0197754
-0.00561523
0.000732422
-0.00512695
0.00318909
-0.00559998
-0.0119476
0.00805664
-0.0173645
-0.0071106
-0.0154419
-0.00178528
-0.0188751
-0.00765991
-0.00959778
-0.00617981
-0.00178528
-0.00570679
0.00163269
-0.00375366
-0.00518799
-0.0164032
-0.0129852
-0.0247192
-0.00473022
0.00112915
-0.00717163
0.0123749
-0.0115662
-0.0183868
-0.000808716
-0.0144806

[38]
-0.0130157
-0.0139771
-0.0125122
-0.000778198
-0.021759
0.000701904
-0.00709534
-0.00366211
-0.00611877
-0.00463867
0.00561523
-0.00610352
-0.0178223
-0.00610352
-0.00367737
-0.0134277
0.0104828
0.00119019
-0.0153961
0.00120544
-0.00416565
-0.0144196
-0.00318909
-0.00856018
-0.00515747
-0.010025
0.000228882
-0.0236969
-0.0119934
-0.00808716
-0.00418091
0.00802612
-0.00172424
-0.00953674
-0.00758362
-0.00660706
-0.0119629
-0.00415039
-0.00268555
-0.00608826
0.00270081
-0.0109711
-0.0138855
-0.00996399
-0.00215149
-0.0124207
-0.00314331
-0.00120544
-0.00511169
-0.013916

[39]
-0.0114746
0.00123596
-0.00462341
-0.000732422
-0.0075531
-0.00315857
-0.0119781
-0.0144196
-0.00709534
0.00268555
-0.0124359
0.00415039
-0.0124512
0.00268555
-0.0139008
-0.00999451
-0.00267029
-0.000228882
-0.00315857
-0.00413513
-0.0085144
-0.0123901
-0.0143433
-0.000183105
-0.00798035
-0.00505066
-0.00457764
0.00370789
-0.0197296
-0.0119019
0.00518799
-0.000671387
-0.00457764
0.00274658
-0.00166321
-0.00704956
0.000274658
-0.01828
-0.0285492
0.00271606
-0.00559998
-0.00804138
-0.0134277
-0.00123596
-0.00366211
-0.017334
-0.00805664
-0.00805664
-0.00805664
-0.0158386

[40]
-0.006073
-0.00996399
-0.00801086
-0.0055542
0.00372314
-0.00604248
-0.0153198
-0.000198364
0.00566101
0.00421143
-0.00311279
-0.00849915
-0.00361633
-0.00166321
-0.0148315
-0.00796509
-0.0103912
-0.00794983
-0.0045166
-0.00939941
-0.0123138
-0.0128174
-0.0123138
-0.00840759
-0.00743103
-0.00938416
-0.0045166
-0.00357056
-0.0108795
-0.0108948
-0.0177307
-0.00160217
-0.00991821
-0.00505066
-0.00312805
-0.00166321
0.000289917
-0.0119019
0.0154419
0.00370789
-0.0119324
-0.00410461
-0.0045929
0.00712585
-0.0119019
-0.0172577
-0.0104065
-0.0226135
-0.00650024
-0.00845337

[41]
-0.00454712
-0.00845337
-0.0123596
-0.0113831
-0.00845337
-0.000152588
-0.0216217
-0.00550842
0.00715637
-0.0050354
0.0037384
0.013504
-0.000167847
-0.00747681
-0.0059967
-0.00942993
-0.0108948
-0.0118866
-0.000640869
-0.00457764
-0.00604248
-0.0055542
-0.00213623
-0.0104218
-0.0191956
-0.00259399
-0.0133209
0.001297
-0.00309753
-0.00944519
-0.0123749
-0.00357056
-0.0108948
-0.00358582
0.0134888
-0.0123749
-0.0138397
-0.0040741
-0.0153046
-0.00605774
-0.00166321
-0.00752258
-0.0119171
-0.00946045
-0.000686646
0.00128174
-0.00457764
-0.00556946
-0.00216675
0.00561523

[42]
-0.010498
-0.0124512
-0.00364685
-0.00364685
-0.0119324
-0.0182648
0.00418091
0.00466919
0.00418091
-0.00996399
-0.000686646
-0.00653076
-0.00506592
-0.00311279
-0.0070343
-0.00215149
-0.000671387
0.00469971
-0.00361633
-0.00802612
0.00418091
-0.00314331
-0.017807
-0.0114594
-0.00460815
-0.00852966
-0.000732422
-0.00805664
-0.0124359
-0.00852966
-0.00704956
-0.00802612
-0.00654602
0.00175476
-0.00215149
-0.00801086
-0.0070343
0.0032196
-0.0114288
-0.0182953
-0.000717163
-0.00364685
0.00463867
-0.00804138
-0.00361633
0.00175476
-0.00950623
-0.0100098
-0.00463867
-0.00411987

[43]
-0.0153351
-0.000198364
-0.00605774
0.00128174
-0.00505066
-0.00602722
-0.0119019
-0.00311279
-0.0158081
-0.0114136
-0.0148621
-0.00120544
-0.0114899
-0.00463867
-0.00561523
-0.006073
-0.0104523
-0.00848389
0.001297
-0.00946045
-0.0143433
-0.00750732
0.0022583
-0.00602722
-0.00505066
-0.0182343
-0.00357056
-0.00991821
0.00279236
-0.0177155
0.000350952
0.00669861
-0.0133209
-0.00453186
-0.0035553
-0.00158691
0.00378418
-0.00793457
0.00183105
-0.0172424
-0.0143127
-0.0113983
-0.0109253
-0.00312805
-0.006073
0.00613403
-0.00460815
-0.0109558
-0.00460815
-0.00608826

[44]
-0.00997925
-0.00215149
0.00517273
-0.0143738
0.00271606
0.00419617
-0.0177765
-0.00994873
-0.00944519
-0.00944519
-0.0152893
0.00178528
-0.0113831
0.00814819
-0.0040741
-0.00650024
-0.014328
-0.00456238
-0.0118713
-0.00357056
-0.0147705
-0.0118561
-0.00941467
-0.0104218
-0.00505066
0.00762939
0.00274658
-0.0148315
-0.0167999
-0.00460815
-0.00460815
-0.0104523
-0.00848389
-0.0133667
0.00177002
-0.01091
-0.0108948
-0.00505066
-0.00944519
-0.000671387
-0.0065155
-0.00311279
0.001297
-0.0065155
-0.00163269
-0.0148163
-0.0118866
-0.0153046
-0.00942993
-0.00308228

[45]
-0.00209045
-0.00845337
0.00328064
-0.0123444
-0.0123291
0.00230408
-0.0162659
-0.0123749
-0.0187225
-0.00991821
0.000839233
-0.0167389
0.0042572
0.000839233
-0.00794983
-0.00257874
-0.00991821
-0.00404358
0.00183105
-0.0147705
0.00183105
-0.0113525
-0.00257874
-0.0142975
-0.00062561
-0.00450134
-0.0030365
-0.00160217
-0.00308228
-0.0157623
-0.0152893
-0.0050354
0.000350952
-0.0138092
0.00132751
-0.0123444
-0.00842285
0.000854492
-0.00645447
-0.00158691
-0.0250244
-0.00547791
-0.00987244
-0.00595093
-0.00450134
-0.00842285
0.00231934
-0.0250092
-0.00108337
-0.00012207

[46]
0.00474548
-0.02211
-0.0133209
-0.00111389
-0.00843811
0.00134277
-0.0103455
-0.00596619
-0.000610352
-0.0142822
-0.00842285
0.0130615
-0.00498962
-0.0245361
-0.000137329
-0.0240631
0.000366211
-0.0181885
0.00134277
0.00280762
-0.0245209
0.00233459
-0.0128174
-0.0113678
-0.00941467
-0.00695801
-0.00697327
-0.014801
0.000823975
-0.00309753
-0.0157776
0.0027771
0.00424194
-0.00260925
-0.00846863
-0.00698853
-0.000656128
-0.0260773
-0.0124054
-0.0045929
-0.013855
0.0115356
-0.0172729
-0.0133514
-0.0182495
-0.00508118
-0.00558472
0.00466919
-0.0163269
-0.00657654

[47]
-0.00950623
-0.00267029
-0.000244141
-0.00120544
0.00219727
-0.00708008
-0.0139008
-0.00219727
-0.00804138
0.00219727
-0.00805664
-0.0153656
0.00804138
-0.0178375
-0.00563049
-0.0119476
-0.00511169
-0.00704956
-0.00656128
-0.0217133
-0.0222015
-0.0139008
-0.0075531
-0.017807
-0.0148773
-0.00463867
-0.00462341
-0.00656128
0.00418091
-0.0129089
-0.01828
0.00662231
-0.00656128
-0.0114441
-0.000198364
-0.0114136
0.00325012
0.0101013
0.00427246
-0.00453186
-0.00453186
-0.0045166
-0.00402832
-0.00305176
-0.0045166
-0.0123291
0.004776
-0.000579834
-0.000579834
-0.00743103

[48]
-0.00448608
0.00038147
-0.0186768
0.00328064
0.00669861
-0.00354004
-0.010376
0.000854492
-0.0142822
-0.00306702
-0.0035553
-0.0181885
-0.000137329
-0.0157471
-0.0113373
-0.00253296
-0.0137634
-0.0167084
-0.00257874
0.00132751
-0.00648499
-0.00161743
0.000839233
0.00767517
0.00424194
-0.0148163
-0.00357056
-0.00944519
-0.0250549
-0.0138245
-0.01091
-0.0206757
-0.00749207
-0.00405884
-0.0050354
0.0149689
-0.00505066
-0.00308228
-0.0128632
-0.00505066
-0.00701904
-0.00994873
-0.0143433
-0.000671387
-0.00263977
-0.00263977
-0.0177612
-0.00605774
0.000778198
-0.000686646

[49]
-0.00509644
-0.0202484
-0.00559998
-0.0167999
-0.0187683
-0.00604248
-0.00556946
-0.00119019
-0.0168152
0.0017395
-0.00312805
-0.00605774
-0.00801086
-0.00799561
-0.00213623
-0.0085144
-0.00363159
-0.00509644
0.00563049
-0.00364685
-0.0119629
0.000228882
0.00216675
-0.00172424
-0.000762939
-0.0032196
-0.0164032
-0.00662231
-0.00854492
-0.00512695
-0.00852966
-0.00268555
-0.00366211
-0.0153351
-0.0104523
-0.0187531
-0.00216675
-0.000213623
-0.00267029
-0.00854492
-0.00218201
-0.00413513
-0.0119629
-0.0100098
-0.0124512
-0.00268555
-0.00657654
-0.00852966
-0.0124207
-0.00802612

[50]
-0.0153351
-0.0138702
-0.00750732
-0.0109253
-0.00166321
-0.013855
-0.00167847
0.009552
-0.021225
0.00268555
-0.00808716
0.00218201
-0.0110016
-0.00123596
-0.0114746
0.00170898
-0.0226898
-0.0270691
-0.000228882
-0.0075531
-0.00216675
-0.00753784
-0.00849915
-0.0270386
-0.00846863
0.00617981
-0.00846863
-0.0201874
-0.0158081
0.00959778
-0.0162964
-0.010437
0.000305176
0.000762939
-0.0138855
-0.00756836
0.000244141
-0.00608826
-0.00559998
-0.0168304
-0.0124359
-0.000717163
-0.0124359
-0.00512695
-0.00169373
-0.00169373
-0.00413513
-0.00166321
0.00614929
-0.00117493

[51]
0.00811768
-0.00166321
0.00126648
-0.010437
0.00810242
-0.00115967
-0.0055542
-0.00552368
-0.00357056
0.000320435
-0.00991821
-0.0143433
0.00761414
-0.0045929
-0.00801086
-0.00117493
-0.00216675
-0.0143585
0.0115204
-0.00996399
-0.00509644
0.000762939
-0.0119629
-0.00559998
-0.0119629
0.00218201
-0.00123596
-0.00660706
-0.00856018
-0.0105133
-0.00953674
-0.0105133
-0.000244141
-0.00463867
-0.0153809
-0.000244141
-0.00512695
-0.00367737
-0.00854492
0.00120544
-0.0207825
-0.0100403
-0.000274658
-0.013443
0.00753784
0.000701904
0.00363159
0.00119019
-0.021759
-0.00270081

[52]
-0.00367737
-0.00660706
-0.00317383
0.00123596
0.000274658
-0.00556946
-0.0202179
-0.00849915
-0.0119019
0.000305176
-0.00360107
-0.0114136
-0.0070343
-0.0085144
-0.00804138
-0.00120544
-0.0163269
-0.00462341
-0.0163422
-0.00267029
-0.00706482
-0.0114594
0.00221252
-0.00997925
-0.0114288
-0.013382
-0.00801086
-0.0128937
-0.00801086
-0.00750732
-0.0065155
-0.0109253
-0.0109406
-0.00947571
-0.00996399
0.00224304
-0.0128937
-0.013382
-0.000213623
-0.0197449
-0.0143433
-0.0250854
-0.00653076
-0.0172882
-0.00508118
-0.0109253
0.00469971
0.000808716
0.000793457
-0.000198364

[53]
-0.00656128
-0.0158539
-0.013382
-0.0124207
-0.00315857
-0.00953674
-0.013443
-0.0114746
-0.0178375
-0.0065918
-0.00660706
-0.0148926
0.000732422
-0.00317383
-0.0178223
-0.00758362
-0.00463867
-0.0080719
-0.0012207
-0.0109558
-0.00802612
-0.006073
-0.01828
-0.00265503
-0.00364685
-0.0158691
0.00169373
-0.00271606
-0.0212708
-0.0173492
-0.0168457
-0.014389
-0.0070343
0.00224304
-0.00801086
0.00419617
-0.00314331
-0.00263977
0.00224304
-0.0124054
-0.0153351
-0.006073
-0.000213623
0.00514221
-0.00366211
-0.00267029
-0.0124359
-0.00265503
-0.0104675
-0.00558472

[54]
-0.00167847
-0.00559998
-0.00167847
-0.00120544
-0.0217133
-0.00511169
-0.0129089
0.00857544
-0.021698
-0.0119171
-0.00752258
0.00222778
0.00271606
-0.00508118
0.00810242
-0.00508118
0.00909424
-0.00605774
-0.00653076
-0.0109406
-0.00360107
-0.00604248
-0.0123901
-0.00457764
-0.00506592
-0.0138702
-0.000656128
-0.0123749
-0.0065155
-0.00601196
-0.00357056
-0.00993347
-0.000152588
0.000335693
-0.00209045
-0.0113525
-0.00840759
0.00038147
-0.00987244
0.00819397
-0.0171967
-0.0128021
-0.00498962
-0.0122986
-0.0113525
-0.00941467
-0.00746155
-0.0123596
-0.00161743
-0.0108795

[55]
-0.00354004
-0.00646973
-0.010376
0.0106354
-0.00596619
-0.00450134
-0.00938416
0.00038147
-0.00352478
-0.0196228
-0.000106812
-0.00450134
0.00817871
-0.00549316
-0.00108337
-0.00643921
0.00186157
-0.00595093
-0.0113068
-0.0147247
-0.00740051
-0.00543213
-0.0122681
-0.0147095
-0.011795
-0.0122986
-0.00157166
-0.010849
-0.0113373
-0.011322
-0.00157166
-0.00205994
-0.00544739
-0.0191193
-0.0132599
0.00233459
-0.00205994
-0.00987244
-0.0171967
0.00137329
-0.00741577
-0.0259552
-0.00300598
0.00038147
-0.0127869
-0.00595093
-0.0215759
-0.0157013
0.00578308
-0.0171814

[56]
-0.0122986
0.000396729
-0.00691223
-0.0142517
-0.0235291
-0.0157318
-0.00401306
0.004776
-0.0030365
-0.00840759
-0.00305176
-0.0118561
-0.0113678
-0.00209045
0.00570679
-0.021637
-0.0108948
-0.00404358
-0.00695801
-0.0030365
-0.0132904
-0.0137787
-0.0137787
-0.00692749
-0.00549316
-0.00549316
0.00524902
0.0101471
0.00184631
-0.00547791
-0.00741577
-0.0186462
-0.00790405
-0.0206146
-0.0113373
-0.00062561
-0.00794983
0.0018158
-0.00158691
-0.00257874
-0.0147705
-0.00402832
-0.00546265
0.00186157
0.00186157
-0.00840759
-0.0123138
-0.0030365
-0.00354004
-0.00210571

[57]
-0.0157928
-0.0119019
-0.0055542
-0.00408936
-0.0070343
-0.00408936
-0.000671387
0.0022583
-0.00506592
-0.0040741
-0.0128937
-0.00361633
-0.0163116
0.00126648
-0.0128937
-0.0270538
0.00518799
-0.0187378
-0.00602722
-0.0108948
-0.00553894
0.000793457
-0.010437
-0.00602722
0.000305176
-0.00309753
-0.0128784
-0.0104523
0.000793457
-0.0114136
0.00468445
-0.00849915
-0.013382
-0.0124054
0.00466919
-0.0104675
-0.0153351
-0.0192413
-0.0162964
-0.0143585
-0.00556946
-0.0109558
-0.00167847
-0.00753784
-0.00849915
-0.00114441
-0.00114441
-0.00262451
-0.0187225
-0.00164795

[58]
-0.013382
-0.00508118
-0.00947571
-0.0177917
-0.00753784
-0.00802612
-0.0143585
-0.0158081
-0.0128784
-0.0143433
-0.00312805
-0.0241089
-0.00701904
-0.00553894
-0.0065155
-0.00993347
-0.0040741
0.00325012
-0.00506592
-0.0128632
-0.00213623
-0.00749207
-0.00798035
-0.00457764
0.000823975
0.00326538
-0.0050354
-0.0138245
-0.0225983
-0.0182037
-0.00942993
-0.00112915
-0.00602722
-0.0119019
0.00273132
-0.0070343
-0.0128784
-0.0133667
-0.017746
-0.0118866
-0.00944519
-0.0104065
-0.00111389
-0.00941467
-0.00991821
0.00521851
-0.0196991
-0.0123596
-0.0211487
-0.00794983

[59]
-0.0108795
-0.0035553
-0.0142975
0.0135345
0.00622559
0.00331116
-0.0176849
0.00038147
-0.00498962
0.00575256
-0.010376
-0.00793457
-0.00111389
-0.0050354
-0.00796509
0.00228882
-0.00161743
-0.00209045
-0.0113525
-0.00942993
-0.00746155
-0.00550842
-0.00991821
0.00961304
-0.00650024
-0.0142822
-0.00646973
-0.00695801
0.004776
-0.00593567
-0.0147247
-0.00546265
-0.00398254
-0.00984192
-0.0103302
-0.00396729
-0.00642395
-0.00837708
-0.018631
-0.0191345
-0.00497437
-0.0093689
-0.00398254
-0.0157166
-0.00987244
-0.00352478
-0.0318604
-0.0059967
-0.0108795
-0.0113831

[60]
-0.00944519
-0.0270233
-0.00456238
-0.00456238
-0.00845337
-0.00454712
-0.00698853
-0.00210571
-0.0118866
-0.0182343
-0.0133514
-0.0040741
-0.0231323
-0.0148163
-0.0040741
-0.000152588
-0.00749207
-0.00653076
0.00421143
-0.00166321
-0.01828
-0.00996399
-0.00167847
-0.0182953
-0.00756836
0.00170898
-0.0119629
-0.00610352
-0.00608826
-0.00120544
-0.0104828
-0.00657654
-0.0231628
-0.00608826
-0.0217133
-0.00167847
-0.0138855
-0.00363159
0.00759888
0.0032196
-0.0143585
0.0032196
-0.0104523
-0.0162964
0.00958252
-0.0138855
-0.0104828
-0.00610352
-0.0109863
-0.00120544

[61]
-0.00559998
-0.000228882
-0.00952148
-0.00952148
0.00123596
-0.0202484
-0.0129089
-0.0163116
-0.00608826
-0.0226746
-0.00119019
-0.000228882
-0.00706482
-0.00267029
-0.0143738
0.00418091
-0.006073
-0.00119019
-0.013855
-0.00115967
-0.0124054
0.00564575
-0.00216675
-0.00752258
0.00224304
-0.0109406
0.00126648
-0.000198364
-0.00654602
-0.00312805
0.00320435
-0.00363159
0.00221252
-0.0153809
-0.0168304
-0.00509644
-0.00315857
-0.0163269
-0.00852966
0.000259399
-0.00169373
-0.0065918
-0.00563049
0.00901794
-0.00660706
-0.00950623
-0.00270081
-0.00367737
-0.00369263
-0.0109863

[62]
-0.00805664
-0.0192719
-0.0129242
-0.00463867
-0.0065918
-0.0100098
-0.00805664
0.00514221
-0.0148926
0.00805664
-0.0153961
-0.00514221
-0.0100098
0.00952148
-0.00123596
0.00656128
0.00169373
-0.013443
-0.0115051
-0.00956726
-0.00808716
-0.00515747
-0.00515747
-0.00465393
-0.00761414
-0.00613403
-0.00318909
-0.00465393
0.00317383
0.000244141
-0.00170898
-0.010498
-0.00805664
-0.00167847
-0.013382
-0.0162964
-0.0114136
-0.000183105
0.001297
-0.0162659
-0.000656128
0.001297
-0.00161743
-0.0108948
-0.0133057
-0.0152588
-0.00306702
-0.00552368
0.000335693
-0.0133362

[63]
-0.0118866
-0.00457764
-0.00994873
-0.00996399
-0.00312805
-0.010437
-0.00115967
-0.000686646
-0.0153351
-0.0129089
-0.000701904
-0.00167847
-0.00508118
-0.00801086
-0.0167999
-0.00312805
-0.00213623
-0.00263977
-0.000183105
-0.0119019
-0.00213623
-0.00994873
-0.000686646
-0.00654602
-0.00312805
-0.00802612
-0.00312805
0.00564575
-0.00312805
-0.000183105
-0.00163269
0.00422668
-0.0040741
0.0027771
-0.00796509
-0.00990295
-0.0138092
-0.00646973
-0.0181885
-0.00257874
-0.0118713
0.0042572
-0.00942993
-0.00601196
-0.00845337
-0.00602722
-0.00213623
-0.0128937
-0.00604248
-0.00994873

[64]
0.0032196
0.0022583
-0.0207062
0.00372314
-0.0070343
-0.0123901
-0.0158234
-0.00164795
0.00323486
-0.00360107
-0.00700378
-0.0162659
-0.01091
-0.0040741
-0.0065155
-0.0172577
-0.00749207
0.000808716
-0.00552368
-0.00259399
0.000320435
0.001297
-0.00405884
0.00715637
0.00325012
-0.0240936
-0.0133667
-0.00602722
0.00177002
0.00614929
-0.00166321
-0.0104523
-0.0207367
-0.00462341
0.000289917
0.000289917
-0.014328
-0.014328
0.00180054
-0.00259399
-0.0113983
-0.0104218
0.00372314
-0.0113983
-0.0172729
-0.00701904
-0.000671387
-0.00849915
-0.00604248
-0.00311279

[65]
-0.0104675
-0.0129242
-0.006073
-0.0158234
-0.00262451
-0.00802612
-0.00267029
-0.00413513
-0.00852966
-0.0148773
-0.00558472
-0.0104523
-0.00994873
-0.0055542
-0.00312805
-0.0143585
0.00421143
-0.00942993
0.0101013
-0.000640869
-0.000656128
-0.000152588
-0.00161743
-0.00601196
-0.000152588
-0.00262451
-0.00654602
-0.00848389
-0.0162811
-0.00358582
-0.00212097
-0.00799561
-0.0196991
-0.00796509
-0.0128479
-0.0152893
-0.00698853
0.000335693
-0.00601196
-0.00602722
0.00224304
-0.00753784
-0.0119476
-0.0163269
-0.00120544
-0.0138855
0.00465393
-0.0153809
-0.0100098
-0.00657654

[66]
-0.0114594
-0.00950623
-0.00610352
-0.0153656
-0.00708008
-0.00753784
-0.00265503
-0.00314331
-0.0221863
0.00564575
-0.00997925
-0.0109558
-0.00263977
-0.00114441
-0.00944519
-0.0113678
-0.0113831
0.00421143
-0.00947571
-0.00849915
0.00466919
0.00758362
-0.0163269
0.000259399
-0.00704956
-0.006073
-0.00215149
0.000289917
-0.0197296
-0.0124054
-0.00752258
-0.00169373
-0.0119324
-0.00802612
-0.00314331
-0.00654602
-0.0158234
-0.00604248
-0.00456238
-0.00358582
-0.00602722
-0.000152588
-0.015274
-0.0157318
-0.0128174
-0.0142822
-0.00012207
-0.00840759
-0.00744629
-0.0186768

[67]
-0.00843811
-0.0177002
-0.0113373
-0.00502014
-0.0206604
-0.000152588
-0.00114441
-0.0167542
-0.00308228
0.00621033
-0.019165
0.00476074
-0.00941467
-0.00650024
0.0037384
-0.00991821
-0.0108948
-0.0162811
-0.00796509
-0.00163269
-0.00308228
-0.000640869
-0.015274
-0.0020752
-0.00695801
-0.019165
-0.0108948
-0.00698853
-0.0153198
-0.0128784
-0.00213623
-0.00798035
0.00274658
-0.00213623
-0.0104218
-0.00163269
-0.00212097
0.000793457
-0.00161743
-0.00796509
-0.000640869
-0.0133514
0.00909424
-0.0070343
-0.00558472
-0.00311279
-0.00701904
-0.0158234
-0.00947571
0.00273132

[68]
-0.00216675
0.00222778
-0.00457764
-0.0119171
-0.0045929
-0.0158081
-0.0133514
0.00178528
-0.0070343
-0.000686646
-0.0129089
0.00808716
-0.00215149
0.000289917
-0.0119019
-0.00799561
0.00518799
-0.000686646
-0.013382
-0.0236206
-0.00701904
0.00567627
-0.010437
-0.00508118
-0.000671387
-0.00796509
-0.0118561
-0.0020752
-0.010849
-0.00939941
-0.0152435
-0.0191345
0.000900269
-0.0181427
-0.00839233
-0.00157166
-0.00352478
0.00721741
0.00868225
-0.0118103
-9.15527e-05
-0.0015564
-0.00157166
-0.0133057
-0.0152588
-0.00352478
0.00233459
-0.010849
-0.010849
-0.0113525

[69]
-0.00552368
-0.00259399
-0.00601196
-0.00405884
-0.00212097
-0.0182037
-0.00990295
-0.0098877
-0.0103912
-0.00210571
-0.0167542
-0.0128479
-0.0162811
0.00227356
-0.000656128
-0.00456238
-0.00848389
-0.0128784
0.00714111
-0.00799561
0.00369263
-0.0129089
-0.00801086
-0.0192413
-0.00215149
-0.00653076
-0.00163269
-0.00749207
-0.00505066
-0.00993347
-0.0157928
-0.00309753
-0.0128632
-0.00601196
-0.00942993
-0.0108948
-0.00650024
0.00865173
0.00424194
-0.000656128
-0.00309753
-0.00505066
-0.0138702
-0.00949097
-0.00950623
0.00318909
-0.00267029
-0.00608826
-0.00463867
-0.00758362

[70]
-0.00465393
-0.00610352
-0.000213623
-0.00509644
-0.017807
-0.00364685
-0.00949097
-0.00119019
-0.0109558
-0.00218201
-0.0134277
-0.000244141
-0.0114746
0.000747681
0.00366211
-0.017807
0.00465393
-0.0143738
-0.00801086
-0.00364685
0.0129395
0.00657654
-0.00415039
-0.0124817
-0.00709534
-0.00856018
-0.00415039
-0.00950623
-0.0207214
-0.0148621
-0.00805664
-0.0109863
-0.0110016
-0.0149231
-0.00712585
-0.000259399
-0.0178375
0.000732422
0.00268555
-0.0065918
0.00120544
-0.00172424
0.0109558
0.00411987
0.00363159
-0.00466919
-0.00224304
-0.0134583
0.00950623
-0.016861

[71]
0.00364685
-0.00662231
-0.00418091
-0.00320435
-0.00320435
-0.0110321
-0.0144501
-0.0115051
-0.00320435
-0.00660706
-0.00221252
-0.010025
-0.0119629
-0.0197601
-0.0119476
-0.0065918
-0.0104828
0.00415039
-0.00952148
-0.0138855
-0.0085144
-0.006073
-0.00218201
-0.00758362
-0.0207672
-0.0105286
-0.0134583
-0.00271606
0.00508118
-0.0085907
-0.0110016
0.000717163
-0.0148926
-0.0114746
-0.0114746
0.00804138
-0.0144196
-0.00415039
-0.00708008
0.00367737
0.00512695
-0.0114746
-0.00804138
-0.000717163
-0.0148621
-0.00457764
-0.00213623
-0.00117493
0.00370789
-0.00216675

[72]
-0.0134125
0.00416565
-0.0163574
0.00706482
-0.0124664
-0.0202637
-0.020752
0.00999451
-0.0149078
-0.0114746
-0.0270996
-0.0153809
-0.00169373
-0.00460815
-0.00509644
-0.021698
-0.00947571
-0.0153503
-0.00558472
-0.00410461
-0.00263977
-0.00602722
-0.00260925
0.00131226
-0.00259399
-0.00747681
-0.00942993
-0.00111389
0.00180054
-0.00454712
-0.00114441
-0.0114136
-0.0123901
-0.0172882
-0.000198364
-0.00410461
-0.0045929
-0.00848389
0.000762939
-0.014389
-0.00512695
-0.00317383
-0.0163727
0.000717163
-0.00952148
-0.000732422
-0.0124512
-0.00416565
-0.0119934
-0.00857544

[73]
0.00166321
-0.0164032
-0.00712585
-0.00469971
-0.00469971
-0.000808716
-0.0120239
-0.00518799
-0.0085907
-0.01297
-0.000274658
-0.0158844
-0.00317383
-0.020752
0.000747681
0.00270081
0.00465393
-0.0129242
0.0012207
-0.0109711
-0.0075531
-0.0075531
-0.00314331
0.00172424
-0.0133972
-0.00556946
0.00370789
0.000762939
-0.0075531
-0.0124359
-0.00949097
-0.0104675
-0.00267029
-0.00219727
-0.0187988
-0.0129395
-0.013916
-0.00169373
0.00170898
-0.00561523
0.00218201
-0.00758362
0.00315857
-0.00318909
-0.00219727
-0.00514221
-0.0153961
-0.0110016
-0.00952148
0.00170898

[74]
-0.0187988
-0.00268555
-0.0114899
-0.0109863
-0.00415039
-0.00364685
-0.0163422
0.000244141
-0.00366211
-0.00317383
-0.010498
-0.00463867
-0.0124512
-0.00952148
-0.00218201
-0.00804138
0.0100403
-0.0158386
0.000762939
-0.0128937
-0.0114136
0.00178528
0.00227356
-0.0128784
-0.0123901
0.00224304
0.000274658
-0.00804138
-0.00462341
-0.00363159
-0.00704956
-0.00314331
0.00662231
-0.0075531
-0.00411987
-0.00460815
-0.0128937
-0.00262451
0.001297
0.00178528
-0.0128632
-0.00701904
-0.0167999
-0.0114136
-0.00114441
-0.0211792
-0.00799561
-0.00360107
-0.0133667
-0.0123901

[75]
-0.0197144
0.00128174
-0.00309753
-0.00799561
-0.00361633
-0.0168152
-0.0192413
0.0032196
-0.00119019
0.00224304
-0.0123901
-0.010437
-0.0070343
0.0071106
-0.0148621
-0.00411987
-0.0143585
-0.0182648
-0.00848389
-0.00114441
-0.00457764
-0.0040741
-0.00602722
-0.01091
-0.0123901
-0.00605774
0.000289917
-0.0119324
-0.0104675
0.0080719
0.00953674
-0.00415039
-0.0012207
-0.00558472
-0.00706482
-0.00120544
-0.0168457
-0.0119476
-0.00315857
-0.00120544
0.00708008
-0.0232086
-0.0139618
0.00311279
0.00309753
-0.0154419
-0.0032196
-0.00956726
-0.00126648
-0.0124817

[76]
-0.00662231
-0.00222778
0.00363159
-0.00662231
-0.00271606
-0.0129547
-0.00709534
-0.00221252
-0.00466919
-0.0110168
-0.0193176
0.00164795
0.000640869
-0.0140228
-0.0130615
0.00257874
-0.0179291
-0.00375366
-0.0130157
-0.00961304
-0.00178528
0.00114441
-0.00616455
-0.00616455
-0.0110474
-0.00566101
0.000183105
-0.00616455
-0.00666809
0.00260925
0.00262451
-0.00712585
0.0045929
-0.0100555
-0.00663757
-0.00811768
-0.0154114
0.000717163
0.00265503
-0.0119781
-0.013443
-0.00709534
0.00169373
-0.000747681
-0.0119934
-0.00271606
-0.00564575
-0.00808716
-0.00613403
-0.017334

[77]
-0.0168457
-0.0139008
-0.00704956
0.0100403
-0.0153503
-0.0119324
0.00466919
-0.00363159
-0.0129089
-0.0114288
-0.00946045
-0.0328979
0.00370789
-0.00411987
-0.00119019
-0.00604248
-0.0118713
-0.00259399
-0.00360107
0.00762939
-0.0123901
-0.00750732
0.000793457
0.00222778
-0.006073
0.000274658
0.00318909
-0.00268555
-0.0065918
-0.0202637
-0.00563049
-0.0153809
0.000747681
-0.00120544
0.00318909
0.00416565
-0.00753784
-0.0085144
-0.00364685
-0.0187836
0.00218201
-0.00172424
-0.0065918
-0.0114746
-0.0183258
-0.0197754
0.00172424
-0.000732422
-0.00221252
-0.0109863

[78]
-0.000732422
-0.017807
-0.00657654
-0.00169373
-0.00656128
0.00126648
-0.00752258
-0.0124054
0.00126648
-0.00311279
0.00665283
0.000793457
0.00471497
-0.017746
-0.000656128
-0.0211487
-0.0050354
-0.0108948
-0.00550842
-0.0172272
-0.0065155
-0.00454712
0.0037384
-0.00259399
-0.0138397
-0.01091
-0.0172577
-0.00506592
-0.00993347
-0.0113983
-0.00993347
-0.00747681
-0.00112915
-0.0157928
-0.0113983
-0.0040741
0.00126648
-0.0104523
0.0129852
0.00613403
-0.00119019
-0.00708008
-0.00512695
-0.00267029
-0.00413513
-0.0114594
-0.00706482
-0.0104828
-0.00704956
-0.00511169

[79]
-0.00804138
-0.00563049
-0.000274658
-0.00514221
-0.00561523
-0.00608826
0.010025
0.00320435
-0.00708008
0.00657654
-0.00708008
-0.00318909
0.0114594
0.00170898
-0.0124664
-0.0134583
-0.0207672
-0.0100403
-0.00761414
-0.00128174
-0.00762939
-0.017395
-0.0120392
-0.00666809
-0.00617981
0.00798035
-0.00468445
0.00411987
-0.00613403
-0.00616455
-0.00958252
0.00117493
0.000686646
-0.0188446
-0.00613403
0.00119019
-0.0124817
-0.0129852
-0.00517273
-0.00665283
-0.00177002
-0.0022583
-0.00663757
-0.0232391
-0.00662231
0.00120544
0.00218201
-0.00952148
-0.014389
0.0144043

[80]
-0.00854492
-0.0153809
0.00267029
-0.0153809
0.00170898
-0.0085144
0.000289917
-0.0172729
0.00811768
-0.00506592
0.00276184
-0.00309753
-0.0177307
-0.00453186
-0.00843811
0.00570679
-0.01091
-0.00749207
0.00320435
-0.00799561
-0.0192108
-0.00798035
-0.00360107
-0.00117493
-0.00215149
-0.00605774
-0.00460815
0.0110168
0.00611877
0.00268555
-0.0163422
-0.00999451
-0.00315857
-0.0187683
-0.00509644
-0.00265503
-0.0138702
-0.0158386
-0.0070343
-0.0153198
-0.00311279
-0.0114288
-0.00946045
-0.00553894
0.0125122
0.00128174
-0.0162811
-0.00309753
-0.00405884
-0.0162659

[81]
-0.00257874
-0.000137329
-0.0142822
0.00231934
-0.000137329
-0.0172272
0.00621033
-0.00550842
-0.00648499
-0.00500488
-0.0118408
-0.00305176
0.016449
-0.0235901
-0.00650024
-0.0128479
-0.0108948
-0.0113678
-0.00991821
-0.0177307
-0.0191803
-0.015274
0.0042572
0.00230408
-0.000137329
-0.0128326
-0.0059967
-0.00598145
-0.0162354
-0.0128021
-0.0191498
-0.0181732
-0.01474
-0.0103302
-0.00790405
-0.00985718
-0.0176697
-0.0039978
-0.0103455
-0.0191345
-0.00546265
-0.00645447
-0.00645447
-0.00453186
0.0130615
-0.00695801
-0.00305176
-0.0113525
-0.00697327
-0.0133362

[82]
-0.00746155
-0.00843811
-0.00012207
-0.0137939
0.000335693
-0.0236053
-0.0172424
-0.00404358
-0.00404358
-0.00746155
-0.0152893
-0.00552368
-0.000640869
0.00376892
-0.0123596
-0.00210571
-0.00944519
-0.01091
0.0037384
0.00520325
-0.0143433
0.000793457
-0.000183105
-0.00309753
0.00422668
-0.00698853
-0.00210571
-0.00942993
-0.00210571
-0.00308228
-0.0104218
-0.0104218
-0.00505066
-0.0040741
-0.00994873
-0.0162964
-0.00602722
-0.000152588
-0.00991821
-0.017746
-0.014328
0.00668335
-0.00357056
0.00860596
-0.00212097
-0.0104218
-0.00993347
0.00131226
-0.00257874
-0.0177155

[83]
-0.0142975
-0.00256348
-0.00939941
-0.00402832
-0.00401306
-0.00158691
-0.0118561
-0.0206451
-0.00405884
-0.000640869
0.000320435
-0.0133514
-0.00357056
-0.0108948
0.000808716
-0.00112915
-0.00357056
-0.0118561
-0.00209045
-0.00209045
0.00570679
-0.000640869
-0.00506592
-0.0055542
-0.00801086
0.000747681
-0.000732422
-0.0222168
-0.0158691
0.00415039
-0.00268555
-0.013443
-0.00563049
0.00364685
-0.0114746
-0.00268555
-0.00756836
-0.00657654
0.00660706
-0.00167847
0.00369263
0.0017395
-0.00654602
-0.00314331
-0.0114288
-0.00509644
-0.00119019
-0.0109558
0.000259399
-0.00999451

[84]
-0.00463867
-0.00999451
-0.0129089
-0.0104675
-0.000213623
-0.00852966
-0.00413513
-0.014389
-0.0012207
-0.00805664
0.00270081
-0.00120544
-0.00657654
0.00172424
-0.00268555
0.00123596
-0.00854492
-0.00415039
-0.00561523
-0.00466919
-0.00320435
0.00511169
-0.014389
0.000747681
-0.00218201
0.00564575
0.000259399
-0.00561523
-0.0012207
-0.0114746
-0.00854492
-0.0129242
-0.00317383
0.00366211
-0.00804138
-0.014389
-0.0119476
-0.0158386
0.000289917
-0.006073
-0.00167847
-0.0124207
-0.0123901
-0.00848389
-0.00215149
-0.00946045
-0.00849915
-0.00509644
-0.00119019
-0.00996399

[85]
-0.0045929
-0.0216522
-0.00260925
-0.000656128
-0.00115967
-0.0104218
-0.00260925
0.000808716
0.000808716
-0.010437
0.00616455
-0.0172577
0.001297
-0.00115967
-0.0045929
-0.000183105
-0.00949097
0.0080719
-0.00511169
-0.000717163
-0.0158691
0.00657654
-0.0202942
-0.0222473
-0.0139313
-0.00318909
-0.00320435
-0.0232391
-0.0173798
0.00115967
-0.00325012
-0.000320435
0.00164795
-0.00175476
0.00558472
-0.0144348
0.00315857
-0.00170898
-0.00561523
-0.013443
-0.00320435
0.000717163
-0.00318909
0.00462341
-0.000732422
-0.0065918
-0.00219727
-0.00268555
-0.0109863
-0.00462341

[86]
-0.0153503
-0.00119019
-0.000701904
-0.0167999
0.00566101
-0.00604248
-0.010437
-0.000656128
-0.010437
0.00128174
-0.00213623
-0.0055542
-0.0182495
-0.00360107
-0.00701904
-0.00215149
0.00712585
-0.0055542
-0.00798035
-0.00260925
-0.000183105
-0.00262451
-0.00506592
-0.00846863
-0.000640869
-0.0187073
-0.00697327
-0.00846863
-0.0148315
-0.00311279
-0.0119019
-0.0153198
-0.010437
0.00614929
-0.00265503
-0.00263977
-0.00363159
-0.00558472
-0.00556946
-0.00996399
0.000305176
-0.000213623
0.0017395
-0.0153351
-0.0109558
-0.0129242
-0.00656128
-0.0075531
-0.00267029
0.00271606

[87]
-0.006073
0.00125122
-0.0119324
0.0017395
0.00466919
-0.0158539
-0.00512695
0.00120544
-0.000244141
-0.00364685
-0.0129242
-0.0104523
-0.0129089
-0.000717163
-0.0114746
-0.00561523
-0.0178375
-0.0144196
0.00901794
-0.000778198
-0.00416565
-0.00318909
0.00901794
0.00411987
-0.0124664
-0.00761414
-0.00515747
-0.016861
-0.00758362
-0.00660706
-0.010025
-0.0217285
0.00364685
0.006073
-0.0080719
-0.0158844
-0.0168457
-0.020752
-0.00852966
-0.0202179
-0.0167847
0.001297
-0.0206757
-0.01091
-0.0040741
0.00131226
-0.00358582
-0.0182037
-0.0040741
0.00227356

[88]
-0.00798035
-0.018219
-0.00553894
-0.0201874
-0.0123749
-0.0104218
0.001297
0.00764465
0.00666809
-0.0207062
-0.00654602
-0.0221558
0.00520325
-0.00944519
0.000335693
-0.00796509
-0.0118866
-0.00164795
0.00860596
-0.0123901
-0.0045929
-0.0119171
-0.00752258
-0.0104675
-0.00994873
0.000305176
-0.00848389
-0.0104523
-0.00115967
-0.0211792
-0.00213623
-0.00849915
-0.00997925
-0.00364685
0.00466919
-0.00605774
-0.0138702
-0.00314331
-0.00608826
0.00367737
-0.010498
-0.00463867
-0.0119781
-0.0163727
0.000228882
-0.010025
-0.000259399
-0.0139465
-0.0178223
-0.00708008

[89]
-0.00415039
-0.0266113
-0.0075531
-0.0119324
0.00416565
-0.00561523
-0.0158691
-0.00366211
0.00561523
-0.0163422
-0.0134125
-0.0129242
-0.017807
-0.00997925
-0.00656128
0.00906372
-0.00509644
-0.000717163
0.000747681
-0.00852966
-0.000244141
-0.00660706
-0.00514221
-0.013443
-0.0158844
-0.0163574
-0.0173035
-0.000717163
0.00219727
-0.0065918
-0.00611877
0.000717163
-0.00708008
0.00218201
-0.0183258
-0.0163879
-0.0119781
-0.00418091
-0.0115051
0.0153503
-0.0134583
-0.00270081
-0.0173492
-0.013443
-0.0065918
-0.00706482
-0.00852966
0.0071106
-0.00457764
0.00126648

[90]
-0.0114288
-0.00802612
-0.000213623
0.00320435
0.00270081
-0.0148773
-0.0202332
0.00662231
-0.014389
-0.0173187
-0.00218201
-0.0109863
-0.00563049
-0.000259399
-0.00561523
-0.00852966
0.00221252
-0.00218201
-0.00364685
-0.00216675
-0.00656128
-0.00167847
0.00810242
-0.01828
0.00564575
0.0110168
-0.00411987
-0.00167847
-0.00996399
-0.0177765
-0.0202026
0.00128174
-0.00166321
0.0144348
-0.00996399
-0.000671387
-0.0104523
-0.00457764
-0.00410461
-0.00314331
-0.0123901
-0.00653076
-0.00260925
-0.00697327
-0.00991821
-0.00210571
-0.00944519
-0.0113831
-0.0123749
0.00227356

[91]
-0.0109253
0.000305176
-0.00653076
-0.00946045
0.00372314
-0.00653076
-0.00457764
-0.00801086
-0.0202026
-0.0128937
-0.0167999
-0.0143585
-0.00509644
-0.00604248
0.000305176
-0.0211792
-0.00506592
-0.0148163
-0.0143433
-0.0109406
-0.0109406
-0.00314331
0.00271606
-0.00463867
-0.00120544
0.00123596
-0.00808716
-0.00367737
-0.0105286
-0.000274658
-0.0100403
-0.0149078
-0.00466919
-0.00953674
-0.0114746
-0.0168304
0.00317383
-0.00610352
-0.0192719
-0.0192719
0.00610352
-0.0178223
-0.013916
-0.0139313
-0.0212708
-0.0202942
-0.0202942
0.00167847
-0.00616455
-0.00614929

[92]
0.0129089
-0.00810242
-0.0115204
-0.0115356
-0.00466919
0.000686646
-0.00422668
-0.00372314
-0.0105591
0.00506592
-0.00372314
-0.000335693
0.000656128
-0.00814819
-0.012558
-0.00964355
-0.00427246
-0.00720215
-0.0286713
-0.00521851
-0.0027771
0.00112915
-0.0149689
-0.00814819
0.00259399
-0.00230408
0.00259399
-0.000823975
0.000152588
-0.00813293
-0.013504
-0.00764465
-0.0149536
-0.00762939
-0.000778198
0.0148468
-0.0115356
0.00457764
0.00215149
-0.00614929
-0.0119934
-0.01297
-0.0110016
-0.0114899
0.00268555
-0.0192719
-0.00950623
-0.00704956
-0.00267029
-0.00462341

[93]
-0.0119324
0.00270081
-0.0182953
0.00418091
0.00515747
-0.0114441
-0.0085144
-0.00558472
0.0149384
-0.0124054
-0.00216675
-0.0124207
-0.0153198
-0.0236359
-0.00753784
0.00370789
0.00224304
-0.00312805
-0.0158081
-0.0197144
-0.00602722
-0.0123749
-0.00993347
-0.0119019
-0.0123749
0.00178528
-0.00260925
0.00228882
-0.00650024
-0.00552368
-0.0123901
-0.00115967
0.00517273
-0.00119019
-0.0124207
-0.00167847
-0.00657654
-0.0075531
-0.013382
-0.00164795
-0.0255737
-0.00752258
-0.00263977
-0.00996399
-0.0119171
0.00323486
0.00811768
0.00569153
0.00325012
-0.0192413

[94]
-0.0236359
-0.0109711
-0.00462341
-0.0109711
-0.00167847
-0.00263977
-0.00315857
-0.00997925
-0.0104675
-0.00848389
-0.00262451
-0.00602722
-0.00749207
-0.00993347
-0.0162811
-0.00457764
0.00276184
0.0022583
0.00617981
-0.0123749
0.0125122
-0.00558472
-0.00312805
-0.000213623
0.00175476
0.00468445
0.00466919
-0.00556946
0.0115356
-0.00506592
0.00862122
0.00616455
-0.0055542
-0.00408936
-0.00360107
0.00518799
-0.00994873
0.00665283
-0.014328
-0.00653076
-0.00164795
-0.000183105
-0.014328
-0.00114441
-0.0104523
-0.00752258
-0.0221558
-0.0133667
0.000778198
-0.0138702

[95]
-0.00506592
-0.0070343
0.00224304
0.000259399
-0.00460815
-0.00315857
-0.00509644
-0.0045929
-0.00556946
-0.0206909
-0.0153198
-0.0128784
-0.0148315
-0.00553894
-0.00700378
-0.0123596
-0.00602722
-0.00604248
-0.0162964
-0.0104218
-0.00798035
-0.00360107
-0.00166321
-0.00556946
-0.000183105
-0.0114288
-0.00509644
-0.00654602
-0.00704956
-0.0128937
-0.00947571
0.00468445
0.00564575
-0.00117493
-0.0085144
0.00466919
-0.00849915
-0.00654602
0.0120087
0.0032196
-0.0055542
-0.00602722
-0.0114136
-0.00798035
-0.010437
-0.00263977
-0.0114136
-0.00114441
-0.00360107
-0.00849915

[96]
0.00125122
-0.00511169
-0.0163269
-0.00753784
-0.0114441
-0.00265503
-0.00509644
-0.00216675
-0.00509644
-0.0129089
-0.00996399
0.00469971
-0.000183105
-0.0109253
-0.00358582
-0.00602722
-0.0040741
-0.0123596
-0.00405884
-0.00456238
-0.0162811
-0.000167847
-0.00508118
0.0017395
-0.0129395
-0.000244141
-0.00952148
-0.00950623
-0.00511169
-0.0129242
-0.000717163
0.00123596
-0.0075531
0.000244141
-0.0110168
-0.00222778
0.000671387
-0.00764465
0.00114441
-0.0174103
0.00991821
-0.016449
-0.0120544
-0.00520325
-0.0037384
-0.00323486
-0.00666809
0.00212097
-0.00177002
-0.00762939

[97]
-0.00762939
-0.000289917
0.000198364
-0.0032196
-0.0134583
-0.0119934
-0.01297
0.00363159
-0.00563049
0.006073
0.00265503
0.00166321
-0.00761414
-0.00370789
-0.00273132
-0.0105438
0.00117493
0.000198364
-0.0100403
-0.0168915
-0.00811768
0.00556946
-0.000762939
-0.00515747
-0.013916
-0.00221252
0.00119019
-0.00271606
0.00802612
-0.00613403
-0.00857544
-0.00712585
-0.0178375
-0.0183105
-0.00657654
-0.0124359
-0.0114746
-0.00462341
0.00222778
-0.00119019
-0.0124207
-0.0138702
-0.00700378
-0.00454712
-0.00210571
-0.00749207
-0.000167847
-0.0113983
0.00276184
-0.013855

[98]
-0.0128632
-0.000671387
-0.00506592
-0.0162811
-0.00212097
-0.0162659
0.00668335
0.00668335
-0.00112915
-0.0118561
-0.00650024
-0.000152588
-0.00747681
0.000823975
-0.00941467
-0.0035553
-0.000137329
0.00376892
-0.00158691
-0.0137787
-0.00109863
-0.00840759
-0.0128174
-0.0142822
-0.00939941
0.00524902
0.00279236
-0.00454712
-0.000152588
-0.0162659
-0.00747681
-0.01091
-0.00993347
-0.0153351
-0.0192413
-0.00996399
0.000289917
-0.0143433
-0.0045929
-0.0055542
0.0100861
-0.0108948
-0.0201721
-0.00946045
-0.01091
-0.00166321
-0.00508118
-0.00946045
-0.00311279
-0.000152588

[99]
-0.00942993
-0.0118866
-0.0065155
-0.00212097
-0.00161743
-0.00404358
-0.0059967
-0.0138092
-0.0230865
-0.00697327
-0.00843811
-0.0177155
-0.00990295
-0.0098877
-0.00941467
0.00476074
-0.00111389
-0.00453186
-0.0128174
-0.00547791
-0.00791931
-0.0172119
-0.00111389
-0.00598145
-0.00500488
0.00183105
0.00280762
-0.00990295
-0.0133209
-0.00160217
-0.0181732
-0.0128021
-0.00254822
-0.00352478
-0.0201416
0.00282288
-0.00402832
-0.0108795
-0.00747681
-0.00942993
-0.0138092
0.000320435
-0.00312805
-0.00556946
-0.00457764
-0.00801086
-0.0172882
-0.0104675
0.0105133
-0.0114594

[100]
-0.00950623
-0.0153351
-0.0206909
-0.00408936
0.000793457
-0.022644
-0.00215149
-0.00117493
0.0017395
-0.00949097
-0.00363159
-0.00267029
0.000244141
0.00512695
-0.00416565
-0.0217438
-0.0183258
-0.0149231
-0.0139465
-0.00564575
-0.0149231
-0.0124817
-0.009552
-0.0139465
-0.00712585
-0.00860596
0.00363159
0.00511169
-0.00509644
-0.0119476
-0.00952148
-0.00660706
-0.0124512
-0.00267029
-0.00559998
-0.0124207
-0.0153503
-0.00657654
-0.0275726
-0.0119476
-0.0163269
0.00759888
-0.0153503
-0.00411987
-0.00509644
-0.000198364
-0.0119019
0.00175476
-0.0119171
-0.00213623

[101]
-0.0104218
-0.00457764
-0.0133514
-0.0172729
-0.0123901
-0.0157928
-0.0138245
0.0096283
-0.0059967
-0.00257874
-0.00843811
0.0027771
-0.0162506
-0.0157776
-0.00601196
-0.0113983
0.00570679
-0.0162506
-0.00012207
-0.00939941
-0.0118256
0.00526428
-0.00547791
-0.00987244
0.00280762
-0.0142822
-0.00305176
0.000350952
0.00427246
-0.00942993
0.00325012
0.00375366
-0.00993347
-0.0128784
-0.00701904
-0.0123749
0.0022583
-0.0104523
0.0017395
0.00712585
0.00712585
-0.00410461
-0.00753784
-0.0143738
0.000778198
0.00857544
-0.0280457
-0.0109558
-0.00949097
0.00463867

[102]
0.00514221
0.000244141
-0.0134125
-0.0134125
0.00662231
-0.0158386
-0.000213623
-0.00950623
-0.0148621
-0.000701904
-0.000198364
-0.0187683
-0.0085144
-0.00462341
-0.00610352
0.000213623
0.00653076
-0.0130005
-0.0198517
0.00112915
-0.0144958
-0.00959778
-0.00862122
-0.0037384
0.000183105
0.0114136
-0.0105591
0.00457764
-0.0149384
-0.01297
-0.00611877
0.0114441
-0.0085907
-0.0139618
-0.0212708
-0.0139313
-0.013916
-0.00608826
-0.00512695
-0.0134277
0.000244141
-0.00363159
-0.00218201
-0.00610352
-0.0139008
-0.013916
-0.0148926
-0.00216675
-0.00460815
0.000762939

[103]
0.000274658
-0.0129242
-0.0168152
-0.0124359
-0.00215149
-0.00996399
-0.00508118
-0.00752258
-0.00360107
-0.0119019
-0.0104523
-0.00558472
-0.00164795
-0.0153351
-0.00949097
0.000274658
-0.0124207
-0.00314331
-0.010437
0.000793457
-0.00848389
-0.0040741
-0.0138397
-0.00262451
-0.00602722
0.0022583
-0.0148163
-0.0157928
-0.0187073
-0.00456238
0.00372314
-0.00749207
-0.0153046
-0.00700378
-0.0065155
-0.0065155
-0.00262451
-0.0114288
-0.0070343
-0.0153198
-0.00749207
-0.00798035
-0.00650024
-0.00991821
-0.0050354
-0.00308228
0.000823975
-0.00991821
-0.000656128
-0.00942993

[104]
-0.0157928
-0.0104218
-0.00653076
0.000793457
-0.00849915
-0.0143738
-0.00997925
-0.00558472
-0.00804138
-0.0124359
-0.013916
-0.00465393
-0.000747681
-0.010025
-0.0202789
-0.00564575
-0.0144196
-0.00563049
0.000228882
-0.00613403
-0.00514221
-0.00758362
-0.00125122
-0.010025
-0.0110168
-0.00172424
-0.00953674
-0.0207825
-0.00564575
-0.00418091
-0.00468445
-0.0154419
-0.00811768
-0.00517273
-0.0115356
-0.0168915
-0.017868
-0.00761414
-0.00810242
0.00117493
-0.0154114
-0.00614929
0.0045929
-0.0125122
-0.0110321
-0.00367737
0.000228882
-0.00416565
-0.0134277
-0.00756836

[105]
-0.0139313
-0.0110016
-0.0134277
-0.00218201
-0.000747681
-0.00418091
-0.0110168
0.00119019
-0.00367737
-0.0163879
-0.00953674
-0.0071106
-0.00708008
0.00559998
-0.0153961
-0.0168457
-0.0124512
-0.00805664
-0.0110016
-0.00952148
-0.000244141
-0.0104828
-0.00753784
0.000747681
-0.00120544
0.000289917
-0.00360107
0.00469971
-0.00457764
-0.00752258
-0.0162659
-0.0128784
-0.0172882
-0.00801086
-0.00752258
-0.00312805
-0.022171
-0.00265503
-0.0148621
-0.0153351
-0.00605774
-0.0104675
-0.0148468
-0.00947571
-0.013382
-0.0138702
0.000259399
-0.00706482
0.00271606
-0.0114594

[106]
-0.000717163
0.00563049
-0.0148621
0.00271606
-0.0134125
0.00564575
-0.00752258
-0.00801086
-0.00946045
-0.00799561
-0.013855
-0.0113983
-0.00845337
-0.00553894
-0.0187378
-0.000656128
-0.00749207
-0.0119019
-0.00506592
-0.00457764
-0.00798035
-0.0040741
-0.0119019
-0.00506592
-0.00848389
-0.00262451
0.00468445
-0.013382
0.000778198
-0.00265503
-0.0172729
-0.00410461
-0.00656128
-0.00949097
-0.0124207
-0.0143738
-0.00219727
-0.0163269
0.00563049
-0.014389
-0.00852966
-0.00804138
-0.0114594
-0.00462341
-0.00169373
-0.0187836
-0.0133972
-0.00752258
-0.00553894
-0.0118866

[107]
-0.0163116
-0.00946045
-0.000671387
-0.00654602
-0.00753784
-0.00364685
0.010025
0.00172424
-0.00460815
0.00416565
-0.0168457
-0.0197754
-0.00317383
-0.0168304
-0.00854492
-0.00660706
-0.00564575
-0.000762939
-0.01297
-0.0164032
-0.00370789
-0.00222778
0.00215149
-0.0110321
-0.0120087
-0.0110168
-0.00564575
-0.0164032
-0.00663757
-0.0149231
-0.0100403
-0.0105286
-0.00663757
0.00117493
-0.00468445
-0.0120087
-0.00419617
-0.00566101
-0.0120239
-0.0154572
-0.00959778
-0.00325012
-0.00228882
-0.0125275
-0.0154724
-0.00523376
-0.00865173
-0.00178528
0.00358582
-0.00520325

[108]
-0.00227356
0.00405884
-0.00231934
-0.0057373
-0.00965881
-0.0155029
-0.0145264
0.00012207
-0.0106049
-0.0115662
-0.0252533
-0.001297
-0.0159454
-0.00958252
-0.00762939
-0.00325012
0.00210571
-0.0120392
-0.00860596
-0.0100708
-0.0169067
-0.000320435
-0.000808716
-0.0149689
-0.0120392
-0.00860596
-0.00761414
-0.00614929
-0.00421143
-0.0022583
0.000717163
-0.0183411
-0.0071106
-0.00953674
0.00463867
0.00561523
-0.0115051
-0.00318909
-0.00273132
0.00117493
-0.00177002
-0.00811768
-0.0032196
-0.00759888
-0.00517273
-0.00712585
-0.0105591
-0.0139618
-0.000289917
0.00701904

[109]
-0.00128174
-0.00468445
-0.00665283
-0.00566101
-0.0100555
-0.00469971
-0.0193329
-0.0154266
-0.00663757
0.00119019
-0.0183411
0.00950623
-0.00463867
0.00123596
-0.00364685
-0.00508118
0.00810242
-0.00509644
0.00125122
-0.00411987
-0.00999451
-0.00608826
-0.00169373
-0.00364685
-0.00463867
-0.0124512
-0.0012207
-0.0158691
0.0012207
-0.00610352
-0.0197754
0.00366211
-0.0119476
-0.00657654
-0.0109711
-0.00415039
-0.0109711
-0.00656128
-0.0109558
-0.00117493
-0.00411987
-0.0153198
-0.00799561
0.001297
-0.0104065
-0.00601196
-0.00308228
-0.00502014
-0.0108795
-0.0133209

[110]
-0.0128326
-0.0133057
-0.0133209
-0.0050354
-0.0157776
0.0027771
-0.0157623
-0.00502014
-0.0177155
-0.00160217
-0.00695801
-0.00791931
-0.00598145
-0.00549316
-0.00352478
-0.0172119
-0.0035553
-0.0050354
-0.00306702
-0.0157471
-0.00500488
-0.0137939
-0.00598145
-0.0157623
0.0096283
-0.0157471
0.0018158
-0.0123444
-0.00404358
0.0018158
-0.0172272
0.00862122
0.00276184
-0.0133514
-0.0133514
-0.00311279
-0.0157928
-0.0119019
-0.0162811
-0.00799561
-0.00166321
-0.0070343
-0.0055542
-0.00114441
-0.00993347
0.0037384
-0.00653076
0.0037384
-0.00990295
-0.015274

[111]
-0.00646973
-0.00256348
-0.00549316
-0.00500488
-0.00598145
-0.010849
-0.0132904
-0.00744629
-0.0147858
-0.00354004
-0.00305176
-0.0035553
-0.0138092
-0.00990295
-0.0103912
-0.00746155
-0.00112915
-0.0108948
-0.00746155
-0.0133209
-0.0103607
0.00233459
-0.0098877
-0.00842285
-0.0128174
-0.0059967
0.00230408
0.000823975
-0.0035553
-0.0113831
-0.0050354
-0.000640869
-0.00749207
0.000320435
-0.00942993
-0.0108948
-0.0128479
-0.00598145
-0.00645447
-0.0103455
-0.00450134
-0.00596619
-0.00793457
0.00622559
-0.00794983
-0.0133209
-0.0059967
-0.014801
-0.00114441
-0.00845337

[112]
0.000808716
-0.01091
-0.0040741
-0.0065155
-0.0118713
-0.0133667
-0.00700378
-0.0143127
0.0037384
-0.0143433
0.00518799
0.00273132
-0.0104828
-0.0124359
-0.0124359
-0.0139008
-0.00657654
-0.0114594
-0.000717163
0.00222778
-0.0305023
-0.0129242
-0.00852966
0.000747681
-0.0114594
-0.00952148
-0.00997925
-0.006073
-0.0236511
-0.00413513
-0.00805664
-0.00804138
-0.00265503
-0.00169373
0.00267029
-0.00660706
-0.009552
-0.0115051
0.000228882
-0.0109863
-0.0114746
-0.00170898
0.000244141
-0.000732422
-0.0168304
-0.00509644
-0.000717163
-0.0075531
-0.000228882
0.00221252

[113]
-0.00509644
-0.0114441
-0.00169373
-0.00315857
-0.0143738
0.00662231
-0.00654602
-0.000686646
0.00273132
-0.0119324
-0.0162964
-0.0148163
0.00128174
0.00227356
-0.00846863
-0.010437
-0.0221558
-0.0153351
-0.00312805
-0.0163116
-0.00556946
-0.0192413
-0.00605774
-0.0114136
-0.00605774
0.0017395
-0.00949097
-0.00169373
-0.0143738
-0.00558472
-0.00558472
0.0017395
0.00318909
0.000747681
-0.00169373
-0.00558472
-0.00120544
-0.0217133
-0.00364685
0.00267029
-0.00466919
-0.0134735
0.00115967
-0.0134735
-0.00222778
-0.0115051
-0.010025
-0.0202637
-0.00415039
-0.0100098

[114]
-0.00708008
-0.00462341
-0.00169373
-0.00120544
-0.00559998
-0.0119476
-0.00558472
-0.00706482
-0.00756836
-0.00172424
-0.0119629
-0.00221252
-0.00170898
-0.0158539
-0.00511169
-0.0158386
-0.00509644
-0.00656128
-0.0119324
0.010025
-0.0139008
0.00221252
-0.0129395
-0.00462341
-0.0104675
-0.00363159
-0.0187683
-0.006073
0.00761414
-0.00558472
0.000747681
0.000747681
-0.0119629
0.000732422
-0.0183105
-0.0241547
-0.0134125
-0.00363159
-0.00802612
-0.00509644
-0.00604248
-0.00360107
-0.0128937
-0.0055542
-0.0123901
-0.00164795
-0.00996399
-0.00457764
-0.0128784
-0.00311279

[115]
-0.0123901
-0.0143585
-0.00653076
0.0022583
-0.0153046
-0.00701904
-0.0128632
-0.0108948
-0.00259399
0.00228882
-0.00698853
-0.0177155
-0.00794983
-0.00259399
-0.00598145
-0.00549316
-0.0147705
-0.0108643
-0.00791931
0.00524902
-0.0128021
-0.0196228
-0.00108337
0.00378418
0.012085
-0.00450134
-0.0122986
0.00334167
-0.0127869
-0.0132904
-0.00744629
-0.014267
-0.00645447
-0.0210876
-0.00593567
-0.00788879
-0.0142365
0.00187683
-0.00932312
-0.00689697
0.0058136
0.00384521
-0.00637817
-0.00834656
-0.00639343
-0.00639343
-0.00445557
-0.0122681
-0.0117798
-0.00494385

[116]
-0.00643921
-0.00447083
-0.00202942
-0.00787354
-0.00837708
0.00135803
-0.0118103
-0.00349426
-0.00790405
-0.00402832
-0.00209045
0.0135345
0.00375366
-0.0108948
-0.0040741
0.00765991
0.00180054
-0.00698853
-0.0103912
-0.0108795
0.00180054
-0.00845337
-0.00843811
-0.00404358
-0.00939941
-0.0118408
-0.0118408
-0.0098877
0.00328064
-0.00697327
-0.00746155
-0.00941467
-0.00210571
-0.0177307
-0.00698853
-0.0108795
-0.000137329
-0.0143127
-0.00357056
-0.00698853
-0.00794983
-0.0108643
0.000366211
0.000854492
-0.00306702
-0.00750732
-0.00947571
-0.00997925
-0.0104523
-0.00263977

[117]
-0.0207062
-0.0143433
0.00372314
-0.0153198
-0.0109253
-0.000671387
-0.0109406
-0.00361633
-0.00363159
-0.0119324
0.00271606
-0.00509644
-0.00704956
-0.00361633
-0.00263977
-0.00263977
-0.00654602
-0.00363159
0.00465393
-0.01828
-0.0153656
-0.00314331
-0.0129242
-0.00804138
-0.0144043
-0.00367737
-0.009552
-0.0134735
-0.0134735
-0.00958252
-0.00759888
0.00314331
-0.00126648
-0.0100555
-0.00370789
-0.0085907
-0.00663757
-0.0105438
-0.00515747
-0.00515747
-0.0115204
-0.0017395
0.00901794
-0.00515747
-0.00663757
-0.0134735
-0.000274658
-0.016861
-0.0227203
-0.0129547

[118]
-0.0188141
0.00315857
-0.0158997
-0.00759888
-0.0032196
-0.00370789
-0.0080719
-0.00271606
-0.00564575
-0.00369263
-0.0212708
-0.00613403
-0.00123596
0.00561523
-0.00608826
0.00512695
-0.0187988
-0.0222321
-0.00172424
-0.00514221
-0.01297
-0.0144348
0.00263977
-0.00421143
-0.0178833
-0.0110321
-0.0110321
-0.0134583
-0.0178375
-0.0129395
-0.0119629
-0.0158539
-0.0187836
-0.00559998
-0.00314331
-0.00312805
-0.00166321
-0.00215149
-0.00457764
-0.00457764
-0.00944519
-0.0187378
-0.0158081
-0.00996399
0.00370789
-0.00262451
-0.017746
-0.00698853
-0.0274811
0.000335693

[119]
-0.00550842
-0.00454712
-0.00210571
-0.00602722
0.00323486
-0.0124207
-0.00704956
-0.0236359
-0.0172729
-0.00360107
-0.00798035
-0.00212097
0.00617981
-0.0182495
-0.000183105
-0.00846863
0.0139771
-0.00506592
-0.0109253
-0.00212097
-0.00112915
-0.00505066
-0.0123901
-0.0118713
-0.0167542
-0.00354004
-0.0201416
-0.00596619
0.00183105
-0.0176697
-0.0127716
-0.0191193
-0.00253296
-0.0093689
-0.0171661
-0.00300598
-0.00544739
-0.00691223
0.00088501
-0.00205994
0.00965881
-0.0103607
-0.0196228
-0.0171814
-0.0245209
0.000869751
-0.00596619
0.00479126
-0.0137634
0.00137329

