[1]
1.19926
0.270264
0.282379
0.367569
0.461243
0.603928
0.716675
0.882843
0.746201
0.686737
0.182297
0.319
-0.458893
-0.79306
-0.335449
-0.552032
-0.698608
-0.708969
-0.585556
-0.478882
-0.370972
-0.263412
-0.030899
0.267929
0.489853
0.845764
1.09442
1.12537
1.12418
0.928024
0.700592
0.602325
0.518127
0.427231
0.369705
0.211548
0.244156
-0.052887
0.266449
1.07744
0.495361
0.0301056
-0.0622253
-0.0599823
-0.0134277
0.059906
0.0836487
0.0412903
0.0431061
-0.0644073

[2]
-0.00344849
0.0120544
0.0115967
0.00378418
-0.0126343
-0.00701904
-0.00421143
0.0307312
0.0375824
0.0464478
0.0675201
0.0941162
0.162766
0.279297
0.277908
0.404953
0.457504
0.557983
0.78064
1.07126
1.08961
1.1113
0.481293
0.695587
0.076355
-0.449997
-0.422653
-0.566483
-0.863312
-0.962677
-0.883057
-0.794479
-0.715057
-0.65033
-0.543579
-0.400467
-0.17627
0.252106
0.757736
1.11615
1.17761
1.23276
1.26067
0.909531
1.23508
-0.563156
0.856033
0.810547
0.44754
0.340775

[3]
0.282776
0.0185699
0.181458
0.0506439
-0.0093689
0.00366211
0.00595093
0.0323792
0.00575256
-0.0103912
-0.0177002
-0.010849
-0.0156708
0.0285492
0.0353851
0.00701904
0.0214996
0.0230408
0.0757294
0.144913
0.216324
0.286133
0.355713
0.413589
0.564774
0.779755
1.04198
1.05457
1.0705
0.615646
0.804001
0.174133
-0.788467
-0.479065
-0.356522
-0.750641
-0.940933
-0.914688
-0.832611
-0.785873
-0.709488
-0.594254
-0.440704
-0.184479
0.27919
0.938416
1.16408
1.23689
1.29434
1.32216

[4]
1.07176
0.935989
-0.198044
0.302444
1.12271
0.5672
0.38295
0.194916
0.110947
0.0830994
-0.0246124
0.0201874
0.122711
0.0518494
0.00643921
0.0426636
0.0549622
0.0392914
0.0263214
0.0506439
0.0572662
0.0418701
0.143677
0.167511
0.176865
0.239914
0.324936
0.374054
0.392853
0.499863
0.714111
1.04582
1.05653
1.07417
0.564819
0.713257
-0.714706
-1.88963
-0.121048
-0.724823
-0.947235
-0.977783
-0.850601
-0.789429
-0.649124
-0.525864
-0.333603
-0.0274658
0.485703
1.1498

[5]
1.22984
1.3055
1.35493
1.25694
1.35239
0.5401
0.0475006
0.856857
1.04773
0.715073
0.131287
0.221222
-0.00770569
-0.0680695
0.0292053
0.0262756
0.0712128
0.0500336
0.039978
0.0530548
0.0410156
0.0368195
0.0401001
0.0617828
0.0309448
0.147308
0.147293
0.141937
0.191071
0.225784
0.321411
0.372971
0.416428
0.585449
1.03099
1.04131
1.05402
0.950073
0.687653
-0.414276
0.904846
-0.406601
-0.375778
-0.801682
-0.945023
-0.82196
-0.802902
-0.711792
-0.638992
-0.477341

[6]
-0.253372
0.103958
0.744873
1.21175
1.29532
1.36848
1.40645
1.08705
0.882385
0.37442
0.318405
1.11661
0.856934
0.38205
0.517929
0.0709686
0.267731
-0.0478363
0.0477142
0.0417328
0.0474701
0.0211639
0.0211792
0.0333252
0.0559692
0.0743561
0.0392914
0.0473175
0.06073
0.0861511
0.110168
0.211411
0.277695
0.405472
0.441895
0.474243
0.586685
0.98143
1.04454
1.0565
0.966278
0.885071
-0.0160828
-0.221008
-2.37097
-0.0158691
-1.03963
-0.991959
-0.983444
-0.849792

[7]
-0.761322
-0.619385
-0.492447
-0.309464
0.0546417
0.631744
1.18765
1.27106
1.34712
1.39037
1.37624
1.36046
-0.113785
0.679184
1.12311
0.837082
0.329376
0.451385
-0.0673981
0.204025
0.0503082
0.0718536
0.0731964
0.059021
0.0531158
-0.0107422
-0.0122986
0.0398102
0.0637207
0.0563965
0.0124512
0.0316315
0.0444336
0.0804443
0.119949
0.141403
0.204803
0.329056
0.410568
0.496948
0.659897
0.922058
1.03348
1.04482
1.06091
0.83461
0.494949
-1.27647
0.0744629
-0.368805

[8]
-0.854172
-0.984421
-1.01909
-0.907883
-0.840927
-0.738678
-0.659317
-0.494232
-0.287888
0.113312
0.687256
1.18236
1.2596
1.3246
1.35574
1.16612
1.31808
-0.890442
0.93689
0.982437
0.513184
0.447266
0.177734
0.125748
0.212616
-0.0111542
0.00257874
0.0275421
0.0808258
0.0232544
-0.0136108
0.0637054
0.0728607
0.0444183
0.0602722
0.0644379
0.0522003
0.126968
0.124298
0.187805
0.170395
0.297974
0.423035
0.440033
0.478119
0.75856
1.03993
1.05081
1.06689
1.0546

[9]
0.714737
-0.943771
0.868256
-0.569153
-0.574188
-0.957275
-1.01208
-0.901199
-0.880661
-0.763168
-0.676987
-0.467194
-0.210129
0.223343
0.77861
1.2207
1.30017
1.36205
1.33232
1.14334
0.952087
0.095993
0.594086
0.517075
1.2878
0.342087
0.775696
0.107269
0.297348
-0.0820923
0.0809174
0.107208
0.0144958
0.0179138
0.0183563
0.067749
0.0913544
0.0754089
0.0321655
0.0576019
0.0789795
0.106934
0.087265
0.100967
0.230118
0.418015
0.469696
0.496231
0.402115
0.779999

[10]
1.02934
1.03906
1.04305
0.779373
0.34436
-0.678284
0.400192
-0.391235
-0.642319
-0.962189
-0.969086
-0.881287
-0.794571
-0.684464
-0.589371
-0.382141
-0.132233
0.289963
0.920197
1.27693
1.36575
1.43828
1.47546
1.36682
1.27367
-0.107895
1.392
1.25064
0.285538
0.396851
0.229706
0.145615
0.146637
0.118546
0.139862
0.0490875
0.0625458
0.0258484
0.0611267
0.101227
0.088913
0.0663757
0.0720978
0.0595856
0.103577
0.0928955
0.178757
0.188065
0.240601
0.423355

[11]
0.501678
0.52652
0.768204
1.02652
1.03609
1.04733
0.994186
0.553543
-0.905777
-0.104294
-0.247284
-0.81723
-1.06226
-0.98613
-0.886917
-0.800156
-0.705994
-0.584961
-0.361923
-0.0954742
0.493866
1.13454
1.28023
1.3699
1.43503
1.41586
1.09616
1.20714
-0.193359
0.628906
1.23199
0.774719
0.695465
0.195236
0.0899048
-0.00762939
0.0517883
0.0441132
0.066864
0.0292511
0.00917053
0.0515747
0.0359344
0.0489655
0.0445557
0.0836029
0.0829163
0.0918579
0.114594
0.133041

[12]
0.158066
0.270599
0.387955
0.427551
0.508209
0.622009
1.02808
1.03755
1.04749
0.905045
0.795456
0.0403748
-0.529663
-1.58711
-0.287018
-1.0081
-0.944687
-0.917358
-0.848053
-0.717255
-0.616409
-0.461044
-0.315948
0.0604401
0.838409
1.18939
1.27069
1.3481
1.39615
1.09512
1.07298
0.958466
-0.903214
0.783737
1.08693
0.906235
0.20459
0.391449
0.066452
0.193634
-0.0571594
0.0775909
0.0175171
0.0715332
-0.0413513
-0.0291443
0.0170135
0.0635071
0.0657501
0.0276337

[13]
0.0313263
0.0482483
0.0941315
0.116882
0.149017
0.147156
0.234894
0.415237
0.474503
0.548767
0.708252
1.03455
1.04732
1.05896
0.85997
1.03615
-0.381485
-0.195557
-0.472977
-0.782623
-0.998093
-0.989853
-0.981979
-0.903778
-0.772583
-0.664505
-0.510498
-0.308853
0.120285
0.803116
1.1808
1.25949
1.32913
1.36325
1.27037
0.967209
-0.151657
1.12808
0.890793
0.517349
0.50383
-0.000152588
0.117844
0.0935211
0.0226288
0.0176392
0.0535126
0.0765533
-0.0108185
-0.00932312

[14]
0.0691528
0.073349
0.0368958
0.046936
0.0740814
0.0904541
0.0800476
0.181458
0.144516
0.182327
0.368332
0.452698
0.438263
0.61438
0.954132
1.03308
1.04332
1.05986
0.642029
0.496521
-0.799271
-1.43013
-0.288864
-0.990005
-0.997025
-0.943329
-0.893555
-0.780609
-0.69574
-0.51796
-0.335846
0.0474396
0.912857
1.16473
1.24193
1.313
1.35625
1.35501
0.994125
1.28928
-1.21843
0.678177
0.933533
0.809464
0.227066
0.753357
0.113174
0.197952
-0.20668
0.0982361

[15]
0.0366058
-0.00570679
-0.00727844
-0.039032
0.0161285
0.0478821
0.0271149
0.0117645
0.0257263
0.0569611
0.0891418
0.138885
0.146484
0.231461
0.327896
0.399048
0.466202
0.593948
0.823227
1.03844
1.05074
1.06824
0.925797
0.875702
-0.959412
-0.176941
-0.195267
-0.768723
-1.01062
-0.922089
-0.870682
-0.784409
-0.606354
-0.424561
-0.168533
0.298447
0.759644
1.15988
1.23656
1.30652
1.35112
1.12979
0.992432
0.997818
-0.0619354
0.841568
1.26888
0.69252
0.35672
0.21199

[16]
0.116104
0.133804
0.062088
0.0475311
0.0244446
0.0511627
0.0218201
0.0260925
0.0551758
0.062851
0.0447235
0.0382996
0.0490112
0.0640411
0.14006
0.171753
0.193176
0.247421
0.322525
0.406647
0.493927
0.665253
1.03731
1.04787
1.05914
0.913864
0.816223
-0.0602722
-0.292999
-1.03615
-0.342484
-0.959808
-0.987381
-0.917297
-0.877182
-0.759674
-0.713287
-0.542084
-0.294876
0.252441
0.757309
1.14008
1.21103
1.27074
1.3075
1.29541
1.29608
0.0971985
0.869553
1.16199

[17]
0.607697
0.184753
0.378128
-0.0168457
0.119507
0.0652618
0.0211945
-0.00453186
0.105408
0.0110779
0.00402832
0.0467529
0.0502777
0.0562744
0.0530853
0.0236053
0.043457
0.0907898
0.112442
0.165817
0.219147
0.348755
0.398636
0.44043
0.504364
0.880127
1.05087
1.06528
1.08235
0.9823
0.928513
-0.891388
0.202179
-0.391373
-0.901215
-1.00319
-1.00276
-0.817978
-0.77359
-0.650497
-0.485001
-0.282349
0.197418
0.534454
1.09019
1.20044
1.25714
1.30019
1.24649
1.0013

[18]
0.839264
0.718307
0.439911
0.161453
-0.352692
1.19513
1.04845
0.459702
0.210129
0.0774078
-0.0159302
-0.00184631
0.0145721
0.0614319
-0.0131683
-0.0288544
0.0386658
0.0582428
0.0376282
0.0328979
0.0563202
0.11319
0.148071
0.170273
0.189865
0.214951
0.311508
0.415024
0.495728
0.663315
1.03784
1.04811
1.0619
0.559265
1.02708
-0.7202
0.900925
-0.538971
-0.726364
-0.982727
-1.00545
-0.871201
-0.844315
-0.697723
-0.601013
-0.431213
-0.071167
0.393234
0.924286
1.19818

[19]
1.2692
1.32289
1.28618
1.16217
1.22362
0.0379944
0.457886
0.633743
0.991486
0.313721
0.353531
0.0605469
0.0704346
0.0899048
0.0276184
0.0280457
0.0770111
0.026886
0.00448608
0.0270844
0.0334778
0.0522919
0.055542
0.0517731
0.0345306
0.0718689
0.102646
0.108673
0.0600433
0.160568
0.178848
0.322739
0.39444
0.488388
0.799713
1.03522
1.04485
1.05659
0.580185
0.534119
-0.126968
-0.421219
-0.588425
-0.496124
-0.893265
-0.916412
-0.891251
-0.816391
-0.712921
-0.673645

[20]
-0.526123
-0.308243
0.0536804
0.74559
1.1051
1.20482
1.27122
1.32225
1.34904
1.02356
1.25444
-0.156479
0.60289
0.699646
0.805511
0.372986
0.303986
0.107239
0.0978088
0.0859375
0.0515442
0.0730591
0.0596619
0.0446777
0.00611877
-0.0466766
0.0166168
0.0462799
0.053894
0.0429993
0.0417938
0.0281525
0.0621338
0.0848999
0.0969086
0.164062
0.289764
0.39064
0.45433
0.495331
0.665268
1.03224
1.04393
1.05611
1.07449
0.339813
0.187408
-0.584167
-0.960648
-0.354477

[21]
-0.889938
-0.907227
-0.86264
-0.798157
-0.678864
-0.584991
-0.425156
-0.237793
0.151443
0.674179
1.0399
1.20885
1.27606
1.32272
1.2722
1.11208
0.976669
0.00263977
0.461792
0.857452
0.687653
0.357758
0.0771332
0.360626
0.224609
0.102432
0.00152588
0.0507812
0.0214691
0.0365295
-0.0295868
-0.0386505
0.00596619
0.0557709
0.0563507
0.0425262
0.0635071
0.0726624
0.140762
0.150513
0.189301
0.279083
0.408325
0.498383
0.58429
0.77681
1.0394
1.05223
1.06682
0.870773

[22]
0.844788
-0.968933
-0.57402
0.106842
-0.90004
-0.94516
-0.931442
-0.861618
-0.770187
-0.646744
-0.508957
-0.335602
0.00398254
0.591553
1.16307
1.24181
1.31912
1.36786
1.32349
1.37349
0.885254
-0.0135803
1.23207
1.24977
0.0428925
0.751831
-0.023056
0.192719
0.0413513
0.0101624
-0.0101013
0.103897
0.0135803
0.012558
0.0215149
0.0673981
0.0185242
0.02565
0.0696716
0.0783386
0.105286
0.181976
0.229919
0.244278
0.386276
0.43895
0.521439
0.667358
0.999664
1.04692

[23]
1.06049
0.971146
0.532562
-0.0607452
1.10707
-0.312729
-0.664398
-1.02284
-0.965347
-0.873245
-0.755737
-0.665497
-0.567749
-0.373306
-0.050705
0.6521
0.839417
1.23686
1.31853
1.38443
1.42209
1.30122
1.37828
-0.394257
0.480301
1.15002
1.05811
0.320618
0.482834
0.196686
0.294601
0.0110779
0.0305939
0.0923004
0.0749207
0.0235901
-0.0122681
0.0340118
0.0581055
0.0645142
0.0425415
0.0682526
0.0613556
0.125961
0.141556
0.20784
0.276245
0.434631
0.514038
0.58017

[24]
0.806168
1.02695
1.03659
1.04814
0.7108
0.745178
-1.133
-2.02975
0.112411
-0.960968
-0.954666
-0.897842
-0.877075
-0.780411
-0.675339
-0.492798
-0.32399
0.0930634
0.805252
1.18367
1.26558
1.33876
1.38318
1.34685
1.36383
0.216492
0.56337
1.01433
1.14326
0.384171
0.677231
-0.000518799
0.124985
-0.12973
0.0957031
-0.0355225
0.0861664
-0.0152893
0.0155182
0.0299377
0.0365448
0.0384979
0.020874
0.0560455
0.0540314
0.102692
0.162598
0.193222
0.289337
0.456284

