[1]
-0.0544128
-0.0680389
0.428101
-0.367645
-0.393845
-0.27066
-0.143036
0.179459
0.0717926
-0.00221252
-0.174637
-0.14769
0.0650482
0.106781
0.0195465
-0.0268707
-0.0463715
-0.0237427
-0.0513
-0.102875
-0.0199738
-0.00158691
0.0487213
0.0132446
-0.0318298
-0.0662689
-0.0171204
0.0816498
0.0167847
-0.0630035
-0.0149536
0.00248718
0.0423889
0.0273132
-0.0522919
-0.193726
-0.517395
-0.470047
-0.593933
-0.184921
-0.308777
-0.241165
-0.341751
-0.302521
-0.359512
-0.174301
-0.0971527
-0.0427246
-0.0147705
-0.0326691

[2]
-0.0265198
0.0259247
0.0181427
0.067276
0.0243225
-0.000717163
-0.0706635
-0.0512238
0.74086
0.289047
-0.221191
0.0853271
0.863052
0.874054
0.1035
0.566788
0.296661
-0.638458
-0.164734
0.113251
0.137238
0.117996
0.074234
-0.203339
-0.267059
-0.0540619
0.12941
0.182297
0.014389
-0.0537109
-0.0760803
-0.100266
-0.0917816
-0.261993
-0.175385
0.010788
0.172012
0.353745
0.194382
-0.0627136
-0.179703
-0.109421
0.117554
0.152634
0.0202179
0.00683594
0.0052948
-0.17511
-0.508682
-0.522156

[3]
-0.593979
-0.199005
-0.153351
-0.222107
-0.593719
0.0180817
-0.0563354
0.0613251
0.00588989
0.000915527
0.0120544
0.0736084
0.0206299
0.0404663
-0.0224457
0.207092
0.391556
0.273575
0.472549
0.932602
0.564377
0.089386
-0.530533
0.734329
-0.30246
0.32608
0.0984497
-0.20491
-0.233536
-0.0493927
0.0123291
0.0787048
0.0660095
-0.0520172
0.00733948
-0.0455933
0.0738373
0.027359
-0.0188293
-0.00498962
-0.0302734
-0.0552521
-0.0520782
0.0155334
-0.00389099
-0.0506744
-0.0595856
-0.0836945
-0.0951996
-0.0681763

[4]
0.0787201
0.192215
0.173904
0.162506
0.00816345
-0.431229
-0.788879
-1.26572
-0.441055
-0.354736
-0.427979
-0.554886
-0.0548859
-0.224487
-0.084671
-0.00463867
0.0109253
-0.0922089
-0.0452728
-0.0489349
0.0585785
0.152649
0.120651
0.1689
0.236511
0.147339
0.260406
0.730637
0.505646
-0.291962
0.30162
-0.420013
1.58356
-0.380203
0.603531
0.0735168
-0.312042
-0.296707
-0.0395508
0.144012
0.0803833
0.11174
-0.0217133
-0.0483551
-0.0203705
0.023056
0.0243378
-0.0140686
-0.0519562
-0.10199

[5]
-0.0530243
0.144608
0.214005
0.0108643
-0.141769
-0.19368
-0.10144
-0.0150146
0.0636139
0.0768433
0.0752716
0.0379944
0.0289459
-0.687515
-0.704346
-1.01349
-0.687653
-0.796173
-0.0222778
-0.0101471
-0.0719452
0.179398
0.127548
0.0299225
0.0784454
0.0380707
0.02388
-0.043457
0.0413513
0.149231
0.012207
-0.143005
-0.0830994
0.113235
0.427597
0.0210266
0.555328
0.707474
0.4702
1.21089
-1.01569
0.176208
0.731552
-0.232956
-0.0260773
-0.139725
0.155365
-0.0532379
0.0932922
0.0519867

[6]
0.00418091
-0.0877533
-0.0136871
-0.0137024
0.0445709
0.0166168
-0.0325012
0.0112457
0.0335083
0.00732422
-0.102066
-0.159302
-0.0285339
-0.006073
0.0172424
0.00390625
0.0543976
0.0937042
-0.049057
-0.400635
-0.868225
-0.944031
-0.699509
-0.58847
-0.336685
-0.120941
-0.339478
-0.156906
-0.065094
-0.0258942
0.0441742
-0.0209656
-0.00183105
-0.0425568
-0.0426636
0.0479584
0.0896301
0.0799408
0.13826
0.411942
0.777664
0.419846
0.912643
0.471634
0.0118866
0.45607
-0.000137329
0.882721
-0.10788
-0.317535

[7]
-0.138992
0.258499
0.11853
-0.0800323
-0.0157166
0.0125427
0.0646515
-0.0713348
0.0245209
0.0688171
0.0586853
0.0541077
-0.033844
-0.168472
-0.0190277
-0.0417938
-0.0843811
-0.024231
0.141495
0.160629
-0.0648041
-0.213806
-0.157669
-0.54863
-0.275528
-0.215866
-0.441696
-0.421097
-0.903763
-0.12117
0.0305481
-0.0830231
-0.0383759
-0.00531006
0.0619659
0.0794373
-0.0204468
0.0284119
-0.0279083
0.00991821
0.178665
0.196854
0.193192
0.595917
0.572922
0.471405
0.412643
1.17329
-0.11351
-0.918076

[8]
1.33275
0.0228271
-0.638092
-0.20134
0.0622559
0.417175
0.129166
-0.0973053
-0.246445
-0.0816498
0.0479431
0.126923
0.141525
0.0599976
-0.0205994
0.011322
0.0662537
0.0793762
-0.0323639
-0.0703125
-0.110336
-0.110138
-0.0368347
0.0962219
0.195663
0.212265
0.0322113
-0.189896
-0.302368
-0.317657
-0.151611
-0.380234
-0.675461
-0.665131
-0.637131
-0.790787
-0.390244
-0.144943
-0.00239563
-0.210693
0.0285645
-0.0419159
0.0768738
0.0453796
-0.0275269
-0.0305023
-0.139816
0.129501
0.085556
0.109024

[9]
0.162399
0.531708
1.03529
0.532074
0.856079
0.00805664
-0.164581
1.22374
-0.20108
0.297501
0.101791
-0.029007
-0.214584
-0.00891113
0.0128021
0.0247192
0.0323181
-0.0349121
0.0405121
0.0727386
0.0361786
0.00326538
0.0282288
0.0596161
-0.0115204
-0.0634155
-0.0449677
0.0165253
0.0667877
0.00712585
0.0131378
-0.111816
-0.25148
-0.0520782
0.130646
0.159073
0.116882
-0.185318
-0.486099
-0.457474
-0.81459
-0.545639
-0.706024
-0.332321
-0.210648
-0.216492
-0.245758
-0.141296
-0.131653
-0.0893402

[10]
-0.0561523
-0.0467834
-0.0378418
-0.072464
-0.0243225
0.111816
0.210342
0.28363
0.438049
1.11432
0.908936
0.227798
0.604843
-0.714447
1.26193
0.659454
0.236969
0.0488739
-0.2379
-0.24823
-0.280151
0.268417
0.239471
-0.0166931
-0.0429077
-0.0792847
-0.000930786
0.0301361
-0.054657
-0.0106201
0.10524
0.13501
0.0990601
-0.0391998
-0.149048
-0.124496
-0.121841
0.0330505
0.232773
0.179642
-0.013855
-0.0863342
-0.168121
-0.10553
-0.1026
-0.374878
-0.774338
-0.659882
-0.550903
-0.623276

[11]
-0.447922
-0.488632
-0.209732
0.115738
0.00993347
-0.00419617
0.11174
0.0676422
0.0199127
-0.12738
0.0920105
0.0952301
-0.0598145
0.0780182
0.593735
1.03708
0.00932312
0.625763
0.625519
-0.0793152
1.10469
-0.632202
0.14006
0.114334
-0.719269
0.378479
0.218231
0.250504
0.0906219
-0.142853
-0.00947571
0.118179
0.081543
0.00141907
-0.0796204
-0.00909424
0.0264282
0.0268402
-0.00735474
0.00646973
-0.0872803
-0.160248
-0.00874329
0.0931091
0.0804749
0.0141144
-0.109924
-0.0590363
0.0931396
0.144958

[12]
-0.21106
-0.779755
-0.178375
-0.473785
-0.660004
-0.576935
-0.255981
-0.226685
-0.117081
-0.150284
-0.136337
-0.100479
-0.0219116
0.0134583
-0.0268555
0.0343018
0.0453644
0.0584259
0.210724
0.239792
0.25444
0.449142
0.582031
0.441681
0.370499
0.634277
0.0386353
0.859116
0.397995
0.0618286
-0.361526
-0.185364
0.142075
0.0553894
-0.126678
-0.0720673
-0.0346832
-0.0402985
-0.0366364
-0.00508118
0.199738
0.141647
-0.0175476
0.0223541
0.0643158
0.0660858
-0.0207062
-0.0840302
-0.115982
0.00912476

[13]
0.0695953
0.12619
-0.0345154
-0.220047
-0.222107
-0.229172
-0.0640869
-0.401291
-0.0950012
-0.936401
-0.712418
-0.418839
-0.230484
-0.115005
-0.233994
-0.12355
0.0100861
0.173721
0.141113
0.0872955
0.0865784
0.0701141
0.0870972
0.0569916
0.252502
0.347092
0.295959
0.422821
0.853775
0.459885
0.409912
-0.588943
1.21025
0.330597
-0.0417938
0.33075
-0.0973511
-0.0383301
-0.122696
-0.0248413
-0.0522919
0.026123
-0.0260925
-0.0337524
0.0484924
0.0446167
0.0675354
0.00424194
-0.0118103
-0.00505066

[14]
-0.026535
-0.0547943
0.0309296
0.0635529
-0.0253296
-0.036972
0.00100708
0.0231628
0.0346375
0.103683
0.0280762
-0.0210571
-0.0167389
-0.163788
-0.423264
-0.993149
-0.737015
-0.571121
-0.521072
-0.219849
-0.0763702
-0.262314
-0.146362
-0.0330505
0.0587311
-0.0647125
0.0419312
0.0457764
0.0213623
0.0693817
0.0148315
0.249527
0.248337
0.260254
0.218124
0.179153
0.310623
0.261841
0.602493
-0.410583
1.13731
0.46431
0.0933533
0.313156
-0.337509
-0.136581
-0.0867462
0.10759
0.0349426
0.00959778

[15]
-0.0642242
-0.0235291
0.0426788
0.0162811
-0.039856
-0.0172729
0.0113525
0.0152435
-0.0189056
-0.069519
-0.0158997
-0.0115662
0.0492554
0.0423737
-0.0194092
-0.141693
0.0138245
0.0943604
0.189224
0.0753479
-0.0506592
-0.375839
-0.601059
-1.1302
-0.317871
-0.213577
-0.346909
-0.771454
0.406647
0.145966
-0.270233
-0.167252
-0.0530243
-0.16217
0.0116882
-0.0150299
-0.0271454
0.0470581
-0.0339661
0.0916748
0.282074
0.261612
0.0505219
0.407867
1.0809
0.156769
0.747604
1.39549
0.190552
-0.232712

[16]
0.801956
-0.273376
-0.492584
-0.0552673
0.25116
0.220016
0.128586
-0.257217
-0.302612
-0.00357056
0.160416
0.046402
-0.0118408
0.0439758
0.0944824
0.0877838
0.0194397
-0.00883484
-0.0876923
-0.080368
0.0460968
0.0767059
0.00738525
-0.118347
0.0382233
0.13205
0.106598
-0.28009
-0.474594
-0.243576
-0.470428
-0.642548
-0.203812
-0.446899
-0.648773
0.00489807
-0.0279846
-0.274231
-0.204391
-0.0852356
-0.057251
0.0884857
0.0735016
0.0597687
0.0657959
0.124893
0.243011
0.418594
0.260574
0.345901

[17]
0.739838
0.638458
0.203384
-0.126175
1.08258
0.713669
0.0237885
-0.12175
-0.2164
-0.0778809
-0.124054
-0.0245972
-0.00340271
-0.0227509
-0.0444641
-0.104263
-0.123688
-0.0291595
0.0722046
0.00247192
0.0397491
0.062149
0.0573883
0.0843506
0.0475769
-0.0523224
-0.127609
-0.104691
0.0418091
-0.0012207
0.00921631
0.107773
0.10408
0.138626
0.115784
0.0657196
0.0150757
-0.0289459
-0.0732574
-0.273422
-0.550629
-0.96225
-0.421539
-0.0325623
-0.0736694
-0.349792
-0.493576
0.227463
-0.262238
-0.202484

[18]
-0.059021
-0.0114136
-0.0856171
0.00752258
0.0372314
0.0285645
0.0710907
0.113434
0.162582
0.332001
0.312424
0.363205
0.86438
0.842438
0.250168
-0.287033
0.648087
0.791382
-0.402298
0.634323
-0.0522003
0.0271149
-0.0970459
-0.00585938
-0.0583649
-0.0608673
-0.00930786
-0.0296631
0.0141144
0.0467529
0.0792694
0.0306702
-0.0112305
-0.0623016
-0.0483704
-0.0554657
-0.0174866
0.0259094
0.0350037
-0.0347595
-0.100204
-0.0845947
0.0429077
0.265915
0.250458
0.0716705
-0.0242004
-0.148193
-0.408371
-0.456085

[19]
-1.24138
-0.616486
0.0285187
-0.304688
-0.840683
-0.216492
-0.141876
0.0170593
-0.153976
-0.0883179
-0.099411
-0.0961914
0.0517578
0.0850372
0.0777893
0.122604
0.294785
0.43663
0.620758
0.242905
0.481873
0.899597
0.706055
0.0168152
-0.19725
1.21968
0.347595
0.103836
0.139175
-0.20871
-0.214081
-0.0495148
0.0845032
0.0649109
-0.0601959
-0.0768127
-0.0868073
-0.000183105
0.0495758
0.123138
0.0618744
-0.00256348
0.037323
0.00527954
-0.00856018
-0.0201569
-0.0905304
-0.0880127
-0.118988
0.0124664

[20]
0.131332
0.150986
0.114334
0.0681763
-0.0212708
-0.152878
-0.3741
-0.904114
-0.596909
-0.704849
-0.294846
-0.638672
-0.421371
-0.0614929
0.0832977
-0.0868835
-0.00639343
-0.113968
0.000595093
0.0670624
0.0889435
0.0799866
0.11586
0.293823
0.351593
0.451523
0.280853
0.343353
0.614029
0.632782
0.0918274
0.0474548
1.45233
0.751892
-0.312271
-0.513138
0.516861
-0.341995
-0.126953
0.00953674
-0.085495
0.058609
-0.191116
0.145309
0.124466
0.0209808
0.0418854
0.117661
0.0695038
0.0137634

[21]
-0.0551605
-0.0620728
-0.088089
-0.0648804
-0.0532074
-0.0346222
-0.028183
0.207443
0.0600739
-0.118973
-0.113449
-0.0401917
0.00544739
0.0017395
-0.0234528
-0.21965
-0.958817
-0.757553
-0.531052
-0.722733
-0.711578
-0.0766754
-0.0697937
-0.0521088
-0.102859
0.0987091
-0.099762
0.11026
0.0872955
0.115021
0.0888824
0.0797882
0.00506592
0.21611
0.186066
-0.031311
0.151001
1.44139
0.909058
0.0251923
0.476547
-0.690231
1.43393
0.429611
0.129868
-0.0297546
-0.228867
-0.0514526
-0.205292
-0.045639

[22]
-0.0480652
-0.0672455
0.0403595
-0.0164642
0.00361633
-0.00453186
0.00816345
-0.0294189
0.032608
0.00186157
0.0218048
0.0395355
0.0209961
-0.0690765
-0.15094
-0.115921
-0.00935364
0.0746765
0.169281
0.227249
0.114471
0.047287
-0.145798
-0.259857
-0.585999
-0.833923
-0.458466
-0.514496
-0.320999
-0.490265
-0.519974
-0.344955
-0.215652
0.032074
-0.0570984
-0.0784302
-0.0307465
0.0194244
0.0108337
0.105133
0.0609741
0.223618
0.275131
0.218018
0.148788
0.134323
0.942215
0.508163
0.40947
-0.101334

[23]
1.60902
0.534561
-0.526993
0.229996
0.00520325
-0.309036
0.135651
0.180145
0.167969
0.103775
0.12413
-0.232651
-0.0535736
0.0423126
0.0388336
0.0140991
0.0584106
0.0151062
-0.0569
-0.0826416
-0.114349
-0.0898132
0.0320587
0.107742
0.0269318
-0.0516663
-0.013916
0.0404816
0.152313
0.0953064
0.138596
0.0829315
0.0665894
-0.150726
-0.904434
-0.964111
-0.138763
-0.217911
-0.222046
-0.742676
-0.0793152
-0.438873
-0.319031
-0.0836792
-0.137527
-0.146225
-0.0502014
0.0224762
0.115524
0.162506

[24]
0.166245
0.0832062
0.302505
0.289276
0.16333
0.0662079
0.242554
0.522781
-0.0581512
0.297943
-0.208466
1.0211
0.493378
0.134293
0.413651
0.268478
-0.243011
-0.309341
-0.0641327
-0.141663
0.118256
-0.0500946
-0.0262909
-0.142532
-0.0770111
0.0377655
0.0218658
-0.0273132
-0.0322113
-0.00749207
-0.0508423
-0.0375366
-0.0182648
-0.000595093
0.0345917
-0.0122986
0.0424194
-0.0018158
0.0165253
-0.0708923
-0.114685
0.00737
0.087738
0.137619
0.0388489
-0.162674
-0.441467
-0.846909
-0.769119
-0.349472

[25]
-0.296173
-0.309769
-0.339294
0.0289307
-0.194748
-0.110504
0.020874
0.037735
-0.0504456
-0.0151672
-0.0353851
0.0644073
0.126831
0.373856
0.336777
0.433884
0.443344
0.584427
0.993439
0.537949
0.248734
-0.996338
0.771484
0.672852
0.18988
0.0442657
-0.0598297
-0.0798492
-0.0966187
-0.0804901
0.00961304
-0.0535278
0.0496674
0.070694
0.0461731
-0.000900269
-0.0540009
-0.00753784
-0.00698853
0.0405426
0.013031
-0.0195618
-0.152847
-0.221344
-0.239136
-0.0128326
0.258255
0.325317
0.227798
0.0239716

[26]
-0.050705
-0.037323
0.0098114
0.0154114
-0.162537
-0.364746
-0.649704
-0.484024
-0.48674
-0.42215
-0.657867
-0.379791
-0.185928
-0.10083
-0.0703583
-0.0727234
-0.0339813
-0.121613
-0.0367584
0.00167847
0.0161285
-0.0117035
0.117584
0.245804
0.195435
0.346375
0.295288
0.280701
0.403992
0.753296
0.619476
0.46077
0.238525
-0.304474
0.957153
0.610611
-0.0587769
-0.273621
-0.434143
-0.519913
0.0365295
0.214813
0.177826
0.0774384
-0.0244293
0.038681
0.0823364
0.0132446
-0.0944977
-0.0822754

[27]
-0.0625153
0.0251617
0.0392456
-0.0128784
-0.0580902
-0.0506897
-0.197861
-0.127274
0.0697174
0.276062
0.12619
-0.0704803
-0.170715
-0.0388031
0.0587616
0.10463
0.0501862
-0.0679474
-0.178787
-0.288177
-0.723831
-0.93399
-0.366043
-0.555435
-0.740509
-0.302383
-0.382675
-0.198517
-0.0699921
-0.0151367
-0.0113678
-0.0253601
0.0874634
0.0625916
0.0726013
0.0134735
0.196182
0.255127
0.175705
0.217224
0.0300903
0.343536
0.888214
0.333878
0.523346
0.192429
0.842834
0.717377
-0.167786
-0.239624

[28]
-0.0912781
-0.149033
-0.0830688
0.0994415
0.0953674
0.118225
-0.0928497
-0.0399628
-0.0151367
0.0154419
0.034668
0.0254059
0.00253296
-0.00178528
0.0657654
0.00709534
-0.10405
-0.212952
-0.269379
-0.248779
-0.20816
-0.0405426
0.138306
0.374359
0.409775
0.203415
0.0500183
-0.0570526
-0.16568
-0.356003
-1.48039
-0.253799
-0.528595
-0.465683
-0.620499
-0.405579
-0.197891
-0.00444031
-0.202011
-0.201538
-0.0531158
-0.140778
-0.0570984
-0.0478363
-0.021637
-0.0494385
-0.0395966
0.131424
0.208313
0.212753

[29]
0.172455
0.414383
0.737778
0.866257
0.511658
0.455032
-0.314819
1.27829
0.256912
0.357117
-0.708008
-0.125305
0.00117493
-0.193024
0.111526
0.00819397
0.0972443
0.0332794
-0.0771179
-0.0185089
-0.00810242
0.0119781
0.0960388
0.12999
0.112061
-0.0248871
-0.016098
-0.108398
-0.0995026
-0.0964203
-0.0131378
-0.0469971
0.00967407
0.0592194
0.146637
0.145126
0.0546417
-0.212189
-0.59874
-0.640121
-0.710175
-0.664505
-0.42659
-0.648041
-0.158264
-0.170059
-0.0154266
-0.183609
-0.141785
-0.121384

[30]
-0.0410461
-0.0247345
-0.00166321
-0.00553894
0.0728302
0.160965
0.182022
0.112793
0.0637817
0.241028
0.867447
0.978363
0.481934
0.637268
-0.644226
1.4243
0.228516
0.493256
-0.475571
-0.0626831
-0.203369
-0.137863
0.00457764
0.0813599
0.144531
0.0550842
-0.0148773
-0.0269165
-0.00514221
-0.00793457
-0.0521393
0.00753784
0.0257111
-0.0490112
-0.139282
-0.0908356
0.00325012
0.0662079
0.117203
-0.0584259
-0.205826
0.0289001
0.215988
0.143387
0.122543
0.0924072
-0.0361176
-0.747559
-0.60405
-0.921906

[31]
-0.5914
-0.548233
-0.499222
0.0275269
-0.0149689
-0.141495
-0.110535
-0.131943
-0.038559
0.0177612
0.0418396
0.104721
0.107529
0.269516
0.130905
0.0206299
0.0825195
0.0144196
-0.0358276
0.318863
0.442474
0.363022
0.511978
0.866196
0.0382538
0.800537
0.664612
0.507812
-0.330322
-0.497269
-0.121368
-0.392044
0.137375
0.0899506
0.245193
0.163651
0.0345154
-0.00686646
-0.116989
-0.154663
0.000473022
0.0431366
0.0964661
0.0697632
0.0405121
-0.0568695
-0.0493622
-0.0485687
-0.0942078
-0.0771942

[32]
0.0268555
0.142746
0.0514679
0.0125885
-0.0624237
0.0316315
0.0833893
0.219025
-0.522583
-0.504181
-0.865021
-0.543167
-1.04671
-0.240128
-0.367432
-0.231964
-0.211472
-0.0354919
0.00891113
0.0900726
0.140488
0.106323
0.064209
0.118195
0.455719
0.256409
0.00672913
-0.0388641
-0.151077
-0.0265808
0.201584
0.525452
0.594177
0.40303
0.292725
0.281128
0.283401
0.182968
0.836166
0.120728
-0.0129547
-0.392609
0.0297241
-0.0393066
-0.09198
0.0451965
0.132614
0.0411224
-0.0043335
-0.0890808

[33]
-0.170685
-0.134308
-0.0397644
-0.0544739
-0.0233154
0.0505829
0.137558
0.110062
0.0427856
-0.0596619
-0.156723
-0.146286
-0.129272
0.0324249
-0.125
-0.125687
-0.0697021
0.075592
0.118103
0.10498
-0.0434875
-0.431061
-0.990784
-0.0635529
0.186371
-0.417435
-0.280258
-0.313354
-0.000793457
-0.0969849
0.00468445
-0.089386
-0.0422821
-0.110229
-0.0606995
0.124435
0.101776
0.0515289
0.0406494
0.0102844
-0.0305786
0.0996857
0.555267
0.487717
0.277451
-0.858536
0.416687
0.328201
-0.344498
0.449692

[34]
0.260956
0.0802307
-0.0339508
-0.161148
-0.114136
-0.104965
0.0128326
0.144028
0.0724335
-0.00192261
-0.112549
0.00796509
0.0921021
0.0587463
-0.0302582
-0.0515289
-0.0180054
0.000457764
0.0415344
0.0687103
0.0225067
-0.0174713
-0.0206146
0.0106659
-0.0223541
0.0477753
0.0939941
0.100723
0.061554
-0.236526
-0.466599
-0.180878
-0.00306702
-0.275833
-0.361588
0.400467
0.699066
0.335785
-0.076889
-0.153503
-0.288544
-0.375809
-0.29982
-0.20697
0.0101166
0.0903168
0.111389
0.0447845
-0.0725555
-0.209488

[35]
-0.111908
-0.17041
-0.003479
0.0465851
0.100372
0.135864
0.213089
0.230804
0.224823
0.185883
0.163666
0.192871
-0.0157623
0.0820923
0.0221863
0.114716
0.322754
0.403412
0.81189
1.00475
1.23042
-0.492676
0.401077
0.607468
0.207336
0.287216
0.409012
0.0327148
0.112045
0.0667572
0.0163574
-0.010788
0.0571442
0.0912018
0.00349426
-0.0443268
-0.00627136
0.0367737
-0.00440979
0.0521393
0.0449066
0.128235
0.0903625
0.0653076
0.058075
-0.0120392
0.10022
0.110321
0.0952606
-0.040802

[36]
-0.0703735
-0.0491638
0.0575714
0.0557556
0.059845
-0.0217438
-0.012207
-0.0124512
0.00151062
0.0759583
0.10112
0.0564423
0.0618134
0.0766754
0.00454712
0.0121918
-0.00120544
-0.0644073
-0.140686
-0.0326538
-0.214828
-0.360092
-0.156403
-0.25473
-0.579117
-0.484833
-0.406265
-0.0108032
-0.207504
-0.300735
-0.436066
-0.351318
-0.267471
-0.092865
-0.0406342
-0.0559082
0.0078125
0.0328674
-0.0388184
0.0697021
0.53212
1.10721
0.43985
0.244644
0.408859
0.504456
0.427246
0.479324
-1.013
1.51575

[37]
-0.298172
0.157639
0.00236511
-0.356339
-0.0431061
0.139511
0.229523
-0.219452
-0.0505371
0.11853
0.081955
-0.00956726
-0.06633
-0.0462036
0.0857086
0.0643768
0.0354156
0.00637817
0.0642548
0.023407
-0.00874329
-0.168427
-0.170242
-0.0882416
0.155014
0.182281
0.0747223
-0.100815
-0.155502
-0.0864258
-0.14328
-0.0358582
0.172501
0.12059
-0.0657349
-0.287735
-0.385345
-0.284607
-0.432861
-0.287918
-0.122559
-0.0492706
-0.0177612
0.0521851
0.0517883
0.100906
0.0840759
0.000106812
0.0175323
0.0543671

