[1]
-0.612579
-0.0265045
-0.035553
0.00352478
-0.0305176
-0.0491486
-0.072403
-0.0390167
-0.0886078
-0.0935974
-0.137589
-0.163956
-0.277771
-0.24527
-0.277222
-0.403778
-0.475662
-0.708374
-1.07726
-1.12325
-1.07884
-0.867355
-0.840546
-0.201492
0.972183
-0.0768127
0.502014
0.716049
0.664749
0.667007
0.634293
0.577698
0.549896
0.45932
0.26828
0.0799713
-0.152573
-0.379868
-0.492767
-0.618958
-0.656952
-0.729202
-0.721451
-0.669922
-0.54866
-0.43219
-0.338043
-0.403641
-0.0888672
-0.209427

[2]
-0.498184
-0.416061
-0.145004
-0.0686951
-0.0336456
-0.0302582
-0.0555725
-0.054718
-0.0119781
-0.026413
-0.0351868
-0.026474
0.0108795
-0.0533142
-0.0424957
0.00491333
-0.0459747
-0.0308533
-0.026947
-0.0538025
-0.0447083
-0.0350342
-0.0493774
-0.0973206
-0.139923
-0.151779
-0.179581
-0.250961
-0.255905
-0.322922
-0.449661
-0.735138
-1.09596
-1.12386
-1.06157
-0.882462
-0.616562
-0.337952
0.538422
-0.134995
0.27449
0.568909
0.54451
0.552124
0.578888
0.552963
0.527695
0.505814
0.404663
0.255997

[3]
0.0437927
-0.211884
-0.56897
-1.03636
-1.06374
-1.0925
-0.87709
-0.692581
-0.500275
-0.424698
-0.22406
-0.206116
-0.290894
-0.665466
-0.604141
-0.123703
-0.190109
0.0146637
0.0301666
-0.0615997
-0.0471191
-0.0289307
-0.0140533
0.00184631
-0.0131989
-0.0144043
-0.00767517
-0.00453186
0.00596619
0.0142059
-0.0273743
-0.0188599
-0.0294342
-0.04599
-0.0564728
-0.0601044
-0.0518036
-0.1064
-0.127747
-0.188614
-0.186646
-0.163483
-0.261215
-0.38028
-0.523651
-0.823685
-1.06398
-1.08963
-1.01953
-0.631073

[4]
-0.724152
-0.0184326
0.551208
0.337296
0.643188
0.613266
0.630783
0.604797
0.612381
0.576401
0.540863
0.441132
0.242279
0.120102
-0.102585
-0.330246
-0.515289
-0.746979
-0.890579
-1.01801
-0.898834
-0.679886
-0.520554
-0.354996
-0.465851
-0.394501
-0.491943
-0.442307
-0.107742
-0.040802
0.0315247
-0.0890198
-0.0558472
-0.0876617
-0.115509
-0.04776
0.00749207
-0.0189514
-0.0341187
-0.0648804
-0.0257111
-0.00328064
0.00737
-0.00198364
-0.0436707
-0.00782776
-0.0337067
-0.0272675
-0.0217438
-0.0554047

[5]
-0.0985107
-0.119507
-0.179535
-0.15947
-0.188538
-0.192169
-0.314606
-0.461548
-0.643814
-0.935593
-1.08147
-0.884125
-0.782486
-0.702881
-0.441315
0.653595
-0.137604
0.478745
0.606842
0.620468
0.626938
0.633987
0.636551
0.612244
0.547379
0.433472
0.242798
0.0299377
-0.252228
-0.610138
-1.00624
-1.11174
-1.15054
-1.0403
-0.796326
-0.730667
-0.294449
-0.2612
-0.265305
-0.524765
-0.546799
-0.172333
-0.0596008
-0.0721436
-0.125534
-0.0437317
-0.0244751
-0.110748
-0.0128479
-0.00592041

[6]
-0.0338593
-0.0565186
-0.0642853
-0.0201111
-0.00642395
-0.022583
-0.0260162
-0.0152893
-0.0160065
-0.0324097
-0.0429535
-0.0605621
-0.114273
-0.180954
-0.160477
-0.178772
-0.19455
-0.229126
-0.314163
-0.452942
-0.660507
-0.972031
-1.09091
-0.967896
-0.767075
-0.806412
-0.105804
0.720825
0.127487
0.518677
0.602112
0.631287
0.587509
0.605301
0.58017
0.547333
0.48877
0.345322
0.165894
-0.0251465
-0.341583
-0.776062
-1.0667
-1.12155
-1.16212
-1.05214
-0.835876
-0.589645
-0.42392
-0.199005

[7]
-0.227875
-0.744293
-0.579514
-0.226166
-0.152878
0.045166
-0.0661469
-0.0131989
-0.0515442
-0.0666656
-0.0165863
-0.00656128
0.00202942
-0.0184784
-0.0418701
-0.0306396
-0.00123596
-0.00442505
-0.0027771
-0.0148468
-0.0365143
-0.0463409
-0.0679016
-0.111938
-0.0952759
-0.156296
-0.18924
-0.25563
-0.269867
-0.369827
-0.399902
-0.646393
-0.936646
-1.07545
-0.834473
-0.802933
-0.861664
-0.106079
0.970291
0.144363
0.534286
0.695114
0.671875
0.669342
0.664093
0.608704
0.558578
0.479645
0.309036
0.10878

[8]
-0.114212
-0.407761
-0.795532
-1.08119
-1.12119
-1.15962
-1.00864
-0.821472
-0.651352
-0.572067
-0.124161
-0.366806
-0.662033
-0.364304
-0.0943451
-0.143509
-0.104538
-0.0317535
-0.0461884
-0.0970764
-0.0347748
-0.0212708
-0.0120697
-0.0183105
-0.0367279
-0.0309448
-0.00370789
0.0207062
-0.019104
-0.0187836
-0.013092
-0.0144348
-0.0426788
-0.0597839
-0.0798645
-0.161072
-0.182434
-0.278854
-0.285004
-0.314102
-0.371841
-0.565521
-0.871582
-1.07129
-0.990921
-0.98204
-0.895508
-0.367294
0.654175
-0.0987396

[9]
0.335632
0.678665
0.670731
0.666702
0.660843
0.619629
0.550156
0.485931
0.350784
0.115082
-0.0250092
-0.265671
-0.515839
-0.688751
-0.864227
-0.993698
-0.899231
-0.755859
-0.591034
-0.603104
-0.461472
-0.0985718
-0.461899
-0.764313
-0.347885
-0.132248
-0.0566711
-0.0813599
-0.0430908
-0.0766907
-0.0578918
-0.0244904
-0.0196533
-0.0251923
-0.0454712
-0.0508881
-0.0154724
-0.0189514
-0.0145111
-0.0264282
-0.00770569
-0.0300598
-0.0389557
-0.0283508
-0.0642548
-0.0687408
-0.112213
-0.170975
-0.202621
-0.260788

[10]
-0.303223
-0.378708
-0.542801
-1.03693
-1.0668
-0.891586
-0.967224
-0.802368
-0.371246
0.983154
0.067215
0.528793
0.669891
0.655029
0.660599
0.67247
0.635056
0.625137
0.552704
0.419693
0.215851
0.0175934
-0.251251
-0.669418
-1.08505
-1.1277
-1.1687
-1.07751
-0.818466
-0.640839
-0.522568
-0.304672
-0.145782
-0.435364
-0.688171
-0.314346
-0.0970001
-0.184784
-0.0494232
-0.0334625
-0.0792542
-0.0690308
-0.0601044
-0.0482635
-0.0228882
-0.0229645
-0.0417023
-0.0151978
-6.10352e-05
-0.0129089

[11]
-0.0200806
-0.0210724
-0.0177002
-0.0388031
-0.0342407
-0.0684967
-0.0714111
-0.0794525
-0.131592
-0.159775
-0.193375
-0.270874
-0.346741
-0.485413
-0.924347
-1.06902
-1.07077
-1.08842
-0.592712
-0.632812
0.513855
-0.094574
0.548248
0.665894
0.636246
0.66626
0.65863
0.622253
0.588455
0.529312
0.37114
0.179535
0.00709534
-0.243561
-0.50705
-0.81221
-1.03642
-1.11633
-1.0033
-0.812714
-0.759903
-0.573624
-0.480667
-0.394104
-0.548752
-0.546997
-0.38829
-0.0672455
-0.0207214
-0.0482635

[12]
-0.0414429
-0.0747375
-0.0659332
-0.0453033
-0.0439911
-0.0133514
-0.0164337
-0.00392151
-0.0162964
-0.0209198
0.00579834
-0.00802612
0.00149536
-0.0174561
-0.0304108
-0.0543365
-0.0480652
-0.0764618
-0.0999298
-0.133575
-0.166443
-0.180481
-0.232666
-0.314636
-0.495209
-0.89357
-1.06804
-0.992844
-1.01343
-0.493744
-0.613129
0.188278
0.17276
0.425964
0.544891
0.549927
0.582993
0.603104
0.619217
0.593552
0.574341
0.466934
0.314163
0.105301
-0.118088
-0.440964
-0.844879
-1.10637
-1.14992
-1.12447

[13]
-0.997986
-0.681976
-0.968491
-0.227142
-0.104691
-0.196472
-0.777649
-0.520248
-0.185272
-0.335953
-0.0454712
-0.0270081
-0.0540466
-0.0637054
-0.052536
-0.0205994
-0.0140228
-0.0121918
-0.0305481
-0.0214691
-0.00650024
-0.0182343
-0.036087
-0.00917053
-0.0226593
-0.0208893
-0.0514069
-0.056366
-0.0703888
-0.106354
-0.130753
-0.155487
-0.175507
-0.211029
-0.28804
-0.416412
-0.735504
-1.06177
-1.07196
-1.07394
-0.691528
-0.65686
0.0349579
0.688385
0.439774
0.61264
0.665146
0.68367
0.687973
0.652222

[14]
0.613556
0.571136
0.481598
0.30867
0.102676
-0.121582
-0.441864
-0.942245
-1.09958
-1.14226
-1.18225
-0.953934
-0.69165
-0.936066
-0.231857
-0.224136
-0.112579
-0.641968
-0.391342
-0.1371
-0.264252
0.0488281
-0.0963898
-0.0536652
-0.102646
-0.0574646
-0.0126495
-0.0124512
-0.0032196
-0.0109863
0.0115051
0.0219421
0.0174103
0.0212097
0.0128784
0.0134583
-0.000106812
-0.00822449
-0.0619507
-0.0997162
-0.159698
-0.179779
-0.212814
-0.283188
-0.259384
-0.334442
-0.479599
-0.793655
-0.990067
-1.03496

[15]
-0.770432
-0.60173
-0.565704
0.0847931
0.573868
0.288162
0.645325
0.575058
0.617172
0.610031
0.61142
0.552979
0.549911
0.447388
0.283813
0.085907
-0.108673
-0.414993
-0.812393
-1.04805
-1.15033
-1.19434
-1.04652
-0.780685
-0.564377
-0.560852
-0.220734
-0.22818
-0.47612
-0.546982
-0.327454
-0.141022
-0.0226898
-0.0702667
-0.013504
-0.0666656
-0.0523224
-0.050827
-0.0586548
-0.039856
-0.0227203
-0.00144958
0.0248413
0.0287476
0.0119629
0.00392151
-0.0236359
-0.0332336
-0.0243835
-0.0306091

[16]
-0.0588379
-0.0729828
-0.119553
-0.133408
-0.15329
-0.199997
-0.237411
-0.357727
-0.524033
-0.810379
-1.05914
-1.07031
-0.945648
-0.704041
-0.545807
0.138794
0.573395
0.452118
0.64209
0.638779
0.701492
0.698044
0.682846
0.646194
0.556274
0.443054
0.230453
-0.00416565
-0.253021
-0.575806
-0.961349
-1.09966
-1.1096
-0.938782
-0.810715
-0.657364
-0.805069
-0.271957
-0.154465
-0.137436
-0.672394
-0.600952
-0.159897
-0.146957
0.0460815
-0.0827637
-0.013916
-0.0930328
-0.087738
-0.0428925

[17]
-0.0209503
-0.0219574
-0.0168304
-0.0345154
-0.0206909
0.00924683
0.00691223
0.0131683
-0.014801
-0.0329132
-0.0356903
-0.0228424
-0.0255432
-0.0606537
-0.103485
-0.104202
-0.125473
-0.237885
-0.201843
-0.238876
-0.345001
-0.468048
-0.791992
-1.06883
-1.0804
-0.99263
-0.520279
-0.557877
0.119949
0.407776
0.469864
0.653763
0.598541
0.640244
0.632141
0.6129
0.530304
0.490128
0.364288
0.16214
-0.0223999
-0.225677
-0.484665
-0.782272
-0.996948
-1.03542
-1.04237
-0.868515
-0.694
-0.539154

[18]
-0.411026
-0.375488
-0.11557
-0.220078
-0.896744
-0.646149
-0.0683136
-0.190109
-0.0387268
-0.00915527
-0.0414734
-0.04953
-0.0318756
-0.0533295
-0.0137482
0.00263977
0.00379944
0.00500488
0.00198364
-0.0428925
-0.0288391
-0.0313721
-0.0234222
-0.0351715
-0.0233307
-0.0602722
-0.108124
-0.103348
-0.201202
-0.208084
-0.199326
-0.304688
-0.488602
-0.781113
-1.02353
-1.07039
-0.792496
-0.744827
-0.696808
0.00524902
0.878922
0.336838
0.482178
0.592697
0.623901
0.628952
0.648468
0.615021
0.584763
0.476166

[19]
0.293121
0.0671539
-0.155807
-0.472763
-0.876297
-1.09633
-1.13689
-1.15334
-0.908722
-0.677658
-0.547775
-0.470703
-0.344528
-0.215668
-0.634918
-0.444992
-0.180252
-0.0770416
-0.0464172
-0.026123
-0.0668182
-0.0603943
-0.0366974
-0.0171661
-0.0190735
-0.013443
-0.0217896
-0.0201416
0.00927734
0.00227356
0.000686646
0.000305176
-0.00769043
-0.00863647
-0.00720215
-0.0584412
-0.108749
-0.128494
-0.0953217
-0.194702
-0.230209
-0.236099
-0.282669
-0.412888
-0.529633
-0.82663
-1.06503
-0.903412
-0.878799
-0.632401

[20]
-0.327484
1.12186
0.221466
0.516693
0.642029
0.620605
0.614334
0.60791
0.544434
0.505661
0.403839
0.20636
0.00692749
-0.187164
-0.436829
-0.772354
-1.01872
-1.05624
-0.953171
-1.12749
-0.773758
-0.529861
-0.502411
-0.550003
-0.715378
-0.459396
-0.452744
-0.125305
-0.0601501
0.00201416
-0.00952148
-0.0396118
-0.113251
-0.0183258
-0.0253754
-0.0259399
-0.0582428
-0.0649719
-0.0319519
-0.00132751
0.0175781
-0.0158234
-0.00871277
-0.0118103
-0.0300446
-0.0443115
-0.0448761
-0.0835571
-0.117676
-0.140411

[21]
-0.173676
-0.219055
-0.26976
-0.363419
-0.544113
-0.792572
-1.05688
-1.06197
-1.07138
-0.734283
-0.471161
0.574005
-0.0967407
0.482864
0.761063
0.736969
0.702957
0.700745
0.641205
0.601959
0.537964
0.355957
0.1689
-0.0554047
-0.342377
-0.78392
-1.07683
-1.11816
-1.1591
-1.00124
-0.812042
-0.593781
-0.29303
-0.339508
-0.589279
-0.695496
-0.400208
-0.261459
0.0104218
-0.0183105
-0.0410614
-0.0438995
-0.10527
-0.0418701
-0.0219574
-0.0057373
-0.0184784
-0.0357056
-0.024353
0.0170135

[22]
0.00169373
-0.0279083
-0.00759888
-0.0292206
-0.0381775
-0.0531464
-0.0195312
-0.0795746
-0.128387
-0.148941
-0.134018
-0.219147
-0.242874
-0.41153
-0.648804
-0.951553
-1.05896
-0.807526
-0.923126
-0.635757
-0.207596
0.851196
0.0656586
0.428345
0.66925
0.698456
0.665298
0.676804
0.645813
0.600555
0.53537
0.428894
0.248154
0.0417633
-0.233063
-0.657196
-0.994629
-1.13197
-1.17529
-1.17181
-0.861832
-0.685242
-0.478271
-0.0940399
-0.340057
-0.281464
-0.619339
-0.489685
-0.168365
-0.144287

[23]
-0.0316162
-0.0360718
-0.0453949
-0.0991364
-0.0794678
-0.0693512
-0.041748
-0.0329742
0.00648499
0.00965881
0.0140076
-0.00102234
-0.0103607
-0.00457764
-0.0160065
-0.0410767
-0.0345001
-0.0156708
-0.029541
-0.0791321
-0.126083
-0.186554
-0.188889
-0.209091
-0.277359
-0.377655
-0.621887
-0.975693
-1.07474
-1.07596
-0.937729
-0.491821
-0.449936
0.939697
-0.00427246
0.56041
0.699127
0.624573
0.635559
0.626389
0.600754
0.549622
0.445953
0.218597
1.52588e-05
-0.182877
-0.407578
-0.659698
-0.803452
-0.913055

[24]
-0.904175
-0.761078
-0.589142
-0.71019
-0.449036
-0.448059
-0.461044
-0.54155
-0.496201
-0.421295
-0.104202
-0.0314178
-0.0440216
0.0105438
-0.0727234
-0.0822601
-0.0216522
-0.0290527
-0.0281372
-0.054306
-0.0507355
-0.0326996
0.0149231
0.00320435
-0.0182343
-0.0407257
-0.0228729
-0.0244293
-0.0136261
-0.0282135
-0.0720673
-0.114471
-0.113342
-0.165466
-0.199966
-0.242416
-0.278275
-0.37999
-0.626892
-0.896698
-1.05551
-0.855682
-0.912476
-0.687683
-0.227066
0.862091
0.0705566
0.446411
0.598572
0.635254

[25]
0.640808
0.675049
0.622787
0.590195
0.488022
0.350891
0.13739
-0.0581665
-0.360062
-0.754196
-1.0932
-1.13757
-1.18021
-1.06052
-0.766174
-0.89563
-0.337692
-0.0856018
-0.300278
-0.568817
-0.555054
-0.239563
-0.150497
0.0352173
-0.0803528
-0.00746155
-0.0674286
-0.0937347
-0.0815582
-0.0112
-0.0289307
-0.0228271
-0.0390625
-0.023819
0.00253296
0.00772095
-0.0188599
0.00297546
-0.0131989
-0.0325928
-0.045639
-0.0472565
-0.0932922
-0.117691
-0.131622
-0.179733
-0.183075
-0.236038
-0.302521
-0.460007

[26]
-0.742142
-1.0672
-1.07979
-1.00195
-0.845596
-0.564911
0.0417328
0.580826
0.395096
0.672546
0.61026
0.691544
0.644302
0.616165
0.570679
0.438843
0.314514
0.0822906
-0.0842743
-0.299683
-0.58847
-0.691315
-0.769943
-0.810638
-0.791977
-0.658798
-0.788574
-0.423203
-0.460785
-0.406128
-0.446167
-0.626709
-0.328003
-0.146515
0.0176086
-0.0619507
-0.088623
-0.0764618
-0.0920105
-0.0148163
-0.0154724
-0.0087738
-0.0401459
-0.0632782
-0.0131836
0.0181274
-0.00401306
-0.0370026
-0.0272675
-0.030304

[27]
-0.0339203
-0.0296021
-0.0374298
-0.0854645
-0.137909
-0.155823
-0.191757
-0.225082
-0.256409
-0.367706
-0.521439
-0.720627
-1.07996
-1.09325
-0.98938
-0.659409
-0.644058
0.170547
0.277786
0.330963
0.637466
0.578079
0.627045
0.62149
0.603134
0.573029
0.503983
0.392807
0.214951
0.00933838
-0.248062
-0.558319
-0.84314
-1.09297
-1.12878
-0.970795
-0.773636
-0.67276
-0.602036
-0.494156
-0.617691
-0.555298
-0.511978
-0.315765
-0.0716248
-0.0245514
-0.000793457
-0.119492
-0.0479736
-0.0115204

[28]
-0.0374756
-0.0269165
-0.0240631
-0.0306244
-0.0164337
0.000823975
0.00213623
-0.00416565
-0.0257111
-0.033371
-0.04245
-0.0574799
-0.0543671
-0.0704803
-0.161179
-0.170074
-0.189423
-0.246811
-0.310806
-0.404404
-0.582153
-1.00543
-1.08316
-1.01707
-0.881271
-0.846619
-0.302017
0.963303
-0.0296021
0.473389
0.62059
0.609436
0.604767
0.611679
0.583893
0.555252
0.449982
0.257614
0.091217
-0.11647
-0.329544
-0.605133
-0.855591
-0.977158
-1.0136
-0.899017
-0.70932
-0.702744
-0.555664
-0.48111

[29]
-0.586777
-0.566635
-0.429718
-0.254837
-0.0657654
-0.0284882
0.0383759
-0.0488739
-0.0390167
-0.00784302
-0.0312195
-0.0336914
-0.0302887
-0.0406494
-0.0219727
-0.0171814
-0.0181274
-0.019928
-0.0020752
-0.015686
-0.0493622
-0.0374146
-0.0600281
-0.0962372
-0.162216
-0.170654
-0.168182
-0.218918
-0.232086
-0.305191
-0.454193
-0.606308
-0.882889
-1.08089
-0.772003
-0.664383
-0.783112
-0.361496
0.674545
-0.179062
0.289017
0.576431
0.563843
0.576324
0.590912
0.614426
0.52446
0.422226
0.216263
0.0232391

[30]
-0.15683
-0.390381
-0.685272
-0.920074
-1.07158
-1.06215
-0.921066
-0.709091
-0.754364
-0.307709
-0.544662
-0.690903
-0.652008
-0.490173
-0.1548
-0.105865
-0.0238953
0.00785828
-0.0839691
-0.0619659
0.0135498
-0.0494232
-0.0283661
-0.0365906
-0.0343323
-0.0370178
0.00108337
-0.0169067
-0.00881958
-0.0108948
-0.0213165
-0.0520782
-0.0446167
-0.072876
-0.0952759
-0.176529
-0.206116
-0.250809
-0.270813
-0.322403
-0.422211
-0.55629
-0.957336
-1.0775
-1.00224
-0.878677
-0.951004
-0.147461
0.849655
0.106659

[31]
0.462479
0.810913
0.728439
0.667099
0.658508
0.593002
0.58194
0.45578
0.249985
0.0160828
-0.198044
-0.438354
-0.740067
-0.898315
-0.932571
-0.928528
-0.84343
-0.680664
-0.561234
-0.371033
-0.467133
-0.390717
-0.737671
-0.496902
-0.241119
-0.163681
-0.0422516
0.0135956
-0.0960083
-0.0667267
-0.0136414
-0.0462799
-0.0235748
-0.0459137
-0.0400543
-0.0171509
0.0124512
-0.00468445
-0.0140991
-0.00753784
-0.00238037
-0.0106354
-0.00361633
-0.0307312
-0.0733795
-0.0951385
-0.166306
-0.144608
-0.213669
-0.245041

[32]
-0.30571
-0.448349
-0.737823
-1.0712
-1.08339
-1.04463
-0.745743
-0.716629
-0.00917053
1.08324
0.1409
0.420761
0.69577
0.680939
0.672791
0.674835
0.60199
0.582733
0.454681
0.282898
0.0599823
-0.123779
-0.383621
-0.699356
-0.92366
-0.979828
-0.890869
-0.825119
-0.658585
-0.659729
-0.45285
0.00909424
-0.365158
-0.546722
-0.45961
-0.0333557
-0.0896301
0.0423889
0.00767517
-0.101837
-0.0690918
-0.0119476
-0.0212402
-0.0170593
-0.0435944
-0.0534363
0.00828552
0.00135803
-0.0108337
-0.0303345

