[1]
-0.0990753
-0.219971
-0.193512
-0.18959
-0.198685
-0.21698
-0.175903
-0.0429382
-0.116272
-0.227158
-0.0768738
-0.0315552
0.0277863
0.194397
0.351791
0.39119
0.897598
1.38861
0.574631
0.951447
0.468369
-0.425735
-0.393051
0.475281
0.84552
0.799988
0.762039
0.483078
0.242966
0.249176
0.213959
0.212097
0.139648
-0.112442
-0.25885
-0.707184
-1.19385
-1.5833
-2.09912
-2.659
-2.64767
-2.19997
0.482193
1.3075
-0.918823
-0.856857
-0.208359
-1.03326
-0.367645
-0.567673

[2]
-0.276047
-0.192291
-0.0521088
0.00160217
-0.172668
-0.222488
-0.0579071
-0.00831604
-0.0879364
-0.142334
-0.15065
-0.0507507
-0.0632629
-0.138199
0.0392609
0.0199127
0.00605774
0.11525
0.232574
0.196259
0.260834
0.844818
1.65411
1.00433
1.35698
1.10648
0.637436
-0.422226
0.222519
0.780869
0.87883
0.681351
0.514191
0.352158
0.28447
0.271301
0.232437
0.202637
-0.0209808
-0.283249
-0.773666
-1.27328
-2.18582
-2.6515
-2.66089
-2.59961
-1.00856
1.23582
0.841583
-1.33405

[3]
-0.368011
-1.08391
-0.619278
-0.299271
-0.170944
-0.121368
-0.129471
0.0287476
-0.159698
-0.210358
-0.0921173
-0.224121
-0.0978546
0.0892181
0.00665283
-0.0121307
-0.0481262
0.0476532
0.0673676
0.039444
0.0593719
0.122711
0.201782
0.300018
0.35611
1.52353
1.59589
1.33661
1.13063
1.18098
-0.301819
-0.848633
0.469727
0.940659
0.955505
0.736725
0.511551
0.258911
0.166092
0.143112
0.132294
-0.0711212
-0.361282
-0.50676
-1.22894
-2.15364
-2.20377
-2.61482
-2.6019
-2.25261

[4]
1.25734
1.49809
-1.74849
-0.282181
-1.1781
-0.550827
-0.468826
0.0820007
-0.116516
-0.20488
-0.275162
-0.256271
-0.0256805
-0.00819397
0.0849915
0.114532
0.0960693
-0.0483398
-0.0880585
-0.083725
0.082489
0.136688
0.18132
0.169434
0.260559
0.257782
0.371613
0.546219
1.76363
1.56192
1.09854
1.17528
0.950272
-0.195496
-0.0142975
0.786423
0.950394
0.875076
0.733124
0.462204
0.344269
0.238724
0.118179
0.0628815
-0.195053
-0.60701
-0.942963
-1.49001
-2.21425
-2.26825

[5]
-2.61032
-2.59044
-1.71239
1.32352
1.50552
-1.47809
-0.20105
-1.36401
-1.05629
-0.324371
-0.258179
-0.0193939
0.0122528
0.0990143
-0.266037
-0.0716095
-0.0604401
0.0643768
0.0912018
0.0164642
-0.0518188
-0.0169678
-0.0305939
0.0118713
0.0855103
0.0964966
0.195663
0.324463
0.320236
0.450638
0.662506
1.75381
1.55522
1.17349
1.21979
0.834366
-0.363327
0.0325623
0.757568
0.897873
0.812469
0.699646
0.400101
0.288361
0.23555
0.162598
0.0668793
-0.152374
-0.510696
-0.632278

[6]
-1.5675
-2.28508
-2.62985
-2.6292
-1.70624
-0.178024
1.48589
-0.771973
-1.13646
-0.378815
-1.05673
-0.160019
-0.418045
-0.0427551
-0.245377
-0.0720215
-0.0349731
-0.0563507
-0.0652008
-0.0222473
-0.00694275
-0.0226898
-0.0879974
-0.0636749
-0.0972748
-0.0231781
0.0622559
0.132172
0.0370331
0.141174
0.223328
0.266403
0.342545
0.697891
1.87064
1.0443
1.14818
1.08913
0.657867
-0.326645
0.150101
0.852936
0.983337
0.900345
0.536316
0.279846
0.338577
0.264832
0.126526
0.0845947

[7]
-0.102753
-0.433884
-0.888565
-1.5325
-2.3423
-2.6156
-2.61526
-2.57568
1.4689
0.934021
-1.60765
-0.205261
-1.23665
-0.591156
-0.63205
-0.0776672
-0.101624
0.149109
-0.13295
-0.194534
-0.0920105
-0.0517578
-0.0767822
-0.117172
-0.126495
-0.0596008
-0.0700073
-0.000427246
0.0243225
0.111298
0.127716
0.152252
0.216568
0.307663
0.43924
1.02551
1.94858
0.714401
1.15472
0.878098
0.251556
-0.627182
0.455673
0.795547
1.05978
0.796494
0.477951
0.277649
0.191803
0.0957184

[8]
-0.026825
-0.0320282
-0.0878601
-0.737381
-1.23607
-1.73409
-2.19173
-2.6098
-2.59915
-2.51846
1.49011
0.304367
-1.45946
-0.134964
-1.39014
-0.45813
-0.389374
0.0467377
-0.13707
-0.0816956
-0.216705
-0.108902
-0.0935516
0.0122833
-0.117279
-0.0701599
-0.111954
-0.0778198
-0.025528
0.0373383
0.0755157
0.129532
0.141922
0.210114
0.257141
0.364792
0.40921
1.33762
1.93738
0.911041
1.13231
1.08896
-0.432907
-0.647186
0.560379
0.936584
0.893143
0.827209
0.535904
0.283356

[9]
0.206039
0.12973
0.142883
-0.0240784
-0.500381
-0.816025
-1.48083
-2.40927
-2.63882
-2.6422
-2.10011
-1.07162
1.48552
-1.19449
-1.20534
-0.690048
-0.949509
-0.565903
-0.0450745
-0.174286
-0.0964355
-0.195541
-0.192261
-0.0743103
0.0671234
-0.0341034
-0.0979767
-0.0391235
-0.0525208
-0.107712
-0.103592
0.0396881
0.0817413
0.170029
0.169754
0.309143
0.327255
0.376312
0.749756
2.27512
1.20833
0.968735
1.25856
0.645691
-0.561142
0.481567
0.912033
0.83075
0.637985
0.480621

[10]
0.307907
0.298096
0.203415
0.181168
0.110413
-0.0944214
-0.442154
-0.985413
-2.17265
-2.27278
-2.68655
-2.66695
-1.38301
-0.411331
1.4646
-0.879303
-1.49649
-0.311829
-1.37883
-0.273499
-0.359344
-0.101852
-0.255615
-0.0266876
-0.109818
0.0263214
-0.0018158
0.0313568
-0.118851
-0.233322
-0.184082
-0.0780487
-0.00556946
0.055069
0.00733948
0.131607
0.125473
0.284821
0.262405
0.276077
1.00957
2.0078
1.17024
1.15108
1.09225
-0.142685
-0.635773
0.805496
1.08159
0.715164

[11]
0.596863
0.367538
0.265823
0.210251
0.200638
0.207916
0.0855408
-0.249451
-0.664612
-1.20041
-2.22687
-2.62799
-2.6458
-2.62904
-1.37543
1.44997
-1.12517
-0.528336
-0.991379
-0.903061
-0.475113
-0.43544
0.0766449
-0.115036
0.0332489
-0.175674
-0.0548248
-0.154266
0.0063324
0.0534668
-0.0637817
-0.138092
-0.106827
-0.0539551
0.0538177
0.1073
0.140472
0.166245
0.245987
0.229721
0.276108
0.621826
1.69188
1.59244
1.1796
1.22371
1.08334
-0.287827
-0.0817413
0.641861

[12]
0.895996
0.844727
0.696945
0.371994
0.148499
0.0720367
0.0358276
-0.171707
-0.548767
-0.890472
-1.30031
-1.99646
-2.46809
-2.50954
-2.58275
-2.1429
1.49832
-1.92909
-0.130371
-0.856094
-0.874268
-0.501419
-0.218735
-0.0213928
0.117661
-0.106461
-0.207336
-0.0867615
0.0550842
0.0373383
-0.0477448
-0.137543
-0.140839
0.00994873
0.0605469
0.0357208
0.186478
0.197784
0.201889
0.277588
0.334091
0.274689
1.19719
1.83543
1.15018
1.35707
1.14342
-0.00376892
-0.788681
0.421097

[13]
0.97554
1.07234
0.824448
0.40451
0.267303
0.28476
0.256866
0.175949
0.103027
-0.279495
-0.693787
-1.41461
-2.21483
-2.56842
-2.57919
-2.55789
-0.978943
1.53416
-0.00151062
-1.04539
-0.719101
-1.2099
-0.476776
-0.282074
-0.0831451
-0.0176392
0.0118866
-0.215393
-0.0397186
0.0875702
0.016571
-0.0365143
-0.0559082
-0.0198364
-0.0331268
-0.0449982
0.159943
0.151428
0.198776
0.245453
0.320312
0.356049
0.487625
1.58096
1.7067
1.13315
1.1545
0.902573
-0.173431
0.399277

[14]
1.06284
0.98645
0.725708
0.634506
0.375626
0.289185
0.222626
0.197372
0.125809
-0.103058
-0.561432
-1.21448
-2.18097
-2.6039
-2.62531
-2.61182
-2.10281
1.4969
0.730408
-1.93381
-0.156799
-1.03252
-0.826965
-0.602295
-0.0317993
-0.103867
0.128281
-0.12291
0.0124969
-0.0393829
0.0446472
0.0644531
-0.0958099
-0.121902
-0.103851
-0.0662384
0.0345459
0.0965881
0.163239
0.166245
0.206528
0.35672
0.405838
0.687576
1.90555
1.7159
1.30792
1.14507
0.990662
-0.557388

[15]
0.0191193
0.863083
0.909088
0.860168
0.659332
0.431137
0.254532
0.153214
0.152847
0.137253
-0.448837
-0.848038
-1.32257
-2.47743
-2.63779
-2.64716
-2.61942
-1.40181
1.48958
0.958282
-1.60202
-0.714767
-0.926025
-0.776901
-0.507629
-0.0817566
-0.0631866
0.0227814
-0.115494
0.0215149
-0.0900726
-0.000396729
-0.0598602
-0.0803833
-0.0905914
-0.0793915
-0.0789185
-0.0349121
0.159286
0.145721
0.0924377
0.189041
0.346664
0.337479
0.469452
1.75336
2.04636
1.0912
1.18124
0.518509

[16]
-0.38269
0.831528
1.00468
0.879089
0.591141
0.497223
0.346619
0.321625
0.184982
0.107468
0.0112457
-0.369125
-0.676605
-1.19522
-2.13361
-2.65204
-2.66393
-2.64232
-2.31262
1.47171
0.932495
-1.82135
-0.370605
-1.23911
-0.993134
-0.447098
-0.231064
-0.215088
0.0361023
0.098877
0.0390778
-0.122925
-0.0404205
-0.086853
-0.0337982
-0.126083
-0.1492
-0.103958
-0.0284119
0.086319
0.215668
0.19577
0.142365
0.284943
0.348831
0.4505
1.58104
1.9664
1.51323
1.36792

[17]
0.639542
-0.191879
-0.0722046
0.786636
1.11607
0.957565
0.723358
0.327118
0.20285
0.107941
0.0237885
0.008255
-0.313828
-0.867996
-1.27782
-2.24448
-2.63437
-2.6432
-2.61571
-2.02849
1.06982
1.50682
-1.14619
-1.21672
-0.910919
-0.952332
-0.649719
-0.196838
-0.194946
-0.0856934
-0.0652008
-0.0759735
-0.0244904
-0.0368042
-0.00657654
-0.0563812
0.0463104
-0.0453186
-0.148743
-0.100815
0.100998
0.133743
0.140762
0.204315
0.253036
0.246964
0.310898
1.32439
2.21249
1.27612

[18]
1.26256
1.23538
-0.320724
-0.246552
0.864182
1.16447
0.822937
0.651428
0.370392
0.318604
0.230743
0.113693
0.0992737
-0.212418
-0.523621
-1.00627
-2.02115
-2.61815
-2.64009
-2.62514
-2.55965
0.720062
1.51785
-1.57336
-0.848938
-0.795807
-1.21405
-0.33522
-0.178116
-0.0997314
0.0582886
-0.0446625
-0.0970917
-0.0746613
-0.118851
-0.0610352
-0.0817261
-0.0911407
-0.10817
0.0105743
0.0326538
0.11644
0.122604
0.208954
0.200073
0.33223
0.410858
0.587967
1.61496
1.95255

[19]
1.36095
1.16455
0.843353
-0.51973
0.3703
0.887482
0.979095
0.730667
0.538467
0.405792
0.363556
0.211838
0.23317
0.0716858
-0.363068
-0.639008
-1.00436
-2.24442
-2.60928
-2.62711
-2.61099
-2.56041
1.50874
1.15092
-1.90335
-0.60173
-1.29208
-0.674438
-0.357239
0.0161743
-0.122208
0.0699921
-0.16655
0.0145416
-0.00558472
0.026825
-0.0110474
0.0269318
0.0322113
-0.00418091
-0.0730438
0.0835571
0.172256
0.207504
0.186783
0.319275
0.391876
0.456375
0.690598
2.10469

[20]
1.92563
1.21321
1.44247
0.95369
0.178894
-0.49855
0.745865
0.844711
0.715118
0.642303
0.503342
0.414062
0.277954
0.230606
0.254242
0.206985
-0.335724
-0.705856
-1.5103
-2.52818
-2.62004
-2.62238
-2.478
1.14711
0.29805
-1.48186
-0.726166
-0.965164
-0.848343
-0.409958
0.0539551
-0.0328369
-0.0375214
-0.00718689
-0.135361
-0.0826263
-0.0603638
-0.0657349
-0.0404053
-0.0497589
0.00662231
0.0971527
0.0385742
0.180405
0.269745
0.148209
0.263474
0.381592
0.295898
0.719437

[21]
1.41815
1.29581
1.30348
0.501266
-0.883179
0.61084
1.05244
0.868988
0.690399
0.557755
0.379486
0.329453
0.200897
0.203476
0.0481873
-0.473694
-0.917191
-1.60182
-2.28909
-2.59964
-2.60126
-2.57697
-2.5218
1.5428
-0.112274
-1.44691
-0.822464
-1.18724
-0.596283
-0.0235291
-0.103409
0.0619354
0.119202
-0.0459137
-0.195221
-0.00975037
-0.0088501
-0.0857239
-0.149933
-0.0285187
0.0367737
0.0611572
0.0441895
0.180038
0.227982
0.201477
0.338425
0.398636
0.468887
1.25301

[22]
1.91888
1.61781
1.56229
1.40401
0.675201
-1.18649
0.606918
1.18372
1.14018
0.826904
0.489716
0.1651
0.17746
0.183533
0.114944
-0.225494
-0.591461
-1.19646
-2.11893
-2.58188
-2.6053
-2.59468
-1.80017
-0.0342712
1.54034
-1.28751
-0.768188
-0.713425
-0.890915
-0.567902
-0.21936
-0.157898
0.0335846
0.0332794
-0.0972595
-0.108368
-0.103378
0.0176086
0.0908203
0.0286255
-0.0065155
-0.0458984
-0.108643
0.0320129
0.0802307
0.272736
0.239716
0.288834
0.422775
0.555939

