[1]
-0.580872
-0.512421
-0.804688
-0.244324
-0.0875092
-0.146286
-0.171616
-0.150558
-0.0878754
-0.12323
-0.0702667
0.0406952
-0.0117188
0.00939941
-0.0180054
-0.000915527
0.0214844
0.0314484
0.0116119
-0.00289917
0.0131531
-0.039444
-0.0207672
-0.0914459
-0.130798
-0.212128
-0.228928
-0.326187
-0.416641
-0.462219
-0.656387
-1.06155
-1.07658
-1.0928
-0.969101
-0.847137
-0.211945
0.861847
0.178406
0.277573
0.821594
0.783051
0.753525
0.760834
0.668869
0.57547
0.505722
0.417709
0.174179
-0.0870209

[2]
-0.484344
-0.973419
-1.13441
-1.1837
-1.09572
-1.24576
-0.769211
-0.582825
-0.696457
-0.737366
-0.801819
-0.254272
-0.36438
-0.0701447
-0.0592651
0.0280914
-0.162827
0.038147
-0.0120239
0.0495758
-0.0168762
0.014389
-0.0232697
-0.0218048
0.0106506
-0.00204468
-0.0226135
-0.0641479
-0.120605
-0.141373
-0.12326
-0.209061
-0.286362
-0.387909
-0.493668
-0.515488
-0.786438
-1.08728
-1.10428
-1.11147
-1.10361
-0.407867
0.689011
0.118164
0.485046
0.645187
0.755173
0.752975
0.745407
0.68576

[3]
0.611115
0.556152
0.448181
0.190933
-0.151154
-0.609787
-1.07787
-1.13063
-1.17958
-1.11887
-0.992523
-0.727966
-0.370483
-0.502914
-0.580109
-1.05676
-0.265244
-0.340057
-0.109741
-0.0916443
0.0332336
0.0190582
-0.0566101
0.00860596
0.00421143
0.0520782
-0.0172424
-0.00189209
-0.0421753
-0.0273438
-0.028183
-0.0534668
-0.0585327
-0.067337
-0.126389
-0.139008
-0.145157
-0.297501
-0.381409
-0.460373
-0.481491
-0.676208
-1.0779
-1.09566
-1.11417
-0.98671
-0.839539
0.388718
0.122314
0.019043

[4]
0.822174
0.736343
0.760727
0.75531
0.70874
0.634064
0.56395
0.451584
0.295883
-0.00198364
-0.320465
-0.81897
-1.10785
-1.15349
-1.13193
-0.945786
-0.837967
-0.758484
-0.287445
-0.370346
-0.972198
-0.0184937
-0.570587
-0.186157
-0.0968475
-0.0187225
0.0300598
-0.0595245
0.000518799
0.0232086
0.0452271
-0.00643921
-0.0340271
-0.0401306
-0.0190582
-0.0187988
-0.0181274
-0.0761414
-0.0795288
-0.0552216
-0.159622
-0.202988
-0.285156
-0.374359
-0.459396
-0.529449
-0.781693
-1.06169
-1.07683
-1.0945

[5]
-1.0163
-0.543793
0.732895
-0.041275
0.119644
0.914398
0.779709
0.735184
0.747589
0.697815
0.631638
0.522125
0.364182
0.0858002
-0.462723
-1.03268
-1.11772
-1.1788
-1.23291
-1.24248
-0.701294
-1.10754
-0.192078
-0.31514
-1.08441
-0.602737
-0.329407
-0.159592
0.012085
-0.0943604
0.0816956
-0.0329895
-0.0528564
-0.02742
-0.0176544
0.0164337
0.0516815
-0.0144653
-0.00950623
-0.0449219
-0.0287476
-0.0419922
-0.0783997
-0.132263
-0.150375
-0.147034
-0.293213
-0.316772
-0.430893
-0.497192

[6]
-0.801804
-1.05016
-1.06293
-1.06673
-0.855972
-0.391434
0.849579
0.162659
0.163391
0.802429
0.803574
0.791016
0.811554
0.73175
0.627777
0.529495
0.401627
0.182648
-0.276184
-0.693192
-1.12743
-1.18909
-1.24228
-1.15298
-0.95961
-0.803833
0.193359
-0.367188
-1.06023
-0.551132
-0.22731
-0.256638
-0.0634613
-0.185181
-0.0206757
-0.108475
-0.0210114
-0.0173645
-0.0127716
0.00456238
-0.0135498
0.0214996
-6.10352e-05
-0.0419006
-0.0605316
-0.0672302
-0.102951
-0.143631
-0.157501
-0.162094

[7]
-0.285355
-0.363449
-0.402542
-0.438705
-0.628159
-1.05257
-1.06445
-1.07941
-0.962708
-0.791962
0.451538
0.237671
0.225555
0.746811
0.845581
0.835693
0.837952
0.777924
0.692825
0.601578
0.477112
0.331848
-0.000137329
-0.365402
-0.885513
-1.16586
-1.23083
-1.28159
-1.31111
-0.664948
-0.43277
-0.258072
-0.56459
-0.908279
-0.327118
-0.323608
-0.0952911
-0.0903168
-0.00389099
-0.0585938
-0.101776
-0.0444183
-0.0147552
0.0332489
0.0170288
-0.0189972
-0.0599976
-0.0308838
0.0209503
-0.00552368

[8]
-0.0354614
-0.0930481
-0.162659
-0.118423
-0.300476
-0.353851
-0.473358
-0.489838
-0.585464
-1.05029
-1.06477
-1.07927
-0.94635
-0.8181
0.120697
0.619385
0.108353
0.546616
0.752502
0.71933
0.721054
0.72496
0.685501
0.607376
0.551834
0.403137
0.121185
-0.259048
-0.740829
-1.14046
-1.20148
-1.25085
-1.0804
-1.27879
-0.789841
-0.427612
-0.451843
-0.822678
-0.251831
-0.443939
-0.146469
-0.0148773
-0.0698242
-0.038681
-0.0910187
-0.0516357
-0.0128326
0.0349731
-0.02034
-0.0158234

[9]
-0.0189056
-0.00404358
-0.0240784
-0.0513611
-0.089859
-0.103516
-0.189545
-0.12558
-0.221893
-0.340042
-0.357224
-0.451126
-0.500168
-0.849014
-1.07285
-1.08487
-1.08839
-1.11333
-0.224686
0.535126
0.0288544
0.47551
0.886887
0.832779
0.850372
0.862717
0.750519
0.691727
0.607101
0.538452
0.329437
-0.0258026
-0.462372
-0.942001
-1.14192
-1.19824
-1.24118
-1.23012
-0.716995
0.171936
-0.301071
-0.724503
-0.77916
-0.139664
-0.558655
-0.0488434
-0.16008
0.0580597
-0.0387573
-0.0598297

[10]
-0.00149536
0.014328
0.0090332
-0.00860596
-0.00799561
-0.0324249
-0.028183
-0.0419922
-0.0638275
-0.0694885
-0.119339
-0.149399
-0.16954
-0.267654
-0.34285
-0.447586
-0.46138
-0.665756
-1.07173
-1.08549
-1.10167
-1.00861
-0.883499
0.36351
0.0246124
0.0924225
0.7883
0.661148
0.736069
0.778976
0.749069
0.636551
0.594818
0.472687
0.227295
-0.153839
-0.539078
-1.1041
-1.16263
-1.21571
-1.16837
-0.969177
-0.642517
-0.663742
-0.0957489
-0.28447
-0.915009
-0.656281
-0.269684
-0.397278

[11]
-0.189011
0.0375824
0.0410309
-0.120499
0.0325165
0.028656
0.0448456
0.0273895
0.0251465
-0.0250244
-0.0460052
-0.0339661
-0.0284119
-0.113647
-0.174393
-0.157608
-0.258942
-0.25148
-0.386398
-0.446396
-0.486115
-0.703812
-1.06279
-1.07872
-1.0963
-1.05748
-0.645309
0.518173
0.0289917
0.171387
0.884247
0.736389
0.751953
0.778275
0.708084
0.651108
0.598282
0.489838
0.320465
-0.0582123
-0.481171
-1.09274
-1.15242
-1.20969
-1.25151
-0.991608
-0.650604
0.241333
-0.393326
-1.06636

[12]
-0.647873
-0.344391
-0.228424
-0.105499
-0.0910645
0.0582733
-0.100464
-0.0201569
0.0175018
0.0495453
-0.00210571
-0.00234985
-0.0411987
-0.0545654
-0.0670319
-0.0701752
-0.0887299
-0.163498
-0.208588
-0.161194
-0.291519
-0.359268
-0.552887
-0.484375
-0.751404
-1.06602
-1.08083
-1.09941
-1.12589
-0.656784
0.672714
-0.225159
0.103989
0.915588
0.820007
0.787964
0.829681
0.705902
0.609665
0.464432
0.389465
0.20636
-0.0413055
-0.451294
-1.03131
-1.12372
-1.16656
-1.12508
-1.21399
-0.658844

[13]
-0.34787
-0.539505
-1.13339
-0.12439
-0.387039
-0.159958
-0.0593262
-0.0708008
0.0253296
-0.0803986
-0.0175476
0.056076
0.045639
0.00515747
-0.0112
-0.0600739
-0.0381775
-0.0553589
-0.02771
-0.0642853
-0.0826111
-0.163452
-0.14241
-0.28595
-0.391022
-0.465805
-0.527649
-0.59819
-1.07079
-1.08693
-1.1037
-1.05811
-0.999237
0.4048
0.26329
0.0191498
0.712753
0.790115
0.715302
0.742783
0.676086
0.560272
0.469315
0.302811
0.0383148
-0.292145
-0.786072
-1.09982
-1.15292
-1.19772

[14]
-1.02628
-0.812439
-1.05113
0.132584
-0.345596
-0.662781
-1.12593
-0.270233
0.0404358
-0.46344
-0.246399
0.0298004
0.03479
-0.142899
0.0135651
0.050415
0.0661469
0.0250702
0.0346375
-0.0212555
-0.0218658
-0.0322876
-0.0574036
-0.0775757
-0.175583
-0.141052
-0.270462
-0.304626
-0.411835
-0.50766
-0.607697
-1.00174
-1.0851
-1.10347
-1.12657
-0.989029
-0.322342
0.627914
0.183792
0.623322
0.745895
0.758789
0.749786
0.745483
0.655029
0.593613
0.461563
0.319046
-0.0526581
-0.375763

[15]
-0.816589
-1.12283
-1.17625
-1.21799
-1.13144
-0.903152
-0.712631
-0.485199
-0.379761
-0.967178
-0.0884094
-0.468414
-0.280502
-0.215271
0.0960693
0.0259247
-0.0500946
-0.0227814
-0.0136871
0.0927124
0.0323181
0.0315857
0.00537109
0.0100708
0.00361633
-0.0350342
-0.0259399
-0.145477
-0.18515
-0.188049
-0.352768
-0.348816
-0.483261
-0.477356
-0.710236
-1.06227
-1.07678
-1.09256
-1.05876
-0.86441
0.225204
0.255646
0.404724
0.653915
0.798065
0.794479
0.794296
0.784866
0.675598
0.620636

[16]
0.549088
0.431076
0.17717
-0.248672
-0.782394
-1.11258
-1.1696
-1.21724
-1.13615
-0.974335
-0.883484
-0.312805
-0.3255
-0.867004
-0.35498
-0.123444
-0.3918
-0.0947418
-0.160034
0.0231934
-0.125641
-0.0232391
0.00732422
0.0529327
0.0182495
0.0259247
-0.0203247
-0.0314026
-0.0191345
-0.00550842
-0.0141754
-0.0807648
-0.127441
-0.101883
-0.147324
-0.262375
-0.41095
-0.458878
-0.545975
-0.883163
-1.06824
-1.08136
-1.08511
-0.982834
-0.452271
0.764694
0.112076
0.159637
0.775146
0.746567

[17]
0.793015
0.796295
0.725647
0.627655
0.567184
0.421692
0.159622
-0.2258
-0.740295
-1.11462
-1.17064
-1.21732
-0.957977
-0.886932
-0.817322
-0.490341
-0.771698
-0.922699
-0.333313
-0.363159
0.0892181
-0.0649872
-0.000518799
-0.0738678
0.0379333
-0.0436249
0.03685
-0.0165253
0.00871277
-0.00769043
-0.0419617
-0.0256042
-0.0717468
-0.0706482
-0.0592346
-0.118149
-0.171951
-0.206696
-0.299789
-0.392197
-0.490036
-0.581955
-1.06273
-1.0789
-1.09413
-1.11696
-1.06328
0.0748901
0.442795
0.330353

[18]
0.676636
0.793152
0.840607
0.842804
0.78685
0.660202
0.583313
0.47879
0.346069
-0.0163879
-0.405685
-0.857468
-1.11986
-1.17233
-1.13026
-1.16682
-1.1721
-0.777603
-0.670273
-0.348251
-0.861328
-0.216537
-0.479248
0.0149231
-0.142899
0.0718994
-0.00769043
-0.0775757
0.017868
0.022171
0.0726929
0.024765
0.000946045
-0.0487823
-0.0201416
-0.024704
-0.0694427
-0.0839691
-0.135559
-0.158646
-0.195267
-0.296173
-0.424805
-0.531815
-0.528503
-0.83696
-1.07661
-1.09409
-1.11539
-1.14308

[19]
-0.572235
0.795624
-0.174286
0.118195
0.864471
0.854172
0.782776
0.820618
0.683899
0.624466
0.522186
0.422424
0.235306
-0.216873
-0.600708
-1.0937
-1.14919
-1.19778
-1.05176
-1.01703
-1.18698
0.106552
-0.366638
-0.695236
-1.00539
-0.274017
-0.379196
0.0663605
-0.0641174
0.062851
-0.0151978
-0.0427704
-0.0538635
-0.000656128
0.0100861
0.006073
0.0173187
-0.0328369
-0.0193787
-0.0430298
-0.0250092
-0.051239
-0.0575256
-0.102158
-0.145996
-0.224503
-0.365311
-0.448318
-0.507187
-0.65976

[20]
-1.064
-1.07858
-1.09569
-1.05501
-0.952209
0.2612
0.436646
0.381912
0.625748
0.871201
0.811737
0.82814
0.80658
0.699265
0.585419
0.466141
0.331253
-0.0661011
-0.566681
-1.08467
-1.14294
-1.19478
-1.20978
-1.25433
-0.767715
-0.251709
-0.509247
-1.16046
-0.456528
-0.196411
-0.333572
-0.00294495
-0.0931396
0.0238647
-0.0459137
-0.0285645
0.0302887
0.0346222
0.0158234
-0.025528
-0.0203705
-0.0143585
-0.0257416
-0.0441284
-0.101624
-0.154312
-0.218933
-0.205933
-0.295959
-0.381104

[21]
-0.456726
-0.479279
-0.802917
-1.08121
-1.09976
-1.10786
-1.02115
-0.569931
0.873962
0.209213
0.0192108
0.958588
0.763428
0.692017
0.699173
0.603439
0.537415
0.430923
0.290741
0.00973511
-0.420746
-0.954041
-1.14604
-1.20547
-1.25113
-1.04778
-0.78096
-0.896408
-0.102524
-0.369766
-1.18686
-0.621841
-0.448792
-0.110291
-0.0631104
0.0160217
0.00604248
-0.0758667
0.0496826
0.00836182
0.0634155
0.029007
0.00262451
-0.0537262
-0.0545807
-0.0563354
-0.0362549
-0.0601807
-0.1129
-0.16185

[22]
-0.14856
-0.244827
-0.349747
-0.451279
-0.507568
-0.773865
-1.0593
-1.07324
-1.08955
-0.886429
-0.794708
0.584
0.114777
0.0104828
0.821091
0.749451
0.829941
0.804489
0.75325
0.640411
0.575806
0.45343
0.270004
-0.0728912
-0.462082
-0.875992
-1.17566
-1.23746
-1.28432
-1.16994
-0.919937
-0.903687
-0.149948
-0.347229
-1.15474
-0.610779
-0.288971
-0.53064
-0.129135
-0.119202
-0.00367737
-0.0774384
-0.0214081
-0.0223389
0.0245972
0.0291138
0.0174866
0.00524902
-0.0319061
-0.0250244

[23]
-0.0574493
-0.0891418
-0.140213
-0.176498
-0.227142
-0.310486
-0.430267
-0.534714
-0.560638
-1.02548
-1.05992
-1.07283
-1.07866
-0.93187
-0.146347
0.746552
0.297562
0.429382
0.735336
0.716553
0.732513
0.759094
0.692459
0.614594
0.507095
0.311157
-0.0496063
-0.410645
-0.939545
-1.17442
-1.2336
-1.27708
-1.02835
-1.07018
-0.776642
-0.568481
-0.591599
-1.0656
-0.198242
-0.405151
-0.15567
-0.143524
0.0671082
-0.0814972
-0.00642395
-0.0365753
0.0161896
0.00152588
0.0302124
0.016037

[24]
0.00117493
-0.014801
-0.0528107
-0.0428467
-0.0859985
-0.143402
-0.17337
-0.192764
-0.323807
-0.454956
-0.536407
-0.622986
-1.03772
-1.05814
-1.07275
-1.09247
-1.02249
0.0996399
0.595825
0.00271606
0.590881
0.850418
0.787354
0.740311
0.726196
0.603088
0.54892
0.393799
0.199295
-0.145218
-0.614395
-1.06125
-1.14948
-1.19901
-0.882629
-1.08492
-0.770386
-0.898071
-0.140396
-0.393646
-1.18005
-0.16684
-0.546082
-0.133865
-0.294128
0.0787964
-0.0789795
-0.00721741
-0.0336151
0.0489655

