[1]
-0.231812
-0.367294
-0.284637
0.0215149
-0.207718
-0.194275
-0.181595
-0.2724
-0.174118
-0.109024
-0.0544586
-0.0703888
-0.099884
-0.0567932
-0.0425262
-0.0548401
-0.0740509
-0.0454102
-0.149963
-0.168106
-0.162781
-0.202286
-0.151138
-0.177048
-0.117096
-0.103622
-0.0708466
0.0120697
0.0349884
0.0105438
0.00976562
0.0670319
0.126801
0.18306
0.160034
0.737396
1.29169
0.82016
0.52919
0.511322
0.125626
0.112534
0.069458
0.577286
0.773788
0.603806
0.529144
0.378708
0.284698
0.252151

[2]
0.238403
0.170868
0.0595703
0.167603
-0.198242
-0.68396
-1.19707
-1.4745
-2.15776
-2.62582
-1.87231
-0.52269
0.424454
0.27005
-0.542603
-0.0871735
-0.944275
-0.182907
-0.12851
-0.195084
-0.205887
-0.0564423
-0.113953
-0.0689087
-0.0673218
-0.067627
-0.031311
-0.0473785
-0.0933838
-0.157791
-0.180542
-0.150742
-0.04776
-0.0382538
-0.0911407
-0.142303
-0.0792847
-0.0606842
-0.0754852
-0.113388
-0.0826111
0.0179596
0.00869751
0.0173187
-0.00172424
0.0843201
0.138962
0.122192
0.158295
0.604477

[3]
1.29332
1.03917
0.750198
0.520004
0.473785
0.0310059
-0.046524
0.412506
0.761414
0.690048
0.568466
0.450165
0.326935
0.266983
0.27301
0.265244
0.215714
0.00439453
-0.315414
-0.546799
-1.12289
-1.55717
-1.74706
-2.0464
-1.90096
-1.47932
-0.916
0.124527
1.25597
-0.351486
-0.792496
-0.376862
-0.125122
-0.18895
-0.292572
-0.365845
-0.111969
-0.202042
-0.0360565
-0.00985718
-0.10463
-0.0501862
-0.0366974
-0.0970001
-0.0554962
-0.0634766
-0.0563049
-0.08992
-0.113541
-0.0431671

[4]
-0.0335846
-0.0811157
-0.0832977
-0.100769
-0.048172
-0.0148468
0.0358124
0.0422211
0.0673981
0.0992126
0.102005
0.278152
0.409836
0.533951
1.32706
0.879883
0.761505
0.519653
0.572937
0.0653534
-0.0157471
0.479691
0.964294
0.708633
0.5215
0.391693
0.292145
0.268494
0.168503
0.106277
0.0890503
0.0816345
-0.182404
-0.684433
-1.40707
-1.84142
-1.91957
-2.41026
-2.32091
-1.8073
1.25099
0.257553
-0.589188
-0.0927582
-0.571945
-0.164856
-0.432999
-0.130737
-0.188644
-0.123184

[5]
-0.147034
-0.0545654
-0.0491638
-0.130051
-0.0538788
-0.0871124
-0.0776062
-0.0862732
-0.0976257
-0.0275116
-0.105453
-0.0977478
-0.0537872
-0.0520477
-0.0369873
-0.00511169
-0.0383453
0.0117493
0.0348206
0.0578461
0.0904388
0.144791
0.216339
0.204285
0.619583
1.57655
0.907257
0.890549
0.632187
0.472
-0.118866
-0.142395
0.352936
0.904099
0.699982
0.504242
0.405807
0.278687
0.275284
0.294525
0.251526
0.211929
-0.0176392
-0.206467
-0.825027
-1.33839
-1.76752
-2.41008
-2.61122
-1.91006

[6]
-0.317459
1.46564
-0.359192
-0.528015
-0.70192
-0.402771
-0.423248
-0.278656
-0.0402679
-0.0439301
-0.0419922
-0.0790405
0.00602722
-0.00198364
-0.0348206
-0.0659637
-0.0604095
-0.0406036
-0.0442963
-0.108185
-0.115387
-0.0785065
-0.0651093
-0.105667
-0.0773468
-0.0699921
-0.0268402
0.0588684
0.0674896
0.0432892
0.0818481
0.0652313
0.113876
0.190201
0.101547
1.26892
1.35187
1.15746
0.788788
0.769608
0.304886
-0.0221405
-0.0350647
0.474487
0.864868
0.680573
0.558533
0.428024
0.278961
0.215973

[7]
0.139053
0.0108337
-0.157974
-0.385025
-0.938309
-1.58223
-1.77954
-2.10361
-2.59033
-1.81276
-0.0938416
1.4903
-0.493912
-0.485657
-0.575516
-0.403229
-0.350525
-0.309921
-0.192215
-0.0509796
-0.121155
-0.103073
-0.00616455
0.00743103
-0.0422363
-0.0078125
-6.10352e-05
-0.020462
-0.106232
-0.0524902
0.0189819
0.00559998
-0.0944672
-0.0487823
-0.0480499
-0.037384
-0.035614
0.00854492
0.0153961
0.047699
0.0042572
-0.0118103
0.017807
0.118225
0.178986
0.637268
1.16798
1.05278
0.838959
0.705215

[8]
0.621017
0.222382
-0.0592041
0.0464783
0.338425
0.743713
0.654114
0.566589
0.433502
0.299271
0.246857
0.308533
0.278931
0.296722
-0.123932
-0.3461
-0.729309
-1.32887
-1.61635
-2.36992
-2.58351
-1.57069
-0.798004
1.50909
-0.10556
-0.576935
-0.764938
-0.491364
-0.378174
-0.235382
-0.0816498
-0.150635
-0.159958
-0.0273285
-0.0653839
-0.0895081
-0.022522
0.0164948
0.0115051
-0.0247803
-0.0406494
-0.0304108
-0.100052
-0.0762177
-0.0457916
-0.0384216
-0.0605469
-0.0318146
0.0520172
0.0536804

[9]
0.0703888
0.088913
0.0305786
0.0639343
0.16185
0.187988
1.03667
1.50249
0.653458
0.615051
0.801727
0.623627
0.0621338
0.032135
0.585846
0.788498
0.543335
0.466171
0.394119
0.286896
0.257019
0.254608
0.175522
0.193359
0.0477448
-0.421036
-0.943527
-1.50032
-1.73856
-2.46808
-2.57527
-1.65665
0.0137482
1.30988
-0.309586
-1.08334
-0.6819
-0.345078
-0.288177
-0.0782166
-0.0675507
-0.114868
-0.0955048
0.00952148
-0.038681
-0.078186
-0.0509338
-0.0932922
-0.045517
-0.0659943

[10]
-0.0731964
-0.0996704
-0.118088
-0.0856018
-0.0501709
-0.0789337
-0.095108
-0.0599365
-0.0243835
-0.0235748
0.0223694
0.0584717
0.0435486
0.0851746
0.1091
0.103851
0.100037
1.34416
1.26372
0.420074
0.798538
0.562988
0.407104
0.119751
0.0550232
0.306381
0.732422
0.691254
0.534897
0.354996
0.259094
0.225555
0.297012
0.25531
0.155533
-0.00427246
-0.366974
-0.65918
-1.23833
-1.44821
-1.78432
-2.1635
-2.17781
-1.27097
-1.23631
1.09467
0.682556
-0.559601
-0.345322
-0.53952

[11]
-0.189148
-0.253967
-0.220047
-0.137924
-0.199951
-0.159241
-0.0612183
-0.0504456
-0.0734253
-0.0948944
-0.0891724
-0.0491333
-0.0876312
-0.0456696
-0.0167389
-0.035553
-0.0978241
-0.0637665
-0.0737152
-0.0652161
-0.0608978
-0.0824432
-0.0660553
-0.0666809
-0.0281219
-0.0184021
0.04599
0.056427
0.00508118
0.0222778
0.0944672
0.132919
0.105972
0.442093
1.10362
0.569794
0.773178
0.59726
0.620026
0.312012
0.112869
-0.201675
0.360565
0.783356
0.671127
0.535934
0.448044
0.270126
0.19635
0.21701

[12]
0.136658
0.0985565
-0.00270081
-0.458344
-0.959854
-1.49516
-1.68187
-2.2491
-2.58876
-1.37872
-0.823486
1.50662
-0.0281525
-0.803543
-0.327728
-0.492767
-0.343811
-0.263931
-0.165604
0.0545807
-0.187332
-0.162918
-0.0838776
-0.0450134
-0.0457611
-0.0318298
-0.063385
-0.0852814
-0.0494385
-0.0827484
-0.014267
0.0153656
-0.00814819
-0.0653687
-0.105621
-0.0882721
-0.054306
-0.0219116
-0.0123444
0.000976562
-0.0119171
0.0122986
0.0445557
0.122147
0.148636
0.187225
0.812378
1.22632
0.357529
0.565323

[13]
0.570404
0.279648
0.465622
0.0648499
0.610596
0.651596
0.555725
0.461594
0.43541
0.403015
0.321609
0.247513
0.225143
0.204025
0.105194
-0.0168304
-0.305832
-0.732376
-1.14194
-1.68596
-1.94588
-2.3089
-2.26477
-1.58475
0.0290985
1.48657
-1.01129
-0.86116
-0.578094
-0.0864258
-0.294189
-0.13208
-0.144638
-0.1689
-0.0375061
-0.0210419
-0.0418396
0.0161133
-0.0186157
-0.0877991
-0.0903015
-0.103989
-0.12825
-0.0608368
-0.0834503
-0.0799713
-0.0760956
-0.0645752
-0.0420685
-0.0636139

[14]
-0.00422668
0.00778198
0.0228424
0.0421295
0.0585938
0.0561218
0.131653
0.216888
0.171967
0.777328
1.7095
0.54422
0.584396
0.527283
0.403183
0.21315
-0.0092926
0.502075
0.740677
0.633789
0.500916
0.406387
0.306351
0.339996
0.403091
0.326599
0.0173492
-0.0581207
-0.356628
-0.751358
-0.968781
-1.4985
-1.73627
-2.20897
-2.32913
-1.24423
-1.10068
0.89267
0.591125
-1.24135
-0.478806
-0.37262
-0.239365
-0.379562
-0.0141907
-0.0915527
-0.0820618
-0.013855
-0.0639954
-0.0889435

[15]
-0.0358429
-0.137772
-0.0752106
-0.0334473
-0.0239716
-0.022171
-0.0726776
-0.0665436
-0.0480042
-0.0516815
-0.111557
-0.0663147
-0.00901794
-0.0141144
0.0125885
0.0492859
0.0414276
0.0581512
0.116638
0.174744
0.190948
0.314514
1.13055
1.25618
0.69986
0.735672
0.551636
0.198563
-0.0194244
0.163269
0.705338
0.820496
0.656693
0.502853
0.267807
0.155319
0.243317
0.278778
0.116058
0.0788116
-0.147522
-0.340073
-0.77771
-1.30756
-1.4062
-1.7202
-2.58266
-2.16492
-1.15634
1.50311

[16]
-0.183334
-0.76384
-0.62529
-0.296234
-0.151016
-0.337708
-0.164154
-0.0572357
-0.0557709
-0.0687103
-0.0723267
-0.0860901
-0.121506
-0.0645142
-0.104813
-0.100555
-0.068512
-0.0213165
-0.0233765
-0.0584869
-0.0917206
-0.0691223
-0.0861511
-0.0691528
0.00587463
0.00279236
0.024292
0.0434723
0.0274506
0.0751801
0.0869446
0.118668
0.22995
0.16925
0.575531
2.0477
0.621628
0.843933
0.648438
0.290802
-0.242111
0.125031
0.422089
0.916046
0.704086
0.547119
0.458694
0.25209
0.321838
0.346771

[17]
0.157959
-0.0567474
-0.176453
-0.442535
-0.807571
-1.24101
-1.43788
-1.69055
-1.95244
-1.97112
-1.36681
-1.11549
1.5
-0.380249
-0.974701
-0.23761
-0.250031
-0.280457
-0.369919
-0.147064
-0.125107
-0.0499878
-0.0278168
0.00946045
-0.0705719
-0.0524139
0.0201416
-0.0841217
-0.0960541
-0.0308533
-0.0414581
-0.0562592
-0.0686798
-0.0812683
-0.0644073
-0.0790253
-0.0303345
-0.0358124
-0.0134888
-0.0338745
0.0306244
0.0270691
0.0514526
0.101822
0.153519
0.185104
0.196274
0.464218
1.3143
0.763977

[18]
0.824326
0.6595
0.710007
0.162399
0.170151
-0.129303
0.595581
0.952927
0.641861
0.522934
0.319489
0.246933
0.298264
0.266663
0.151794
-0.0708008
-0.18074
-0.479324
-0.676727
-1.00595
-1.2334
-1.32732
-1.49486
-1.93327
-1.71609
-1.23593
0.146286
0.738892
-0.632187
-0.618683
-0.290482
-0.124634
-0.345657
-0.244247
-0.134964
-0.0708466
-0.096344
-0.0895844
-0.124573
-0.0448761
-0.0400391
-0.090744
-0.0566254
-0.0037384
-0.00177002
-0.00692749
-0.0786896
-0.0739136
-0.0775909
-0.07547

[19]
-0.0823059
-0.0632477
-0.0571747
-0.0102692
-0.00187683
0.0344086
0.0376892
0.0506439
0.0904846
0.132095
0.273941
0.285797
0.362488
1.41394
1.07947
0.518936
0.550064
0.460068
0.0181427
-0.0167084
0.245773
0.73259
0.779861
0.572083
0.478546
0.309326
0.276413
0.295105
0.267807
0.0807037
-0.028595
-0.27536
-0.416351
-0.634125
-0.909042
-1.30371
-1.62982
-1.96985
-1.57378
-1.05576
-1.10376
-0.672012
0.908081
0.174438
-0.860291
-0.348618
-0.157394
-0.221283
-0.331757
-0.207596

[20]
-0.174301
-0.107956
-0.0141296
0.00198364
-0.00189209
0.0249786
-0.0129395
-0.056488
-0.0334473
0.0267639
-0.0164337
0.00291443
-0.0482025
-0.0921783
-0.0596619
-0.0654602
-0.0829468
-0.055603
-0.0584106
0.0119629
0.00819397
0.0360413
0.0534821
0.0632324
0.0531921
0.0397949
0.044632
0.2323
0.259384
0.305344
0.686508
1.06099
0.706985
0.606995
0.732513
0.517715
0.0970306
-0.187866
0.542938
0.801056
0.63916
0.530197
0.442993
0.355804
0.28421
0.264923
0.141403
-0.011795
-0.228729
-0.425507

[21]
-0.883362
-1.34973
-1.40427
-1.43256
-1.55275
-1.61418
-1.21875
-1.15247
-0.174179
1.5481
-0.458298
-0.605804
-0.416336
-0.267654
-0.211777
-0.205002
-0.124512
0.00880432
-0.100754
-0.0199585
0.0263977
0.00138855
0.0496216
0.0385284
-0.0521698
-0.0252686
-0.0113831
-0.0664062
-0.0891876
-0.0271149
-0.00724792
-0.0131836
-0.0307465
-0.0598602
-0.0727539
-0.0606689
0.00617981
0.0336914
0.0452271
0.0781708
0.107193
0.130966
0.198608
0.235214
0.162857
1.27725
1.3587
0.424881
0.686554
0.612946

[22]
0.186264
0.169693
0.278442
0.634995
0.753296
0.603241
0.499756
0.373001
0.309174
0.288284
0.274063
0.235413
0.106598
-0.176743
-0.256607
-0.71312
-1.28427
-1.49092
-1.6423
-1.80418
-1.94493
-1.60303
-1.26898
1.52916
0.168854
-0.926651
-0.157257
-0.471893
-0.221725
-0.290253
-0.28952
-0.167618
-0.09552
-0.106949
0.0108032
0.0656891
0.051712
0.0040741
-0.0096283
-0.00941467
0.00856018
0.0523224
0.0249939
0.0214386
-0.0468903
-0.110397
-0.095932
-0.0985107
0.00331116
0.0146179

[23]
0.0294342
0.0149841
0.00102234
0.0542908
0.089325
0.0725403
0.18045
0.217163
0.47879
1.166
1.05664
0.422791
0.740356
0.715942
0.462173
0.273163
0.104324
0.572052
0.778687
0.614197
0.515869
0.396881
0.307968
0.258377
0.251144
0.13855
0.0492249
-0.111221
-0.285706
-0.640839
-1.20279
-1.63766
-1.83838
-2.47797
-2.00761
-0.912796
-0.318619
1.22948
0.0595398
-0.448822
-0.871536
-0.197449
-0.31546
-0.334076
-0.249619
-0.137802
-0.0935974
0.0218811
-0.0427856
-0.0566559

[24]
-0.0516357
-0.0692291
-0.0462799
-0.0859222
-0.0609131
-0.031311
-0.044342
-0.0517883
-0.0594482
-0.0756073
-0.0819397
-0.0417633
-0.0399628
-0.00566101
0.0316925
0.0369263
0.0885315
0.0714874
0.12944
0.178101
0.24086
0.339737
1.13632
1.13741
0.567902
0.858093
0.734848
0.122711
0.103394
0.227692
0.77771
0.892731
0.573883
0.512619
0.348328
0.189316
0.281052
0.246857
0.13205
-0.0184174
-0.406448
-0.697067
-1.27036
-1.5919
-1.655
-1.91713
-1.93948
-1.59521
-0.886078
0.032547

[25]
1.50467
-0.64592
-0.746231
-0.520905
-0.163147
-0.238525
-0.340469
-0.197678
-0.120789
-0.0402679
-0.0353699
0.0143433
-0.0607758
-0.0857391
-0.0593262
-0.0439606
-0.0626373
-0.0601349
-0.0314331
-0.00241089
-0.0040741
-0.0973511
-0.069519
-0.0205383
-0.0292206
-0.0461884
-0.0497894
-0.0428467
0.0578461
0.0849762
0.143875
0.170792
0.266174
0.247253
0.40242
1.39203
0.520203
0.763321
0.657425
0.554321
0.0589142
-0.0554047
0.382004
0.938431
0.751144
0.528976
0.418823
0.287048
0.289886
0.226089

[26]
0.2034
0.0865326
-0.0116272
-0.291016
-0.598801
-1.14586
-1.66617
-1.67383
-1.91803
-2.02751
-1.62109
-0.768845
1.49826
-0.77066
-0.7061
-0.231827
-0.133652
-0.439255
-0.312576
-0.151108
-0.112839
-0.111053
-0.0168152
0.00924683
-0.0119629
0.0860138
0.0148773
-0.0207214
-0.0347443
-0.0394897
-0.0571136
-0.120728
-0.132431
-0.0961609
-0.0410004
-0.0539551
-0.0389557
-0.00106812
0.0498962
0.0103149
0.0126953
0.0761414
0.0879364
0.078949
0.161697
0.173477
0.210205
0.713623
1.36691
0.702057

[27]
0.676361
0.197723
0.387024
0.292191
0.320618
0.513474
0.628448
0.605728
0.539413
0.418167
0.312225
0.298615
0.291245
0.226242
0.0869141
-0.0908813
-0.426849
-0.750259
-1.1105
-1.32011
-1.44171
-1.62813
-1.89815
-1.40106
-1.11214
0.163284
1.06569
-0.602264
-0.668762
-0.372101
-0.187866
-0.211761
-0.322617
-0.235214
-0.22496
-0.133759
-0.0173645
0.0197601
-0.0142822
0.0124969
-0.00927734
-0.0320129
-0.0572205
-0.0128326
-0.0305328
-0.114944
-0.0985718
-0.0241241
-0.0292053
-0.0506744

[28]
-0.069397
-0.00276184
-0.01091
0.00175476
0.0187836
0.0190277
0.0502472
0.0675354
0.101822
0.235672
0.13501
0.538879
1.52075
0.940598
0.527847
0.603928
0.574982
0.25354
0.0735474
0.317551
0.668839
0.744202
0.628342
0.456451
0.305252
0.253281
0.271118
0.252319
0.105453
0.0098114
-0.252731
-0.500626
-1.13957
-1.44
-1.53793
-1.73102
-1.91711
-1.576
-1.32214
0.498459
1.50758
-0.998322
-0.495422
-0.295166
-0.178345
-0.31636
-0.27063
-0.243164
-0.164474
-0.072464

[29]
-0.0279846
-0.0371552
-0.0656281
-0.0367584
-0.0239563
-0.0370941
-0.043335
-0.00938416
0.0396881
-0.0319977
-0.0556946
-0.0552979
-0.0414276
-0.0624695
-0.0420837
-0.0091095
0.0588379
0.00265503
-0.0341644
-0.0181732
0.0651855
0.14801
0.238632
0.174973
0.390686
1.30052
0.708435
0.854095
0.786041
0.588837
0.258957
-0.0402832
0.146912
0.595734
0.816711
0.64563
0.502686
0.363449
0.219574
0.293533
0.237045
0.164703
0.0836945
-0.15033
-0.542007
-1.05966
-1.55939
-1.68619
-1.78619
-2.09085

[30]
-1.74754
-1.33478
1.51123
0.132111
-0.777924
-0.211151
-0.203979
-0.178955
-0.323959
-0.309052
-0.138611
-0.09935
-0.145065
-0.0859985
-0.0885468
-0.049118
-0.0806885
-0.111221
-0.0793457
0.020813
-0.0542755
-0.0712738
-0.0505676
-0.0610657
-0.0682526
-0.0934143
-0.0836945
-0.0581207
-0.016922
0.0093689
0.0189819
0.021637
0.0488586
0.0190277
0.107681
0.170746
0.291092
0.479218
1.18022
0.958969
0.74675
0.453201
0.765823
0.15097
-0.252411
0.0914917
0.795715
0.812653
0.588852
0.475311

[31]
0.295929
0.186752
0.17511
0.187012
0.0754547
-0.0605316
-0.315704
-0.493164
-0.962463
-1.39774
-1.69946
-2.05869
-2.33385
-1.33113
-1.43039
1.31386
-0.10405
-0.690491
-0.573959
-0.234085
-0.166092
-0.391068
-0.285538
-0.143494
-0.169983
-0.112106
-0.0510864
0.0583649
0.0451355
0.0311737
-0.0234985
-0.0448456
-0.0515442
-0.0381012
-0.0321503
-0.0536346
-0.0575409
-0.0817261
-0.0460205
-0.028183
-0.0803833
-0.0859528
-0.0709229
-0.00819397
0.0241394
0.0435333
0.0725708
0.0367737
0.111664
0.158981

[32]
0.516479
1.0965
1.30185
0.40329
0.510696
0.712082
0.801025
0.261963
-0.185196
0.383331
0.67041
0.621307
0.523178
0.442932
0.31488
0.213989
0.241028
0.255203
0.177795
0.154251
-0.397491
-0.724518
-1.36388
-1.61035
-1.59895
-2.03818
-2.18132
-1.28412
-0.813187
1.26918
-0.528946
-0.446365
-0.667557
-0.274689
-0.245148
-0.35672
-0.25
-0.198929
-0.170425
-0.0444641
-0.0570374
-0.0457153
-0.0872498
-0.0450592
-0.0633392
-0.0459595
-0.0667572
-0.00671387
-0.0220642
-0.0471802

[33]
-0.0665741
-0.0594788
-0.0580902
-0.0319824
-0.0282135
-0.0724792
-0.00198364
0.0030365
0.029068
0.0423279
0.108887
0.0856628
0.170868
0.176987
0.485123
1.82549
0.797821
0.571762
0.737289
0.528
0.0869598
0.00119019
0.334503
0.651154
0.719666
0.564743
0.47963
0.320435
0.258057
0.251785
0.291626
0.207138
0.116928
-0.281021
-0.479401
-0.940903
-1.35245
-1.45401
-1.70476
-2.2531
-1.58354
-1.00876
-0.846191
0.972504
0.0915833
-0.434296
-0.518921
-0.354263
-0.147324
-0.129089

[34]
-0.274704
-0.123672
-0.233688
-0.155334
-0.0480347
-0.0810852
-0.0510559
-0.0956421
-0.176102
-0.134308
-0.0564575
-0.0251923
-0.0377655
-0.0417175
-0.0910034
-0.0661926
0.0267944
-0.10463
-0.0899048
-0.0863953
-0.0350037
-0.0336914
0.000335693
0.0431519
0.0714417
0.137695
0.071579
0.0802307
0.0641022
0.346954
0.999374
1.14627
0.589447
0.505905
0.582001
0.077652
-0.0591888
0.277481
0.65506
0.715851
0.54007
0.448166
0.338745
0.306702
0.307648
0.281586
0.168976
0.0340424
-0.182449
-0.425217

[35]
-0.781647
-1.16821
-1.38728
-1.45245
-1.46931
-1.7258
-1.56303
-1.22221
-0.922852
0.92569
0.199478
-0.294891
-0.324066
-0.372208
-0.293045
-0.307526
-0.242081
-0.0854034
-0.151688
-0.089447
-0.0373688
-0.0566101
-0.0442657
-0.0475159
-0.0352478
-0.083725
-0.0499115
0.0211029
-0.0285492
-0.071579
-0.0665894
-0.0315857
-0.0642853
-0.10997
-0.138397
-0.0690002
-0.0222931
-0.000137329
0.00640869
0.0032959
0.0558319
0.10173
0.127411
0.129532
0.559052
1.61496
1.06508
0.638351
0.834351
0.780685

