[1]
-0.100113
-0.236221
-0.22995
0.0760345
0.0191498
-0.00897217
-0.0688019
-0.134079
-0.151077
-0.0515594
-0.0281372
-0.0241547
-0.0167999
-0.0215759
0.0192871
0.0645447
0.0226593
0.0250244
-0.0602875
-0.101105
-0.0901337
-0.0678711
-0.0327606
-0.0477295
-0.0515137
-0.0357361
-0.0512085
-0.0450897
-0.0841522
-0.0833282
-0.20488
-0.268036
-0.414047
-0.669952
-1.03409
-1.06671
-0.873627
-0.596176
-0.383606
-0.0659943
0.427414
0.277161
0.441269
0.568192
0.609894
0.631668
0.5737
0.515213
0.4673
0.435272

[2]
0.336456
0.146652
-0.0673981
-0.257431
-0.788284
-1.0757
-1.12096
-1.16518
-1.06194
-0.577957
-0.263657
-0.370056
0.0721283
0.139297
-0.830917
-0.440491
-0.647781
-0.138901
-0.109329
0.0494843
0.0331268
0.0236511
-0.108276
-0.0559845
-0.0432739
-0.0204926
-0.0273895
-0.000106812
-0.0132751
-0.046051
-0.0323639
-0.0163727
-0.0104065
-0.0152588
-0.00582886
-0.0283203
-0.0452576
-0.0343781
-0.0318604
-0.0136566
-0.0265198
-0.0705261
-0.134018
-0.159668
-0.175018
-0.245514
-0.345078
-0.55368
-0.920959
-1.06949

[3]
-0.970276
-0.912796
-0.577469
-0.26535
0.130692
0.145096
0.384918
0.514084
0.644943
0.685349
0.656784
0.620834
0.547714
0.497345
0.410507
0.220963
-0.0495758
-0.369522
-0.81131
-1.05048
-1.08632
-1.12378
-0.953857
-0.765869
-0.257599
-0.334473
-0.277573
-0.143158
-0.455795
-0.423615
-0.59964
-0.202087
-0.161758
0.0983582
-0.0463562
-0.155594
0.000534058
-0.154022
-0.051712
0.0136719
-0.0218506
-0.00894165
-0.00453186
-0.026123
0.0188293
0.0255585
-0.0183868
-0.0383759
-0.015274
-0.0431366

[4]
-0.0354309
-0.0315094
-0.0361328
-0.0464478
-0.0611725
-0.114914
-0.112259
-0.171295
-0.245789
-0.280472
-0.393402
-0.559036
-0.704697
-1.07048
-0.967667
-0.832977
-0.713867
-0.483124
0.199692
0.101166
0.477814
0.42514
0.596863
0.621033
0.580215
0.560867
0.478455
0.451324
0.349701
0.219803
0.014801
-0.249557
-0.703659
-1.06566
-1.10811
-1.1489
-1.10524
-0.677094
-0.479538
-0.398422
-0.623444
0.223267
-0.390213
-0.259354
-0.131027
-0.173248
-0.105896
-0.0681305
-0.0203552
-0.0775604

[5]
-0.10553
-0.047699
0.0243378
-0.0444641
0.0203247
0.00343323
0.00241089
0.013092
-0.0253143
-0.00808716
-0.0500336
-0.0324554
-0.0105896
-0.0418549
-0.0547943
-0.0534058
-0.0715027
-0.065155
-0.145203
-0.225723
-0.308899
-0.379211
-0.646698
-0.93837
-1.06792
-0.827698
-0.862534
-0.540878
-0.270981
0.316757
0.130585
0.378006
0.42543
0.564728
0.638123
0.593246
0.563278
0.551437
0.514847
0.423981
0.247421
-0.0569763
-0.351578
-0.774689
-1.07684
-1.12245
-1.1653
-1.07909
-0.860931
-0.330246

[6]
-0.479599
0.231781
-0.713791
-0.614365
-0.66922
-0.129562
-0.122528
-0.0973511
0.0213165
-0.0410461
-0.0484009
-0.0426636
0.0232086
-0.0096283
0.00299072
-0.0226746
-0.02034
0.0159302
-0.00453186
7.62939e-05
-0.0170898
-0.0386353
-0.0333405
-0.0415192
-0.0255737
-0.0369415
-0.0481262
-0.0356903
-0.106079
-0.179337
-0.191284
-0.303116
-0.434113
-0.733627
-1.06552
-1.07745
-1.08879
-0.682571
-0.368423
0.0188141
0.34935
0.301712
0.360992
0.598434
0.655991
0.709106
0.655762
0.573334
0.484207
0.372025

[7]
0.203751
-0.0591888
-0.304474
-0.685562
-1.07237
-1.11388
-1.1517
-0.887985
-0.639938
-0.470596
-0.375717
0.107605
-0.449265
-0.612656
-0.367996
-0.21698
-0.0956116
-0.0434875
-0.0371246
-0.054657
-0.062851
-0.0663452
-0.0158234
0.0019989
0.00109863
0.0308228
0.0140839
0.020462
-0.0281982
0.022583
0.0112915
-0.0251617
-0.0450897
-0.0368958
-0.033493
-0.0895081
-0.0604858
-0.0354309
-0.0841064
-0.144562
-0.213699
-0.244598
-0.290802
-0.514343
-0.737213
-1.07001
-1.02686
-0.981003
-0.578049
-0.353882

[8]
0.0396881
0.233383
0.279068
0.389771
0.483109
0.571259
0.702286
0.714355
0.632996
0.524414
0.393295
0.302414
0.103104
-0.138702
-0.51149
-0.799332
-1.07487
-1.11769
-1.15651
-0.753693
-0.495575
-0.636581
-0.255829
0.120682
-0.318283
-0.402542
-0.523239
-0.24913
-0.138077
-0.0693207
-0.0360565
-0.061264
-0.149719
-0.019577
-0.00289917
-0.0413666
6.10352e-05
0.0111694
-0.000228882
-0.0211182
-0.00912476
0.00883484
-0.0427399
-0.0360107
-0.0356598
-0.0475006
-0.0547333
-0.0355377
-0.0616302
-0.117981

[9]
-0.168854
-0.246994
-0.279327
-0.377563
-0.576553
-0.899155
-1.07944
-0.807907
-0.887634
-0.725052
-0.321457
0.279907
-0.0167389
0.325333
0.431396
0.58548
0.629562
0.601532
0.589478
0.541718
0.476959
0.370316
0.186234
-0.0416718
-0.434219
-0.882019
-1.07529
-1.11653
-1.15349
-0.853592
-0.636719
-0.292526
-0.347443
0.407181
-0.361877
-0.993073
-0.520905
-0.135025
-0.0320892
0.0187531
0.0138702
-0.0906067
-0.0691986
0.0235443
-0.0175018
-0.0332489
-0.00379944
-0.0466461
-0.0271606
0.0085907

[10]
0.00631714
-0.0264282
-0.022583
-0.0297699
-0.025589
-0.0568542
-0.0611725
-0.102783
-0.054718
-0.0714722
-0.0701904
-0.167419
-0.185226
-0.238251
-0.409637
-0.579376
-1.06316
-1.07123
-0.485123
-0.775223
-0.538223
-0.113907
0.183334
0.176102
0.436951
0.438049
0.534714
0.595047
0.563446
0.486328
0.410309
0.405701
0.312698
0.148071
-0.128906
-0.378738
-0.767746
-1.05905
-1.09657
-1.13333
-0.926025
-0.55896
-0.401062
-0.540771
-0.136963
-0.0369263
-0.254059
-0.5513
-0.409058
-0.331024

[11]
-0.109375
0.0340118
-0.0154419
-0.0270538
-0.129333
-0.128174
-0.0626068
-0.0212555
-0.0266418
-0.0205383
0.00224304
0.00119019
0.00708008
0.0249481
0.0150452
0.0130005
-0.0419464
-0.0456543
-0.0354004
-0.0336914
-0.026886
-0.0145264
-0.0264435
-0.0419006
-0.0462799
-0.0640717
-0.0923157
-0.119095
-0.178619
-0.242828
-0.400589
-0.50856
-0.82634
-1.04025
-0.650345
-0.744339
-0.563873
-0.362183
0.0366058
0.220917
0.250397
0.225967
0.449051
0.575577
0.696121
0.618057
0.561661
0.473083
0.396896
0.282455

[12]
0.0869141
-0.124451
-0.487839
-0.909149
-1.08781
-1.12993
-1.1084
-0.738449
-0.502487
-0.629135
-0.171402
0.0727692
-0.116333
-0.523682
-0.450668
-0.420532
-0.116913
-0.0475922
-0.0143585
0.0439301
-0.134964
-0.139801
-0.0587158
-0.0116425
-0.0291138
-0.00863647
-0.0102539
0.0258331
0.0180359
0.0139618
0.0477753
0.0571747
-0.00492859
-0.0225983
-0.0366821
-0.0857544
-0.0695648
-0.0581665
-0.071106
-0.0908661
-0.173965
-0.190308
-0.198975
-0.375763
-0.455856
-0.798416
-1.05563
-0.677536
-0.701599
-0.668732

[13]
-0.361588
0.0058136
0.0579834
0.364166
0.398926
0.420853
0.465912
0.557785
0.561325
0.516861
0.464355
0.375687
0.26178
0.115356
-0.0827942
-0.398102
-0.765991
-1.06819
-1.10909
-1.14833
-0.866409
-0.596008
-0.354568
-0.616135
-0.250565
0.256119
-0.720413
-0.678833
-0.481995
-0.0229492
0.0376434
-0.100098
-0.0782318
-0.0699463
-0.0526886
0.0293274
-0.0293884
0.00587463
0.0172729
0.00161743
-0.0145569
0.00744629
-0.0466614
-0.0461426
-0.0388641
-0.0315704
-0.030014
-0.0522614
-0.0587311
-0.0747986

[14]
-0.0424194
-0.077301
-0.123322
-0.166458
-0.204422
-0.265167
-0.349045
-0.535263
-0.895721
-1.07025
-0.499146
-0.697571
-0.68837
-0.239273
0.153412
0.0514679
0.402924
0.417526
0.539093
0.605438
0.620605
0.568802
0.505508
0.469116
0.372818
0.152588
-0.128647
-0.366287
-0.829056
-1.02281
-1.08414
-1.12051
-0.927582
-0.529221
-0.382431
-0.599564
-0.217545
-0.187622
-0.167877
-0.610458
-0.492981
-0.172668
-0.0205994
-0.114365
0.0554352
-0.0402069
-0.133667
-0.023468
-0.0135956
-0.0202332

[15]
-0.0146332
-0.0567932
-0.0188904
0.0164795
0.00448608
0.01091
-0.0529938
-0.0415192
-0.0222473
-0.0127106
-0.0689087
-0.0530701
-0.0457001
-0.0903015
-0.0971985
-0.140198
-0.205872
-0.236435
-0.294495
-0.459518
-0.657043
-1.06888
-1.07907
-0.646744
-0.563095
-0.453735
0.00532532
0.156464
0.230011
0.319595
0.549423
0.59375
0.588028
0.543854
0.481583
0.421326
0.415115
0.326813
0.0929718
-0.096283
-0.416504
-0.715714
-1.06261
-1.10117
-1.13885
-1.17131
-0.745422
-0.353973
-0.507675
-0.421341

[16]
-0.0989838
-0.365921
-0.520981
-0.16478
-0.00117493
-0.00991821
-0.0163574
-0.00418091
-0.105988
-0.0712585
-0.0447998
-0.000610352
-0.0261841
-0.0110779
-0.0260468
-0.0153046
0.0236359
-0.0106201
-0.0211639
-0.0227356
-0.0428009
-0.0252228
-0.0269623
-0.0528107
-0.0721588
-0.0631409
-0.0636749
-0.105576
-0.132706
-0.207809
-0.297653
-0.397675
-0.575134
-0.881317
-1.07114
-0.480682
-0.828171
-0.683273
-0.127899
0.186462
0.154404
0.308304
0.45636
0.626984
0.700348
0.627899
0.55957
0.445618
0.401962
0.281448

[17]
0.047287
-0.180786
-0.385757
-0.713745
-1.05927
-1.09528
-1.01491
-0.829956
-0.603424
-0.398819
-0.571991
-0.254227
-0.219727
-0.391144
-0.597107
-0.319
-0.12999
-0.0567932
-0.143707
-0.0127411
-0.0626678
-0.0163116
-0.0361328
-0.00326538
0.00521851
0.0112305
0.0180359
-0.0139008
-0.00991821
0.0189819
-0.0135193
-0.0330963
-0.0331726
-0.0283356
-0.0131531
-0.0130768
0.00749207
-0.039032
-0.0621948
-0.111435
-0.142654
-0.171219
-0.211243
-0.248093
-0.320999
-0.463226
-0.746964
-1.07616
-0.907349
-0.820023

[18]
-0.724899
-0.37326
0.0297852
0.151245
0.22644
0.361649
0.594757
0.691071
0.633286
0.562943
0.477661
0.38623
0.36554
0.219391
-0.00741577
-0.197296
-0.448349
-0.727753
-0.933319
-0.990051
-0.955231
-0.845642
-0.541077
-0.383347
-0.321426
-0.383606
-0.43309
-0.182922
-0.473236
-0.552536
-0.188248
0.00143433
-0.0496521
-0.0598755
-0.021286
-0.0587158
-0.0569763
-0.0203552
-0.00431824
-0.0213623
-0.020813
-0.00758362
-0.0155029
0.00462341
-0.0125427
-0.0149231
-0.0171661
-0.025238
-0.0276337
-0.0401459

[19]
-0.0494843
-0.0422516
-0.0605316
-0.0779724
-0.0779114
-0.126968
-0.150833
-0.217896
-0.244827
-0.316727
-0.562317
-0.691101
-1.07359
-0.900986
-0.60704
-0.541321
-0.292633
0.0801086
0.192795
0.302063
0.405884
0.544601
0.649948
0.631058
0.563583
0.506058
0.401123
0.32988
0.149261
-0.089798
-0.196014
-0.564957
-0.794418
-1.05385
-1.0638
-0.955185
-0.730499
-0.514771
-0.202988
-0.372772
-0.0944519
-0.172638
-0.155167
-0.259232
-0.510025
-0.371155
-0.144424
-0.00343323
-0.0750122
-0.134995

[20]
-0.0933228
-0.116074
-0.0674744
0.0197906
-0.0161285
0.00582886
0.0096283
-0.0063324
0.0206451
0.0110779
0.000717163
-0.009552
-0.00912476
-0.0314484
-0.0391541
-0.0500793
-0.0501099
-0.0167236
-0.0259857
-0.0715179
-0.0977325
-0.104111
-0.112488
-0.0699158
-0.116623
-0.173721
-0.262268
-0.407196
-0.471603
-0.803909
-1.09407
-0.626144
-0.776688
-0.621597
-0.244019
0.210342
0.135651
0.403748
0.403656
0.549484
0.601974
0.575195
0.511993
0.431824
0.378174
0.265762
0.059967
-0.151154
-0.415039
-0.836594

[21]
-1.0479
-1.07893
-0.89978
-0.648132
-0.429733
-0.326736
-0.355682
-0.345856
-0.297318
-0.0523071
-0.233047
-0.436615
-0.29248
-0.124344
-0.0868835
-0.036972
0.0184174
-0.0315704
-0.0919495
-0.0708008
-0.019577
0.0189362
0.00799561
0.00440979
-0.0115509
-0.00447083
0.0351105
0.00379944
-0.0247955
-0.0173798
-0.0226135
-0.0155945
0.00149536
-0.0494843
-0.0752716
-0.0890045
-0.0891266
-0.0895538
-0.131592
-0.141708
-0.191513
-0.257126
-0.44696
-0.618271
-1.05215
-1.08781
-0.463806
-0.748505
-0.559189
-0.120941

[22]
0.122421
0.14032
0.348053
0.451614
0.534821
0.578522
0.554962
0.513458
0.452682
0.42067
0.27771
0.0954895
-0.156601
-0.397873
-0.669174
-0.980377
-1.0769
-1.07063
-0.848938
-0.489182
-0.345093
-0.539673
-0.282852
-0.176224
0.0101166
-0.592087
-0.320084
-0.293716
-0.099472
-0.0440369
-0.0485077
-0.0461273
-0.0813599
-0.0593109
-0.00917053
0.0038147
0.00558472
-0.0289001
0.00508118
-0.011322
-0.00349426
0.0579681
0.0307312
0.0448761
-0.0156097
-0.0660553
-0.0544128
-0.0746918
-0.0778503
-0.0709686

[23]
-0.0656738
-0.0877838
-0.149475
-0.159607
-0.177567
-0.249374
-0.403305
-0.587311
-0.910217
-1.06808
-0.661591
-0.802078
-0.756577
-0.196945
0.165359
-0.0341187
0.358658
0.422775
0.534683
0.594513
0.59697
0.542389
0.471085
0.380768
0.286591
0.121536
-0.070694
-0.293777
-0.72995
-0.981308
-1.10063
-1.1396
-0.929688
-0.588593
-0.308121
-0.537308
-0.149918
0.177124
-0.485947
-0.349335
-0.519348
-0.18399
-0.152176
-0.121353
-0.066452
-0.0482178
-0.0878143
-0.016037
-0.0140839
0.00299072

[24]
0.0140076
0.0262909
0.0284882
-0.0145569
0.00509644
0.00331116
-0.036377
-0.0333862
-0.0384369
-0.0440674
-0.0519562
-0.0664673
-0.0397339
-0.0718536
-0.0858154
-0.162308
-0.199234
-0.223938
-0.293243
-0.459732
-0.653641
-1.07219
-1.08278
-0.70459
-0.80603
-0.47673
-0.0623627
0.188187
0.117065
0.179245
0.519867
0.608444
0.649628
0.61499
0.545624
0.406158
0.36554
0.207245
-0.0260315
-0.279419
-0.703918
-1.05124
-1.08701
-1.12299
-0.918335
-0.567932
-0.337753
-0.317596
-0.479584
-0.170746

[25]
-0.0485687
-0.305878
-0.618484
-0.331146
-0.239731
0.0458221
-0.171921
-0.0826569
-0.111786
-0.0587158
-0.0257111
-0.00289917
-0.00831604
-0.00346375
0.00247192
0.00430298
0.0101013
0.00697327
0.0108643
-0.016861
-0.0419464
-0.0352478
-0.026001
-0.0516968
-0.0723724
-0.05336
-0.101532
-0.114349
-0.186539
-0.159973
-0.201935
-0.321304
-0.604538
-0.7883
-1.07024
-0.664032
-0.72876
-0.624222
-0.297287
0.165329
0.156448
0.292145
0.394592
0.513031
0.616882
0.559891
0.525543
0.489395
0.460403
0.346481

[26]
0.194427
-0.0382385
-0.291092
-0.665146
-1.0425
-1.08908
-1.12592
-0.94577
-0.587433
-0.572815
-0.253662
-0.242905
-0.300049
-0.421844
-0.60318
-0.288696
-0.100876
0.0473633
-0.103302
-0.0390167
-0.0738983
-0.069809
-0.0479279
0.00669861
0.000564575
0.0158386
0.0162506
0.00657654
0.04953
0.0395508
-0.0407867
-0.062088
-0.044342
-0.0278015
-0.0137787
-0.0372162
-0.0491638
-0.052475
-0.032135
-0.0706177
-0.134781
-0.195892
-0.21138
-0.257263
-0.380646
-0.569412
-0.959808
-1.06723
-0.668259
-0.531723

[27]
-0.393585
-0.125763
0.14595
0.311081
0.412598
0.526611
0.583618
0.618591
0.557266
0.497513
0.437851
0.367264
0.220108
0.0393524
-0.190765
-0.475311
-0.763397
-1.05348
-1.08464
-0.939682
-0.750015
-0.507401
-0.380005
-0.240128
-0.216675
-0.207123
0.0987091
-0.509476
-0.605835
-0.297989
-0.16658
0.0516663
-0.0973969
-0.0926514
-0.115112
-0.115814
-0.027832
0.00442505
0.0151672
0.0154877
0.0270538
0.00294495
-0.0130005
0.0216217
0.015152
-0.0604706
-0.044754
-0.0347595
-0.0243073
-0.0235748

[28]
-0.0261536
-0.0343933
-0.0648804
-0.0878601
-0.109329
-0.124405
-0.168961
-0.233673
-0.340988
-0.557785
-0.836258
-1.06766
-0.670074
-0.656921
-0.579086
-0.35141
0.146454
0.127136
0.264404
0.376236
0.528946
0.627914
0.586426
0.533142
0.493805
0.379654
0.322784
0.156586
-0.0855103
-0.298676
-0.594116
-0.891006
-1.07434
-1.10803
-0.86853
-0.643356
-0.403854
-0.636902
-0.293488
-0.284058
-0.103516
-0.473495
-0.499344
-0.237976
-0.153183
0.0450592
-0.0932159
-0.119843
-0.111008
-0.0738678

[29]
-0.016983
0.0145874
-0.0213013
0.00547791
0.0126038
0.0113373
0.0181122
0.0174408
0.0220795
-0.01091
-0.0752106
-0.0550842
-0.0314941
-0.0201874
-0.0249786
-0.0375061
-0.0595398
-0.103409
-0.145096
-0.180298
-0.187866
-0.283554
-0.488785
-0.737732
-1.06769
-1.03317
-0.769424
-0.752167
-0.312225
-0.0221405
0.158264
0.241974
0.252563
0.437073
0.557648
0.595016
0.581039
0.524979
0.458969
0.414993
0.283203
0.108078
-0.11499
-0.490845
-0.88121
-1.07401
-1.11014
-0.960068
-0.707108
-0.413284

[30]
-0.425644
-0.363922
-0.434052
0.162903
-0.527344
-0.196472
-0.0894623
-0.168793
0.0110779
-0.121552
-0.0971527
-0.0853119
-0.070282
0.00439453
-0.0256653
-0.0187988
-0.00648499
-0.0130157
-0.0080719
0.00868225
-0.00695801
-0.0359955
-0.0196533
-0.0368195
-0.0406647
-0.0482635
-0.0571747
-0.0448608
-0.0623932
-0.0957336
-0.130188
-0.143616
-0.181396
-0.246933
-0.337555
-0.509888
-0.668976
-0.993256
-0.970032
-0.831512
-0.652863
-0.484589
0.0573425
0.29892
-0.0869446
0.161285
0.55188
0.59996
0.637299
0.577591

[31]
0.50882
0.417358
0.35199
0.231476
-0.0297089
-0.227005
-0.696396
-0.997879
-1.08737
-1.12593
-0.936829
-0.721375
-0.44046
-0.619064
-0.177551
-0.14064
-0.339127
-0.541901
-0.540848
-0.0882263
-0.114975
-0.0357056
-0.0755768
-0.0500183
-0.119659
-0.0684509
-0.0493469
-0.00291443
0.0137024
0.0448608
-0.0127106
-0.02948
-0.0167999
0.0188141
0.0174103
0.00271606
-0.0378418
-0.0607452
-0.03862
-0.039917
-0.0458832
-0.0452881
-0.0749817
-0.121841
-0.120819
-0.145004
-0.159714
-0.22023
-0.306046
-0.495392

[32]
-0.891708
-1.00935
-0.809738
-0.859634
-0.742599
-0.31842
0.19017
0.0608521
0.347336
0.326889
0.434677
0.57045
0.582382
0.558365
0.514481
0.473816
0.380798
0.193207
-0.0650635
-0.294571
-0.846512
-1.06689
-1.10719
-1.14545
-0.87326
-0.496231
-0.405075
-0.320343
-0.259216
-0.0898438
-0.362091
-0.513397
-0.415375
-0.169083
-0.156372
-0.00157166
-0.0906525
-0.085022
-0.109177
-0.0795898
-0.0218811
-0.00924683
-0.0209503
0.014801
-0.0182648
0.000671387
0.00839233
-0.0071106
0.00712585
-0.0149841

[33]
-0.0347595
-0.0231171
-0.037674
-0.0429382
-0.0487213
-0.0616455
-0.0705261
-0.116302
-0.196609
-0.203201
-0.2612
-0.30925
-0.435196
-0.805145
-1.07401
-0.688705
-0.840485
-0.808701
-0.375748
0.0953064
0.019043
0.265076
0.348007
0.57196
0.611603
0.618256
0.621582
0.561172
0.489594
0.434845
0.274033
0.00714111
-0.203033
-0.652954
-0.931732
-1.07198
-1.10944
-1.00552
-0.708374
-0.474915
-0.217072
-0.411682
-0.176132
-0.113083
-0.159103
-0.592163
-0.321487
-0.162628
-0.215881
0.0694733

[34]
-0.0630341
-0.0653534
-0.093338
-0.105713
-0.0122375
-0.0012207
-0.0189362
-0.0170746
-0.0410919
-0.0119629
0.00334167
-0.0114288
-0.0299072
-0.0203857
-0.0370026
-0.0690002
-0.045578
-0.0528717
-0.0502319
-0.0635681
-0.0862885
-0.0906372
-0.126572
-0.142426
-0.17012
-0.176697
-0.231079
-0.293503
-0.591553
-0.999191
-0.933731
-0.650772
-0.669418
-0.56575
-0.0699005
0.072876
0.143143
0.313583
0.5271
0.57666
0.623398
0.562286
0.47847
0.395813
0.355759
0.219803
0.00990295
-0.203751
-0.414993
-0.738129

[35]
-0.960052
-1.07263
-0.993515
-0.794495
-0.523605
-0.395905
-0.267761
-0.558014
-0.166626
-0.0415344
-0.366653
-0.4617
-0.380508
-0.192444
-0.0721588
-0.0874023
-0.117065
-0.033844
-0.0939178
-0.0906219
-0.0433502
-0.0105896
0.00561523
0.003479
0.0184479
-0.0189667
0.00195312
0.0298004
0.017807
-0.00471497
-0.030014
-0.0217896
-0.0149689
-0.0235138
-0.0490112
-0.0578308
-0.0684357
-0.106125
-0.137695
-0.157196
-0.193634
-0.269424
-0.393204
-0.792679
-1.06679
-0.913147
-1.08932
-0.692352
-0.469894
0.065033

