[1]
0.0123291
-0.0269623
-0.0291443
-0.0317383
-0.023941
-0.0565033
-0.0675659
-0.0890503
-0.123978
-0.237793
-0.290268
-0.430176
-0.5905
-0.761032
-1.0894
-0.995865
-0.537643
-0.608337
-0.337753
0.10289
0.145065
0.246826
0.288605
0.484482
0.527618
0.45929
0.429916
0.416489
0.353088
0.274445
0.137909
-0.0740814
-0.344803
-0.710327
-0.802307
-1.01074
-0.843262
-0.694717
-0.540329
-0.509567
-0.245346
-0.21994
-0.157089
-0.181107
-0.16539
0.0264282
-0.237534
-0.510651
-0.426025
-0.10582

[2]
0.060318
0.0644836
-0.100601
-0.0143738
-0.0265961
-0.0309448
-0.0283813
0.00164795
0.0406189
0.0594635
0.00430298
0.0032959
0.0136719
0.0196686
0.0100098
0.0307465
0.0216217
0.0237427
0.00170898
-0.00245667
0.0185089
-0.0802765
-0.0672455
-0.0492401
-0.0648956
-0.120132
-0.167175
-0.190765
-0.275635
-0.374802
-0.56778
-0.746552
-1.05424
-1.05928
-0.763565
-0.716309
-0.57547
-0.195053
0.0422211
-0.000106812
0.236176
0.302887
0.49231
0.523346
0.550186
0.551727
0.486694
0.38385
0.344345
0.199844

[3]
-0.0162964
-0.276138
-0.46701
-0.898727
-1.06766
-1.09944
-0.728851
-0.68837
-0.39978
-0.418625
-0.229431
-0.0800476
-0.677078
-0.420349
-0.179184
-0.0999908
0.0426025
-0.0462494
-0.140686
-0.013382
-0.0912476
-0.0112305
0.0293274
0.00242615
0.0142059
0.0290222
0.0255585
0.0229034
0.0088501
0.0355682
-0.0137329
-0.0220184
-0.0233154
-0.0147247
-0.0501251
-0.0672913
-0.0751038
-0.093689
-0.132584
-0.203751
-0.241333
-0.267792
-0.36377
-0.6147
-0.947037
-1.09618
-0.965744
-0.83786
-0.637985
-0.321091

[4]
0.0746307
0.0144958
0.225723
0.379898
0.549942
0.623444
0.606827
0.575653
0.515793
0.450378
0.388245
0.266464
0.056488
-0.194153
-0.639755
-1.02405
-1.05917
-1.09442
-1.01274
-0.608627
-0.140503
-0.310501
-0.0429688
-0.180298
-0.310593
-0.502014
-0.608505
-0.101654
0.0156403
-0.128326
0.0623474
-0.0291443
-0.105667
-0.0135651
0.0339661
0.0236664
0.0343933
0.00270081
-0.0162354
-0.0180817
-0.00694275
-0.00872803
-0.00379944
-0.0373077
-0.0477753
-0.0180664
-0.0522614
-0.0619507
-0.0505066
-0.112717

[5]
-0.151733
-0.239929
-0.282974
-0.2957
-0.447144
-0.681213
-1.09619
-1.10732
-0.764099
-0.701828
-0.733856
-0.154861
0.13092
0.131958
0.339035
0.482971
0.612106
0.715073
0.67157
0.645233
0.6147
0.53566
0.446701
0.278854
0.0427704
-0.433136
-1.02711
-1.06026
-1.10118
-1.13651
-0.829071
-0.448608
-0.436142
0.0443115
-0.149353
-0.349518
-0.527466
-0.493973
-0.0387573
-0.0475159
-0.0582581
0.0052948
-0.0808868
-0.0563812
-0.0394897
0.0135651
-0.0185547
-0.0423126
-0.00344849
0.0175323

[6]
0.016037
0.00918579
-0.0172577
-0.00927734
-0.0275421
-0.0349274
-0.0128326
-0.0423279
-0.0482941
-0.0497742
-0.0940552
-0.183685
-0.23494
-0.270233
-0.289154
-0.416351
-0.736237
-1.09128
-1.10207
-0.706146
-0.573456
-0.510574
-0.0450592
0.266632
0.191437
0.453857
0.526382
0.616653
0.622711
0.58786
0.55307
0.497116
0.438019
0.332031
0.132126
-0.100769
-0.49379
-0.958557
-1.05904
-1.09686
-1.13087
-0.767242
-0.517731
-0.327667
-0.294006
-0.0166931
0.0186005
-0.482849
-0.477158
-0.410492

[7]
-0.0576935
-0.143661
0.047348
-0.00259399
-0.0907898
-0.0639648
-0.0179291
0.0417938
0.0116425
0.0116425
-0.00332642
-0.00250244
0.0164185
0.0335236
-0.00904846
-0.0157471
-0.067215
-0.0384369
-0.0312042
-0.0592194
-0.0575104
-0.0959778
-0.130981
-0.182983
-0.262985
-0.291656
-0.414963
-0.65657
-1.00899
-1.09744
-0.839752
-0.677902
-0.702072
-0.302414
0.189484
0.0510712
0.255707
0.434341
0.572006
0.643173
0.610275
0.619095
0.574493
0.535065
0.471909
0.332504
0.142715
-0.17038
-0.71698
-1.05505

[8]
-1.09749
-1.1389
-1.16698
-0.617386
-0.483368
-0.271179
0.385483
-0.461792
-0.588821
-0.532639
-0.233215
-0.0766602
-0.107117
0.0857391
-0.0192871
-0.0912018
-0.0814972
0.0301819
0.0278015
-0.0289001
-0.0182343
-0.00828552
-0.0121918
0.00801086
0.0132599
-0.0284424
-0.0674133
-0.0793152
-0.0683289
-0.0519409
-0.0648041
-0.0525513
-0.0558472
-0.0638885
-0.093811
-0.19664
-0.232712
-0.473679
-0.591156
-1.07785
-1.08899
-0.817047
-0.737091
-0.620117
-0.208328
0.193634
0.203857
0.181671
0.484192
0.628967

[9]
0.67775
0.633392
0.632294
0.548584
0.479904
0.379257
0.23587
0.00442505
-0.392776
-0.888962
-1.07759
-1.12091
-1.15723
-0.873154
-0.524887
-0.449844
-0.179764
0.011322
-0.61232
-0.434982
-0.379303
-0.18248
-0.0558167
-0.116714
-0.116608
-0.103851
-0.0609283
-0.0111542
0.0289001
-0.000442505
0.0261383
0.0158691
-0.0370331
0.00289917
0.0111389
0.0144806
-0.0384521
-0.0185089
-0.00263977
-0.0523834
-0.0663452
-0.0857849
-0.108246
-0.165115
-0.274658
-0.317703
-0.35437
-0.566574
-0.774353
-1.08441

[10]
-1.09659
-0.702087
-0.745499
-0.458694
-0.0848083
-0.0428925
0.220428
0.436249
0.620132
0.673309
0.657059
0.638428
0.594803
0.560135
0.471283
0.387085
0.111313
-0.144867
-0.60524
-1.0567
-1.09929
-1.13968
-0.996628
-0.564026
-0.473526
-0.654831
0.806656
-0.641251
-0.405487
-0.500046
-0.245392
-0.0959015
-0.0965576
0.0595245
-0.0211792
-0.0508423
-0.0630798
0.0216064
0.0170135
0.0522614
0.0425873
0.0187531
0.000793457
-0.036499
-0.0449524
-0.0227966
-0.0185089
-0.0154114
-0.0360718
-0.0458069

[11]
-0.0317078
-0.0630798
-0.0685272
-0.115433
-0.171677
-0.249252
-0.260315
-0.363632
-0.620453
-0.905914
-1.0764
-1.02734
-0.757019
-0.72438
-0.303131
0.116501
0.0948029
0.284119
0.434235
0.581467
0.634079
0.62059
0.599686
0.571396
0.521835
0.4608
0.35553
0.146149
-0.090332
-0.564316
-1.05667
-1.1011
-1.14566
-0.943207
-0.807022
-0.570862
-0.459641
-0.266891
0.330933
-0.57547
-0.703949
-0.472824
-0.226547
-0.160889
-0.143173
-0.137421
-0.0347443
-0.0918732
0.0100861
0.0335541

[12]
-0.00424194
0.038559
0.0141296
0.0114899
0.0382233
-0.010025
-0.0532684
-0.0495605
-0.0426941
-0.0332031
-0.024765
-0.0283051
-0.0588531
-0.0821991
-0.133987
-0.204559
-0.261765
-0.312119
-0.51619
-0.724762
-1.07304
-1.08537
-0.701324
-0.722885
-0.500565
-0.135452
0.355484
0.168625
0.446884
0.511414
0.692612
0.700165
0.655411
0.634674
0.573608
0.529037
0.398849
0.202911
-0.0294952
-0.479462
-1.04504
-1.09334
-1.14125
-1.17972
-0.935593
-0.83876
-0.405838
0.0834808
-0.206299
-0.713303

[13]
-0.309128
-0.395187
0.0145721
-0.200455
-0.0271149
-0.0457611
-0.0888519
-0.0484009
0.0254364
0.0289307
0.0181427
0.0319519
0.00796509
-0.0109253
0.00164795
0.0120544
-0.016922
-0.0413361
-0.055069
-0.0401764
-0.0490723
-0.0617371
-0.0908508
-0.140594
-0.228775
-0.301788
-0.352768
-0.485138
-0.874557
-1.08252
-1.0959
-0.879303
-0.746918
-0.459747
0.0521393
0.19545
0.237366
0.592438
0.642212
0.726685
0.728714
0.685242
0.64711
0.566162
0.49881
0.380585
0.178131
-0.0902252
-0.619324
-1.0587

[14]
-1.10313
-1.14665
-0.901016
-0.756836
-0.402924
-0.426407
0.213638
-0.604385
-0.669739
-0.283142
-0.390854
0.0821991
-0.173325
-0.0732269
-0.0609436
-0.0755615
-0.0458527
0.0330048
0.0366364
0.0288086
0.0438232
0.0268402
0.0546417
-0.0063324
-0.073349
-0.0352478
-0.0448914
-0.0265656
-0.0259552
-0.0368042
-0.06987
-0.0892181
-0.0924683
-0.0821686
-0.18634
-0.263153
-0.293457
-0.49147
-0.738159
-1.07811
-1.08931
-0.882935
-0.731064
-0.621124
-0.0695801
0.369064
0.100098
0.440063
0.554077
0.677582

[15]
0.683716
0.665771
0.633301
0.569
0.484085
0.388672
0.226562
0.0311127
-0.389984
-1.01012
-1.0891
-1.13519
-1.173
-0.876251
-0.2258
-0.588547
-0.0304413
-0.51207
-0.220322
-0.334793
-0.301239
-0.0270996
-0.201447
-0.0751343
-0.00267029
-0.0709076
-0.0438843
0.01828
0.00617981
-0.0108948
0.00535583
0.0020752
-0.0284424
0.000411987
0.0135651
-0.0037384
-0.0237122
-0.0432281
-0.0135345
-0.0286407
-0.0353241
-0.0603027
-0.101303
-0.156601
-0.246841
-0.318649
-0.449142
-0.668198
-1.06686
-1.07739

[16]
-1.08945
-0.759262
-0.52597
-0.210373
0.136322
0.12352
0.373291
0.548386
0.703384
0.764618
0.743469
0.718185
0.645615
0.575317
0.49791
0.306015
0.0251007
-0.30069
-0.914825
-1.06895
-1.11757
-1.16238
-1.02986
-0.428558
-0.610641
0.0838318
-0.100266
-0.537613
-0.197327
-0.747284
-0.145538
-0.147003
-0.136139
0.0590515
-0.0798035
-0.0223694
0.00642395
0.0198212
0.0218506
-0.0583496
-0.00285339
0.0150299
-0.00744629
-0.0370026
-0.0347137
-0.0362396
-0.0323639
-0.0332794
-0.0569763
-0.0608673

[17]
-0.0671844
-0.105209
-0.168365
-0.298569
-0.317963
-0.453735
-0.708847
-1.07791
-1.08798
-1.06422
-0.716644
-0.494186
-0.0751495
0.267426
0.12326
0.448044
0.584732
0.675995
0.734833
0.669403
0.647446
0.549942
0.471283
0.332001
0.190063
-0.0993958
-0.580704
-1.06229
-1.11073
-1.16028
-1.04633
-0.976181
-0.831802
-0.239349
0.461411
-0.508911
-0.78093
-0.339478
-0.395294
-0.089035
-0.223709
-0.0466919
-0.0822754
-0.0418701
-0.0469666
0.0414276
0.0463867
0.0286865
-0.0243378
-0.0489197

[18]
-0.00418091
0.00144958
-0.0298767
-0.0448456
-0.0308533
-0.0268097
-0.0383759
-0.0348206
-0.0657806
-0.0828705
-0.131851
-0.184174
-0.281265
-0.33577
-0.467697
-0.785645
-1.07433
-1.08575
-0.934937
-1.01422
-0.548218
-0.0129547
0.070343
0.358887
0.364273
0.61319
0.725891
0.690689
0.707062
0.627625
0.531464
0.376144
0.187546
-0.123123
-0.678268
-1.06844
-1.11803
-1.16702
-1.20348
-0.90567
-0.709732
-0.497681
0.269241
-0.465607
-0.722504
-0.188339
-0.472183
-0.0825806
-0.224731
-0.0395813

[19]
-0.0505676
-0.0801849
-0.042923
0.0174866
0.0404053
-0.00418091
0.0291138
0.000671387
-0.00773621
-0.0162201
-0.0135345
-0.0344543
-0.074585
-0.0410156
-0.0387726
-0.0491943
-0.0868835
-0.140228
-0.21463
-0.241867
-0.273834
-0.453293
-0.707794
-1.03877
-1.08524
-1.01181
-0.685852
-0.515625
-0.157974
0.183029
0.174225
0.311996
0.487961
0.664566
0.657318
0.645462
0.607544
0.558685
0.525253
0.408768
0.219131
0.0136261
-0.394333
-0.991714
-1.08371
-1.13312
-1.17644
-1.02592
-0.479584
-0.474747

[20]
-0.0904541
-0.00526428
-0.553818
-0.348999
-0.587387
-0.0476379
-0.195602
-0.0798035
-0.0434875
-0.0930786
-0.0705719
-0.0492554
0.0434875
0.0229645
0.00354004
0.0268097
-0.0355988
-0.0105743
-0.00436401
-0.0259399
-0.0376282
-0.0326843
-0.0699921
-0.0627136
-0.0700378
-0.072464
-0.0991211
-0.156677
-0.222214
-0.241867
-0.360214
-0.608917
-0.96405
-1.08057
-1.04865
-0.767456
-0.805161
-0.310425
0.231857
0.07164
0.277603
0.458145
0.667694
0.712723
0.676514
0.670761
0.589706
0.564621
0.499344
0.316193

[21]
0.0886383
-0.329742
-0.992798
-1.08557
-1.13579
-1.179
-0.974777
-0.679626
-0.626404
-0.117828
-0.523132
-0.587479
-0.414764
-0.224747
-0.0729828
-0.188004
-0.0147858
-0.0302887
-0.0579071
-0.028183
0.0323792
0.0232391
-0.00376892
-0.0126343
-0.0229645
-0.0306244
-0.00245667
-0.0171356
-0.0274048
-0.0352631
-0.0303802
-0.0389862
-0.0635376
-0.0410919
-0.0857697
-0.135742
-0.214188
-0.298935
-0.307953
-0.419052
-0.760941
-1.07755
-1.0899
-0.853851
-0.709442
-0.584351
-0.0801697
0.268753
0.150696
0.491592

[22]
0.605835
0.73082
0.722504
0.747635
0.724625
0.632965
0.509689
0.405975
0.150177
-0.132034
-0.593094
-1.05334
-1.09972
-1.14821
-1.12454
-0.736633
-0.396011
-0.30574
0.458038
-0.486267
-0.671112
-0.298981
-0.257156
-0.0815277
0.0147858
-0.0956726
-0.0569
-0.0730438
-0.0795288
-0.00588989
0.000793457
-0.0133057
0.0249786
0.00672913
-0.008255
-0.0273285
-0.00631714
-0.0135651
-0.0342865
-0.0265656
-0.0285492
-0.0294189
-0.0471802
-0.0545044
-0.0709534
-0.106506
-0.197906
-0.265808
-0.290588
-0.481934

[23]
-0.728729
-1.06744
-1.07726
-0.99733
-0.72554
-0.598816
-0.12294
0.289017
0.0752869
0.362595
0.532333
0.67395
0.695679
0.678101
0.625183
0.58638
0.529541
0.450775
0.297211
0.0755463
-0.23233
-0.819717
-1.07133
-1.11771
-1.16058
-0.912094
-0.797501
-0.486786
-0.218903
0.265869
-0.759613
-0.226028
-0.440002
-0.137558
-0.0851288
-0.184006
-0.107346
-0.0802917
-0.0636444
0.0114594
0.0435944
0.0179291
0.0340271
0.00773621
-0.0178986
-0.0196686
0.0114288
-0.0238953
-0.0586548
-0.0436859

[24]
-0.0219727
-0.0409393
-0.0589142
-0.0883026
-0.122833
-0.16478
-0.26358
-0.322113
-0.376007
-0.640457
-0.923553
-1.08247
-1.09245
-0.703857
-0.707779
-0.211151
0.122681
0.046402
0.406174
0.508682
0.692963
0.767227
0.72438
0.711761
0.637054
0.568054
0.473389
0.286713
0.0469055
-0.377396
-1.04594
-1.09032
-1.14267
-1.1861
-0.928513
-0.657791
-0.422028
0.124786
-0.447739
-0.761902
-0.315155
-0.316833
-0.0628357
-0.147507
-0.0156097
-0.030777
-0.0774231
-0.0734253
0.0111694
0.0224762

[25]
-0.0291138
-0.00386047
-0.0325317
-0.0202789
-0.0181732
0.00828552
-0.0192108
-0.0395813
-0.0558472
-0.0451813
-0.0457458
-0.0403137
-0.0693207
-0.0932922
-0.155869
-0.258667
-0.249191
-0.337173
-0.569107
-0.966095
-1.07771
-1.06911
-0.724411
-0.533829
-0.277084
0.190002
0.154816
0.277832
0.430618
0.62384
0.701614
0.711441
0.682327
0.624878
0.529327
0.425125
0.276443
0.0521088
-0.289612
-0.867599
-1.06955
-1.11621
-1.15863
-0.892242
-0.620377
-0.22966
-0.426376
0.155853
-0.32724
-0.57988

[26]
-0.406342
-0.209885
-0.0451965
-0.0340576
-0.155167
-0.0741119
-0.0967255
-0.058548
-0.0155029
-0.00488281
-0.0146942
0.031662
0.00921631
-0.0163269
-0.009552
0.00915527
0.0232697
-0.0146179
-0.034668
-0.0383911
-0.0398254
-0.0502777
-0.0658264
-0.0894318
-0.145599
-0.242996
-0.31134
-0.420547
-0.594238
-0.808472
-1.0699
-1.08116
-0.849304
-0.500809
-0.146011
0.117477
0.207642
0.216614
0.320435
0.626099
0.691483
0.688202
0.639648
0.556595
0.496597
0.382889
0.214737
0.0052948
-0.346954
-0.917084

[27]
-1.07182
-1.1152
-1.15408
-0.925858
-0.541763
-0.40657
-0.258942
-0.184891
-0.197708
-0.55661
-0.431808
-0.152267
-0.0562592
0.0227203
-0.0384979
-0.0189362
-0.0595856
-0.0503235
-0.0271149
0.0193024
-0.0043335
0.0166168
-0.030777
-0.0293274
-0.0214233
0.00424194
-0.00410461
-0.0233154
-0.0280151
-0.0241699
-0.0226593
-0.037674
-0.0676422
-0.08078
-0.115753
-0.14357
-0.222443
-0.262634
-0.390945
-0.633499
-1.01439
-1.07584
-1.08519
-0.637314
-0.474289
-0.105728
0.158112
0.00305176
0.349274
0.445892

[28]
0.605499
0.697723
0.676529
0.66922
0.597885
0.510193
0.448502
0.290649
0.0671844
-0.403366
-0.845398
-1.06325
-1.10143
-1.13512
-0.758926
-0.603989
-0.384354
-0.364716
-0.119186
-0.420517
-0.690521
-0.410614
0.0334473
-0.119583
-0.0340424
-0.0375977
-0.123459
-0.0241394
0.00422668
-0.00990295
-0.000915527
-0.0191803
0.00389099
0.00198364
-0.000686646
-0.050354
-0.0436707
-0.0384827
-0.0210266
-0.0453339
-0.0616608
-0.0563354
-0.073349
-0.11647
-0.140533
-0.19751
-0.253891
-0.326447
-0.510544
-0.809906

[29]
-1.07744
-1.08928
-0.707718
-0.59227
-0.398682
0.183395
0.125687
0.317169
0.441452
0.693146
0.709778
0.67215
0.647339
0.585098
0.535873
0.393494
0.184036
-0.107117
-0.483261
-1.05383
-1.09453
-1.14049
-1.17717
-0.764771
-0.0277252
-0.58551
-0.222321
0.109283
0.287811
-0.856995
-0.446548
-0.200806
-0.111938
0.0184174
-0.0601044
-0.0437622
-0.14183
-0.0812378
-0.0260162
-0.0207977
-0.0297699
-0.00158691
0.00152588
-0.00622559
-0.031662
-0.0223389
-0.0119324
-0.00874329
-0.0495148
-0.0447083

[30]
-0.0358124
-0.0375977
-0.0514526
-0.0797577
-0.107513
-0.210098
-0.269104
-0.307724
-0.465149
-0.768768
-1.07262
-1.0829
-0.828751
-0.752991
-0.274429
0.0227966
0.27063
0.2798
0.47728
0.582092
0.693878
0.718491
0.673935
0.639664
0.566864
0.496902
0.370911
0.145035
-0.198502
-0.73494
-1.05867
-1.10037
-1.14059
-1.03355
-0.761627
-0.608383
-0.764191
0.28299
-1.11444
-0.606262
0.112
-0.0413818
0.00372314
0.0165558
-0.0465546
-0.00396729
-0.0361786
0.00360107
-0.0256653
-0.0288086

[31]
-0.0457458
-0.0526733
-0.0150757
-0.0300903
-0.022644
-0.044693
-0.0422058
-0.0463867
-0.0362091
-0.0638123
-0.0812683
-0.0792847
-0.128418
-0.19191
-0.243591
-0.28035
-0.408875
-0.739166
-1.07506
-1.08846
-1.06763
-0.52327
-0.381393
0.038559
0.153854
0.250244
0.46109
0.611206
0.700897
0.704483
0.662247
0.596069
0.529907
0.438278
0.288361
0.00749207
-0.294617
-0.827606
-1.05672
-1.09647
-1.13486
-0.731354
-0.637665
-0.301544
-0.328476
-0.236389
0.0778656
-0.668106
-0.556747
-0.428436

[32]
-0.0159607
0.023407
-0.0824432
-0.0391083
-0.0947571
-0.103912
-0.0447083
-0.00993347
-0.0211487
-0.0254059
-0.0404358
-0.00392151
-0.0302277
-0.0369568
0.0104523
-0.0379181
-0.0216217
-0.0586853
-0.0665283
-0.0590515
-0.0624695
-0.0743866
-0.093338
-0.132233
-0.141174
-0.186508
-0.226227
-0.365402
-0.634979
-1.07016
-1.07634
-0.532211
-0.545181
-0.544983
0.00111389
0.267426
0.276993
0.388107
0.577881
0.668549
0.646088
0.62294
0.58847
0.537277
0.450363
0.286041
0.0189667
-0.261688
-0.667404
-1.04657

