[0]
-0.260605
0.08638
0.10997
-0.148544
-0.170486
-0.291336
-0.266876
-0.145706
0.0532532
0.0464325
-0.0682526
-0.114166
-0.207397
-0.151672
-0.135132
-0.0935059
-0.164581
-0.265686
-0.238022
-0.114151
-0.164948
-0.477493
-0.82283
-1.13803
-1.65637
-0.663116
-0.829849
-0.643539
-0.00668335
-0.0879517
-0.480331
-0.623718
-0.407166
-0.225174
-0.0166473
0.0409698
0.0795593
0.0771942
0.105011
0.105026
0.243805
0.533997
0.699112
0.686218
1.22092
2.28125
0.932404
-1.63313
0.473251
0.920517

[1]
0.0876617
0.511826
-0.129318
-0.0241241
-0.169113
-0.0967407
-0.102325
-0.0983429
-0.209381
-0.365677
-0.269211
-0.174103
-0.0536652
-0.0887299
-0.10495
-0.113586
-0.123169
-0.0877075
-0.0930328
-0.166443
-0.206772
-0.153656
-0.16243
-0.508682
-0.782562
-1.94662
-0.789368
-1.23241
-1.56987
-0.574524
-0.0839233
-0.263824
-0.549805
-0.38092
-0.339066
-0.251633
-0.134445
-0.0924683
-0.0509949
0.00752258
0.0304413
0.161285
0.312103
0.520248
0.760864
0.790344
1.86659
1.40878
-0.251862
-1.28264

[2]
1.0168
0.360153
0.326935
0.36911
-0.00764465
-0.130844
-0.310669
-0.21434
-0.123962
0.0116577
-0.0848389
-0.120468
-0.126831
-0.184143
-0.142685
-0.1082
-0.0535278
-0.118515
-0.173309
-0.103592
-0.103317
-0.154083
-0.171631
-0.156647
-0.312759
-0.561386
-1.5369
-1.179
-0.96611
-1.23901
-0.472504
-0.331787
-0.306229
-0.473175
-0.509735
-0.498383
-0.450943
-0.337067
-0.274704
-0.257248
-0.202316
-0.166428
-0.0832672
-0.0225372
0.264053
0.573318
0.791779
0.886902
1.64058
1.39931

[3]
0.168701
-0.200851
1.08351
0.169556
0.285187
0.0896454
0.245514
-0.0977936
-0.253418
-0.118439
-0.189041
-0.0760193
-0.0561676
-0.120407
-0.112549
-0.05867
0.022049
0.00328064
-0.137085
-0.118759
-0.174255
-0.145615
-0.149368
-0.189514
-0.0301819
0.0122223
-0.334183
-0.817993
-1.24516
-1.52568
-1.11
-0.636887
-0.788269
-0.256577
0.394714
-0.234039
-0.832016
-0.527039
-0.357742
-0.132904
-0.0470734
-0.0255127
0.0512695
0.0855713
0.0841827
0.0491638
0.3228
0.599487
0.751236
1.03529

[4]
2.14969
1.18228
-0.65152
0.117599
0.900177
0.107025
0.139999
0.0517426
0.304016
-0.124115
-0.218689
-0.241547
-0.24411
-0.0397034
0.0780029
0.132828
0.0929871
0.0355377
0.0030365
-0.162079
-0.278595
-0.193344
-0.13974
-0.0789032
-0.143036
-0.188019
-0.00559998
-0.0384521
-0.363007
-0.649094
-1.58994
-0.850861
-0.997116
-1.63969
-1.2442
0.158173
0.398743
-0.298981
-0.748032
-0.486359
-0.389053
-0.30896
-0.233154
-0.177277
-0.0986176
-0.0363922
0.00437927
0.275986
0.58342
0.797562

[5]
0.915726
1.44676
1.52307
0.582855
0.0398865
1.16196
0.0175476
0.667862
-0.030014
-0.00108337
-0.149734
-0.0127869
-0.0161133
0.017395
-0.103546
-0.194138
-0.130173
-0.134552
-0.0269928
-0.021698
0.000732422
-0.0597534
-0.0879669
-0.107758
-0.125259
-0.227188
-0.127197
0.00167847
-0.204529
-0.524017
-0.774841
-1.87059
-0.806335
-1.08913
-1.19095
-0.307632
-0.243866
-0.306107
-0.59523
-0.407745
-0.319016
-0.193039
-0.077713
-0.0176239
0.0319672
0.0731354
0.146423
0.0791321
0.434128
0.693985

[6]
0.572037
0.78685
1.606
0.58461
-0.219101
-0.254959
1.0096
0.0659485
0.580963
0.244598
0.0102081
0.0257111
-0.109344
-0.128204
-0.111038
-0.0196533
-0.120605
-0.0357056
-0.0706177
-0.0953064
-0.0508118
-0.0441437
-0.145111
-0.0487061
0.0248108
-0.0228577
-0.155685
-0.0886688
-0.0991516
-0.460709
-0.716003
-1.76932
-0.44809
-1.34386
-1.3714
-0.303177
-0.25412
-0.339798
-0.555588
-0.392258
-0.329315
-0.285339
-0.228668
-0.216644
0.0363922
-0.0397644
-0.0244141
-0.00686646
0.241684
0.407608

[7]
0.705276
0.794907
1.58046
1.49298
0.409378
-1.60272
1.16699
0.627518
0.163712
0.600891
0.172302
-0.0283051
0.0254211
0.0448303
-0.103439
-0.126465
-0.202698
-0.151215
-0.116592
-0.0519409
-0.0184784
-0.0151215
0.00506592
-0.0166016
-0.0208588
-0.0872498
-0.205627
-0.133316
-0.163452
-0.456635
-0.917374
-1.57373
-0.590942
-1.24155
-0.995056
-0.301605
-0.396225
-0.465759
-0.399429
-0.373779
-0.368073
-0.323837
-0.243881
-0.204987
-0.115265
-0.095108
-0.0825195
-0.0219421
0.145477
0.0322723

