[1]
-0.0346527
0.276642
-0.0519104
-0.698013
-0.602066
-0.251892
-0.287033
-0.114319
-0.174026
0.214355
-0.112625
0.270508
0.154633
-0.077301
0.170166
-0.0492401
-0.0153961
-0.0586853
0.136185
0.0801544
0.01828
0.0197601
0.0265198
-0.0351868
-0.0696106
-0.0333557
0.0846558
-0.00489807
0.0501556
0.0561829
0.205521
0.376602
0.0325623
-0.41925
-0.635468
-0.731552
-0.639984
-0.465225
-0.302582
-0.309738
-0.0978851
0.199432
0.0661774
-0.00970459
0.0857239
0.173721
0.192688
0.213486
0.206543
0.215622

[2]
0.0792236
0.115906
-0.214264
-0.337845
-0.4151
0.127014
-0.245819
0.211395
0.692001
0.446854
-0.815338
-0.0245209
0.217804
0.0713501
-0.0481415
0.062973
0.0236511
-0.0931854
-0.067627
-0.107269
0.00166321
0.226151
0.14624
0.101028
-0.0203857
-0.0989075
-0.0648193
0.104248
0.183884
0.368973
0.137268
-0.153336
-0.328552
-0.737961
-0.615891
-0.407928
-0.797882
-0.419556
-0.135605
0.365417
0.366211
0.214432
0.186386
0.227386
0.237442
0.258484
0.203476
0.126724
0.131805
-0.130554

[3]
-0.250412
-0.414764
-0.431717
-0.206177
0.0387421
1.22781
0.506683
-0.553635
-0.219147
-0.0337982
-0.0422821
-0.0837097
0.01828
0.0722809
-0.0722198
-0.21019
-0.127167
-0.184387
0.0140991
0.133636
0.177887
0.122696
-0.0439911
-0.106354
0.0358887
0.0783691
0.172226
0.243835
-0.066452
-0.195297
-0.334732
-0.431137
-0.283661
-0.861908
-0.143997
-0.294922
-0.0412292
0.168579
0.142151
-0.00418091
-0.0495453
-0.0176849
0.0184631
0.0339966
0.0671997
-0.0798492
-0.0712128
-0.118698
0.0301056
-0.531754

[4]
-0.317993
0.210022
0.430893
1.38953
0.577042
-0.846252
0.338257
-0.339005
0.11676
-0.0995789
-0.0764923
0.0383759
-0.11348
-0.0991821
-0.192566
-0.0826569
0.104309
0.0862274
-0.0172577
-0.0527802
-0.0862122
0.102844
0.177185
0.0631409
0.256638
0.0986176
-0.240952
-0.508469
-0.781494
-0.39061
-0.755707
0.0540466
-0.110367
0.267334
0.211105
0.285339
0.19986
0.176697
0.287109
0.313278
0.333984
0.354523
0.23967
0.32489
0.00761414
-0.374832
-0.468781
-0.259583
-0.33194
-0.365189

[5]
1.09409
0.377441
-0.580185
-0.168198
-0.114349
-0.160645
-0.255936
-0.0618896
-0.0283661
-0.068512
-0.0761261
-0.216125
-0.187317
-0.136322
-0.04216
-0.0376434
-0.158401
0.0608063
0.191956
0.132401
0.0569458
0.236938
-0.00547791
-0.232193
-0.491882
-0.732315
-0.542374
-1.20096
0.268387
-0.15863
0.130005
0.0723877
0.122452
-0.00587463
0.0422211
0.114441
0.121796
0.169174
0.187454
0.10083
0.227707
-0.167557
-0.391098
-0.612183
-0.343018
-0.370239
0.083374
-0.624176
0.266418
-0.833252

[6]
-0.171524
-0.0832672
-0.12291
-0.191803
-0.162231
-0.150955
-0.253784
-0.13205
-0.169022
-0.150757
-0.0898132
-0.0526428
-0.0101929
-0.0962372
-0.147995
-0.0118256
0.0849609
0.120895
0.224274
-0.0940399
-0.259995
-0.378952
-0.427567
-0.789413
-1.02798
-0.169128
-0.467361
-0.219955
-0.0404053
0.0292969
-0.0865326
-0.013504
0.0760651
0.0839081
0.111481
0.0825195
-0.30571
-0.147339
-0.660172
-0.630646
-1.07401
-0.333435
-0.079361
-0.513153
-0.136719
0.877823
-0.313126
-0.796463
0.0110626
-0.308701

[7]
-0.0354156
-0.149933
0.0338898
-0.180008
-0.218781
-0.407089
-0.186371
-0.0991058
0.0452271
0.0411835
-0.0700073
-0.0862427
-0.0348816
0.0435333
0.0422516
0.188873
0.00706482
-0.127029
-0.402466
-0.427216
-0.914581
-0.861969
-0.0736389
-0.472977
0.0987549
0.105408
0.0262604
-0.130707
-0.0362549
0.0960541
0.0984497
0.0549164
0.112381
0.200119
-0.0270844
-0.364243
-0.260971
-0.754532
-0.276642
-0.242615
0.21431
-0.207779
-0.448914
-0.238876
-0.166061
-0.432373
0.0387268
-0.237885
-0.0736542
-0.128677

[8]
-0.224213
-0.161148
-0.224365
-0.0237579
0.0440979
-0.0679932
-0.113037
-0.139648
-0.00842285
0.0600281
0.0864258
0.306534
0.152451
-0.20903
-0.351532
-0.711395
-0.260696
-0.466751
-0.733337
-0.642731
-0.330856
0.107498
0.212357
0.120758
0.0992737
0.197037
0.212646
0.224304
0.214111
0.249069
0.241287
-0.000823975
-0.548264
-0.462494
-0.546478
-0.28569
-0.325912
0.858078
0.22731
-0.672913
0.349899
-0.426514
-0.210861
-0.10379
-0.25061
-0.0992126
-0.166107
-0.223053
-0.108795
-0.20311

[9]
-0.116577
-0.0244751
0.0521851
-0.0325928
-0.175827
-0.0811462
0.0593262
0.025528
0.240707
0.208817
-0.145615
-0.380859
-0.959564
-0.285995
-0.859024
0.154526
-0.0227051
0.268814
0.128143
0.0357971
-0.117538
-0.093338
0.0132751
0.0194702
0.0357819
0.0604858
0.0764313
-0.0206146
-0.308655
-0.374374
-0.52655
-0.155594
-0.251038
1.40492
0.605896
-1.07181
-0.0171509
-0.210266
-0.0534668
-0.257614
-0.214554
-0.156189
-0.228363
-0.160706
-0.252487
-0.190628
-0.139267
-0.0550232
-0.0261383
-0.0473022

[10]
0.00170898
0.0476685
0.0514526
0.0471802
0.107742
-0.151291
-0.269547
-0.538849
-0.599686
-0.511642
-1.28375
-0.4823
-0.302887
0.220657
0.168549
-0.0184937
-0.0229492
0.0654602
0.15773
0.192291
0.253204
0.356201
0.369904
0.302032
0.133179
-0.198868
-0.613373
-0.0937805
-0.288223
-0.664444
1.12933
0.224823
-0.0133362
-0.316971
-0.144348
-0.263641
-0.240768
0.0161591
-0.0760956
-0.014267
-0.168411
-0.113876
-0.0626984
0.0788269
0.137543
0.120453
0.0257874
-0.0227661
-0.175537
-0.0641174

[11]
0.175919
0.146301
0.0785522
-0.225479
-0.161774
-1.01462
-1.20441
0.0856171
-0.204254
0.169266
0.0987701
0.215118
0.0775452
0.00749207
0.0991058
0.0774994
0.0808868
0.207886
0.257523
-0.090683
-0.737717
-0.549057
-0.650742
-0.243713
-0.347382
-0.584686
2.04469
-0.945587
-0.600052
-0.151199
-0.0857086
-0.136856
-0.122879
-0.0027771
-0.23082
-0.231522
-0.311249
-0.135117
-0.0730743
0.0153961
-0.0423584
-0.135849
0.00450134
0.120987
0.110535
0.0268555
0.193161
0.0886383
-0.0043335
-0.694839

[12]
-0.655212
-0.904846
-0.420883
-0.386978
-0.235275
0.11116
0.188782
0.093277
-0.0286102
-0.0324249
0.0280609
0.0316467
0.0464783
-0.0731201
0.059494
-0.249054
-0.600494
-0.535278
-0.359695
0.0119324
-0.302048
0.844604
0.750961
-0.262482
-0.164215
-0.0669708
-0.10936
-0.236572
-0.0137482
-0.120499
-0.172943
-0.24263
-0.185974
-0.0891418
-0.052063
-0.00289917
-0.0115662
0.0605164
0.144272
0.156357
0.0167084
0.125
0.182999
0.00810242
-0.157089
-0.579239
-0.682617
-1.1337
-0.45784
-0.482468

[13]
-0.0673218
0.0699615
0.0409851
0.04245
-0.0269318
0.0402374
0.0843964
0.137085
0.194534
0.265823
0.12796
-0.343414
-0.631256
-1.03824
-0.490417
-0.44313
0.0733795
1.90343
-0.530228
-0.528915
-0.304794
-0.413528
-0.0226746
-0.220703
0.0422974
-0.0942535
-0.164978
-0.0992889
-0.280548
-0.185272
-0.115433
-0.0135803
-0.0145874
0.1091
0.0880585
0.147339
-0.0651245
0.110382
0.0725555
0.0195465
-0.255981
-0.42511
-1.20708
-1.06248
0.202286
-0.104446
-0.00866699
-0.0184479
0.0488739
-0.0626068

[14]
-0.113739
-0.062027
0.0075531
0.0148315
0.112732
0.122131
0.0372925
-0.642273
-0.43544
-0.28804
0.0662842
-0.0386505
1.18483
0.142487
-1.2533
-0.0270996
0.194641
-0.0770874
-0.312973
-0.096405
-0.248657
-0.276627
-0.366318
-0.274353
-0.0121765
-0.0717926
-0.0510559
-0.193085
-0.102295
0.0571136
0.163879
-0.00109863
0.0288696
0.164825
-0.0891113
-0.304016
-0.77388
-0.274506
-1.30775
-0.219666
0.131592
0.0193634
-0.090683
-0.058609
-0.171814
-0.164093
-0.0511475
0.0172119
0.0460052
0.155792

[15]
0.218796
0.0167084
-0.589172
-0.59613
-0.968704
-0.478577
0.248734
0.445602
-0.100327
-1.00999
0.0225372
-0.436508
0.0632935
-0.329163
-0.140305
-0.106888
-0.213547
-0.235123
-0.492767
-0.281769
-0.102341
-0.0152893
-0.0354004
-0.0251312
-0.0693054
0.018219
0.076889
-0.0290833
0.103088
0.075882
-0.0575256
-0.34761
-0.338181
-0.712891
-1.20695
0.0679626
-0.186951
0.278748
0.0218048
0.117767
-0.0386505
-0.0804291
0.0230713
0.0981293
0.112778
0.174408
0.23291
0.0534668
-0.31163
-0.416016

[16]
-0.640045
-0.124954
-0.581238
1.12396
1.06589
-0.633942
-0.162445
-0.175049
-0.375122
-0.191116
-0.158966
-0.00514221
-0.249512
-0.240097
-0.358871
-0.1418
-0.0845947
0.0363312
0.0281677
-0.00337219
0.0401001
0.100494
-0.0581665
-0.0338135
0.238754
0.0580444
-0.135696
-0.779007
-0.38353
-0.456146
-0.885025
-0.743958
-0.472321
0.170303
0.242874
0.115967
0.0196381
-0.0131073
0.00836182
-0.0774231
-0.0882721
-0.127563
-0.26622
-0.535797
-0.650925
-0.131454
-0.103256
-0.364395
0.101868
-0.149399

[17]
0.145325
-0.632126
-0.173004
-0.487015
-0.0326996
-0.293991
0.0194092
-0.0604858
-0.241547
-0.261414
-0.328339
-0.0578766
-0.0481873
-0.0531006
-0.212769
-0.0967407
0.128754
0.280426
0.0897827
0.130157
-0.0143585
-0.19017
-0.376266
-0.286087
-0.668106
-1.20406
0.0722961
-0.0290375
0.0442963
0.0571899
-0.0310822
-0.164566
-0.220825
-0.11644
-0.0580292
-0.0514832
-0.0250702
-0.0246429
-0.0925598
-0.0142059
-0.173355
-0.0798187
-0.0959778
-0.0822906
1.44882
0.63855
-1.18613
0.317184
-0.0635071
-0.100647

