[1]
0.741394
-0.831635
-1.03052
-1.0383
-1.04141
-0.627838
-0.437897
0.646576
0.292542
0.319397
0.925049
0.82402
0.853958
0.802185
0.728577
0.664963
0.57254
0.463058
0.320297
-0.000152588
-0.489059
-0.704422
-1.18173
-1.24855
-1.30463
-1.28062
-1.05983
-0.724289
-0.118469
-0.490524
-1.14304
-0.503235
-0.441742
-0.198578
-0.0966034
-0.0640869
-0.0110168
-0.0827026
-0.0375977
-0.0628967
-0.0150604
-0.00209045
0.0128021
0.00631714
-0.0381622
-0.0494537
-0.0567627
-0.0240326
-0.0764008
-0.112274

[2]
-0.150513
-0.170822
-0.294907
-0.331436
-0.454468
-0.516251
-0.999527
-1.05554
-1.07213
-1.0822
-0.951721
-0.106232
0.896622
0.108765
0.414658
0.903336
0.797272
0.735596
0.746689
0.675995
0.58287
0.530396
0.530029
0.31694
-0.0490875
-0.352081
-0.982315
-1.15276
-1.20825
-1.24998
-0.965134
-0.931931
-0.560715
-0.69133
-0.731094
-0.836044
-0.163086
-0.533264
0.0578613
-0.100113
0.00180054
0.00939941
-0.00178528
-0.0374451
0.00149536
0.047821
-0.00552368
0.00944519
-0.0124664
-0.0247803

[3]
-0.0328369
-0.00590515
-0.0176086
-0.076355
-0.0986481
-0.0918274
-0.258224
-0.37381
-0.414627
-0.518616
-0.606522
-1.05986
-1.07451
-1.09135
-1.05028
-1.01712
-0.361038
0.913498
0.0545502
0.209671
0.940704
0.882889
0.860168
0.83783
0.771927
0.680954
0.552231
0.432327
0.265747
-0.22876
-0.601242
-1.10013
-1.15674
-1.20551
-1.23776
-0.911957
-0.985657
-0.680725
-0.724289
-0.649811
-0.311523
-0.131287
-0.0867004
-0.00915527
-0.113113
-0.0449982
-0.0442505
0.014328
-0.0122833
0.0464325

[4]
0.04776
0.0117798
-0.0388947
-0.0410309
-0.0359955
-0.0357513
-0.0111237
-0.0527496
-0.141937
-0.115356
-0.143417
-0.307007
-0.349762
-0.523209
-0.558609
-0.85939
-1.05771
-1.07443
-1.08058
-0.847488
-0.440765
0.916687
0.154419
0.205292
0.825806
0.810928
0.798401
0.779465
0.706787
0.622665
0.535355
0.462509
0.259583
-0.140427
-0.407425
-0.986633
-1.14091
-1.19507
-1.23659
-0.940811
-0.807007
-0.627625
-0.418594
-0.349411
-0.892532
-0.166901
-0.282761
-0.287064
-0.198135
-0.0509644

[5]
0.092041
-0.0834351
-0.0344696
0.0169678
0.0159912
0.0548553
0.0374603
0.015274
-0.0193634
-0.0103302
-0.000686646
-0.0443115
-0.0437164
-0.10022
-0.095459
-0.154999
-0.300217
-0.341782
-0.469131
-0.571335
-1.02914
-1.06596
-1.08257
-1.10176
-0.804657
-0.537567
0.803986
0.285736
0.266174
0.818878
0.793137
0.839066
0.817108
0.791336
0.726593
0.653671
0.573807
0.465958
0.186646
-0.178619
-0.626282
-1.0865
-1.1338
-1.17305
-1.16586
-0.820068
-0.837067
-0.649155
-1.03795
-0.114853

[6]
-0.271484
-0.0200653
-0.101547
0.0787201
-0.101578
-0.0691071
0.0155182
-0.0229034
-0.00369263
0.00292969
-0.047821
-0.0728149
-0.00990295
0.00601196
-0.0114441
-0.0171967
-0.0382233
-0.0645905
-0.123901
-0.0871887
-0.17337
-0.231613
-0.344971
-0.439407
-0.49202
-0.592422
-1.06476
-1.08022
-1.09718
-1.01254
-0.958878
-0.00584412
0.761032
0.268631
0.485077
0.879059
0.836624
0.786255
0.76915
0.711319
0.634918
0.588928
0.507858
0.300629
-0.121552
-0.399628
-0.975967
-1.13191
-1.17918
-1.21318

[7]
-0.934296
-0.844009
0.0654144
-0.329071
-0.675018
-0.145416
-0.291397
-0.211945
-0.118149
-0.172012
-0.0409393
0.00708008
-0.065506
0.0151062
0.00550842
0.0432281
0.015274
-0.0178986
-0.0157623
-0.0151978
0.00735474
-0.0110779
-0.0213165
-0.0651398
-0.0817871
-0.0931244
-0.181107
-0.289612
-0.349609
-0.477173
-0.522522
-0.839066
-1.05849
-1.07336
-1.0768
-0.62854
-0.574173
0.500458
0.471207
0.184814
0.608292
0.87001
0.79126
0.729919
0.701797
0.648087
0.533936
0.454117
0.308472
-0.0160675

[8]
-0.246674
-0.871689
-1.1498
-1.20461
-1.24442
-0.936249
-0.818176
-0.642441
-0.670715
-0.625107
-0.704391
-0.241989
-0.178894
-0.205292
-0.0494385
-0.024292
-0.0087738
-0.0611115
-0.0340118
-0.00358582
0.00975037
0.0253601
0.0137939
0.00817871
0.010498
-0.0282898
-0.0306091
-0.0388794
-0.043396
-0.0657959
-0.0875549
-0.0874329
-0.23082
-0.296768
-0.358109
-0.454727
-0.503738
-0.949799
-1.05936
-1.07095
-1.07457
-0.670761
-0.586975
0.58934
0.125412
0.418839
0.745361
0.808655
0.837814
0.833649

[9]
0.800888
0.709122
0.618668
0.54953
0.413559
0.05336
-0.263031
-0.747864
-1.13657
-1.19426
-1.23929
-0.965683
-0.76709
-0.86673
0.0169067
-0.221359
-0.632156
-0.666382
-0.481888
-0.0606842
-0.107742
-0.067749
-0.0447388
-0.0764618
-0.0824127
-0.0197906
-0.0204773
-0.00534058
-0.0253601
-0.0447998
-0.0238342
0.0172119
0.0107269
-0.0171204
-0.0195312
-0.0609741
-0.102615
-0.0874023
-0.109604
-0.225876
-0.27562
-0.347931
-0.430328
-0.541885
-0.99646
-1.05536
-1.06842
-1.07384
-0.762238
-0.58876

[10]
0.73851
0.213959
0.481934
0.650589
0.948959
0.864761
0.854813
0.795853
0.691406
0.588211
0.482452
0.332382
0.0216217
-0.436752
-1.09901
-1.15109
-1.19881
-0.768463
-0.815872
-1.16354
-0.566025
-0.420837
-0.319275
-0.970367
-0.142975
-0.414368
-0.0979309
-0.0591583
-0.14357
-0.068634
-0.157104
-0.016571
0.00372314
0.016861
0.0161438
-0.0475616
-0.0923309
-0.0377655
-0.000213623
-0.0230255
-0.0585632
-0.0759583
-0.0922394
-0.0709229
-0.111359
-0.296738
-0.287872
-0.368881
-0.445923
-0.516602

[11]
-0.930084
-1.06439
-1.07861
-1.08376
-0.851898
-0.283279
1.00748
0.27887
0.238754
0.847641
0.892792
0.785614
0.773483
0.681213
0.582916
0.446655
0.284332
0.0436859
-0.325363
-0.761383
-1.1273
-1.18013
-1.22464
-0.842804
-0.806213
-1.03026
-0.449417
-0.585693
-0.49173
-0.994568
-0.195602
-0.527084
-0.0611725
-0.0478973
-0.0663452
-0.0384979
-0.0720978
-0.024765
-0.0194855
0.0338898
-0.000473022
-0.0111084
-0.0331268
-0.00505066
-0.0110168
-0.0272064
-0.0473328
-0.0669556
-0.0991821
-0.122543

[12]
-0.158615
-0.228104
-0.295166
-0.369446
-0.416107
-0.607193
-1.05734
-1.06862
-1.08159
-0.879196
-0.917694
-0.134033
0.854965
0.114899
0.238205
0.871155
0.798462
0.796478
0.767578
0.699829
0.590073
0.480942
0.357239
0.100876
-0.285019
-0.713409
-1.10231
-1.1535
-1.19728
-0.987411
-0.769318
-0.620468
-0.0663147
-0.417435
-0.572266
-0.50795
-0.213913
-0.272369
-0.140076
0.00119019
0.0209045
-0.0244446
-0.110321
0.0237427
-0.0199585
-0.00465393
-0.0589294
-0.058197
-0.013031
-9.15527e-05

[13]
-0.00717163
-0.0159607
-0.0235596
-0.0454712
-0.0982666
-0.130432
-0.0926971
-0.175217
-0.270935
-0.337891
-0.373169
-0.418671
-0.649139
-1.06572
-1.07863
-1.08112
-0.878967
-0.806305
0.386551
0.605392
0.342712
0.400467
1.01816
0.819016
0.787247
0.751358
0.639542
0.498413
0.403412
0.279922
-0.109268
-0.48378
-1.02223
-1.15158
-1.20789
-1.04285
-0.960068
-0.79805
-0.763611
-0.520172
-0.558105
-1.01108
-0.486542
-0.396957
-0.11116
0.0969391
0.0285187
-0.0830994
-0.126511
-0.0433502

[14]
0.00163269
0.0390778
0.0572815
-0.0258636
-0.0703278
-0.0688171
-0.00012207
0.0130005
-0.0190277
-0.0530396
-0.0957947
-0.114807
-0.054718
-0.161163
-0.228973
-0.331879
-0.446564
-0.439697
-0.710876
-1.05428
-1.06709
-1.08043
-0.733582
-0.784485
0.101562
0.799515
0.206619
0.33606
0.88855
0.825897
0.787598
0.761002
0.696167
0.585129
0.481827
0.345306
0.065094
-0.293747
-0.823654
-1.12894
-1.17984
-1.21774
-0.742645
-0.953217
-0.647675
-0.0988922
-0.51413
-0.802933
-0.297684
-0.402756

[15]
-0.101898
-0.152603
-0.024765
-0.0202484
-0.0541534
-0.0328674
0.00386047
0.0237579
0.0149078
-0.0410461
-0.0581665
-0.016571
-0.00149536
-0.0114288
-0.0524597
-0.0613861
-0.12915
-0.157501
-0.137405
-0.259644
-0.294189
-0.410706
-0.487579
-0.667526
-1.06372
-1.07826
-1.09561
-0.903748
-0.643448
0.651382
0.0860443
0.232483
0.809723
0.770462
0.802994
0.78746
0.728653
0.648422
0.573395
0.475525
0.305374
-0.161087
-0.455032
-0.998627
-1.14841
-1.20316
-1.24376
-1.26663
-0.913727
-0.612396

[16]
-0.635376
-0.596619
-0.718307
-0.318359
-0.262466
-0.118256
-0.0907593
-0.00457764
-0.0205231
-0.105103
-0.0144653
-0.0154877
0.0543365
-0.00517273
0.0223999
-0.0191345
-0.00906372
-0.0193024
-0.0385742
-0.0442963
-0.0779419
-0.142014
-0.0800323
-0.232285
-0.271484
-0.356689
-0.453583
-0.490707
-0.868454
-1.06879
-1.08276
-1.08936
-0.789703
-0.651489
0.819458
-0.0487671
0.246796
0.828827
0.788651
0.815979
0.791092
0.72963
0.613113
0.491806
0.374039
0.196243
-0.220154
-0.67038
-1.11884
-1.17389

[17]
-1.22054
-0.777939
-1.1228
-0.698578
-0.620468
-0.564545
-0.642365
-0.408127
-0.319427
-0.00236511
-0.141998
-0.0972137
-0.0692749
-0.0368805
-0.0578613
-0.0146637
0.0241852
0.0467072
0.0118256
-0.0283356
-0.0266113
-0.00247192
-0.00592041
-0.0331879
-0.0783844
-0.113708
-0.105453
-0.122589
-0.207367
-0.263657
-0.40062
-0.414444
-0.581802
-1.0598
-1.07434
-1.08871
-1.09424
-0.812576
-0.27301
0.913132
0.291061
0.28157
0.768311
0.835327
0.777939
0.773453
0.70166
0.63121
0.546326
0.416504

[18]
0.225281
-0.143448
-0.556549
-1.04875
-1.14403
-1.19566
-1.16783
-1.05171
-0.725128
-0.1297
-0.385742
-0.826202
-0.49234
-0.245407
-0.126923
-0.175323
-0.13707
-0.001297
-0.0540771
-0.0267334
-0.0284119
-0.014679
0.0125427
-0.0118103
-0.0157013
-0.0187378
-0.0102539
-0.045578
-0.0232849
-0.0650177
-0.123856
-0.115906
-0.126068
-0.246338
-0.337433
-0.412933
-0.464798
-0.538315
-1.06024
-1.07477
-1.09032
-0.972321
-0.926712
0.0622406
0.632446
0.329926
0.456299
0.892227
0.76561
0.762115

[19]
0.751999
0.65596
0.523285
0.423325
0.274963
-0.0382843
-0.345398
-0.805008
-1.13551
-1.187
-1.22603
-0.935379
-0.796005
-0.735748
0.18335
-0.190094
-0.847626
-0.487015
-0.516144
-0.378036
-0.0970001
-0.00161743
0.0882263
-0.0613708
-0.00901794
-0.0131378
0.00596619
0.0275879
0.00764465
-0.0108032
-0.0288696
-0.0225525
-0.0406036
-0.0371704
-0.0683746
-0.109543
-0.100952
-0.140778
-0.201645
-0.318192
-0.442734
-0.497055
-0.687759
-1.0639
-1.07695
-1.09291
-0.778656
-0.790192
0.294937
0.436569

[20]
0.302475
0.54155
0.729218
0.741104
0.732147
0.735062
0.664703
0.549255
0.478897
0.286774
-0.0343933
-0.386414
-0.914993
-1.14006
-1.19084
-1.22731
-0.910004
-0.874832
-0.574661
-0.658615
-0.8591
-0.202942
-0.384048
-0.245499
-0.0695953
-0.0471802
0.00294495
0.01651
-0.0510712
-0.0128784
-0.00830078
0.0162506
-0.013504
-0.00369263
0.00271606
-0.0242615
-0.0266571
-0.062088
-0.0960541
-0.149658
-0.0998993
-0.203674
-0.259521
-0.33725
-0.453323
-0.471252
-0.75769
-1.06133
-1.07555
-1.07903

[21]
-0.819168
-0.646652
0.5392
0.265076
0.197525
0.774765
0.761063
0.814667
0.786194
0.729874
0.6064
0.494141
0.38858
0.154602
-0.224121
-0.560394
-0.994965
-1.15723
-1.20976
-1.02351
-0.925446
-0.700165
-0.81778
0.480316
-0.391632
-1.03014
-0.81543
-0.0865326
-0.467239
-0.13765
-0.144455
-0.0145264
-0.0956726
-0.110565
0.0452423
0.00848389
0.0377808
0.0357361
0.00276184
-0.0341644
-0.0282593
-0.0192108
-0.0475159
-0.0691528
-0.110245
-0.0993805
-0.12468
-0.260742
-0.288254
-0.396912

[22]
-0.455795
-0.615433
-1.05484
-1.06866
-1.0835
-0.899948
-0.810043
0.0854034
0.486191
0.29834
0.608047
0.715652
0.765549
0.757233
0.750916
0.681381
0.594971
0.519531
0.391434
0.0611725
-0.24884
-0.719116
-1.12015
-1.17186
-1.21309
-1.23747
-0.83226
-0.716217
-0.583832
-0.917221
-0.49144
-0.31723
-0.17984
0.05867
-0.105209
-0.0843048
-0.063385
-0.00112915
-0.0197754
0.0269623
-0.00401306
0.00312805
-0.00692749
-0.011322
0.00590515
-0.0172729
-0.0486298
-0.0833282
-0.132645
-0.160706

[23]
-0.176605
-0.297058
-0.388092
-0.473755
-0.536453
-0.719986
-1.05197
-1.06395
-1.06804
-0.807602
-0.687119
0.750793
0.129166
0.259628
0.822449
0.898376
0.874374
0.846817
0.78154
0.674683
0.564606
0.393936
0.186035
-0.217651
-0.649048
-1.12325
-1.18175
-1.23183
-1.12184
-1.13536
-0.706177
-0.500732
-0.71904
-0.951355
-0.363159
-0.373093
-0.109787
-0.0600739
-0.0597534
-0.0618286
-0.0903473
-0.0135193
-0.0376282
0.0413971
-0.0113068
-0.0332336
-0.0302734
-0.0169067
-0.0460052
-0.0659943

[24]
-0.0578003
-0.0925751
-0.135544
-0.127716
-0.173462
-0.272369
-0.353958
-0.43158
-0.500443
-0.738373
-1.06049
-1.07425
-1.08018
-0.87854
-0.653732
0.635574
0.118332
0.147705
0.934235
0.779755
0.796509
0.796799
0.725082
0.599319
0.477859
0.285034
0.00334167
-0.384735
-0.889984
-1.16191
-1.22249
-1.26801
-0.957275
-0.89537
-0.809219
-0.413437
-0.456955
-1.00452
-0.235825
-0.382462
-0.1194
-0.156891
-0.0533752
-0.000213623
-0.12677
-0.00970459
-0.0153656
0.0648499
0.00834656
0.011261

[25]
-0.031601
-0.0185547
-0.0120697
-0.0340576
-0.0634003
-0.105347
-0.0979462
-0.128845
-0.288132
-0.324081
-0.446701
-0.51149
-0.641739
-1.0293
-1.05138
-1.06578
-1.00534
-0.903564
-0.111588
0.821426
0.2836
0.348145
1.005
0.839539
0.844208
0.833893
0.753464
0.60788
0.491913
0.341843
0.0801392
-0.361542
-0.901932
-1.14774
-1.20331
-1.24612
-0.924042
-0.943497
-0.636475
-0.23262
-0.447418
-1.17873
-0.35965
-0.387512
-0.0468445
-0.123459
-0.00730896
-0.0740814
-0.0465088
-0.0190735

