[1]
0.0540161
0.0853729
0.0220032
0.0161285
0.0592651
0.0847626
0.0595551
-0.0486755
0.00639343
0.211548
0.113998
-0.0430298
-0.600983
-0.609299
-0.150162
-0.628128
-0.751236
-0.0550842
-0.591766
-0.00410461
0.00473022
0.0169525
-0.0171509
-0.0545807
-0.0446625
-0.00553894
0.0219269
0.0232086
0.00183105
0.000747681
0.0648956
0.18837
0.120651
0.00782776
-0.484253
0.309814
0.820175
0.276657
-0.696182
0.918457
-0.0213165
0.235886
-0.177582
-0.182129
0.0122986
-0.0527802
0.00222778
0.12442
0.125961
-0.0775146

[2]
-0.0527344
0.0648346
0.0894623
0.0766754
0.0232849
0.0394592
0.0592041
0.072052
0.0333099
0.107513
0.0478516
-0.0114441
-0.110886
0.115372
0.236984
0.0219116
-0.366867
-0.86441
0.161087
-0.633759
-0.809494
-0.238708
-0.443115
0.0583496
-0.0118561
0.07341
0.136627
0.106949
0.0788116
0.126312
0.0652008
0.121109
0.130707
-0.0859222
0.318207
0.220352
-0.0214539
0.0529633
-0.0245209
0.886856
0.442657
-0.821518
1.10374
0.117264
-0.673508
0.1483
0.274658
-0.108368
0.00587463
0.00975037

[3]
0.0768585
0.0602417
-0.171188
-0.0700073
0.0804596
0.172043
0.113358
0.0523682
0.0947876
0.0211792
0.0298767
-0.0109406
0.0767365
0.160568
-0.0128632
-0.0464783
0.149887
0.0258942
-0.319519
-0.855377
-0.383484
-0.37323
-0.676147
-0.74086
-0.505325
-0.266434
0.228714
-0.0551453
-0.188385
-0.0276489
-0.0702209
-0.124619
-0.0834808
-0.0339203
-0.0204468
0.0522461
0.225189
0.0924072
-0.128448
-0.0634766
-0.561218
-0.358887
0.610825
0.803101
0.0880432
0.489182
-0.68811
0.194046
0.00701904
-0.00585938

[4]
0.00642395
0.066803
0.0359955
-0.130859
-0.272247
-0.0769043
0.0872955
0.187332
0.0605011
0.00366211
-0.00202942
0.0382538
0.00709534
0.033493
0.0606079
0.0481567
-0.0457764
-0.0531311
0.134613
0.0823364
-0.0419464
-0.429321
-0.678833
-0.00679016
-0.717041
-1.00531
-0.056076
-0.259598
0.0693207
0.115402
0.144058
0.118195
0.00631714
0.0123138
-0.129639
-0.121674
-0.141418
0.189545
0.238907
-0.0764771
-0.265778
-0.270493
-0.363419
0.290466
-0.260696
0.543671
0.578552
0.960236
0.622452
-0.2509

[5]
-0.218857
-0.326111
0.184326
0.111649
0.157471
-0.0403137
-0.252594
-0.232071
-0.100113
0.0306702
0.0227051
-0.0433655
-0.00650024
-0.0126495
0.0348969
0.0880585
0.08638
-0.175385
-0.100876
0.0319824
0.0514069
0.184296
0.098114
-0.0824585
-0.0719299
-0.564926
-0.151459
-0.943665
-1.07999
-0.283936
-0.886414
-0.0303192
-0.118027
-0.167938
-0.153488
-0.130264
-0.151077
-0.124985
-0.157166
-0.14418
-0.168732
-0.0106049
0.149612
0.0250244
0.0150604
-0.399567
-0.366135
0.257614
0.271698
-0.0933685

[6]
-0.122238
0.978378
0.671127
-0.718018
-0.150757
0.0624847
-0.09375
0.04422
0.0376282
-0.0176849
-0.0361938
-0.241348
-0.0798187
-0.0446167
0.111313
0.0984344
-0.0787354
-0.0258636
-0.00485229
0.0630188
-0.00698853
-0.00762939
-0.0645294
0.0301056
0.127502
-0.03685
-0.207657
-0.690506
-0.164215
-0.561035
-0.834717
-0.736984
-0.19754
-0.296417
-0.213913
0.0162354
0.0290527
-0.0152893
-0.058548
-0.0950623
-0.0290985
-0.000213623
0.0284271
0.0805664
0.249466
0.221756
-0.0500641
-0.0888519
-0.401184
0.349228

[7]
0.338608
0.0574341
-0.172165
1.0031
-0.114105
-0.329987
-0.531464
0.170288
-0.189117
0.0503082
0.0649719
-0.0243835
-0.0738373
-0.251602
-0.129562
-0.0719452
0.0529327
0.0165558
-0.0798035
-0.0410309
0.0283356
0.0357361
-0.00987244
-0.019516
-0.0193329
-0.0959625
-0.0420685
-0.0883789
-0.062088
-0.382797
-0.589035
0.160538
-0.520355
-1.06351
-0.496506
-0.856506
-0.191925
-0.0762634
-0.00213623
-0.0271149
-0.0119324
-0.0586243
-0.0696716
-0.123856
-0.0427246
-0.026001
0.188049
0.207825
-0.0969543
-0.361374

[8]
-0.237198
-0.443695
-0.691879
0.070816
0.282898
0.37204
0.345032
0.63205
0.267426
-0.694199
0.0265808
-0.0596161
-0.133179
0.0699463
0.0217285
0.119858
-0.0547943
-0.0260773
-0.217926
-0.165649
-0.00350952
0.100616
0.103912
-0.080658
-0.0713348
-0.0480499
0.0575562
0.0932922
-0.0572662
-0.0419464
-0.00657654
-0.129974
-0.197617
-0.685547
-0.269043
-0.480499
-0.717636
-0.650681
-0.179642
-0.103531
-0.113876
0.0673065
0.054306
-0.0230408
-0.0509491
0.00994873
-0.0299225
0.0415802
0.0642548
0.0847015

[9]
0.130997
0.00740051
-0.205109
-0.201767
-0.745346
0.168732
0.266464
0.163651
0.0599518
0.697449
-0.111649
-0.752411
-0.102158
0.0641479
-0.0556793
0.133484
-0.0192719
-0.00822449
-0.0298615
-0.0628967
-0.206528
-0.0479431
-0.000717163
0.000579834
-0.0156097
-0.0399323
-0.0384521
0.0289612
-0.0246429
-0.0422058
-0.0436096
0.00663757
0.0986633
-0.0819702
-0.218033
-0.505463
-0.407745
0.0313263
-0.492661
-0.538589
-0.220306
-1.0289
-0.173523
0.0582733
0.032608
-0.0454865
-0.076004
-0.083252
-0.0777283
-0.126984

[10]
-0.00697327
-0.0414276
-0.0269012
-0.0423889
0.148972
0.185974
0.0390778
-0.197021
-0.694427
0.0487671
0.286987
0.545654
0.1315
0.914978
0.202744
-0.522217
-0.439163
-0.00694275
-0.12706
0.0878143
0.102173
0.0115662
0.0428925
-0.284332
-0.107132
-0.0409546
0.0876465
0.103043
-0.0133667
0.0141449
0.031189
0.0106201
-0.00601196
0.0783691
-0.0283203
-0.0218048
0.00444031
-0.049408
-0.138046
-0.592148
-0.179031
-0.406113
-0.621933
-0.694183
-0.152435
-0.333313
-0.156555
0.12529
0.142426
0.141891

[11]
0.00158691
-0.0356598
-0.0671539
-0.0692444
-0.0475464
-0.134918
0.126541
0.104691
-0.194534
-0.46788
-0.800339
-0.164124
0.290588
0.306778
0.482788
0.567169
-0.12294
-0.727692
0.212372
-0.133377
-0.0345001
0.0652466
-0.085495
-0.0905304
-0.0153046
-0.195007
-0.0236664
0.0503082
0.0122528
0.033905
-0.0216522
-0.00508118
0.0348053
-0.0523987
0.0130463
0.0986023
0.0348816
0.070694
0.0536499
-0.038559
-0.113327
-0.60527
-0.684158
-0.176636
-0.655289
-0.686508
-0.166931
-0.52948
0.0849762
0.0260315

[12]
0.596207
0.262573
-0.301712
-0.455963
0.184647
-0.126617
0.0566711
0.0708923
-0.0428619
-0.200226
-0.137527
-0.083786
0.0385284
0.0633087
-0.0572815
-0.0627136
0.0242462
0.0766602
0.0140381
-0.09729
-0.0626984
-0.00363159
0.0752716
0.160782
-0.0133972
-0.137909
-0.858475
-0.102554
-0.613251
-0.90094
-0.806625
-0.345093
-0.196564
-0.101654
-0.0829773
-0.0614929
-0.106033
-0.143616
-0.130234
-0.159988
-0.192719
-0.185287
-0.102051
0.0540466
-0.0740814
-0.19809
-0.224182
-0.333038
0.359329
0.6241

[13]
-0.640472
-0.118713
0.666229
0.33873
-0.684387
1.04517
0.827057
-0.847122
-0.12381
-0.0247955
-0.139023
0.0719604
0.0246429
0.0278473
-0.0863495
-0.00584412
-0.248734
-0.121979
-0.0032196
0.0256653
0.0166473
-0.0418396
0.00637817
0.00671387
-0.0814819
0.02742
0.00189209
-0.0353546
-6.10352e-05
-0.0548096
-0.122009
-0.360764
-0.746628
0.0467224
-0.512589
-0.779694
-0.324112
-0.884109
-0.224014
0.0592804
0.0271301
-0.0657959
-0.163467
-0.151611
-0.16954
-0.141129
-0.121307
-0.0197601
-0.047821
-0.0865021

[14]
-0.0871277
-0.106506
-0.12912
-0.064682
-0.135437
-0.144165
-0.463028
0.205719
0.480133
0.420822
0.602646
0.539169
0.0821533
-0.354263
-0.277664
0.178741
0.130722
0.0340271
-0.159927
0.00488281
0.0625305
-0.251816
-0.0614319
0.049469
0.0411835
0.0108185
-0.0654907
-0.0214691
-0.0232086
0.0211945
0.053299
0.066925
0.00587463
0.0317078
0.102692
-0.047699
-0.22728
-0.67807
-0.0408783
-0.317566
-0.663666
-0.564484
0.0588989
-0.432556
-0.317261
0.0612946
-0.0411682
-0.141174
-0.128693
-0.0459595

[15]
-0.231598
-0.0282135
0.0999298
0.0689697
0.0523376
0.0225677
0.0250244
0.0560455
0.132736
0.202484
0.260803
0.430664
0.281937
-0.26918
-0.882584
-0.364288
0.383987
-0.0570374
-0.910278
0.92868
0.779221
-0.726425
-0.185211
-0.0518341
-0.26944
0.0146332
0.131393
0.0991516
0.0167236
-0.0142212
-0.17691
-0.224136
-0.00152588
0.0510254
0.0782776
-0.0207672
-0.0165405
-0.0552673
0.0189056
0.171875
0.0952148
-0.0988159
0.00395203
0.0177002
-0.129822
-0.344101
-1.16585
0.0454559
-0.932053
-1.12961

[16]
0.0217133
0.0194244
-0.0171509
-0.0792542
-0.0674286
0.0163879
0.059021
0.0452576
0.162674
0.15181
-0.0374603
-0.185135
-0.660049
-0.3452
0.135529
0.402115
0.0751801
0.880157
0.0540314
-0.469284
-0.605621
0.13356
0.0190735
-0.000427246
-0.0248413
-0.0595551
-0.0405426
-0.231094
-0.147812
0.00721741
0.0735321
0.0655365
-0.0517273
-0.0682678
0.0398865
0.14595
-0.0182495
-0.0651245
-0.0282135
-0.0364838
0.0571747
0.0729065
-0.0636902
-0.326324
-0.770996
0.0309143
-0.563232
-0.943344
-0.223236
-0.725082

[17]
-0.476456
0.043457
0.0271912
-0.106613
-0.0795898
0.0631714
-0.0415192
-0.0938416
-0.037674
-0.020813
0.0102844
0.0430908
0.11853
0.123444
-0.0999908
-0.24855
-0.278915
-0.895233
-0.39595
0.232697
0.345871
0.393204
0.472137
-0.554398
-0.181213
-0.057312
-0.0552673
0.021347
0.0382843
0.0315552
-0.0496979
-0.0426025
-0.227325
-0.12001
-0.0473175
0.034317
0.0816345
-0.0111542
0.0134583
0.0671997
0.13858
-0.0360413
-0.0659943
-0.120285
0.0153046
0.119507
-0.0547028
-0.245544
-0.763168
-0.183914

[18]
-0.522369
-0.700989
-0.680206
-0.176147
-0.295517
-0.00984192
0.0982056
0.013916
-0.0791779
-0.112656
-0.123932
-0.113922
-0.0898132
-0.0296631
-0.0111237
-0.046524
-0.0489197
-0.0797729
0.174469
-0.753113
-0.0365295
0.638443
0.00799561
-0.954834
1.00713
0.737488
-0.571594
-0.158295
0.123718
-0.0440521
0.0299835
-0.0059967
0.0485687
0.0426788
0.0593414
0.0628357
-0.142563
-0.0327911
0.0644989
0.0689697
0.0258789
-0.025238
0.0115967
0.0109863
0.012146
0.00227356
0.127853
0.048172
-0.153366
-0.396149

[19]
-0.968033
0.0101624
-0.626541
-0.846008
-0.597672
-0.488113
0.114441
0.0193481
0.0417175
0.00138855
-0.078476
-0.0991974
-0.0164795
0.0264282
0.0447998
0.0638733
0.205841
0.169586
0.050827
-0.054718
-0.503937
-0.125854
0.587204
0.261871
0.202225
0.776947
-0.0601501
-0.6409
0.138062
0.0218353
0.012146
0.115204
-0.107056
0.0165405
-0.0214844
-0.0878143
-0.1745
-0.042923
-0.0317993
0.0374146
-0.0068512
-0.0164337
0.0263367
0.109314
0.0979919
-0.000778198
-0.184448
-0.0647278
0.108978
0.022171

[20]
-0.173859
-0.657761
-0.516663
-0.177399
-0.643463
-0.653641
-0.0356903
-0.756073
-0.106049
0.0164948
0.0706482
-0.0119476
-0.0257416
-0.0265656
-0.0149078
-0.022049
0.0185547
0.0534668
0.1203
0.104095
0.124313
-0.126297
-0.62265
-0.0608521
0.275528
0.345688
0.298782
0.612534
-0.152084
-0.382782
-0.205109
0.0493622
-0.143845
0.085556
0.00582886
0.0025177
0.0065918
-0.207672
-0.141357
-0.0652924
0.0361481
0.0320129
-0.0126648
-0.0211334
0.000778198
0.0510254
0.0278168
-0.105591
-0.147629
0.0751801

[21]
0.0420532
-0.186249
-0.762268
-0.614822
-0.585617
-0.671616
-0.855835
-0.379013
-0.065506
-0.0163727
0.0494232
0.0342255
0.049118
-0.0175018
0.0308075
0.0512238
0.0936584
0.141098
0.0477295
0.253265
0.102066
-0.123978
-0.311844
-0.629395
0.0684814
0.079483
-0.10582
0.163895
0.819672
-0.471283
-0.241135
-0.163254
-0.0524292
0.0237122
-0.0645752
0.0267792
-0.0397491
-0.0909119
-0.170471
-0.108627
-0.030838
0.0598297
0.0020752
0.0552673
-0.0688324
-0.016983
-0.109024
-0.0402222
0.00463867
-0.0515442

[22]
0.0858765
0.00305176
-0.218307
-0.647827
-0.864044
-0.547562
-0.658737
-0.809479
-0.16188
-0.445786
-0.0352783
-0.0471497
-0.0398865
-0.0432129
-0.102036
-0.0480194
-0.00387573
0.0198975
0.0890198
0.0542908
0.310532
0.101791
-0.11644
-0.454254
-0.761108
0.116943
0.367111
0.0907135
-0.515121
1.0771
0.671463
-0.768784
-0.183212
0.163162
-0.30983
0.204376
-0.00382996
0.124664
0.121063
-0.169083
-0.112762
-0.00596619
0.00985718
0.0502625
-0.0808868
-0.0787201
0.0458527
0.0729218
0.0166779
-0.0180511

