[1]
0.742798
0.278351
0.397095
0.501724
0.628311
0.652557
0.917725
1.17836
1.2097
1.24174
1.24998
0.736389
0.470566
-0.341064
0.188019
-0.428986
-0.444519
-0.589081
-0.464157
-0.50531
-0.482742
-0.399719
-0.340958
-0.187408
0.0156097
0.587921
1.04614
1.08275
1.11995
0.906967
0.436905
1.14189
-0.19812
0.253708
1.06956
0.469604
0.538467
-0.0510559
0.131119
-0.0039978
0.0371704
0.0156708
0.00973511
-0.0298157
-0.0779266
0.00721741
0.112335
0.0778198
0.0795746
0.0584412

[2]
0.059021
0.0736694
0.151291
0.211273
0.275223
0.429535
0.561218
0.63382
0.830292
1.09464
1.11456
1.13899
1.03154
0.508453
0.0550842
-0.584
-0.109619
-0.764832
-0.650085
-0.815598
-0.625122
-0.554474
-0.447357
-0.316193
-0.181259
0.157959
0.779846
1.07825
1.13118
1.1799
1.0134
0.484253
1.1917
-0.830154
0.756485
1.12097
0.3302
1.06703
-0.0107422
0.194061
-0.121628
0.126785
0.045929
0.0175171
-0.0355225
-0.0383453
0.00718689
0.040741
0.0682373
0.215057

[3]
0.0526581
0.073349
0.137375
0.191895
0.218613
0.31987
0.440994
0.618668
0.587585
0.972015
1.07915
1.09714
1.12737
0.878052
0.104858
0.327423
0.150314
-0.429489
-0.663223
-0.795349
-0.74733
-0.685349
-0.631241
-0.41153
-0.352829
-0.169907
0.330917
0.980591
1.14589
1.21103
1.26015
0.827988
0.625824
1.23312
-0.842712
1.07567
1.03944
0.5504
1.05162
-0.0419006
0.0318146
-0.0884705
0.118958
0.0883789
0.0280304
-0.0540619
-0.0172119
0.0630035
0.0841827
0.0270844

[4]
-0.0339661
0.0328064
0.15065
0.200745
0.154465
0.255554
0.424164
0.587021
0.553253
0.81485
1.06516
1.07907
1.08624
1.09096
0.359894
1.14592
-0.353607
-0.409073
-0.819687
-0.759949
-0.76947
-0.682831
-0.637482
-0.524689
-0.376389
-0.213104
0.200531
0.86879
1.17126
1.24081
1.29802
1.1552
0.418198
1.28706
-0.61084
1.25632
0.800049
1.17252
-0.061264
0.124695
-0.00767517
0.107513
0.06073
0.0881958
-0.00534058
-0.0368652
0.040451
0.0508423
0.0496368
-0.026886

[5]
0.0575714
0.144897
0.135468
0.243942
0.196289
0.283646
0.397675
0.554794
0.570068
0.981277
1.04108
1.05157
1.0722
0.593826
0.0399628
-0.273788
0.129669
-0.546326
-0.851349
-0.816574
-0.70311
-0.657776
-0.558563
-0.413757
-0.234055
0.122498
0.545349
1.09967
1.20059
1.26711
1.31731
0.924164
0.69278
0.465424
0.138809
1.11131
0.614059
0.978806
0.172012
0.171829
0.0106964
0.0267181
0.0587158
0.0218353
0.0531158
-0.0351562
0.000366211
0.0201111
0.0315704
0.0171814

[6]
-0.00805664
0.0872498
0.124924
0.15094
0.187424
0.231659
0.356781
0.497711
0.55574
0.69339
1.03333
1.04437
1.05846
0.934311
0.655518
0.0741119
-0.732742
-0.0737
-0.700836
-0.665085
-0.914658
-0.671478
-0.63298
-0.545547
-0.420227
-0.260483
0.013092
0.459549
1.12442
1.19281
1.25826
1.24113
0.848495
1.31181
0.373657
0.286392
0.882156
0.607864
1.06082
-0.109039
0.174057
-0.00682068
0.0315247
0.0885773
0.0204773
0.0242615
-0.0548706
-0.0262299
0.0408173
0.0476074

[7]
0.0475464
0.0277405
0.0159454
0.017746
0.101303
0.185486
0.232498
0.396606
0.470581
0.547455
0.621094
1.03387
1.04614
1.05966
0.877533
0.793411
-0.0630035
0.829208
-0.0337677
-0.580307
-0.820908
-0.762512
-0.861984
-0.739304
-0.64418
-0.511993
-0.352783
-0.15506
0.204666
0.898392
1.18192
1.25769
1.3197
1.11208
0.464676
1.22391
-0.283478
0.675354
1.13678
0.422165
0.872131
0.0645905
0.288483
0.0575409
0.109787
0.104813
0.0714722
-0.0317993
-0.00320435
-0.0263672

[8]
0.0523529
0.101959
0.032196
0.0137939
0.0543671
0.0816498
0.117294
0.154388
0.247086
0.384232
0.488571
0.56572
0.646423
1.03096
1.04115
1.05353
1.07413
0.654572
-0.0436554
-0.18959
0.00875854
-0.7211
-0.830933
-0.736084
-0.82489
-0.645477
-0.587784
-0.43689
-0.277328
0.0132751
0.440506
0.87059
1.18466
1.25482
1.30832
1.01094
0.595078
1.28743
-0.687622
0.745804
1.14786
0.599594
0.792755
-0.0739136
0.2565
-0.0429993
0.0449982
0.0545807
0.0358582
-0.0130005

[9]
-0.0375366
0.0190277
0.0172272
0.0178223
0.0473022
0.0552521
0.0851746
0.123962
0.147903
0.143265
0.287933
0.360748
0.529999
0.588547
0.929794
1.04669
1.05891
1.07803
0.880051
0.217117
-0.0561523
-0.690826
-0.160889
-0.814728
-0.766525
-0.854172
-0.695328
-0.624176
-0.556305
-0.370728
-0.223053
0.119644
0.625534
1.11348
1.18048
1.24216
1.11079
0.500092
1.1644
-0.111069
0.564438
1.15712
0.54393
0.778473
-0.0210419
0.140152
-0.0845337
0.0993042
0.0757141
0.0350189

[10]
-0.0428467
-0.00158691
0.00767517
0.0422516
0.0232239
0.0231018
0.0262756
0.0576324
0.0687408
0.121078
0.124176
0.198914
0.340271
0.413727
0.502029
0.611237
1.04419
1.05598
1.06786
1.08937
0.585007
-0.278671
1.03581
-0.21727
-0.577179
-0.697601
-0.764069
-0.791382
-0.687363
-0.631454
-0.503845
-0.35817
-0.138977
0.325912
0.755875
1.12976
1.19498
1.25212
0.953995
0.738831
1.25478
-0.497726
0.638474
1.16685
0.469208
1.10431
-0.10878
0.189255
-0.0623474
0.0863037

[11]
0.00924683
-0.0952606
-0.0321503
-0.0553284
-0.026062
0.0380402
0.0497131
0.0633698
0.0654602
0.0633392
0.053421
0.113953
0.174225
0.209335
0.327881
0.356827
0.414352
0.534332
0.89328
1.0452
1.05705
0.955139
0.764709
0.237976
-0.00610352
-0.498093
-0.0575409
-0.732086
-0.674469
-0.831848
-0.685318
-0.635452
-0.563461
-0.445557
-0.260834
0.0253296
0.593201
1.10614
1.16835
1.22821
1.27141
0.816025
0.491501
0.826569
-0.30513
0.697769
0.821564
0.566589
0.598724
-0.0812073

[12]
0.152847
-0.0149078
0.0753479
0.053772
0.00169373
-0.0198059
-0.0688629
-0.0391235
-0.0124512
0.045578
0.048996
0.023468
0.0134888
0.0428314
0.0668793
0.107025
0.245972
0.389725
0.445984
0.484055
0.74025
1.04124
1.0538
1.06657
0.959961
0.648392
0.0481873
0.415329
-0.435089
-0.399414
-0.72998
-0.680969
-0.771988
-0.660995
-0.607635
-0.522858
-0.393417
-0.229233
0.120941
0.536179
1.11447
1.17889
1.23993
1.20811
0.701355
0.693451
0.518066
-0.0413666
0.620209
0.440948

[13]
0.670074
0.950882
0.150116
0.099762
-0.0495605
0.0991211
0.0752563
0.0543365
-0.0204315
-0.0476685
-0.0467834
0.0248566
0.0117493
0.0293884
0.0301208
0.0716248
0.102646
0.0965271
0.151337
0.267197
0.368866
0.38942
0.586761
0.996002
1.05412
1.06766
0.924957
0.931503
0.364517
-0.404495
-0.306152
-0.294418
-0.855911
-0.701614
-0.796158
-0.628845
-0.54657
-0.53009
-0.471329
-0.374908
-0.104095
0.296738
0.877045
1.14059
1.20155
1.24902
0.644623
0.622543
1.23433
-0.588562

[14]
0.714157
1.12527
0.670807
0.495361
0.0545807
0.112885
-0.0196838
0.108871
0.0471191
0.0230103
-0.055603
-0.01651
-0.00823975
0.0413971
0.0517731
0.0540924
0.0626526
0.156784
0.182571
0.145004
0.202835
0.324631
0.404373
0.421005
0.572632
1.04663
1.05888
1.07513
1.10004
0.520218
-0.117981
0.0302429
0.0336304
-0.751923
-0.656921
-0.75029
-0.674774
-0.621109
-0.577972
-0.48317
-0.349319
-0.0964966
0.384933
0.984253
1.14532
1.20677
1.25307
0.572296
0.760742
0.798309

[15]
0.0384827
1.18457
0.546844
0.629623
0.0903015
0.117538
0.114288
-0.00540161
0.0550842
0.0110779
0.0381317
-0.0219727
0.0602417
0.054657
0.0311279
0.00141907
-0.0138245
0.0732269
0.111023
0.149307
0.184052
0.169937
0.345459
0.473892
0.47612
0.697189
1.03914
1.0513
1.06512
1.0863
0.890793
-0.170441
-0.0367279
0.00634766
-0.767731
-0.656174
-0.780823
-0.723999
-0.613556
-0.532913
-0.391541
-0.22464
0.147873
0.792755
1.1237
1.19246
1.25453
1.23108
0.415588
0.651245

[16]
0.193115
0.530151
1.13745
0.265411
0.897797
0.183289
0.0716858
-0.0195007
0.00456238
0.073349
0.0497437
0.0206451
-0.0331421
-0.00128174
-0.00502014
-0.0114288
0.016861
0.0473938
0.0333405
0.0485382
0.062149
0.0849609
0.13504
0.334732
0.45752
0.535522
0.715347
1.04053
1.05492
1.07391
-0.404068
1.10301
0.385361
1.05661
-0.999725
-0.62825
-0.620483
-0.741608
-0.610153
-0.592361
-0.509155
-0.392746
-0.23233
0.268997
0.775299
1.16406
1.23892
1.30049
0.949371
0.444443

[17]
0.851227
0.0313873
0.674774
1.07591
0.595428
0.758087
0.327972
0.274384
-0.0690155
0.0870972
0.0712891
0.0285645
0.0193787
-0.0270081
-0.0122681
0.00909424
0.0274506
0.0449524
0.078476
0.0609741
0.135574
0.119415
0.156586
0.321121
0.437668
0.569946
0.624512
1.02846
1.03804
1.04884
1.06607
0.688629
-0.254333
1.13539
-0.114197
-0.606445
-0.829834
-0.782181
-0.89563
-0.717484
-0.639099
-0.519653
-0.370148
-0.156754
0.278809
0.782501
1.15581
1.22621
1.28474
1.03748

[18]
0.637299
1.29378
-0.469681
0.971008
1.1153
0.462219
1.14668
-0.0846558
0.290283
-0.0445709
0.114059
0.0722046
-0.0217438
-0.0605927
-0.047287
-0.00805664
0.0448608
0.0867004
0.0455322
0.0655212
0.042923
0.0858154
0.147308
0.139511
0.29187
0.397781
0.461929
0.587906
1.00923
1.04037
1.05301
0.924316
0.93718
0.0348663
0.73027
-0.44017
-0.406509
-0.894012
-0.7155
-0.883118
-0.690857
-0.633347
-0.51004
-0.378555
-0.18045
0.212616
0.626541
1.16098
1.23267
1.29437

[19]
1.13599
0.502792
1.31914
-0.338318
1.04626
1.24107
0.236816
0.98938
-0.0644073
0.291245
0.0621948
0.0492554
0.115372
0.0381317
-0.000457764
-0.0511932
-0.0357056
0.0510101
0.100998
0.0931549
0.0746002
0.0802612
0.0522919
0.11232
0.0803833
0.194382
0.406479
0.461029
0.505188
0.761749
1.02992
1.0378
1.04813
1.06816
0.592087
-0.13475
0.171631
0.0605011
-0.647446
-0.735733
-0.826263
-0.728973
-0.684402
-0.598663
-0.497177
-0.352448
-0.127869
0.29686
0.804733
1.18106

[20]
1.25279
1.31122
1.04027
0.795593
1.09541
-0.508163
0.880249
0.719727
0.582748
0.856476
0.0593262
0.227631
-0.0787506
0.0444794
0.0377197
0.00628662
0.012619
0.0129242
0.0166016
0.0186615
-0.00242615
0.00315857
0.0062561
0.0598907
0.166321
0.134628
0.152573
0.293976
0.397522
0.411407
0.643219
1.03174
1.04335
1.0555
1.07434
0.610718
-0.237885
0.970291
-0.0521698
-0.590881
-0.737076
-0.767715
-0.801392
-0.680695
-0.595734
-0.505356
-0.345154
-0.149658
0.365494
0.851303

[21]
1.16257
1.23378
1.29221
0.780167
0.651199
1.05374
0.229172
1.22482
0.746155
0.543106
0.265518
0.068222
0.140961
-0.0340271
0.0569763
0.00834656
0.0217133
-0.0211792
0.0197144
0.022171
0.0326996
0.025177
0.00125122
0.0102386
0.0477448
0.0986176
0.0986938
0.0804901
0.284912
0.403824
0.468536
0.546616
0.873169
1.03467
1.0463
0.888657
1.08185
0.403976
-0.0885925
-0.310013
0.0649414
-0.842941
-0.799866
-0.805557
-0.832306
-0.726013
-0.693161
-0.554077
-0.426254
-0.241562

[22]
0.187378
0.754608
1.11789
1.1795
1.23141
0.933685
0.578903
1.21658
-0.120865
0.951462
0.71257
0.770599
0.412354
0.0329895
0.154739
0.031311
0.12001
0.0123749
-0.0229797
-0.0460052
-0.0736084
-0.0322418
0.00881958
0.0244904
0.0435181
0.0255737
0.0434265
0.0754547
0.0986633
0.0627899
0.167984
0.289368
0.456863
0.457123
0.642059
1.0067
1.04813
1.06056
0.97113
0.59848
-0.0218964
-0.160965
-0.630478
-0.149216
-0.799088
-0.680862
-0.923782
-0.744629
-0.659103
-0.591095

[23]
-0.45871
-0.29248
-0.0106201
0.437103
0.93837
1.16737
1.22641
1.10097
0.619202
0.421478
1.06104
-0.585617
0.382477
1.06532
0.454956
0.443375
0.284943
0.141418
0.00482178
0.0674438
0.0376892
-0.0106201
-0.0756073
-0.0489655
-0.0102386
0.0424042
0.0211945
0.0310974
0.0450897
0.0199738
0.045166
0.0897827
0.139786
0.245331
0.371262
0.465561
0.536163
0.882568
1.06644
1.08171
0.900665
0.925354
0.281082
0.0251465
-0.695984
0.210922
-0.949646
-0.723541
-0.788452
-0.625168

