[1]
0.0162964
0.126251
0.0486298
-0.0458679
-0.0973206
-0.0329895
-0.251892
-0.216553
-0.0587921
-0.4142
-0.530746
-0.359604
-0.284775
-0.0949402
-0.0579071
-0.0679016
-0.0834351
-0.0253296
0.000305176
-0.0110016
0.0106354
0.00363159
0.0354919
0.118423
0.209961
0.141693
0.0639954
-0.0452728
-0.0128479
-0.0116119
0.236633
0.823746
0.939896
0.426483
0.0938263
0.813553
0.652191
-0.140198
-0.0300293
-0.451706
0.0462189
0.102005
0.151886
0.270737
0.0826263
0.0214081
-0.261459
0.0211945
0.192688
0.175964

[2]
0.0278473
0.0181274
0.0539703
0.0769196
0.0608215
0.0350647
0.0460968
0.0508575
0.0517731
0.0410767
0.0586548
0.0420227
0.0296936
0.0185242
0.07724
-0.0333405
0.0213013
-0.2836
-0.781723
-0.125854
-0.231461
-0.378357
-0.723557
-0.359222
-0.257278
0.00535583
-0.0375519
-0.127167
-0.144806
-0.0753326
-0.0118561
0.0102997
-0.0684967
-0.0674744
-0.0357056
0.13147
0.146225
0.0495605
-0.024765
-0.103302
-0.178986
-0.18222
0.724899
0.846924
0.598724
0.190933
0.281494
0.496841
-0.250977
-0.040741

[3]
-0.221329
0.0983887
0.185455
0.0726166
0.116531
-0.00665283
-0.221573
-0.0773468
0.109329
0.107681
-0.0529785
-0.0470581
0.0203094
0.054718
0.0131226
0.0128784
0.032135
0.0428314
0.0260315
0.0130157
0.0532379
0.0213623
0.0133667
-0.00315857
0.00828552
0.00901794
-0.122711
-0.157257
-0.348389
-0.665863
-0.152802
0.0620117
-0.504181
-0.854462
-0.511063
-0.312302
-0.0216064
-0.0664978
-0.115311
-0.208618
-0.0944214
-0.02034
-0.00759888
-0.0389557
-0.0838013
0.00927734
0.022171
0.0275879
-0.0786896
-0.164703

[4]
-0.202316
-0.130737
-0.0894318
0.217514
0.925537
0.892609
0.136703
0.412567
0.29657
-0.107697
0.0826111
-0.0767365
0.144699
0.109497
0.0556488
0.0608978
0.0395508
-0.0353088
-0.133804
-0.0161133
0.0511322
0.0421906
-0.00267029
0.00386047
0.010025
0.0673523
0.0662689
0.0535278
0.0264893
0.006073
-0.00762939
0.0428314
0.0426941
0.0879059
0.0629578
0.0332489
-0.0751953
-0.108566
-0.277191
-0.755981
-0.484207
0.120941
-0.42775
-0.783768
-0.356445
-0.268326
-0.159744
-0.143097
-0.167709
-0.161224

[5]
-0.116318
-0.0710144
-0.0542145
-0.0935059
-0.0887756
-0.0779877
0.0287781
0.118103
0.103958
0.0860748
0.165955
0.100021
0.225449
0.872162
0.804199
0.430511
-0.0812531
0.353378
0.548981
-0.062439
0.0507202
-0.26506
0.0878906
0.174072
0.0494843
0.110428
-0.00558472
0.0103302
-0.0772552
-0.00495911
0.132095
0.0800629
0.0292358
0.0328674
0.0358276
0.0516815
0.0117645
0.00946045
0.0192413
0.0204163
0.0151978
0.0412903
0.0160065
0.0477142
0.0486298
-0.0218964
-0.107346
-0.127411
-0.00247192
-0.320282

[6]
-0.573441
-0.165497
-0.370407
-0.626678
-0.557922
-0.655258
-0.125534
-0.0797882
-0.210281
-0.211182
-0.160156
0.00216675
-0.0437927
-0.116791
-0.172089
-0.128326
-0.0828705
-0.0288544
0.105347
0.0320892
-0.0582886
0.0605774
-0.0135803
0.404022
1.02319
1.10487
0.524246
0.152649
0.297333
0.32695
-0.0906219
-0.221664
0.00354004
0.130783
0.0663452
0.0370483
0.170334
-0.00395203
-0.0679932
-0.056488
0.0458374
0.177338
0.0544281
-0.0477142
0.016449
0.0742035
0.0874939
0.0747223
0.0508118
0.0278168

[7]
0.0400543
-0.0117798
0.0814056
0.0751801
0.0791321
0.0363007
-0.15657
-0.276535
-0.162567
-0.369263
-0.429214
0.0385437
-0.459824
-0.584564
-0.526291
-0.301941
-0.0954742
-0.173264
-0.167587
-0.198807
-0.0989075
-0.0772095
-0.0854797
-0.0715027
-0.0679626
0.0177917
0.0786133
0.050354
0.121246
0.0592041
0.0491638
0.165833
0.328506
0.649948
1.08627
1.16647
0.191742
0.216705
0.595963
0.166718
0.0614014
-0.230621
0.0516052
0.057663
0.0227509
0.186813
0.0575867
-0.0245819
-0.138519
-0.00540161

[8]
0.124802
0.123962
0.013916
-0.00979614
0.0523529
0.0756226
0.0555573
0.0461731
0.050293
0.0519257
0.0240173
0.0397491
0.0950317
0.0531464
0.0536041
0.022934
-0.0224152
-0.126846
-0.356522
-0.588394
-0.409927
0.166687
-0.433182
-0.544785
-0.673309
-0.260422
-0.170029
-0.0776672
-0.13356
-0.177643
-0.146835
-0.0584259
-0.047226
-0.0996552
-0.19252
-0.158188
-0.127106
-0.052948
0.0195007
-0.0014801
0.211227
0.299606
0.293472
0.576126
0.953323
1.07367
0.378418
0.250885
0.901733
-0.0258331

[9]
-0.0503998
-0.224716
0.110306
0.0489044
0.239517
0.232117
0.135422
-0.117798
-0.0782013
0.118088
0.15004
0.0521545
-0.0139008
0.0606537
0.106613
0.0954437
0.0470123
0.0710602
0.098114
0.0647278
0.118256
0.0950012
0.0365906
0.0451813
0.088562
0.0623016
-0.0779877
-0.205704
-0.358948
-0.728195
-0.247116
0.112198
-0.419785
-0.67244
-0.358154
-0.201019
-0.1633
-0.095108
-0.109421
-0.119293
-0.0452118
-0.00314331
-0.00823975
-0.0406494
-0.040329
0.0270691
0.199173
0.18544
0.111725
0.144485

[10]
0.167526
0.0180511
0.267639
0.737335
0.615646
0.465561
0.401825
0.101807
0.538818
-0.27774
0.131805
0.04216
0.0702515
-0.0110016
0.101852
0.107712
-0.0394592
-0.200089
-0.029541
0.0976715
0.099472
0.0296936
0.00724792
0.0338135
0.0524139
0.077652
0.0824432
0.052536
0.0319824
0.0461884
0.0957336
0.0325317
-0.0309906
-0.0125885
-0.0122833
-0.0439606
-0.114517
-0.177444
-0.55365
-0.530884
0.0632019
-0.354614
-0.659531
-0.485077
-0.266403
-0.0991058
-0.0782471
-0.111801
-0.142517
-0.0682068

[11]
-0.0297546
-0.00930786
-0.0440979
-0.134308
-0.0770416
0.0423279
0.0270081
-0.123474
-0.241394
-0.231537
-0.288559
0.00128174
0.76535
0.93309
0.681854
0.608063
0.0469055
0.481964
-0.380463
0.119354
-0.0338135
-0.041748
0.104111
0.16539
0.0929108
-0.0786285
-0.226013
0.00389099
0.18399
0.136627
0.0142212
-0.0233459
0.0363007
0.0605927
0.0743256
0.0781555
0.0394745
0.0186615
0.0411224
0.0196228
0.0430756
0.0513
0.0860291
0.00422668
-0.0678558
-0.0896454
-0.303467
-0.547836
-0.369003
0.0889587

[12]
-0.349869
-0.540283
-0.39856
-0.201965
-0.157852
-0.110703
-0.111786
-0.0690155
-0.0119629
-0.0625153
-0.0215454
-0.0726013
-0.0903168
-0.0157013
0.0703735
0.111069
0.0648346
-0.0616455
-0.0477448
0.0318146
0.283203
0.730743
0.841034
0.401871
0.34642
0.190048
0.449982
-0.179077
-0.0197754
-0.0449066
0.304276
0.195465
0.0820312
0.0424194
0.0160828
-0.186661
-0.108017
0.0603485
0.0894165
0.0644531
-0.00961304
0.0223846
0.0193024
0.00212097
0.0470123
0.0172119
0.0157776
0.0182343
0.0332794
0.0233002

[13]
0.105331
0.0986328
-0.028183
-0.164612
-0.245102
-0.216904
-0.336197
-0.374893
0.117905
-0.375412
-0.580795
-0.654556
-0.28891
-0.0877075
-0.053833
-0.13089
-0.16243
-0.102768
-0.0341492
-0.0464325
-0.106964
-0.177689
-0.174118
-0.154663
-0.123444
-0.131104
-0.116531
-0.086792
0.112869
0.448212
1.02362
0.999619
0.639618
0.310501
0.357361
0.368042
0.100479
0.179932
-0.358795
0.0956116
0.0892639
0.143219
0.0897217
-0.0653992
0.00244141
-0.1409
-0.0157928
0.115646
0.0802612
-0.0111084

[14]
-0.0540771
0.0339966
0.0707397
0.0193481
-0.0015564
-0.0553284
-0.0365753
0.013443
0.0230865
0.0441437
0.0744324
0.0893555
-0.0891724
-0.242889
-0.196564
-0.276886
-0.624695
0.237686
-0.564789
-0.489914
-0.653168
-0.445602
-0.179459
-0.00628662
-0.0994415
-0.170242
-0.195145
-0.0652771
-0.0427246
-0.0798798
-0.0917053
-0.076004
-0.00920105
0.0833282
0.100174
0.0348816
-0.0460815
-0.0982971
-0.0592346
0.467728
1.16969
0.68663
0.715118
0.256012
0.626938
-0.323547
0.266083
-0.0935822
-0.0969391
0.0316925

[15]
0.162598
0.159317
0.041275
-0.177032
-0.193741
0.05159
0.200607
0.0775909
-0.0130615
-0.0065918
0.0503235
0.0381012
0.0198669
0.0381012
0.00613403
-0.00621033
-0.0125122
0.0411682
0.0748596
0.107742
0.0645142
-0.184616
-0.278809
-0.310776
-0.800308
-0.000549316
-0.431305
-0.427948
-0.584427
-0.400925
-0.0841522
0.00912476
-0.124435
-0.148849
-0.0891266
-0.0161743
-0.0297852
-0.0870361
-0.0970917
-0.0569305
-0.0125427
-0.0430603
0.0255585
0.0578003
0.136948
0.359177
0.35582
0.564713
0.975464
0.995285

[16]
0.609543
0.211456
0.511093
0.0342102
0.0317841
-0.0867462
0.0834503
0.132782
0.0383148
0.0804291
0.0715942
0.0291901
-0.00137329
-0.105545
0.0168915
0.105591
0.0638733
0.0303192
-0.00302124
0.0279388
0.0606384
0.0443878
0.0392609
0.0106506
0.00149536
0.0488739
0.0200653
0.0844879
0.0433807
-0.00167847
-0.0570526
-0.0746307
-0.227921
-0.406006
-0.410629
0.167007
-0.535843
-0.448868
-0.444244
-0.237228
-0.158585
-0.084549
-0.0867767
-0.126938
-0.0964203
-0.0740967
0.00695801
-0.091156
-0.0903473
0.0191956

[17]
0.0336914
0.0863342
0.0496216
0.186874
0.2995
0.377945
0.584549
0.920181
0.688644
-0.0173035
0.302765
0.447647
-0.190994
-0.0111389
-0.032135
0.0409546
0.0981903
0.182343
0.114914
-0.00108337
-0.173492
-0.120026
0.116745
0.129166
0.0361176
0.0236816
0.0925293
0.0920868
0.0857239
0.0443268
0.0217438
0.0301666
0.0733795
0.0699463
0.0162506
-0.00253296
0.0292053
0.00918579
-0.0399933
-0.0292358
-0.0855713
-0.674118
-0.205612
-0.00856018
-0.372528
-0.720016
-0.402832
-0.217087
-0.184021
-0.15834

[18]
-0.190262
-0.195984
-0.162674
-0.109085
-0.0619507
-0.0377197
-0.0878906
-0.0881195
-0.0995483
0.0100403
0.323212
0.0948639
0.351654
0.74527
0.78009
0.581711
0.750229
0.468536
-0.0893097
0.497131
0.0397644
-0.0989532
-0.136993
0.108795
0.102997
0.0246124
0.124725
0.0652771
0.00524902
-0.14801
0.0148315
0.149796
0.12355
0.0212402
-0.0102844
0.0585327
0.0897369
0.0536346
0.0415955
0.0350647
0.0327911
0.0557861
0.044693
0.0836792
0.0386047
-0.0439758
-0.139954
-0.165771
-0.458282
-0.558533

[19]
0.177444
-0.518539
-0.501343
-0.55159
-0.345566
-0.144501
-0.165909
-0.170471
-0.133591
-0.0790558
-0.0603333
-0.113739
-0.100677
-0.105881
-0.135971
-0.166595
0.191498
0.185669
0.20488
0.457413
0.510864
0.572754
0.867584
1.08586
0.854233
0.217163
0.125534
0.266251
-0.0472565
0.193954
0.0811462
0.074295
-0.0595856
0.111099
0.0883942
-0.0753937
-0.0977173
0.00643921
0.0941467
0.0900879
0.0196381
0.0196533
0.0542755
0.0950623
0.0984039
0.0516815
0.0370026
0.0404205
0.0462646
0.0789795

[20]
0.0298462
0.060257
0.0674591
0.032074
-0.122711
-0.11998
-0.456512
-0.768738
0.0302277
-0.513763
-0.357285
-0.62793
-0.482117
-0.156174
-0.0982819
-0.153564
-0.159378
-0.100952
-0.0428009
-0.0457153
-0.0378265
-0.050293
-0.0655823
-0.0600433
0.0684509
0.05513
0.142944
0.242538
0.271851
0.528885
0.84462
0.917313
0.719849
0.256561
0.219254
0.799347
-0.173187
-0.00878906
-0.0797119
0.143906
0.0303802
0.134171
0.135025
0.0265045
-0.008255
-0.0918579
-0.000289917
0.112793
0.138763
0.0532837

[21]
0.00569153
0.0733337
0.0708923
0.0735016
0.0507202
0.0288849
0.0389252
0.0509033
0.0230255
0.0143127
0.068512
0.0592957
-0.0555725
-0.190063
-0.167313
-0.656693
0.0389709
-0.13623
-0.476273
-0.850189
-0.367432
-0.207016
-0.075943
-0.146057
-0.121765
-0.181061
-0.075531
-0.0321045
-0.0371399
-0.106827
-0.0954285
-0.117813
-0.0404053
0.0657959
0.0426178
0.0666199
0.214951
0.13176
0.354568
0.985825
0.959381
0.755859
0.723053
0.314529
0.158813
-0.250656
-0.0332794
0.0878601
0.0506287
0.0988922

[22]
0.0876465
0.0749512
0.0415497
-0.139877
-0.0676727
0.134293
0.129135
0.0532684
-0.0256348
0.0136566
0.0440826
0.0475311
0.0426178
0.01297
0.0462341
0.0623932
0.0161285
0.0495453
0.0343933
0.0445862
-0.0248108
-0.0435486
-0.0765686
-0.299606
-0.466187
0.0107269
-0.120605
-0.312958
-0.780914
-0.38089
-0.168945
-0.05896
-0.101608
-0.12085
-0.109741
0.00891113
0.0597992
0.0419922
-0.0200958
-0.0320587
-0.03508
-0.024231
0.0573578
0.0217133
-0.0568848
-0.0609894
-0.0550232
0.365402
1.0146
0.79303

[23]
0.144623
0.123077
0.199966
-0.0360718
0.170029
0.00196838
0.0926514
0.0695801
-0.0169525
0.010376
-0.0305023
-0.115829
-0.0428619
0.0437622
0.0893402
0.0625153
-0.00366211
0.0319519
0.07341
0.0447083
0.0630341
0.0195923
0.0225983
0.00639343
0.0207672
0.0543671
0.0493622
0.0466003
-0.0475769
-0.202652
-0.206329
-0.489182
-0.233551
-0.087616
-0.47438
-0.655304
-0.583649
-0.325409
-0.152603
-0.145294
-0.148071
-0.177795
-0.0970001
-0.075592
-0.0532532
-0.104858
-0.0671539
-0.0795593
-0.0763702
0.101227

[24]
0.0869598
0.140594
0.197495
0.23703
0.365601
0.8974
1.18799
0.693878
-0.0881958
0.230927
0.714493
-0.327957
0.320251
0.0896912
0.106186
0.0760345
0.0498047
0.101913
0.010437
-0.0866547
-0.00692749
0.124817
0.105087
0.0418701
0.0377655
0.0468597
0.0767975
0.0737305
0.0576172
0.0508881
0.0424042
0.0623016
0.0805359
0.0241394
0.0871735
0.0444336
0.0353394
-0.0797882
-0.00820923
-0.326447
-0.720779
-0.0716095
-0.291
-0.365921
-0.73053
-0.276733
-0.325562
-0.133362
-0.0989227
-0.101456

[25]
-0.0864258
-0.0769806
-0.0419464
-0.0438538
-0.0449829
-0.0626678
0.0101929
0.16333
0.118042
0.144516
0.20105
0.314117
0.15686
0.808777
0.851517
0.749084
-0.180283
0.537506
-0.000595093
-0.239975
0.116608
0.114777
0.0736847
0.0320892
0.136703
0.0455933
-0.0404663
-0.128128
0.00744629
0.120651
0.121857
0.0188904
0.00880432
0.0524445
0.0587616
0.0490112
0.0261993
0.0301514
0.0522156
0.0217438
0.0541229
0.0441132
0.0434875
0.0307312
-0.00665283
-0.163712
-0.11734
-0.343369
-0.770752
-0.105179

[26]
-0.478317
-0.35112
-0.566971
-0.360687
-0.1492
-0.0908966
-0.0857086
-0.0749512
-0.0116119
0.0176697
0.00163269
-0.0757446
-0.0398865
-0.0262909
-0.00856018
0.0943298
0.00424194
-0.014267
-0.00306702
0.0332489
0.400711
0.994324
1.16727
0.781433
0.11824
0.186172
0.681259
-0.139847
0.0300903
0.0446625
0.106979
0.0186462
0.0787811
0.10788
-0.0255127
-0.105225
-0.0640259
0.086853
0.125427
0.0172424
0.00140381
0.0211487
0.0378571
0.0592499
0.0366058
0.029541
0.0467682
-0.0120087
0.0544128
0.0489502

[27]
0.0383606
0.0189362
0.00312805
-0.118103
-0.186905
-0.386795
-0.908981
-0.118256
-0.39505
-0.357712
-0.773819
-0.307419
-0.185318
0.142593
0.000900269
-0.127838
-0.160416
-0.0788574
-0.0390015
-0.110107
-0.106339
-0.0915375
0.0133057
-0.0179596
0.133759
0.260269
0.3069
0.579239
0.808914
0.783188
0.82724
0.634918
0.232025
0.175507
0.516159
-0.149033
0.368454
0.0445557
0.0435028
0.0234985
-0.0308075
0.0525513
0.00364685
-0.0764313
-0.0601959
0.029007
0.101593
0.0636749
-0.00398254
-0.0176086

[28]
0.0514221
0.073822
0.044632
0.0158081
-0.0265503
-0.00294495
-0.00621033
-0.00701904
0.0726318
0.0653839
-0.077301
-0.179001
-0.274597
-0.973221
-0.234711
-0.375046
-0.414215
-0.698807
-0.410889
-0.226227
0.0191803
-0.104095
-0.141953
-0.129883
-0.0377045
-0.0580597
-0.0655518
-0.0734863
-0.0649261
-0.0310059
-0.0323334
0.0931396
0.103821
0.0890503
0.206436
0.261276
0.538391
1.12015
0.840485
0.253494
0.403351
0.639114
-0.268631
0.0456848
-0.0452423
0.137161
0.116547
0.098053
0.0639343
0.0248871

[29]
-0.00349426
-0.145554
-0.00688171
0.127121
0.0549774
-0.0444336
-0.0239563
0.0434265
0.0869598
0.0611572
-0.00241089
0.00402832
0.0527649
0.0401764
-0.00775146
0.0543823
0.0826874
0.0431213
-0.0723724
-0.216965
-0.104416
-0.287079
-0.784729
-0.0903625
-0.471344
-0.442749
-0.583389
-0.376984
-0.243591
-0.147171
-0.118256
-0.130814
-0.117157
-0.0836029
-0.0292511
-0.0454254
-0.0319824
-0.0603638
0.0140533
0.161743
0.0656738
-0.0131378
0.0679016
0.172607
0.269577
0.596481
0.980698
0.690674
0.489609
0.507751

