[1]
-0.000717163
-0.183151
-0.27533
-0.41011
-0.497894
-0.884415
-1.0498
-0.870987
-0.830414
-0.830246
-0.316513
0.436523
0.119614
0.50386
0.783157
0.751358
0.731461
0.712189
0.692169
0.609131
0.550598
0.432831
0.174011
-0.0353699
-0.246155
-0.488312
-0.788742
-1.07527
-1.1176
-1.07443
-0.976898
-0.793304
-0.579941
-0.685837
-0.240082
-0.391312
-0.733597
-0.623398
-0.244308
-0.15271
-0.0409851
-0.271774
-0.0239716
-0.0914917
-0.124573
-0.00683594
-0.000137329
0.00999451
-0.0304565
-0.0559082

[2]
-0.014801
-0.0103607
-0.0320892
-0.0281067
-0.0350494
-0.0348053
-0.0183411
-0.0290833
-0.0471191
-0.0780029
-0.15097
-0.188141
-0.208038
-0.266571
-0.323578
-0.438507
-0.736588
-1.07007
-1.0824
-1.08084
-0.676712
-0.761154
0.00483704
0.950882
0.229355
0.443573
0.676056
0.64119
0.651443
0.657593
0.611938
0.547653
0.49176
0.338562
0.0850983
-0.155655
-0.451263
-0.845154
-1.0696
-1.10542
-1.09325
-0.924591
-0.598434
-0.345291
-0.427307
-0.0870361
-0.214661
-0.787186
-0.487411
-0.0809784

[3]
-0.316345
-0.147568
-0.0348358
-0.0201263
-0.0620575
0.0112762
0.0232239
0.0259247
-0.0297546
-0.0156555
0.00389099
-0.000976562
-0.00732422
-0.015976
-0.0155182
-0.0233917
-0.0384827
-0.0644226
-0.0591888
-0.0696106
-0.108887
-0.136261
-0.164108
-0.239502
-0.268234
-0.303894
-0.445908
-0.712677
-1.08922
-1.10524
-1.12488
-0.823669
-0.831818
-0.217224
0.997498
0.0965118
0.497833
0.77153
0.696198
0.685013
0.647919
0.57753
0.519531
0.442703
0.326843
0.149551
-0.0627594
-0.29808
-0.60463
-1.00117

[4]
-1.09766
-1.13065
-0.83139
-0.702667
-0.619629
-0.596497
-0.177979
-0.255753
-0.843033
-0.427094
-0.115524
-0.085144
-0.0432434
-0.0507812
-0.0706177
-0.0353699
-0.0162048
-0.0143738
-0.00794983
0.00189209
-0.00942993
-0.00891113
0.00616455
0.0014801
-0.01297
-0.0362549
-0.0391846
-0.0437317
-0.0651093
-0.0881805
-0.0888367
-0.124023
-0.192825
-0.248657
-0.31723
-0.319626
-0.348907
-0.596481
-1.07596
-1.09032
-0.925491
-0.915955
-0.669876
-0.404816
1.04636
0.0323792
0.426178
0.660889
0.634476
0.673813

[5]
0.650253
0.617798
0.571808
0.506195
0.350739
0.104279
-0.15712
-0.468719
-0.842346
-1.08284
-1.12105
-1.07787
-0.918747
-0.76683
-0.513458
-0.553604
-0.0461121
-0.25264
-0.638626
-0.591476
-0.0973511
-0.209534
-0.111893
-0.11969
-0.0884552
-0.0587006
-0.0304108
-0.0175934
-0.0037384
0.00965881
0.00131226
-0.0121002
0.00502014
-0.00628662
-0.0259399
-0.0245667
-0.0417175
-0.040451
-0.0466766
-0.0711823
-0.0957642
-0.121002
-0.172287
-0.197952
-0.25058
-0.24646
-0.385605
-0.488297
-0.808853
-1.08086

[6]
-1.03571
-1.10934
-0.642578
-0.661636
0.0955658
0.626678
0.265305
0.466797
0.737015
0.670227
0.649643
0.627777
0.531342
0.457764
0.430634
0.254227
-0.0206451
-0.217331
-0.438293
-0.866058
-1.0965
-1.13293
-0.912125
-0.92598
-0.985947
-0.567749
-0.481812
-0.520401
-0.510025
-0.671646
-0.120316
-0.0677643
-0.117294
-0.138748
-0.0635071
-0.0729675
-0.0339508
-0.0181885
-0.0366821
0.0032196
-0.00358582
-0.0409546
-0.0184021
-0.0080719
-0.0083313
-0.0380249
-0.0405579
-0.0392609
-0.0315552
-0.0414581

[7]
-0.0954895
-0.157166
-0.208267
-0.232849
-0.273544
-0.295242
-0.421448
-0.560349
-0.815567
-1.07466
-1.08926
-1.08119
-0.945038
-0.467621
0.483521
-0.126419
0.485794
0.690994
0.715317
0.67868
0.683655
0.654266
0.599442
0.576782
0.476318
0.290085
0.0525513
-0.195343
-0.499542
-0.893494
-1.11499
-1.16066
-1.16957
-1.03339
-1.16356
-0.553482
-0.284073
-0.526199
-0.575378
-0.757233
-0.244003
-0.153748
-0.0605316
-0.100586
0.00299072
-0.0456543
-0.0748749
-0.0149231
-0.00482178
-0.0202484

[8]
-0.0292206
-0.0418854
-0.0301666
0.000579834
-0.009552
-0.0145416
-0.0219269
-0.0365753
-0.0293121
-0.0356903
-0.0647736
-0.0821991
-0.218033
-0.225449
-0.281036
-0.299042
-0.323135
-0.523514
-0.905853
-1.06429
-0.975327
-1.07953
-0.58876
-0.568909
0.344757
0.233978
0.524704
0.558014
0.686661
0.666992
0.658524
0.615936
0.552429
0.488083
0.415573
0.224319
-0.0622253
-0.309967
-0.645996
-1.10854
-1.15547
-1.19733
-0.975082
-0.84343
-0.968369
-0.500305
-0.0885925
-0.387955
-0.903748
-0.558441

[9]
-0.224991
-0.280838
-0.0670471
-0.0587616
-0.0896912
-0.129929
-0.046463
-0.0191498
0.00248718
-0.016098
-0.0242157
-0.0135956
4.57764e-05
-0.0236359
-0.0406799
-0.0464325
-0.0579529
-0.0637817
-0.0492554
-0.0952606
-0.118851
-0.14447
-0.1595
-0.205536
-0.256912
-0.288498
-0.355301
-0.553391
-0.967407
-1.07599
-1.01695
-0.787445
-0.729065
-0.382751
1.06313
-0.0800171
0.445786
0.710785
0.667297
0.688904
0.662018
0.62236
0.560822
0.460449
0.235352
-0.0165253
-0.216354
-0.534271
-0.902557
-1.09372

[10]
-1.07199
-0.922668
-0.718353
-0.578552
-0.663132
-0.234192
-0.338333
-0.405182
-0.606064
-0.393616
-0.226761
-0.112213
-0.0874786
-0.0512543
-0.0792847
-0.0753632
0.00567627
-0.00486755
0.00527954
-0.00115967
-0.0254211
0.000900269
-0.00616455
-0.0108643
-0.0166626
-0.0333252
-0.059845
-0.0649414
-0.0566101
-0.0769653
-0.142776
-0.171509
-0.175842
-0.228958
-0.28746
-0.366959
-0.519455
-0.972595
-1.08372
-0.950623
-1.01692
-0.718903
-0.610153
0.793442
-0.200897
0.53334
0.744858
0.733093
0.739792
0.674133

[11]
0.585815
0.50853
0.455276
0.309464
0.0419159
-0.135178
-0.412613
-0.756027
-1.08475
-1.1245
-1.08047
-0.932541
-0.694321
-0.721222
-0.549164
-0.20845
-0.457138
-0.842178
-0.381348
-0.227112
-0.131378
-0.078598
-0.00375366
-0.0762024
-0.0717773
-0.0150909
0.00692749
0.0113678
-0.0590973
-0.0489349
-0.0404205
0
-0.0168762
-0.0321808
-0.0515594
-0.0387573
-0.0296478
-0.0559692
-0.118912
-0.119934
-0.16275
-0.192673
-0.235962
-0.288116
-0.354202
-0.586761
-0.92305
-1.06599
-0.879776
-0.784485

[12]
-0.621613
-0.316788
0.937988
0.172226
0.32666
0.599136
0.568817
0.599365
0.564484
0.544952
0.499161
0.399811
0.199738
0.0383911
-0.198166
-0.461716
-0.768433
-1.04543
-1.12701
-1.10246
-0.944443
-0.647781
-0.467834
-0.760696
-0.00779724
-0.4496
-0.483185
-0.884598
-0.461655
-0.167221
-0.0384064
-0.0901947
-0.0344543
-0.0333099
-0.0387421
-6.10352e-05
0.0473175
0.024292
-0.0119019
0.00556946
0.013031
0.00115967
-0.0114288
-0.0483856
-0.0577087
-0.0605164
-0.0509338
-0.0932465
-0.141388
-0.182678

[13]
-0.199051
-0.276001
-0.250183
-0.385757
-0.496429
-0.883057
-1.06847
-1.01189
-1.00319
-0.697403
-0.556656
0.399612
0.140167
0.529419
0.57608
0.704742
0.684723
0.660645
0.615143
0.550201
0.477448
0.359009
0.128128
-0.12468
-0.355881
-0.691788
-1.0965
-1.14301
-1.18649
-1.14021
-0.688309
-0.575714
-0.744141
0.36203
-0.139618
-0.606537
-0.740402
-0.275894
-0.273727
-0.0468903
-0.0427704
-0.0314941
-0.0410004
-0.0286255
0.0314026
0.0136566
-0.00471497
-0.00440979
-0.00831604
0.00752258

[14]
-0.00820923
-0.0291443
-0.0432739
-0.0510712
-0.0432739
-0.0601654
-0.0713196
-0.126907
-0.175644
-0.202789
-0.198929
-0.268997
-0.332352
-0.408157
-0.679001
-1.06618
-1.07954
-1.08234
-0.711853
-0.599167
0.160217
0.877258
0.396896
0.488663
0.726898
0.736526
0.669571
0.681381
0.616562
0.53949
0.472382
0.313354
6.10352e-05
-0.305786
-0.665909
-1.01906
-1.1129
-1.1553
-1.04553
-0.918152
-0.614777
-0.727859
-0.38678
-0.634354
-0.77887
-0.51712
-0.193115
-0.108078
-0.0190277
0.0293427

[15]
-0.0731506
-0.0692444
-0.0181122
0.00228882
0.0414124
-0.0111084
-0.0540314
-0.0393066
-0.0162048
-0.0148468
-0.0159454
-0.0254364
-0.0333252
-0.0610809
-0.0735168
-0.0878448
-0.0891113
-0.22052
-0.241119
-0.305695
-0.300797
-0.400024
-0.723007
-1.06339
-1.07579
-0.905884
-0.736893
-0.730133
0.0214844
0.867813
0.318527
0.366562
0.630325
0.633621
0.589188
0.607651
0.558777
0.511093
0.430862
0.301773
0.0906525
-0.146362
-0.469788
-0.848679
-1.10789
-1.14844
-1.05536
-0.883865
-0.669952
-0.56752

[16]
-0.554886
-0.560135
-0.483002
-0.774338
-0.306534
-0.179276
-0.12352
-0.0926056
-0.0618896
-0.0463867
-0.0455475
-0.0235901
-0.0325623
0.0172577
0.00906372
-0.0244751
-0.0311737
-0.0122528
0.00502014
-0.00939941
-0.0333557
-0.0509796
-0.0496521
-0.0485992
-0.0636597
-0.101807
-0.163818
-0.19928
-0.26712
-0.303146
-0.423935
-0.5755
-0.955948
-1.07776
-1.03847
-0.986053
-0.828339
-0.483505
0.510208
-0.141739
0.313004
0.740677
0.67865
0.73793
0.730576
0.66835
0.609573
0.53363
0.36322
0.0965729

[17]
-0.164368
-0.471054
-0.857437
-1.11324
-1.16028
-1.20178
-1.00137
-1.10281
-0.515457
-0.38353
-0.717316
-0.661179
-0.334274
-0.179413
-0.0447388
0.0263977
0.00392151
-0.0677948
-0.115387
-0.033844
-0.0151978
-0.00636292
-0.036438
-0.0398865
-0.0190277
-0.00576782
-0.0352325
-0.00578308
-0.00454712
-0.00196838
-0.0423279
-0.0368652
-0.101196
-0.133728
-0.151245
-0.252701
-0.284241
-0.338593
-0.474594
-0.563934
-1.06468
-1.07608
-0.850113
-0.826752
-0.914169
-0.347122
0.743408
-0.241913
0.465927
0.653198

[18]
0.641556
0.70459
0.710617
0.703888
0.635681
0.566803
0.441681
0.183517
-0.165985
-0.527374
-0.820404
-1.10722
-1.15279
-1.18947
-0.98381
-1.08421
-0.35817
-0.42598
-0.534943
-0.759369
-0.436356
-0.254074
0.00119019
-0.0508575
-0.0930786
-0.0582275
-0.077774
-0.0322418
-0.0411987
-0.0119171
0.00260925
-0.0460663
-0.0493469
-0.0110321
-0.0148468
-0.0270538
-0.0247498
-0.0527954
-0.0562439
-0.0724792
-0.107559
-0.170944
-0.237289
-0.258255
-0.347565
-0.3759
-0.542252
-0.840576
-1.06401
-1.03635

[19]
-1.05722
-0.859848
-0.42009
0.342911
0.145233
0.499817
0.542358
0.638138
0.676819
0.692688
0.706512
0.652847
0.597443
0.459839
0.251633
-0.0476227
-0.275223
-0.675217
-1.0153
-1.10547
-1.10588
-1.12257
-0.865433
-0.637451
-0.565643
-0.205154
-0.595627
-0.812912
-0.609421
-0.0724792
-0.124008
0.016922
-0.043045
-0.058075
-0.0411377
-0.0305176
-0.00740051
-0.0179138
-0.0398865
-0.0352325
-0.0106812
-0.0080719
-0.02742
-0.0229492
-0.0343323
-0.0216217
-0.0418091
-0.0444946
-0.0713348
-0.138504

[20]
-0.19725
-0.234558
-0.279846
-0.354218
-0.479294
-0.779083
-1.06332
-1.0755
-1.07796
-0.767502
-0.670074
0.141388
0.691895
0.511276
0.560165
0.735153
0.71022
0.707809
0.67334
0.606277
0.580307
0.4814
0.285507
0.00642395
-0.23877
-0.571091
-1.01805
-1.12502
-1.17162
-1.19592
-1.00214
-0.987381
-0.4216
-0.396759
-0.657471
-0.670395
-0.522339
-0.252136
-0.0788727
-0.145187
-0.088028
-0.0696564
-0.0717621
-0.0219574
-0.0435944
-0.0116272
0.00349426
-0.01651
-0.0436859
-0.0256805

[21]
-0.00668335
-0.0202484
-0.03302
-0.0354309
-0.0325317
-0.0590668
-0.0777283
-0.112732
-0.14592
-0.233871
-0.286438
-0.307877
-0.435944
-0.598801
-1.01953
-1.07515
-1.08894
-1.04823
-0.912888
-0.298889
0.7173
-0.18428
0.523834
0.802841
0.795975
0.735336
0.705002
0.634354
0.546906
0.461975
0.335693
0.0441742
-0.210022
-0.477493
-0.829849
-1.1093
-1.15083
-0.993713
-0.950653
-0.753128
-0.762787
-0.527817
-0.404327
-0.419586
-0.744125
-0.424408
-0.30452
-0.0999908
-0.0498047
-0.0749359

[22]
-0.0832825
0.00228882
-0.0096283
-0.0111237
0.0363922
0.0173798
-0.0184326
-0.0195618
-0.0109406
-0.0168762
-0.0221405
-0.0310974
-0.0415192
-0.0707855
-0.0757446
-0.105377
-0.13533
-0.210266
-0.284546
-0.251709
-0.36911
-0.47998
-0.742767
-0.972183
-1.07585
-1.08412
-0.680405
-0.825241
-0.151764
0.944199
-0.121933
0.387939
0.685181
0.650192
0.685318
0.674911
0.628265
0.508453
0.455841
0.260498
-0.0281677
-0.288788
-0.641144
-1.07568
-1.11621
-1.15514
-0.978287
-0.842682
-0.555069
-0.614822

[23]
-0.121353
-0.359604
-0.655731
-0.580338
-0.0668793
-0.129105
-0.0429382
-0.0141602
-0.0712585
-0.0243988
-0.0012207
-0.00164795
0.00967407
-0.00418091
-0.0346527
-0.0348816
-0.0175629
-0.0067749
-0.0392914
-0.0300751
-0.0319366
-0.0341797
-0.0832672
-0.088562
-0.154221
-0.227829
-0.243317
-0.303864
-0.359268
-0.537399
-0.910355
-1.06244
-1.07622
-0.975845
-0.910217
-0.352325
0.496063
-0.0698395
0.573425
0.746536
0.746033
0.765076
0.748886
0.699203
0.633255
0.531754
0.416
0.169495
-0.0986786
-0.393661

[24]
-0.730713
-1.07016
-1.12801
-1.17242
-1.14456
-0.913239
-0.876709
-0.490417
-0.107239
-0.431168
-0.844055
-0.539474
-0.271683
-0.137299
0.0327911
-0.0832977
-0.0660553
-0.0478516
-0.0218201
-0.0396271
-0.000991821
-0.0167847
-0.0252991
-0.00680542
-0.00737
-0.00653076
-0.0182037
-0.0281067
-0.039444
-0.0476227
-0.0763855
-0.0862274
-0.151627
-0.206635
-0.221283
-0.287064
-0.37825
-0.419754
-0.703522
-1.07007
-1.08246
-1.09814
-0.80098
-0.790054
0.116608
0.472168
0.515839
0.597183
0.663101
0.73085

[25]
0.701935
0.661728
0.582764
0.502441
0.377365
0.130081
-0.135254
-0.388474
-0.728821
-0.972336
-1.11583
-1.11766
-1.19113
-0.80658
-0.554718
-0.678802
-0.471207
-0.391403
-0.553024
-0.366333
-0.103622
-0.101105
-0.0240936
-0.0290222
-0.0769806
-0.0406036
0.0246124
-0.029953
-0.016983
-0.0560608
-0.0397949
-0.0142212
0.000320435
-0.0148468
-0.0198822
-0.0237732
-0.0447693
-0.0533752
-0.0740662
-0.0805206
-0.178452
-0.166519
-0.22226
-0.244659
-0.300964
-0.433075
-0.658401
-1.0695
-1.08305
-1.08725

[26]
-0.757523
-0.753006
0.0237732
0.877457
0.479446
0.474472
0.695709
0.658783
0.641968
0.634033
0.571075
0.527145
0.427353
0.186951
-0.0417938
-0.248184
-0.538055
-0.897949
-1.11168
-1.15808
-1.19263
-1.0359
-0.994415
-0.522552
-0.22287
-0.536102
-0.736267
-0.597549
-0.305191
-0.0679321
-0.0671539
0.00228882
-0.0702057
-0.0583344
0.0150299
-0.01828
-0.000442505
-0.029953
-0.0483093
-0.0226135
0.00735474
-0.0197601
-0.0398254
-0.0511322
-0.0515594
-0.0559387
-0.0777435
-0.0883942
-0.176666
-0.213715

[27]
-0.207047
-0.292236
-0.345215
-0.422379
-0.630859
-1.0647
-1.07805
-1.02573
-0.827316
-0.831024
-0.0128174
0.821381
-0.106689
0.210358
0.720764
0.74823
0.659836
0.634964
0.619141
0.517059
0.452316
0.288635
0.0460052
-0.201233
-0.517685
-0.873306
-1.12379
-1.16774
-1.20314
-0.95433
-0.590698
-0.602951
-0.401367
-0.614304
-0.604874
-0.602844
-0.146729
-0.164612
0.0422668
-0.0374146
-0.0883331
0.0146027
-0.0050354
-0.0344238
0.000244141
-0.00268555
-0.0200348
-0.0211792
-0.0124817
-0.00227356

[28]
-0.0223236
-0.0361633
-0.0314636
-0.0571136
-0.0448303
-0.10759
-0.170303
-0.191879
-0.285751
-0.337616
-0.43367
-0.717682
-1.06854
-1.08232
-1.09793
-0.88678
-0.757858
0.00816345
1.06079
0.169922
0.352966
0.701538
0.721939
0.687912
0.692764
0.631531
0.559677
0.484695
0.337158
0.0678101
-0.211441
-0.491867
-0.911224
-1.09576
-1.13402
-1.05563
-0.891022
-0.718979
-0.657501
-0.396667
-0.569565
-0.69223
-0.357056
-0.138947
-0.0466309
-0.0352783
-0.0751801
-0.0715637
-0.00933838
-0.00405884

[29]
-0.0174408
-0.0141296
-0.000213623
-0.0390472
-0.0338898
-0.00265503
0.00430298
-0.026413
-0.0386505
-0.0263062
-0.0373383
-0.0439911
-0.0944366
-0.107681
-0.152573
-0.28717
-0.254272
-0.264038
-0.350311
-0.480362
-0.706375
-1.04247
-1.09207
-0.99115
-0.74054
-0.689468
0.0240326
0.680466
0.450226
0.551712
0.658295
0.697311
0.680222
0.664307
0.608002
0.539032
0.425659
0.184464
-0.0539093
-0.297958
-0.572357
-0.865311
-1.01227
-0.996475
-0.957672
-0.833832
-0.579926
-0.798477
-0.352325
-0.347534

