[1]
-0.0702515
-0.0805054
-0.0451813
-0.0487518
0.0332489
0.0917969
0.70491
1.17081
0.572281
0.660294
0.204941
0.381973
-0.514221
-0.260056
0.645493
0.707001
0.549362
0.383072
0.268127
0.114471
0.132599
0.101822
0.00746155
-0.126541
-0.216232
-0.455994
-0.792694
-1.27267
-1.54846
-1.61566
-1.85098
-1.99501
-2.11641
-1.41689
-1.28181
1.52249
-0.397522
-0.760345
-0.481674
-0.690857
-0.619736
-0.439056
-0.0093689
-0.0966644
-0.059906
-0.0632019
-0.213928
-0.0365295
0.04599
-0.081665

[2]
-0.117996
-0.10672
-0.046402
-0.0334778
-0.0556946
-0.0893402
-0.0630798
-0.0452576
-0.0622101
-0.00450134
0.0967712
0.0352936
0.0988007
0.0805359
0.0962982
0.126282
0.064682
0.462173
1.33005
1.12285
0.691116
0.340439
0.392349
-0.361847
-0.197556
0.428543
0.863571
0.746475
0.578568
0.472443
0.338043
0.292023
0.288803
0.211014
0.132767
-0.00317383
-0.202347
-0.625763
-1.10982
-1.58073
-1.66739
-2.00401
-2.49496
-2.04166
-1.22165
-0.303986
1.63823
-0.821838
-0.499756
-0.221436

[3]
-0.850586
-0.399658
0.0933228
-0.0142212
0.118851
-0.0539093
-0.0937653
0.0546875
0.120972
0.0857697
-0.0271759
0.0283813
0.0369263
0.0403137
0.0249176
0.000411987
0.0371704
0.0471039
0.0172577
0.0218811
0.128067
0.129608
0.118698
0.111511
0.108734
0.160583
0.181534
0.0883179
0.534943
1.37512
1.37157
0.781662
0.313782
0.581131
-0.310318
-0.155487
0.24501
0.876251
0.812042
0.680389
0.552917
0.36467
0.227448
0.205948
0.188278
0.15097
-0.015152
-0.174774
-0.451523
-1.02708

[4]
-1.72054
-1.81438
-2.00282
-2.2775
-1.96329
-1.37798
0.763062
1.46378
-1.06248
-0.378128
-0.266464
-0.453003
-0.33992
-0.142944
-0.0572815
-0.019989
-0.032547
0.0226746
0.0161896
0.065033
0.0936584
-0.00439453
-0.0259552
0.00656128
0.032486
0.0330048
0.00737
0.0763397
0.0353699
0.0115814
0.0324402
0.100143
0.0925293
0.120331
0.18811
0.106598
0.108917
0.188995
0.287369
1.08287
1.5592
0.872086
0.208466
0.432526
-0.117844
-0.00221252
0.522354
0.932571
0.723633
0.582047

[5]
0.460953
0.341858
0.294952
0.229553
0.212799
0.191315
-0.00515747
-0.210403
-0.496048
-1.1779
-1.73135
-1.90378
-1.93137
-2.0773
-2.04204
-1.34398
-0.901428
1.60915
-0.483337
-0.46106
-0.228622
-0.782455
-0.478912
-0.127197
-0.127762
-0.0541534
-0.0499725
0.0107117
-0.0270996
-0.000152588
0.0789948
-0.00386047
0.00473022
0.00538635
0.00100708
0.0250854
0.008255
-0.000930786
0.00190735
0.0180969
0.0771179
0.0667725
0.0805817
0.115814
0.0342102
0.0663147
0.0958862
0.113846
0.128708
0.619827

[6]
1.4558
1.16667
0.594559
0.429474
0.698486
-0.695557
-0.244019
0.384811
0.91272
0.836639
0.698975
0.550522
0.335648
0.239197
0.238358
0.128876
-0.0230103
-0.244431
-0.261459
-0.820129
-1.45093
-1.84491
-1.91927
-1.84972
-1.57935
-1.82994
-1.87086
1.61662
-0.163452
-0.672241
-0.240112
-0.405182
-0.409164
-0.3508
-0.0767822
-0.0750122
0.0274811
-0.0559235
-0.0480194
-0.0870819
0.00527954
0.0591583
-0.000518799
-0.0138092
-0.0113831
-0.0152893
0.015213
0.0132904
-0.0309753
0.012619

[7]
0.032547
0.0596619
0.150467
0.106522
0.12587
0.0784912
0.122467
0.149826
0.262344
0.683487
1.33672
0.802979
0.741959
0.470581
0.447327
-0.330917
-0.0711823
0.756668
0.804214
0.627487
0.499985
0.344955
0.187439
0.18663
0.142395
0.135315
0.0676422
-0.146713
-0.293259
-0.787674
-1.37473
-1.83249
-1.94958
-1.79037
-1.99944
-1.97878
-1.46593
1.57515
-0.35849
-0.700317
-0.321274
-0.726868
-0.477524
-0.299362
-0.090744
-0.0207825
-0.0933075
-0.0381622
-0.0157166
-0.0480347

[8]
-0.0085144
0.0218964
-0.0324554
-0.0810242
-0.0765228
-0.0126343
0.00233459
-0.00741577
-0.0538483
-0.0396423
0.00154114
0.0704498
0.0769196
0.0562439
0.0633392
0.0766449
0.0910187
0.116089
0.262085
0.697952
1.39609
0.939865
0.692902
0.387787
0.524872
-0.10672
-0.196609
0.683899
0.819672
0.659515
0.499359
0.315369
0.168991
0.117844
0.100525
-0.0104218
-0.169617
-0.371414
-0.703308
-1.27728
-1.80064
-1.99748
-1.80336
-1.97395
-1.85857
-1.78807
-0.545151
1.573
-1.11948
-0.506378

[9]
-0.309082
-0.782288
-0.334167
-0.291809
-0.0595245
-0.124741
-0.132446
-0.16806
-0.0458221
-0.0411987
0.026947
-0.0558624
-0.0624542
-0.0341949
-0.0258484
-0.0246582
-0.0554199
-0.0569153
-0.0571899
-0.0557098
0.0293884
0.0428925
0.0885315
0.0614929
0.0904999
0.0871735
0.121475
0.147934
0.36412
0.963165
1.21333
0.745529
0.279907
0.508118
0.0553131
-0.139847
0.40979
1.00948
0.710159
0.51123
0.358017
0.312988
0.243759
0.235611
0.200928
0.0336456
-0.13913
-0.363892
-0.874954
-1.41759

[10]
-1.94727
-2.25285
-1.9543
-1.65289
-1.65257
-1.78127
0.0959625
1.49588
-0.944885
-0.797729
-0.292465
-0.613235
-0.322556
-0.0771484
-0.0862122
-0.0496063
-0.0347748
-0.0870056
0.0367737
-0.0323486
0.00291443
-0.0602417
-0.0147552
-0.0261841
-0.0145416
-0.0544586
-0.0176544
-0.0200653
-0.0420685
-0.0216675
0.0503693
0.106598
0.0330353
0.0829468
0.083847
0.0630341
0.130127
0.234634
1.01279
1.4675
0.829666
0.39798
0.509125
0.409546
0.0167084
0.151978
0.88887
0.823105
0.650589
0.511703

[11]
0.319214
0.164108
0.152786
0.121323
0.0982971
-0.122818
-0.386047
-0.719574
-1.14531
-1.58472
-1.89496
-2.03963
-2.05548
-1.89636
-1.7128
-0.173157
1.50659
-1.4263
-0.733215
-0.413574
-0.558502
-0.498901
0.0168304
-0.0569153
-0.031662
-0.0751648
-0.126312
0.0362701
-0.016983
-0.0503082
-0.104919
-0.0550232
-0.022644
-0.0470428
-0.0517426
-0.0599213
-0.0413971
-0.068634
0.0141144
0.031311
0.0683289
0.0637817
0.0798492
0.0670624
0.0810394
0.11261
0.326935
0.828171
1.41753
0.621246

[12]
0.274429
0.153854
0.211853
0.160141
0.724319
0.851089
0.676163
0.515976
0.361084
0.258865
0.270844
0.186234
0.0934906
0.0493622
-0.187225
-0.402863
-0.695786
-1.1076
-1.62248
-1.93993
-1.95193
-1.97794
-1.98117
-1.50333
-1.88878
1.57993
-0.125565
-0.670486
-0.649017
-0.992188
-0.273788
-0.0346222
-0.163666
-0.219711
-0.112976
0.0151367
0.122925
0.0707245
-0.0306549
-0.066864
-0.0508728
-0.0440216
-0.0266266
0.0339813
-0.0112762
-0.0474701
-0.036026
0.0214996
0.0612793
0.025116

[13]
0.08461
0.0809021
0.0337372
0.052475
0.0880585
0.220078
0.84404
1.56026
0.764099
0.661484
0.441742
0.699432
-0.201294
-0.109222
0.652802
0.859406
0.70047
0.479431
0.340683
0.219635
0.178894
0.0877838
-0.0488586
-0.205902
-0.364761
-0.562012
-1.05782
-1.73553
-2.09454
-2.05492
-1.89238
-2.20387
-0.93544
-0.433533
1.34425
0.309845
-0.890213
-0.311188
-0.94783
-0.413528
-0.154221
-0.125702
-0.112564
-0.17543
0.00230408
-0.0778656
-0.0287933
-0.00830078
-0.04599
-0.072525

[14]
-0.0741119
-0.014328
-0.0131683
-0.00231934
-0.0249481
-0.0319061
0.00901794
0.0087738
0.100296
0.190552
0.0462799
0.104248
0.101471
0.162537
0.167007
0.413147
1.4373
0.922897
0.901016
0.342377
0.666718
-0.305283
-0.218216
0.132675
0.769073
0.847519
0.675201
0.518845
0.290009
0.141815
0.193069
0.198837
0.128769
-0.0432587
-0.285812
-0.708328
-1.28288
-1.86388
-2.17232
-2.3031
-2.24303
-1.61276
-0.726242
1.57578
-1.44232
-0.801331
-0.325027
-0.521729
-0.520065
-0.0263367

[15]
-0.138214
-0.0150604
-0.0556488
-0.0905304
-0.0574341
0.0288391
0.0119324
-0.0852966
-0.0687408
-0.0343323
-0.0431366
-0.0461273
-0.00849915
-0.0261841
-0.0537567
-0.0219269
0.0506744
0.122849
0.0412292
0.0998383
0.0622711
0.155914
0.100616
0.13092
0.879379
1.56303
0.718781
0.494308
0.499008
-0.132812
-0.0654907
0.520706
0.826782
0.782043
0.605026
0.423416
0.247803
0.186737
0.164124
0.0957947
-0.00270081
-0.151749
-0.335846
-0.79129
-1.38773
-1.77785
-1.8439
-1.7879
-2.00214
-1.74054

[16]
-1.81921
1.59932
-0.0596161
-0.77504
-0.372025
-0.715683
-0.512634
-0.292191
-0.143646
-0.0772705
-0.0956268
-0.0611267
0.0138397
-0.0610657
0.0254822
0.088913
0.00942993
-0.00219727
-0.0536041
-0.0055542
0.00990295
-0.0160522
-0.0321808
-0.0169373
0.0186005
0.0161743
0.0241089
0.0895233
0.0892487
0.0610962
0.108246
0.159332
0.308945
0.784363
1.38979
0.881943
0.832413
0.323044
0.365997
-0.121628
0.153275
1.01445
0.837921
0.623184
0.541916
0.251251
0.211243
0.293823
0.181763
0.000854492

[17]
-0.249084
-0.483124
-0.899994
-1.21136
-1.67131
-1.8929
-2.1955
-2.1573
-2.33273
-0.965149
1.30075
-0.897125
-0.552765
-0.535446
-0.43602
-0.298691
-0.14064
-0.0939636
-0.11322
-0.0579834
-0.010788
0.0290527
0.0150452
-0.0432587
-0.118866
-0.0707855
-0.0350342
-0.0655823
-0.0683441
0.0050354
-0.0141296
-0.0407257
0.00398254
0.0670624
0.0788574
0.127335
0.0224762
0.081131
0.112762
0.13147
0.24234
0.975708
1.63629
0.783264
0.485138
0.381561
0.321274
0.0901642
0.169098
0.816849

[18]
0.738831
0.600311
0.413971
0.327011
0.344772
0.303177
0.23056
0.152847
-0.207001
-0.457352
-0.585144
-1.24895
-1.79123
-2.09407
-2.0051
-2.07536
-2.30215
-1.85266
1.59026
-0.828247
-0.829361
-0.450211
-0.480698
-0.357285
-0.192444
-0.0658264
-0.0764771
-0.0277405
-0.0722504
-0.126755
0.0186157
0.0464325
-0.0327454
-0.0401306
-0.0269928
-0.0431061
-0.0343781
-0.0123291
-0.0404663
-0.0157776
0.00401306
0.0932312
0.0672302
0.131836
0.118256
0.141754
0.162094
0.158234
0.616669
1.59251

[19]
0.715424
0.681686
0.361343
0.471207
-0.350098
0.0467987
0.839706
0.819183
0.588684
0.438858
0.336578
0.230255
0.278641
0.20993
0.0736389
-0.137146
-0.200867
-0.657257
-1.1368
-1.28848
-1.64928
-1.52863
-1.87567
-2.28006
-2.09584
-0.167236
1.21613
-1.29176
-0.545959
-0.562134
-0.350616
-0.257339
-0.221207
-0.0842285
-0.103912
-0.166611
-0.0109253
-0.0356903
-0.0257111
-0.0614471
-0.0609131
-0.0737305
-0.0809631
-0.0768127
-0.030365
-0.0348206
-0.062027
-0.0627594
-0.0135803
0.0687103

[20]
0.057785
0.0450287
0.0769196
0.0865021
0.116684
0.0645905
0.531204
1.37617
1.00331
0.767929
0.309097
0.460571
-0.59436
-0.158005
0.767502
0.86647
0.659332
0.518539
0.368088
0.256226
0.260239
0.23082
0.159683
-0.0823669
-0.23349
-0.473007
-0.779129
-1.28308
-1.81465
-1.75534
-1.7635
-2.06726
-2.15514
-1.58502
1.54433
-1.08875
-0.675858
-0.424438
-0.593094
-0.479919
-0.274048
-0.113419
-0.118469
-0.0756531
-0.076767
-0.102661
-9.15527e-05
-0.00138855
-0.0527344
-0.0755157

[21]
-0.0949554
-0.089798
-0.0791779
-0.0503235
0.000427246
-0.00538635
-0.0946808
-0.00585938
0.0439148
0.071991
0.060379
0.10936
0.0815735
0.114227
0.117188
1.01762
1.5291
0.910416
0.719604
0.33316
0.553101
-0.224335
-0.122177
0.871796
0.858292
0.682526
0.484253
0.295471
0.161163
0.134949
0.133484
-0.0233002
-0.235764
-0.393372
-0.811234
-1.44023
-1.63965
-1.76109
-1.79866
-1.94319
-1.68677
-1.74728
1.18097
0.631393
-1.13431
-0.579849
-0.649139
-0.432312
-0.428497
-0.13028

[22]
-0.096405
-0.0367584
-0.0591125
-0.169235
-0.0819702
-0.0590515
-0.023468
-0.0484619
-0.0243073
-0.0135803
-0.0178986
-0.0301819
-0.016922
-0.0582581
-0.114014
-0.00102234
0.0287476
0.0630341
0.0322113
0.0254822
0.0344543
0.0294189
0.133087
0.544601
1.19652
1.09422
0.73465
0.556183
0.409576
0.115967
-0.0328369
0.150909
0.935837
0.83165
0.597305
0.444809
0.318268
0.30835
0.283035
0.221512
0.0843506
-0.287445
-0.509171
-0.939102
-1.46669
-1.97069
-2.31238
-2.14067
-2.1682
-1.77942

[23]
-0.247238
0.96698
-1.17108
-0.670242
-0.512009
-0.384018
-0.267807
-0.104568
-0.0683136
-0.0755768
-0.0132599
-0.0506134
-0.0437469
0.0440063
-0.0371857
-0.0733032
-0.0950012
-0.0436249
-0.0129089
-0.0699615
-0.0358582
-0.0498657
-0.0555878
0.0271454
-0.00442505
0.134567
0.0903625
0.0771332
0.0813141
0.142563
0.1082
0.761032
1.26183
0.923157
0.861908
0.260315
0.505875
-0.171814
-0.0812378
0.780579
0.777756
0.580154
0.480911
0.300888
0.264969
0.224442
0.180603
0.0132599
-0.166275
-0.184036

[24]
-0.650177
-0.99762
-1.20992
-1.48199
-1.74055
-1.93666
-2.07184
-1.92
-0.967911
1.57983
-1.28973
-0.739746
-0.440857
-0.528641
-0.301559
-0.220581
-0.0750427
-0.110764
-0.0500031
-0.0681305
-0.015976
-0.0101776
-0.02005
-0.0676422
-0.0519104
-0.0518188
-0.0207214
-0.00788879
0.00234985
-0.0570526
-0.042511
-0.000671387
0.0515137
0.0620117
0.0712891
0.0963745
0.125107
0.128677
0.086319
0.496384
1.2982
1.18826
0.739212
0.431595
0.315033
-0.151245
0.0357208
1.006
0.896713
0.601807

[25]
0.462509
0.344833
0.262207
0.179382
0.149399
0.122421
-0.017868
-0.255325
-0.714233
-1.0043
-1.30057
-1.56473
-1.53958
-2.1774
-2.13339
-2.04782
0.192047
0.124908
-0.894028
-0.644455
-0.343979
-0.352844
-0.304489
-0.0764771
-0.00863647
0.00114441
-0.00987244
-0.0883789
0.00720215
-0.0406799
-0.0236664
-0.071167
-0.0535126
-0.0379486
-0.0324554
-0.0124054
0.00120544
0.034317
-0.0157318
0.0138092
0.101868
0.0960236
0.131149
0.112366
0.155807
0.0955048
0.0505066
0.44162
1.20996
0.938995

[26]
0.853226
0.405762
0.383469
-0.461151
-0.279205
0.848022
0.977966
0.721512
0.503418
0.383102
0.281982
0.269318
0.187454
0.0992432
-0.039917
-0.18544
-0.535446
-0.867966
-1.28027
-1.65727
-1.67256
-1.72203
-2.29054
-1.7697
-1.55479
1.57185
-0.798141
-0.786499
-0.268677
-0.609222
-0.34761
-0.176361
-0.0671082
-0.0470276
-0.0118408
-0.118805
0.00546265
-0.0149994
0.00767517
-0.0757751
-0.0723114
-0.0444946
0.000823975
-0.0294647
0.0118866
-0.0118561
-0.0384064
-0.0154114
0.13623
0.0609589

[27]
0.100235
0.115189
0.0903168
0.144821
0.170273
0.358398
1.05466
1.22108
0.750977
0.660492
0.643677
0.476944
-0.192017
-0.319839
0.787781
1.02196
0.763351
0.541458
0.229446
0.0840302
0.147171
0.102417
0.0457306
-0.272812
-0.432281
-0.70343
-1.10808
-1.55904
-1.71399
-1.92825
-2.25096
-2.35287
-1.25325
1.59044
-0.999283
-0.770599
-0.309769
-0.485855
-0.318344
-0.117096
-0.0507965
-0.00386047
0.00476074
-0.0702667
-0.00115967
0.075531
0.0487671
-0.0119629
-0.00862122
0.0304718

[28]
-0.0309448
-0.0272217
0.00640869
0.0202942
0.00679016
0.0269165
0.12532
0.0853729
0.140106
0.161835
0.167328
0.105453
0.22438
1.10727
1.43755
0.86348
0.450211
0.469193
-0.125153
-0.256516
0.408752
0.911621
0.845474
0.668533
0.51796
0.299896
0.189163
0.157883
0.143295
0.0761566
-0.156616
-0.324081
-0.767715
-1.30302
-1.71384
-1.90617
-1.88579
-1.92751
-2.00323
-1.02481
1.62369
-1.03607
-0.467377
-0.29805
-0.548981
-0.38739
-0.259659
-0.0257721
0.0304413
-0.021759

[29]
-0.043335
-0.0570831
0.0203857
0.0800018
0.0591736
-0.00177002
0.0155945
0.0306702
-0.014679
0.0267944
0.0104675
0.0130768
-0.0208588
0.0666199
0.0753632
0.124222
0.131546
0.133331
0.145966
0.17807
0.15155
0.41626
1.12813
1.30135
0.700729
0.401428
0.401276
-0.149017
-0.137772
0.731934
0.842163
0.701965
0.545288
0.399094
0.368011
0.34082
0.285492
0.143326
-0.00428772
-0.148483
-0.513229
-0.796051
-1.07834
-1.36786
-1.6169
-1.5827
-1.42139
-1.36487
-1.64818
-0.843475

