[1]
-0.116165
0.098999
0.065979
0.0847168
0.115036
0.241684
0.428528
0.251511
-0.119614
0.0184174
0.278229
0.845474
0.461517
-0.0432281
0.100235
1.20979
1.12781
1.86853
0.139893
-0.0700989
1.45665
0.90831
0.716354
0.632568
0.56601
0.39801
0.374664
0.399719
0.20517
0.059906
-0.0762939
-0.173355
-0.276474
-0.370834
-0.67601
-1.01329
-1.26822
-0.847626
-0.382187
-0.66597
-0.919067
-0.748001
-0.881119
1.04778
0.994995
-0.97084
-0.260315
-0.201538
-0.182419
-0.214355

[2]
-0.135178
-0.0336456
0.204468
0.269989
0.264252
0.189346
0.133911
0.013443
0.0966187
0.112396
0.169632
0.165939
0.152069
0.180191
0.27565
0.289246
0.22905
0.195358
0.328369
0.299133
0.394333
0.415619
0.626923
0.713211
1.36372
0.656754
0.340973
0.629288
1.19122
1.12502
1.07939
0.911514
0.755997
0.549408
0.376282
0.200302
0.242661
0.0874329
0.0126343
-0.221405
-0.777817
-1.06125
-1.36287
-2.06145
-1.84985
-1.5507
-0.841415
1.63014
-0.914322
-0.550537

[3]
-0.602966
-0.119751
-0.50177
-0.0650024
0.116074
0.276321
0.218231
-0.0770721
0.11763
0.18132
0.209167
0.0205383
-0.00595093
0.0177612
0.236389
0.161362
0.0772858
0.0285797
0.112564
0.188004
0.205368
0.354507
0.236481
0.1707
0.119461
0.324539
0.523651
0.583649
0.627655
1.6145
1.56448
1.1132
-0.279358
0.298233
1.33823
1.46625
1.13318
0.965424
0.720383
0.57959
0.46106
0.38588
0.341415
0.104706
-0.503464
-0.792923
-1.71761
-2.12668
-2.46747
-2.05415

[4]
-1.73543
1.60759
0.129501
-0.972519
-0.185532
-0.774063
-0.308136
-0.329605
-0.210724
-0.00186157
0.199188
0.142395
0.184525
0.15921
0.130264
0.0299072
0.0244904
0.0635986
0.0136719
0.0384216
0.0618134
0.0617523
0.115524
0.185059
0.289642
0.11998
0.155014
0.176102
0.227051
0.236618
0.330368
0.41275
0.544098
0.520798
1.16698
1.55814
1.32678
0.412674
-0.758453
0.361069
0.95575
1.37135
1.15433
0.81279
0.65593
0.577515
0.450317
0.512024
0.367111
0.275879

[5]
-0.284424
-0.162872
-0.735489
-1.10324
-1.36647
-2.41446
-2.04211
-1.30452
-1.32657
1.50616
0.593201
-1.31329
-0.113602
-0.581757
-0.0702515
-0.294434
-0.5047
0.240707
0.119308
0.0731964
-0.0354462
0.11615
0.173233
0.0478973
0.0522766
0.0386963
0.0346222
0.0646667
0.0426483
0.112823
0.0233459
0.101013
0.222443
0.247818
-0.104401
-0.104675
0.227097
0.404587
0.373871
0.321198
0.316818
0.439941
0.553009
0.806534
1.80197
1.04662
0.742538
-0.481934
0.497147
0.722977

[6]
1.41325
1.20677
0.843185
0.573578
0.546371
0.533493
0.481323
0.3862
0.32901
-0.434036
-1.25642
-1.95383
-2.5183
-2.53006
-1.85556
-1.68845
1.57407
0.508453
-1.53609
-0.899277
-0.575912
-0.181747
-0.490967
-0.101349
0.189667
0.187943
-0.0988159
-0.117813
0.301804
0.00801086
-0.082077
-0.0515137
-0.0105133
0.019165
0.0174561
-0.0791473
0.00216675
0.0712433
0.132019
0.205872
0.284744
0.310562
0.297089
0.428528
0.632034
0.785995
1.44635
0.914856
0.0167542
-0.0549011

[7]
0.464127
1.01044
1.04991
0.972977
0.788284
0.604919
0.503998
0.476608
0.408691
0.282516
0.163773
0.0943298
-0.102386
-0.648529
-1.30304
-1.96385
-2.06761
-2.36241
-1.90878
-1.68744
1.48103
0.90509
-2.16707
-0.73848
-0.674255
-0.182129
-0.418182
0.0162201
-0.0709991
0.111008
-0.149216
0.184448
0.239334
-0.0699768
-0.173355
-0.115326
-0.0221558
0.0252228
9.15527e-05
-0.0475159
-0.0375366
0.0841217
0.0842285
0.0774536
0.153244
0.113953
0.287125
0.349014
0.320908
0.404556

[8]
0.494293
0.67009
1.77078
0.992737
-0.0783234
-0.390198
0.846573
1.2529
1.22672
0.942673
0.659348
0.588623
0.512772
0.379837
0.292755
0.28746
0.029007
-0.3638
-0.683624
-0.885132
-1.21303
-1.84372
-2.57793
-2.03398
-1.44885
-0.191879
1.52751
-1.07347
-0.479553
-0.711731
-0.518417
-0.273499
-0.340881
-0.296112
-0.158707
0.00854492
-0.0142517
0.072998
-0.00350952
0.0476532
-0.0303955
-0.106003
-0.00331116
0.015976
-0.0592499
-0.0972748
-0.00872803
0.0324402
0.0302734
0.0835876

[9]
0.0944977
0.146591
0.145248
0.266342
0.354233
0.43927
0.511932
0.598694
1.76213
1.00032
0.660355
-0.316559
0.118179
0.710907
0.901917
0.973114
0.594604
0.432938
0.475967
0.399078
0.394028
0.321518
0.0912933
-0.528748
-0.468704
-0.887085
-1.12161
-1.22961
-2.02843
-2.01727
-1.3582
-1.11938
-0.799362
1.52977
-0.160461
-1.17184
-0.393723
-0.304291
-0.200378
-0.153305
-0.269699
-0.193787
-0.184052
-0.0133972
0.0262909
0.185013
0.0419006
-0.114426
-0.0718689
0.0237427

[10]
0.00579834
-0.0439606
-0.188538
-0.139175
0.118271
0.0792847
0.0485229
0.0538635
0.0470428
0.0867157
0.132767
0.203308
0.232239
0.269989
0.275314
0.341385
0.415131
1.51971
1.49168
0.898193
-0.17485
-0.459045
0.386887
0.176819
1.34311
0.875778
0.593414
0.443359
0.500824
0.375153
0.335007
0.368439
-0.0998535
-0.629196
-0.496063
-0.773361
-0.916245
-0.842621
-0.902283
-1.41719
-1.70357
-1.29832
-1.36624
-1.06679
1.34731
0.400116
-1.07771
-0.182755
-0.583115
-0.295227

[11]
-0.482147
-0.344727
0.103043
0.0978241
0.00282288
-0.0927124
-0.00228882
0.15123
0.0543671
-0.0440063
-0.0381165
0.0197449
-0.000946045
0.0103607
0.0280457
0.012619
0.0870667
0.201477
0.177643
0.103027
0.144974
0.174332
0.288193
0.512207
0.413376
1.12143
1.75514
1.45911
0.0899048
-0.0511322
0.440643
1.02223
1.23648
0.882706
0.632889
0.617493
0.455429
0.469391
0.333954
0.401474
-0.258621
-0.311325
-0.557037
-1.23589
-1.28073
-1.60083
-2.48721
-1.6758
-1.50163
-0.972717

[12]
1.56033
-0.532928
-1.02388
-0.84024
-0.0575256
-0.173782
-0.394196
-0.0550842
0.055069
0.0548553
-0.0166626
0.0328064
0.120285
0.164551
0.0585632
-0.00608826
-0.0170746
-0.0107422
-0.0110016
-0.0123444
0.0151978
-0.0085907
-0.0718231
0.0827637
0.432678
0.20192
0.105698
0.098999
0.435486
0.68309
0.559799
0.44043
2.0959
1.52322
-0.021698
-0.157104
1.05519
1.01758
1.00114
0.829391
0.730453
0.614014
0.434601
0.340042
0.26355
0.0505066
-0.0932007
-0.404877
-0.780289
-1.1969

[13]
-1.48154
-2.24205
-2.23851
-1.48178
-1.26369
1.54669
0.207275
-1.35086
-0.565659
-0.711792
-0.202438
-0.319672
-0.330399
0.0974121
0.245377
0.0879669
-0.0263977
0.0927734
0.137833
-0.121002
-0.102219
-0.0233459
0.0208588
-0.0559998
-0.0957031
0.0252075
0.0427856
0.0927582
0.115631
0.159454
0.0483093
0.095871
0.335342
0.467255
0.369354
0.436157
0.727219
1.84731
0.926483
-0.092514
-0.274231
0.98764
0.990295
0.830505
0.857666
0.775284
0.634079
0.538651
0.466873
0.379425

[14]
0.388199
0.150131
-0.153641
-0.109207
-0.278687
-0.598572
-0.974777
-1.16339
-2.46059
-2.20572
-1.62321
-1.50639
-0.535706
1.58018
0.515289
-0.92244
-0.45433
-0.590286
-0.408173
-0.0776062
-0.44194
-0.198486
-0.178558
0.136551
0.128403
-0.0398712
0.0326385
-0.0345459
0.0197144
-0.0226898
0.0474701
0.0182953
0.0962067
0.111008
0.114349
0.0718079
0.0402832
0.0639343
0.185196
0.182663
0.153778
0.310516
0.487381
0.564194
0.695236
0.947632
1.79146
0.96846
-0.291458
-0.0412292

[15]
0.679108
1.15872
1.26065
0.923477
0.658905
0.574295
0.489471
0.439392
0.385254
0.247772
-0.143204
-0.212646
-0.30661
-0.758743
-0.974823
-1.06456
-2.07274
-2.2468
-1.33128
-1.38539
0.282639
1.14774
-1.52547
-0.317017
-0.5672
-0.507111
-0.478836
-0.169403
0.246582
0.205154
-0.106216
-0.116852
0.117661
0.149902
-0.0129852
-0.146774
-0.0693817
0.131729
0.118378
-0.0479736
-0.0584106
0.00648499
0.2117
0.195465
-0.0188446
-0.0226746
0.0687408
0.0921783
-0.0632477
0.0774231

[16]
0.214661
0.272705
0.320618
0.517227
0.636398
0.780136
1.63417
1.23534
0.284286
-0.473114
0.640396
1.19322
1.1613
1.01189
0.699005
0.585663
0.5289
0.48317
0.400024
0.382233
-0.193939
-0.298309
-0.427475
-0.849884
-1.17381
-1.57457
-2.56023
-1.49922
-1.47752
-1.6376
-1.43858
1.57968
0.233032
-1.2236
-0.27803
-0.57016
-0.104721
-0.292465
-0.271667
-0.0467834
-0.0618134
0.17395
0.0238647
0.0577087
0.125198
-0.0699463
0.0246277
-0.0381317
-0.0311127
-0.0935059

[17]
-0.0283966
0.0260468
0.0571289
0.239532
0.172958
0.0532837
0.0795288
0.101257
0.24942
0.505386
0.629135
0.675613
0.785736
1.90291
1.16013
-0.0743103
-0.0540161
0.541473
0.844803
1.03609
1.10747
0.753845
0.543304
0.522507
0.504852
0.404068
0.386475
-0.00396729
-0.224442
-0.309326
-0.731979
-1.43788
-2.3268
-2.56897
-1.35426
-1.70532
-1.56003
1.5507
-0.2491
-1.3522
-0.417526
-0.239487
-0.257156
-0.17453
-0.280304
-0.0976105
0.0552673
-0.00927734
-0.0401001
-0.0166779

[18]
0.0934906
0.00674438
0.00390625
0.0686798
0.0657654
-0.0548859
0.0140381
-0.0915985
-0.126663
0.0296783
0.116409
-0.0494995
-0.00765991
0.158447
0.25769
0.316116
0.320206
0.350281
0.491058
0.50296
1.69673
1.08804
0.686081
-0.138763
0.121445
0.340195
1.02652
1.08064
0.808792
0.563156
0.355652
0.31189
0.434647
0.276855
0.255402
-0.277756
-0.417679
-0.651123
-0.957413
-1.15337
-1.51974
-2.06233
-1.8015
-1.56572
-1.56714
-1.01227
1.54358
-0.510376
-0.535202
-0.621719

[19]
-0.541748
-0.0783234
-0.331665
-0.143982
-0.126221
-0.0790558
-0.0154572
-0.0127106
0.10466
0.0381165
-0.0202789
-0.041748
0.0234375
0.00917053
-0.0369568
-0.0528717
0.0203247
0.0015564
0.12352
0.0859528
0.0506744
-0.087326
0.0559998
0.186234
0.336792
0.423492
0.450195
0.452621
0.852997
2.1463
1.09505
-0.318344
-0.367111
0.591812
0.923584
0.99881
0.856689
0.628357
0.622833
0.468918
0.449112
0.232788
0.26709
-0.253754
-0.588394
-0.404861
-0.897324
-0.862579
-0.904388
-1.26656

[20]
-1.93504
-1.61932
-1.37558
-1.20157
0.433884
1.54352
-0.81459
-0.127945
-0.643478
-0.374847
-0.261993
-0.294296
-0.415619
-0.0549011
-0.0536346
0.103943
0.0363007
-0.0167999
0.0894928
0.0075531
0.0142822
-0.0386353
-0.0123291
-0.448303
-0.0105133
0.0264587
0.0735321
0.138184
0.0582886
0.108551
0.0756989
0.180038
-0.173737
-0.068161
0.0464783
0.278564
0.262131
0.313034
0.463272
0.594009
0.665543
1.20201
1.2709
0.823807
1.46588
0.360657
0.342987
0.421875
1.59854
0.827545

[21]
0.548584
0.511551
0.488937
0.231598
0.415375
0.104309
-0.195084
-0.388718
-0.703857
-1.14453
-1.77237
-2.43153
-2.51047
-1.81187
-1.69205
-1.4077
1.53371
-0.30896
-1.72966
-0.255295
-0.577347
-0.0297546
-0.349655
-0.342712
0.0923767
0.124069
0.133514
0.0203552
0.0130005
0.108597
-0.0484161
-0.186813
-0.0717163
0.00798035
-0.0524139
-0.109268
0.118179
0.104721
-0.00256348
0.00604248
0.31694
0.38356
0.259888
0.383682
0.418442
0.487595
0.49559
2.19945
1.66716
0.889252

[22]
-0.795898
-0.275375
0.369553
1.24374
1.23833
0.777313
0.565094
0.521942
0.530304
0.549698
0.411957
0.196487
0.161194
-0.73674
-0.833481
-1.80794
-1.84909
-2.54604
-2.30643
-2.32683
1.52347
-0.458221
-1.27763
-0.843048
-0.302139
-0.184952
-0.655411
-0.122421
-0.00544739
0.250366
0.112885
0.0480957
0.0640411
0.00616455
0.000442505
0.0605774
0.0418396
-0.0777893
-0.0401306
-0.0731506
-0.0418091
-0.0422211
-0.10788
0.0935516
0.180252
0.315796
0.321091
0.219589
0.483444
0.540909

[23]
0.588745
1.0824
1.9538
1.19614
0.308487
-0.491852
0.948929
1.62263
1.64877
0.963791
0.489166
0.355377
0.416382
0.431625
0.327499
0.183517
0.0516968
-0.409958
-1.15503
-1.7404
-1.80016
-2.59595
-2.59596
-2.12964
-0.212128
1.48579
-2.24028
0.059082
-1.26183
0.0137787
-0.533218
-0.51265
0.0635681
-0.00190735
0.0717163
-0.125473
0.0577545
0.160339
0.0863495
-0.17688
-0.0975647
0.00672913
-0.0711975
-0.0983582
-0.0973206
0.0128937
0.0988922
0.0781708
0.107544
0.160477

[24]
0.369827
0.488022
0.52478
0.485458
1.42854
1.66092
1.0349
0.279968
-0.565704
0.494049
1.0359
1.30038
0.987228
0.578766
0.348694
0.442703
0.483322
0.351837
0.27449
-0.248459
-0.699036
-0.87616
-1.44147
-1.9588
-2.18213
-2.56754
-1.5571
-1.72572
1.30824
0.676666
-1.79599
-0.29718
-0.738312
-0.32695
-0.522766
-0.3517
0.106628
0.0383148
0.0535889
-0.152695
0.121979
0.001297
-0.108429
-0.141434
-0.0689392
-0.00109863
-0.0845795
0.0379639
-0.139908
-0.191315

[25]
-0.0555573
-0.0617981
0.0280914
0.0962067
0.116745
0.0210266
0.173447
0.327316
0.42453
0.417557
0.487305
0.601318
1.65082
1.41431
0.874725
0.540131
-0.410858
0.221161
0.753708
1.16306
0.852432
0.620712
0.340424
0.326859
0.383667
0.323883
0.192551
-0.111847
-0.689453
-0.976334
-1.26915
-1.71983
-2.2121
-2.61253
-1.91135
-1.65967
0.367249
1.49361
-1.56369
-0.752182
-0.427551
-0.523941
-0.295547
-0.578598
-0.226364
0.125183
-0.0849457
-0.0808258
-0.187286
0.229538

[26]
0.101852
-0.0454865
-0.200439
-0.16803
-0.0355072
-0.0691071
-0.167068
-0.03125
-0.00746155
-0.0369568
-0.0251465
0.0795593
0.203049
0.235687
0.300293
0.343964
0.535507
0.305023
1.48097
1.61264
0.817307
-0.224319
-0.517273
0.502258
1.39172
1.28711
0.973495
0.578796
0.394302
0.31337
0.321075
0.29158
0.309784
-0.0990906
-0.364914
-0.428772
-0.844467
-1.55093
-2.07213
-2.30304
-1.96364
-2.03838
-1.82367
1.03673
1.49265
-1.68341
-0.0172272
-1.41101
-0.13916
-0.384918

[27]
-0.472031
0.0871429
-0.155518
0.0296783
-0.286346
-0.0516205
-0.063858
-0.0423737
-0.0428009
-0.0371246
-0.0780792
-0.0830688
-0.110489
-0.161011
-0.0746613
-0.00537109
0.0347443
0.10524
0.188232
0.151367
0.204376
0.285385
0.304031
0.404816
0.637131
1.84023
1.57646
0.688797
-0.533951
-0.142792
-0.105118
1.02017
1.10959
0.733704
0.45816
0.332657
0.324341
0.344864
0.268524
0.215424
-0.226074
-0.806976
-0.858688
-1.11378
-1.49924
-2.05086
-2.55591
-1.33466
-1.55742
-1.34172

[28]
1.52681
-0.715988
-1.03105
-0.314529
-0.357758
-0.32692
-0.532379
-0.289032
0.103394
-0.0225067
-0.0537872
-0.0940094
-0.00151062
0.000366211
-0.0762482
-0.0816345
-0.00292969
-0.00169373
-0.0093689
-0.0906067
-0.0657806
-0.0940552
-0.0769653
0.278824
0.348175
0.194611
0.357559
0.414139
0.490845
0.59697
1.50591
1.52483
1.02446
-0.0633545
-0.59024
0.512314
1.47383
1.29263
0.98735
0.593185
0.362045
0.450073
0.380463
0.304077
0.184998
-0.101578
-0.50946
-0.786255
-1.27888
-2.05563

[29]
-2.6051
-2.50374
-2.06474
-1.80627
1.50516
0.279633
-1.63985
-0.75946
-0.654083
-0.287643
-0.697632
-0.189392
0.0406799
0.10585
-0.0230255
-0.194183
0.0839386
-0.0169525
-0.109528
-0.105255
-0.152618
-0.127426
-0.0524597
-0.0242615
-0.186493
-0.235657
0.0960388
0.219345
0.21666
0.252365
0.291946
0.349808
0.375763
0.339676
0.417877
0.817337
1.7005
0.860077
0.956711
-0.787338
-0.218964
0.207123
1.13513
0.919876
0.59491
0.414352
0.478149
0.491898
0.371979
0.250549

[30]
-0.227951
-0.491943
-0.571075
-0.904877
-1.41344
-1.7523
-1.79504
-1.95451
-1.38896
-1.58055
-1.42639
1.51662
-0.717789
-1.09468
-0.338058
-0.668701
-0.444214
-0.699081
-0.13884
0.176361
0.0855255
-0.0712738
-0.348633
0.130539
0.0908966
-0.0556183
-0.0670471
-0.214279
0.0496826
-0.0921021
-0.102219
0.0269012
0.284225
0.216629
0.0941162
0.0469055
0.206085
0.397812
0.468307
1.5697
1.49281
0.607117
-0.195053
0.838104
1.42085
1.44154
1.19557
0.916656
0.699005
0.378159

