[1]
0.140701
0.298126
0.340988
0.754547
1.44867
0.76709
0.627258
0.561096
0.412918
-0.120224
0.269653
0.943604
0.941788
0.747879
0.61792
0.462891
0.412445
0.359131
0.292114
0.250824
0.0792542
-0.0733948
-0.317749
-0.752151
-0.956833
-0.981201
-1.10164
-1.3027
-1.31796
-1.44261
-1.5948
-1.16222
-0.745087
1.73087
-0.22171
-0.451859
0.0840302
-0.802643
-0.501816
-0.222031
0.00354004
0.096344
0.150238
0.132706
-0.0654907
0.154251
0.10704
0.151184
0.0938416
0.0981293

[2]
0.138321
0.177979
0.123779
0.0712891
0.106888
0.105179
0.135529
0.201294
0.130966
0.245529
0.240906
0.269257
0.294998
0.287491
0.3255
0.440918
0.631012
1.39743
1.29092
0.671783
0.68573
0.831497
-0.00856018
-0.152328
0.652435
1.01917
0.829544
0.69429
0.536835
0.470276
0.413437
0.353775
0.347977
0.236145
0.0465546
-0.254578
-0.645157
-1.08945
-1.3761
-1.24704
-1.20331
-1.52019
-1.59138
-1.65498
-1.0249
0.432373
1.74654
-0.710205
-0.253494
-0.0921326

[3]
-0.578262
-0.297287
0.0346527
-0.083786
0.0800018
0.151794
0.161072
0.0865936
0.0871429
0.156052
0.116547
0.0898895
0.126495
0.172882
0.178299
0.146011
0.118042
0.15451
0.124039
0.0971069
0.148499
0.227158
0.165176
0.220749
0.26622
0.225784
0.276459
0.304733
0.342422
0.855209
1.60954
1.00967
0.582947
0.569244
0.553879
0.158066
0.161255
0.824966
0.871719
0.722198
0.656769
0.526764
0.465744
0.438156
0.386765
0.316299
0.256317
0.0379028
-0.314194
-0.79686

[4]
-0.995102
-1.10028
-1.18979
-1.19795
-1.19499
-1.27425
-1.19829
-1.09653
-0.751007
0.351685
1.65375
-0.380157
-0.0239105
-0.140839
-0.523499
-0.351166
-0.0205688
0.0458984
0.047699
0.114929
0.199402
0.0348206
0.239136
0.217239
0.168472
0.123062
0.199005
0.197205
0.173508
0.148499
0.169907
0.154739
0.133636
0.103928
0.114075
0.202774
0.159103
0.164886
0.173233
0.1931
0.238159
0.282333
0.32991
0.308365
0.358017
0.374268
0.809967
1.57626
0.811035
0.30983

[5]
0.544632
0.483948
0.152252
0.294891
0.884079
0.904251
0.738953
0.63681
0.528915
0.417374
0.303299
0.255447
0.196655
0.0423126
-0.109604
-0.296997
-0.653656
-0.935257
-1.11662
-1.09955
-1.00713
-1.09253
-1.09775
-1.07115
-0.920837
-0.720734
0.0020752
0.75708
1.50284
-0.422409
-0.277542
-0.430603
-0.274628
-0.190948
0.128616
0.05896
0.0254822
0.122314
0.114777
0.132874
0.179291
0.199997
0.215485
0.134262
0.145691
0.188217
0.190216
0.164627
0.140656
0.158508

[6]
0.163635
0.158142
0.11644
0.118256
0.147293
0.190811
0.259598
0.261444
0.219849
0.283279
0.26506
0.311188
0.368118
0.636093
1.16475
1.14326
0.589432
0.476654
0.66066
0.455124
0.0383453
0.22435
0.82843
0.881226
0.701416
0.609848
0.467377
0.340073
0.376572
0.351624
0.339249
0.144043
-0.027832
-0.329163
-0.777435
-1.17647
-1.25604
-1.10393
-1.10381
-1.30238
-1.21298
-1.20746
-0.887558
1.47237
0.623413
-0.829681
-0.123901
-0.201553
-0.350647
-0.0373993

[7]
0.1427
0.107986
0.156967
0.0634613
0.0525055
0.16095
0.249344
0.126648
0.0957031
0.17453
0.160736
0.146103
0.0942383
0.0794067
0.148117
0.118149
0.113235
0.12677
0.161469
0.19368
0.214828
0.288651
0.272202
0.265793
0.328537
0.307129
0.418625
0.516281
0.717422
1.18623
1.17082
0.486969
0.533356
0.540451
0.132111
-0.0499878
0.736542
0.969574
0.775955
0.627472
0.489944
0.460663
0.435638
0.362152
0.243713
0.0874023
-0.138702
-0.439957
-0.830307
-1.08003

[8]
-1.1124
-0.966507
-0.898041
-1.01651
-1.09152
-1.10155
-1.10068
-0.813507
-0.166031
1.10829
1.08989
-0.650665
-0.102768
0.0113983
-0.321121
-0.237259
-0.0671997
-0.142502
0.0506439
0.172104
0.210175
0.0864563
0.158661
0.159714
0.138138
0.0937805
0.0892029
0.119431
0.142105
0.140137
0.143524
0.140045
0.157654
0.11676
0.109161
0.123459
0.10347
0.174789
0.212585
0.212997
0.248886
0.18132
0.208282
0.252701
0.389145
0.463043
0.927856
1.45309
0.676163
0.54155

[9]
0.495209
0.483002
0.183746
0.020752
0.705795
0.916473
0.752502
0.634811
0.503403
0.422012
0.379211
0.393173
0.283234
0.160812
0.0352173
-0.21286
-0.620331
-0.957245
-1.10425
-1.13535
-1.16872
-1.40443
-1.45227
-1.22293
-1.17238
0.951569
1.32356
-0.557175
-0.249374
-0.208145
-0.384506
-0.213013
-0.0919342
0.0625
0.0673218
0.105209
0.0918427
0.0531769
0.138901
0.212799
0.0984192
0.0931396
0.129532
0.176453
0.127136
0.126663
0.101105
0.0874634
0.0789337
0.0931244

[10]
0.125107
0.133224
0.19014
0.214767
0.214203
0.212906
0.225906
0.234528
0.288528
0.356903
0.392502
0.901047
1.40569
0.698029
0.440964
0.531464
0.510483
0.22966
0.0714569
0.775208
0.901459
0.714905
0.56311
0.452286
0.417679
0.392685
0.350266
0.249954
0.147354
0.0141449
-0.236954
-0.570892
-0.96405
-1.19206
-1.31067
-1.27254
-1.24226
-1.29922
-1.44949
-1.09883
1.08611
0.770523
-0.616409
-0.241974
-0.279755
-0.547958
-0.195068
0.204651
0.0678864
0.0877533

[11]
0.120178
0.0923309
0.0790253
0.202515
0.184128
0.146759
0.0861206
0.106522
0.128952
0.144684
0.105865
0.057724
0.0708618
0.0843048
0.156342
0.178787
0.149216
0.221634
0.189316
0.200073
0.243256
0.280289
0.313049
0.303894
0.417618
0.920853
1.55991
0.759445
0.311523
0.557755
0.570114
0.227341
0.159317
0.72081
0.835175
0.766388
0.643204
0.486893
0.446899
0.454681
0.409012
0.237366
0.0167999
-0.134888
-0.297836
-0.712921
-0.96431
-1.27025
-1.362
-1.09964

[12]
-1.31702
-1.56224
-1.48906
-1.12794
1.33881
1.09386
-0.649292
-0.463196
-0.454559
-0.526428
-0.199142
0.192764
0.041687
0.065918
0.0763855
-0.00476074
0.133621
0.16124
0.133423
0.14183
0.107513
0.137207
0.127075
0.112793
0.0974884
0.0977478
0.128387
0.110199
0.118134
0.145279
0.17659
0.23262
0.195206
0.248383
0.23526
0.264404
0.293167
0.95285
1.77635
0.919907
0.364487
0.463776
0.54335
0.0370483
0.0850983
0.884003
0.912735
0.716385
0.571487
0.453873

[13]
0.402023
0.388123
0.364929
0.337555
0.24826
0.0206757
-0.218994
-0.558273
-0.891907
-1.30757
-1.33359
-1.21101
-1.31496
-1.67085
-1.46046
-1.33609
0.678101
1.07378
-0.776016
-0.237686
-0.43959
-0.492111
-0.233643
0.141464
0.042984
0.033783
0.13385
0.00714111
0.0571136
0.172134
0.154053
0.149979
0.0539551
0.0561523
0.0916443
0.122681
0.0487213
0.0668488
0.0702972
0.0658722
0.0774994
0.10463
0.134277
0.167725
0.182205
0.209702
0.222183
0.214188
0.297852
0.329636

[14]
0.489258
1.18018
1.32112
0.633835
0.413986
0.534607
0.184921
-0.0767212
0.567932
0.946136
0.815094
0.692947
0.542542
0.437744
0.397736
0.393951
0.389694
0.251541
0.0410461
-0.135803
-0.453079
-0.81192
-1.23634
-1.57199
-1.30841
-1.21286
-1.71167
-1.65981
-1.42618
0.762482
1.32135
-1.14279
-0.270645
-0.110031
-0.373489
-0.536392
0.0538483
-0.0305634
0.021225
0.131348
0.104172
0.00639343
0.0429382
0.10701
0.073349
0.0188446
0.0238953
0.104691
0.0822144
0.0431519

[15]
0.0383148
0.0757446
0.0529938
0.0669556
0.0876465
0.124817
0.218384
0.154648
0.129227
0.204254
0.198624
0.308304
0.329071
0.42189
1.38637
1.25993
0.494766
0.359055
0.349792
0.216019
-0.0398102
0.692841
0.943237
0.788971
0.620377
0.477432
0.36203
0.35643
0.418213
0.263962
0.195587
0.129501
-0.082489
-0.524734
-0.962769
-1.17662
-1.49854
-1.50349
-1.41017
-1.43834
-1.17638
-1.22572
-0.279312
1.7683
0.0917206
-0.746872
-0.177322
-0.565552
-0.18187
-0.0595703

[16]
0.0480042
-0.0415649
0.0538483
0.0453033
0.107391
0.0426025
0.0762482
0.0752716
0.0635986
0.0852814
0.118805
0.12796
0.0775299
0.0504303
0.0720215
0.0732574
0.0844116
0.0856476
0.0921021
0.140701
0.181458
0.149094
0.193909
0.206009
0.207901
0.254105
0.452209
0.637634
1.11253
0.814972
0.535812
0.529785
0.571091
0.358398
0.0467529
0.53157
0.86673
0.755249
0.56665
0.450104
0.381912
0.391037
0.329117
0.324402
0.287552
0.00637817
-0.360199
-0.581116
-0.796768
-1.17303

[17]
-1.30489
-1.6143
-1.71794
-1.7666
-1.45549
0.585724
0.226105
-0.821106
-0.122833
-0.294495
-0.341156
-0.228348
0.0858459
0.0364075
0.0468597
0.0204468
0.0484314
-0.00616455
0.0979004
0.0682983
-0.0202332
-0.00292969
0.0270386
0.075882
0.0615845
0.0442657
0.0153198
-0.0126038
0.0208588
0.0388794
0.0502014
0.0992584
0.140427
0.14296
0.147797
0.156525
0.18898
0.244049
0.311508
0.607864
1.00948
1.08665
0.40593
0.374207
0.5289
0.355133
0.103989
0.403244
0.804504
0.74205

[18]
0.6026
0.479721
0.409851
0.380447
0.35434
0.302841
0.232574
0.126236
-0.161682
-0.520996
-0.819611
-1.14494
-1.35939
-1.32747
-1.29599
-1.44637
-1.57655
-1.14714
-0.911072
1.59904
0.559845
-0.925629
-0.15303
-0.706161
-0.403809
-0.198792
0.109726
-0.150528
0.00799561
-0.0381775
-0.000915527
0.0661469
0.0212708
0.00422668
0.0245209
0.0348053
0.0562439
0.0696259
0.0606537
0.0437469
0.0344696
0.0214844
0.0566559
0.0418091
0.0925293
0.111359
0.130981
0.145538
0.202209
0.217148

[19]
0.237747
0.46637
1.16457
1.29735
0.714798
0.160339
0.600281
0.537735
-0.0337219
0.682709
0.895401
0.720551
0.563248
0.436874
0.386017
0.355255
0.325607
0.286865
0.214325
-0.0155029
-0.210236
-0.738358
-0.930618
-1.0822
-1.28407
-1.24295
-1.2618
-1.49765
-1.75549
-1.10521
-1.12955
0.234085
1.44508
-0.665512
-0.276062
-0.269119
-0.718353
-0.174576
0.0538177
0.0617523
-0.123047
0.0422211
-0.0138702
0.0904694
0.0380554
0.0855255
0.0548248
0.0100555
0.033844
0.0659943

[20]
0.0818329
0.0435638
0.0481262
0.0505524
0.0218964
0.0755005
0.087326
0.133011
0.158249
0.153732
0.160461
0.172867
0.229233
0.293945
0.339355
0.494583
0.862335
1.15678
0.575714
0.183884
0.586761
0.337906
0.0470428
0.381851
0.86969
0.786484
0.674164
0.531784
0.419968
0.307419
0.324387
0.290024
0.210678
0.0690765
-0.126495
-0.424118
-0.820587
-0.952942
-1.09627
-1.31651
-1.11766
-1.16544
-1.43587
-1.34657
-1.38829
-0.469437
1.42618
-0.287048
-0.410812
-0.181732

[21]
-0.575058
-0.500198
-0.071701
0.00950623
-0.0110016
0.0829468
0.0980988
-0.0349579
0.13414
0.13472
0.0294342
0.0017395
0.0802002
0.094986
0.0756683
0.0595551
0.0752411
0.0761719
0.024292
0.0344696
0.0766449
0.113159
0.100525
0.128525
0.116943
0.130753
0.1548
0.156052
0.172913
0.239304
0.34404
0.544693
1.16032
1.12802
0.449722
0.235565
0.705475
0.47023
-0.0415039
0.317749
0.72197
0.745163
0.648453
0.534988
0.392975
0.33255
0.317932
0.166733
0.221146
0.13028

[22]
-0.188995
-0.400131
-0.666214
-0.883331
-0.981674
-1.28072
-1.03355
-1.12471
-1.61812
-1.31989
-0.96962
-0.622299
0.450394
0.977051
0.142899
-0.52652
-0.342468
-0.521729
-0.282669
0.0829468
0.0202637
-0.0921021
0.0272827
0.0604248
-0.0186768
0.0958099
0.102234
0.0148163
0.0423431
0.0681763
0.0749207
0.110413
0.0991669
0.0631104
0.0623474
0.0566101
0.0394592
0.0458984
0.0673523
0.0977631
0.145584
0.14064
0.157761
0.113129
0.162918
0.196609
0.273849
0.358551
0.569717
0.875076

[23]
1.2382
0.536209
0.330017
0.514282
0.72168
0.146957
-0.151077
0.152084
0.650864
0.804642
0.720825
0.614258
0.367096
0.265091
0.363663
0.33847
0.124924
-0.161377
-0.373322
-0.608582
-0.943924
-1.14886
-1.27663
-1.3278
-1.38338
-1.33
-1.34247
-0.942062
-0.619675
1.35939
0.678131
-0.523788
-0.355728
-0.490494
-0.359497
0.0107727
0.0173035
-0.0335236
0.0602112
0.0201874
-0.00259399
0.0705109
0.0668182
0.0368195
0.0872345
0.0969086
0.113403
0.109161
0.0776367
0.0762024

[24]
0.072403
0.0405884
0.0656433
0.0871277
0.14003
0.20166
0.15181
0.169754
0.171631
0.225662
0.294968
0.295059
0.429352
0.867737
1.49503
0.595688
0.603928
0.524506
0.490463
0.149704
0.0325317
0.777618
0.877792
0.68866
0.569687
0.438309
0.360153
0.360291
0.294434
0.227722
0.07341
-0.12381
-0.332016
-0.700806
-0.93396
-1.03917
-1.16315
-1.16689
-1.20724
-1.31664
-1.28058
-1.35176
0.140579
1.54103
-0.634933
-0.523346
-0.17012
-0.333344
-0.260239
0.0157318

[25]
0.102066
0.0055542
0.0650177
0.118622
0.0476532
0.0545044
0.162704
0.145096
0.119431
0.0987701
0.10849
0.111374
0.123505
0.0980835
0.122665
0.0858002
0.0776672
0.120102
0.13736
0.186859
0.187683
0.207397
0.193787
0.232559
0.242111
0.296661
0.50502
0.989044
1.36584
0.868759
0.42424
0.466705
0.430161
0.332809
0.170624
0.781998
0.886917
0.692459
0.537277
0.440567
0.348251
0.367004
0.292252
0.147537
-0.0250092
-0.311722
-0.465958
-0.633484
-0.969772
-1.13203

[26]
-1.20427
-1.272
-0.816895
-1.37022
-1.51747
-0.459015
1.72409
-0.481262
-0.215118
-0.149261
-0.24852
-0.407318
-0.120682
0.134506
0.047821
0.222366
0.0851288
0.00134277
0.0357056
0.228119
0.149048
0.0720978
0.110764
0.162048
0.118256
0.0942078
0.0774841
0.073761
0.0536499
0.0849762
0.129456
0.170441
0.207291
0.154922
0.206924
0.159882
0.227982
0.316971
0.313187
0.441101
0.928452
1.3819
0.72641
0.643158
0.552353
0.327057
0.17305
0.383286
0.868835
0.830673

[27]
0.647003
0.554321
0.454498
0.448746
0.42337
0.415298
0.381088
0.244583
-0.0230255
-0.370605
-0.687958
-0.853149
-1.18997
-1.37471
-1.26526
-1.14021
-1.59781
-1.70576
-0.736649
1.76898
-0.509384
-0.576721
-0.304886
-0.385834
-0.32251
0.157669
0.0766449
0.0358276
0.109833
0.0233459
0.161362
0.119354
0.207123
0.0788574
0.120422
0.12233
0.117798
0.0995331
0.113678
0.098587
0.0656738
0.0439453
0.0843048
0.084671
0.213531
0.205643
0.197464
0.191299
0.233093
0.266296

[28]
0.317276
0.265289
0.551392
1.30232
1.08939
0.594971
0.55632
0.549835
0.385895
-0.131622
0.686661
1.0204
0.776337
0.580002
0.470322
0.330688
0.298325
0.316223
0.294342
0.214432
-0.0341187
-0.22937
-0.42778
-0.780365
-1.09491
-1.25429
-1.24007
-1.28307
-1.40302
-1.6855
-1.39291
0.642456
1.29713
-0.906235
-0.144836
-0.327408
-0.579865
-0.342468
0.129684
0.11705
0.12883
0.118835
0.019165
0.0825653
0.106964
0.0480194
0.0322876
0.00486755
0.0336151
0.0621338

[29]
0.0931244
0.0919952
0.103638
0.104614
0.131561
0.127213
0.136993
0.160553
0.217041
0.169785
0.20282
0.240799
0.26297
0.308975
0.499268
0.910767
1.40689
0.692627
0.739548
0.724731
0.630188
0.365646
-0.138214
0.824036
0.988113
0.592117
0.452499
0.412064
0.301743
0.282288
0.22113
0.240265
0.201569
-0.0999756
-0.545685
-0.845703
-1.1321
-1.42471
-1.5011
-1.46777
-1.54802
-1.39688
-1.04745
-0.909821
0.964798
0.969452
-0.906403
-0.220078
-0.475235
-0.584518

[30]
-0.210144
0.0374451
-0.022522
0.00621033
0.0912933
-0.0246735
0.151932
0.0685272
0.105713
0.0455475
0.073349
0.0939789
0.110779
0.125992
0.103348
0.0567627
0.0375214
0.042923
0.0740051
0.077179
0.148178
0.174255
0.171341
0.195053
0.188934
0.255402
0.311584
0.451736
1.05363
1.29326
0.6633
0.667084
0.657333
0.497604
0.108841
0.291138
0.919632
0.815353
0.518127
0.467789
0.440857
0.403961
0.406815
0.355713
0.336594
0.125229
-0.0925598
-0.388397
-0.764908
-1.27498

[31]
-1.60614
-1.62227
-1.5231
-1.71062
-1.83267
-1.57758
1.02185
0.296555
-0.76712
-0.272507
-0.421875
-0.36026
-0.220505
0.135208
-0.0302582
0.0207367
0.0396271
0.0784302
0.152023
0.0279388
0.00361633
-0.0236816
0.0240021
0.0342865
-0.00349426
-0.000442505
0.0173798
0.0428772
-0.00941467
0.00996399
0.0222778
0.0505371
0.144241
0.126236
0.151001
0.146881
0.191132
0.218842
0.265686
0.457291
1.08345
1.35843
0.546524
0.70816
0.43042
0.367386
-0.0938416
0.243378
0.907349
0.859879

[32]
0.62207
0.489899
0.327133
0.349289
0.350525
0.291794
0.251602
0.0313721
-0.224823
-0.479263
-0.711319
-1.02013
-1.19211
-1.12236
-1.18745
-1.35478
-1.62926
-1.13097
-1.27356
0.14827
1.24045
-0.467896
-0.288208
-0.60202
-0.685623
-0.201157
0.00720215
0.0322876
0.0267029
0.0838623
-0.0236664
0.127106
0.10498
0.104324
0.0233917
0.0529785
0.0868073
0.0321655
-0.00108337
0.0939789
0.0748901
-0.00598145
0.0149231
0.0315704
0.0900574
0.126251
0.161194
0.165695
0.12619
0.159698

[33]
0.175705
0.214447
0.424866
1.18285
1.25191
0.608612
0.587006
0.377518
0.267105
-0.178116
0.447906
0.873291
0.807877
0.660004
0.508377
0.333344
0.372543
0.356873
0.32814
0.227554
0.0146332
-0.11554
-0.314804
-0.621765
-0.934052
-1.1391
-1.24696
-1.25995
-1.20291
-1.41754
-1.27916
-0.865875
1.74231
-0.0453186
-0.984482
-0.10437
-0.457123
-0.487503
-0.0594025
0.218475
0.0440826
0.176239
0.0428162
-0.0355377
0.186554
0.143463
0.0691528
-0.012207
0.0679779
0.0738068

