[1]
-0.043335
-0.473679
-0.683441
-1.00539
-0.909256
-0.940964
-0.788712
-0.538589
0.211807
-0.102646
0.0836487
0.550949
0.555603
0.567032
0.521011
0.470413
0.43483
0.404694
0.32663
0.115082
-0.0887299
-0.29361
-0.541214
-0.739655
-0.74408
-0.714691
-0.719757
-0.673569
-0.505646
-0.365494
-0.242249
-0.29129
-0.201263
-0.360901
-0.634064
-0.575714
0.0185699
-0.18335
-0.124863
-0.137711
0.016098
-0.0384216
-0.0798187
0.0338593
0.0460052
0.0465851
0.0118561
-0.0388947
-0.0114899
-0.00442505

[2]
-0.0359497
-0.0791321
-0.064682
-0.0593262
-0.0534668
-0.0527496
-0.0868835
-0.148926
-0.184326
-0.200119
-0.262848
-0.325089
-0.378723
-0.409439
-0.460449
-0.621231
-0.906036
-1.15654
-1.12631
-0.867554
-0.779541
-0.127945
0.0156097
0.254837
0.291855
0.473282
0.495529
0.532715
0.494522
0.494568
0.458969
0.360718
0.223358
-0.0230408
-0.255783
-0.468079
-0.745575
-0.952118
-0.957184
-0.708817
-0.678589
-0.564026
-0.392456
-0.345016
-0.307114
0.127945
-0.164307
-0.668243
-0.599503
-0.0691071

[3]
-0.107681
-0.0159302
-0.0373688
-0.0305328
-0.0328217
-0.0370789
0.020813
0.0150757
0.0392303
-0.0173645
-0.0168304
-0.0132599
-0.00292969
-0.0257263
-0.0433655
-0.0527954
-0.0412598
-0.0282745
-0.0758362
-0.126328
-0.135544
-0.189148
-0.196136
-0.23819
-0.326645
-0.337738
-0.38443
-0.454178
-0.691391
-1.03125
-1.14668
-1.19768
-0.812851
-0.720642
0.146255
-0.175888
0.231506
0.418228
0.513245
0.553421
0.53978
0.530167
0.483551
0.472351
0.391632
0.151993
-0.124802
-0.37178
-0.658997
-0.885773

[4]
-0.848663
-0.704849
-0.618713
-0.448975
-0.293472
-0.197174
-0.147125
-0.145721
-0.113068
-0.0491333
-0.147034
-0.698166
-0.487396
-0.0623779
-0.156326
-0.0560608
-0.0952454
-0.024292
-0.0554657
-0.0595245
0.0469055
0.0166168
0.0139771
-0.0319977
-0.0151367
0.0191193
-0.00442505
-0.0357056
-0.0442047
-0.046814
-0.0438843
-0.039917
-0.0419006
-0.0779572
-0.0732269
-0.116379
-0.129501
-0.13028
-0.113968
-0.197418
-0.262329
-0.303787
-0.288452
-0.325882
-0.393631
-0.604538
-0.951248
-1.02884
-1.09052
-0.787262

[5]
-0.802795
0.110977
-0.0954437
0.257919
0.395676
0.501312
0.518799
0.482086
0.432373
0.396561
0.381393
0.294418
0.145111
-0.0332336
-0.240601
-0.40947
-0.520844
-0.606644
-0.628601
-0.60556
-0.51387
-0.386246
-0.29097
-0.216553
-0.202255
-0.1436
-0.133255
0.115219
-0.169479
-0.679382
-0.329376
-0.340012
0.0141907
-0.0348816
-0.0335999
0.0119019
-0.0402527
-0.0360107
0.0249786
0.0114136
0.0174103
0.00984192
0.00224304
0.0216522
0.0105743
-0.0104523
-0.0315857
-0.0527039
-0.0445862
-0.0471954

[6]
-0.0583038
-0.0458679
-0.0744934
-0.100708
-0.119461
-0.201355
-0.208572
-0.255615
-0.266846
-0.259155
-0.304764
-0.335861
-0.570862
-0.885345
-1.07597
-0.970886
-0.846436
-0.697357
-0.430573
0.409302
-0.0776215
0.200134
0.430099
0.490021
0.511658
0.504395
0.484573
0.448257
0.398087
0.320831
0.166931
-0.0528107
-0.236465
-0.528641
-0.808075
-0.881226
-0.815231
-0.554688
-0.399628
-0.311188
-0.339066
-0.22908
-0.311462
-0.136978
-0.277954
-0.402161
-0.103561
-0.11644
0.000656128
-0.0785065

[7]
0.0467529
-0.0266266
-0.075058
-0.0312042
-0.00192261
0.016037
-0.0536194
-0.0319519
-0.00144958
0.0129395
-0.0272217
-0.0370636
-0.0378723
-0.0300903
-0.0550232
-0.0284729
-0.0764618
-0.102188
-0.120087
-0.148575
-0.144363
-0.202042
-0.225677
-0.302658
-0.317932
-0.362411
-0.492004
-0.776611
-1.04869
-1.18805
-0.910309
-0.676712
-0.703552
0.0674744
0.102798
0.393768
0.416412
0.530304
0.540466
0.506393
0.479935
0.408813
0.35144
0.234253
0.012085
-0.148514
-0.356064
-0.508408
-0.595657
-0.58287

[8]
-0.504913
-0.508148
-0.47081
-0.370972
-0.253403
-0.230209
-0.210434
-0.296509
0.0114136
-0.0608521
-0.23761
-0.643127
-0.512817
-0.0324249
-0.102859
0.00915527
-0.0382538
-0.0283508
-0.0743256
-0.0524139
0.0531158
0.0206604
0.0324402
-0.00527954
-0.0201263
0.00393677
0.0223389
0.0220795
-0.0145569
-0.0172424
-0.0258331
-0.0168304
-0.0565186
-0.0576172
-0.0428772
-0.0899658
-0.0981445
-0.107742
-0.125641
-0.178207
-0.242142
-0.216507
-0.288391
-0.398651
-0.607117
-0.904816
-0.993668
-0.859467
-0.996399
-0.673294

[9]
-0.63298
0.216675
0.108459
0.285782
0.337463
0.432617
0.468552
0.484955
0.481018
0.4646
0.426224
0.340881
0.219238
0.0540466
-0.165726
-0.405197
-0.613022
-0.751556
-0.820038
-0.729797
-0.619827
-0.452499
-0.345963
-0.608444
-0.250885
-0.148544
-0.126312
-0.416885
-0.333237
-0.0639343
-0.193192
-0.0835419
-0.0734558
0.0644836
-0.0326996
-0.0215454
0.0138702
0.00447083
0.0158844
-0.0282745
-0.0425873
-0.0133209
0.0121002
-0.00231934
-0.0310516
-0.0190277
-0.014801
-0.0261078
-0.0381012
-0.054245

[10]
-0.0714417
-0.10997
-0.142487
-0.15123
-0.198883
-0.238495
-0.22525
-0.290924
-0.322037
-0.518372
-0.778824
-0.952942
-0.811554
-0.947083
-0.638748
-0.615677
0.193237
0.113098
0.308777
0.324478
0.447281
0.495956
0.489227
0.462967
0.454346
0.42009
0.314026
0.180878
0.0188599
-0.194916
-0.423126
-0.669556
-0.832947
-0.845734
-0.717514
-0.550781
-0.412781
-0.509506
-0.268478
-0.304001
-0.203445
-0.246521
-0.41275
-0.197433
-0.193573
-0.0967407
-0.0737152
0.0260925
0.00402832
-0.086792

[11]
-0.00117493
0.0204926
0.00758362
-0.00062561
-0.0311127
-0.0267639
-0.0014801
0.0121765
-0.0182648
-0.0353241
-0.0513458
-0.058136
-0.0594177
-0.0404205
-0.078949
-0.137497
-0.112259
-0.15918
-0.187241
-0.222
-0.264343
-0.298767
-0.341049
-0.557526
-0.89035
-1.1515
-0.917633
-0.886139
-0.737289
-0.484192
0.422073
-0.0760345
0.280273
0.399902
0.510605
0.515564
0.498398
0.498505
0.434464
0.3806
0.294235
0.0798187
-0.124588
-0.282272
-0.474991
-0.757507
-0.798996
-0.829468
-0.842407
-0.62529

[12]
-0.464554
-0.35759
-0.260727
-0.235535
-0.155396
-0.191818
-0.375061
-0.282486
-0.267548
-0.185181
-0.115417
0.0440674
-0.060379
-0.0521545
0.0146179
-0.000350952
0.0227814
-0.00469971
-0.0127106
-0.00695801
0.00749207
-0.0278015
-0.0345764
-0.0151672
-0.0368347
-0.0302277
-0.0234222
-0.0746002
-0.123169
-0.135666
-0.159103
-0.178177
-0.223495
-0.265778
-0.346985
-0.472244
-0.871597
-1.09618
-0.851273
-1.03136
-0.705032
-0.75354
0.18306
0.0542145
0.350372
0.389877
0.514221
0.53125
0.547897
0.532333

[13]
0.488602
0.437134
0.348495
0.187653
0.0449677
-0.160507
-0.405579
-0.70314
-0.898575
-1.01701
-0.927292
-0.713867
-0.497482
-0.35817
-0.506195
-0.134186
-0.213547
-0.286133
-0.551559
-0.163208
-0.269714
-0.102936
-0.0930023
0.0798798
0.0145416
-0.0904694
0.00636292
0.0500183
0.039856
0.025177
-0.0153351
-0.0180054
-0.00305176
-0.00299072
-0.0252838
-0.0399628
-0.0425568
-0.0197296
-0.022934
-0.0663757
-0.0858002
-0.12558
-0.149094
-0.167343
-0.162552
-0.18544
-0.248795
-0.305847
-0.401596
-0.607635

[14]
-0.977921
-1.14969
-1.00737
-0.837402
-0.748856
-0.328766
0.346771
0.216705
0.292557
0.492203
0.5242
0.534286
0.484116
0.431274
0.436951
0.381165
0.292099
0.122818
-0.0621338
-0.30098
-0.620148
-0.904739
-0.987518
-0.936279
-0.691803
-0.773788
-0.328308
-0.40834
-0.340256
-0.183273
-0.435455
-0.549408
-0.247635
-0.0327148
0.0652313
-0.136703
-0.0405426
-0.0353394
-0.0663452
-0.0297852
0.017746
-0.0105591
0.0159912
-0.00331116
-0.0474091
-0.00462341
0.0163116
-0.0124054
-0.0263977
-0.0310822

[15]
-0.00543213
-0.0221252
-0.0361786
-0.0672302
-0.117188
-0.118973
-0.195526
-0.188644
-0.258453
-0.265686
-0.348907
-0.48085
-0.756226
-1.11897
-1.1414
-0.902618
-0.655762
-0.613007
-0.0480652
0.196121
0.467163
0.396866
0.531281
0.555984
0.559204
0.522797
0.496979
0.45697
0.400101
0.261047
0.085495
-0.173584
-0.41658
-0.686447
-0.917404
-0.927505
-0.841187
-0.714951
-0.50354
-0.332108
-0.493515
-0.213226
-0.0388489
-0.342316
-0.535049
-0.318573
-0.434753
-0.0502777
-0.0742035
-0.0428314

[16]
0.0228882
-0.0824432
-0.0687256
0.0137482
0.0299072
-0.0236053
-0.0087738
0.013031
0.0122986
0.0105133
-0.0103302
0.0132446
-0.0166321
-0.0450592
-0.0531616
-0.0496674
-0.0636139
-0.116501
-0.129349
-0.151688
-0.130356
-0.159805
-0.200729
-0.236252
-0.278534
-0.397079
-0.637787
-0.885361
-1.01782
-0.966003
-0.754074
-0.665848
-0.154495
0.360474
0.189102
0.27948
0.43222
0.501434
0.539658
0.515823
0.50206
0.479401
0.417374
0.299423
0.07164
-0.153198
-0.36377
-0.663834
-0.923691
-1.05782

[17]
-1.08217
-0.641479
-0.434082
-0.335693
-0.429245
-0.427261
-0.307755
-0.302658
-0.288956
0.0104218
-0.0567017
-0.00814819
0.0506134
-0.0177307
-0.0895081
-0.0288696
0.0328827
-0.0200348
-0.0331573
-0.0280457
-0.0329437
0.0171051
0.0197601
-0.00177002
-0.0152893
-0.0157013
-0.0317078
-0.0494995
-0.0435333
-0.0718231
-0.103821
-0.128723
-0.170029
-0.170654
-0.216675
-0.225082
-0.243378
-0.318207
-0.585922
-0.870361
-0.988785
-0.915634
-0.782928
-0.641037
-0.325104
0.417313
0.0161743
0.353378
0.472458
0.572571

[18]
0.615005
0.582672
0.556076
0.503128
0.447418
0.342911
0.189667
-0.0336151
-0.290359
-0.526993
-0.781082
-0.897766
-0.933594
-0.852341
-0.635483
-0.451309
-0.350327
-0.298187
-0.0982513
-0.293945
-0.426926
-0.549713
-0.305923
-0.154099
-0.0793762
-0.0897675
0.0413055
-0.0796967
-0.0716248
0.000350952
0.0114288
0.00570679
-0.0212708
0.00538635
0.00372314
0.000305176
0.00616455
-0.0291595
-0.0329437
-0.0725708
-0.0634308
-0.053009
-0.1008
-0.117111
-0.0978699
-0.137314
-0.181778
-0.231018
-0.277328
-0.307465

[19]
-0.466324
-0.976654
-1.04387
-0.883896
-0.917587
-0.62088
-0.492935
0.499496
0.269241
0.32135
0.458984
0.51181
0.528442
0.531219
0.497986
0.462738
0.353134
0.148972
-0.0558929
-0.217239
-0.439072
-0.778809
-0.825607
-0.779617
-0.762787
-0.708588
-0.472137
-0.372375
-0.289566
-0.429153
-0.141968
0.00062561
-0.199234
-0.66069
-0.350296
-0.17572
-0.192352
-0.127121
0.00637817
0.0609894
-0.0909882
-0.0155792
0.0085144
0.0110016
-0.0318146
-0.0110474
0.000442505
0.0027771
-0.00471497
-0.0219421

[20]
-0.0150146
-0.0332947
-0.0419159
-0.0522919
-0.0498962
-0.0919952
-0.120148
-0.113571
-0.151947
-0.156555
-0.220108
-0.2668
-0.286865
-0.313217
-0.488922
-0.838394
-1.05399
-0.839417
-0.75235
-0.640167
-0.420197
0.352448
-0.0493774
0.328384
0.495377
0.562775
0.576523
0.535248
0.486221
0.468155
0.427856
0.263794
0.0410767
-0.130997
-0.310562
-0.526443
-0.674347
-0.686127
-0.776962
-0.860519
-0.668732
-0.455856
-0.310501
-0.461334
-0.174561
-0.398148
-0.311493
-0.431183
-0.393509
-0.140854

[21]
-0.107651
-0.118408
-0.10762
0.00572205
-0.0451965
-0.0848083
0.0200195
0.0441742
0.0115967
-0.0241547
-0.0332184
0.00524902
0.00904846
-0.00730896
-0.0202332
-0.0251312
-0.0122375
-0.0310516
-0.0506744
-0.0484467
-0.029892
-0.0998535
-0.103241
-0.142776
-0.15451
-0.181381
-0.203186
-0.246918
-0.298874
-0.352142
-0.531158
-0.899811
-0.990799
-0.800583
-0.758224
-0.704758
-0.341324
0.388351
0.0392303
0.328583
0.468262
0.577774
0.552551
0.546936
0.530258
0.45491
0.374802
0.217728
0.0570984
-0.137802

[22]
-0.378738
-0.557007
-0.712509
-0.740372
-0.78299
-0.764969
-0.531799
-0.360092
-0.324432
-0.208725
-0.336182
-0.0913696
-0.211945
-0.0543518
-0.365265
-0.513367
-0.132584
-0.132645
-0.0451508
-0.0157318
-0.00012207
-0.0578461
-0.056015
0.00299072
0.0093689
-0.0237274
-0.0218353
-0.0136414
0.017395
0.016983
-0.013443
-0.00973511
-0.0254211
-0.0333099
-0.0277863
-0.031189
-0.04039
-0.0456085
-0.0681305
-0.101334
-0.122147
-0.163223
-0.212128
-0.242584
-0.256348
-0.294373
-0.396545
-0.521149
-0.760468
-0.884064

[23]
-0.712601
-0.784286
-0.579758
-0.490784
0.229691
0.287048
0.216324
0.224716
0.48204
0.534531
0.583542
0.517746
0.476028
0.406815
0.332214
0.236618
0.00413513
-0.216125
-0.395432
-0.590973
-0.683411
-0.753479
-0.76059
-0.552429
-0.418335
-0.267105
-0.198303
-0.436859
-0.0972748
-0.24147
-0.211777
-0.42749
-0.298203
-0.167297
-0.0644989
-0.0359039
0.0292053
-0.0350189
-0.069519
0.00279236
0.0146332
0.000473022
-0.019455
-0.0257111
-0.00793457
-0.0045929
-0.0113831
-0.0312195
-0.0396118
-0.0522156

[24]
-0.0510559
-0.0423737
-0.065155
-0.0953827
-0.144287
-0.148239
-0.154663
-0.204422
-0.238174
-0.306931
-0.3508
-0.485764
-0.829102
-1.09651
-0.883621
-1.00867
-0.663651
-0.574783
0.284882
-0.017334
0.379135
0.483292
0.539032
0.561874
0.548645
0.543793
0.474106
0.417999
0.340652
0.190842
0.0207367
-0.205582
-0.436066
-0.643768
-0.762268
-0.746185
-0.732086
-0.652496
-0.508194
-0.420181
-0.436356
-0.255707
-0.319473
-0.19812
-0.408829
-0.334076
-0.196289
-0.0085907
-0.012085
0.0239563

[25]
0.0243225
-0.0138702
-0.0658875
-0.0275269
0.00830078
-0.0168457
-0.0202637
-0.0205078
0.00274658
0.0216675
-0.00570679
-0.0396729
-0.0465393
-0.0207825
-0.0168915
-0.0300903
-0.0535431
-0.0904083
-0.0797577
-0.119125
-0.184998
-0.225342
-0.264603
-0.293549
-0.398438
-0.574127
-0.975647
-1.10274
-0.857605
-0.906906
-0.551758
-0.58493
0.431488
-0.0822296
0.366943
0.414047
0.560028
0.581589
0.57402
0.554565
0.504074
0.441132
0.331863
0.192215
-0.179077
-0.110458
-0.494019
-0.700272
-0.877884
-0.882217

[26]
-0.767899
-0.643372
-0.536377
-0.282227
-0.266632
-0.428635
-0.316025
-0.305603
-0.234375
-0.176437
0.0958862
-0.106735
-0.0905457
0.040329
-0.0518799
-0.0637054
-0.0326233
0.0254059
0.0204926
-0.0333862
-0.0385132
-0.00517273
0.0275421
-0.00894165
-0.0428162
-0.030899
-0.0238495
-0.0317688
-0.0455017
-0.0658569
-0.105911
-0.119888
-0.167572
-0.196228
-0.236252
-0.274475
-0.320267
-0.394333
-0.594955
-0.867661
-1.05324
-0.97403
-0.975052
-0.726913
-0.499573
0.257736
-0.212204
0.177872
0.437943
0.519806

[27]
0.571121
0.561203
0.544525
0.488419
0.453995
0.364243
0.205551
0.0349274
-0.199966
-0.445953
-0.682938
-0.883926
-0.931732
-0.910629
-0.72084
-0.578308
-0.276611
-0.280151
-0.328751
-0.301956
-0.426178
-0.254822
-0.288803
-0.0411224
-0.13884
0.0807037
0.0280609
-0.103668
0.0163727
0.0145264
0.00456238
-0.0101318
-0.0106354
-0.00233459
0.00233459
0.00396729
-0.0144348
-0.0286865
-0.0730133
-0.0377197
-0.0279236
-0.03125
-0.0845032
-0.11261
-0.147812
-0.12529
-0.22435
-0.250793
-0.29213
-0.339447

[28]
-0.427704
-0.677185
-1.0034
-1.0574
-0.957764
-0.741699
-0.659744
-0.248047
0.511322
0.433548
0.243271
0.495117
0.515671
0.544174
0.47876
0.449646
0.370148
0.2836
0.143921
-0.0410767
-0.205078
-0.338043
-0.519012
-0.699463
-0.837601
-0.818909
-0.679016
-0.501709
-0.545593
-0.302155
-0.317505
-0.285721
-0.314819
-0.609665
-0.23172
-0.139771
-0.0281372
-0.14032
0.00704956
-0.00784302
-0.0933075
0.00909424
0.0173492
0.0337372
0.0138702
0.00164795
0.00752258
0.0193481
-0.00733948
-0.0384521

[29]
-0.0353088
-0.0250854
-0.0532379
-0.0387115
-0.0697021
-0.0860901
-0.0997925
-0.143692
-0.158997
-0.217239
-0.285828
-0.30278
-0.372025
-0.532181
-0.867249
-1.01016
-0.861679
-1.02396
-0.691422
-0.567261
0.207504
0.0611877
0.309219
0.383331
0.551285
0.541901
0.549255
0.525574
0.415451
0.328293
0.159805
-0.0592346
-0.231323
-0.48735
-0.739578
-0.838303
-0.861633
-0.800369
-0.697372
-0.466492
-0.337128
-0.228134
-0.24321
-0.161453
-0.30571
-0.275665
-0.707474
-0.238022
-0.235611
-0.0434418

[30]
-0.0710297
0.0376282
-0.0448303
-0.084198
0.0257263
0.0330963
0.0312653
0.00770569
-0.00894165
0.0163269
0.0289917
-0.00248718
-0.0352325
-0.0131531
-0.0166473
-0.0261688
-0.0157166
-0.0442352
-0.0730133
-0.0814362
-0.127731
-0.162735
-0.244522
-0.235931
-0.303879
-0.365387
-0.535919
-0.912048
-0.925262
-0.867172
-0.98967
-0.643448
-0.5392
0.2686
-0.0429993
0.160172
0.385147
0.457962
0.532486
0.539871
0.514252
0.439453
0.410385
0.296936
0.0817261
-0.146057
-0.369843
-0.660202
-0.929001
-1.01889

[31]
-0.98317
-0.740494
-0.475555
-0.295288
-0.284698
-0.325226
-0.352036
-0.378052
-0.356873
-0.278549
-0.0855103
-0.14447
-0.0458984
0.098877
0.019104
-0.0629578
-0.0100403
0.0168457
0.0348816
0.0158234
-0.0037384
-0.0112
0.0114899
0.00595093
-0.0131836
-0.0179443
-0.0370331
-0.0564423
-0.0334015
-0.0231628
-0.0810242
-0.123276
-0.134537
-0.15097
-0.225922
-0.264984
-0.293488
-0.429184
-0.59227
-1.02225
-1.11595
-0.970703
-0.995621
-0.621048
-0.381134
0.534256
-0.052887
0.304886
0.538666
0.610794

[32]
0.613235
0.61174
0.607681
0.551498
0.481476
0.315567
0.115341
-0.117722
-0.330551
-0.556885
-0.67215
-0.799408
-0.805145
-0.740234
-0.599869
-0.428314
-0.373749
-0.40065
-0.21225
-0.149353
-0.318634
-0.528946
-0.198242
-0.326782
-0.163162
-0.107529
0.0256195
-0.0272827
-0.110291
0.0484467
0.0315247
0.0392609
0.0308838
0.010498
0.0232697
0.0467682
0.0281372
-0.0245819
-0.0661926
-0.0609283
-0.0294952
-0.00727844
-0.0426025
-0.0794678
-0.0809631
-0.123535
-0.204254
-0.236725
-0.205032
-0.352631

[33]
-0.424408
-0.730789
-1.08383
-1.10378
-1.06018
-0.828949
-0.556015
-0.21077
0.561447
0.345245
0.348114
0.529404
0.560852
0.583588
0.568344
0.520447
0.470871
0.411713
0.284164
0.10321
-0.0898285
-0.268463
-0.456619
-0.661789
-0.777023
-0.761536
-0.652328
-0.571472
-0.367889
-0.369308
-0.298569
-0.336075
-0.349487
-0.473022
-0.382599
-0.241531
0.0408173
-0.0713806
-0.0763397
0.0532074
-0.0816193
-0.0432587
0.0119476
0.0921631
0.000167847
-0.086441
-0.0561371
0.00796509
-0.00532532
0.00798035

