[1]
0.0995789
0.105133
0.0615082
-0.118576
-0.273697
-0.688751
0.018692
-0.0797272
-0.574646
-0.84964
-0.0471802
-0.141708
0.255371
0.00976562
0.039917
-0.0235901
-0.00762939
-0.0667419
-0.163269
-0.225235
-0.246231
-0.100815
0.0759125
0.00526428
-0.261353
-0.278732
-0.337265
-0.447235
0.647034
0.812592
0.180222
0.911926
0.339432
0.712494
0.290497
0.158325
-0.138306
-0.215424
-0.0532227
0.116531
-0.000213623
0.0143738
0.0345306
0.0188141
0.0388641
0.00556946
-0.106766
-0.0530243
0.0661316
0.207626

[2]
0.165375
0.0895081
0.00909424
0.00285339
0.0380859
0.0616608
-0.0732422
0.0716248
0.11673
0.0382233
-0.0924835
-0.0630646
-0.305099
-0.718765
0.0756073
-0.39502
-0.567871
-0.502991
-0.199478
-0.472504
0.113586
0.0836945
0.101791
0.122849
0.0547333
-0.009552
-0.0587158
-0.0304108
0.000320435
-0.0257416
0.180161
0.281845
-0.10701
-0.353088
-0.539856
0.381149
0.946213
-0.205734
-0.551422
0.951904
0.379028
0.362015
-0.00408936
-0.357727
-0.0558014
-0.18187
-0.0164032
0.160172
0.126633
-0.135376

[3]
-0.135086
-0.0505371
0.077179
0.136353
0.0306854
-0.0405273
0.0565186
0.0963745
0.153488
0.0647736
0.0372009
0.00636292
-0.0762787
0.0168762
0.188583
0.170502
-0.067688
-0.323822
-0.78093
-0.193314
-0.137589
-0.640152
-0.874863
-0.07164
-0.212219
0.318832
0.122711
0.0375061
-0.00732422
0.00923157
-0.0249786
-0.0755157
-0.0632629
0.00224304
0.0267181
-0.1064
0.144745
0.140594
-0.186569
-0.185867
-0.244919
0.379623
0.0360413
-0.458832
0.871231
0.341888
-0.253647
-0.0488586
-0.293823
0.00259399

[4]
0.0121002
0.127396
-0.057373
0.0863342
-0.0730133
-0.0504456
0.100433
0.132339
-0.0236969
-0.0548096
0.0322876
0.0963745
0.019455
-0.0163116
0.00769043
0.115433
0.151871
-0.0237885
-0.0218658
0.0482788
0.0801392
-0.00146484
-0.184967
-0.585434
0.136139
-0.616684
-0.788712
-0.596771
-0.413345
-0.315292
0.0610352
-0.0227814
0.0171509
0.0650024
0.0505676
-0.0174866
-0.0946503
-0.0887146
0.00128174
0.0382538
0.012207
0.40686
0.116928
0.150177
-0.0695648
0.343262
0.46991
-0.394272
-0.0182037
0.752319

[5]
-0.129456
0.318024
-0.346664
-0.0386658
-0.0622559
-0.0104065
0.106339
0.0142822
0.00672913
-0.125534
0.0119171
0.0829468
0.11676
-0.00436401
0.014801
-0.0263672
0.0177765
0.0594482
0.0595703
0.00671387
0.049469
0.0741577
-0.0191498
0.0103455
0.0472717
0.0263519
-0.0761414
-0.304932
-0.534637
0.156631
-0.48082
-0.645782
-0.676331
-0.466858
-0.270889
0.150879
0.0170288
-0.0693359
-0.0273743
-0.0362091
-0.0795898
-0.160019
-0.112289
-0.123108
-0.101135
0.137131
0.256775
-0.138779
-0.164688
-0.290436

[6]
-0.197708
1.06111
0.158646
-0.563965
1.0731
0.548279
-0.0961761
-0.0270844
-0.347549
0.170288
-0.0329132
0.0562592
0.04599
0.0170441
-0.0598755
-0.181641
-0.0455933
0.187057
0.0726471
0.100433
-0.0440979
0.0279694
0.0384064
0.0640411
-0.00813293
0.0496674
-0.053833
-0.0689697
0.0126343
0.143997
0.170807
-0.124329
-0.32338
-0.759308
-0.221222
-0.253662
-0.509583
-0.656586
-0.173859
-0.227081
0.201248
0.0437622
-0.0381317
0.0336761
-0.0314789
-0.0992279
-0.0975494
-0.0149078
0.0477142
0.0572052

[7]
0.00177002
0.186218
0.0968323
0.108093
-0.0705566
-0.0691071
0.797287
0.202347
-0.353271
0.631897
0.724121
0.0564575
0.228745
-0.393967
-0.0456696
-0.0313721
0.0648651
0.0858154
0.0440063
-0.0631256
-0.166504
-0.0834198
0.0871582
0.116577
0.037674
-0.0114899
0.0207977
0.0988617
0.0567474
0.0827789
0.105698
-0.0877533
0.00221252
0.0114441
0.0850983
0.157394
0.0384216
-0.126633
-0.330719
-0.900314
0.173431
-0.472275
-0.808044
-0.333435
-0.215424
-0.0739441
-0.178986
-0.0664673
-0.0608826
0.0435791

[8]
0.0556488
0.0460663
0.00254822
-0.00778198
0.0529938
-0.0852356
0.23114
0.270386
0.2202
-0.0126343
-0.106949
0.598953
0.137436
-0.584229
0.633987
0.663422
-0.410858
0.0476532
-0.0637817
0.0674133
-0.167023
0.0159149
0.109955
0.0478668
-0.135193
-0.076416
0.0872803
0.167297
0.0138397
-0.0183716
0.0516815
0.0341492
0.0791016
0.0881348
0.0965881
0.0297089
0.0977325
-0.00518799
0.0246735
0.103394
0.0229034
-0.228348
-0.337631
-0.795776
0.400558
-0.472504
-0.821091
-0.573212
-0.333725
-0.437088

[9]
0.00285339
-0.079895
-0.0695496
-0.0597229
0.025528
0.00357056
-0.059494
-0.119461
-0.0600433
-0.0802917
-0.0526428
0.208832
0.165115
0.089325
-0.105621
0.460327
0.823059
-0.241455
-0.701569
0.956375
0.332352
0.0929413
-0.225555
-0.168137
0.0693665
-0.13031
-0.0174408
0.187103
0.0298157
-0.121353
-0.0877991
0.0340424
0.108597
0.0812988
-0.0195007
0.00549316
0.0661926
0.0749054
0.0514069
0.0151825
0.0901489
0.104431
0.0721893
0.0856323
0.0674744
-0.0216827
-0.152588
-0.305069
-0.770889
0.176605

[10]
-0.464233
-0.786438
-0.524902
-0.11911
-0.218399
-0.142471
0.0725098
0.0321198
-0.0342102
-0.048233
0.0275116
-0.00488281
-0.0146179
-0.0128479
-0.0754089
0.269867
0.141342
-0.133942
-0.311478
-0.18663
0.740326
-0.192291
-0.672928
0.788818
0.734421
-0.145599
0.288361
-0.463287
0.101486
-0.148117
0.110809
0.193634
0.0548859
-0.137894
-0.158005
0.0283966
0.0986328
0.0890198
-0.0246887
-0.00260925
0.067215
0.064743
0.0922089
0.061142
0.0590363
0.0248108
0.0141144
-0.0130005
0.166214
0.155365

[11]
-0.0121155
-0.194748
-0.653458
0.370193
-0.473877
-0.828018
-0.751068
-0.211319
-0.524979
-0.00793457
-0.173172
-0.00212097
-0.00367737
0.0144043
0.016037
-0.00457764
-0.026001
0.00135803
-0.0673981
0.0467377
0.377136
0.310516
0.148148
-0.223114
-0.0883636
0.567322
-0.0530701
-0.406494
0.619492
0.600281
-0.0830078
0.117355
-0.480072
0.131622
0.00564575
0.155121
0.0835114
-0.00308228
-0.0994415
-0.156998
0.0271912
0.0882416
0.0391083
-0.0703583
-0.00430298
0.11705
0.0513458
-0.0129242
0.0945587
0.100876

[12]
0.120392
-0.0269623
0.0164185
0.0314331
-0.143387
-0.271423
-0.721863
-0.210571
-0.38588
-0.847427
-0.719528
-0.515747
-0.0843964
0.233444
-0.00262451
-0.0808258
0.0104523
-0.0462036
-0.0977478
-0.11731
-0.0419006
0.0188904
-0.0315094
0.170776
0.272247
-0.0292206
0.0646973
0.115723
0.413498
0.735718
0.270996
-0.753296
0.810684
0.210815
0.140839
-0.241989
-0.075882
0.195953
-0.0341034
0.0667267
0.0950317
-0.0424194
-0.157669
-0.124756
0.12114
0.113647
-0.0169067
-0.04599
0.0498352
0.125168

[13]
0.0901794
0.00157166
0.0900116
0.0636292
-0.0158386
-0.0516663
0.0562439
0.165131
-0.0190277
-0.181076
-0.634659
-0.34639
-0.376114
-0.594452
-0.672791
-0.180069
-0.395126
0.148605
-0.0530396
0.00170898
0.0259399
0.0067749
-0.0307159
-0.0532227
-0.026001
0.0415802
-0.0677643
0.077713
0.181137
-0.025528
0.103989
-0.0440216
0.47641
0.416885
0.117859
-0.13063
0.776657
-0.0867767
0.12709
-0.34021
0.0441437
0.0976868
-0.0691528
0.0911865
0.017746
-0.0183868
-0.0500488
-0.164383
0.0273285
0.146713

[14]
0.106186
-0.0098114
-0.0248718
0.0122375
0.0240326
0.0793915
0.0438843
0.0690002
0.0122223
0.0353851
0.0795898
0.112122
0.0410156
-0.145584
-0.154739
-0.529694
-0.17453
-0.0305328
-0.494247
-1.05762
-0.338409
-0.221252
-0.0462341
-0.109909
0.0100555
-0.0510712
-0.0473328
-0.02771
0.0155792
-0.019516
-0.0195618
-0.0122528
-0.0699768
0.091568
0.344543
0.084137
-0.0785522
0.130615
0.825668
-0.40625
-0.604553
0.72226
0.346695
-0.0990906
-0.227936
-0.0973816
0.0896149
-0.0447388
0.000396729
0.0343628

[15]
0.00294495
-0.15654
-0.148651
0.0346375
0.12883
0.0815735
0.0163727
0.0306702
0.0227509
0.0493011
0.068512
0.0602875
0.0457764
-0.0410614
-0.0460968
0.152664
0.234085
0.0563202
-0.228989
-0.672333
-0.716965
0.0828247
-0.788315
-0.914444
-0.0600281
-0.33757
-0.193527
-0.117584
0.104599
0.0126953
-0.0610504
-0.0515289
0.0534058
0.0815125
0.0551453
0.101135
-0.0554199
0.422714
0.262863
0.0794067
-0.250977
-0.00358582
0.436646
0.102768
-0.781967
0.83313
0.192245
-0.100113
-0.253372
-0.234619

[16]
0.0857697
-0.0506439
0.172134
0.0764618
-0.0319672
-0.191422
-0.175781
0.0402832
0.19841
0.101303
-0.0693512
-0.0568085
0.043869
0.0493774
0.0253601
-0.0460052
-0.0158997
0.114532
0.123718
0.151169
-0.0220032
-0.263596
-0.406281
-0.829254
0.240646
-0.651581
-0.840179
-0.561447
-0.17746
0.0249176
-0.233139
-0.0781555
-0.0457764
0.0236053
0.00177002
-0.000930786
0.0110168
0.0379639
0.0743866
0.0791321
-0.181473
0.209702
-0.043457
0.0494995
0.0245056
0.794785
-0.129654
-0.166092
0.204803
0.750504

[17]
-0.162415
0.222397
-0.272736
0.0216217
0.0247955
-0.0666351
0.0476379
-0.0280457
-0.11438
-0.101105
0.0236359
0.0978699
0.124588
-0.0794983
-0.0172119
0.0550842
0.0721436
0.0712585
0.0372925
-0.00494385
-0.0758362
-0.0167236
-0.0583649
0.0419769
0.17746
0.0087738
-0.250671
-0.426926
-0.805237
0.131805
-0.690506
-0.834839
-0.362244
-0.406631
-0.0407104
0.0321198
-0.00683594
-0.00608826
-0.0426025
-0.0744171
-0.0359192
-0.0271454
-0.0279236
0.0327759
-0.0276031
0.0845337
0.223526
0.00875854
-0.0719452
-0.28981

[18]
0.973633
-0.0400238
-0.788742
0.543457
0.861603
-0.168594
0.413528
-0.238144
0.0354462
-0.128357
0.015564
0.133438
-0.0221252
-0.0651245
-0.14212
-0.0407257
0.0725861
0.0928497
-0.0102539
0.0198059
-0.00872803
0.0154724
0.0607758
0.0122223
0.0153351
-0.0326691
-0.0503693
-0.029007
0.210251
0.120224
-0.12529
-0.425583
-0.833954
0.0465393
-0.263519
-0.633713
-0.734634
-0.2211
-0.448502
0.178406
-0.0338135
0.00360107
-0.0387268
-0.0508575
-0.0308533
-0.0366821
-0.0718231
-0.00415039
-0.0414124
0.0197296

[19]
0.259857
-0.0897522
0.035141
0.270416
0.582977
0.388672
-0.0843048
-0.716019
1.03473
0.276443
0.307602
-0.158401
-0.2612
-0.0426331
-0.151215
0.0584564
0.117905
0.142624
-0.0610504
-0.108795
-0.0682678
0.0143585
0.0559235
-0.00712585
-0.0140228
0.0162659
0.0542908
0.109818
0.122391
0.150864
-0.064209
-0.090683
0.21225
0.194794
-0.0984497
-0.299271
-0.859253
-0.292953
-0.0747681
-0.664169
-1.07982
-0.0237885
-0.558289
0.263657
0.017395
0.0508881
-0.0522919
-0.0890961
-0.123795
-0.129517

[20]
-0.114578
-0.131638
-0.15889
-0.186218
-0.030365
-0.0254517
0.351242
-0.0964813
0.148071
0.366211
0.157211
0.153351
0.996765
-0.12114
0.179535
-0.540649
0.246338
-0.199905
0.0640564
0.122177
-0.0524292
-0.0270996
-0.171936
0.000854492
0.12178
0.129395
0.0522156
-0.0650177
-0.00296021
0.0705872
0.0808258
0.0177307
0.104523
0.0341949
-0.0835876
-0.00088501
0.262161
0.147614
-0.0799866
-0.400803
-0.738312
0.248489
-0.572418
-0.778183
-0.556534
-0.213455
-0.241638
-0.11676
-0.0276489
-0.0307159

[21]
-0.0180511
-0.0372467
0.0184784
-0.0010376
-0.0338898
0.0108032
-0.129257
0.492676
0.212753
-0.100677
0.0124054
0.554184
0.633591
-0.0796814
-0.646851
0.621262
0.900818
-0.0125732
0.0687256
-0.456573
0.313934
-0.137802
0.0653229
0.121445
-0.0224152
-0.109909
-0.134262
0.0259399
0.0605316
0.015625
-0.0192413
0.0438995
0.0763702
0.10849
0.0538635
0.0496979
-0.0728455
-0.0177307
-0.0423584
0.0503845
0.251236
0.115433
-0.136703
-0.355927
-0.94783
0.0866852
-0.202774
-0.53862
-0.452072
-0.176254

[22]
-0.656235
0.0927429
0.0400391
0.0203857
-0.0400696
-0.067276
-0.0313568
-0.00592041
-0.0364227
-0.0730591
-0.086319
0.0917206
0.0720215
0.0565948
0.147202
-0.0198517
0.41066
-0.188766
-0.299286
0.892349
0.582825
-0.0554352
-0.247101
-0.340179
0.259903
-0.0703278
-0.00480652
0.119858
0.049118
-0.151428
-0.201233
-0.0510864
0.129166
0.203125
-0.00695801
-0.0769806
-0.00602722
0.0217438
0.061203
0.0254059
-0.0154724
0.0603333
-0.0106049
0.0583038
0.180084
-0.0629883
-0.299316
-0.399475
-0.503174
-0.125778

[23]
-0.518463
-0.876144
-0.233368
-0.179306
0.166397
0.0366211
-0.00160217
-0.00546265
-0.00547791
-0.0858154
-0.0933685
-0.0854034
-0.055954
-0.0496674
-0.11409
-0.015564
-0.0318298
0.173752
-0.00949097
0.666382
0.495193
-0.577087
0.905411
0.635162
-0.181564
0.0818939
-0.204941
0.139816
-0.134064
-0.001297
0.102844
0.0426178
-0.0532379
-0.16806
-0.0460663
0.13916
0.186844
0.00578308
-0.0358734
-0.0153961
0.0386963
0.0470123
-0.016861
-0.102295
-0.00234985
0.0229492
0.183929
0.26268
-0.0383453
-0.300598

[24]
-0.697449
-0.610046
-0.231201
-0.387344
-0.765366
-0.193741
-0.142349
0.346909
0.0222473
-0.0808105
0.0135803
-0.0409546
-0.0323334
-0.0190887
-0.0032196
0.0636902
0.0874176
0.0489807
0.120834
0.0730438
0.105942
-0.101685
0.614441
0.120667
-0.617599
0.90361
0.739151
-0.111847
-0.0383911
-0.179291
0.158188
-0.151276
-0.0251312
0.0588226
-0.0224304
-0.0635834
-0.133423
-0.0224152
0.0543213
0.0751648
0.0359039
-0.0020752
0.0569611
0.0473175
0.0438843
0.0439758
0.0518646
-0.040741
-0.0206604
0.0971832

[25]
0.223785
0.0561676
-0.115402
-0.684723
-0.563538
0.107162
-0.596008
-1.09137
-0.51416
-0.211563
0.182785
-0.0571747
0.0360718
-0.0307617
-0.0393524
-0.0661621
-0.10202
-0.187561
-0.146515
-0.119919
0.0198364
0.190948
0.0440216
-0.0452728
-0.320801
0.00502014
0.762253
0.00184631
-0.567871
1.01019
0.477356
0.0264435
-0.300049
-0.242798
0.0989075
-0.114761
0.138855
0.163773
-0.0203094
-0.126755
-0.132889
0.0316467
0.128525
0.0928345
-0.00720215
0.0248871
0.065567
0.0374298
0.0414429
-0.0538635

