[0]
2.14542
2.14542
-0.545456
-0.0584106
0.401642
1.32198
1.70702
1.76747
1.8114
1.83002
1.81264
1.76431
0.67337
1.58815
-1.87854
-0.839859
0.0206757
0.57576
0.581726
-0.836823
-2.43103
-2.55316
1.40204
0.01474
-2.33623
-2.39047
-1.56201
-1.89235
-2.39755
-2.57318
-2.2554
-0.938217
-0.165085
-0.0161743
-0.323883
-0.656219
-0.427109
-0.0504913
0.995575
1.76738
1.8476
1.91096
1.94928
1.93404
1.85298
1.71266
-2.36653
-0.857819
1.45926
1.39201

[1]
0.472076
-0.955185
-1.70613
-2.62494
0.514771
1.36192
-2.71561
-2.77533
-0.660309
-1.58601
-2.93909
-2.92929
-2.90405
-2.16229
-1.07103
-0.144226
-0.149231
-1.53
0.151794
-0.890808
-0.337448
1.11807
1.88078
1.98851
2.09792
2.16907
2.12808
1.97896
-0.192017
1.7393
-2.03932
0.0241699
1.03876
0.446304
-1.83482
-2.61974
-0.303192
1.38298
-2.48033
-2.53677
-1.26785
-0.40509
-2.92406
-2.94472
-2.93886
-2.92171
-1.15425
-1.04616
-0.223373
-0.87915

[2]
-1.00813
-0.486557
-0.469193
0.828033
1.9015
2.00682
2.11252
2.16948
2.10553
1.97182
-2.17598
1.71445
1.61896
1.52296
0.0924225
-1.60236
-2.59807
-0.566544
1.4131
1.04955
-1.71797
-1.33551
-0.293167
-2.56358
-2.93887
-2.94768
-2.94318
-1.4198
-1.21207
-0.115829
-0.790054
-1.50778
-0.268158
-0.796753
0.687393
1.97038
2.09355
2.20389
2.27924
2.24713
2.13873
-1.99712
1.83897
1.7094
0.755768
-0.222839
-0.851532
-1.88361
-2.53346
-0.327606

[3]
1.45532
-1.49054
-2.27455
0.343887
-0.429718
-2.91045
-2.93118
-2.9333
-2.51764
-1.33823
-0.135574
-0.754395
-0.889404
-0.577728
-1.19098
-0.758301
1.05675
2.04544
2.15503
2.24232
2.32079
2.25864
1.36186
2.02264
-2.04436
1.85786
1.7588
1.66835
0.872665
-2.09361
-2.49506
-0.0188599
1.16783
-0.537735
-1.45284
-1.05753
-0.576614
-2.59929
-2.90421
-2.92831
-2.9324
-1.01752
-1.36081
-0.318344
-1.25677
-0.373459
-0.847275
-0.51181
0.325439
2.02194

[4]
2.19431
2.27582
2.32176
2.27817
2.14693
0.811493
2.08038
1.56311
-2.09323
0.0145264
0.838516
-1.13092
-2.43251
-1.83154
1.40857
1.48352
-0.791199
-1.51112
-0.859879
-1.56894
-2.81628
-2.87294
-2.89803
-1.83075
-0.821564
0.103745
-0.57254
-0.656067
-0.493927
-0.809448
-0.488892
1.13763
2.15375
2.23477
2.29327
2.29625
2.2128
1.06274
2.10852
-1.90245
-2.02519
-0.12146
0.738022
-0.65567
-2.37233
-2.39722
1.60007
1.55382
-1.4996
-1.09937

[5]
-0.558289
-1.3419
-2.76733
-2.832
-2.86383
-2.08676
-1.21191
-0.414398
0.116776
-0.82338
-0.103699
-0.717133
-0.254333
0.970596
2.14119
2.2348
2.32245
2.34604
2.24359
1.50385
2.09572
-1.91159
1.9975
1.83075
1.82156
1.18344
-2.35432
-2.39783
-1.69383
1.08203
1.21461
-0.609299
-1.19893
-0.761627
-2.12448
-2.70151
-2.77827
-2.53206
-0.598557
-0.711456
-0.227692
-0.779236
-0.392365
-0.233994
-0.233093
1.02654
2.17636
2.27322
2.34877
2.39348

