[1]
0.017807
-0.0108185
0.00819397
0.00843811
0.00257874
0.0116272
-0.00259399
0.0222778
0.0159454
0.0578918
0.0211639
0.0154724
0.0297394
-0.0193481
-0.0758057
0.105453
0.143295
0.10968
-0.12117
-0.346863
-0.164047
0.059433
0.12056
0.131729
0.184143
0.237808
0.226791
0.267273
0.248016
0.225006
0.167877
0.11496
0.0633545
0.00802612
-0.0698853
-0.128067
-0.203903
-0.235947
-0.274811
-0.296982
-0.317459
-0.30162
-0.26326
-0.228882
-0.259872
-0.330627
0.295303
0.622971
0.0953979
0.15416

[2]
-0.074234
-0.360596
-0.346634
-0.00450134
-0.0493622
-0.0797119
0.0301514
0.051651
0.0196686
-0.0946198
-0.0758972
0.0430603
0.0889893
0.0364532
-0.0693359
0.00151062
0.0175018
0.0255737
0.0104065
-0.0155029
-0.0199432
0.0273132
0.0231018
0.011734
0.036499
0.0427551
0.0494232
0.0879211
0.115738
0.084671
-0.067215
-0.0121307
0.13118
0.238388
0.304214
0.328659
0.328049
-0.0557098
-0.223267
-0.0809479
-0.115952
-0.081604
0.246674
0.347916
0.330338
0.326065
0.262009
0.193649
0.138718
0.079071

[3]
0.0795593
0.0467682
-0.0222168
-0.190765
-0.37529
-0.404938
-0.487778
-0.492294
-0.574829
-0.714844
-0.68895
-0.710938
-0.646973
-0.570679
-0.143036
0.645599
0.228928
0.0318756
0.0439301
-0.318329
-0.461945
-0.121643
-0.0467224
-0.0911865
0.0420837
-7.62939e-05
-0.0185089
-0.0439301
-0.0090332
0.0523376
0.0171967
-0.02005
-0.0372467
-0.049118
0.00387573
0.089035
0.104568
0.0357513
-0.0220184
-0.012558
0.0394287
0.0727081
0.0443115
0.0208282
0.062149
0.1073
0.117722
0.0432129
0.0133972
-0.0395203

[4]
0.0868988
0.25177
0.39537
0.339218
-0.316116
-0.300644
0.0627594
-0.0530548
-0.0169525
0.223846
0.271591
0.217621
0.188843
0.202637
0.175537
0.0862579
-9.15527e-05
-0.0124207
-0.0349426
-0.10759
-0.205399
-0.464752
-0.747482
-0.799026
-0.889359
-1.05333
-0.944077
-0.950974
-0.535339
1.24414
0.197403
-0.0458069
-0.246002
-0.482971
-0.34433
0.00367737
0.0352631
0.0285339
0.0366058
-0.00968933
-0.0678101
-0.118103
0.038208
0.106491
0.0625458
0.00201416
0.0146332
0.0169067
0.0399323
0.030899

[5]
0.00837708
0.0020752
0.0433197
0.0514221
0.0873108
0.10585
0.117813
0.132401
0.0800171
0.0440521
0.0248413
0.0343475
0.0247803
0.18248
0.417389
0.373642
-0.0700226
-0.304764
0.0262451
-0.132294
-0.0249023
0.305206
0.336304
0.274048
0.218903
0.135315
0.147446
0.152939
0.0691681
0.00305176
-0.0383759
-0.0627289
-0.191757
-0.353363
-0.512589
-0.691605
-0.791595
-0.966263
-1.08568
-0.967804
-0.327911
1.26387
0.0148773
-0.247131
-0.286819
-0.187729
-0.118668
0.000244141
-0.0452271
-0.0179291

[6]
0.0693359
0.0339508
-0.0563507
-0.110611
0.0107727
0.109009
0.101196
-0.00192261
-0.0545197
-0.0112915
0.0584869
0.0545959
0.0453033
0.0189972
-0.00279236
0.0365753
0.0582886
0.0893707
0.0952911
0.158371
0.143906
0.0549011
0.0347748
-0.0197296
-0.00827026
0.0924835
0.474548
0.593994
0.350067
-0.0711975
-0.276123
0.0185394
-0.134491
-0.122604
0.303757
0.260971
0.227066
0.162888
0.10054
0.104263
0.0670471
-0.0164185
-0.0513763
-0.0574493
-0.0868988
-0.203659
-0.473175
-0.742203
-0.920456
-0.808823

[7]
-0.75238
-0.917618
-0.882233
-0.281219
1.15553
0.210831
-0.114288
-0.360458
-0.29631
-0.16745
-0.167618
-0.0035553
-0.0204315
0.0362244
0.0557861
-0.0120087
-0.129715
-0.0596008
0.0799255
0.126312
0.0437317
-0.05336
-0.0416565
0.0210114
0.0598755
0.0446472
0.0215912
0.00320435
0.0315552
0.0622406
0.0549164
0.0394135
0.0786896
0.0780182
0.10817
-0.0293732
-0.0581512
0.0217133
0.0927429
0.224411
0.412827
0.470001
0.182114
-0.135147
-0.112656
0.0466003
-0.282669
0.157684
0.273224
0.291107

[8]
0.255707
0.20285
0.167099
0.144058
0.0910339
0.0389252
0.016983
-0.0154266
-0.0759735
-0.265259
-0.537308
-0.60849
-0.691635
-0.875504
-0.999481
-0.888184
-0.334152
-0.0403595
1.02121
0.152054
-0.192017
-0.480453
-0.289825
-0.121078
-0.0748596
0.00276184
-0.00831604
0.0167389
0.0390472
0.0416412
-0.0506744
-0.078064
0.0651855
0.06633
0.0268097
-0.0513458
-0.0549622
-0.0366974
0.0283813
0.0332184
0.00367737
0.0187683
0.0343018
0.0200806
0.0542145
0.0506439
0.0315704
0.0415802
0.0497131
0.0595245

[9]
-0.0261841
-0.0145111
0.0649719
0.193024
0.280411
0.469543
0.387466
0.0788574
-0.25853
-0.089386
-0.0494995
-0.205063
0.239578
0.277557
0.232666
0.166077
0.122284
0.120148
0.101929
0.0555115
0.0233307
-0.0229797
-0.0671539
-0.17598
-0.413712
-0.661209
-0.820892
-1.04045
-1.04716
-0.715942
-0.698547
-0.172852
0.826141
0.747864
-0.199921
-0.472794
-0.241821
-0.226685
-0.102158
0.00463867
0.0127563
-0.0314789
0.0188293
-0.0606232
-0.13176
-0.0705872
0.105835
0.081955
0.0236359
-0.0445557

[10]
-0.0430756
-0.0130615
0.0275879
0.017334
0.0136414
-0.00840759
0.0130005
0.0323639
0.0372009
0.0505219
0.0287933
0.0496826
0.0333252
0.114822
0.0292053
-0.000289917
-0.0644073
0.0381012
0.1745
0.536133
0.469742
0.189301
-0.306854
-0.18454
0.0117645
-0.174042
0.251984
0.307541
0.242477
0.204376
0.148102
0.0985718
0.0911102
0.0366364
-0.0238647
-0.0717621
-0.12912
-0.279022
-0.511108
-0.800751
-1.16087
-1.18013
-0.75708
-0.774887
-0.717178
-0.292953
1.16042
0.668747
-0.290955
-0.359512

[11]
-0.357178
-0.199234
-0.164413
0.0106049
-0.00990295
0.0357819
0.0706177
-0.0441437
-0.191864
-0.101868
0.0942688
0.0995178
-0.0109863
-0.0984802
-0.0633545
0.024826
0.0294037
-0.0106964
-0.0255737
-0.0229797
-0.00283813
0.0151367
0.0470581
0.0368652
0.0186157
0.0436249
0.100403
0.0283966
0.0119781
-0.0221405
0.0661163
0.210999
0.322876
0.361008
0.0967712
-0.150711
-0.0881958
-0.0714569
-0.170959
0.198822
0.274857
0.261078
0.222137
0.17276
0.149048
0.122833
0.0773773
-0.00428772
-0.0682373
-0.116302

[12]
-0.234238
-0.544022
-0.863388
-1.04573
-1.11218
-0.944061
-0.46463
-0.635712
-0.139114
0.259842
1.43378
0.509857
-0.326279
-0.42247
-0.221802
-0.168991
-0.0249786
-0.0155182
0.0289612
0.0375214
-0.0702515
-0.108078
-0.13475
0.0270538
0.120956
0.0370331
-0.098175
-0.0664825
-0.0083313
0.0524139
0.0138245
-0.0220337
-0.00489807
0.0022583
0.0232849
0.0132904
0.0292358
0.0175018
0.0186768
0.0793457
0.0122833
0.00227356
-0.0246429
0.0331116
0.0554962
0.154434
0.373596
0.428894
0.269669
-0.149918

[13]
-0.18924
-0.00697327
-0.238464
0.117706
0.243042
0.266129
0.223618
0.198883
0.171585
0.142288
0.120621
0.143127
0.112305
0.0588379
-0.134674
-0.302643
-0.610046
-0.825699
-1.08664
-1.09523
-0.839859
-0.717941
-0.456985
1.13667
0.390549
-0.897263
-0.202957
0.024826
-0.149185
-0.0814362
-0.0654297
-0.0161591
0.0232544
-0.0945282
-0.0775299
-0.00927734
0.0480347
0.0105286
-0.0269318
-0.025116
-0.0150909
0.00582886
-0.00732422
-0.00874329
-0.0291901
-0.0144653
0.0139465
0.0462494
0.0384674
0.0642853

[14]
0.111099
0.138885
0.077713
-0.0251312
-0.0484924
-0.0096283
0.0336761
0.174545
0.418335
0.312302
-0.117584
-0.22644
0.0548706
-0.268387
-0.218292
0.294693
0.296234
0.272217
0.195435
0.142899
0.125381
0.0668945
0.0413971
-0.0125732
-0.0934906
-0.173157
-0.396667
-0.68457
-0.924942
-0.935287
-0.891907
-0.997849
-0.909195
-0.91243
0.864014
0.0453644
-0.130508
-0.454529
-0.382721
-0.154556
-0.0852661
0.00119019
-0.113052
0.000549316
0.0098877
-0.0499573
-0.127747
-0.0591431
0.0563202
0.0779877

[15]
-0.0187836
-0.0824585
-0.0085144
0.0232086
0.0171814
-0.0240326
-0.017807
-0.00361633
-0.00616455
-0.0040741
0.0184631
0.00657654
0.114487
0.0791016
-0.029892
-0.0293732
0.0600128
0.17662
0.471436
0.524704
-0.073349
-0.363983
-0.0635071
-0.0998688
-0.10878
0.115509
0.23764
0.238144
0.271286
0.247711
0.162506
0.0884552
0.0184937
-0.00164795
-1.52588e-05
-0.0578461
-0.22197
-0.453537
-0.573578
-0.765717
-0.852921
-0.845551
-0.695343
-0.2668
0.111923
1.11345
0.3526
-0.240707
-0.172699
-0.321838

[16]
-0.209671
-0.0345306
-0.0642548
-0.0561981
0.0141754
-0.0107117
-0.110245
-0.0654449
0.0891113
0.0378265
-0.0301666
-0.0458374
-0.00485229
-0.00111389
0.00915527
-0.00814819
-0.00627136
-0.0163727
0.0168304
-0.00569153
0.023941
0.0426483
0.0485077
0.0939941
0.123032
0.0325928
-0.0101013
-0.0363617
0.104294
0.232635
0.395645
0.244125
-0.124115
-0.0955048
0.0739746
-0.114716
0.198074
0.266083
0.283951
0.260712
0.292542
0.22757
0.109406
0.030426
0.00585938
-0.0448303
-0.0953064
-0.219299
-0.396729
-0.615616

[17]
-0.863556
-0.808044
-0.652969
-0.921097
-0.892151
-0.73587
1.14258
0.4944
-0.0129089
-0.359528
-0.605423
-0.254974
-0.0896454
0.019165
-0.0981598
0.0257874
0.00642395
-0.049118
-0.127075
-0.146149
0.0067749
0.0866089
0.0522156
-0.0578308
-0.0834351
-0.0209656
0.0330353
-0.00732422
-0.0535126
-0.0559692
-0.000473022
0.0263062
0.0321503
0.0336609
0.0718079
0.0700836
0.0294037
0.0115509
-0.000976562
-0.0472412
0.0940247
0.349594
0.467468
0.209824
-0.151733
-0.150635
0.0102997
-0.230652
0.263657
0.303909

[18]
0.274918
0.212875
0.180695
0.166428
0.126358
0.0566254
-0.0327606
-0.019516
-0.0772247
-0.190323
-0.363434
-0.696228
-0.927719
-1.09409
-1.14702
-0.750656
-0.678879
-0.385773
-0.22905
1.18752
0.492767
-0.0212402
-0.164825
-0.593445
-0.321274
-0.147095
-0.0296021
-0.128586
0.0142517
-0.0112305
-0.0266571
-0.0735626
-0.109726
-0.0115509
0.0530396
0.0246582
-0.0527039
-0.0864868
-0.0298767
0.0355988
0.0272369
-0.00654602
-0.0245972
-0.00941467
0.0059967
0.0245514
-0.0217743
0.0279083
0.0673828
0.0918274

[19]
-0.0187683
-0.0439758
-0.0375824
-0.0093689
0.129913
0.427109
0.621246
0.427628
-0.0807343
-0.267853
0.00695801
-0.0383453
-0.321854
0.151581
0.242676
0.284653
0.24675
0.147339
0.128494
0.0953827
0.0511017
0
-0.068161
-0.152145
-0.340881
-0.615784
-0.799118
-0.894302
-1.0587
-0.852188
-0.937698
-0.561646
0.808777
0.840073
-0.240509
-0.306
-0.37619
-0.305908
-0.165192
-0.0530853
-0.0486908
-0.0387268
0.0259247
-0.0268402
-0.067337
-0.130554
-0.065918
0.0255737
0.04216
-0.0187378

[20]
-0.0853882
-0.0523224
-0.00669861
0.0184784
-0.0217285
-0.0181274
-0.0457153
-0.0250854
0.0149078
-0.0180969
0.0100403
0.0735474
-0.0191803
-0.0137482
-0.0218506
0.0106812
0.041275
0.0909424
0.224976
0.334763
0.0241547
-0.233002
-0.035675
0.0260162
0.150543
0.165207
0.218414
0.270081
0.268829
0.2146
0.130966
0.0626526
0.0765533
0.0288086
-0.0486755
-0.0785217
-0.228165
-0.54599
-0.727066
-0.909988
-1.03993
-0.997391
-0.68222
-0.652847
0.67485
0.636658
-0.101791
-0.534424
-0.264725
-0.155807

[21]
-0.293732
-0.0888824
-0.0705719
0.00279236
0.055481
0.0103302
-0.135559
-0.184158
-0.0032196
0.0749359
0.0211182
-0.132217
-0.0972595
-0.00779724
0.0242004
-0.0168915
-0.0317078
-0.0418396
-0.00270081
-0.00886536
0.000991821
0.0213928
0.0326996
0.0464478
0.0411835
0.00813293
-0.036911
0.0174561
0.0673676
0.242935
0.480255
0.358612
0.0615997
-0.301025
-0.0409393
-0.215195
-0.13353
0.266769
0.290802
0.184998
0.154236
0.140625
0.148499
0.144028
0.0693665
0.0542145
0.0834503
0.0173187
-0.16124
-0.429977

[22]
-0.744446
-0.868164
-0.992783
-1.09242
-0.96611
-0.982452
-0.406357
0.893036
0.454926
-0.0409241
-0.196259
-0.51738
-0.317657
-0.0864868
-0.0906219
-0.0628815
0.0057373
-0.031723
-0.0541077
-0.114868
-0.0452423
0.0710907
0.0561676
-0.0429688
-0.0874481
-0.0673065
-0.0170593
-0.0025177
-0.024231
-0.00907898
-0.0197144
-0.0206451
-0.0115051
0.00592041
0.0283966
0.0535126
0.123383
0.0722504
-0.0348053
-0.0561218
-0.0343781
0.0416718
0.357452
0.508896
0.42366
-0.249802
-0.288132
0.0829468
-0.185196
-0.107773

[23]
0.272583
0.299606
0.205704
0.107758
0.0944214
0.087204
0.0367584
0.0152588
-0.0190735
-0.0626373
-0.136063
-0.328644
-0.605377
-0.788422
-0.824371
-1.00996
-1.07071
-0.815704
-0.881546
-0.272217
1.14984
0.211609
-0.0454865
-0.215225
-0.497391
-0.384247
-0.0788116
-0.0622711
-0.0449371
-0.000396729
-0.00126648
-0.0669403
-0.174911
-0.0360718
0.0775909
0.0314178
-0.0753632
-0.108429
-0.0288086
0.0151215
-0.0124512
-0.0104675
-0.0137787
-0.0124512
-0.0381165
-0.0216522
0.00396729
0.0611267
0.107117
0.0956268

[24]
0.067215
0.0232544
0.0309906
0.061676
0.0360413
0.142731
0.452682
0.318741
0.11145
-0.285614
-0.105682
-0.231125
-0.401886
0.317444
0.318939
0.259598
0.175049
0.154053
0.158401
0.100632
0.0944061
0.0687714
0.00881958
-0.101837
-0.259644
-0.562744
-0.723038
-0.897202
-1.22743
-1.29614
-0.923157
-0.724915
-0.361023
1.12976
0.313522
-0.099823
-0.203857
-0.53804
-0.198883
-0.0320435
-0.153976
-0.0736847
0.0145416
-0.028595
-0.0989227
-0.0699615
0.0390472
0.0467224
-0.0253448
-0.0867004

[25]
-0.0541077
-0.00938416
-0.00900269
-0.0259857
-0.0256805
-0.0105286
-0.00012207
-0.00889587
-0.00511169
0.00572205
0.0527191
0.0962677
0.0254059
-0.0399628
-0.0663757
-0.00236511
0.0322418
0.09021
0.197662
0.493484
0.431412
0.144638
-0.30368
-0.134705
0.0616455
-0.130844
0.190231
0.304413
0.283844
0.209778
0.128433
0.115997
0.0910492
0.0245514
-0.0108032
-0.048584
-0.126007
-0.212631
-0.470657
-0.68718
-0.764618
-0.837738
-1.04715
-0.834686
-0.647491
-0.346603
-0.117828
0.845459
0.389099
0.0565948

[26]
-0.437302
-0.551086
-0.277359
-0.00831604
-0.0758209
-0.083725
-0.00357056
-0.0416718
-0.0565186
-0.106506
-0.0732422
0.00883484
0.0478058
0.0259552
-0.0427856
-0.0584412
-0.0290527
0.00730896
0.0135345
-0.0231781
-0.00752258
-0.0224152
-0.0213318
-0.0471191
-0.027832
0.0241394
0.00901794
0.0307617
0.0154419
-0.004776
-0.0102997
0.019928
0.0373535
0.223831
0.391663
0.458359
0.0446625
-0.296829
-0.0916748
-0.0593109
-0.0914001
0.209137
0.289108
0.244598
0.206512
0.190414
0.136612
0.054718
0.0192413
-0.0667877

[27]
-0.103638
-0.145325
-0.186646
-0.369583
-0.699478
-0.771667
-0.833023
-0.892517
-0.700485
-0.561066
-0.408508
-0.0403442
1.09335
0.164566
0.0702515
-0.453522
-0.386261
-0.258255
-0.139206
-0.0163727
-0.0341797
0.00567627
-0.019165
-0.107224
-0.113632
0.00706482
0.0519409
0.0144958
-0.102432
-0.0500641
0.00871277
0.0296021
0.00773621
-0.0561371
-0.0334167
-0.011734
-0.0142517
-0.0257568
0.0107269
0.0309601
0.0269928
0.0328979
0.0861664
-0.00630188
-0.0291901
0.0127411
0.0205231
0.0785522
0.139221
0.379486

[28]
0.392349
0.0915527
-0.323853
-0.15126
0.0163116
-0.184082
0.191055
0.250534
0.223083
0.165054
0.126465
0.0956268
0.08284
0.0609436
-0.00125122
-0.0462189
-0.125748
-0.253525
-0.444641
-0.669571
-0.915314
-0.906326
-0.814301
-0.654724
-0.485077
-0.389908
-0.0939026
0.00494385
0.873001
0.519333
0.0233459
-0.000274658
-0.569336
-0.241226
-0.1203
-0.0794373
-0.0247498
-0.0685577
-0.0408478
-0.0697327
-0.0632935
0.00302124
0.00396729
-0.0142059
-0.0305786
-0.0196075
-0.0339966
0.00695801
-0.00524902
-0.0190125

[29]
-0.0267944
-0.0243683
0.000106812
0.0130463
0.041214
0.0709686
0.0962524
0.0493164
0.00202942
-0.0289001
-0.00714111
0.00532532
0.0774536
0.420822
0.327133
0.186249
-0.198013
-0.260956
-0.0101624
-0.338318
0.279144
0.32869
0.292236
0.214066
0.122879
0.0675354
0.0523376
-0.00952148
-0.117462
-0.0691071
-0.0504608
-0.164047
-0.254059
-0.542557
-0.697342
-0.721451
-0.813736
-0.587158
-0.563797
-0.711578
-0.809479
1.34808
0.517395
0.0409698
-0.0321808
-0.616043
-0.334946
-0.00112915
-0.0585785
-0.0649109

[30]
-0.0115967
-0.0148621
0.0243683
-0.0640564
-0.0868378
0.0289764
0.0852661
0.0328674
-0.022171
-0.121384
-0.0181427
0.0063324
0.00752258
0.00100708
-0.00444031
0.0196991
-0.00183105
0.0516815
0.0429688
0.0421753
0.0557556
0.0458984
0.00968933
-0.0319824
-0.0282745
-0.0102234
0.0845032
0.206589
0.514786
0.559525
0.180191
-0.158539
-0.0883789
0.0811768
-0.329437
0.274338
0.288467
0.270355
0.174789
0.115875
0.108154
0.113693
0.0393372
0.0106201
-0.0295105
-0.0802612
-0.21492
-0.387756
-0.718704
-0.860321

[31]
-0.767059
-0.795975
-0.88176
-0.876358
-0.385681
0.192841
1.0462
0.0231018
-0.109344
-0.17717
-0.487549
-0.278931
0.068512
-0.026001
-0.054184
-0.011734
-0.0498657
-0.0865326
-0.0833893
0.0129242
0.0977325
0.00820923
-0.0534821
-0.0553894
-0.0204926
0.0293274
0.0272675
-0.00744629
-0.0199585
-0.00418091
0.0208893
0.0203552
0.00172424
0.0184631
0.0528717
0.0135345
0.0176086
-0.0416718
-0.0101929
0.0568695
0.159454
0.424072
0.447815
0.307739
-0.24791
-0.283829
0.0292816
-0.260223
0.149673
0.260345

[32]
0.257019
0.186417
0.137405
0.149597
0.153458
0.0710754
0.0142517
-0.0141144
-0.0638733
-0.151108
-0.347778
-0.744858
-0.836594
-1.05556
-1.20488
-0.99762
-0.838043
-0.119232
-0.0710907
1.04803
0.605362
0.00579834
-0.259216
-0.373322
-0.529465
-0.16861
0.0377045
-0.040802
0.000518799
-0.00486755
-0.0692902
-0.135513
-0.140701
-0.0065918
0.053421
0.0062561
-0.0593567
-0.0740967
-0.00483704
0.0357056
-0.00448608
-0.018158
-0.0370483
-0.0326996
-0.0187531
-0.00521851
0.00654602
-0.0138092
0.0259094
0.111374

[33]
0.032959
-0.0215607
0.00164795
0.0353851
0.0552368
0.10553
0.424927
0.446625
0.103714
-0.218246
-0.126785
-0.0152435
-0.258484
0.266464
0.330383
0.308746
0.208054
0.128784
0.148254
0.0936279
0.00326538
-0.0618134
-0.090744
-0.150986
-0.282669
-0.456024
-0.747025
-0.797012
-0.913452
-0.913116
-0.743408
-0.634521
-0.505188
0.895721
0.35614
-0.161636
-0.192062
-0.352097
-0.290558
-0.134796
-0.0102386
-0.0472565
-0.0119019
-0.00134277
0.00932312
-0.0914917
-0.152466
-0.0330048
0.0254517
0.0138702

[34]
-0.0244446
-0.0626831
-0.0587769
-0.0124664
0.013916
0.0206146
-0.00784302
-0.0417786
0.00605774
0.00840759
0.00836182
0.0412445
0.038559
0.0251617
-0.00889587
0.00422668
-0.0195923
0.0637512
0.131546
0.277222
0.593781
0.438217
-0.00714111
-0.440445
-0.201965
-0.13765
0.0245209
0.239883
0.237839
0.215057
0.183289
0.163589
0.132874
0.0648804
-0.0134583
-0.0521698
-0.110474
-0.167572
-0.334366
-0.569427
-0.768036
-0.947571
-1.20503
-1.21242
-0.590286
-0.417847
-0.0982208
2.05869
0.16394
-0.55687

[35]
-0.393234
-0.271805
-0.211044
-0.0949554
0.0121765
0.00971985
0.0545807
-0.046875
-0.151886
-0.143021
0.082016
0.111069
-0.0267792
-0.106216
-0.0119324
0.033844
-0.00572205
-0.0171661
0.00796509
-0.0140381
-0.026001
-0.0167389
-0.00244141
0.0307465
0.0367737
0.106247
0.110458
0.0832977
0.0318298
0.0282898
0.0513611
0.158554
0.284668
0.387085
-0.155746
-0.261597
-0.0118103
-0.144485
0.17215
0.23909
0.282806
0.280151
0.255096
0.210022
0.175156
0.147491
0.120361
0.100433
0.0558777
0.0187378

[36]
-0.160217
-0.464325
-0.624374
-0.849304
-0.881332
-0.749374
-0.574722
-0.645737
-0.499237
-0.370956
0.372345
0.889099
-0.112839
-0.1521
-0.537201
-0.278534
0.0078125
-0.0675354
-0.0162964
0.0511017
-0.0196838
-0.0815887
-0.0765228
0.0167999
0.0511932
0.00102234
-0.0717926
-0.0467682
0.000839233
0.0131378
0.00437927
-0.0190735
-0.0232391
-0.0218353
0.00439453
0.0153503
0.0219879
0.0205688
0.00691223
0.0139008
-0.0103912
0.0158844
0.0121155
-0.0131226
0.0375824
0.0431671
0.0949249
0.140198
0.219757
0.389938

