[1]
0.0480804
-0.00881958
-0.000671387
0.0177765
0.00959778
0.0171661
0.00952148
0.00564575
0.0273895
0.132965
0.0637207
0.0521088
0.0681458
0.160828
0.134583
0.314392
0.23555
0.34584
0.380844
0.180893
0.0604401
0.208893
0.103271
0.559402
0.415848
0.31662
0.341309
0.287018
0.225952
0.149841
0.104202
0.0238495
-0.0453033
-0.0988312
-0.12709
-0.172836
-0.262604
-0.350555
-0.392426
-0.387787
-0.444702
-0.514069
-0.606918
-0.747025
-0.7323
-0.344727
0.0894165
0.556931
-0.0801849
-0.214859

[2]
0.0438385
0.0325623
-0.265732
-0.39183
-0.219467
0.031662
0.00428772
-0.0476532
-0.0441895
-0.00497437
0.0433502
0.0349884
0.00665283
0.0350494
0.0733185
0.0895844
0.00660706
0.0403748
0.0600281
0.07724
0.0117798
-0.0106812
0.0461426
0.092041
-0.0126038
0.0488129
0.106812
0.171326
0.112869
0.0559387
0.179443
0.193649
0.259964
0.108994
0.285706
1.2498
0.690414
0.882004
0.848862
0.764664
0.127335
-0.257614
0.318909
0.757889
0.759552
0.651321
0.486496
0.305161
0.227112
0.257935

[3]
0.229675
0.0805511
-0.110687
-0.219421
-0.482178
-0.734116
-0.903351
-0.765106
-0.762802
-0.939362
-1.6227
-1.74309
-1.09639
-0.578308
0.606308
0.168381
0.0236053
-0.417755
-0.231796
-0.157242
-0.0729523
-0.207031
-0.0646973
-0.0168915
0.0984955
0.0195312
0.0542297
0.195572
0.170013
0.0887451
0.0592957
0.0726929
0.150391
0.157562
-0.0131989
-0.129974
-0.0180817
0.0426788
0.0608521
0.0534363
0.118439
0.106552
0.0632019
0.0522003
0.0973053
0.0623932
0.109146
0.221069
0.202316
0.232193

[4]
0.366806
1.16562
0.944489
0.615509
1.013
0.620941
0.751434
0.273361
0.123795
0.259995
0.59584
0.748932
0.724762
0.638092
0.509232
0.366882
0.310944
0.279663
0.167755
-0.0407104
-0.237061
-0.485947
-0.859695
-1.56279
-1.54233
-1.54994
-1.9971
-1.67558
-1.06061
0.936935
-0.00732422
-0.287598
0.00656128
-0.137146
-0.409592
-0.352142
-0.0579834
0.148758
0.0554504
-0.0111084
0.0480194
0.134781
0.0531769
0.019928
0.0269165
0.0180511
0.016861
0.0263062
0.0723419
0.0654755

[5]
0.0536499
0.019989
-0.010376
0.027359
0.0700836
0.0902252
0.0647888
0.061554
0.0742493
0.150131
0.182205
0.173645
0.468979
1.09532
1.27751
0.758011
0.390869
0.630463
0.662766
0.0809326
0.200104
0.555267
0.726395
0.703156
0.635788
0.538742
0.306641
0.188797
0.141983
0.251541
0.170486
-0.0489349
-0.202011
-0.432388
-0.673737
-1.29123
-1.52397
-1.39258
-1.66933
-2.17657
-1.12251
1.43698
-0.464828
-0.218887
-0.138474
-0.395172
-0.404373
-0.359558
0.0656128
0.0415649

[6]
0.032135
0.0216675
0.0650177
0.07164
0.0589752
0.0114136
0.0167694
0.00428772
0.0614777
0.0487213
-0.00717163
-0.00439453
0.0250702
0.0403748
-0.0355225
-0.0197144
0.04953
0.11116
0.13327
0.0449982
0.0605316
0.122604
0.140121
0.186111
0.0667267
0.431244
1.16083
1.04568
0.791595
0.399185
0.728302
1.16502
0.0198517
-0.0310364
0.171585
0.441284
0.654984
0.688766
0.559631
0.373108
0.148926
0.10408
0.246506
0.183289
-0.0464783
-0.223572
-0.377411
-0.665756
-1.04927
-1.69708

[7]
-1.34746
-2.47096
-1.07118
-0.547073
0.546524
0.124329
-0.517822
-0.0132751
-0.315826
-0.463196
-0.549194
-0.0478668
0.0633392
0.0527954
0.0252533
0.106323
0.0941162
0.0355225
0.0387421
-0.00572205
-0.0393524
-0.054718
-0.00717163
0.0266571
0.0367737
0.0091095
-0.00108337
0.0277557
0.00535583
0.0231781
0.0693512
0.0934448
0.0857391
0.0574799
0.0903625
0.107681
0.106903
0.123459
0.0500641
0.207153
1.37552
0.800858
0.754181
0.692902
0.526413
0.49707
-0.134354
0.343948
0.63797
0.752396

[8]
0.640747
0.600983
0.417175
0.296097
0.23996
0.212143
0.175644
0.0492554
-0.151077
-0.313034
-0.672791
-1.20134
-1.4249
-1.47974
-2.20888
-1.6073
-0.808762
-0.114685
0.469833
-0.0755157
-0.422729
-0.111374
-0.181656
-0.547714
-0.42453
-0.132431
0.0516052
-0.00590515
-0.0771484
-0.0385437
0.0305786
0.0476074
0.0265503
0.0157928
-0.0529785
-0.0485992
-0.0299225
0.0284729
0.0579071
0.0153351
0.0107269
0.00669861
0.0166626
-0.0364227
-0.00842285
0.107819
0.113495
0.0350189
0.0394592
0.0486145

[9]
0.183136
0.119461
0.108322
0.00497437
0.377487
1.49747
0.865601
0.624573
0.486893
0.591324
0.20697
0.0233612
0.457397
0.638916
0.645004
0.589798
0.49173
0.367523
0.27684
0.214905
0.173233
0.161423
0.0263824
-0.0948029
-0.351257
-0.701965
-1.2225
-1.54842
-1.69156
-2.49873
-1.21317
-0.838303
0.623245
0.585709
-0.705994
-0.182526
-0.250519
-0.318634
-0.34729
-0.108887
-0.0244598
-0.141693
-0.138977
-0.0594635
0.100967
0.102234
-0.000411987
-0.0459595
-0.02211
-0.0303497

[10]
-0.0514984
-0.0371704
-0.00531006
0.0121002
0.0185242
-0.0194855
-0.0175323
0.0401917
0.0822144
0.0895691
0.0520325
0.0111084
0.0235748
-0.0119629
0.00521851
0.148819
0.117569
0.351349
0.830963
0.82933
0.658508
0.63472
0.562027
0.678207
0.312943
-0.105545
0.392868
0.560486
0.629669
0.555267
0.501556
0.363373
0.286438
0.208908
0.217972
0.17308
0.0405579
-0.117981
-0.308197
-0.542465
-0.910172
-1.68983
-1.78781
-2.32333
-0.765533
-1.08913
-0.188049
0.484482
-0.27739
-0.596558

[11]
-0.192978
-0.102402
-0.674622
-0.112549
0.112045
0.0184174
-0.0331573
-0.00050354
0.0495911
0.0337677
-0.0381775
-0.0665741
-0.0552826
-0.0460968
-0.0532379
-0.0599823
-0.0272675
-0.0078125
-0.0562897
-0.0332794
-0.0214996
-0.00456238
0.0321045
0.0577545
0.0691833
0.049881
0.0735779
0.0763092
0.0950775
0.111023
0.0597382
0.451645
1.3654
0.575562
0.577148
0.451477
0.418625
0.370895
-0.0496063
0.421555
0.694214
0.704498
0.61232
0.559357
0.406677
0.323425
0.274124
0.269287
0.140564
-0.067215

[12]
-0.245071
-0.469055
-0.870224
-1.20264
-1.2169
-1.46346
-2.20309
-1.18198
-0.730072
-0.448792
0.758087
0.205704
-0.767548
-0.197037
-0.243546
-0.417709
-0.292969
-0.0653534
-0.0902863
-0.129059
-0.0905914
0.0452271
0.064682
0.0382385
-0.058609
-0.0666046
-0.0431213
-0.0329132
-0.0153503
-0.00120544
0.0234375
-0.0295868
-0.0198059
-0.037796
-0.0479126
0.00364685
0.0185547
0.0353851
0.0276489
0.0562897
0.063324
0.0231018
0.0543365
0.131668
-0.00187683
0.346481
1.09787
0.66362
0.697037
0.653198

[13]
0.413055
0.409164
0.016922
0.28688
0.503922
0.681519
0.567352
0.536728
0.450607
0.342529
0.268234
0.280579
0.234772
0.0822906
-0.15152
-0.461945
-0.791824
-1.24416
-1.45802
-1.65747
-2.22357
-1.12143
-1.2019
1.08873
0.340012
-0.953156
-0.606552
-0.609573
-0.179489
-0.226227
0.23793
-0.105911
-0.0658417
-0.0744171
0.2323
0.0165253
-0.0397186
-0.0929108
-0.0160675
-0.0652618
-0.077652
-0.0271759
-0.0201874
0.0323181
-0.0326538
-0.0609436
-0.0434265
0.0032959
0.0245361
0.0585175

[14]
0.0408173
0.0463715
0.0541077
0.134598
0.194672
0.237442
0.479584
1.2662
1.06172
0.55748
0.305466
0.709442
1.03644
-0.0926971
-0.248474
0.255219
0.61438
0.756195
0.65509
0.575119
0.395264
0.15976
0.0765991
0.188797
0.178741
-0.0468903
-0.30275
-0.595108
-0.873322
-1.54762
-1.4577
-1.96436
-2.03177
-1.43736
0.447632
0.468842
-0.641037
-0.169647
-0.395462
-0.330368
-0.583435
-0.117279
0.0796814
-0.0233765
-0.0482483
-0.00630188
0.00135803
-0.0176086
-0.0610046
-0.135239

[15]
-0.0856781
-0.0402374
-0.01828
-0.0432739
-0.0486145
0.00854492
0.00564575
-0.0313873
-0.090683
-0.00292969
0.0369263
0.075531
0.0671997
-0.00218201
0.0974579
0.12822
0.198685
0.0754395
1.28534
0.799759
1.4608
0.795792
0.611938
0.000640869
-0.388199
0.0946655
0.767532
0.889084
0.804153
0.577133
0.370636
0.275818
0.286987
0.20726
0.0857086
-0.100204
-0.309845
-0.572968
-0.907639
-1.56728
-1.60472
-2.1219
-2.31822
-0.79422
-0.156754
1.10689
-0.441223
-0.635315
-0.295944
-0.452209

[16]
-0.545731
-0.425949
0.0365906
-0.081192
-0.0714264
-0.0648651
0.0236816
0.0669098
-0.0336914
-0.0935516
-0.022583
-0.0114899
-0.0210419
-0.0322723
0.0179596
0.0483856
-0.0227051
-0.0235748
-0.0558777
0.0179138
0.0229645
0.0612183
0.0544739
0.0382233
0.0609283
0.112625
0.190872
0.231339
0.233307
0.940308
0.729156
0.403595
1.19746
0.747528
0.659576
-0.0974121
-0.129654
0.461975
0.896973
0.772812
0.660583
0.463974
0.311142
0.280365
0.234985
0.121628
-0.0509491
-0.247986
-0.505447
-0.702026

[17]
-1.16342
-1.77403
-1.64835
-1.99115
-1.68188
-1.24599
0.627213
0.276932
-0.690872
-0.124573
-0.172409
-0.266281
-0.612823
-0.248856
0.000350952
-0.0958557
-0.115585
-0.0744171
-0.00650024
-0.0414734
-0.0301208
-0.0531769
-0.0674744
-0.0631714
-0.0373535
0.00865173
-0.00140381
-0.0118408
-0.0191345
0.0110321
-0.0437317
-0.0334015
0.0109711
0.0263519
0.0387726
0.0852051
-0.0439758
0.124573
0.105942
0.0488892
0.164795
1.16547
0.937531
0.713593
0.775131
0.564621
0.387985
-0.111481
0.309204
0.536835

[18]
0.693848
0.628464
0.572113
0.38208
0.281677
0.231247
0.208481
0.153152
0.00390625
-0.122543
-0.23613
-0.57457
-1.23018
-1.35989
-1.47585
-2.16498
-1.60831
-0.482101
-0.930832
0.386932
-0.094162
-0.654999
-0.499176
-0.0240021
-0.125336
-0.470764
-0.178345
-0.0205688
-0.145187
-0.102219
-0.00169373
0.0608521
0.0617828
-0.0163727
-0.0415344
-0.0765228
-0.0981598
-0.0452118
0.029541
0.0238495
-0.038559
-0.0620575
-0.04039
-0.0422363
-0.0397034
-0.0479431
-0.001297
0.035965
0.0375671
0.00686646

[19]
-0.00892639
0.0973358
0.137711
0.000854492
0.0801392
0.64357
1.09285
0.723648
0.790543
0.55661
0.939972
0.0890961
-0.156174
0.0898895
0.439392
0.61441
0.572311
0.532028
0.417328
0.261658
0.112503
0.0862122
0.0872192
-0.0395966
-0.232239
-0.635986
-1.05331
-1.60506
-1.62123
-2.13716
-1.69519
-0.892517
0.434937
0.676987
-0.530106
-0.280289
-0.348434
-0.168747
-0.501007
-0.347183
7.62939e-05
-0.0908203
-0.0218048
-0.030777
0.0151978
-0.0328217
-0.0207825
-0.0598297
-0.043869
-0.120102

[20]
-0.10347
-0.0556488
-0.0617065
-0.0262756
-0.039978
-0.0286255
-0.00759888
-0.0144196
0.0150909
-0.0157471
0.0188904
0.0412445
-0.0506897
-0.0522919
0.0712738
0.287125
0.128433
0.637573
0.937271
0.44487
1.13194
0.691376
0.43811
0.151993
-0.0420685
0.492462
0.8452
0.707718
0.551193
0.40358
0.363342
0.337738
0.205872
0.122055
0.000839233
-0.171967
-0.32077
-0.702576
-1.18968
-1.42665
-1.18958
-1.35403
-2.37704
-1.31834
-0.799545
1.10983
-1.01022
-0.395355
-0.450745
-0.232162

[21]
-0.520386
-0.311203
0.00166321
0.0172882
0.0407257
0.0149384
-0.036438
-0.0171051
-0.0135956
-0.0576782
-0.0630798
-0.0801544
-0.0636597
-0.0410614
-0.0526276
-0.0776367
-0.059845
-0.0482941
-0.0640564
-0.0258636
-0.0140533
0.0411987
0.0558319
0.0589905
0.0906525
0.0294037
0.0764313
0.0937042
-0.0740356
0.262604
1.82002
1.00755
0.680603
0.420471
0.732803
-0.0674591
-0.0721893
0.387726
0.646988
0.662704
0.581238
0.429596
0.253418
0.150665
0.146881
0.187607
0.105515
-0.0904694
-0.324265
-0.510391

[22]
-0.795776
-1.42381
-1.74818
-1.6875
-2.37399
-1.35953
-0.536804
1.07878
0.0273438
-0.603165
-0.317032
-0.328125
-0.297379
-0.42627
-0.134415
0.0275269
-0.132248
-0.155365
-0.0195618
0.00614929
-0.0365295
-0.0738983
-0.0734711
-0.123611
-0.0838776
-0.0657349
-0.022583
-0.00408936
-0.0461578
-0.0414124
-0.0367126
-0.0353851
-0.0122375
0.00378418
0.0364532
0.01297
-0.0256348
0.0137787
0.12056
0.151459
0.107376
0.500183
1.15413
0.653244
0.6586
0.723953
0.572983
0.730865
-0.0690002
-0.0627441

[23]
0.39856
0.630081
0.630722
0.53685
0.418945
0.260269
0.129898
0.124466
0.162262
0.066803
-0.168594
-0.386734
-0.577774
-1.04724
-1.53326
-1.40709
-1.6237
-2.40865
-1.00003
-0.488815
0.703934
-0.0277863
-0.702972
-0.216217
-0.237778
-0.318924
-0.484497
-0.106476
-0.00274658
-0.102814
-0.0614319
-0.00895691
0.0182343
-0.0348206
-0.08461
-0.100174
-0.0997009
-0.0778503
-0.0368805
-0.0106506
-0.0344391
-0.030426
-0.0499573
-0.0550995
-0.0606537
-0.0275574
0.00779724
0.0357819
0.0182495
-0.0135498

[24]
0.00567627
0.0154114
0.0913696
0.0375061
0.269394
0.870728
1.3508
0.814148
0.558884
0.563263
0.940002
-0.2435
-0.227005
0.470352
0.61058
0.606125
0.545547
0.472244
0.378159
0.257446
0.173096
0.166199
0.104538
-0.13208
-0.318451
-0.536774
-1.02505
-1.60442
-1.5434
-1.63441
-2.10428
-0.962402
-0.681686
1.16197
-0.179382
-0.784515
-0.394394
-0.319733
-0.332382
-0.431595
-0.0727692
-0.0180359
-0.127899
-0.0557404
-0.00398254
0.00799561
-0.0290222
-0.0919952
-0.0973053
-0.0462952

[25]
-0.0366821
-0.0512848
0.00527954
-0.0112457
-0.0413971
-0.0797577
-0.0519867
-0.0175323
-0.0229645
-0.0127106
0.0173035
0.0293427
0.0043335
-0.0167694
0.035614
0.0379181
0.0686188
0.0621948
0.384216
1.44347
0.712708
0.411438
0.496414
0.759247
0.484482
-0.175858
0.28772
0.535873
0.679779
0.615982
0.53923
0.3871
0.240341
0.189331
0.203537
0.195831
0.0705109
-0.0639954
-0.293228
-0.810333
-1.19984
-1.2805
-1.31332
-2.28201
-1.66985
-0.959503
-0.842361
0.55864
0.333786
-0.463516

[26]
-0.505569
-0.014267
-0.307617
-0.388123
-0.14949
-0.0360413
-0.20871
-0.130051
-0.0483246
-0.00163269
-0.00827026
-0.0762024
-0.105118
-0.127304
-0.0664673
-0.01474
0.0374756
0.0127716
-0.0312347
-0.0100555
-0.0687103
-0.0484772
0.00202942
-0.0507965
-0.00935364
-0.0132446
0.0236053
0.124054
-0.0357971
0.0710602
0.055191
0.0974274
-0.035614
0.390808
1.15633
0.350006
0.938736
0.651489
0.496277
0.282822
-0.113129
0.267395
0.633774
0.711365
0.63681
0.4991
0.346588
0.326263
0.333618
0.260895

[27]
0.076828
-0.08638
-0.153915
-0.409912
-0.857224
-1.31007
-1.23854
-1.30968
-2.01866
-1.41277
-1.09328
-0.897171
0.337219
0.00128174
-0.769653
-0.165863
-0.106018
-0.511429
-0.284058
-0.0416565
0.0345612
-0.11203
-0.112015
-0.00224304
0.0857239
0.00679016
-0.0324707
-0.0807343
-0.0776367
-0.0980377
-0.0710754
-0.0233002
0.00469971
-0.0516815
-0.0650177
-0.0399017
-0.0268402
-0.0443573
-0.0339508
0.0356445
0.0435944
0.023407
0.0125885
-0.0191193
0.0505676
0.0300598
0.0285645
0.0762787
0.307419
1.10258

[28]
0.689041
0.667709
0.581055
0.52562
0.322815
-0.0892639
0.355499
0.560272
0.656662
0.584702
0.546722
0.377853
0.275879
0.230347
0.250076
0.197556
0.00630188
-0.314011
-0.58345
-0.758575
-1.036
-1.23048
-1.39575
-1.54083
-1.5464
-1.44794
-0.552872
-0.101608
1.25111
-0.260239
-1.06796
-0.231232
-0.304657
-0.136276
-0.169678
-0.133621
-0.231216
-0.0862885
-0.0475311
0.00221252
-0.0463867
-0.0497742
-0.115692
-0.0493164
-0.0354614
-0.0160217
-0.00273132
-0.00379944
-0.0478516
-0.0409241

[29]
-0.0478821
0.00167847
0.0113068
0.00985718
0.0368805
0.0242462
-0.0194702
0.0118256
0.045105
0.125473
0.019989
0.273712
0.739105
1.29555
0.797668
0.464951
0.31131
0.891861
0.382034
-0.174179
0.311386
0.496033
0.59552
0.607468
0.547058
0.2836
0.0486755
0.0458984
0.133392
0.0917816
0.0176392
-0.36441
-0.63382
-0.808411
-0.918716
-1.03835
-1.20348
-1.70335
-1.62314
-1.24184
-1.15758
1.5652
-0.381531
-0.422699
-0.142731
-0.0940552
-0.242081
-0.508423
-0.254486
-0.0879669

[30]
-0.0813446
-0.0263214
-0.00439453
-0.0371704
0.0104218
0.0128479
-0.0210114
-0.10498
-0.0907593
0.0400238
0.0504761
-0.00648499
-0.0497589
-0.0285187
-0.0144501
-0.0133514
-0.0121002
-0.0101166
0.0682831
0.0456543
0.00228882
-0.0304413
-0.0156555
0.0852966
0.146133
0.125244
0.292282
0.685654
1.09462
0.586227
0.604187
0.552536
0.798233
0.575424
-0.410492
0.201111
0.555878
0.663239
0.571503
0.481949
0.353561
0.205185
0.113541
0.189316
0.220825
0.0415344
-0.21521
-0.492798
-0.691528
-1.13913

[31]
-1.64948
-1.41475
-1.9268
-1.85947
-0.863846
0.0116577
0.717361
-0.249924
-0.169174
-0.281052
-0.231415
-0.418152
-0.141357
-0.0727539
-0.0885468
-0.0326996
-0.0519409
-0.02742
-0.0647888
-0.150177
-0.143356
-0.0778046
-0.012558
-0.0257416
-0.0299683
-0.0083313
0.00434875
-0.0288696
-0.0506134
-0.000167847
-0.0262299
0.0307159
0.00219727
0.0276794
0.0231018
0.0133209
0.0527954
0.127884
0.0177612
0.140701
0.472748
1.11601
0.866257
0.699448
0.752319
0.445221
0.487701
-0.164581
0.282974
0.533127

[32]
0.720566
0.610275
0.547104
0.413559
0.294281
0.21611
0.212723
0.161133
0.0350342
-0.109161
-0.264587
-0.72084
-1.23592
-1.38605
-1.31157
-2.35036
-1.65166
-0.28743
-0.371231
0.685104
-0.132629
-0.360291
-0.221054
-0.127396
-0.357132
-0.46669
-0.0179138
-0.10025
-0.108765
-0.210007
-0.0656433
-0.0305328
-0.00627136
-0.0449677
-0.0931396
-0.131973
-0.0587311
-0.0126343
0.000900269
-0.00175476
-0.0131226
-0.0080719
-0.0552979
-0.12178
-0.0679016
-0.0264587
0.00370789
0.0518951
0.0265656
0.0174713

[33]
0.104065
0.0333099
0.0872955
0.180161
0.186523
0.458984
1.28799
0.52623
0.473816
0.459412
0.708664
0.232819
-0.158173
0.325729
0.556976
0.677444
0.602509
0.480057
0.298019
0.185181
0.140198
0.145737
0.100342
-0.0631561
-0.129059
-0.3535
-0.93309
-1.3938
-1.52541
-1.5255
-1.59787
-1.18141
-1.26985
0.224869
0.514786
-0.717407
-0.451752
-0.261261
0.0967255
-0.48143
-0.312576
-0.0386353
0.0168152
-0.0457153
-0.0539398
0.019104
-0.0111694
-0.0231628
-0.0262299
-0.0706329

[34]
-0.0731201
-0.0336456
-0.0609894
-0.0353088
-0.0740814
-0.069519
-0.0265808
-0.0132751
-0.0688171
-0.0543671
0.0248566
0.0852661
0.09552
0.0349121
-0.00253296
0.0298004
0.049408
0.129593
0.106003
0.401367
1.18587
0.887939
0.925385
0.646622
0.511368
0.000259399
-0.0839386
0.304062
0.649704
0.709946
0.659225
0.497162
0.379883
0.300201
0.30957
0.320084
0.123917
-0.0243835
-0.167267
-0.454727
-0.798111
-1.24478
-1.40759
-1.4603
-1.94966
-1.54256
-0.969162
1.13782
0.180771
-0.674347

[35]
-0.252655
-0.471848
-0.480606
-0.394989
0.0430908
-0.130051
-0.0871582
-0.0946045
-0.000900269
0.0329742
0.000732422
-0.129227
-0.0614319
-0.0148468
-0.0146942
-0.0616455
-0.043869
-0.0402222
-0.0171051
-0.0254517
-0.0590668
-0.032196
-0.0126038
0.0466309
0.0572205
0.0635223
0.0141296
0.0467682
0.116974
0.168442
0.109894
0.488632
1.27797
0.546585
1.19519
0.607895
0.469589
-0.0580597
0.141327
0.585358
0.822113
0.658066
0.585037
0.426651
0.30574
0.310394
0.324951
0.164185
0.0827026
-0.154602

[36]
-0.437256
-0.694077
-1.04265
-1.16733
-1.10463
-1.35161
-2.09023
-1.46101
-0.648468
-1.08511
0.526718
0.522415
-0.637985
-0.26088
-0.113953
-0.518936
-0.313034
-0.202957
0.0172577
-0.109558
-0.116653
-0.055542
0.0364532
-0.0253601
-0.103638
-0.0888367
-0.0740051
-0.0357513
-0.0658875
-0.0413361
0.00540161
0.0150452
-0.00967407
-0.0489807
-0.049057
-0.0312347
-0.0351715
-0.0248108
-0.0197601
-0.0321045
0.00883484
0.0321503
0.0114288
0.0709839
0.0223389
0.163025
0.119461
0.05896
0.459183
1.13449

