[1]
-0.0555573
-0.00660706
-0.00593567
-0.00328064
-0.0138397
-0.00784302
0.00102234
0.00595093
-0.00050354
-0.0324707
-0.0394135
-0.0599213
-0.14241
-0.229904
-0.359344
-0.480896
-0.601791
-0.465378
-0.12674
0.00831604
0.210159
0.36763
0.254944
0.372025
0.336227
0.24649
0.20433
0.146164
0.083374
0.035675
0.0141602
-0.0317535
-0.0558777
-0.0928345
-0.132416
-0.151978
-0.15892
-0.19751
-0.225159
-0.175858
-0.132706
-0.107437
-0.0455627
-0.0110168
0.00209045
-0.260391
-0.210175
-0.13887
-0.19725
-0.357941

[2]
-0.109451
0.0640564
-0.0811005
-0.0765839
-0.0937347
-0.0686798
-0.00843811
-0.0894318
-0.0319366
-0.000305176
0.0190277
-0.0037384
0.0165558
-0.00363159
0.0150146
0.0217438
-0.0017395
0.00289917
0.0130768
-0.00300598
-0.0052948
0.0103607
-0.00924683
-0.0121765
-0.0458679
-0.0749359
-0.0699158
-0.0758972
-0.118591
-0.179398
-0.344711
-0.42804
-0.588715
-0.777039
-1.12698
-0.858459
-0.929688
-0.60083
-0.600464
-0.0550079
0.534302
0.155716
0.223175
0.42543
0.509048
0.467529
0.447342
0.394913
0.344055
0.316727

[3]
0.182251
-0.0565338
-0.262268
-0.455841
-0.655319
-0.760223
-0.793427
-0.712784
-0.617218
-0.393387
-0.272675
-0.0949707
-0.147614
-0.0609436
-0.0713959
-0.271561
-0.407532
-0.582672
-0.271881
-0.0592346
-0.0768585
-0.108948
0.00753784
0.00785828
-0.060791
-0.0466461
-0.0259705
0.0378418
0.0665894
0.032196
0.0213165
0.0126495
0.0596161
0.104172
-0.0112305
-0.0868835
-0.0502625
-0.00518799
0.0156403
0.0326233
-0.0140228
-0.0347137
-0.0260468
-0.0707245
-0.10054
-0.187637
-0.216324
-0.283249
-0.428055
-0.695053

[4]
-0.999786
-1.0697
-0.926773
-0.91925
-0.560913
-0.436279
0.0945892
0.0346222
0.147369
0.192001
0.332138
0.450607
0.465134
0.477402
0.418442
0.376556
0.343918
0.250717
0.092453
-0.0982819
-0.342316
-0.651001
-0.992325
-1.0506
-0.92688
-0.557678
-0.281357
-0.528152
0.03508
-0.500793
-0.19043
-0.419952
-0.149673
-0.072113
-0.0686646
-0.0721588
-0.0509644
-0.0126495
-0.063736
-0.0298004
0.00152588
0.0169373
0.0182495
0.0205688
0.00595093
0.00201416
0.0154114
-0.00839233
-0.00370789
0.0102386

[5]
-0.0129089
-0.00430298
-0.0340424
-0.0469513
-0.0597839
-0.10881
-0.160065
-0.140701
-0.179932
-0.259933
-0.380661
-0.601532
-0.902725
-1.11522
-0.911133
-0.854477
-0.544785
-0.693817
0.11821
-0.0554962
0.14978
0.289688
0.387222
0.461044
0.444366
0.46402
0.411072
0.371368
0.357208
0.332672
0.197479
0.032959
-0.17128
-0.516052
-0.849625
-1.04779
-1.07272
-0.83696
-0.582443
-0.100891
-0.179733
-0.534882
-0.259628
-0.343262
-0.103363
-0.101135
-0.133591
-0.191605
0.0101929
0.0414276

[6]
-0.0517426
-0.0109558
0.0254517
0.0242157
0.018219
-0.0223083
-0.0194092
0.0155792
0.0289764
-0.00375366
-0.0124664
-0.00912476
-0.004776
-0.0243683
-0.0199738
-0.0177155
-0.0245667
-0.0401154
-0.115768
-0.230637
-0.199493
-0.161331
-0.222427
-0.3564
-0.68576
-1.03232
-1.11362
-0.97879
-0.897629
-0.605026
-0.526871
0.287766
0.193359
0.271881
0.314301
0.446548
0.533661
0.545731
0.512756
0.432495
0.362244
0.330246
0.303665
0.129944
-0.0916901
-0.310532
-0.616318
-0.903259
-1.05577
-1.08209

[7]
-0.641083
-0.460815
-0.29953
-0.0643158
-0.366089
-0.370407
-0.442657
-0.0983887
-0.221359
-0.141205
-0.139084
-0.0809937
0.0968323
-0.0510406
-0.0477905
-0.00271606
0.050293
0.0477448
0.000305176
-0.027359
-0.00868225
0.00758362
0.0174866
0.004776
0.00764465
-0.0127716
-0.00968933
-0.0139008
-0.0236816
-0.0405273
-0.0713806
-0.0585022
-0.0665436
-0.0804901
-0.174759
-0.250122
-0.326035
-0.517654
-0.824387
-1.10405
-1.01245
-0.910828
-0.725845
-0.508423
-0.341644
0.619598
0.154404
0.0839844
0.425613
0.493439

[8]
0.522293
0.495926
0.449295
0.426147
0.404282
0.330429
0.190552
-0.00912476
-0.267303
-0.666473
-1.03465
-1.06352
-1.09322
-0.751831
-0.392944
-0.0276031
-0.185379
-0.0093689
-0.281372
-0.19635
-0.508789
-0.109055
-0.172867
-0.186554
-0.147644
-0.0778198
0.0652008
-0.0125122
-0.0710144
-0.0556335
0.0182037
0.033844
-0.0205994
-0.0279388
-0.0147247
0.00131226
0.0270844
0.0452881
0.0189819
0.0179749
0.00689697
0.00476074
-0.00485229
-0.0249786
-0.0350342
-0.0332642
-0.0780334
-0.101227
-0.153595
-0.197998

[9]
-0.26561
-0.396164
-0.605148
-0.890076
-1.09468
-0.863525
-0.798889
-0.598282
-0.567963
-0.118912
0.49295
0.265564
0.246719
0.418076
0.482254
0.475281
0.473907
0.462997
0.447556
0.410156
0.340973
0.213089
0.0165405
-0.243576
-0.657318
-1.03532
-1.06465
-1.09433
-0.637909
-0.370087
-0.313049
-0.00198364
-0.219406
-0.37793
-0.522827
-0.327637
-0.244095
0.0620117
-0.0149994
-0.00367737
0.0276794
-0.0854645
-0.0837708
-0.0687866
0.0416107
0.0236664
-0.0253906
-0.0266571
0
0.0207977

[10]
0.00926208
0.0149384
0.0107117
0.00370789
-0.0105133
-0.0256042
-0.0179291
-0.0187836
-0.0144806
-0.0312195
-0.0749207
-0.133972
-0.125534
-0.173325
-0.21315
-0.357468
-0.611099
-0.836319
-1.009
-0.887207
-0.881027
-0.59903
-0.461639
-0.0608215
0.527618
0.328598
0.256577
0.436996
0.525284
0.538467
0.525238
0.486298
0.463882
0.425079
0.365891
0.209641
-0.0314178
-0.347641
-0.763306
-1.03525
-1.06496
-1.07037
-0.482758
-0.47403
-0.205841
-0.0996094
-0.420578
-0.417999
-0.24762
-0.3367

[11]
-0.113815
0.0204163
-0.163055
-0.0244293
0.080368
-0.0450745
-0.0881805
-0.0249786
0.0365295
0.0291443
-0.0440369
-0.0720673
-0.0167999
0.0213623
0.0346832
0.00891113
-0.00540161
0.00961304
0.000305176
-0.00869751
-0.0241699
-0.037323
-0.00286865
-0.041626
-0.0639496
-0.115356
-0.240845
-0.229538
-0.333664
-0.555328
-0.789597
-1.05829
-0.825729
-0.812866
-0.683105
-0.479919
-0.213684
0.601761
0.347168
0.257446
0.461365
0.584305
0.573334
0.549988
0.489044
0.433899
0.402145
0.29126
0.0971985
-0.137146

[12]
-0.459686
-0.853363
-1.04063
-1.03972
-0.71991
-0.496506
-0.402298
0.0247192
-0.141724
-0.0911255
-0.38414
-0.288345
-0.483215
-0.21907
-0.164291
-0.0553436
-0.102112
0.0197449
-0.00135803
-0.123581
-0.068924
0.0233917
0.0224152
0.00970459
-0.032547
-0.0364685
0.013382
0.0456085
0.0186462
0.0140991
0.00721741
0.0067749
-0.00263977
-0.0102234
-0.0102386
-0.00471497
-0.0396118
-0.0690613
-0.0785675
-0.113052
-0.127533
-0.218445
-0.352539
-0.52066
-0.7686
-0.988632
-0.749313
-0.757263
-0.665894
-0.424423

[13]
-0.348938
0.416656
0.0593567
0.0881348
0.44928
0.484909
0.559235
0.572433
0.557129
0.498138
0.451584
0.359772
0.196045
-0.0485535
-0.38533
-0.80217
-1.04306
-1.07338
-0.98793
-0.567932
-0.255569
-0.323013
0.141983
-0.509323
-0.194031
-0.519318
-0.457169
-0.196487
-0.094696
-0.0443573
0.138275
-0.0386963
-0.0615997
-0.0250854
0.0453033
0.00869751
-0.0348358
-0.00921631
-0.0159149
-0.0136261
-0.0236359
-0.00804138
0.0154419
0.0150299
-0.00483704
-0.01474
0.00932312
-0.0229645
-0.0423737
-0.0803223

[14]
-0.147079
-0.190475
-0.145859
-0.261246
-0.377029
-0.613724
-0.938736
-1.08928
-0.814941
-0.866425
-0.69606
-0.509872
0.322952
0.289597
0.331253
0.342636
0.545044
0.594879
0.608139
0.537125
0.478958
0.40863
0.30661
0.249832
0.0654907
-0.209702
-0.566315
-0.925995
-1.06114
-1.09447
-0.812866
-0.51474
-0.306137
-0.22113
-0.471268
-0.289139
-0.44252
-0.170074
-0.218628
-0.110596
-0.158096
-0.0726013
0.0390167
-0.0433807
-0.0625305
0.0250244
0.0113068
0.0197906
-0.00450134
-0.0548706

[15]
-0.00874329
0.0426788
0.0282135
-0.00784302
-0.00811768
-0.00648499
-0.0135803
-0.0072937
-0.0321655
-0.0441895
-0.0445557
-0.0993958
-0.154144
-0.195908
-0.318085
-0.543137
-0.89212
-1.0853
-1.09885
-0.996307
-0.731445
-0.466431
-0.0114441
0.455704
0.290451
0.327286
0.539627
0.67218
0.624268
0.561966
0.520554
0.492645
0.445129
0.344543
0.150345
-0.072876
-0.428787
-0.92836
-1.06
-1.097
-1.03241
-0.585876
-0.285156
-0.294678
-0.0497894
-0.280441
-0.480637
-0.631363
-0.150009
-0.052887

[16]
-0.19252
-0.222427
0.0401917
-0.0372009
-0.112244
-0.0223846
0.00674438
0.0400848
-0.00285339
-0.0304108
-0.0111694
0.00143433
0.00932312
-0.00201416
0.0307465
0.0268402
-0.0145264
-0.00349426
-0.0201874
-0.0211182
-0.0431519
-0.0803223
-0.131454
-0.188217
-0.28096
-0.305496
-0.482086
-0.677353
-1.04993
-1.10262
-0.875214
-0.91713
-0.630783
-0.210571
0.589401
0.118576
0.0318451
0.373367
0.522095
0.55394
0.551315
0.495041
0.454071
0.439484
0.352921
0.225708
0.0125275
-0.254364
-0.663849
-1.04498

[17]
-1.0815
-1.11852
-0.78746
-0.38623
-0.423264
-0.140869
-0.491714
-0.402908
-0.494781
-0.270813
-0.0910797
-0.0730896
-0.0947418
-0.115921
0.0587158
-0.0898132
-0.10173
-0.0319672
0.0233765
0.00634766
0.0109711
-0.0183868
-0.0266876
-0.00694275
0.0321503
0.0249023
0.0117493
-0.0119171
-0.00196838
0.015274
0.00738525
-0.0271149
-0.0751953
-0.113602
-0.13028
-0.201187
-0.153824
-0.308044
-0.4272
-0.754486
-1.08846
-1.10144
-0.978912
-0.781799
-0.583252
-0.290115
0.782715
0.285751
0.218582
0.487213

[18]
0.541336
0.565216
0.543533
0.492447
0.443436
0.41069
0.340469
0.170898
-0.0561066
-0.33255
-0.81691
-1.04561
-1.07866
-0.946518
-0.609543
-0.424774
-0.0175323
-0.288666
-0.0501404
-0.493652
-0.354996
-0.550629
-0.35939
-0.114319
-0.0409698
-0.108124
-0.0406647
0.0569458
-0.0849915
-0.0853577
-0.0196991
0.0323029
0.0312042
0.0152588
-0.0211029
-0.0316315
-0.00190735
0.0263519
0.024704
0.0137024
-0.0174408
-0.0283661
-0.00038147
0.009552
-0.00482178
-0.0435181
-0.065033
-0.068985
-0.129593
-0.194839

[19]
-0.188812
-0.230957
-0.380524
-0.630066
-0.91394
-1.0874
-0.957062
-0.813644
-0.547897
-0.483688
0.10347
0.628326
0.326767
0.220749
0.504257
0.542419
0.609161
0.57019
0.560577
0.478485
0.369095
0.282227
0.119598
-0.171051
-0.614151
-1.01108
-1.06595
-1.0887
-0.713776
-0.450058
-0.0337677
-0.0421143
-0.410721
-0.361862
-0.360397
-0.399673
-0.183868
-0.0538483
-0.0567017
-0.0552216
0.0605011
-0.0503845
-0.117157
-0.0381317
-0.00691223
0.0170288
-0.0045166
-0.0177765
-0.0163574
-0.00468445

[20]
0.0175171
0.0179749
0.019043
-0.0020752
0.0057373
-0.00634766
-0.0275116
-0.0249634
-0.0499573
-0.0861053
-0.0882263
-0.12677
-0.115601
-0.220657
-0.357605
-0.584229
-0.952103
-1.07726
-0.96373
-0.794067
-0.677322
-0.323273
0.202866
-0.0785522
0.0831451
0.449707
0.559998
0.566895
0.525803
0.49913
0.463181
0.416122
0.357513
0.219788
0.0469208
-0.158035
-0.559692
-0.993042
-1.06155
-1.09314
-0.698853
-0.627914
-0.403717
-0.152664
-0.49382
-0.505127
-0.465729
-0.376495
-0.210068
0.101257

[21]
-0.143585
-0.0701599
0.0867157
-0.0568695
-0.0629883
0.01474
-0.0193939
0.0154877
-0.0180511
-0.0513
-0.033844
0.0275574
0.0447845
0.0242767
0.00466919
-0.000152588
-0.0142517
-0.000396729
-0.0155945
-0.0589142
-0.0518799
-0.0554352
-0.0976257
-0.140198
-0.179306
-0.214539
-0.351364
-0.549606
-0.966766
-1.08635
-0.973984
-0.867783
-0.65921
-0.656708
0.0171509
0.444077
0.315887
0.37175
0.497726
0.536163
0.57341
0.549377
0.48587
0.453735
0.422348
0.340042
0.190659
-0.0438232
-0.334198
-0.686859

[22]
-1.05038
-1.08537
-1.11787
-0.65947
-0.300613
-0.434982
0.119293
-0.302399
-0.318237
-0.564407
-0.337204
-0.174362
-0.144241
-0.0623627
0.000198364
0.0359802
-0.0908051
-0.0895081
-0.00271606
-0.000534058
0.0050354
-0.0106354
-0.0101013
-0.00656128
0.0135498
0.0144958
0.00776672
0.0212708
-0.0191956
-0.0154572
0.00993347
-0.00559998
-0.0286865
-0.0510559
-0.0762329
-0.128769
-0.18132
-0.17308
-0.253662
-0.404495
-0.686478
-0.947388
-1.00491
-1.04251
-0.90535
-0.525803
-0.516052
0.311203
0.167267
0.303299

[23]
0.410263
0.533875
0.57872
0.603119
0.562454
0.496155
0.463272
0.419647
0.320419
0.132385
-0.140076
-0.492233
-0.852921
-1.0639
-1.09631
-0.803741
-0.476562
-0.337204
-0.505463
0.222488
-0.462692
-0.236298
-0.565048
-0.182556
-0.0860596
-0.105576
-0.084137
-0.0389557
0.0523224
-0.114685
-0.0735931
0.00924683
0.0146942
0.00413513
-0.0265503
-0.0137939
0.0012207
0.0198364
-0.000900269
-0.00140381
-0.00265503
0.00939941
-0.00566101
-0.0336456
-0.0288086
-0.0364838
-0.043457
-0.0682678
-0.128647
-0.148224

[24]
-0.187286
-0.23645
-0.349762
-0.456604
-0.813599
-1.08235
-0.93457
-1.03792
-0.741669
-0.80896
-0.0512848
0.63092
0.294281
0.339233
0.587936
0.58606
0.594345
0.5504
0.49939
0.451782
0.425507
0.321182
0.116882
-0.140533
-0.438492
-0.898758
-1.06448
-1.09929
-0.908554
-0.490616
-0.242081
-0.407532
0.137085
-0.390396
-0.269592
-0.706573
-0.219101
-0.1642
-0.209091
-0.162064
-0.0143585
-0.0527039
-0.0973358
-0.0267029
0.0119019
0.0133209
0.00686646
-0.0129089
-0.00120544
0.0100861

[25]
0.015976
-0.0183716
0.000137329
0.00205994
-0.00897217
-0.0123291
0.00411987
-0.044342
-0.0502014
-0.0505524
-0.0732574
-0.125641
-0.141983
-0.168152
-0.243469
-0.308136
-0.456711
-0.791733
-1.04832
-0.74176
-0.813843
-0.685944
-0.66864
-0.230164
0.569016
0.0974274
0.189651
0.445572
0.51387
0.598297
0.560715
0.492691
0.441406
0.392441
0.346817
0.169891
-0.085083
-0.371521
-0.751389
-1.0442
-1.07613
-0.972824
-0.566818
-0.356766
-0.076767
-0.158478
-0.084137
-0.351151
-0.279419
-0.485626

[26]
-0.33136
-0.100311
-0.0382996
-0.112625
-0.0585785
0.0189514
-0.129379
-0.0957642
-0.0290527
0.0141754
-0.00643921
-0.00170898
-0.0110016
-0.00360107
0.019043
0.0175323
0.0237732
0.00453186
-0.0177002
-0.0245972
-0.0113678
-0.0365143
-0.0449066
-0.0410461
-0.0521393
-0.0690155
-0.090271
-0.173782
-0.119354
-0.167343
-0.31189
-0.497299
-0.802277
-1.08752
-0.833939
-0.844284
-0.648819
-0.464218
-0.0718079
0.469879
0.310303
0.275284
0.43515
0.553162
0.542053
0.513092
0.472977
0.439362
0.411926
0.279068

[27]
0.0551453
-0.167709
-0.457672
-0.869141
-1.04884
-1.07938
-0.800598
-0.502823
-0.341568
-0.0702667
-0.081604
-0.153839
-0.411423
-0.253143
-0.577148
-0.169525
-0.179779
-0.0477753
-0.100433
-0.0192108
0.0339966
-0.0961761
-0.0554657
-0.004776
0.0634766
0.0235138
0.00193787
-0.0151825
-0.000167847
-0.0018158
0.00509644
-0.00354004
0.000518799
-0.00709534
-0.00959778
0.00679016
-0.0098877
-0.0283661
-0.0430908
-0.0428925
-0.0729523
-0.109482
-0.167343
-0.190201
-0.233215
-0.332764
-0.544708
-0.765091
-1.00516
-0.784348

[28]
-0.711182
-0.559082
-0.567413
-0.138657
0.637756
0.174225
0.174042
0.441147
0.502396
0.555527
0.540741
0.499527
0.456909
0.395416
0.337311
0.121994
-0.121918
-0.427612
-0.778854
-1.01617
-1.03163
-0.766891
-0.560638
-0.364532
-0.128952
-0.092865
-0.410629
0.144943
-0.0648193
-0.431747
-0.725983
-0.334808
-0.0677643
-0.02388
-0.0657501
-0.00308228
-0.126511
-0.0653992
-0.0159454
-0.000610352
0.015976
0.0146942
-0.017807
-0.0105896
0.00875854
0.0185242
0.0129852
0.0151672
-0.0226135
-0.0370178

[29]
-0.0151825
-0.0030365
-0.024353
-0.0581512
-0.0801849
-0.12471
-0.148743
-0.121399
-0.210526
-0.272018
-0.439789
-0.752991
-1.07217
-0.874893
-0.984833
-0.779419
-0.714005
-0.27243
0.662781
0.167328
0.252655
0.53685
0.561844
0.616165
0.557022
0.461349
0.398499
0.362183
0.331131
0.186508
0.0736847
-0.265533
-0.425461
-0.608124
-0.812912
-0.893799
-0.709808
-0.598282
-0.295609
-0.495285
-0.0534363
-0.491379
-0.275986
-0.464905
-0.201965
0.0296326
-0.0908508
-0.0343323
-0.112061
-0.035675

[30]
-0.0537262
-0.0737762
-0.0246582
0.0172882
0.00662231
0.0207977
-0.0071106
-0.015976
-0.00915527
0.0162659
0.00213623
-0.00315857
-0.0193787
-0.00709534
-0.0190735
-0.0098114
-0.0301666
-0.0273132
-0.0502167
-0.0796509
-0.102524
-0.139221
-0.168381
-0.236832
-0.327118
-0.578415
-0.81073
-1.00934
-0.807632
-0.869965
-0.661697
-0.650909
-0.160507
0.533051
0.190582
0.0667572
0.438675
0.501007
0.535309
0.531021
0.510101
0.443268
0.401993
0.345627
0.216949
-0.0345001
-0.37471
-0.753555
-0.98233
-1.07216

[31]
-1.01953
-0.581573
-0.39386
-0.16684
-0.198288
-0.181625
-0.222992
-0.236954
-0.446136
-0.197357
-0.091095
-0.0236053
-0.075882
0.0505371
-0.100555
-0.118744
-0.0471649
0.0206146
-0.00488281
-0.0391235
-0.0548859
0.00183105
0.026825
0.0326996
0.0204468
0.00701904
-0.00971985
-0.00535583
-0.0164795
0.0117035
-0.0155334
-0.0659485
-0.0850525
-0.0739746
-0.103058
-0.107697
-0.177582
-0.328979
-0.501572
-0.756409
-1.03439
-0.98024
-1.05186
-0.771454
-0.455902
-0.371918
0.571701
0.0818024
0.193802
0.52446

[32]
0.535873
0.592728
0.568817
0.54808
0.501801
0.453354
0.386642
0.224167
0.00442505
-0.271072
-0.746246
-1.04179
-1.07228
-0.974274
-0.586487
-0.463531
0.0100098
-0.394348
0.0772552
-0.256897
-0.269958
-0.465469
-0.283264
-0.0214233
-0.144623
-0.0507355
-0.0884705
0.01828
-0.0482941
-0.136292
-0.0511932
0.01828
0.0103302
-0.0142975
-0.0283508
-0.0162354
0.0152435
0.0323792
0.0209503
0.00552368
-0.00486755
-0.0167389
-0.0383148
-0.0215149
-0.0342255
-0.0233002
-0.0498199
-0.0854187
-0.109344
-0.201538

[33]
-0.154602
-0.223572
-0.295029
-0.51236
-0.863892
-1.08504
-0.826935
-0.817612
-0.639496
-0.63298
-0.114334
0.5979
0.33226
0.217072
0.449463
0.51709
0.54808
0.525757
0.463593
0.41098
0.385315
0.318665
0.169769
-0.0501862
-0.29892
-0.740814
-1.04964
-1.07991
-0.806442
-0.484955
-0.278488
-0.457153
-0.103287
-0.49614
-0.267685
-0.389114
-0.339951
-0.102936
0.0595398
-0.0305328
-0.0736084
0.0062561
-0.0108185
-0.0836639
-0.0326691
-0.00268555
0.0307159
0.0161438
-0.0306702
-0.0233612

[34]
-0.00364685
0.0169525
0.0233459
0.0162811
-0.0134583
-0.0136261
0.0130615
-0.00588989
0.00227356
-0.0307465
0.0125275
-0.0460205
-0.093277
-0.142365
-0.19371
-0.312347
-0.379623
-0.556335
-0.895493
-1.07961
-1.01379
-0.931931
-0.690338
-0.40419
0.0583649
0.274612
0.275421
0.400894
0.498505
0.626175
0.6082
0.562378
0.489212
0.458908
0.442764
0.384537
0.171143
-0.0442047
-0.351791
-0.728378
-1.04083
-1.0706
-0.876541
-0.462784
-0.415131
-0.178925
-0.0176392
-0.847198
-0.19165
-0.613937

[35]
-0.0856018
-0.0272827
-0.114105
-0.18277
0.062027
-0.088089
-0.104538
-0.020752
0.045517
0.00891113
-0.000946045
-0.0576019
-0.0140839
0.0325775
0.0275726
-0.000808716
-0.00134277
-0.00239563
-0.0125885
-0.00846863
-0.0184021
-0.0295258
-0.044281
-0.0617371
-0.0993347
-0.166168
-0.202438
-0.245667
-0.352798
-0.591034
-0.91687
-1.09167
-0.936829
-0.854767
-0.567871
-0.446228
0.254684
-0.0553589
0.0482178
0.480408
0.569031
0.584732
0.564697
0.509613
0.439392
0.409134
0.322464
0.139496
-0.0315552
-0.271881

[36]
-0.641769
-0.944229
-1.06023
-1.0269
-0.767746
-0.561325
-0.361893
-0.0488892
-0.460007
0.124619
-0.157654
-0.38092
-0.551926
-0.411057
-0.0891724
-0.282257
-0.0680542
-0.0635071
0.0429077
-0.0970459
-0.0804138
-0.0109558
0.0205841
0.0206299
0.0167999
0.00636292
0.00839233
0.00233459
-0.0038147
-0.0144653
-0.00012207
0.00602722
-0.0158539
0.00112915
0.00424194
-0.00259399
-0.00965881
-0.00735474
-0.0314026
-0.0607605
-0.0812225
-0.087616
-0.187012
-0.212875
-0.270233
-0.403854
-0.577713
-0.830536
-0.931519
-0.613953

