[1]
0.03125
0.03125
0.0244141
0.0350342
0.0253601
0.0514374
0.0805054
0.120575
0.112671
0.106201
0.176224
0.142288
-0.00401306
-0.127853
-0.29567
0.511887
0.268005
-0.269928
0.398544
0.841736
-0.169754
-0.0400085
-0.0585785
0.10257
-0.19046
0.0163269
0.0567322
0.0121307
-0.0442963
-0.0824127
-0.0159302
0.0527344
-0.004776
-0.0675812
-0.0710754
-0.0133972
-0.025589
-0.0236969
0.0269318
0.068985
0.0275269
0.0412292
-0.00645447
-0.0694122
-0.0274048
0.0256042
0.0886078
-0.0148621
-0.335785
-0.865692

[2]
-0.492523
-0.139389
-0.539062
-0.940842
-0.360168
-0.170288
-0.140503
0.0188599
-0.0357056
-0.0234528
-0.0432434
-0.0376129
-0.0589142
-0.107361
-0.108749
-0.0980682
-0.157089
-0.183228
-0.122299
-0.187408
-0.0653687
-0.137756
0.000671387
0.519714
0.623245
0.245163
0.966507
0.54747
-0.238586
-0.421646
-0.256134
0.185593
0.212021
0.099411
0.256622
0.0131989
-0.0774384
-0.262146
0.0170441
0.203262
0.130859
0.00109863
-0.0786743
0.0512238
0.065918
0.0752563
0.0212402
0.00234985
-0.0122223
0.00204468

[3]
0.0648804
0.00227356
0.0251465
0.123474
-0.00468445
-0.181213
-0.348343
-0.84726
-0.0987396
-0.443268
-0.499313
-0.622452
-0.156311
-0.237595
0.0265808
-0.0512848
-0.109421
-0.053421
0.0154572
0.0146484
-0.00279236
0.00186157
0.0531921
0.143494
0.205276
0.274338
0.252319
0.185791
-0.0167084
-0.159073
-0.00343323
0.652176
-0.065506
-0.862854
0.80658
0.0748596
-0.109085
-0.102188
0.0788116
0.184097
-0.0305786
-0.0986633
-0.0550079
0.0197144
0.0596619
-0.118881
0.00595093
0.0201111
0.0222778
0.0428162

[4]
-0.009552
0.0125275
0.0544586
0.0322418
-0.0372772
-0.0362244
-0.0240631
0.0247345
0.0551605
0.00334167
0.187317
-0.0175018
-0.264923
-0.316833
-0.269226
-0.575882
-0.0615845
-0.527603
-0.645981
-0.344177
-0.19838
-0.129318
0.0142059
0.0316315
0.0149231
0.0309601
0.0727844
0.016449
0.0142975
-0.0127411
-0.00756836
-0.040741
-0.0314941
0.0441589
0.000473022
-0.152451
-0.217331
-0.26973
0.516434
0.156006
-0.293533
0.676498
0.293045
-0.492477
0.029068
0.0464935
-0.00846863
-0.0283508
-0.0262756
0.0375977

[5]
0.00431824
-0.0347443
-0.154099
-0.13295
0.031662
0.126038
0.0536194
-0.0220795
-0.0447693
-0.00315857
0.0305176
0.0397034
0.018631
-0.00985718
0.0224304
0.0185852
0.0620422
-0.0357208
-0.00935364
0.0191193
-0.104782
-0.286697
-0.819748
-0.41745
0.167816
-0.450928
-0.764923
-0.163696
-0.12796
-0.0646057
-0.0415649
-0.00631714
0.00215149
-1.52588e-05
0.0225067
0.0307007
0.0160217
0.0306702
0.0641479
-0.0941925
0.12059
0.157959
0.0365295
-0.0832977
-0.335754
-0.44838
-0.11496
0.48732
0.161362
0.062973

[6]
0.518448
-0.554276
-0.0183411
-0.0384369
0.0722656
-0.106293
-0.0286255
0.0940704
0.0301361
-0.14093
-0.136063
-0.0215912
0.0821533
0.0378418
-0.0211945
-0.0181122
0.00109863
0.0381317
0.0657654
0.0879974
0.0414581
0.00517273
0.0217438
0.0695496
0.0497742
-0.0183563
-0.0164795
-0.0212555
-0.086319
-0.240143
-0.617432
-0.399231
0.151749
-0.391495
-0.766693
-0.459183
-0.151047
-0.314453
0.11203
-0.0179291
-0.0451355
-0.0349884
-0.054245
-0.0586395
-0.038147
-0.0796509
-0.0876007
-0.0786896
-0.0838013
-0.0830231

[7]
-0.0378876
0.0445709
-0.00938416
-0.350891
0.129486
0.773315
0.71875
-0.101776
0.598663
0.0908966
-0.0652618
-0.276627
-0.195877
0.111191
-0.0473175
0.0762634
0.180206
0.0739899
-0.0543365
-0.219711
-0.121185
0.0744324
0.13913
0.0525818
-0.0393066
-0.0642853
0.000869751
0.0819855
0.0301666
0.00843811
-0.059967
-0.0171814
0.0670013
-0.0201569
0.00979614
0.0574493
0.0275116
-0.0717468
-0.32695
-0.985413
-0.357147
-0.16246
-0.417526
-0.719009
-0.0903931
-0.267731
0.0314636
-0.0681763
-0.03479
-0.0356903

[8]
-0.00765991
0.0136871
0.0376587
0.0367432
0.0561523
0.100632
-0.16449
0.135498
0.106232
-0.0187988
0.00680542
-0.26796
-0.223907
0.572098
0.587921
0.200134
0.419785
0.00248718
-0.332596
-0.075882
0.125244
0.0114441
-0.0252686
0.0866699
0.0090332
-0.109451
-0.124496
-0.00602722
0.0836029
0.0682678
-0.0164185
-0.0466614
0.0358429
0.0525513
0.0883026
0.0769196
0.0567169
-0.00430298
-0.021637
0.0350647
0.0180359
0.0110321
0.0901947
0.0375977
-0.0808868
-0.20607
-0.551987
-0.710114
0.221313
-0.492111

[9]
-0.574707
-0.355515
-0.205841
-0.249924
-0.0171967
-0.0208893
-0.00447083
-0.00765991
0.0188446
0.00100708
-0.0243835
-0.0324707
-0.0527954
-0.0469818
-0.000427246
-0.123337
-0.115036
-0.104294
-0.168442
-0.469757
-0.0633087
0.471359
0.449936
0.15274
0.604065
0.297089
-0.375992
-0.194366
-0.000320435
0.0557251
-0.0409698
-0.0245514
0.103363
0.0585022
-0.08815
-0.14624
0.00714111
0.0805969
0.0864105
-0.00784302
-0.0322266
0.00167847
0.032074
0.0409851
0.0359039
0.00578308
-0.00715637
0.0626526
0.0632629
0.00880432

[10]
0.0197601
0.0426178
-0.0416412
-0.176102
-0.672256
-0.45285
0.0953064
-0.405792
-0.821548
-0.409119
-0.253128
-0.18042
0.0890045
-0.0439606
-0.0223389
-0.0853119
0.0544891
0.0664825
0.0529633
-0.00445557
-0.0567017
-0.0789948
-0.0414429
-0.111923
-0.108231
-0.223999
-0.128357
-0.509888
-0.302414
0.790497
0.782242
-0.438553
0.578705
0.482986
-0.372955
-0.0219879
0.0461578
0.181259
-0.0647278
0.0196228
0.203476
0.0809021
-0.0839386
-0.101395
0.0490417
0.13974
0.131683
0.0150604
0.00942993
0.056076

[11]
0.0632019
0.089386
0.0540009
0.000976562
0.015686
0.10791
0.0553589
0.0517578
0.127182
-0.0310059
-0.168579
-0.308228
-1.02679
-0.00460815
-0.405716
-0.422928
-0.594284
-0.184128
-0.165176
0.0488739
0.0420685
0.00184631
0.0303345
0.065506
0.038269
-0.00370789
0.0218506
0.0389404
0.0837708
0.0256805
0.083252
0.0522766
-0.0631561
-0.0826569
-0.382751
-0.496948
0.248535
0.721268
0.253555
0.590012
0.623611
-0.240234
-0.201538
-0.0226898
0.202271
-0.0112915
0.0124512
0.0277252
0.0958557
-0.117706

[12]
-0.133835
0.023468
0.120071
0.121338
0.0404053
0.0105286
0.0439606
0.0559692
0.0362701
0.0519409
0.0142212
0.0736847
0.0190735
-0.0423584
-0.0597534
0.0861511
0.0684814
-0.0919952
-0.404251
-0.868851
-0.0320892
-0.33783
-0.686981
-0.577805
-0.325638
0.0590668
-0.0401764
0.0277557
-0.0175323
0.0556946
0.0450897
-0.0242157
-0.0575867
-0.0468597
-0.00172424
0.00994873
0.0492249
0.038147
-0.00469971
-0.0647278
-0.0882111
-0.476807
-0.308456
0.369492
0.419022
0.37973
0.436035
-0.0995483
-0.509781
-0.0147858

[13]
0.115585
0.126373
-0.00645447
0.0796509
0.0693207
-0.0272369
-0.0227203
-0.125824
-0.0949554
0.0714874
0.0727539
0.0727386
-0.00817871
-0.0713196
0.0173798
0.0555267
0.0232086
-0.0307159
-0.0304108
0.0106659
-0.0350189
0.0656281
0.176788
-0.0270386
-0.243134
-0.263733
-0.536301
-0.18956
-0.144821
-0.494492
-0.655457
-0.177551
-0.139435
0.0169525
-0.0623169
-0.047348
0.0348511
0.0558777
-0.0167999
-0.0243988
-0.0285797
0.0038147
0.000213623
0.00332642
0.101181
0.0128174
0.048111
0.0578766
-0.331696
-0.184799

[14]
0.45285
0.534271
0.0918732
0.324875
0.570541
-0.276382
0.29187
-0.0831604
0.0350647
-0.113602
0.0376892
0.117798
0.00741577
-0.131775
-0.0965271
0.00488281
0.0783386
0.0384369
-0.0151825
-0.010498
9.15527e-05
-0.0192566
0.0260315
0.0479431
0.045929
0.02771
0.0809631
0.00935364
-0.0345459
0.00312805
-0.0012207
-0.040802
-0.0841827
-0.436356
-0.696518
0.0107727
-0.411438
-0.491776
-0.370102
-0.18367
-0.399689
0.11911
0.0344238
0.0490265
0.0370331
0.0171661
0.0363159
0.072876
0.0205536
0.0547791

[15]
0.102737
0.109192
0.0231476
-0.0769958
-0.182205
-0.577377
-0.5746
0.09758
0.535294
0.225357
0.226334
0.184006
-0.501923
-0.135529
0.0353394
0.0766907
0.0678101
-0.019516
0.0378265
0.0296173
0.0392761
-0.190887
-0.0706024
0.0374451
0.119186
0.0781403
-0.0231934
-0.00146484
0.0550079
0.0713654
0.0375214
0.0144653
-0.0263672
0.0241852
0.0125122
0.0320587
-0.0497589
0.0673065
0.0739899
-0.00126648
-0.120529
-0.500244
-0.369858
0.0768585
-0.531372
-0.524353
-0.495956
-0.221527
-0.322784
0.0226135

[16]
-0.0397186
-0.0532379
-0.0950012
0.016983
0.0430756
-0.0114441
-0.104492
-0.119644
0.0383148
0.178909
-0.13858
-0.169373
-0.198929
-0.417831
-0.264923
0.229584
0.350418
-0.0401459
0.547226
0.479156
0.204727
-0.0042572
-0.141174
0.327728
-0.185852
-0.193954
0.0476685
0.0605927
0.0806274
-0.0432129
-0.194168
-0.0413361
0.089386
0.104446
-0.011673
-0.0219879
0.0293274
0.0150299
0.0363007
-0.0147705
-0.0399475
-0.0393219
0.0810547
0.0815735
0.0794983
0.0804138
0.00701904
-0.192001
-0.282394
-0.417648

[17]
-0.641739
0.0884247
-0.533615
-0.523636
-0.530029
-0.389526
-0.12114
0.0107574
0.0251465
0.0419769
0.106583
0.0866089
0.057312
0.033371
0.0939484
0.101685
0.277542
0.272095
0.0671082
-0.0168152
-0.145233
-0.400681
-0.200424
0.378403
-0.0648804
0.0209656
0.297745
0.432709
0.180298
-0.41864
0.255402
-0.0767975
-0.108994
-0.0420685
-0.0346985
0.083786
0.0800018
-0.0718384
-0.108841
0.0057373
0.0485992
0.0596466
-0.0219574
0.00686646
0.0148926
0.0472717
0.0115204
0.010788
-0.00160217
0.0854645

[18]
0.065033
0.0115204
0.120468
0.0923004
-0.0901031
-0.282684
-0.47113
-0.684692
-0.119751
-0.486938
-0.541031
-0.482666
-0.440491
0.0291138
0.0368958
-0.0548706
-0.00488281
0.18837
0.0959015
0.100632
0.11351
0.161377
0.180298
0.280151
0.324081
0.173935
-0.118225
-0.301636
-0.659805
-0.39328
0.202332
0.0605774
0.00364685
0.466827
0.412048
-0.521561
0.100113
0.0209656
-0.074173
-0.136032
-0.0510559
0.0316925
0.0406189
0.0890961
-0.0268402
-0.067688
0.0359497
0.123199
0.0562897
-0.0300293

[19]
-0.0673676
-0.0320587
0.0521698
0.047287
0.0311127
0.00752258
0.0785828
0.0633545
0.0380859
0.0440216
0.0736389
-0.100372
-0.170456
-0.39769
-0.541412
0.0178833
-0.528229
-0.62738
-0.367004
-0.26152
-0.11113
-0.12146
-0.0457611
-0.0563354
0.0196381
0.052948
0.00405884
-0.0202637
-0.0308228
0.0171356
0.0560913
0.0616913
0.128021
-0.0271912
-0.161423
-0.616379
-0.739807
0.213364
0.680527
0.413681
-0.0892181
0.69043
0.344681
-0.212372
-0.0268402
-0.0426483
-0.0847931
-0.148544
-0.00537109
0.124405

[20]
0.04599
0.0270538
-0.131317
-0.112793
0.0499268
0.0780792
0.0400848
-0.0303802
0.00926208
0.0027771
0.024765
0.013382
-0.036911
0.00747681
-0.0128021
-0.00370789
-0.023056
0.191284
0.111984
-0.157135
-0.319595
-0.657272
-0.305695
-0.187775
-0.40538
-0.679779
-0.126877
-0.210419
0.0219879
0.0201874
-0.00642395
-0.0065155
-0.0436554
-0.0127411
-0.039505
-0.0257568
-0.0313263
0.0270386
0.0753632
0.118408
0.127609
-0.020874
0.0608368
0.155563
-0.0271149
0.353058
0.580215
0.593353
0.497803
0.194061

[21]
-0.255035
0.0298462
-0.00773621
0.0387268
-0.0264587
0.074234
0.0394745
0.0310822
-0.0883331
-0.207764
-0.0326538
0.137268
0.119675
-0.0558777
-0.0771484
0.0570526
0.081131
0.0494995
0.0156555
0.0150909
-0.0310516
0.0792389
-0.0351105
0.0279083
0.156738
0.0045166
-0.211334
-0.330811
-0.823441
0.0514679
-0.360138
-0.461624
-0.352127
-0.156952
-0.309174
0.187698
0.0659332
0.0108032
0.0627289
0.0453796
0.0357666
0.0371246
0.0157928
0.0845642
0.151505
0.187698
0.221725
0.131897
0.0651245
-0.134018

[22]
-0.178604
0.480087
0.146484
-0.533081
0.440979
0.611526
-0.314453
-0.0163574
0.0863037
0.0237732
-0.114044
-0.0656433
0.0714569
0.0511627
0.0204163
-0.183716
-0.0856323
-0.00872803
0.0684967
0.0653992
-0.041153
-0.00918579
0.0201416
0.0375824
0.0482025
0.0249634
-0.0052948
0.0234222
3.05176e-05
-0.0344086
0.0664368
0.0367432
-0.0699921
-0.225693
-0.382416
-0.762161
0.161499
-0.540405
-0.645554
-0.564957
-0.234741
-0.174301
-0.0271149
0.0798187
-0.119965
-0.029892
-0.000564575
-0.0231018
-0.112717
-0.0726624

[23]
-0.133606
-0.159714
-0.0595398
-0.0735779
-0.162704
-0.181534
-0.469498
-0.369095
0.574631
0.568253
0.51329
1.17668
0.628113
-0.0770721
-0.329651
-0.266281
0.035614
-0.00984192
0.307632
0.129227
-0.0474548
0.0088501
-0.012146
-0.200439
-0.0673828
0.154144
0.176682
0.0132294
-0.0885315
-0.0423737
0.032074
0.076767
-0.0148163
0.00970459
0.0144806
-0.00915527
0.0624847
0.137436
-0.0424042
-0.123856
-0.279282
-0.85556
-0.146179
-0.379868
-0.427124
-0.652161
-0.231476
-0.308273
-0.00621033
0.0546722

[24]
0.0623932
0.139755
0.122177
0.0428162
0.0314636
0.0670624
0.131409
0.160767
0.323685
0.394119
0.359924
0.0190277
-0.193771
-0.294785
0.473953
0.271698
-0.57666
0.540359
0.657089
-0.222168
-0.360596
-0.0360718
0.174591
0.00540161
-0.0540009
-0.00828552
0.0177612
0.0447998
-0.0128937
-0.196762
-0.0485382
0.0724945
0.0867462
0.0249176
-0.0414734
-0.0126495
0.0441589
0.0466309
0.0331879
-0.0173645
0.0359497
6.10352e-05
-0.0174561
0.0561676
0.0866089
-0.0556183
-0.216553
-0.598328
-0.626236
0.157364

[25]
-0.470291
-0.566483
-0.264435
-0.100983
-0.192444
-0.0265656
0.0675507
0.0973816
0.0649719
0.0663147
0.0385132
0.0514679
0.0224915
0.0450592
0.0703583
0.156403
0.099762
0.127777
0.0741425
-0.194519
-0.428406
0.0975647
0.358276
0.186234
0.110565
0.0453339
-0.389603
0.158615
-0.050827
0.01828
-0.062088
-0.0718384
0.0338135
0.016922
-0.0455933
-0.137192
-0.0377655
0.0505371
0.0574036
0.0216827
-0.0502167
-0.0225067
0.00688171
0.0182343
0.0101929
0.00837708
0.0892792
0.0979614
-0.105591
-0.0131378

[26]
0.052063
0.0110168
-0.27272
-0.924164
-0.247009
0.00700378
-0.494171
-0.701233
-0.298813
-0.230225
0.0690613
-0.00132751
-0.0270844
-0.0349121
-0.0442657
-0.0486603
-0.0740356
-0.124878
-0.092392
-0.0749359
-0.0608521
-0.0518646
-0.0708771
-0.114609
-0.0578613
-0.240204
-0.340775
0.575562
1.01459
0.157074
0.372742
-0.26474
-0.0476074
-0.20871
0.0619049
-0.0475616
0.0653839
0.0753326
0.0039978
-0.0233612
-0.22081
-0.10199
0.0109558
0.089859
0.0758057
-0.0484924
-0.0744171
0.0127258
0.0599365
0.0522919

[27]
0.00193787
-0.0380554
-0.0210724
-0.0102081
-0.0428162
0.00413513
0.0497437
0.0467529
-0.303009
-0.850449
-0.0605774
-0.301529
-0.680313
-0.52359
-0.32605
-0.281357
0.076355
-0.0223236
-0.0269318
-0.0256348
-0.0474854
-0.0385284
-0.0405121
-0.0666962
-0.0751495
-0.0536804
-0.0452118
-0.126053
-0.0196075
0.0608673
-0.150558
-0.437653
0.556305
0.867523
-0.00334167
0.297485
0.238953
-0.277786
0.266083
0.0933685
0.0964203
-0.106247
0.0209961
0.0180664
0.00692749
-0.0107269
-0.187439
-0.0656738
0.0547333
0.0797729

[28]
0.0599823
-0.0618134
-0.0524292
0.0367584
0.0505524
0.0872955
-0.0207825
-0.0102234
-0.0116272
-0.0114746
-0.00756836
0.0845184
0.0761566
-0.0104675
-0.341705
-0.736084
-0.128632
-0.0563812
-0.771912
-0.634293
-0.528442
-0.14595
0.194717
-0.00975037
-0.131653
-0.0463562
-0.0336456
0.0798187
0.0526886
-0.0204773
-0.0484467
-0.0298309
0.0233917
-0.158371
0.0725403
0.337997
0.0170593
0.0589905
0.285721
0.772476
-0.0626678
0.665222
-0.259125
0.566376
-0.168274
0.0204163
-0.0616302
0.0992889
0.211807
0.0592651

