[1]
2.74916
-0.559433
-0.605621
-0.645355
-0.724487
-0.782974
-1.08263
-1.58029
-1.75349
-1.53516
-1.76578
-1.19887
-0.628555
0.104446
-1.26152
-1.30762
-0.999481
-0.919327
-0.562393
-0.453522
-0.382629
-0.340637
-0.230774
-0.152435
-0.0471954
0.639374
1.42026
2.1254
2.55293
2.57503
2.55077
1.59651
-1.57387
0.65123
1.36833
1.11617
0.724777
0.628403
-0.0313721
0.0228729
-0.230942
-0.147842
-0.172302
0.0476379
-0.145844
-0.106277
-0.127853
-0.162201
-0.292252
-0.301758

[2]
-0.254959
-0.159531
-0.317078
-0.494492
-0.544861
-0.730743
-0.873032
-1.36703
-2.44812
-0.726669
-1.86562
-0.940796
0.715836
-0.485245
-1.02524
-1.0332
-0.705276
-0.531204
-0.250473
-0.220901
-0.176712
-0.0631256
-0.0791473
0.12767
0.597794
1.57635
2.21346
2.70004
2.71165
2.67259
1.66208
-1.45779
0.969894
1.35947
1.8076
0.676651
0.623749
0.1436
-0.0459595
-0.153717
-0.004776
0.194839
0.173813
0.0659332
0.0370331
-0.0465851
-0.114395
-0.20256
-0.102997
-0.0875092

[3]
-0.283127
-0.366013
-0.45015
-0.719269
-0.987061
-2.12721
-2.3786
-1.60403
-1.41275
-0.701187
0.34671
-1.09554
-0.936035
-0.763916
-0.555298
-0.347458
-0.213379
-0.201935
-0.170654
0.00810242
0.16423
1.01479
1.916
2.74721
2.78369
2.78949
2.75676
1.77791
-1.35803
1.62473
2.05302
1.33618
1.06528
0.668976
0.334854
0.391663
0.0157318
0.0157928
0.105209
0.203339
0.182907
0.179688
0.0437927
-0.113525
-0.201431
0.0623932
0.109085
-0.0605621
-0.181
-0.22554

[4]
-0.40126
-0.645508
-1.28375
-2.29112
-1.49187
-1.46855
-0.42247
1.08025
-0.684082
-1.10397
-1.00455
-0.671204
-0.307831
-0.142654
-0.0904999
-0.0426025
0.0369568
0.00360107
0.337494
1.03641
1.85449
2.35393
2.77061
2.77666
2.73972
-1.32672
0.0460663
1.87411
1.30214
1.22346
0.952087
0.437088
0.0550842
0.209991
-0.0229492
0.0925598
0.0514069
0.177917
0.104935
0.0592804
0.07724
0.0754547
-0.0981445
-0.0155945
0.0144501
-0.141296
-0.299866
-0.305862
-0.417007
-0.592789

[5]
-1.05392
-2.24992
-0.62886
-1.41135
-1.00879
0.9673
-0.0568542
-1.06697
-0.690857
-0.685471
-0.431152
-0.22789
-0.048233
0.0419312
0.104691
0.109543
0.375381
1.03098
1.68951
2.45445
2.78398
2.79558
2.77084
-0.604645
-1.13531
2.15405
1.3728
1.27538
1.11392
0.436279
0.271835
0.250977
0.015686
0.0443115
0.195343
0.203552
0.132217
0.116776
0.0400391
0.0343018
0.0982208
0.155441
0.0395966
-0.225967
-0.257706
-0.236023
-0.412033
-0.623337
-0.970062
-2.22299

[6]
-0.872177
-1.67505
-0.352524
1.20622
-0.330338
-0.847641
-0.871857
-0.609634
-0.467651
-0.233032
-0.00933838
0.0213013
0.136536
0.0589752
0.53302
1.17743
2.05499
2.76381
2.82919
2.83447
2.80441
-0.119278
-1.26765
2.22394
1.27226
1.87224
1.02733
0.649231
0.394913
0.336441
0.10202
0.0220642
0.243454
0.260254
0.267776
0.186523
0.222107
0.19368
0.14006
0.250961
0.0249176
-0.123947
-0.189697
-0.245392
-0.353699
-0.558868
-0.94426
-2.20175
-0.695496
-1.53154

[7]
-0.722946
0.940979
-0.414307
-0.945099
-0.82222
-0.505371
-0.306122
-0.0968323
-0.0275421
-0.00468445
0.0105896
0.137726
0.359787
0.816849
1.7834
2.42015
2.82515
2.84285
2.82722
2.13304
-1.26242
2.70753
1.59413
2.0957
1.09151
0.629333
0.377823
0.268188
0.195297
0.168945
0.22493
0.303787
0.244736
0.217056
0.154434
0.207336
0.100327
0.188065
0.113647
-0.0547333
-0.168671
-0.256622
-0.337051
-0.488251
-0.600922
-2.17026
-1.63896
-1.35182
-1.17862
0.0229034

[8]
0.131561
-1.04219
-0.852127
-0.460159
-0.232407
-0.0143127
-0.0194092
-0.0318756
-0.00157166
0.12648
0.0296478
0.850525
1.57779
2.36786
2.83638
2.85182
2.83682
2.35573
-1.25572
1.89021
2.01109
1.24933
1.1118
0.856049
0.416672
0.192444
0.18129
0.0583649
0.176285
0.1884
0.430771
0.280914
0.205826
0.0598145
0.00816345
0.120911
0.0553436
-0.0544739
-0.174988
-0.198822
-0.40242
-0.606323
-0.958145
-2.16478
-0.826004
-1.78519
-0.738861
1.12042
-0.678833
-0.880524

[9]
-0.889603
-0.456467
-0.159393
0.00689697
0.0966187
0.11142
0.142776
0.0940094
0.376297
1.31461
2.25175
2.85245
2.8788
2.88206
2.85176
0.551544
-1.24207
2.10878
1.28105
1.53632
1.05392
0.691559
0.451828
0.324829
0.184082
0.137833
0.228882
0.314255
0.310104
0.25322
-0.450882
0.168686
0.0470428
-0.123856
0.000274658
0.0234528
-0.147263
-0.218323
-0.364182
-0.548676
-1.2834
-2.20596
-0.958099
-1.33565
-0.776627
1.61734
-0.448715
-1.01175
-0.860611
-0.428299

[10]
-0.179001
0.0709534
0.0874176
0.0919495
0.263275
0.207428
0.506088
1.35954
1.83528
2.83145
2.86157
2.86539
2.83728
-1.21106
0.778275
2.18939
1.34381
1.28476
1.32854
0.475739
0.110855
0.286499
0.0622559
0.195648
0.193665
0.411301
0.193176
0.226654
0.108368
0.170197
0.135193
0.0831757
-0.0579987
-0.125351
-0.134003
-0.300629
-0.472809
-0.583954
-2.19203
-1.65067
-1.3589
-1.3501
-0.205673
0.300781
-0.926483
-0.881378
-0.726883
-0.570663
-0.292786
-0.210297

[11]
-0.0875702
0.207245
0.738052
0.685333
0.578827
1.82718
2.37723
2.78265
2.80583
2.7959
2.54272
-1.3006
-0.63649
2.62369
0.367355
1.84909
0.564087
0.672028
0.163498
0.0983887
0.114334
0.356766
0.261444
0.226929
0.201096
0.183609
0.134491
0.0674591
0.0114899
-0.11496
-0.174423
-0.250076
-0.267761
-0.467911
-0.691422
-1.06842
-2.21951
-0.996735
-1.53574
-0.846359
0.83963
-0.245422
-0.793213
-0.935745
-0.575867
-0.247513
-0.0914917
-0.0191193
0.0119629
0.128052

[12]
0.0543213
0.514511
0.91481
2.13235
2.79767
2.83087
2.83179
2.69217
-1.25801
0.908966
1.83243
1.60263
1.33311
0.899368
0.493484
0.125397
0.132736
0.166824
0.191025
0.237885
0.157135
0.237228
0.0503387
0.00862122
-0.0351868
0.0287323
0.0940094
-0.0325317
-0.163437
-0.299637
-0.41568
-0.613724
-0.870453
-2.20357
-1.33113
-1.46808
-0.90918
1.53743
-0.370865
-0.864594
-0.905624
-0.451004
-0.234665
-0.0809937
-0.0545807
0.0215302
0.148315
0.0748138
0.624252
1.14101

[13]
2.24394
2.82082
2.85112
2.85034
2.81947
0.227386
-1.26157
2.68855
1.31187
1.3994
1.29117
0.696198
0.244858
0.267151
0.082077
0.159882
0.259018
0.375748
0.254303
0.251938
0.170746
0.0863342
0.124634
0.0668182
-0.0872498
-0.228943
-0.270569
-0.41539
-0.58902
-0.650833
-2.18521
-1.46886
-1.38428
-1.14745
0.294128
-0.348679
-1.18765
-1.04532
-0.631638
-0.343796
-0.148132
-0.0737
-0.0560455
0.0816345
0.111938
0.441376
1.03392
2.22119
2.83176
2.86365

[14]
2.86467
2.83383
-0.0317993
-1.24637
2.71103
1.61978
1.871
1.03262
0.940414
0.208862
0.269455
0.254013
0.176147
0.341812
0.218033
0.223831
0.178131
0.0673065
0.112076
0.0969849
0.0825958
-0.114182
-0.232224
-0.216064
-0.412491
-0.629791
-1.09944
-2.18266
-0.946198
-0.974365
-0.47435
0.844772
-0.728378
-0.810944
-0.687744
-0.291367
-0.113846
0.0330963
0.0815887
0.132797
0.216629
0.2435
0.633621
1.2032
2.08575
2.82175
2.87868
2.87877
2.84999
-1.19629

[15]
0.741013
2.69818
1.50818
1.60893
0.929962
0.454865
0.213593
0.264206
0.293472
0.340454
0.328613
0.248962
0.354996
0.179077
0.28862
0.132614
0.110184
0.0372162
-0.176849
-0.224716
-0.227829
-0.354858
-0.641541
-1.26622
-2.18471
-0.647842
-2.04007
-0.482376
1.19641
-0.553696
-0.578949
-0.57225
-0.272568
-0.216583
-0.0417633
0.0796661
0.0888214
0.170013
0.0548706
0.585388
1.16078
2.36893
2.85245
2.87566
2.86923
2.33138
-1.21516
2.02773
1.83754
1.5816

[16]
1.16713
0.717667
0.458923
0.34964
0.276535
0.291626
0.257339
0.149628
0.2565
0.252243
0.250839
0.176224
0.156921
0.10762
-0.0209045
-0.0892181
-0.104324
-0.201614
-0.335815
-0.607651
-1.19052
-2.1707
-0.940598
-1.30247
-0.942352
1.19008
-0.47554
-1.01866
-0.827438
-0.5336
-0.228012
-0.0167236
0.0910034
0.108063
0.186005
0.124222
0.435303
1.08328
2.17387
2.81998
2.84665
2.84697
2.30341
-1.13635
-0.407455
2.44098
1.34901
1.1102
1.0018
0.583252

[17]
0.111832
0.167053
0.226608
0.360626
0.270279
0.367966
0.236267
0.248032
0.157974
0.103195
0.0555878
-0.0515137
-0.0292358
-0.149994
-0.161835
-0.298523
-0.486526
-0.796936
-2.14157
-1.09692
-1.33318
-1.07558
0.424667
0.635696
-0.889267
-0.753967
-0.727127
-0.400848
0.0234222
0.174866
0.17659
0.207214
0.23494
0.504852
1.16461
1.90321
2.6982
2.85275
2.86179
2.83995
1.55722
-1.23508
2.72588
1.34763
1.59964
1.13322
0.669022
0.284042
0.219833
0.153702

[18]
0.239548
0.356064
0.344696
0.279266
0.270432
0.232742
0.196243
0.262894
0.167496
0.0763245
-0.139069
-0.140518
-0.259048
-0.408585
-0.50061
-1.64932
-2.2012
-0.871429
-1.7798
-0.541916
1.14369
-0.176697
-0.352646
-0.777359
-0.559967
-0.407028
-0.0848694
0.0727234
0.219727
0.249023
0.325592
0.70639
1.63058
2.37016
2.79817
2.82307
2.81718
2.29718
-1.25821
2.38618
1.06329
1.9454
0.667664
0.960648
0.263702
0.253952
0.200806
0.346741
0.422119
0.265945

