[1]
0.770737
0.422272
0.502533
0.634094
0.757416
0.793945
0.756683
1.04268
1.21883
1.26161
1.31664
0.539108
0.688568
-0.33197
0.18486
-0.511139
-0.349869
-0.475159
-0.395523
-0.346695
-0.354797
-0.278976
-0.119568
0.0836945
0.539032
1.0524
1.09901
1.14729
0.845886
0.554718
0.610184
1.00111
0.477844
0.440048
0.666031
0.515976
0.053421
0.177795
0.117065
0.0372467
0.0312042
0.0653687
-0.0404205
-0.0417786
-0.00236511
0.0629425
0.0534058
0.0231628
0.00309753
0.0593262

[2]
0.17395
0.33847
0.357437
0.566879
0.680176
0.726807
0.954254
1.0914
1.11464
1.13454
0.992493
0.255478
0.115234
0.466766
-0.684875
-0.653946
-0.677917
-0.635162
-0.524323
-0.47963
-0.357697
-0.191528
0.0510406
0.66655
1.12685
1.19878
1.26662
1.09645
0.499481
0.79155
1.22815
-0.422073
0.567215
1.05812
0.922455
0.0433655
0.193878
0.148438
0.0506744
0.0314178
0.0202789
-0.0214539
0.0150146
0.0338593
0.0771484
-0.0384064
0.0102234
0.0409698
0.237793
0.303925

[3]
0.355164
0.607788
0.769348
0.835754
1.04886
1.06485
1.0836
1.1142
0.206833
1.00758
0.241028
-0.339676
-0.833313
-0.643097
-0.667084
-0.368393
-0.2789
-0.125641
0.190323
0.421432
1.13231
1.20102
1.28262
1.35011
0.996368
0.730774
0.942215
0.723206
0.694687
0.670181
0.740768
0.443192
0.380692
0.296402
0.0588531
0.179153
0.0331573
-0.00120544
0.00386047
-0.0202789
0.0232086
0.0305786
-0.0118408
-0.0646973
-0.013916
0.167343
0.200287
0.317444
0.520508
0.67572

[4]
0.872147
1.02393
1.03743
1.05139
1.07248
0.760071
0.580414
-0.344025
0.291641
-0.878937
-0.660507
-0.745712
-0.594345
-0.513504
-0.455444
-0.298981
-0.124619
0.165451
0.929031
1.1792
1.25839
1.32881
1.09642
0.743652
1.33653
0.948502
0.473557
0.622147
0.622726
0.687943
0.100403
0.209885
0.0204773
0.102692
0.0256653
-0.0156708
-0.103409
-0.0106354
-0.00584412
0.029007
0.04039
0.00428772
0.0373383
0.154709
0.21344
0.303619
0.517441
0.632721
0.736984
1.00041

[5]
1.03401
1.0448
1.0563
0.860489
0.251328
0.227539
0.349884
-0.634201
-0.868774
-0.712723
-0.816925
-0.587082
-0.509644
-0.345993
-0.147049
0.14801
0.856766
1.1956
1.27821
1.35344
1.35307
0.737915
1.39838
1.07307
0.623566
1.16919
0.363342
0.507721
0.315994
0.375519
0.165283
0.0276794
0.0671082
0.0335083
-0.00724792
-0.0754089
0.00254822
0.0664825
0.0589142
0.0332336
0.0859375
0.195831
0.211426
0.383759
0.531921
0.594223
0.708633
0.897491
1.02682
1.03601

[6]
1.04362
1.04581
0.15094
-0.124146
0.178802
-0.59288
-0.73999
-0.732758
-0.718582
-0.561188
-0.46228
-0.295731
-0.0481415
0.228989
1.00739
1.25754
1.34735
1.4222
1.09166
0.732452
0.937195
0.579666
0.693497
1.24702
0.60527
0.77858
0.155182
0.312393
0.149841
0.0925446
0.0785217
0.00762939
-0.0568085
-0.02211
0.0292816
0.0529327
0.07341
0.0431519
0.101074
0.126572
0.219223
0.282333
0.522049
0.633316
0.749222
0.927155
1.02177
1.0304
1.03879
1.06126

[7]
0.174988
0.748642
0.152176
-0.817627
-0.841858
-0.760941
-0.754547
-0.617828
-0.562622
-0.399353
-0.207794
0.115601
0.69606
1.215
1.30849
1.39838
1.46011
0.742111
0.963043
1.34677
-0.0810547
0.964264
1.14064
0.794861
0.108459
0.318253
0.0892792
0.085968
0.0947876
0.0609436
-0.0415192
-0.043457
0.0260468
0.0479431
0.0763245
0.0447235
0.0381317
0.0673218
0.228348
0.31337
0.555923
0.594559
0.609406
0.783371
1.019
1.02509
1.03564
1.05659
0.413696
0.667648

[8]
-0.252548
-0.299927
-0.839523
-0.654465
-0.755203
-0.570404
-0.465042
-0.358627
-0.141998
0.182846
0.708588
1.23337
1.3244
1.40907
1.46591
0.701431
0.8069
1.13934
1.0645
0.789719
1.23853
0.284531
0.16275
0.327194
0.250931
0.03508
0.11705
0.0402222
-0.0192413
-0.0260925
0.0165558
0.0627289
0.0870361
0.0240021
0.0217896
0.146606
0.279663
0.270767
0.58226
0.703598
0.752533
0.903229
1.01811
1.02443
1.03212
0.822311
-0.0224609
1.05061
0.0782013
-0.77861

[9]
-0.784714
-0.6577
-0.567413
-0.428528
-0.319626
-0.158463
0.0583954
0.425201
1.2254
1.32144
1.4142
1.48546
0.980667
0.64447
1.09183
0.844437
0.603699
1.00378
0.628555
0.813171
0.0524597
0.265671
0.217346
0.140152
0.0850372
0.0448303
-0.00793457
0.00674438
0.0343781
0.105942
0.152405
0.00463867
-0.00250244
0.0700226
0.186569
0.359604
0.505875
0.654129
0.712952
0.967758
1.0251
1.0336
1.04112
1.06346
0.118195
-0.293625
0.457535
-0.811371
-0.647003
-0.689163

[10]
-0.700912
-0.541443
-0.509872
-0.375259
-0.158798
0.145859
0.865143
1.28548
1.37823
1.45552
1.13039
0.834671
1.47881
1.14777
1.13828
1.29192
0.511124
0.0998688
0.471161
0.353577
0.0446625
0.12532
0.0728607
-0.0351868
-0.0689087
-0.0260162
0.0783997
0.0900574
0.0951843
0.112198
0.0947266
0.143173
0.249817
0.499084
0.575134
0.706635
0.816116
1.02443
1.03369
1.04567
1.06898
0.285889
0.359695
-0.273621
-0.432022
-0.887512
-0.714417
-0.663635
-0.445343
-0.267975

[11]
-0.167618
0.0880127
0.165237
0.75177
0.769974
1.24242
1.32402
1.38553
0.494583
0.802322
0.982071
0.115097
1.30049
1.23221
0.368774
0.000976562
0.229904
0.233215
0.00878906
0.0360107
0.0379639
0.031723
-0.0460968
0.0282135
0.0570374
0.0763702
0.055954
0.0617981
0.120071
0.177444
0.248779
0.556488
0.652344
0.758224
0.891754
1.02594
1.03584
1.04503
1.06963
0.266251
-0.193787
0.286987
-0.87796
-0.688797
-0.744049
-0.639694
-0.477051
-0.400162
-0.271759
-0.0326996

[12]
0.304459
1.13907
1.25554
1.34756
1.42007
0.962738
0.806366
1.07167
0.540314
1.00763
1.24036
0.787201
0.205978
0.285599
0.253525
-0.0145721
0.0838623
0.0538483
-0.0148621
-0.00462341
-0.00733948
0.065155
0.0466766
0.0249939
0.0549164
0.223587
0.209167
0.215332
0.515533
0.62796
0.712891
0.856873
1.02309
1.03174
1.04597
1.05661
0.285263
0.16243
0.372757
-0.989792
-0.716034
-0.74855
-0.786331
-0.561203
-0.489273
-0.319473
-0.0336151
0.384354
1.20009
1.29207

[13]
1.38364
1.4545
1.1263
0.722778
1.07436
0.619385
0.374527
1.28284
0.50795
0.21373
0.377258
0.357498
0.0825653
0.0872345
0.0824432
0.0104828
-0.0366211
-0.00450134
-0.0236816
0.0607758
0.0782623
0.0505981
0.169067
0.223831
0.258865
0.482437
0.604462
0.718033
0.755478
1.01903
1.02745
1.04002
1.06529
0.364441
1.1032
0.195755
-0.624176
-0.866516
-0.72345
-0.798126
-0.528488
-0.454742
-0.289322
-0.0259705
0.3508
1.18871
1.28462
1.38429
1.46487
1.18578

[14]
0.852081
1.13504
0.35907
0.773376
1.30463
0.555588
0.178146
0.458313
0.321762
0.0784454
0.132065
0.122009
0.00558472
0.00364685
-0.0517731
0.017807
0.0543823
0.0277863
0.0299988
0.204285
0.329147
0.351089
0.519043
0.631104
0.728378
0.877869
1.01729
1.02507
1.03397
1.04492
0.249435
-0.281189
0.372955
-0.924973
-0.681488
-0.704056
-0.670227
-0.545547
-0.491608
-0.301163
-0.0659332
0.318634
1.11647
1.32715
1.42891
1.50798
1.15088
0.814941
1.50789
0.986603

[15]
0.729935
1.29288
-0.148087
0.457214
0.49353
0.298477
0.0477142
0.121078
0.0687103
-0.00747681
0.0375824
0.0422058
0.083725
0.059906
0.0572205
0.174805
0.219009
0.239227
0.283279
0.518448
0.650543
0.739349
0.929199
1.02042
1.02821
1.04041
0.894226
0.166336
-0.470673
0.0481873
-0.681381
-0.619705
-0.700485
-0.657242
-0.459351
-0.390793
-0.264771
0.0155334
0.452103
1.23347
1.3342
1.43358
1.50648
0.97966
1.07149
1.1778
1.33295
1.28275
1.26492
-0.0460968

[16]
0.348419
0.374695
0.19812
0.0732117
0.135147
0.0662842
-0.00805664
0.0360565
0.051178
0.045517
0.0372314
0.0366211
0.0554352
0.142029
0.222855
0.273117
0.552582
0.619766
0.708191
0.930603
1.0183
1.02473
1.03256
0.787888
0.253342
-0.0754852
0.240524
-1.04019
-0.637466
-0.688583
-0.604111
-0.465363
-0.408737
-0.219269
-0.00186157
0.361542
1.11659
1.29832
1.3876
1.45334
0.738937
0.816925
1.44826
0.783249
0.946579
0.924515
0.969604
0.015564
0.283112
0.322601

[17]
0.0180359
0.115677
0.0503082
-0.0109406
-0.0102997
0.0687408
0.0991821
0.0935822
0.0437622
0.0444031
0.129028
0.294037
0.295746
0.491486
0.583313
0.639664
0.749329
1.01523
1.01978
1.02391
0.801559
0.171555
0.786209
0.600983
-0.478912
-0.88826
-0.627029
-0.743698
-0.517136
-0.457535
-0.302643
-0.141083
0.16156
0.78125
1.27045
1.3622
1.44043
1.09554
0.776413
0.995346
0.818176
0.703201
1.31572
1.24385
0.36673
0.324631
0.358017
0.0503998
0.129425
0.0905457

[18]
0.04599
-0.0333405
0.0693207
0.0646667
0.0637054
0.0693207
0.0291748
0.0990295
0.214706
0.200317
0.435883
0.576706
0.636398
0.714157
1.00888
1.01505
1.02412
1.03453
0.593185
0.011322
-0.787003
0.0472107
-0.70256
-0.85878
-0.76416
-0.74823
-0.551025
-0.431961
-0.257187
-0.0283813
0.363556
1.04956
1.28009
1.37044
1.43924
1.10336
1.04109
1.35336
0.872131
1.06384
0.517517
0.751617
-0.00238037
0.478027
0.136688
0.0486145
0.0617218
0.0905914
-0.0247498
0.0599213

