[1]
-0.345657
0.0191956
0.148254
0.0410309
0.0985107
0.0924225
-0.0549927
-0.35408
-0.445877
-0.571411
-0.820068
-0.634018
-0.280106
-0.416321
0.165756
0.207596
0.176941
0.0372772
0.0943451
0.128983
0.113754
0.117218
0.109711
0.145752
-0.0356903
-0.0273895
-0.201141
-0.343094
-0.748505
-0.415924
0.0503998
-0.149155
1.03032
0.67009
-0.627991
-0.0342865
-0.102005
-0.00650024
-0.00154114
0.0540924
0.0458374
-0.0625
-0.0789795
-0.206268
-0.0754089
0.0282593
0.0534058
0.0109406
-0.0609894
-0.0590973

[2]
-0.0391541
0.0166168
0.141373
0.0844574
0.195297
0.191437
-0.137177
-0.227112
-0.672882
-0.484177
-0.47139
-0.578751
-0.642014
-0.312149
0.206299
0.137726
0.0759583
-0.0400391
0.0254517
0.113846
0.139359
0.130341
0.174683
0.0271454
0.143509
0.0815582
-0.0412903
-1.03389
-0.437042
-0.0105286
-0.471756
1.11697
0.384155
-0.382324
-0.0977783
-0.12854
-0.199707
-0.0587311
-0.0856323
0.00402832
-0.099472
0.0575562
-0.0232849
-0.00325012
0.0326233
0.0684204
-0.0361176
-0.0522308
-0.0924835
0.000839233

[3]
0.0579376
0.019928
0.207367
0.216034
0.0817413
-0.285065
-0.464996
-0.604904
-1.11414
-0.736069
-0.0829926
-0.0966644
0.039032
0.13208
0.0437469
0.0447845
0.112854
0.125977
0.210434
0.285339
0.121231
0.250015
-0.169189
-0.376541
-0.586807
-0.285507
-0.562225
-0.196091
1.1684
0.213394
-0.422913
0.32045
-0.172913
-0.241699
-0.0644073
0.00242615
-0.0371552
-0.0635681
-0.150131
-0.0488281
-0.0351868
-0.198059
-0.0697937
0.0222778
0.0987244
-0.0140686
0.0128326
-0.00921631
0.0905151
0.208725

[4]
0.191147
-0.107162
-0.519608
-0.709641
-0.212051
-0.425797
-0.922119
-0.0983887
0.069809
0.103058
0.113602
0.0377197
-0.0398254
0.0259094
0.0874939
0.127701
0.147797
0.211105
0.166565
0.194931
-0.0834198
-0.474777
-0.993652
-0.444153
-0.480316
0.868515
0.195877
-0.553604
-1.12582
0.0421295
-0.0617676
-0.0175781
-0.156067
0.110199
-0.106506
-0.212402
-0.205612
-0.22464
-0.100815
0.038681
0.0553589
0.0410767
0.0137177
-0.0740356
0.0141296
0.113449
0.136993
0.236145
0.0829773
-0.276871

[5]
-0.374863
-0.391953
-0.570389
-0.524796
-0.676208
0.142487
-0.163635
0.0195007
0.0177002
0.101334
0.0132446
-0.125427
-0.0688629
0.0133362
0.0511932
0.0966034
0.0319824
-0.0362549
-0.23233
-0.214951
-1.04045
-0.237946
-0.144592
0.643814
0.787094
0.525864
-1.16957
-0.344528
0.0306854
0.0971222
-0.0960083
0.131302
0.00215149
-0.135605
-0.210831
-0.366074
-0.0645447
0.0974579
0.174484
0.055191
0.01828
-0.0363159
-0.0110626
0.152893
0.129196
0.262268
0.0669556
-0.251053
-0.331345
-0.82251

[6]
-0.218887
-0.62355
-1.02026
0.1026
-0.040802
0.0469055
0.202545
0.0961609
-0.0291138
-0.0195923
0.148666
0.204086
0.199402
0.177765
0.197815
0.0283508
-0.17218
0.0235596
-0.694794
0.134155
0.0597382
-0.290894
0.0724792
0.415436
-0.823547
0.040741
-0.117905
-0.0457916
-0.0694733
0.00714111
-0.0153961
-0.214828
-0.192413
-0.217087
-0.0509796
0.0421753
0.111557
0.0457153
-0.0514221
-0.137955
0.0194397
0.13739
0.0981445
0.187332
0.115448
-0.196335
-0.356445
-0.835342
-0.0149536
-0.975113

[7]
-0.53476
0.194397
-0.0354462
0.199905
0.108246
0.00917053
-0.120514
-0.0493927
0.0951691
0.112274
0.151718
0.187408
0.0492554
0.244553
-0.0835876
-0.179337
-0.59642
-0.318329
0.142227
-0.303253
1.3927
-0.130737
-0.584259
0.207428
0.0232391
-0.158508
-0.170364
-0.0773926
0.0148315
-0.136292
-0.142319
-0.247986
-0.130722
-0.0190735
0.0769806
0.0510254
-0.0137177
-0.0484467
0.00753784
0.154282
0.0931244
0.162659
0.145981
-0.0865936
-0.191452
-0.597992
-0.228928
-0.844254
-0.835785
-0.408493

[8]
-0.106094
-0.143188
0.129639
0.143143
-0.0355682
-0.0842285
-0.0377045
0.090271
0.123001
0.151291
0.112427
0.35939
0.0536499
-0.53862
-0.558258
-0.310272
-0.591248
-0.116562
0.82608
0.131348
-1.092
0.100876
-0.195847
-0.172348
-0.114029
-0.0746765
0.0349731
-0.148483
-0.195221
-0.161346
-0.123642
0.050766
0.078537
0.0517578
0.0104218
-0.00556946
-0.0514984
0.0668793
0.129288
0.273849
0.193787
-0.184128
-0.381577
-0.719131
-0.4039
-0.693054
-1.02834
0.471237
0.121643
0.248154

[9]
0.168442
0.195419
0.0395355
0.0412445
0.173019
0.203934
0.177536
0.265045
-0.0144958
0.228363
-0.374283
-0.60759
-1.06827
-0.681946
-0.290054
0.43631
1.18028
-0.160736
-0.710495
0.219849
-0.208145
-0.326843
0.022171
-0.0129089
-0.0249939
-0.151154
-0.207428
-0.102264
-0.10701
0.0240021
-0.115738
0.121582
0.0297241
-0.100525
-0.0131683
0.143326
0.141586
0.29628
0.124313
-0.177231
-0.232941
-0.474762
-0.101669
-0.44162
-0.743378
-0.411728
-0.415329
0.191498
0.0971069
0.0760803

[10]
-0.0736237
-0.119553
-0.0975037
-0.0566254
-0.0596924
0.0102539
-0.189301
-0.0966797
-0.391129
-0.595413
-1.29816
-0.454071
0.335739
1.2766
0.655991
-0.204666
-0.422653
-0.299088
0.136337
0.149597
-0.152405
0.213791
-0.137894
-0.239899
-0.243057
-0.234421
0.0700378
0.213272
0.227402
-0.00236511
-0.132721
0.0241394
0.165115
0.130753
0.224503
0.123398
-0.211472
-0.473175
-0.723297
0.127884
-0.777359
-0.880753
-0.629684
-0.249863
-0.170471
0.0178833
0.133789
0.00590515
0.069458
0.148529

[11]
0.212662
0.64328
0.0903778
-0.068634
-0.692841
-0.663208
-0.413223
-0.765335
-0.759369
-0.210831
-0.129883
-1.23813
2.19588
-0.0686493
-0.776459
0.0228729
-0.479904
0.174194
-0.253769
0.0131531
-0.0713348
-0.0190887
-0.0280914
0.00843811
-0.0730743
-0.0221558
-0.0378571
-0.00587463
-0.0339966
-0.0183105
0.184006
0.130753
0.116455
0.148346
-0.0791626
-0.221298
-0.66362
-0.197357
-0.564896
-0.918854
0.150055
0.0223999
0.146545
0.053894
0.126877
0.0832367
0.110092
0.157867
0.218704
0.197571

[12]
0.230087
0.0668793
0.154602
-0.508286
-0.474564
-0.547897
-0.10791
-0.320816
0.0548706
0.785873
-0.940125
0.45076
-0.199112
-0.0145569
-0.041748
-0.0497131
-0.0406342
-0.185547
-0.151108
-0.159149
-0.165787
-0.0241852
-0.00938416
0.036972
0.0888977
0.109192
-0.0133209
0.0406036
0.0655823
0.173599
0.188736
-0.0706024
-0.225479
-0.594925
0.0278473
-0.797348
-1.1106
-0.199707
-0.18364
0.326187
0.135269
0.0284882
-0.18956
-0.132446
-0.0556335
-0.0454865
-0.0105591
0.0139923
0.0954437
-0.0826416

[13]
-0.0461121
-0.0796814
-0.661392
-0.27002
-0.172043
-0.207901
0.203979
0.061676
-0.441986
-0.0536041
0.00746155
-0.0491028
-0.143951
0.0419464
-0.0604248
-0.204971
-0.0971069
-0.173462
-0.046051
0.0307159
0.0763397
0.00215149
-0.0648346
0.00642395
0.133209
0.128128
0.125946
0.227005
0.0413055
-0.11235
-0.430603
-0.305206
-0.643707
-1.14333
-0.104462
0.158066
0.246597
0.0422516
0.0389252
-0.108322
-0.122696
-0.0363312
0.0177155
0.0270844
0.120514
-0.00238037
0.0526733
-0.381744
-0.15744
-0.685684

[14]
0.0243225
-0.131287
0.43576
-0.473953
-0.260941
-0.469406
0.0244293
-0.133606
0.0814209
-0.182297
-0.0130463
-0.0702057
-0.145828
-0.242722
-0.162109
-0.138214
0.0270538
0.0656586
0.0462036
-0.0361938
0.0248566
0.0707703
-0.0227051
0.0716705
0.0983276
-0.119171
-0.264297
-0.550827
-0.418182
-0.395447
-0.767166
-0.546875
-0.47168
0.067337
0.00376892
-0.0365295
-0.130966
-0.153305
-0.0887909
-0.0139771
-0.00932312
-0.00506592
0.0045929
-0.0635529
-0.0331421
0.0287476
-0.728485
-0.0438232
0.259781
0.456909

[15]
0.796387
-0.104935
-0.334427
-0.0674286
0.244598
-0.165283
-0.154007
-0.100449
-0.130814
-0.131744
-0.112427
-0.0786743
0.0105133
-0.0387421
0.0621643
-0.185913
-0.0275879
0.19516
0.307648
0.133774
0.116776
0.11528
-0.23793
-0.253311
-0.689407
-0.333588
-0.568436
-0.599442
-1.14026
-0.290909
0.291412
0.0888672
0.0470886
-0.00038147
0.069397
0.207565
0.202942
0.149048
0.148727
0.235077
0.00880432
-0.472305
-0.23317
-0.16864
-0.425217
0.0397034
1.08112
0.176987
-1.63596
0.122559

[16]
-0.0486755
0.0274506
-0.145218
-0.0319672
0.0367279
-0.118149
-0.138168
-0.146805
-0.188629
0.0262909
-0.0161285
0.0151978
-0.0198059
0.0686493
0.0888214
0.173462
0.0781097
0.16362
0.208313
-0.018219
-0.274933
-0.555939
-0.324356
-0.487732
-0.679413
-0.216156
-0.145142
0.290756
0.169739
0.141037
0.0621948
0.0430908
0.0766296
0.114227
0.105865
0.133377
0.0572052
-0.033432
-0.456787
-0.401108
-0.274567
-0.291336
-0.123016
0.471802
1.49161
-0.649841
0.52533
0.0640564
-0.237
-0.046051

[17]
-0.15155
-0.0949707
-0.200348
-0.184998
-0.094162
-0.0742493
0.054306
0.0163727
-0.0270538
-0.0545654
-0.0486145
0.0249329
0.190247
0.107071
0.10733
0.173767
-0.068573
-0.146805
-0.463898
-0.203537
-0.689911
-0.859848
-0.18927
0.34375
0.0631104
0.0319977
-0.0309906
-0.00820923
-0.0394897
-0.0354462
-0.030365
0.020401
0.100616
0.0140686
0.0712433
-0.252975
-0.700897
-0.73941
-0.0263672
-0.0836945
0.252182
0.0101471
0.244614
-1.37567
0.149048
0.0917969
0.0125275
-0.193665
-0.0136414
-0.157425

[18]
-0.249115
-0.108459
-0.0661163
0.015274
0.0321503
-0.00267029
-0.0527039
-0.0767059
-0.116287
0.0217896
0.259323
0.17775
0.301178
-0.00752258
-0.203751
-0.541321
-0.418442
-0.559189
-0.674408
-0.0933685
-0.7789
-0.186401
-0.0796051
-0.000228882
-0.115005
-0.157364
-0.114349
-0.0212402
0.0110779
-0.0211945
-0.0213165
-0.104675
-0.242126
-0.306076
0.0175323
-0.301773
0.306625
0.527039
2.05989
0.601364
-0.771484
-0.00637817
-0.15947
0.0895081
-0.16156
-0.0522766
0.0610199
-0.0951385
0.011795
-0.0946808

