[1]
0.113571
0.0820923
-0.00914001
-0.0438232
0.0675354
0.170868
0.119934
0.111359
0.498016
0.215607
0.0401611
0.0575714
0.170685
0.368347
0.471863
0.294556
0.270615
0.267715
0.20993
0.15773
0.109314
0.0681152
0.00849915
-0.0654907
-0.129608
-0.215088
-0.286667
-0.379074
-0.405426
-0.455383
-0.581711
-0.572815
-0.740417
-0.831619
-0.959915
-0.78685
-0.248749
0.577408
0.0261536
0.0350342
-0.113708
-0.149307
-0.164597
-0.148895
-0.25531
-0.290787
-0.147781
-0.053299
-0.0677643
-0.0450439

[2]
0.00643921
0.02771
0.026947
-0.035141
-0.028656
-0.0397491
-0.0379486
-0.0210266
-0.00332642
0.0103912
-0.0166779
-0.00614929
-0.0181274
-0.0278625
0.0065918
-0.022049
0.0191956
0.0357056
0.0457611
0.024826
0.0329437
-0.0142212
0.0231476
0.148636
0.0267334
0.133499
0.201538
0.12973
0.304581
1.06921
0.624741
0.570786
0.581833
0.386246
0.408463
3.05176e-05
0.500748
0.716858
0.701233
0.611649
0.481628
0.374557
0.38533
0.470657
0.378311
0.103638
-0.149918
-0.197845
-0.421143
-0.792816

[3]
-0.996063
-0.84198
-1.04588
-1.22249
-1.3093
-1.64745
-1.19643
-1.23561
0.241318
0.453308
-0.196243
-0.196716
-0.0555878
-0.0357361
-0.165482
-0.330841
-0.183914
0.0233307
0.0071106
-0.0573883
0.0285492
0.084259
0.0690765
-0.0484772
-0.0884552
-0.0389709
-0.0172577
0.0674591
0.0110321
0.0136108
0.0495758
0.0736237
0.0426788
0.0491791
0.0469971
0.0462189
0.0500641
0.0819244
0.0500336
0.078125
0.116699
0.0921326
0.0624084
0.108948
0.22522
0.257706
0.621872
1.07068
0.602081
0.663818

[4]
0.681
0.51796
0.135254
0.135681
0.673386
0.846939
0.669357
0.560104
0.443329
0.456406
0.539764
0.379288
-0.0739594
-0.150208
-0.219055
-0.364426
-0.578171
-0.697281
-0.752655
-0.794235
-0.943924
-1.03348
-1.37123
-1.5674
-1.24403
-0.846664
0.0648956
0.397476
-0.021698
0.00982666
-0.209625
-0.133392
-0.13353
-0.27626
-0.146515
-0.0209808
0.0277863
0.0239563
0.00881958
0.0317688
0.0784454
0.1371
0.0786285
-0.03685
-0.0740814
-0.0297394
0.000839233
0.0708618
0.084137
0.0217896

[5]
0.0410156
0.0640106
0.035965
0.004776
0.0354004
0.0664215
0.0882416
0.0773773
0.0537262
0.0545349
0.180801
0.128616
0.114899
0.179214
0.317017
0.591187
1.2755
0.616318
0.371109
0.619446
0.381119
0.304749
0.331772
0.584106
0.748962
0.674347
0.647888
0.532761
0.394348
0.416229
0.461014
0.251892
-0.0147095
-0.0610962
-0.284424
-0.528595
-0.678741
-0.80603
-0.824722
-1.07159
-1.1114
-1.22133
-1.36795
-1.37689
-0.691681
0.588303
0.201004
-0.190659
-0.0167542
0.0280151

[6]
-0.075943
-0.320267
-0.0936737
0.0229645
0.0702362
0.0743408
0.0839081
0.0117645
0.0436401
0.0458527
0.0190735
0.01651
0.0166779
0.0566406
0.0525208
0.0408325
0.0301819
0.0754852
0.0862122
0.0638885
0.0597992
0.0650177
0.10083
0.081131
0.0718994
0.0664978
0.103256
0.123642
0.0879059
0.093338
0.193085
0.200424
0.314789
0.613068
1.07112
0.701172
0.706711
0.352554
0.5634
0.727188
0.0364532
0.237915
0.496674
0.65062
0.662964
0.604965
0.424759
0.316254
0.234848
0.282089

[7]
0.225662
0.120361
-0.105011
-0.325256
-0.530136
-0.648026
-0.793289
-0.875839
-1.37799
-1.02974
-1.24471
-1.26067
-1.14212
0.148376
0.667572
-0.0375671
-0.136536
-0.0451355
-0.0834503
-0.36969
-0.254089
-0.0905304
-0.0102081
-0.0355682
-0.0654907
0.0707855
0.0731506
0.157166
0.0371552
0.0318909
0.0560913
-0.00637817
0.0715027
0.100525
0.104645
0.067688
0.0719147
0.0675812
0.0575256
0.0830994
0.0887756
0.135406
0.121033
0.0254669
0.0971069
0.123734
0.0935059
0.172302
0.177872
0.30043

[8]
0.255371
0.30191
0.628586
0.83493
0.447205
0.62027
0.669479
0.645691
0.268463
0.108398
0.415695
0.703064
0.688629
0.618515
0.513229
0.457809
0.40596
0.325409
0.274673
0.167786
-0.0882721
-0.364944
-0.605606
-0.92981
-1.15871
-1.06995
-1.17682
-1.77798
-1.2525
-1.18079
0.279282
0.490387
-0.283844
-0.213882
0.0647278
0.0195923
-0.278458
-0.287369
-0.167725
-0.0336914
0.00205994
-0.0304108
-0.0194092
0.0792542
0.117142
0.0512238
0.0266266
0.0388794
0.0160675
0.0664215

[9]
0.0175171
0.0295868
0.0867004
0.0502167
0.0531311
0.0599365
0.107498
0.0519104
0.0381165
0.0909271
0.133835
0.127304
0.0566254
0.123276
0.122345
0.130371
0.252426
0.107208
0.37233
1.29683
0.627731
0.647263
0.706787
0.457321
0.18306
0.0271149
0.532043
0.773422
0.680283
0.598541
0.457458
0.390808
0.398682
0.381302
0.279907
0.088028
-0.0647583
-0.252609
-0.480362
-0.688873
-0.839813
-0.85701
-0.872803
-1.16716
-1.6187
-1.15054
-0.980728
-0.244919
0.777832
0.104294

[10]
-0.360535
-0.152344
-0.0276489
-0.381302
-0.218918
-0.118866
-0.0258484
-0.0312958
-0.0301971
0.121323
0.0980377
0.0860443
0.068161
0.0387268
0.0501862
0.0705109
0.0940552
0.0477753
-0.00970459
0.05896
0.0729065
0.0488281
0.015213
0.0565338
0.0919037
0.0889893
0.087677
0.0820618
0.115829
0.0970612
0.0963593
0.0539856
0.0808563
0.25412
0.196167
0.291916
0.675079
1.0928
0.691742
0.528641
0.587723
0.638992
0.391724
-0.160431
0.510117
0.629349
0.681244
0.580673
0.474533
0.336029

[11]
0.227356
0.243973
0.191513
0.0429382
-0.0216522
-0.212677
-0.497192
-0.646637
-0.66539
-0.762817
-1.10197
-1.06158
-1.08032
-1.16429
-1.10327
-0.719925
-0.148727
1.0865
0.05159
-0.541153
0.0100403
-0.0273895
0.0408936
-0.336594
-0.28421
0.0337219
0.0781403
0.0313873
0.0711212
0.073761
0.0795593
0.109329
0.0539703
0.0806885
0.0531311
0.06427
0.035614
0.0337524
0.0312042
0.144531
0.0730591
0.00872803
0.0138702
0.0927887
0.062561
0.0638428
0.079361
0.0721741
0.121765
0.0888062

[12]
0.0793304
0.107147
0.256836
0.244873
0.230621
0.458817
0.627472
1.07706
0.336212
0.642105
0.454178
0.421371
0.337967
0.0227203
0.527252
0.683762
0.630783
0.572266
0.468063
0.39119
0.39801
0.392715
0.334579
0.196625
0.0786438
-0.106613
-0.315613
-0.514297
-0.693848
-0.78978
-1.04039
-1.70103
-1.39041
-0.805969
-1.1216
-0.198441
0.81424
-0.0923004
-0.438293
-0.115646
-0.374069
-0.276001
-0.0680542
0.10199
0.00811768
-0.0144958
0.0697174
0.146347
0.156082
0.00653076

[13]
0.0541687
0.0691528
0.0623627
0.0307159
0.0447998
0.058075
0.0800934
0.039917
0.0780334
0.107651
0.0671082
0.0207367
0.0786133
0.0990143
0.0489502
0.086731
0.134766
0.143341
0.101364
0.196564
0.241318
0.193527
0.382935
0.893265
1.48837
0.291519
0.381287
0.461639
0.763123
0.940048
0.0161438
0.00143433
0.326813
0.623917
0.721191
0.742111
0.583359
0.273224
0.154037
0.263962
0.403
0.192505
-0.0942688
-0.416794
-0.66481
-0.905594
-1.02016
-0.842117
-1.18527
-1.45703

[14]
-1.1996
-0.680328
-0.987305
0.102493
1.13527
-0.193756
-0.552338
0.0952301
-0.427826
-0.289169
-0.234467
-0.0140839
0.00987244
0.0115204
0.0127106
0.112213
0.0740814
0.059494
0.0328217
0.0745544
0.13269
0.0942383
0.0979156
0.0955963
0.0828705
0.0495148
0.037735
0.0666656
0.0912476
0.108063
0.103058
0.111969
0.0722046
0.096756
0.128525
0.170975
0.164215
0.195618
0.476852
0.542328
1.14645
0.659439
0.673004
0.839996
0.42778
0.412857
-0.12532
0.585754
0.792557
0.756577

[15]
0.63179
0.585617
0.417618
0.345673
0.355881
0.391388
0.286469
0.0999298
-0.150406
-0.325256
-0.612915
-0.881134
-1.00488
-1.06747
-1.22009
-1.32993
-1.37201
-1.50575
-0.794632
1.26601
-0.610687
-0.00700378
-0.11557
-0.200134
-0.288666
-0.12204
0.109894
0.0219574
0.0138397
0.0799408
0.208298
0.101273
0.061554
0.0873413
0.0908203
0.0670929
0.0371246
0.0329132
0.0877686
0.0835266
0.0919342
0.0691681
0.0688629
0.0935059
0.0642242
0.0668182
0.0705872
0.0996552
0.134262
0.128265

[16]
0.145721
0.179047
0.187485
0.238998
0.630157
1.46922
0.733688
0.681793
0.550034
0.796295
0.626572
-0.0206146
0.210022
0.46405
0.718231
0.778503
0.708878
0.541229
0.327286
0.36673
0.429016
0.279678
-0.0569305
-0.442108
-0.561279
-0.692444
-1.00436
-0.916016
-0.91539
-1.23849
-1.41783
-1.02744
-1.00444
-0.373749
1.1301
-0.129501
-0.452454
0.0062561
-0.245789
-0.277557
-0.178772
0.00228882
0.0720062
0.0390167
0.0885468
0.165512
0.137634
0.0148621
0.0110016
0.0521698

[17]
0.0885773
0.0952148
0.0673523
0.0496674
0.0765991
0.0451202
0.0395508
-0.0313568
-0.0382233
0.0399475
0.0792389
0.0979309
0.102142
0.159744
0.116928
0.118607
0.117905
0.186554
0.158554
0.249405
0.784363
1.2529
0.675446
0.736435
0.641693
0.622192
0.10498
-0.0583191
0.619644
0.774033
0.703644
0.5849
0.443756
0.343216
0.315903
0.3591
0.373306
0.2836
0.00900269
-0.392868
-0.461121
-0.854446
-1.19493
-1.10352
-1.21095
-1.6631
-1.3026
-1.02219
-0.842407
0.64476

[18]
0.333054
-0.601059
-0.124023
0.159973
-0.255341
-0.381989
-0.131332
0.0738678
-0.0121613
-0.0430756
0.0707092
0.0641479
0.0528412
-0.00469971
-0.0568085
0.00830078
0.0438232
0.00773621
0.0045166
0.0470581
0.039566
0.045639
0.0115051
0.0327148
0.0766296
0.0270691
0.030899
0.103027
0.0849304
0.0995789
0.107544
0.152008
0.170578
0.154922
0.0827484
0.310623
0.891373
0.888367
0.144714
1.30174
0.568527
0.418182
0.0111847
0.292633
0.636139
0.784119
0.661026
0.544601
0.441879
0.426788

[19]
0.378693
0.333145
0.301071
-0.0325165
-0.0908661
-0.36084
-0.59761
-0.756836
-0.922577
-1.01874
-1.10602
-1.20657
-1.01053
-1.10368
-0.717514
-0.859558
0.347931
0.840393
-1.09082
-0.121307
0.113297
-0.402191
-0.312759
-0.295547
-0.0552063
-0.0257416
0.0894623
0.087616
0.174683
0.0740356
0.0254211
0.0650024
0.115891
0.0536041
0.00733948
0.067749
0.1091
0.0402985
-0.0162354
0.0102997
0.0184021
0.0661163
0.0921173
0.0900726
0.109741
0.0890198
0.16156
0.15773
0.111374
0.142014

[20]
0.200165
0.237701
0.980759
1.40509
0.376373
0.680603
0.606506
0.83046
-0.0431671
0.00526428
0.396454
0.671249
0.678192
0.614288
0.55397
0.404953
0.455582
0.54776
0.292694
-0.128784
-0.152405
-0.303391
-0.581467
-0.929245
-0.800705
-0.914658
-1.23485
-1.59819
-1.65256
-1.28214
0.344315
0.605484
-0.671921
-0.0276031
-0.142624
-0.264679
-0.426071
-0.169449
0.0529022
0.00480652
0.019516
0.0253906
0.0574188
0.0864868
0.0351562
-0.00906372
-0.0092926
0.0136566
0.0414124
0.054184

[21]
0.0485077
0.0179291
0.0632782
0.0405121
0.0189667
-0.00756836
0.0264893
0.0781708
0.0917358
0.0797119
0.0746765
0.107666
0.088028
0.13887
0.112274
0.0755463
0.405731
1.29253
1.12328
0.796051
0.408295
0.740356
1.16176
-0.020813
-0.132401
0.21283
0.589554
0.797379
0.779236
0.70224
0.452667
0.226608
0.221619
0.233429
-0.0227661
-0.366272
-0.479111
-0.679504
-0.910828
-0.825653
-1.07112
-1.62845
-1.65614
-1.02235
-1.29619
-0.192337
0.760696
-0.161713
-0.388504
-0.0593414

[22]
0.0463715
-0.359146
-0.53067
-0.184509
0.0210419
0.106384
0.062973
0.0571747
0.0346222
0.141647
0.00822449
-0.031601
0.0148621
0.0749359
0.0684662
0.0345764
0.0148468
0.0571136
0.0230713
0.00265503
0.00987244
0.0173492
0.0489655
0.0563202
0.113007
0.119232
0.103622
0.141617
0.12204
0.224991
0.191101
0.141586
0.675339
1.13277
0.516113
0.699997
0.729675
0.789581
0.251114
-0.270706
0.259201
0.727356
0.796768
0.678009
0.581589
0.434769
0.301224
0.271835
0.261444
0.237137

[23]
0.0878143
-0.181366
-0.591141
-0.8918
-1.32253
-1.4559
-1.97157
-2.15376
-0.487488
-1.2272
0.433853
0.350372
-0.285645
-0.152832
-0.0937805
-0.376495
-0.39772
-0.137192
0.109924
-0.00752258
0.00430298
0.0379028
0.0626678
0.0812073
0.00291443
-0.0652161
-0.0162048
-0.0387268
-0.019455
0.0245209
0.0515137
0.0658569
0.00935364
0.0317383
0.0521851
0.030365
0.0200195
0.0594177
0.0610809
0.0833588
0.0141907
0.119675
0.0950012
0.176865
0.319595
0.948486
0.691833
0.577805
1.23154
0.519852

[24]
0.631897
-0.0531311
0.0138245
0.459869
0.855118
0.715179
0.583405
0.428925
0.354721
0.33812
0.297165
0.200439
0.0578613
-0.202499
-0.443222
-0.764664
-1.11188
-1.24339
-1.21249
-1.41576
-1.83347
-1.3051
-0.960754
0.24324
0.500031
-0.305069
-0.362625
-0.132706
-0.197266
-0.390945
-0.14621
0.000274658
0.0124817
-0.0621796
-0.0093689
0.0354156
0.0798645
0.0125122
-0.0500336
-0.0730743
-0.0149231
-0.0137634
0.0045929
-0.003479
0.029541
0.0223389
-0.00354004
-0.0392914
-0.000900269
0.0558472

[25]
0.00115967
0.00923157
0.0676727
0.0312958
0.0390167
0.115326
0.0760803
0.12178
0.122009
0.304276
0.679718
1.1091
0.643051
0.525055
0.535339
0.744385
0.288818
-0.249542
0.367615
0.590668
0.685013
0.620972
0.553101
0.43985
0.324127
0.301636
0.234833
0.0781555
-0.016922
-0.227051
-0.494827
-1.02263
-1.3877
-1.34828
-1.46637
-1.6705
-1.06593
-1.08986
-0.178284
0.522949
-0.0897827
-0.495514
-0.0106506
-0.0334473
-0.395584
-0.385086
-0.233353
-0.100708
-0.10498
-0.0708923

[26]
0.0554657
0.0391388
0.0195312
-0.0449829
-0.0551605
-0.0500793
-0.0905151
-0.0262756
0.00401306
-0.0264435
-0.0582581
-0.0487366
-0.0294647
-0.0154572
0.018219
0.047699
0.0237579
0.0921631
0.0642395
0.0333252
0.17717
0.0272522
0.150009
0.113556
0.345062
1.05913
0.544479
0.697021
0.979462
0.523834
0.383774
-0.383865
0.234573
0.700714
0.80304
0.639221
0.510498
0.386993
0.312576
0.272125
0.228836
0.0959778
-0.0951843
-0.327591
-0.525803
-0.836044
-1.25632
-1.26392
-1.18095
-1.46709

[27]
-1.88606
-1.20403
-1.11479
1.03357
0.136185
-0.758591
-0.18605
-0.258026
-0.308334
-0.396759
-0.160645
0.00474548
-0.0743103
-0.0631409
0.0264282
0.132462
0.0474091
0.037674
-0.0384216
-0.069397
-0.107574
-0.0987396
-0.0204315
0.00114441
-0.0464935
-0.0214233
-0.00750732
-0.0341034
-0.0207062
-0.0400391
-0.044693
0.00254822
0.0156555
0.0858917
0.028717
0.129028
0.13443
0.188965
0.578598
1.20049
0.626907
0.38002
0.640991
0.581345
0.426132
-0.223404
0.340118
0.506332
0.621872
0.600372

[28]
0.541977
0.339661
0.279282
0.286209
0.286194
0.170776
-0.186081
-0.23439
-0.357407
-0.66481
-0.870636
-0.962753
-1.12541
-1.392
-1.79208
-1.3945
-0.732651
-0.86232
0.389954
0.360657
-0.34816
-0.109497
-0.10257
-0.360641
-0.457047
-0.242661
0.00770569
-0.0344086
-0.0770264
-0.0417633
0.0240784
0.0245819
-0.0671692
-0.0501404
-0.0732117
-0.0545959
-0.0151978
-0.0493927
-0.0185547
0.00991821
-0.0127258
-0.0335541
-0.0208282
-0.0428619
-0.0226135
-0.0315399
-0.0211182
-0.0261688
-0.0131836
0.0169678

[29]
0.0648346
0.0421295
0.0595398
0.0232086
0.078186
0.158844
0.158279
0.557968
1.18861
0.437271
0.534164
0.500214
0.368729
0.33139
-0.24939
0.440887
0.708206
0.65274
0.497467
0.442825
0.328979
0.300537
0.312195
0.266678
0.158249
-0.0606537
-0.258499
-0.416977
-0.792252
-1.07436
-1.13246
-1.2029
-1.4455
-1.53754
-1.16826
-0.556458
-0.733078
0.65033
0.326523
-0.748322
-0.0894623
-0.133499
-0.308411
-0.286835
-0.151108
-0.0280762
-0.0521088
-0.137497
-0.0257416
0.0234222

[30]
-0.0279846
-0.0379333
-0.0623779
-0.0506439
-0.0741882
-0.0334778
-0.00244141
0.0127869
-0.00317383
-0.0499878
-0.0479736
-0.0281525
-0.0393372
-0.0458221
-0.0381622
0.0260925
0.00961304
0.00428772
0.0188599
0.0209198
0.0574188
0.0173645
0.118378
0.548141
1.18355
0.756653
0.53627
0.737762
0.436569
0.458023
-0.114075
0.270981
0.604782
0.695404
0.567612
0.552032
0.379089
0.292831
0.289856
0.320312
0.280777
0.10112
-0.115707
-0.354172
-0.565659
-0.891464
-1.2881
-1.15611
-1.44208
-2.39664

[31]
-1.24663
-1.41049
0.167404
0.577103
-0.474197
-0.483307
-0.255447
-0.347382
-0.44931
-0.294724
-0.0519562
-0.0553284
-0.0895691
-0.0410767
0.0363159
-0.00785828
-0.0605774
-0.080719
-0.0988617
-0.082901
-0.0411072
-0.0198059
-0.0146027
-0.0341492
-0.0196686
-0.0204163
-0.0424347
-0.0416412
-0.0632172
-0.0369263
-0.018158
0.0124969
0.00546265
0.0583344
0.0551605
0.0851135
0.119583
0.558456
1.20738
0.799484
0.262146
0.725922
0.486649
0.572708
-0.158371
0.321045
0.675797
0.668716
0.520905
0.50972

[32]
0.38353
0.227554
0.167206
0.214066
0.173599
0.107971
-0.0216675
-0.356125
-0.670166
-0.882385
-1.28351
-1.35965
-1.34453
-1.71442
-1.76135
-1.53072
-0.472839
1.03839
-0.303375
-0.347885
-0.374573
-0.26828
-0.258667
-0.323135
-0.111496
-0.0261993
-0.0832062
0.00183105
0.0878601
-0.0689545
-0.125671
-0.152939
-0.087265
-0.0440063
-0.0459442
-0.0683594
0.020462
-0.0153961
-0.0925446
-0.114105
-0.0593719
-0.0254669
-0.0379333
-0.0335999
0.00205994
0.0684967
0.0298309
0.0409393
0.0483398
0.00701904

[33]
0.300598
0.748825
1.32448
0.806168
0.44577
0.476334
0.867294
-0.101974
-0.286346
0.446838
0.693771
0.644516
0.550461
0.48111
0.303696
0.219284
0.158646
0.281143
0.220154
-0.158691
-0.333771
-0.588898
-0.863602
-1.06006
-0.945084
-1.27353
-1.6973
-1.51051
-1.18559
-1.2619
0.693604
0.116913
-0.607712
-0.250198
-0.0292053
-0.424286
-0.381393
-0.154312
-0.176315
-0.101105
-0.0665741
0.0196075
0.0927582
-0.0439606
-0.106064
-0.0751038
-0.0260162
-0.0643616
-0.0407257
-0.037262

[34]
-0.0322266
-0.0137787
-0.0149231
-0.0704651
-0.0563507
-0.0114136
-0.0165405
0.0464935
0.0281525
0.0726471
0.0463257
0.012619
0.0453186
0.115494
0.160156
-0.0181427
0.548843
1.42018
0.354507
0.96347
0.471008
0.605423
0.105316
-0.109283
0.348953
0.648529
0.667282
0.58345
0.490234
0.318665
0.218948
0.219955
0.224075
0.164291
0.0288696
-0.0974884
-0.485229
-0.79895
-1.14886
-1.18654
-1.27715
-1.67802
-1.44223
-0.964569
-0.998764
0.0797424
0.48848
-0.118225
-0.579651
-0.0709229

[35]
-0.24118
-0.410843
-0.240448
-0.142242
-0.0447693
-0.0975189
-0.0625763
-0.03685
0.0299683
0.000274658
-0.0188599
0.000640869
-0.0580444
-0.0253448
-0.038269
-0.0428162
-0.031189
-0.0389099
-0.0644684
-0.0645142
-0.0124969
-0.00971985
0.0289307
0.0809326
0.0956268
0.0195312
0.0292511
-0.0133514
0.12912
0.0993805
0.0928955
0.356628
0.936752
0.542755
0.628738
1.25404
0.38855
0.392151
0.00772095
0.115448
0.498779
0.736115
0.598877
0.531387
0.466248
0.37709
0.343399
0.281921
0.191086
0.117447

[36]
-0.00447083
-0.133972
-0.585861
-1.01187
-1.33012
-1.32008
-1.66675
-2.42975
-1.11731
-0.937851
0.292175
0.330139
-0.423737
-0.643707
-0.0350494
-0.34671
-0.45874
-0.255844
-0.0267944
-0.0884247
-0.0731201
-0.064743
0.138138
0.0489502
-0.0395203
-0.100174
-0.0648804
-0.0729218
-0.0950928
-0.0757446
-0.0158691
-0.00704956
-0.103317
-0.0361023
-0.00358582
-0.0619965
-0.0912018
-0.0549164
-0.0178528
0.00419617
0.0022583
0.0536346
0.0775299
0.0663147
0.103455
0.391724
1.10426
0.768906
0.347397
0.588898

