[1]
0
-0.0285339
-0.137024
-0.332031
-0.880447
-1.34985
-0.564163
-0.846664
-0.433029
-0.0680084
0.608749
-0.289398
-0.648483
-0.495743
-0.393311
-0.211243
-0.104004
0.0352173
0.095047
0.116562
0.193008
0.220062
0.467926
1.13664
1.87485
2.46788
2.82877
2.83873
2.58189
0.900101
-1.23219
0.574402
1.34956
1.12753
1.17821
0.726135
0.683685
0.310211
0.266037
0.182159
0.129181
0.27562
0.18428
0.243713
0.22319
0.168091
0.100204
0.0824585
0.112488
0.121353

[2]
0.0809479
0.0952301
0.0952148
-0.0591736
-0.108566
-0.164642
-0.263275
-0.436966
-0.383667
-1.83772
-1.2552
-0.952454
-0.922394
-0.356796
0.533783
0.024353
-0.68689
-0.826233
-0.890106
-0.477982
-0.272934
-0.106415
-0.0141602
0.0284576
0.0935364
0.103882
0.399399
1.04312
1.81396
2.51489
2.71725
2.72118
1.43063
-1.34286
0.781662
1.42668
0.95343
1.42976
0.365662
0.824493
0.144989
0.180634
0.132904
0.156509
0.16864
0.300064
0.111877
0.0743561
0.0543213
0.066452

[3]
0.0681915
-0.0105133
-0.00590515
0.104019
0.0974884
-0.0524139
-0.165222
-0.231827
-0.252914
-0.312256
-0.541595
-0.737747
-1.91542
-1.06946
-1.33916
-0.464569
-0.720642
0.359741
-0.0814819
-0.571884
-0.845383
-0.756378
-0.397659
-0.229202
-0.0518036
0.0154266
0.0529022
0.130829
0.19928
0.638168
1.44496
2.12607
2.72343
2.74803
2.72884
0.0921936
-1.36043
0.882996
0.537766
1.50468
1.11266
0.62175
0.341919
0.187225
0.184647
0.0453949
0.0798492
0.0982208
0.125504
0.0444794

[4]
-0.0102692
-0.0493164
0.0162964
0.0876617
0.152527
0.0322723
-0.00692749
-0.142746
-0.244919
-0.222977
-0.221817
-0.347275
-0.431183
-1.22362
-2.02289
-1.0858
-1.26611
-0.973495
-0.165054
0.688217
-0.481079
-0.727402
-0.849609
-0.730453
-0.486572
-0.262146
-0.0738983
0.0720673
0.132202
0.221313
0.662643
1.20174
1.8392
2.59799
2.74075
2.74655
2.70981
-1.35004
-0.35408
1.80345
0.314804
1.5341
0.885376
0.674408
0.28302
0.264969
0.0673065
-0.098587
0.0493622
0.119537

[5]
0.190155
0.147064
0.0326691
0.172012
-0.123093
-0.0606995
0.15712
0.108505
-0.0256042
-0.169449
-0.225052
-0.22258
-0.387634
-0.522263
-0.706146
-1.93959
-1.67409
-1.28682
-1.34195
-0.479721
0.589767
-0.577484
-0.797134
-0.984406
-0.824402
-0.435181
-0.213654
-0.0500641
0.030777
0.114456
0.16716
0.529327
0.982941
1.61858
2.2637
2.72285
2.7392
2.71074
2.29616
-1.40198
0.143494
1.90407
1.50237
1.19107
0.571747
0.465912
0.117554
0.128448
0.088501
0.075592

[6]
0.0431976
0.0605774
-0.020752
-0.081604
-0.0891418
-0.0907898
0.0209045
0.174789
0.0577698
-0.0761414
-0.228104
-0.260651
-0.301147
-0.438568
-0.591736
-0.704712
-2.27153
-1.35417
-1.34784
-1.58092
-0.55275
0.46788
-0.668594
-0.878296
-0.810928
-0.733383
-0.389893
-0.217285
-0.112244
-0.0797119
-0.0796967
0.170959
0.496109
1.23694
2.03574
2.71974
2.75342
2.75153
2.39861
-1.34967
-0.553391
1.9373
1.51672
1.20116
0.87413
0.425842
0.30336
0.203049
-0.0403748
0.0412292

[7]
0.0753174
0.156525
0.170105
0.124542
0.0726471
0.0582581
0.0705414
0.0463104
0.0694122
-0.022049
-0.162628
-0.235565
-0.255661
-0.271881
-0.386078
-0.462402
-1.13943
-2.27443
-1.17175
-1.09317
-0.821396
0.927048
-0.256546
-0.850739
-1.0537
-0.682205
-0.553253
-0.247681
-0.15802
-0.0860901
-0.0376282
-0.0205841
0.37471
0.640457
1.36845
2.31343
2.71925
2.74901
2.74164
1.88954
-1.33595
0.673691
1.57776
0.965515
1.36784
0.60997
0.490402
0.284897
0.217484
0.0188904

[8]
0.113541
0.0672607
0.178207
0.150131
0.0918274
0.0560913
0.0681458
0.117035
0.137512
0.12323
0.0638733
0.00308228
-0.212219
-0.226868
-0.232056
-0.315186
-0.365051
-0.43631
-1.65356
-1.71904
-1.08455
-0.998093
-0.3759
0.774979
0.155563
-0.622528
-0.795151
-0.836594
-0.618912
-0.295761
-0.136505
-0.0291595
0.0378571
0.0878754
0.205261
0.581787
1.04233
1.88632
2.44789
2.70348
2.70955
2.1021
-0.717789
-1.34863
0.780594
1.23851
1.49846
0.492996
0.381744
0.497803

[9]
0.264572
0.221222
0.0308228
-0.0125885
0.0432434
0.129059
0.037262
-0.0347595
-0.0931091
0.0596924
0.138428
0.0927124
0.175156
0.139587
0.102295
-0.0319061
-0.118942
-0.159515
-0.264465
-0.249802
-0.287888
-0.308548
-1.49731
-1.96159
-1.02307
-0.894958
-0.616684
0.286377
0.0171509
-0.818512
-0.893204
-0.776215
-0.575653
-0.24646
-0.0799255
-0.0436096
0.04422
0.0845795
0.105957
0.505417
1.28616
2.10403
2.71533
2.75305
2.75342
0.968964
-1.31721
1.0134
0.925812
1.20905

[10]
0.845627
0.645691
0.413834
0.150497
0.0816345
0.0574036
0.121658
0.06987
0.0735321
-0.0134888
-0.0225372
0.0690613
0.109482
0.130951
0.0796967
0.0461731
0.102631
0.00390625
-0.0825043
-0.179733
-0.185547
-0.323654
-0.48674
-0.616135
-1.69318
-1.5338
-1.48462
-1.0504
-0.778915
1.10086
-0.00117493
-0.723984
-0.90184
-0.792862
-0.496933
-0.21817
-0.0539703
0.038208
0.0562592
0.0551758
0.425842
0.865173
1.68901
2.45538
2.71109
2.72467
2.19905
-1.34749
1.09856
1.05107

[11]
0.588821
1.45471
0.51149
0.454712
0.213867
0.224945
0.113937
0.0233917
-0.00602722
-0.0105438
-0.0764771
-0.0742798
0.0217896
0.141861
0.173447
0.0598297
0.00157166
-0.095993
-0.125351
-0.180923
-0.248581
-0.37886
-0.484482
-0.936722
-2.08743
-1.48274
-1.54549
-1.23145
-0.302734
0.658875
-0.770813
-0.936539
-0.864197
-0.710464
-0.416214
-0.141144
-0.0473938
0.0567322
0.0855408
0.359314
0.698013
1.38382
2.22044
2.70058
2.73166
2.72736
1.68301
-1.35561
1.40532
1.72807

[12]
1.48447
0.86084
0.812683
0.420395
0.202179
0.176346
0.0307465
-0.0729828
-0.0678253
-0.0216522
0.125397
0.0972748
0.039917
0.0614014
0.0464783
0.0741425
-0.0143433
-0.0328674
-0.0441437
-0.0450745
-0.160385
-0.231766
-0.342072
-0.440918
-0.587112
-1.49498
-1.45888
-1.42285
-1.23235
-0.580063
0.8134
-0.196518
-0.845306
-0.930313
-0.75354
-0.555435
-0.243027
-0.139481
-0.0207062
-0.0196533
-0.0302734
0.256668
0.687317
1.35419
2.23206
2.63504
2.70395
2.69707
2.25345
-1.39803

[13]
-0.290909
1.79359
0.837189
1.22554
0.795853
0.431808
0.213165
0.130829
-0.0382233
0.0484314
0.0612183
0.0340424
0.00115967
-0.0769958
-0.0363007
-0.131958
-0.0239258
0.0786438
0.0611572
-0.00683594
-0.12587
-0.211716
-0.234512
-0.308975
-0.432953
-0.586304
-1.07266
-2.25163
-1.31233
-1.61092
-0.907791
0.347458
0.110031
-0.807419
-0.976044
-0.863022
-0.664902
-0.324463
-0.186676
-0.0464478
0.00958252
0.0311737
0.226395
0.615875
1.28983
2.05006
2.66998
2.7063
2.70105
1.60786

[14]
-1.37292
0.839935
1.41489
1.01907
1.03412
0.78334
0.416428
0.159973
0.126495
-0.0452881
-0.0313263
0.010025
0.152939
0.0484161
0.0429993
0.0138702
0.0470581
0.0136414
0.0281219
0.0718384
-0.0172424
-0.212219
-0.29068
-0.256271
-0.356796
-0.502136
-0.498718
-1.41736
-2.30988
-0.953217
-1.49005
-0.564163
1.32555
-0.105026
-0.866364
-0.915985
-0.725311
-0.5439
-0.22876
-0.105789
-0.0332184
-0.0062561
-0.0478668
0.461395
0.886841
1.57114
2.35323
2.71707
2.73428
2.70911

[15]
2.55252
-1.41234
-0.692917
2.39857
0.927826
1.24565
0.508377
0.2948
0.043396
0.140671
0.091095
0.10202
0.0605469
0.0916748
0.0628204
-0.019165
-0.106339
-0.115479
0.0727539
0.0966034
0.0465851
-0.113022
-0.29483
-0.291489
-0.292007
-0.335693
-0.564621
-0.745407
-2.28622
-1.02605
-0.926392
-1.24687
-0.156174
0.360153
-0.840347
-1.11919
-0.814575
-0.547745
-0.201584
-0.068985
-0.0782318
-0.0404968
0.0583191
0.0912018
0.663849
1.52184
2.40771
2.74442
2.77011
2.76228

[16]
2.71869
-1.02151
-1.35216
2.2039
1.23016
1.32169
0.830582
0.594208
0.190903
0.288864
0.113922
0.0713348
0.129852
0.205627
0.175797
0.140778
0.0432739
-0.00614929
0.0703125
0.155151
0.0573273
-0.119659
-0.209503
-0.173096
-0.235733
-0.371216
-0.521835
-0.812851
-2.22801
-0.70105
-1.22543
-0.907578
0.48877
-0.253189
-1.03441
-0.891586
-0.700058
-0.437729
-0.115097
-0.0546265
0.0258942
0.0649719
0.178284
0.322098
0.705063
1.53975
2.52785
2.79712
2.8187
2.80667

[17]
1.87236
-1.2766
1.07855
2.08961
1.519
1.15277
0.640625
0.348816
0.111008
0.243347
0.135773
0.150787
0.159821
0.19313
0.112915
0.116348
0.0422363
0.117325
0.161865
0.142807
0.052475
-0.000808716
-0.195343
-0.135376
-0.22171
-0.354446
-0.572067
-0.827621
-2.05154
-1.25552
-1.02985
-0.852936
-0.0121155
0.0809631
-0.67128
-0.838303
-0.746445
-0.418655
-0.111267
-0.00909424
0.00253296
0.0301819
0.0905457
0.290268
0.606827
1.1998
2.00569
2.76331
2.79587
2.80144

[18]
2.63362
0.508636
-1.32759
1.00098
1.62292
1.62677
1.1192
0.559937
0.656342
0.154251
0.163284
0.152588
0.191452
0.181442
0.164291
0.0960999
0.134094
0.0884247
0.111099
0.0946808
0.127533
0.0691223
-0.0862579
-0.271027
-0.24704
-0.255508
-0.370941
-0.511917
-0.92807
-2.26646
-1.09209
-1.05746
-0.523392
1.23041
-0.0561676
-0.850998
-1.02226
-0.806595
-0.458542
-0.172913
-0.0916595
-0.00836182
0.0711517
0.148987
0.280777
0.597549
1.10986
2.0025
2.7422
2.77351

[19]
2.77342
1.80724
-1.29294
0.576813
1.92853
1.41962
1.10518
0.797394
0.483978
0.112686
0.145645
0.128952
0.207031
0.163452
0.241867
0.158005
0.169876
0.111298
0.109497
0.029892
0.052124
0.0310211
-0.00158691
-0.11351
-0.140396
-0.121994
-0.225891
-0.283951
-0.399673
-1.69646
-1.60254
-0.973083
-1.23532
-0.657669
1.32231
-0.139008
-0.897064
-0.856293
-0.719482
-0.514221
-0.186157
-0.0778046
0.0400085
0.112656
0.165787
0.259033
0.592651
1.57211
2.22925
2.71017

[20]
2.73531
2.72488
1.976
-1.34956
0.232086
1.79694
1.4155
1.09741
0.796509
0.671692
0.0704346
0.0855408
0.191132
0.222092
0.188843
0.175095
0.0906372
0.132812
-0.0115967
0.0584717
-0.0367584
0.0330963
0.105331
-0.072998
-0.211044
-0.209808
-0.24411
-0.265991
-0.346619
-0.78244
-1.9733
-1.2419
-1.27095
-0.965881
-0.419098
1.0938
-0.402695
-0.791046
-0.803009
-0.754852
-0.317673
-0.134628
-0.00787354
-0.028244
0.0037384
-0.0324707
0.373978
0.754837
1.74109
2.6989

[21]
2.73862
2.75142
2.53204
-1.30878
0.680206
1.8447
1.12927
0.798843
0.858109
0.470917
0.0186462
0.101349
0.112473
0.0218658
-0.0309906
0.0849762
0.121368
0.12645
0.0523682
0.131409
0.126083
0.12532
-0.0114746
-0.139511
-0.159027
-0.16452
-0.227356
-0.261902
-0.308426
-0.935272
-1.54674
-1.50839
-1.21065
-1.01578
-0.771362
0.923965
-0.343887
-0.743607
-0.877548
-0.662338
-0.301178
-0.107346
0.0351257
0.0871429
0.0834808
0.0639191
0.626541
1.11752
1.95854
2.71266

[22]
2.74451
2.75021
2.47389
0.74147
-1.36499
1.53093
1.23509
1.25938
0.747238
0.685776
0.318161
0.169434
0.0799255
-0.0374298
0.229767
0.149445
0.157471
0.0955048
0.0265198
0.0259247
0.000595093
0.0392303
0.144638
0.0797729
-0.0399933
-0.194199
-0.194275
-0.249893
-0.309143
-0.364609
-0.79216
-1.77679
-1.35262
-1.30038
-1.09476
-0.272141
0.781662
-0.178619
-0.876785
-0.941742
-0.744202
-0.379807
-0.126663
-0.0124359
-0.0520477
-0.00062561
0.18692
0.162918
0.631271
1.633

