[1]
-0.046814
-0.134384
-0.275375
0.252213
0.482864
-0.457642
-0.624817
-0.722794
-0.646683
-0.552536
-0.406677
-0.345016
-0.373627
-0.434631
-0.228302
-0.316681
-0.11731
0.466797
0.970108
1.44321
1.66119
1.18776
0.63327
1.04189
-0.179993
-1.06889
-0.136841
-0.741959
0.309311
0.223511
0.13356
0.109985
-0.0271912
0.0356903
0.0164032
-0.133575
-0.11795
-0.0407867
-0.0174713
-0.0653992
-0.152939
-0.145081
-0.121216
-0.0685425
-0.121277
-0.118759
-0.0756836
-0.099472
-0.0817413
-0.136292

[2]
-0.131134
-0.107941
-0.140823
-0.244888
-0.319351
-0.267685
-0.270599
-0.196106
-0.461258
-1.09978
-0.875809
-0.272659
-0.0469666
-0.0742798
0.1353
-0.336761
-0.337692
-0.536819
-0.535492
-0.440414
-0.310837
-0.254852
-0.171799
-0.150299
-0.138107
-0.0565796
0.0624847
0.10556
0.356293
0.814133
1.20993
1.68233
1.40826
1.01675
0.00749207
-0.559738
-1.24373
-0.614288
0.241837
0.117844
0.596863
0.331512
0.0175934
-0.177673
-0.194427
-0.0999603
0.0530853
0.0559998
-0.0691376
-0.133057

[3]
-0.131302
-0.0171967
-0.0335388
0.0203857
-0.0440826
-0.147415
-0.0931396
-0.0492249
-0.0306244
-0.0730438
-0.135178
-0.235992
-0.277893
-0.195724
-0.194168
-0.271194
-0.228012
-0.135437
-0.57193
-1.20657
-0.983963
-0.51825
0.0380707
-0.1763
0.0883636
-0.21048
-0.289902
-0.426849
-0.522781
-0.440735
-0.369736
-0.322144
-0.19249
-0.103531
-0.115845
-0.0458069
0.150421
0.266525
0.36264
0.904892
1.57829
1.90556
1.24513
1.10803
-0.0773621
-0.688019
-0.794022
0.051239
0.191895
0.456131

[4]
0.16275
0.255142
-0.0420227
-0.208313
-0.0512695
0.0690308
0.102936
-0.149002
-0.0969696
-0.0467224
0.00576782
-0.0254211
-0.0591278
-0.08255
-0.106247
-0.0501709
-0.0738068
-0.101303
-0.129944
-0.153961
-0.181992
-0.191345
-0.233917
-0.246994
-0.244888
-0.293991
-0.232269
-0.666718
-0.972916
-0.954514
-0.0969086
-0.0382538
0.626007
0.45488
-0.374802
-0.213409
-0.535767
-0.454086
-0.402145
-0.288574
-0.257553
-0.142166
-0.211624
-0.0447235
-0.336136
0.425674
0.74382
1.31078
1.88757
2.07452

[5]
1.39705
0.742004
0.792648
-0.91658
-0.390228
-1.2092
-0.909729
0.602142
0.0983887
0.518982
0.273743
0.111328
0.0594482
-0.156128
-0.0275421
0.142853
-0.146149
-0.105743
-0.0655365
0.0382996
-0.0476685
-0.00938416
-0.0618286
-0.0814972
-0.0514679
-0.0915222
-0.0449982
0.00419617
-0.137451
-0.228012
-0.176498
-0.209595
-0.206268
-0.147919
-0.137283
-0.14653
-0.523224
-1.24701
-0.717346
-0.486359
0.0204926
-0.222153
0.267807
-0.252655
-0.24762
-0.364273
-0.492401
-0.403732
-0.365494
-0.21608

[6]
-0.138336
-0.146194
-0.125443
-0.133331
-0.148254
0.437469
0.759415
1.35838
1.79901
1.75847
1.16682
0.872238
-0.308899
-0.405106
-1.5641
0.126373
0.554504
0.240829
0.42244
0.291458
0.0379028
-0.062439
-0.117645
0.0921326
0.102295
0.0407715
-0.147369
-0.116531
0.053299
0.0705872
-0.0378418
-0.0196838
-0.0220032
-0.00508118
-0.0101471
0.0210571
0.0362701
-0.048172
-0.111298
-0.168488
-0.1035
-0.091217
-0.127106
-0.163544
-0.215576
-0.19075
-0.309769
-0.553345
-0.909515
-0.618301

[7]
-0.157562
-0.0697174
-0.28569
0.344131
0.0743256
-0.419952
-0.374481
-0.524887
-0.39325
-0.31366
-0.219116
-0.150925
-0.123734
-0.0831757
0.0202942
-0.102646
0.330429
0.760452
1.28708
1.81905
1.7787
1.3356
0.787659
1.03767
-0.146805
-0.523254
-0.337509
-1.0757
0.715424
0.406784
0.130524
0.331894
0.0451202
0.0436707
0.0186157
0.0653839
0.15181
-0.045578
-0.102264
0.0323181
0.0734253
0.0508881
-0.0498047
-0.00939941
-0.0282898
-0.0397491
0.0235901
0.032196
-0.00337219
-0.0868378

[8]
-0.0849609
-0.107483
-0.0980682
-0.0280457
-0.0732117
-0.187851
-0.180771
-0.120224
-0.335693
-0.981339
-0.774124
-0.168503
-0.0953979
-0.233292
0.650208
0.33168
-0.282623
-0.324844
-0.52446
-0.565536
-0.505798
-0.302628
-0.178528
-0.223694
-0.187912
-0.225372
-0.245087
0.206757
0.587952
1.03726
1.45607
1.97412
2.23137
1.26137
0.976273
0.0441742
-0.069458
-0.896454
0.566818
0.313782
0.336273
0.310089
0.105774
0.0191803
-0.00640869
-0.0163879
0.0580292
0.116257
0.142654
0.083847

[9]
-0.0857697
-0.075943
0.0932312
0.0445709
0.0538025
0.0146179
0.0144501
0.0309601
0.0533447
0.0160065
-0.0245667
-0.0025177
-0.00479126
-0.10968
-0.181717
-0.244888
-0.215118
-0.145355
-0.11113
-0.0489502
-0.311615
-0.86998
-0.634293
-0.0938721
-0.453812
-0.0202332
0.377579
-0.311646
-0.473999
-0.610138
-0.571747
-0.38504
-0.201828
-0.0853882
0.0260162
0.00604248
0.0496368
-0.0607147
0.132797
0.478088
0.959961
1.30685
1.69595
1.63295
1.20413
0.978516
0.896408
-1.31517
-0.644547
-1.18135

[10]
-0.316254
0.36377
0.153061
0.57724
0.355484
0.1483
0.103638
0.082428
0.102707
0.0845337
0.0825043
0.037323
0.0490875
0.079483
0.0826721
0.0276642
-0.00375366
0.0635834
0.118744
0.0247345
-0.0188141
0.0856781
0.0549164
-0.0228729
-0.0779724
-0.249985
-0.108566
-0.0716248
-0.12117
-0.115799
-0.0653229
-0.402557
-0.797318
-0.785583
-0.35672
0.0535126
-0.275818
0.372879
-0.0666809
-0.38031
-0.566086
-0.622711
-0.535812
-0.349716
-0.157898
-0.0764008
-0.0342255
0.0421295
0.0581055
0.000900269

[11]
0.424652
0.917206
1.18492
1.43123
1.80652
1.20668
0.923828
0.622757
-0.0680542
-1.63448
-0.485855
1.04263
0.277573
0.465454
0.279022
0.179535
-0.0130768
-0.0740967
0.205856
0.131607
-0.113708
-0.0488129
0.0858612
0.169067
0.0565948
0.0223083
0.00508118
0.0266724
-0.00897217
0.0496521
0.050766
0.039505
-0.112823
-0.145889
-0.105118
-0.146301
-0.171295
-0.20018
-0.25737
-0.387909
-0.927505
-0.661255
-0.273636
-0.0596924
-0.372757
0.603729
0.332733
-0.389633
-0.33107
-0.536255

[12]
-0.365875
-0.301636
-0.225403
-0.175461
-0.222305
-0.259949
0.0045929
-0.192535
0.301315
0.918762
1.11803
1.34624
1.64528
1.23653
1.18611
1.14513
-0.39946
-0.77536
-0.715393
0.296356
0.856461
0.196106
0.227158
0.30896
-0.0581818
0.18338
0.101822
0.156525
0.159805
0.00160217
0.0102234
0.06987
0.0822449
0.029892
0.0533447
0.0357361
0.0184631
-0.0090332
0.087326
-0.0431366
-0.076889
-0.0607758
-0.0484924
-0.111969
-0.139099
-0.0915833
-0.133652
-0.135864
-0.432861
-1.23366

[13]
-0.836182
0.135834
-0.0804291
0.138092
0.214249
-0.37767
-0.212158
-0.370575
-0.319855
-0.253296
-0.178406
-0.0534668
-0.00308228
0.0209198
0.0892181
-0.131546
0.258484
0.642853
1.0193
1.45334
1.84436
1.7657
1.26874
0.895798
0.416565
-0.581696
-1.87672
-0.51503
0.596024
0.0890808
0.740356
0.529938
0.338333
-0.132874
-0.193542
0.0164642
0.285904
0.258347
-0.0661163
-0.151886
0.0702515
0.189163
0.127319
-0.000839233
0.0314178
0.0783539
0.0654297
0.0968628
0.0137634
0.048996

[14]
-0.0565033
-0.0693665
-0.168289
-0.116684
-0.0711975
-0.0796356
0.0176849
-0.119064
-0.293488
-0.523254
-0.533188
-0.359955
-0.418152
-0.222046
0.208679
0.361862
-0.308701
-0.35498
-0.48671
-0.443604
-0.324081
-0.23671
-0.1642
-0.155579
-0.163925
-0.10907
-0.337265
0.132812
0.505844
0.829254
1.215
1.39282
1.24907
1.04796
1.10713
-0.31572
-0.901489
-0.262512
0.502014
0.164841
0.294205
0.44339
0.316162
-0.0366516
0.0375519
0.0158844
0.141525
0.100937
0.0458527
-0.00498962

[15]
0.0782776
0.119492
0.0926514
0.0642853
0.0792694
0.0377655
0.0135193
0.0227356
0.0530853
0.0383606
-0.0631104
-0.0960846
-0.102585
-0.0830841
-0.0843964
-0.0874939
-0.135574
-0.0908966
-0.248718
-0.81543
-0.801086
-0.764328
0.333725
-0.201401
0.714966
0.361206
-0.318527
-0.24736
-0.506058
-0.605164
-0.515594
-0.315292
-0.0864258
-0.0658875
-0.0526886
0.154663
0.0647278
0.375793
0.679764
1.23831
1.32716
1.24081
0.730545
0.485519
1.39188
-0.0273285
-0.629623
-1.08958
0.448334
0.395569

[16]
0.356857
0.446106
0.306503
-0.00106812
0.0770721
-0.015152
0.236038
0.11795
-0.0417175
-0.00782776
0.104324
0.135284
0.144226
0.0745697
0.036911
0.0411987
0.105698
0.0518341
0.00856018
-0.0260162
-0.0482941
0.00564575
-0.05159
-0.142944
-0.174393
-0.146194
-0.0912323
-0.114365
-0.365326
-0.918808
-0.6026
0.0923615
-0.042511
0.112366
0.498459
-0.502563
-0.323654
-0.46524
-0.476379
-0.319885
-0.252563
-0.132935
-0.053833
-0.0209045
0.0453796
0.220642
0.0976257
0.359955
0.678253
0.978088

[17]
1.37463
1.61421
1.38536
1.054
1.06322
-1.80861
0.168045
0.109268
0.242905
0.546234
0.511749
0.262344
0.16243
-0.133057
-0.0231476
0.16188
0.203049
0.141998
-0.00120544
0.00495911
0.140671
0.0884857
0.0315094
0.0118713
0.0174103
-0.00204468
0.059021
0.0789337
0.0497742
-0.0590515
-0.142883
-0.163925
-0.110077
-0.0208435
-0.0192261
-0.0958252
-0.223892
-0.807373
-1.20811
-0.76593
-0.278625
-0.0128174
0.784653
0.389893
-0.341156
-0.211227
-0.452332
-0.426163
-0.407761
-0.253403

[18]
-0.103516
-0.0685272
-0.162979
-0.0739746
-0.0979156
0.107468
0.643661
1.08974
1.50281
1.80827
1.52332
1.01772
1.10426
-0.254776
-0.573837
-0.999802
0.330521
0.560211
0.417648
0.41629
0.113205
0.000732422
0.16629
0.0311432
0.271011
0.0109711
-0.0667572
0.00849915
0.121384
0.0531921
0.0569763
-0.0065155
-0.00654602
0.0331726
0.0488586
0.0185852
-0.0198975
-0.0204315
-0.0743103
-0.0876617
-0.146667
-0.145584
-0.179169
-0.30072
-0.322556
-0.797714
-0.791031
0.236084
-0.441986
-0.203827

[19]
0.193924
-0.2005
-0.530548
-0.522766
-0.544205
-0.377731
-0.29953
-0.271469
-0.248444
-0.239624
-0.172501
-0.288437
-0.0502014
0.441925
0.759781
1.19856
1.703
1.69937
0.99675
1.15324
1.63892
-0.268295
-1.55113
0.805069
0.4814
0.131821
0.491135
0.271378
0.125061
-0.0141754
0.0561371
0.122787
0.135696
-0.0872192
-0.00617981
0.095047
0.108414
0.0332184
0.0779724
0.0794983
0.0211945
-0.0211334
0.0417786
0.0342407
-0.0201111
-0.0256958
-0.0405884
-0.0303802
-0.102753
-0.0754089

[20]
-0.147705
-0.230347
-0.187057
-0.360306
-1.00604
-0.793259
-0.319855
-0.253189
-0.273056
0.239563
0.20134
-0.560074
-0.324341
-0.507156
-0.250259
-0.148285
-0.0344696
0.0125275
0.0203552
0.0720215
-0.0943298
0.154495
0.742966
1.0332
1.32976
1.6499
1.57434
1.29861
1.14719
0.331604
-0.563339
-1.6143
0.301239
0.293488
0.561035
0.580322
0.234512
0.168198
-0.0435181
-0.026062
0.125259
0.153503
0.12677
0.00177002
-0.0588837
0.0428009
0.157608
0.112717
0.00494385
0.0364685

[21]
0.0603027
0.0314331
0.0597382
0.0788269
0.00234985
-0.0800323
-0.111801
-0.200836
-0.0637512
-0.0532684
-0.0292206
-0.0667267
-0.496719
-0.924103
-0.905762
-0.434479
-0.0374603
0.167953
0.497818
-0.357391
-0.270889
-0.481918
-0.451263
-0.404907
-0.230072
-0.11615
-0.12149
-0.21225
0.0141907
-0.30368
0.345139
0.600388
0.88324
1.41837
1.53212
1.11198
0.816101
1.05859
0.810226
0.598923
-1.6815
0.2323
-1.06946
0.359009
0.316513
-0.20903
0.133453
0.239304
0.313431
0.0560608

[22]
0.0685425
0.0833435
0.0664062
0.0643921
0.0686646
0.0601349
-0.0172882
0.0696869
0.0549164
0.000167847
-0.00840759
-0.0139313
-0.0175171
0.00158691
-0.0109253
-0.0238647
-0.117096
-0.114075
-0.0899658
-0.115936
-0.164429
-0.196533
-0.558609
-0.829361
-0.808014
-0.344208
-0.328476
-0.274033
0.434906
-0.161926
-0.468613
-0.310867
-0.460327
-0.315643
-0.235092
-0.153717
-0.0162811
-0.0172577
0.0573578
-0.0534515
0.156311
0.479935
1.0258
1.34901
1.74931
1.68251
1.14172
1.08035
1.07051
-0.314926

[23]
-1.20222
0.0441132
0.585373
0.416992
0.402832
0.134979
0.183228
0.14418
0.0892487
0.00239563
0.222717
0.0937195
-0.0111389
0.0276031
0.0617828
0.136353
0.070694
0.0131683
0.064209
0.0803528
0.0520325
0.0719452
0.00244141
-0.062561
-0.0714264
-0.052475
-0.0150146
-0.0267487
-0.112915
-0.122131
-0.142578
-0.198669
-0.454926
-0.555832
-0.544205
-0.188675
-0.208588
0.218506
0.449844
-0.426926
-0.358078
-0.393295
-0.316925
-0.234436
-0.209106
-0.193481
-0.13768
-0.190536
-0.119156
0.0042572

[24]
0.128998
0.457153
0.824799
1.25288
1.56383
1.66283
1.14964
1.12241
1.13547
0.15065
-1.12776
-0.466553
0.476013
0.636261
0.380844
0.295883
0.205597
0.0184784
0.251251
0.111832
0.176956
0.134888
-0.0317383
0.0394135
0.0788727
0.128281
0.099472
0.0830841
0.0701752
0.0680389
0.0826263
0.0505371
0.0292816
-0.00238037
-0.0452881
-0.0712433
-0.050415
-0.0431671
-0.0798187
-0.138367
-0.179733
-0.114624
-0.449814
-0.760406
-0.678436
-0.0567169
-0.14325
-0.195602
0.0426788
-0.198059

[25]
-0.489288
-0.38559
-0.403732
-0.298279
-0.2547
-0.14209
-0.0624237
-0.0635681
-0.0588989
0.0584412
0.135849
0.202118
0.736191
1.40875
1.99699
1.9321
1.37752
1.26709
0.368713
-1.39316
-0.616058
0.717117
0.186417
0.418472
0.581024
0.26767
0.111053
-0.0819855
0.149429
0.232346
0.153549
0.0156403
0.0532227
0.143417
0.124054
0.0656891
0.0759888
0.0733032
0.0267029
0.0425568
0.0920868
0.0777283
0.0250702
-0.0672913
-0.0466919
-0.0350952
-0.119583
-0.104752
-0.075058
-0.0302734

[26]
-0.207123
-0.864029
-0.860672
-0.291153
-0.0962372
-0.269669
0.397873
0.279373
-0.371902
-0.348465
-0.483658
-0.334
-0.258133
-0.132065
-0.101898
-0.15213
-0.155991
-0.135941
-0.272415
-0.0110626
0.479248
0.9039
1.57256
1.90154
1.48827
1.11684
0.598145
0.363754
-1.55557
0.126114
0.774414
0.138702
0.419449
0.301834
0.244263
0.0544586
-0.00654602
0.104858
0.127335
0.181961
0.00706482
-0.0153656
0.0759125
0.105057
0.0734406
0.0545502
0.0953827
0.086731
0.0627136
0.0463715

[27]
0.0874023
0.0411224
-0.076889
-0.139282
-0.102142
-0.127869
-0.107681
-0.119797
-0.0755005
-0.212173
-0.80545
-0.829376
-0.321274
-0.309753
-0.206116
0.585815
0.404495
-0.314911
-0.24826
-0.50473
-0.342392
-0.220581
-0.187653
-0.152237
-0.125549
-0.242706
-0.0756531
-0.244553
0.17131
0.495621
1.076
1.52641
1.55452
1.05429
1.05875
0.785583
0.165527
-0.521027
-0.704498
0.36377
0.401443
0.312805
0.415817
0.347473
0.0847778
-0.00747681
0.0548401
0.0553131
0.173523
0.104202

[28]
0.0188904
0.0171204
0.0912628
0.0901337
0.116318
0.0303192
0.00289917
0.0275879
0.0589905
0.0599823
-0.0133667
-0.0377655
0.0045166
-0.0721893
-0.12175
-0.205734
-0.114136
-0.176468
-0.0925446
-0.436508
-0.832977
-0.362656
-0.225861
-0.0546265
0.508118
0.132675
-0.633957
-0.566833
-0.603043
-0.444778
-0.319214
-0.175995
-0.0205841
-0.0697937
0.0819702
-0.154114
-0.0100708
0.376633
0.745758
1.16013
1.60405
1.67236
1.33817
1.2166
0.970154
-1.23993
-0.262024
0.743469
0.254074
0.484573

[29]
0.318802
0.322617
0.128708
-0.00636292
0.175278
0.183289
0.120102
0.004776
0.0339813
0.0503235
0.0854492
0.10228
0.0648346
0.019928
0.00161743
0.0708313
0.0404205
0.0884857
-0.0451508
0.0500183
-0.0416412
-0.0411835
-0.0186768
-0.0857086
-0.128128
-0.0738983
-0.210861
-0.764374
-0.814209
-0.518951
-0.19194
-0.102142
0.225067
0.617203
-0.489944
-0.318207
-0.508133
-0.407043
-0.223755
-0.208313
-0.125946
-0.115936
-0.0865784
-0.0423279
-0.175125
0.341171
0.700134
1.17136
1.42015
1.62006

[30]
1.41844
1.00331
0.93837
0.784866
-1.60686
-0.442581
0.779312
0.18161
0.384186
0.363998
0.28981
0.0471649
-0.0814667
0.0788269
0.154358
0.166855
0.0204926
-0.0879822
0.0629425
0.144318
0.0841217
0.00967407
-0.00805664
0.0378265
0.0524292
-0.00730896
0.0267181
0.0257263
-0.0517273
-0.0799866
-0.0783844
-0.0870972
-0.143921
-0.135269
-0.152222
-0.068924
-0.32106
-1.12779
-0.596329
-0.516434
0.317459
-0.313339
0.279663
-0.0661316
-0.282776
-0.347885
-0.347717
-0.23468
-0.153534
-0.0414581

