[1]
0.0300598
-0.529663
-1.07181
-0.266968
0.119858
-0.374039
-0.638397
-0.640274
-0.541351
-0.439209
-0.353592
-0.350052
-0.308884
-0.266907
-0.199707
0.0316315
0.210159
0.47998
0.811401
1.26401
1.27264
1.51411
2.11076
1.02377
0.0738983
-0.769974
0.693298
-0.675201
0.766281
0.172089
0.356842
0.245544
0.0914459
0.0125427
0.0486908
-0.0577087
-0.0976105
-0.0801544
-0.0770874
-0.0443268
-0.0613251
-0.0424652
-0.00813293
-0.046936
-0.0643005
-0.0438232
-0.033493
-0.0650482
-0.114563
-0.104736

[2]
-0.091629
-0.0392151
-0.109085
-0.125168
-0.179611
-0.239349
-0.424713
-0.400345
-1.15691
-1.19794
-0.62616
-0.977051
-1.16072
-0.302948
-0.144913
-0.212326
-0.655457
-0.73703
-0.700668
-0.62468
-0.520355
-0.466202
-0.432739
-0.389374
-0.341705
-0.320099
-0.220932
0.185593
0.669266
1.2023
1.47974
1.44322
2.36871
1.4073
0.134232
-1.32492
0.416641
-0.102402
0.358917
0.151352
0.0745544
0.0370331
-0.0305634
-0.022049
0.0353394
-0.0954895
-0.166809
-0.184723
-0.0459595
0.0489655

[3]
0.0273132
-0.0731506
-0.142044
-0.0718079
-0.0853729
-0.0817719
-0.101028
-0.101151
-0.0424347
-0.0339966
-0.0512543
-0.0800323
-0.090332
-0.117096
-0.176346
-0.248871
-0.455048
-0.535385
-1.1922
-0.914124
-0.708389
-1.03311
-0.852798
-0.976685
-0.35582
-0.0465393
-0.397537
-0.658539
-0.722061
-0.700836
-0.550201
-0.416168
-0.401703
-0.411209
-0.355042
-0.287842
-0.15361
0.244202
0.687927
1.13567
1.44037
1.6283
2.33961
1.34882
-0.396317
-0.99173
0.444183
0.0940247
0.36235
0.179001

[4]
0.0508728
-0.0181427
-0.026123
0.0668945
-0.0650787
-0.170303
-0.149139
-0.0266418
0.0530396
-0.0144501
-0.043396
-0.0588226
-0.0344238
-0.0513458
-0.0849762
-0.114777
-0.0450745
-0.0696869
-0.0889893
-0.10585
-0.119461
-0.164368
-0.154434
-0.187592
-0.267975
-0.309692
-0.523331
-1.80173
-1.09468
-0.401474
-1.15749
-1.43051
-0.0791321
-0.00830078
-0.366394
-0.746231
-0.779083
-0.711777
-0.56897
-0.4086
-0.296356
-0.337341
-0.363571
-0.248123
0.0738678
0.249023
0.341736
0.558487
0.778473
0.805267

[5]
1.35501
1.90536
1.53339
-0.0486298
-1.51056
0.293121
0.376907
0.430161
0.214478
0.0355988
0.060318
0.0684357
0.0868683
0.05896
-0.116302
-0.221161
-0.112595
-0.0570068
-0.0516357
-0.12616
-0.0714569
-0.0693665
-0.0227203
0.0296173
0.0363312
-0.0419769
-0.127472
-0.133667
-0.0779724
-0.0722961
-0.140549
-0.0850067
-0.142868
-0.254059
-0.319855
-0.32959
-0.804031
-1.2065
-0.709335
-0.887009
-0.997925
-0.753815
-0.197159
-0.0376587
-0.612946
-0.751892
-0.684875
-0.58316
-0.443588
-0.335129

[6]
-0.365036
-0.379776
-0.354813
-0.0821228
0.123856
0.365829
0.622498
1.00249
1.01344
0.93985
2.08527
1.74591
0.728241
-1.23918
0.315353
0.0106659
0.603745
0.165451
0.104416
0.194458
0.0515289
0.0805664
0.092453
-0.0791168
-0.167908
-0.0950012
-0.0149689
0.00239563
-0.0195465
-0.0150604
-0.0245514
-0.0264282
0.0160828
-0.0157166
-0.0342865
-0.0502472
-0.0470886
-0.0197144
-0.0105591
-0.0161591
-0.0810547
-0.103729
-0.0940552
-0.102142
-0.191696
-0.310196
-0.415161
-0.759048
-1.53453
-0.481323

[7]
-0.651672
-0.785431
-1.30646
-0.271133
-0.0595093
-0.542969
-0.677567
-0.647964
-0.558273
-0.390121
-0.298218
-0.264236
-0.28125
-0.278427
-0.159653
0.095932
0.232162
0.470642
0.815552
1.00618
0.892426
1.39249
1.92247
1.40564
-0.0201874
-1.01924
0.122818
0.35881
0.486923
0.277664
0.123993
0.152832
0.120178
0.21077
0.122223
0.00192261
-0.133118
-0.0950928
0.0238342
0.00892639
-0.0240936
-0.0359497
0.0198364
0.03508
0.0426025
0.0637665
0.0610657
0.0331116
-0.0124512
-0.0219879

[8]
-0.0382843
-0.0193939
-0.0739288
-0.11763
-0.0723724
-0.129547
-0.238983
-0.331223
-0.83725
-1.08018
-0.473709
-0.652512
-0.850433
-1.19295
-0.217941
0.130249
-0.206833
-0.630981
-0.702393
-0.60022
-0.389328
-0.338333
-0.34964
-0.291855
-0.191376
-0.0464478
0.133713
0.283325
0.433701
0.675552
0.710144
0.639175
1.31522
1.80199
0.821899
0.259064
-0.812729
0.2052
0.0699768
0.401825
0.375824
0.0991974
0.0855713
0.0917664
0.0723267
0.122543
0.0751801
-0.0670471
-0.100479
-0.0301514

[9]
0.0292816
-0.00202942
0.0200043
0.014679
0.00595093
0.0384216
0.0516205
0.0178223
0.00532532
-0.0400848
-0.0154877
-0.0128021
-0.0444946
-0.148514
-0.0527191
0.0108948
-0.0666046
-0.201736
-0.417862
-0.408646
-0.826004
-1.058
-0.489426
-0.88916
-0.796005
-0.278152
0.0879364
-0.125565
-0.505447
-0.586624
-0.565598
-0.465805
-0.396652
-0.376923
-0.350494
-0.307159
-0.325089
-0.0846558
0.1819
0.41864
0.800934
1.13968
1.16069
1.13817
1.38962
1.569
1.32185
0.328308
-1.09151
0.0893555

[10]
-0.0896759
0.373779
0.116898
0.139709
0.219315
0.147064
0.224152
0.14624
0.0388031
-0.0111542
-0.0834656
-0.0542603
-0.0288544
0.0594482
0.0978546
0.0433655
0.0162964
0.0454865
0.0131531
-0.0235596
0.000732422
0.0213623
0.00144958
0.0197906
-0.0294037
-0.152756
-0.0624084
-0.0695953
-0.172531
-0.312881
-0.330475
-0.889923
-0.952042
-0.734039
-0.707336
-0.854431
-0.621185
-0.150146
0.0198975
-0.453232
-0.598221
-0.604645
-0.503571
-0.371979
-0.311157
-0.322723
-0.311142
-0.280594
-0.161423
0.0366974

[11]
0.29686
0.638519
0.906799
1.21223
1.47255
2.27966
1.8755
0.409836
-0.721375
-0.429886
0.86525
0.410645
0.242126
0.150833
0.172241
0.100586
0.208389
0.152206
-0.0787048
-0.151016
-0.011795
0.0637207
0.0270386
-0.00213623
0.0162811
0.0851746
0.0918121
0.0673218
0.0256042
0.025589
0.0695343
0.00416565
0.0323029
-0.00816345
-0.0522003
-0.0467072
-0.131134
-0.204117
-0.264847
-0.486816
-1.8654
-0.746323
-0.920654
-0.631714
-0.990585
-0.157379
-0.0185394
-0.55542
-0.627274
-0.623718

[12]
-0.544586
-0.421524
-0.270599
-0.209869
-0.255417
-0.211441
0.0606232
0.33931
0.43956
0.7267
1.15707
1.36731
1.63829
2.10062
1.946
0.63652
-1.13106
-0.263306
0.437439
0.37088
0.663361
0.237
0.236237
0.132004
0.229385
0.0800018
0.0825653
-0.0119019
-0.00967407
0.0463257
0.0567627
0.0576172
0.0220795
0.0533752
0.0594177
0.0622559
0.0588684
0.0578156
0.0501709
0.0901642
0.0652161
0.0162659
-0.0261078
-0.0314789
-0.0394592
-0.155487
-0.272995
-0.285202
-0.728683
-1.46991

[13]
-0.435959
-0.667923
-0.991165
-0.410385
-0.0439148
-0.239182
-0.634079
-0.649277
-0.554733
-0.506866
-0.420502
-0.311493
-0.258224
-0.305511
-0.291138
0.0668793
0.188095
0.48613
0.620255
0.842636
0.80304
1.0965
1.73022
1.84883
0.820908
0.121857
-0.886383
0.451889
0.727234
0.347275
-0.0174866
0.0760345
0.159271
0.332245
0.214066
0.0241089
-0.156372
-0.0682678
0.112564
0.135727
-0.00892639
0.0473938
0.0859222
0.087738
0.0444489
0.0797882
0.0666351
0.0188751
0.023941
-0.0146332

[14]
-0.016037
-0.022934
0.0423584
-0.0474701
-0.0331421
-0.158112
-0.299393
-0.374359
-0.612488
-1.51688
-0.749557
-0.652435
-0.63382
-0.869522
0.0124512
0.197617
-0.392441
-0.606155
-0.614471
-0.474304
-0.371201
-0.274063
-0.201096
-0.239731
-0.217194
-0.141693
0.146393
0.385361
0.695206
1.04285
1.02974
1.13124
2.04338
2.2238
1.45903
-1.022
-0.0257874
0.307922
0.555801
0.251419
0.0793304
0.195572
0.156326
0.10585
0.110687
0.0958405
-0.0619354
-0.0756836
-0.0260315
0.0943298

[15]
0.101151
0.0956116
0.00256348
0.0827332
0.0738068
0.0551605
0.049118
0.0998688
0.135025
0.0407104
0.00682068
0.0772705
0.042572
0.041748
0.00213623
-0.0744781
-0.207687
-0.221939
-0.694595
-1.42097
-0.384918
-0.815689
-0.450119
-1.4501
-0.184555
0.0991516
-0.0979309
-0.603928
-0.677155
-0.605927
-0.37178
-0.304764
-0.321121
-0.343292
-0.279465
-0.239456
0.0465546
0.210007
0.320389
0.799255
1.02777
1.18503
2.49579
2.44635
1.57744
-1.03053
0.168182
0.35936
0.274902
0.431732

[16]
0.353973
0.234787
0.176956
0.171631
0.116852
0.105331
-0.0699615
-0.0814209
0.111404
0.138962
0.0565796
0.0245209
0.0658875
0.0989227
0.0600891
-0.0138397
0.095932
0.189194
0.15065
0.0567169
0.0305023
-0.0419769
0.0193787
0.0804291
0.0254211
-0.114151
-0.269424
-0.351791
-0.953369
-1.00937
-0.550842
-0.783432
-0.924011
-0.400513
-0.0356598
-0.225266
-0.605316
-0.5793
-0.512573
-0.397278
-0.323883
-0.256836
-0.286026
-0.302032
-0.262436
-0.216217
0.0475159
0.408218
0.82753
1.32666

[17]
1.44446
1.5034
2.16129
1.79825
0.105423
-0.728027
0.394989
0.742981
0.238388
0.100952
0.307861
0.183533
0.110153
0.196213
0.0837402
0.0341492
-0.0220795
0.0392303
0.143921
0.131088
0.0683746
0.0180511
0.0137787
0.0539398
0.0223389
0.0431061
0.0602722
0.0780029
0.109055
0.0548553
0.0522308
0.0223083
0.0320892
-0.0971832
-0.189697
-0.207993
-0.407242
-1.34209
-0.640961
-0.535797
-0.85788
-1.38257
-0.21579
0.0217285
-0.298431
-0.645248
-0.674667
-0.555893
-0.430084
-0.300507

[18]
-0.234467
-0.277435
-0.285599
-0.239563
0.127365
0.280472
0.552017
1.03786
1.18216
1.13091
1.54648
2.02396
1.53972
0.752838
-1.02954
-0.161072
0.615601
0.390549
0.451569
0.318069
0.187836
0.149246
0.131454
0.0748444
-0.0215607
-0.0110626
0.0499725
0.0203094
0.0304871
0.057724
0.102539
0.130905
0.0751953
0.101944
0.0518494
0.0510101
0.042511
0.0157776
0.0295105
-0.0189819
-0.0174255
-0.0728455
-0.0898743
-0.21907
-0.523987
-1.53131
-0.389038
-1.01331
-0.981491
-0.683044

[19]
-0.0465851
-0.218735
-0.75621
-0.659271
-0.496887
-0.323654
-0.266251
-0.293121
-0.364182
-0.302612
-0.154022
0.158005
0.349503
0.467102
0.716187
1.08415
1.20517
1.61314
2.3846
1.58519
1.5186
-1.28468
0.215149
0.808228
0.167084
0.396698
0.244202
0.225876
0.0817413
0.14595
0.0700989
0.0625305
-0.0904541
0.0163574
0.0973358
0.0915222
0.0392151
0.0660706
0.104904
0.131439
0.102142
0.0529785
0.0608521
0.0900726
0.065506
0.0570526
0.0818176
0.010376
0.0108643
-0.00344849

[20]
-0.0506744
-0.103546
-0.172791
-0.673691
-1.5844
-0.427597
-0.590668
-1.00514
-1.33519
-0.0834808
-0.09729
-0.667755
-0.63063
-0.598923
-0.510498
-0.402283
-0.293274
-0.238144
-0.271683
-0.269241
0.0726929
0.340134
0.5961
0.925598
0.993134
1.03964
1.41003
2.06653
1.49155
1.32671
-0.278564
-0.0613861
0.335541
0.696884
0.196564
0.123413
0.28981
0.162277
0.249634
0.19397
0.0351562
-0.0427094
-0.0355835
0.0953827
0.0940552
0.0575104
0.019043
0.0719757
0.0677795
0.116898

[21]
0.116013
0.0643311
0.0692902
0.00491333
0.000106812
0.0456085
0.0458069
0.0425415
-0.0360413
-0.163544
-0.302994
-0.282852
-0.718796
-0.980347
-0.69278
-1.03206
-1.00056
-0.479889
-0.00698853
-0.160217
-0.646576
-0.640823
-0.549622
-0.384109
-0.27388
-0.210541
-0.33197
-0.278442
-0.0197296
0.344955
0.473907
0.595718
0.942764
1.09074
1.25249
1.76736
2.15063
1.47021
1.25386
1.20372
-1.437
-1.41425
0.113358
0.354218
0.494019
0.600708
0.221344
0.0660553
0.0322418
0.204712

[22]
0.108185
0.0550537
-0.00656128
0.0908661
0.0962372
0.0740356
0.0676117
0.0561066
0.0299988
0.032608
0.0644836
0.0544128
0.0112305
0.0446014
0.0820923
0.00221252
0.0989227
0.0688629
0.00325012
-0.1008
-0.170013
-0.322098
-0.914383
-0.838974
-0.498062
-0.361694
-0.95871
-1.26064
-0.177139
-0.0970917
-0.506287
-0.570526
-0.580368
-0.510544
-0.341278
-0.23941
-0.275543
-0.3228
-0.298737
-0.0263672
0.24501
0.400604
0.688705
1.02245
1.08911
1.31319
2.01314
1.89302
1.58586
-0.443787

[23]
-0.297363
0.582336
0.29303
0.455002
0.323868
0.352051
0.19574
0.138535
0.11853
0.13092
0.0183716
0.00798035
0.0915833
0.0292969
0.0121002
0.0213928
0.121475
0.130844
0.0884247
0.0572052
0.0719604
0.144592
0.109528
0.0950928
0.0813141
0.0486298
-0.000778198
-0.0454712
-0.0597534
-0.0851898
-0.0886078
-0.577301
-1.44354
-0.728119
-0.466324
-0.342834
-0.81839
-0.462479
-0.011261
-0.0102692
-0.417343
-0.564636
-0.541168
-0.410645
-0.314713
-0.204803
-0.225677
-0.21727
-0.152893
0.0321198

[24]
0.235092
0.384857
0.660263
0.965622
1.13889
1.41418
1.90239
1.69394
0.487
-1.04018
-0.0364532
0.681961
0.229752
0.327713
0.205719
0.194336
0.209625
0.21608
0.111725
0.104538
-0.0288391
-0.00653076
0.101776
0.0995331
0.0521545
0.00276184
0.0454712
0.0469513
0.0289612
0.0874329
0.146179
0.115601
0.0878754
0.0636597
0.0341339
0.0187378
0.0519867
0.0213013
-0.0235138
-0.0666046
-0.202057
-0.620712
-1.32526
-0.88414
0.0602264
-0.478775
-0.796692
-0.759995
-0.0822906
-0.107086

[25]
-0.532227
-0.592636
-0.508896
-0.409302
-0.347717
-0.279373
-0.290527
-0.295364
-0.250931
-0.22319
0.0884857
0.458878
0.876984
1.4039
1.56842
1.41309
1.65883
1.57249
0.941666
-1.43924
0.245087
0.63652
0.429398
0.162308
0.124771
0.095993
0.101944
0.236679
0.112778
-0.00532532
-0.0940399
0.0278473
0.0875854
0.0771942
0.048645
0.0849457
0.0898132
0.102402
0.101578
0.0865173
0.0761871
0.0756226
0.0506439
0.0362244
-0.0142212
-0.0277863
0.00524902
-0.0706024
-0.187393
-0.34726

[26]
-0.675232
-1.51021
-0.617386
-0.623215
-0.597046
-0.898361
-0.170929
0.0511627
-0.471039
-0.569641
-0.546661
-0.449524
-0.310379
-0.188339
-0.196259
-0.299591
-0.279907
-0.145111
0.178696
0.413681
0.710205
1.08752
1.24191
1.39005
1.74617
1.82652
1.16899
-0.704865
-0.76593
1.23979
0.367706
0.522354
0.103516
0.127457
0.0558167
0.132141
0.157562
0.0224609
-0.016861
-0.0407257
0.00776672
0.0683746
0.0753174
0.0615997
0.0762177
0.083786
0.113541
0.0988922
0.0717773
0.0632782

[27]
-0.00299072
-0.0111542
0.0734253
0.0457916
-0.00831604
-0.000930786
-0.100037
-0.202744
-0.253815
-0.492126
-1.68835
-0.839722
-0.42511
-0.823135
-1.11502
-0.11792
0.0726471
-0.48996
-0.600525
-0.56366
-0.519241
-0.3853
-0.256958
-0.248779
-0.346893
-0.305191
-0.128647
0.3172
0.467117
0.697281
1.04704
1.35352
1.33528
1.83763
2.05794
1.23364
-0.91658
-0.553741
0.45079
0.61058
0.329987
0.249405
0.197906
0.155121
0.143951
0.139099
0.143707
0.0921021
-0.0623016
0.024765

[28]
0.0681763
0.0671082
-0.0150757
0.0163574
0.0939941
0.082077
0.152466
0.14119
0.0783997
0.0621948
0.0223846
0.0275726
-0.0452118
-0.0449677
0.00201416
-0.0336609
-0.131805
-0.149399
-0.560577
-1.76154
-0.542038
-0.817581
-0.881485
-0.969055
-0.166458
-0.0418854
-0.594681
-0.640381
-0.556854
-0.390167
-0.270767
-0.259354
-0.33461
-0.311829
-0.236572
0.0570068
0.239441
0.427414
0.803268
1.07616
1.14557
1.6601
2.35545
0.952652
0.605011
-0.563004
0.156387
0.707001
0.341476
0.0908203

[29]
0.0754547
0.137299
0.20932
0.207077
0.0945435
0.0491486
0.0166321
-0.0116272
-0.00558472
0.0426941
0.0699158
0.105927
0.0860748
0.0531464
0.0995178
0.0963593
0.0788269
0.0836182
0.0326385
0.0197449
0.00801086
-0.0179138
-0.00352478
-0.0392609
-0.146179
-0.15184
-0.437668
-1.61209
-0.828506
-0.718491
-0.527756
-0.997177
-0.361298
0.0922089
-0.3013
-0.665207
-0.597534
-0.509552
-0.392334
-0.30751
-0.302277
-0.370529
-0.351181
-0.0916443
0.154877
0.350067
0.592087
0.903305
1.02905
0.991425

[30]
1.41029
1.99437
1.70815
0.528412
-1.43623
0.789383
0.515869
0.290314
0.161911
0.228928
0.108047
0.105591
0.179108
0.0702972
-0.003479
-0.0448608
0.0209961
0.0537567
-0.00231934
0.0262909
0.0554504
0.0903168
0.037323
0.0583649
0.0443573
0.0571747
0.0331879
0.0539703
0.0765839
0.0149994
0.0211792
-0.0526428
-0.0177765
-0.115067
-0.217499
-0.168304
-0.631912
-1.31268
-0.437622
-0.818832
-0.714127
-0.75383
-0.177155
-0.0550385
-0.579956
-0.64093
-0.567093
-0.504013
-0.370346
-0.29483

