[1]
0.0945129
0.438736
0.87767
0.623077
0.469101
0.351578
0.2733
0.0851746
0.0314484
0.661514
0.755875
0.696808
0.604828
0.504211
0.444443
0.462082
0.410751
0.277969
0.0692596
-0.0380096
-0.265549
-0.484268
-0.47319
-0.582794
-0.790817
-0.96608
-0.835068
-0.686447
-0.744614
-0.959106
-1.15556
-0.850296
-1.19052
-0.948364
0.95105
0.471359
-0.50209
0.0434265
-0.152908
-0.0928345
-0.412628
-0.108398
-0.179443
0.0846405
-0.0018158
0.0184479
0.0580902
0.0414886
0.0946808
0.0604858

[2]
0.0648956
0.045105
0.0747986
0.0772095
0.0421753
0.0633698
0.0931702
0.0592194
0.0253601
0.0705261
0.0667725
0.0394897
0.0321503
0.0566406
0.106537
0.142792
0.136505
0.0907288
0.134399
0.18132
0.198776
0.256149
0.259094
0.300766
0.843338
1.26631
0.621109
0.439011
0.244171
0.489182
-0.0335388
0.251495
0.832489
0.873627
0.718964
0.561172
0.475555
0.438156
0.442154
0.353271
0.200897
0.180588
-0.162888
-0.370758
-0.637222
-0.696762
-0.917526
-0.979904
-0.982727
-1.01779

[3]
-0.904495
-0.943253
-1.08379
-0.926208
-1.17151
0.516418
0.895859
-0.102249
-0.0523987
0.0715332
-0.328796
-0.229431
-0.130463
-0.000320435
0.0149994
-0.0226898
0.0521545
0.0973663
0.113556
0.082901
0.137787
0.14418
0.103638
0.0912628
0.103531
0.0799103
0.0668335
0.0832977
0.112534
0.0959015
0.0865173
0.104294
0.112244
0.0822144
0.08815
0.104782
0.138809
0.111374
0.122406
0.1185
0.121414
0.130524
0.172363
0.21904
0.382477
0.591934
0.988632
0.755569
0.619644
0.288223

[4]
0.246063
0.489944
0.120697
0.484695
0.81131
0.79982
0.660294
0.565994
0.506363
0.50386
0.428253
0.32663
0.271866
0.14003
-0.0827484
-0.339615
-0.66037
-0.814987
-0.881287
-0.941437
-1.08221
-1.13252
-1.15605
-1.22931
-0.988083
-0.852936
-0.542084
1.00394
0.428574
-0.372391
-0.378128
-0.0607452
-0.378571
-0.0610046
0.105164
0.0938263
0.0614471
0.0424194
0.0762177
0.0311432
0.141205
0.171844
0.124542
0.0769501
0.0881805
0.0998077
0.118103
0.114258
0.0832367
0.0977173

[5]
0.0891418
0.0937805
0.0804901
0.0928192
0.0940399
0.114487
0.168594
0.139145
0.145462
0.144318
0.157639
0.186127
0.193085
0.240463
0.34343
0.682388
1.19931
0.613159
0.641846
0.268951
0.365173
0.0999451
0.0915222
0.596634
0.90979
0.764618
0.634186
0.503906
0.457016
0.456085
0.380493
0.348526
0.299377
0.192001
-0.00436401
-0.273468
-0.756699
-0.95256
-1.10371
-1.15121
-1.22707
-1.34294
-1.43257
-1.25526
-0.763702
1.48438
-0.504852
-0.465698
-0.136902
-0.134567

[6]
-0.164505
-0.00787354
0.118912
0.0998077
0.0778351
0.0791473
0.0885925
0.0845642
0.176956
0.17485
0.0839539
0.0463867
0.0693512
0.122726
0.117447
0.0815582
0.0695343
0.0662689
0.0835419
0.0896759
0.078125
0.118027
0.158432
0.200226
0.118195
0.128357
0.130951
0.11058
0.147354
0.192001
0.210114
0.4785
0.751175
0.933731
0.703751
0.525681
0.18425
0.405334
0.0493927
0.198029
0.747177
0.878143
0.744705
0.588669
0.446762
0.457001
0.471786
0.358704
0.3479
0.273895

[7]
0.0974731
-0.167953
-0.439178
-0.69519
-0.879501
-1.07739
-1.20451
-1.26437
-1.35468
-1.38615
-1.25375
-0.754974
1.25023
0.120773
-0.455933
-0.248215
-0.231506
-0.328476
-0.129745
0.0690308
0.0222626
0.0946045
0.0655212
0.061615
0.0232849
0.180191
0.136414
0.0623627
0.0371552
0.0746765
0.110413
0.094223
0.0692139
0.0861664
0.107544
0.0697479
0.0667725
0.0859528
0.100281
0.133392
0.127609
0.141678
0.151581
0.0884094
0.116455
0.144775
0.17688
0.223724
0.217728
0.594894

[8]
1.08904
0.668625
0.575378
0.180862
0.251144
0.268402
0.180649
0.779343
0.888748
0.707382
0.633255
0.578995
0.553055
0.503845
0.394333
0.223724
0.152267
0.0833588
-0.103149
-0.286057
-0.541473
-0.753555
-0.842117
-1.00401
-1.1523
-1.26582
-1.28419
-1.35887
-1.40175
0.412247
0.098938
-0.80275
-0.141983
-0.0983734
-0.0116272
-0.00012207
0.213226
0.1064
0.0935822
0.0758362
0.17865
0.0550385
0.0625
0.0686646
0.0722656
0.039505
0.0391998
0.0393982
0.0613098
0.0559235

[9]
0.0457611
0.0625763
0.0588226
0.0824738
0.112534
0.131638
0.160767
0.13353
0.115005
0.110886
0.158844
0.130844
0.150497
0.18631
0.272079
0.447708
0.717987
1.02699
0.534576
0.619888
0.166519
0.279709
-0.0231323
0.28569
0.857361
0.875015
0.726227
0.607986
0.503845
0.468048
0.45137
0.356308
0.231308
0.120377
-0.0409088
-0.167862
-0.486679
-0.811584
-1.06892
-1.09927
-1.11703
-1.20088
-1.15071
-0.978058
-1.30919
-1.09969
0.386169
1.50984
-0.699753
-0.164032

[10]
-0.0946045
-0.211472
-0.158203
-0.0802612
0.115829
0.0630493
0.0849915
0.0330658
0.0664673
0.0881195
0.137527
0.10556
0.034317
0.0368195
0.0636444
0.0779114
0.0665283
0.0713654
0.0561066
0.0530701
0.0957794
0.0960541
0.101257
0.119049
0.146606
0.168076
0.13147
0.142975
0.148712
0.192703
0.223312
0.260559
0.284225
0.674118
1.04483
0.560638
0.609238
0.266632
0.363007
0.24263
-0.066452
0.518005
0.911469
0.885818
0.657013
0.43866
0.349319
0.426651
0.254471
0.371582

[11]
0.269196
0.0438995
-0.220398
-0.386719
-0.547058
-0.696259
-0.904617
-1.12892
-1.18709
-1.17346
-1.16747
-1.15515
-1.29376
-0.729095
0.875946
-0.744156
-0.238998
-0.057724
-0.10643
-0.0219116
0.165146
0.0609131
0.0955963
0.18428
0.0988464
0.1138
0.0970001
0.134567
0.0588531
0.0300598
0.069458
0.0915985
0.122574
0.0739899
0.0579224
0.0778961
0.108673
0.0921631
0.0878448
0.0869293
0.109863
0.143875
0.131226
0.122925
0.142471
0.162537
0.20369
0.265457
0.278244
0.648865

[12]
0.816635
0.799362
0.695557
0.41922
0.254364
0.424744
0.160233
0.489731
0.996201
0.840942
0.701828
0.612015
0.527893
0.42981
0.499268
0.376373
0.297943
0.0796204
-0.169861
-0.393417
-0.752396
-0.975388
-1.20535
-1.49101
-1.34029
-1.31915
-1.29333
-0.940811
-1.04056
-0.33519
1.6718
-0.366745
-0.327347
-0.225128
-0.38295
-0.261078
-0.0972443
0.110733
0.0438538
0.0917816
0.0873413
0.0642853
0.063446
0.182602
0.135925
0.0404968
0.0331421
0.0952911
0.104645
0.0685272

[13]
0.0789185
0.10701
0.0738068
0.0641327
0.060791
0.0880432
0.102158
0.12912
0.189514
0.139328
0.213165
0.197617
0.163498
0.212021
0.20575
0.484741
0.949966
0.843979
0.749237
0.456299
0.228806
0.229111
0.0630188
0.699036
0.943314
0.810379
0.650238
0.536682
0.500549
0.441727
0.455032
0.422089
0.327011
0.0761871
-0.133865
-0.365082
-0.652924
-0.896469
-0.98584
-1.0715
-1.20284
-1.15714
-1.22997
-1.27249
-1.12819
-0.226593
1.23103
-0.813614
-0.279343
-0.185806

[14]
-0.318466
-0.197128
0.0144958
0.0853424
0.0768738
0.0714874
0.0687714
0.0605316
0.134918
0.190964
0.14801
0.0561523
0.066452
0.0814819
0.124527
0.089035
0.0726318
0.0859833
0.0966949
0.0892487
0.0835876
0.132553
0.155182
0.159286
0.121796
0.155594
0.122162
0.155487
0.199844
0.255066
0.369202
0.700684
1.13327
0.715225
0.646362
0.248932
0.379852
0.172302
0.216522
0.655701
0.810837
0.751236
0.608856
0.468872
0.358673
0.381729
0.377441
0.375381
0.32431
0.107971

[15]
-0.0982513
-0.265335
-0.595917
-0.927246
-1.24065
-1.35464
-1.36031
-1.25566
-1.39748
-1.41882
-0.802277
1.81459
-0.133377
-0.616638
-0.427139
-0.313293
-0.264557
-0.0580902
0.0765076
0.157181
0.0664062
0.0674438
-0.00288391
0.157455
0.167557
0.0975342
0.0158539
0.0573273
0.0892792
0.071228
0.0578003
0.104401
0.0641937
0.0357208
0.0515747
0.066925
0.0926056
0.106247
0.100769
0.145889
0.135559
0.161621
0.179733
0.217056
0.225311
0.241974
0.425018
0.679932
1.26578
0.753479

[16]
0.548782
0.33873
0.621109
-0.0960388
-0.065979
0.487289
0.862488
0.790924
0.646744
0.521835
0.377594
0.284058
0.326141
0.309982
0.251617
0.0719757
-0.211243
-0.491165
-0.774307
-1.00584
-1.17157
-1.2265
-1.22705
-1.25049
-1.25426
-1.37692
-1.12202
1.02121
0.317444
-0.524323
-0.503082
-0.162231
-0.246765
-0.114975
0.0952454
0.080368
0.0486603
0.0560913
0.0454559
0.0773926
0.126816
0.134552
0.0879364
0.0436554
0.0538788
0.0559998
0.0809784
0.0898285
0.0706329
0.0836639

[17]
0.112335
0.0827179
0.0778198
0.0918274
0.142883
0.134659
0.147766
0.0681
0.101242
0.149506
0.211914
0.288589
0.471863
0.666962
1.10905
0.714188
0.688858
0.242752
0.405121
0.0103607
0.0114136
0.609634
0.946793
0.759903
0.578049
0.478104
0.416611
0.449875
0.498306
0.437485
0.265091
0.0336304
-0.135681
-0.233322
-0.581314
-0.852005
-1.12001
-1.30717
-1.51328
-1.6667
-1.63187
-1.49379
-1.08347
1.29498
-0.490417
-0.626389
-0.177582
-0.244125
-0.163345
-0.0265961

[18]
-0.00640869
0.0318909
0.0380859
0.0737
0.0756989
0.107941
0.113129
0.0713043
0.0353088
0.0234985
0.0622406
0.0398254
0.0504761
0.0422516
0.0596619
0.0451813
0.0573273
0.0762787
0.0501251
0.0807037
0.114319
0.0838318
0.123642
0.106018
0.160049
0.20787
0.211243
0.444534
0.782455
1.06862
0.628342
0.49585
0.146576
0.449509
0.121094
0.259262
0.832703
0.826782
0.684906
0.570221
0.406281
0.431152
0.458511
0.418945
0.358337
0.226913
0.00230408
-0.209671
-0.676117
-0.953629

[19]
-1.34863
-1.54567
-1.19215
-1.47476
-1.43349
-1.2964
-0.676834
1.03835
-1.03256
-0.417786
-0.00215149
-0.276642
-0.103333
0.0221252
0.033905
0.0700378
0.0868988
0.0327454
0.0248871
0.0564423
0.0801239
0.0361176
-0.0452271
-0.0566254
0.0249786
0.0337677
0.0265656
0.014267
0.0134277
0.0179596
0.0299988
0.0327759
0.0435333
0.0987701
0.102722
0.157059
0.12468
0.0778656
0.0917816
0.148071
0.274246
0.662735
0.97023
0.6465
0.711151
0.306458
0.478912
0.130386
0.183624
0.464951

[20]
0.624893
0.650162
0.589737
0.464447
0.435852
0.46756
0.434525
0.366074
0.281006
0.109756
-0.115936
-0.420593
-0.846207
-1.18217
-1.39665
-1.5536
-1.47095
-1.43002
-1.06171
-1.11687
-0.729767
1.74774
-0.584625
-0.495193
-0.477036
-0.328552
-0.228165
-0.177826
-0.00637817
-0.02948
-0.00588989
-0.00175476
-0.0268555
0.10379
0.0529633
0.0126953
-0.0231934
0.039505
0.0346069
0.0386658
0.0404663
0.0478973
0.0189667
-0.00404358
0.0240936
0.0436859
0.0592957
0.0822906
0.115509
0.104141

[21]
0.0765991
0.106079
0.12677
0.116028
0.19809
0.566208
1.07198
0.927383
0.586578
0.379272
0.301834
0.446198
0.0872192
0.367813
0.95491
0.835556
0.620514
0.500504
0.375015
0.287552
0.313416
0.243484
0.204208
0.0909119
-0.0918884
-0.315308
-0.611069
-0.813232
-1.0269
-1.27144
-1.34853
-1.3864
-1.44475
-1.51051
-1.46124
-0.552948
1.40807
-0.815231
-0.475372
-0.195694
-0.312622
-0.161667
-0.0648041
0.0370941
-0.069809
0.0541077
0.0665588
0.0308533
0.0851135
0.091507

[22]
0.047287
-0.00592041
0.0278778
0.0274506
0.0235596
0.0244446
0.0349884
0.0418243
0.0203857
0.0169678
0.0388794
0.0554504
0.0726318
0.0617218
0.0858917
0.0549469
0.04953
0.080368
0.139694
0.17598
0.242905
0.479233
0.758957
0.892563
0.799957
0.423401
0.226883
0.357346
-0.0161133
0.155945
0.799454
0.831024
0.675873
0.572098
0.508667
0.50827
0.456375
0.439667
0.390884
0.22847
-0.0648956
-0.332031
-0.534836
-0.718887
-0.918472
-1.1839
-1.23883
-1.15799
-1.49603
-1.69635

[23]
-1.48691
0.355194
-0.161713
-1.18105
-0.128433
-0.28743
-0.0501404
-0.108109
0.0223694
0.0211334
0.0338135
0.0524292
0.0620422
0.0954285
0.0591583
0.023819
-0.0136871
0.00305176
-0.00521851
-0.011322
0.0177002
0.0149384
0.0152588
-0.0020752
0.0191345
0.0298767
0.0558929
0.0999146
0.151764
0.0903168
0.112946
0.0991211
0.117813
0.157516
0.200546
0.469788
0.994736
0.786301
0.697067
0.467819
0.23407
0.0369263
0.0295563
0.599625
0.931152
0.740005
0.670044
0.532974
0.476883
0.396179

[24]
0.453598
0.37619
0.278763
0.167221
-0.141678
-0.370224
-0.676559
-0.904984
-1.12332
-1.18071
-1.23311
-1.32927
-1.32669
-1.34752
-1.11317
0.0145569
0.430496
-0.805847
-0.519974
-0.21814
-0.31517
-0.25592
0.105469
0.0906219
0.0916595
0.0409851
-0.0137634
0.145294
0.0968628
0.110229
0.00679016
0.00927734
0.0275116
0.0414734
0.0656738
0.0321655
0.0135193
0.0314789
0.0134125
0.0389709
0.0634308
0.0599365
0.117569
0.125031
0.0857849
0.0793304
0.0650482
0.114365
0.1353
0.17981

[25]
0.443436
0.623871
1.11391
0.803726
0.730728
0.269638
0.390533
0.0552063
0.116425
0.48909
0.846542
0.760605
0.608475
0.500916
0.363876
0.363449
0.358658
0.290375
0.23027
0.0784302
-0.141479
-0.401398
-0.684341
-0.990479
-1.30704
-1.38542
-1.38918
-1.49997
-1.28407
-1.45653
-1.16052
1.02945
0.315704
-0.519928
-0.477173
-0.261047
-0.305008
-0.317764
0.0639954
0.0254669
0.0505066
0.0633392
0.0192566
0.0160522
0.0939484
0.0906982
0.0300903
-0.0312195
0.0030365
0.0206299

[26]
0.0516357
0.015625
0.0209961
0.0100708
0.0189362
0.0175476
0.0827789
0.0924072
0.0913086
0.211044
0.112823
0.155518
0.120499
0.217773
0.121765
0.400879
0.915756
0.857254
0.723236
0.651321
0.320297
0.190598
-0.0541382
0.515747
0.876801
0.750763
0.665649
0.596085
0.40477
0.315796
0.570038
0.475067
0.428513
0.176605
-0.15799
-0.420609
-0.746353
-0.954926
-1.20377
-1.44492
-1.41339
-1.37686
-0.747208
-1.25525
-1.02139
-0.282013
1.70145
-0.820663
-0.325806
-0.248932

[27]
-0.335556
-0.173553
-0.0934296
-0.0344543
-0.0987854
-0.0556335
0.0461426
0.0553436
0.069046
0.130234
0.00906372
0.00721741
0.00285339
0.0354004
0.0313873
0.0537415
0.0542145
0.0466309
0.0187225
-0.0169067
0.00956726
0.0539246
0.0778656
0.100189
0.144455
0.0983276
0.145035
0.151215
0.128281
0.215729
0.200623
0.526886
1.23289
0.658722
0.78447
0.470734
0.423462
0.356323
-0.0189819
0.278397
0.97142
0.915298
0.611557
0.492233
0.418716
0.380798
0.337723
0.344376
0.279922
0.0268707

[28]
-0.249268
-0.488831
-0.781967
-1.05621
-1.14922
-1.45752
-1.53725
-1.5842
-1.03694
-1.14871
-1.06793
0.770447
0.545044
-0.794525
-0.555893
-0.316483
-0.30864
-0.238724
0.0919037
0.0356598
0.0731506
0.0522003
-0.0209045
0.061554
0.139786
0.0900116
-0.0157776
-0.0269623
0.00794983
0.0573578
0.0302429
0.00942993
0.0263672
0.00404358
0.00985718
0.0215759
0.0527344
0.0672302
0.0694427
0.112183
0.137161
0.0919952
0.0550079
0.108139
0.155319
0.201797
0.420456
0.887283
0.881607
0.827728

[29]
0.496902
0.146439
0.186462
0.0610046
0.587662
0.990356
0.770767
0.581848
0.462555
0.399704
0.392059
0.379379
0.334625
0.296951
0.150894
-0.0166168
-0.209549
-0.483139
-0.783875
-1.03685
-1.26901
-1.49117
-1.61838
-1.51694
-1.29745
-1.33171
-0.431961
1.72002
-0.619003
-0.844986
-0.318008
-0.301819
-0.324448
0.0870819
-0.0470123
-0.00279236
-0.0032959
-0.0428467
-0.0908661
-0.00427246
0.0731812
0.0767822
0.111115
0.122742
0.125931
0.0526428
0.0202789
0.038208
0.0451202
-0.0227661

[30]
0.0280457
0.0385895
0.03125
0.0574493
0.0980988
0.101883
0.0598145
0.112747
0.130219
0.134735
0.1772
0.43132
1.06699
1.21159
0.834518
0.483109
0.36087
0.412384
0.0480652
0.256012
0.980896
0.883682
0.625671
0.517944
0.350235
0.265213
0.267227
0.194199
0.248764
0.111618
-0.10524
-0.299744
-0.574631
-0.932617
-1.21114
-1.26605
-1.30876
-1.30733
-1.40126
-1.48099
-1.17249
0.427002
0.537827
-0.815506
-0.626114
-0.163223
-0.25087
-0.278595
0.0522003
0.0237427

[31]
0.0651703
0.107254
0.0719147
0.0387268
0.108688
0.136642
0.0898438
0.0125122
0.00463867
0.0465546
0.0500488
0.0393372
0.0340576
0.0420837
0.0372467
-0.0012207
0.0481415
0.110962
0.12529
0.189758
0.112549
0.107483
0.120224
0.145233
0.154968
0.30751
0.769058
1.04604
0.856033
0.687286
0.425568
0.460144
0.0496826
-0.308762
0.527664
1.04686
0.896744
0.692154
0.524109
0.417969
0.52179
0.379898
0.365738
0.247086
0.0336456
-0.2099
-0.432922
-0.720062
-1.09776
-1.37949

[32]
-1.37248
-1.25774
-1.29028
-1.53476
-1.38513
-0.714371
1.52505
-0.892441
-0.5159
-0.252243
-0.326813
-0.251587
0.0150909
0.0285187
0.0705109
0.0597229
0.0653229
0.0269012
0.10556
0.143402
0.107071
0.0187073
0.0280151
0.0715485
0.0652618
0.0509338
0.0650177
0.0646515
0.0376282
0.0495605
0.0706329
0.0959778
0.107986
0.09552
0.183762
0.104431
0.176178
0.156387
0.269653
0.19725
0.596786
1.16357
0.590012
0.933029
0.288544
0.284393
0.0394135
0.0290222
0.835846
0.96701

[33]
0.751404
0.602585
0.469589
0.419724
0.483734
0.448593
0.426407
0.318161
0.146027
-0.160736
-0.362991
-0.676971
-1.02432
-1.2791
-1.2251
-1.46449
-1.68268
-1.58141
-1.30635
1.0744
-0.397583
-0.94339
-0.4077
-0.124481
-0.206085
-0.156754
0.0411072
0.0465393
0.0748901
0.0665588
0.0762787
0.0935822
0.0705261
0.0528259
0.0375671
-0.0185852
-0.0302734
-0.00856018
0.000457764
0.0261841
0.0319519
0.00228882
0.0198669
0.0774078
0.0545807
0.108383
0.115158
0.139282
0.0812988
0.07547

[34]
0.115555
0.164551
0.175827
0.39653
0.923553
0.897751
0.598099
0.648041
0.252792
0.501663
-0.0458679
0.0867615
0.805756
0.914398
0.726349
0.559509
0.442047
0.34903
0.350967
0.37204
0.325043
0.246307
0.116531
-0.111389
-0.447662
-0.824753
-1.17801
-1.47052
-1.57458
-1.42722
-1.47305
-1.61034
-1.2849
-0.0370331
1.64676
-0.902512
-0.659958
-0.158386
-0.392212
-0.27356
0.00805664
0.0543365
0.00834656
0.0451202
-0.0317383
-0.00236511
0.0681152
0.0757599
0.0240936
-0.00782776

[35]
0.0244446
0.019455
0.00712585
0.00128174
0.0126801
0.0107117
-0.00978088
0.0136871
0.0365448
0.0600128
0.142258
0.151138
0.0853882
0.0811768
0.131866
0.137756
0.175034
0.36467
0.698654
1.12349
0.680099
0.822586
0.170059
0.477203
-0.217484
0.0875702
0.839935
0.922745
0.718292
0.545151
0.391342
0.309128
0.316925
0.315872
0.248642
0.148102
-0.00650024
-0.18399
-0.458221
-0.76886
-0.992355
-1.19794
-1.24135
-1.24405
-1.35353
-1.74413
-1.27962
-1.32112
0.534973
0.943649

[36]
-0.580704
-0.34552
-0.521378
-0.46553
-0.282944
-0.00215149
-0.0115204
0.0350189
-0.00738525
0.0187225
-0.00917053
0.0597382
0.0834656
0.0639038
0.0186005
0.00679016
0.0433197
0.0845184
0.0806427
0.0448303
0.0217438
0.0169067
0.00340271
0.0588837
0.0251617
0.0374298
0.0424805
0.0771484
0.107925
0.123611
0.0478058
0.0721893
0.143341
0.193375
0.305527
0.848236
0.821594
0.760147
0.654388
0.0894165
0.284485
0.0368042
0.187439
0.800735
0.761993
0.630264
0.505264
0.386154
0.35257
0.303574

