[1]
0
0.0259552
-0.0157776
-0.110214
-0.144623
-0.207306
-0.348663
-0.604752
-0.517807
-0.292068
-0.0643311
-0.141983
0.55304
-0.284073
-0.26001
-0.403412
-0.366714
-0.257385
-0.151672
-0.201767
-0.0991974
-0.107025
0.0132446
-0.0948029
0.160233
0.24823
0.822617
1.47783
2.28351
2.19818
1.5498
1.52402
0.195038
-1.59233
-0.0704041
0.654694
0.758652
1.18495
0.33844
0.068924
0.252075
0.15181
0.0242157
0.302948
0.0967865
0.0915222
0.0876617
0.1297
0.104691
0.0297089

[2]
0.0129089
-0.0941467
-0.0463104
-0.0573578
-0.0227509
-0.0718689
-0.15271
-0.24498
-0.196075
-0.115234
-0.169235
-0.395416
-0.803604
-0.438629
-0.374298
-0.279953
0.288239
0.135696
-0.700775
-0.603424
-0.624847
-0.447342
-0.259369
-0.231628
-0.15181
-0.185257
-0.155838
-0.0177765
0.0310211
0.258194
1.06551
1.9315
2.38733
2.2401
1.54457
1.04207
-1.36418
-0.677322
0.47673
1.32008
0.273926
0.388596
0.499207
-0.200974
0.0404358
0.101334
0.11113
0.180527
0.0944061
0.0298157

[3]
0.0235748
0.00978088
-0.0384521
-0.0209503
-0.00408936
0.00517273
-0.128616
-0.25737
-0.142197
-0.249908
-0.261993
-0.207001
-0.124893
-0.958878
-0.982834
-0.987167
-0.62886
-0.639816
1.66493
-0.469147
-0.184555
-0.0472412
-0.200134
-0.184967
-0.253845
-0.191315
-0.10405
-0.00357056
0.0444489
0.443375
0.891205
1.20537
1.11087
2.24025
2.28355
1.36778
0.226486
-1.77745
0.428421
1.12695
0.954254
0.782639
0.446945
-0.272324
0.149963
0.183395
0.173141
0.303284
0.0981445
-0.11171

[4]
-0.00746155
0.171982
-0.0452423
-0.175034
-0.171997
-0.0828552
-0.203506
-0.233826
-0.195663
-0.332825
-0.313477
-0.231216
-0.91362
-1.54936
-1.00778
-0.332932
-0.479218
1.60248
-0.750015
-0.207626
-0.392319
-0.507828
-0.314651
-0.213242
-0.15213
-0.113403
-0.0916748
-0.0620728
0.0709534
0.18689
0.828873
1.45546
2.28998
2.30048
2.01437
1.45073
-1.77522
-0.225693
1.83258
0.624344
0.417862
0.677551
-0.0619659
0.0200958
0.0538483
0.181183
0.177475
0.225342
-0.0377502
0.0244446

[5]
0.0290375
0.0601807
-0.0199432
-0.0111542
-0.0509186
-0.151733
-0.269684
-0.189285
-0.301834
-0.294998
-0.240784
-0.232559
-1.13107
-0.970108
-0.561325
-0.478134
1.13643
-0.655594
-0.596405
-0.572174
-0.535858
-0.347229
-0.182678
-0.206421
-0.214554
-0.146851
-0.105606
0.0882568
0.0869904
0.695496
1.43219
2.16808
2.37216
2.35678
2.03081
-0.262299
-1.72044
-0.630661
2.26697
0.307648
0.720657
0.677155
0.115448
-0.0630035
0.133133
0.141739
0.299667
0.253693
0.0435638
0.0335846

[6]
0.111893
0.00791931
-0.0561981
-0.0437469
0.0287476
-0.131165
-0.228271
-0.307449
-0.34874
-0.258881
-0.127853
-1.08574
-1.10713
-0.50148
-0.348068
-1.53021
-0.0357819
-0.834961
-0.426697
-0.467987
-0.330551
-0.167587
-0.241882
-0.17598
-0.201263
-0.14299
0.0636444
0.0482178
0.435059
1.21744
2.17538
2.37526
2.37001
1.61711
-1.66901
-0.0364532
1.6783
1.55544
0.318192
0.610611
0.224564
0.0855408
0.164917
0.150208
0.266663
0.28949
0.0781403
0.0866699
0.0542297
0.0382538

[7]
0.0536194
-0.0117188
0.0211639
-0.12645
-0.199585
-0.149902
-0.308823
-0.340942
-0.22258
-0.529282
-1.35269
-0.571518
-0.629547
-0.521713
1.68506
-1.06841
-0.288849
-0.50441
-0.410278
-0.0746765
-0.00128174
0.0297089
0.0239868
0.0776367
0.0996399
0.315125
0.708023
1.44818
1.8757
2.40637
2.40031
2.0228
-0.223679
-1.67015
0.222504
2.26894
-0.148621
0.855026
0.807602
0.019989
0.166855
0.127167
0.263824
0.339096
0.245697
0.0163879
0.0110168
0.0281525
0.142441
-0.0673981

[8]
-0.0317535
-0.224136
-0.141739
-0.145432
-0.210526
-0.356049
-0.25769
-0.673431
-1.17133
-0.581085
-0.43689
-0.242691
1.67947
-0.780228
-0.0771027
-0.163345
-0.296646
-0.125916
-0.221313
-0.202957
-0.131653
-0.0496368
-0.0123901
0.216522
0.359543
0.843674
1.38287
2.25005
2.40042
2.05092
-0.331009
-0.366455
0.562561
0.427002
0.634567
0.906708
0.165237
0.124268
0.108032
0.159729
0.0415192
0.0572052
0.339203
0.113358
0.00257874
0.056488
0.101227
0.184708
0.00428772
0.0370789

[9]
-0.185745
-0.302551
-0.210526
-0.316223
-0.362106
-0.305618
-0.513092
-0.831421
-0.485413
-0.949951
-0.191956
1.67317
-1.26689
-0.312958
-0.614914
-0.508026
-0.242752
-0.189911
-0.190857
-0.203491
-0.209274
-0.12262
0.0557098
0.433075
1.31903
2.12978
2.3533
2.34293
1.74002
-0.104004
-1.70624
0.68399
2.0672
0.428955
0.536652
0.628372
0.0063324
0.135208
0.083313
0.14119
0.329636
0.142578
0.0606995
-0.0245819
0.0776825
0.0791626
0.00132751
-0.0596161
-0.06987
-0.203201

[10]
-0.169907
-0.292938
-0.265335
-0.248825
-0.569199
-1.50558
-0.723663
-0.322403
-0.580109
1.64915
-1.08719
-0.214035
-0.565567
-0.49791
-0.197067
-0.112976
-0.0928497
-0.0774841
-0.0959778
-0.0364227
0.236649
0.247147
0.974899
1.64587
2.34499
2.35214
1.93221
0.881424
-1.71509
1.64574
0.834885
0.984711
0.581894
0.334534
-0.188507
0.0556793
0.0588989
0.103668
0.32283
-0.0226746
-0.0815277
-0.0592651
-0.0408936
-0.00770569
0.025589
0.0173492
-0.098938
-0.491379
-0.292084
-0.417679

[11]
-0.359558
-0.453186
-0.673889
-0.721283
-0.554367
-0.483276
-2.33691
0.114426
-1.15279
-0.643539
-0.652573
-0.481995
-0.311707
-0.277206
-0.2397
-0.25647
-0.241455
-0.115204
0.0299988
0.657776
1.48969
2.1925
2.4097
2.40872
2.12248
-1.64766
0.151123
2.19194
0.472336
0.631836
0.592178
-0.0783997
0.401215
0.273163
0.150162
0.218292
0.0585327
0.141861
0.0968475
0.12326
0.083786
0.0986328
0.0584259
-0.0333862
-0.128647
-0.227844
-0.138062
-0.298401
-0.25264
-0.163086

[12]
-0.475388
-1.09416
-1.17024
-0.392059
-0.426926
1.68874
-0.619446
-0.0957947
-0.38504
-0.330887
-0.173187
-0.271973
-0.348206
-0.293045
-0.247635
-0.0967865
0.125275
0.236832
0.789093
1.55101
2.4091
2.3788
2.03584
1.23849
-0.516266
-1.4897
2.13179
1.40343
0.515381
0.544174
0.322296
0.185272
0.178787
0.28624
0.183075
0.356277
0.213409
0.125015
0.0799713
0.063324
0.0728607
0.0218048
0.0653534
-0.0495758
-0.130997
-0.151413
-0.267151
-0.293594
-0.0879059
-0.56076

[13]
-1.63246
-0.85405
-0.546814
-0.460938
1.50372
-0.812866
-0.314835
-0.361679
-0.449905
-0.202866
-0.0472565
-0.0960083
0.0443268
0.084549
0.0922241
0.101944
0.368927
0.790161
1.50792
2.11053
2.41701
2.19243
1.87344
0.585602
-1.68103
0.550354
2.25157
-0.0325775
0.822693
0.808929
0.0284271
0.160141
0.0382843
0.141037
0.336884
0.204285
0.119644
0.0690308
0.105087
0.0749359
-0.128433
-0.116684
-0.00619507
-0.115189
-0.188705
-0.264328
-0.318146
-0.288422
-0.706528
-1.3812

[14]
-0.946335
-0.482849
-0.362747
1.66153
-1.02568
-0.17276
-0.455795
-0.35936
-0.177414
-0.0737457
-0.0913239
-0.114471
-0.132339
-0.175552
0.0494385
0.221848
0.978882
1.72734
2.3856
2.39542
2.25822
1.2744
-1.67505
-0.103745
1.93053
0.207977
0.961136
0.639816
-0.0744019
0.311081
0.217667
0.25174
0.316727
0.11145
0.0661621
0.109879
-0.024826
0.0257416
-0.107178
-0.000595093
0.0597839
-0.168076
-0.224472
-0.108597
-0.320435
-0.312866
-0.113724
-1.24614
-1.16547
-0.357162

[15]
-0.109756
-0.886368
0.0821075
-0.745178
-0.466843
-0.629578
-0.436417
-0.179108
-0.136703
0.0134125
-0.0264587
0.045105
0.151321
0.119354
0.590744
1.24284
1.93321
2.40637
2.35574
1.51759
0.482178
-1.65144
0.0827484
1.41719
0.793747
0.471451
0.522491
0.260208
0.214233
0.0121155
0.182129
0.147415
0.256516
0.178391
0.0789185
0.0774841
0.0849152
0.0554199
0.0733948
-0.00827026
0.016098
-0.184113
-0.0188599
-0.241287
-0.253784
-0.198029
-0.235947
-1.21884
-1.46284
-0.595596

[16]
-0.355118
-0.187683
1.66624
-0.970825
0.0155029
-0.433014
-0.441528
-0.155121
-0.0425568
0.091507
0.175156
0.0735321
0.0703583
0.522339
0.903381
1.5605
1.97574
2.42448
2.17294
2.0118
-0.325562
-0.037735
-1.71071
1.98419
1.19882
0.624893
0.633255
0.245331
-0.146118
0.0878754
0.200989
0.298279
0.389969
0.148697
0.0215302
0.0888062
0.123322
0.0335693
-0.0335846
-0.134247
-0.12178
-0.0843811
0.0261993
-0.220886
-0.265732
-0.0800171
-0.280029
-1.27974
-0.949539
-0.5466

[17]
-0.440323
0.096405
0.0593719
-0.34903
-0.495026
-0.521469
-0.339752
-0.237579
-0.316925
-0.19342
-0.261612
-0.234131
-0.186005
0.0151825
0.282425
1.11523
1.85684
2.35823
2.2916
1.92668
0.951355
-1.71866
0.335602
1.68658
0.421097
0.725128
0.604889
0.0161133
0.179794
0.16629
0.11937
0.26622
0.135788
0.144348
0.0328369
0.0454407
0.0266724
-0.0115509
0.0062561
0.0730743
-0.197769
-0.121338
-0.109863
-0.139755
-0.18692
-0.141403
-0.237274
-1.13826
-1.22639
-1.02782

[18]
-0.335312
-0.429565
1.62343
-0.737518
-0.297363
-0.558807
-0.456223
-0.188095
-0.160065
-0.110703
-0.00611877
-0.022934
0.0207977
0.23793
0.278397
1.02208
1.85622
2.39508
2.40306
1.85837
1.95654
-0.694504
-1.39284
-0.706955
2.18918
0.227646
0.76593
0.530594
0.139252
0.108322
0.181625
0.20961
0.383865
0.221344
0.115921
0.102264
0.0866852
0.0868378
0.032135
0.00210571
-0.0290985
-0.105804
-0.0811005
-0.225739
-0.275253
-0.223251
-0.131805
-1.19499
-1.15047
-0.38533

[19]
-0.205704
-0.0241852
1.37822
-0.834518
-0.0697937
-0.365646
-0.283997
0.0138092
0.101913
0.0578156
0.0758209
0.106064
0.0337219
0.226303
0.611404
1.39575
1.86885
2.37238
2.35332
1.98032
-0.132111
-1.73291
-0.630188
1.34897
1.06413
0.841843
0.767319
-0.239151
-0.0153503
0.0275726
0.0889435
0.393463
0.291855
0.0521545
-0.0843811
0.0684204
0.135727
-0.0519562
-0.0539551
0.0765228
-0.119003
-0.327118
-0.179642
-0.172134
-0.160538
-0.101944
-0.121002
-0.694626
-1.1609
-0.678757

[20]
-0.658752
-0.366989
1.65808
-0.761551
-0.420578
-0.633041
-0.450851
-0.244614
-0.149307
-0.136383
-0.149216
-0.161377
-0.164398
0.258255
0.096283
0.837021
1.60466
2.16545
2.35062
1.99268
1.03586
-1.64273
-0.67775
2.17393
0.373978
0.858261
0.652878
-0.0342865
-0.00666809
0.229111
0.127686
0.41539
0.144516
0.0393372
0.0662384
0.168091
0.101501
-0.0419159
0.0268402
0.134979
-0.0631104
-0.1474
-0.0423431
-0.146423
-0.236115
-0.231506
-0.0269928
-0.704559
-1.01497
-0.856491

