[1]
-0.00120544
-0.00120544
0.0817566
0.0904846
0.0808258
0.0580902
0.0560303
0.0658569
0.125671
0.00836182
-0.389938
-0.593124
-0.27269
-0.271896
-0.312958
0.850189
0.169678
0.100479
0.355011
-0.135513
-0.241348
0.0751495
0.143982
0.0390778
0.0341187
0.0312347
-0.151337
-0.249237
-0.15564
0.00762939
0.0981903
0.0728455
0.0339508
-0.067627
-0.0566101
0.0718079
0.107117
0.0512238
0.230408
0.17572
-0.0722656
-0.384918
-0.681137
-0.38974
-0.262451
-0.614075
0.137161
0.0906525
0.365738
0.351212

[2]
0.226608
0.0744476
0.196335
0.280685
0.256195
0.194397
0.164368
0.0723877
0.0127106
-0.151474
-0.43515
-1.00552
-1.02116
-0.589462
-0.467331
1.15506
0.123062
0.0714874
-0.245865
-0.213028
-0.14418
0.0415649
-0.0951691
-0.067337
-0.255615
-0.171143
-0.190094
-0.0022583
0.0678101
0.0757294
-0.036972
-0.0829926
-0.0953522
0.0296021
0.0598602
0.0843048
0.206436
0.0124207
-0.150101
-0.355515
-0.389023
-0.756729
-0.750351
-0.488113
-0.28743
0.117386
0.164734
0.197693
-0.0328674
-0.0113525

[3]
0.0357361
0.0917969
0.113831
0.121216
0.029953
0.152817
0.0608826
-0.0334015
-0.82489
-0.463882
0.197647
-0.281952
0.172775
0.378281
-0.665588
-0.157181
-0.0148315
0.035141
-0.180099
-0.0118103
-0.118378
-0.153152
-0.0515289
-0.130859
-0.000488281
-0.00891113
-0.0148315
-0.0388641
-0.0630341
-0.0445404
0.0588531
0.105545
0.035965
0.181458
0.0279999
-0.209549
-0.562378
-0.514526
-0.836914
-0.996841
-0.0940704
-0.225952
0.174515
0.169098
0.107956
-0.0319672
0.090744
0.191162
0.144211
0.130295

[4]
0.164276
0.0252686
0.174896
-0.132751
-0.635971
-0.932068
-0.751984
-0.287659
0.557373
2.09785
0.524933
-0.961914
-0.324341
0.175751
0.00419617
-0.282257
-0.0660706
-0.179626
-0.198334
-0.272125
-0.181366
0.00592041
0.14357
0.0130157
-0.156723
-0.0579834
0.0327759
0.133057
-0.0588837
0.0779419
0.202499
-0.0402069
-0.0928192
-0.669449
-0.536926
-0.189896
-0.439636
-0.110687
0.253708
0.11792
0.101913
0.0106049
0.00683594
0.144608
0.163193
0.156906
0.248398
0.217438
0.132141
-0.252426

[5]
-0.667023
-0.885101
-0.42923
-0.505524
0.901627
0.0210724
-1.46941
0.265762
0.242554
-0.158737
-0.226425
-0.208984
-0.212326
-0.222961
-0.182877
-0.192947
-0.0754395
0.212799
-0.00698853
-0.185776
-0.134674
-0.0633087
0.0635071
-0.0173187
0.0912323
0.148544
-0.0820618
-0.161118
-0.608322
-0.477478
-0.981262
-0.740173
-0.160995
-0.152771
0.085907
0.115005
0.00283813
-0.0139008
-0.0104675
0.0535126
0.099884
0.134262
0.0584869
0.137299
-0.0890045
-0.212204
-0.809097
-0.539688
0.0860443
1.37148

[6]
1.13869
-0.0438232
-0.215179
-0.614807
0.191971
-0.154495
-0.201309
-0.00338745
-0.0253754
-0.188004
-0.24588
-0.24147
-0.222748
-0.0780182
-0.0290222
0.00572205
0.0471344
0.25943
0.19249
0.0575867
0.255997
-0.0184326
-0.112656
-0.849442
-0.305939
-0.159256
-0.585632
-1.84587
0.191574
0.191681
0.132294
0.074295
0.122986
0.182739
0.187469
0.16777
0.180054
0.212646
0.372696
0.163574
-0.459259
-0.652512
-0.797958
-0.251343
-0.71431
0.479919
0.917191
-0.788544
-0.412521
-0.236191

[7]
-0.212967
-0.285233
-0.110382
-0.02388
-0.137924
-0.100952
-0.17897
-0.174835
-0.188171
-0.0926666
0.0379791
0.0950775
0.246796
0.126556
-0.0540314
0.163605
-0.0335846
-0.20517
-0.544876
-0.700256
-1.21021
-1.29266
-0.0159302
-0.145645
0.0320129
0.125443
-0.0458984
-0.0762634
0.0312347
0.0783539
0.116211
0.0905609
0.16687
0.0538025
0.151123
-0.12059
-0.46405
-0.848785
-0.367996
-0.424164
0.360565
0.689301
-0.316986
-0.468979
-0.460266
-0.174088
-0.152328
-0.118973
0.0398865
-0.146103

[8]
-0.289047
-0.334564
-0.256577
-0.0443726
-0.0257721
-0.0674133
-0.0752106
-0.0953979
0.0496368
0.0571442
0.0891113
0.195511
-0.0200348
-0.157913
-0.63768
-0.389587
-0.813843
-0.816711
-0.634338
-0.429688
-0.00524902
0.0139465
0.0511169
0.0137024
0.0440826
0.0900269
0.0731506
0.0757141
0.0863037
0.0927887
-0.205612
-0.541595
-0.418381
-0.66452
-0.0452576
-1.00395
1.03995
0.969055
-0.404449
0.0899658
-0.401077
-0.00193787
-0.13736
-0.0490417
-0.0236053
-0.239853
-0.175171
-0.345718
-0.125977
-0.0158234

[9]
0.127625
0.0102386
0.0197296
0.0112152
0.053009
0.000427246
0.132507
0.222549
-0.0254822
-0.102905
-0.476929
-0.456818
-0.189072
-0.74617
-0.711716
-0.471115
0.301117
0.213516
0.124969
0.0351715
0.159332
0.214813
0.19191
0.221893
0.212524
0.246429
0.0842438
-0.358871
-0.468918
-0.664429
-0.0902863
-0.326462
0.528732
1.09886
-0.0976715
-0.284058
-0.267609
-0.118912
-0.0183716
-0.0301666
0.0578461
-0.0667267
0.00912476
-0.241135
-0.263214
-0.161713
-0.0477295
0.071228
0.0114899
0.123383

[10]
0.13736
0.197495
0.00639343
0.125793
0.139343
-0.0767975
-0.106766
-0.370483
-0.89064
-0.912415
-0.667007
-0.203506
-0.326035
0.118057
0.130249
0.0198822
-0.0603638
-0.0290833
0.0690155
0.0384216
0.0896301
-0.225662
0.00715637
-0.227188
-0.258469
-0.527527
-0.17836
-0.222809
-0.284653
-0.430435
1.78558
-0.0526733
-0.818649
0.541473
-0.5298
-0.131149
0.0250854
-0.0231628
-0.00575256
0.0776978
-0.211685
-0.100937
-0.0212708
0.0540314
-0.0299683
-0.0219574
-0.0883789
0.0271606
0.109238
0.106216

[11]
0.172287
0.00799561
-0.0630188
-0.397446
-0.256973
-0.132034
-1.19823
-0.445953
-0.565811
0.358963
0.21373
0.11853
0.00663757
0.131836
0.207657
0.18515
0.177216
0.129532
0.208557
-0.109253
-0.434647
-0.202347
-0.271454
-0.421097
-0.375183
-0.0796356
0.843155
-0.155457
-0.32283
-0.292633
-0.394241
-0.0731506
-0.16188
0.076416
-0.0655975
-0.0983582
-0.0749054
-0.19696
-0.115952
-0.0182953
0.100128
0.0167694
-0.0727997
-0.0622711
-0.0282898
0.0468292
0.264587
0.129044
-0.0877228
-0.484772

[12]
-0.40564
-0.537048
-0.939804
-0.437302
-0.450043
0.327667
0.152374
0.0200348
-0.0683441
-0.0836487
-0.0511169
-0.015564
-0.0230713
-0.11322
0.068161
-0.0492401
-0.209854
-0.251144
-0.740906
-0.171295
-0.0196838
-0.281601
1.88704
0.00376892
-0.572464
0.152649
-0.0662994
-0.0253448
-0.189453
0.0158081
-0.102097
-0.139542
-0.170654
-0.227036
-0.0929871
0.0574951
0.0780182
-0.0249786
0.0794525
0.135895
0.0316162
-0.0165405
0.130493
0.0311737
-0.0975189
-0.497604
-0.44194
-0.939606
-0.875031
-0.870056

[13]
-0.275375
-0.366776
0.0510864
0.0711212
-0.116455
-0.196671
-0.209106
-0.134277
-0.0977173
-0.0613861
-0.152786
-0.117355
-0.245438
-0.0569153
-0.433594
-0.484787
0.366058
0.161346
-1.02725
0.559204
-0.00389099
-0.889023
0.555862
-0.280807
-0.0723724
-0.0344391
-0.0929413
-0.149872
-0.199646
-0.240997
-0.0653992
0.0913849
0.0709076
0.0270844
0.0100555
-0.0436859
0.0854645
0.0864258
0.0292816
0.196777
0.0134125
0.00593567
-0.291077
-0.798431
-0.417572
-0.576614
-0.868805
-0.425369
0.0162506
0.138367

[14]
0.0716858
-0.0118408
-0.0601807
0.000427246
-0.00753784
-0.00828552
-0.0924225
-0.0258331
-0.194458
-0.410065
-0.61026
-0.880249
-0.0838776
-0.191833
1.42911
0.679489
-0.84108
-0.368668
-0.251602
0.181137
-0.201828
0.0240021
-0.0495453
-0.0402985
-0.0731964
-0.209412
-0.159225
-0.042038
0.0145874
0.0291595
-0.0124664
0.0109863
0.0570984
0.100021
0.0683136
0.173035
-0.00416565
-0.172653
-0.482147
-0.249161
-0.652435
-0.727951
-0.362595
-0.179077
-0.327744
0.0268707
0.0721283
-0.00798035
-0.0594482
-0.000732422

[15]
0.0364838
0.0690613
0.0813751
0.019928
0.135223
-0.0250397
-0.32225
-0.491455
-0.215057
0.234726
-0.189484
1.8846
0.309265
-0.745239
0.232315
-0.165558
-0.026062
-0.0556793
0.0978546
-0.0234222
-0.110184
-0.0750732
-0.254028
-0.0906372
0.025116
0.0920258
0.0610504
0.0630798
0.0154114
0.0960846
0.0423737
0.0967407
0.167892
-0.0123444
-0.160233
-0.494446
-0.198685
-0.847977
-0.910202
-0.353851
-0.0370483
-0.217224
0.0753937
0.0851593
-0.0600128
-0.0813751
-0.0018158
0.0487213
0.0856934
0.153137

[16]
-0.0231476
0.127228
-0.00758362
-0.179306
-0.712296
0.103134
0.284286
-0.391525
1.68495
0.666245
-0.17453
-0.000976562
0.0329437
-0.263885
-0.0704346
0.0237885
0.0728607
-0.103745
-0.144913
-0.291794
-0.106659
0.0193176
0.140015
0.0762177
0.0918427
0.00997925
0.0831299
0.0900726
0.0297241
0.17244
0.131927
0.0226593
-0.238052
-0.663742
-0.336395
-1.23631
-0.648438
-0.262863
-0.179581
0.0117493
0.181274
0.100052
-0.0128479
0.0272064
0.0398865
0.0761719
0.1026
0.111679
0.100601
0.00552368

[17]
-0.553925
-0.572891
-0.538406
0.689621
0.460968
0.130493
-0.303055
-1.19296
-0.234314
0.29808
0.0323181
-0.0874939
-0.14415
-0.222809
-0.211563
-0.225372
0.0123749
0.083313
0.0693817
-0.0197754
-0.0351257
0.0307617
0.0144043
-0.0319214
0.00944519
0.0181122
0.204681
0.0768738
-0.0359802
-0.545944
-0.588348
-0.418808
-1.02054
-0.707703
0.628021
0.134979
-0.0545502
0.0799713
0.0367432
-0.149063
-0.230606
-0.165161
-0.0744019
-0.0547943
-0.104828
-0.10025
-0.123734
-0.0296631
-0.13446
-0.805695

[18]
0.108337
-0.309601
0.352066
0.611237
0.23114
-0.931763
-0.223053
0.0505219
-0.098175
-0.0330505
0.0806122
-0.190903
-0.120224
-0.317352
-0.158127
-0.0489044
0.0943451
0.0161591
-0.0337982
-0.0533142
-0.118286
0.117889
0.0318451
0.164581
0.149628
-0.160828
-0.257858
-0.308395
-0.410049
-0.999039
-0.99852
-0.205429
-0.678299
-0.0802002
-0.12323
0.105469
0.122742
-0.108765
0.0206604
0.140091
0.172546
0.213989
0.215103
0.181961
-0.074646
-0.133041
-0.371597
0.132278
0.0511627
0.312271

