[1]
-0.780045
-0.780045
-0.759552
-0.796783
-0.715881
-0.604233
-0.573715
-0.0802765
0.427917
1.26778
1.96092
2.23483
2.24229
1.63771
0.673782
-1.90948
0.503403
1.27545
0.151199
-0.19783
-0.231827
-0.156372
-0.205811
-0.277191
-0.392654
-0.439972
-0.517746
-0.471832
-0.51474
-0.534317
-0.343552
-0.248947
-0.174423
-0.295563
-0.297577
-0.373627
-0.555847
-0.589661
-0.631516
-0.795013
-1.07875
-1.31485
-2.54237
-1.38333
-2.06575
-0.627045
0.0353088
-0.389938
-1.12717
-1.09131

[2]
-0.869827
-0.806259
-0.533768
-0.393906
-0.258133
-0.204208
-0.134735
-0.138092
0.372513
1.28395
2.19948
2.6053
2.63272
2.61383
1.87975
-1.51312
1.06264
1.5107
1.39673
0.646454
0.434219
0.286026
-0.244644
-0.231644
-0.358017
-0.123749
0.105743
0.0517883
0.0383301
-0.13945
-0.141891
-0.137833
-0.177216
-0.27623
-0.413345
-0.410019
-0.571869
-0.769608
-1.00938
-2.14015
-2.27734
-1.6891
-1.48233
-0.0995789
0.0611115
-1.25221
-1.10141
-0.821732
-0.614258
-0.240295

[3]
-0.180923
-0.102203
-0.11351
-0.0162201
0.190979
0.77829
1.45021
2.20992
2.70279
2.72517
2.70784
1.9075
-1.39273
2.54648
0.732834
1.92776
0.900269
0.464203
0.0479431
0.0113373
-0.102341
0.0665894
0.122833
0.138992
0.0299835
0.076416
-0.0501404
-0.0997772
-0.237961
-0.097641
-0.0457153
-0.274628
-0.373764
-0.47583
-0.790192
-0.945786
-2.06848
-2.20186
-1.67372
-1.41423
0.221756
-0.0744324
-1.20198
-1.06635
-0.602554
-0.44725
-0.215408
-0.170059
-0.0954437
-0.0641785

[4]
0.0162506
0.0785828
0.864319
1.69012
2.5795
2.76637
2.77997
2.75679
1.14792
-1.34703
2.37482
1.41513
1.37605
0.893707
0.436584
-0.0640259
0.00119019
0.0258636
0.104889
0.210419
0.180298
0.121994
0.0633698
0.102539
0.0314789
-0.130692
-0.0914459
-0.170593
-0.36528
-0.467438
-0.649277
-1.00526
-1.61786
-2.29414
-1.43568
-1.28841
0.0397186
-0.0905609
-1.42795
-1.02216
-0.494324
-0.389282
-0.173309
-0.0856018
-0.0853424
0.0389404
0.108032
0.545609
1.13737
1.88884

[5]
2.82375
2.85519
2.85616
2.82449
-0.801697
1.83408
1.83212
2.53128
0.673004
0.526611
0.450943
0.0164642
0.239243
0.239716
0.219925
0.296417
0.221176
0.180969
0.154327
0.000793457
-0.022171
0.0943451
0.0112152
-0.237946
-0.354355
-0.640274
-0.868469
-1.52052
-2.22067
-1.27992
-1.80728
-0.331177
0.413498
-1.42493
-0.97319
-0.62027
-0.415482
-0.0988922
-0.0147095
0.0569305
0.0663147
0.196198
0.400421
0.918976
1.8578
2.77139
2.81557
2.8313
2.81303
0.476089

[6]
-1.27277
2.65599
1.34615
1.59334
0.934219
0.316879
0.21666
0.117249
0.091629
0.0253754
0.191025
0.152023
0.108948
0.17955
0.138092
0.127823
-0.117813
-0.238159
-0.27655
-0.321655
-0.523193
-0.878571
-1.11502
-2.2045
-0.743927
-2.32439
-0.979034
0.404388
-0.772186
-0.906723
-0.45636
-0.401108
-0.189453
-0.0403442
-0.0513611
0.00643921
0.0934143
0.297958
0.876617
1.54675
2.38478
2.83534
2.85852
2.85315
2.81464
-1.24016
1.5018
2.09772
2.22105
1.14853

[7]
0.607132
0.343353
0.270432
0.197189
0.214172
0.203644
0.219574
0.178482
0.185028
0.0733337
0.0597229
-0.00440979
-0.0617828
-0.160782
-0.212799
-0.395264
-0.690186
-1.02313
-2.19145
-1.7451
-1.72725
-0.949997
1.22371
-0.670212
-1.02702
-0.760635
-0.476334
-0.278503
-0.0265198
-0.0487061
-0.0255432
0.0743866
0.0723572
0.421204
0.940506
1.84802
2.78163
2.82054
2.83026
2.80325
-1.25278
0.53717
2.38875
1.53252
1.46628
0.804733
0.453705
0.174606
0.112274
0.02948

[8]
0.0759277
0.224106
0.135651
0.27977
0.123566
0.0966492
-0.0540924
-0.0727081
-0.0926666
-0.194992
-0.329239
-0.512314
-0.75946
-0.82988
-2.23128
-1.35718
-1.49207
-0.853775
1.0804
-0.703323
-0.944733
-0.825256
-0.550613
-0.266418
-0.139755
-0.0415192
-0.0251465
0.149597
0.138367
0.726151
1.37231
2.44981
2.81152
2.83708
2.82993
2.69119
-1.26027
1.87691
1.81488
1.89674
1.49521
0.726624
0.342987
0.175217
0.0947113
0.00668335
0.236877
0.266296
0.248627
0.220291

[9]
0.103577
0.080368
-0.0399017
0.0194855
-0.183212
-0.182404
-0.255707
-0.501816
-0.79158
-1.22745
-2.21942
-0.9478
-1.61392
-0.471832
1.2494
-0.996231
-0.990173
-0.846375
-0.421341
-0.228546
0.00299072
0.0857086
0.0837402
0.20372
0.165588
0.773514
1.52177
2.35803
2.83528
2.86012
2.85474
2.81728
-1.23125
1.3633
1.72479
2.09309
1.2541
0.762314
0.500366
0.237671
0.216248
0.246338
0.147491
0.254044
0.0793762
0.231644
0.113739
0.114044
0.0942535
0.189224

[10]
0.0449219
-0.232452
-0.310501
-0.34787
-0.557632
-0.765045
-1.54851
-2.25131
-1.07739
-1.52274
-0.40921
0.870651
-1.02151
-0.919678
-0.623978
-0.501663
-0.17659
-0.0806274
0.001297
0.0553589
0.227341
0.567795
0.862534
1.79274
2.7256
2.78917
2.80052
2.77556
2.68977
-1.32878
0.651581
1.9286
2.00514
1.98891
-0.0775757
0.850815
0.0704041
0.171051
0.313263
0.309097
0.36908
0.14415
0.129242
0.0730896
-0.0799255
-0.0304108
0.144531
-0.0719757
-0.352615
-0.35881

[11]
-0.506454
-0.736176
-1.19943
-2.25159
-1.44383
-1.54959
-0.676102
1.5358
-0.832809
-0.988586
-0.973953
-0.492615
-0.28035
-0.119675
0.033371
0.037674
0.0934296
0.0175018
0.866806
1.79315
2.7731
2.81425
2.83026
2.81328
2.76486
-1.28738
0.413315
2.55762
1.48087
1.15233
0.627533
0.552109
0.105255
0.145782
0.0970001
0.190491
0.186127
0.267014
0.148544
0.147308
-7.62939e-05
-0.0961914
-0.0768127
-0.0715027
-0.283615
-0.327698
-0.52475
-0.725922
-1.05574
-2.23387

[12]
-1.58018
-1.43861
-1.1342
1.42979
-0.743668
-1.28
-1.03951
-0.613968
-0.384918
-0.118927
-0.0671692
0.0136566
0.213013
0.187775
0.800125
1.51566
2.35425
2.77824
2.80685
2.80357
2.7659
-0.690689
-1.32903
2.62079
0.611984
2.11455
0.565155
0.79213
0.098587
0.0452881
0.043045
0.0827789
0.156693
0.10611
0.177032
0.0773773
-0.00209045
-0.140976
-0.0596008
0.00593567
-0.242691
-0.284332
-0.412155
-0.580963
-0.846008
-2.01692
-2.30362
-1.4381
-1.39781
-0.56131

[13]
0.414398
-1.2424
-0.866226
-0.738235
-0.492371
-0.176926
-0.20871
-0.0122681
0.0897369
0.234436
0.325043
0.755814
1.61205
2.46138
2.76453
2.78604
2.77068
2.72197
-1.3364
0.201462
2.56374
1.9295
1.71706
0.555832
0.352081
0.015564
0.119186
0.157684
0.220825
0.222626
0.127655
0
0.156601
-0.187042
-0.0541077
0.0597992
-0.091095
-0.371017
-0.475082
-0.572861
-0.875092
-1.4062
-2.30247
-1.20818
-1.26762
-0.54953
0.805023
-1.06914
-1.08388
-0.680466

[14]
-0.44606
-0.246414
-0.172882
-0.0279236
-0.0232697
0.147171
0.212936
0.677338
1.3532
2.31076
2.77776
2.80257
2.7926
2.74651
-1.30673
1.72156
1.85147
1.49609
1.22083
0.72438
0.113785
0.177261
-0.0962524
0.203339
0.129959
0.2341
0.0778809
0.182968
-0.021286
0.0282288
-0.109009
-0.0979309
-0.114563
-0.257721
-0.297226
-0.442581
-0.639542
-0.774994
-2.08884
-2.314
-0.858383
-1.51491
-0.526642
0.393478
-1.06189
-0.93512
-0.693848
-0.3685
-0.165909
-0.0658569

[15]
-0.0371399
0.0360413
0.104782
0.0544891
0.885147
1.68987
2.65636
2.77452
2.79237
2.77432
2.01181
-1.31094
2.3569
1.08463
2.05602
0.961533
0.777298
0.231308
0.161041
0.0519714
0.193756
0.106979
0.282883
0.1138
0.155685
0.0276642
-0.0331573
-0.06604
-0.0080719
-0.173355
-0.262192
-0.27478
-0.462067
-0.576828
-0.750885
-2.23712
-1.81804
-1.5155
-1.20448
-0.0487518
0.263504
-0.939651
-0.998779
-0.726257
-0.551361
-0.192627
-0.0702057
0.0931702
0.107574
0.127502

[16]
0.301025
1.02531
1.71994
2.49483
2.76529
2.77969
2.75551
1.92754
-1.34018
1.37994
1.98814
1.66913
1.01788
0.58255
0.366867
0.106491
0.0619354
0.0793457
0.087326
0.132675
0.153625
0.0868378
0.0777435
0.0532227
-0.0221558
0.0348206
-0.148483
-0.248169
-0.297943
-0.31926
-0.452637
-0.603836
-1.23105
-2.27377
-0.858017
-1.8168
-0.0704193
1.52673
-0.74295
-1.00508
-0.998672
-0.660965
-0.360352
-0.0970917
-0.0257263
-0.0288239
0.101089
0.00654602
0.707703
1.33929

[17]
2.22989
2.75761
2.78528
2.7757
1.00665
-1.30551
2.17041
1.12076
1.27925
1.17606
0.366302
0.00204468
0.0859528
0.0860748
0.0935211
0.194427
0.137192
0.182877
0.0999756
0.0482178
-0.0116425
0.04422
0.053421
-0.0927734
-0.258835
-0.242706
-0.31366
-0.430862
-0.477646
-1.26666
-2.26552
-1.16432
-1.64001
-0.534073
0.983902
-0.0616302
-1.01471
-0.924774
-0.65509
-0.523315
-0.153671
-0.00370789
0.121094
0.222076
0.102921
0.472397
1.31297
1.92287
2.62766
2.75893

[18]
2.75752
2.44598
-1.32303
0.404724
2.47447
1.10397
1.35191
0.805573
0.450485
0.134476
0.109268
0.0855255
0.108414
0.280746
0.144073
0.124573
0.0589447
0.067627
0.00532532
0.0649414
0.0932159
-0.149902
-0.236496
-0.244141
-0.331268
-0.501282
-0.571304
-1.66612
-2.28954
-1.39091
-1.3597
-0.211166
1.30905
-0.47374
-0.834717
-0.928574
-0.574646
-0.383911
-0.1026
-0.0719147
-0.0823975
-0.0644836
0.237976
0.633331
1.64558
2.69987
2.74118
2.75626
2.73679
1.21628

