[1]
-0.73349
-0.73349
-0.0302429
0.0359955
0.134705
0.305008
0.530411
0.959198
1.01122
1.02106
1.03496
0.601044
0.202545
0.591843
0.528183
0.540222
0.661484
1.02002
0.0631104
-0.0145874
-0.0908966
0.0343933
0.141953
0.128754
0.0443115
0.0685883
-0.0187225
-0.0420227
-0.0210266
0.0478973
0.145416
0.114609
0.105957
0.109299
0.238159
0.274994
0.359192
0.546188
0.688873
0.758453
1.01111
1.13898
1.16719
1.20253
1.24858
0.277771
0.983673
0.444092
-0.397827
-0.643066

[2]
-0.538589
-0.528961
-0.444458
-0.430893
-0.372696
-0.276321
-0.0573578
0.360855
0.990891
1.10762
1.16414
1.20673
0.407303
0.761292
1.13916
-0.168137
0.672287
0.505524
0.234238
0.678879
-0.0554047
0.110489
0.0675659
0.00770569
-0.0248566
-0.0591125
-0.0871277
-0.015976
0.043045
0.0733643
0.0465698
0.0693359
0.166382
0.268356
0.40094
0.613342
0.7155
0.83432
1.05725
1.07761
1.10083
1.13803
0.637527
0.661179
0.258942
-0.373505
-0.830978
-0.660172
-0.676819
-0.507706

[3]
-0.487793
-0.38591
-0.253845
0.0106506
0.514847
1.112
1.18248
1.25314
1.30475
0.56369
0.764023
0.703018
0.797318
1.17131
0.310394
0.0557098
0.466263
0.423798
-0.0123138
0.0156555
-0.00466919
-0.0167236
-0.056778
-0.031189
0.0647736
0.0617371
0.105377
0.00686646
0.0313416
0.230453
0.299835
0.40123
0.557068
0.680893
0.809326
1.04314
1.0596
1.08044
1.11505
0.191681
0.682129
0.49881
-0.53215
-0.787979
-0.585464
-0.546417
-0.405228
-0.420715
-0.29454
-0.130829

[4]
0.120407
0.654877
1.16023
1.24017
1.31531
1.14697
0.638214
1.03587
1.29459
0.918839
1.18675
0.63176
0.195587
0.454926
0.292816
0.0301666
0.0588837
0.0379639
-0.0401306
-0.035675
-0.035553
0.082489
0.142715
0.0740967
0.104828
0.107361
0.203674
0.349838
0.597702
0.744339
0.786316
0.971558
1.03571
1.05089
1.07895
0.794479
0.864883
0.839508
-0.594025
-0.89212
-0.664444
-0.652176
-0.50882
-0.428604
-0.249847
-0.0242767
0.333313
1.1084
1.26762
1.36438

[5]
1.44408
0.350784
0.897812
1.43945
1.35687
1.11908
0.450058
0.0749512
0.590775
0.350998
0.20459
-0.0283966
0.0366058
-0.0539856
0.0161896
0.0124969
0.0332184
0.107407
0.0910187
0.0483856
0.0587769
0.196045
0.372467
0.631866
0.720123
0.858231
1.01204
1.01877
1.02916
1.05098
0.986359
0.405106
0.411682
-0.396408
-0.868256
-0.691559
-0.683304
-0.493805
-0.471115
-0.326279
-0.172272
0.101013
0.66922
1.21631
1.30603
1.38789
1.02087
0.851456
1.0251
1.36823

[6]
0.963425
1.25009
0.286743
0.318207
0.427872
0.300232
0.0653534
0.0256348
0.0206757
-0.00717163
-0.0329437
-0.0308228
0.0153046
0.0793152
0.150375
0.16745
0.196793
0.22438
0.533356
0.68425
0.839706
0.883774
1.01949
1.02925
1.04106
1.06737
-0.0460358
-0.00515747
-0.569611
-0.368881
-0.636383
-0.561996
-0.470596
-0.406357
-0.294998
-0.0608978
0.224045
0.612137
1.11192
1.30917
1.39761
1.46054
0.684402
1.02307
1.42697
1.35577
0.914551
0.983063
0.297028
0.392471

[7]
0.395599
0.0100708
0.0932312
0.0899658
-0.00109863
-0.0201569
0.0425568
0.0125122
0.0585022
0.0175476
0.0912781
0.163834
0.233124
0.411255
0.59201
0.708572
0.863205
1.01521
1.02437
1.039
1.06476
0.367615
0.580856
0.604584
-0.820267
-0.652161
-0.615967
-0.623032
-0.522232
-0.527176
-0.376709
-0.208008
0.0930328
0.8172
1.2191
1.30696
1.38353
1.06702
0.729141
1.17693
1.3392
0.820938
1.20793
0.483673
0.299576
0.433441
0.24321
0.025528
0.0250397
0.0287323

[8]
-0.0071106
-0.0523376
-0.0422821
0.0310059
0.0432129
0.0545502
0.053299
0.134232
0.286072
0.473465
0.63176
0.779053
0.910217
1.01927
1.03035
1.04887
1.07779
0.483841
-0.559235
0.406357
-0.783234
-0.533951
-0.674973
-0.563126
-0.4608
-0.420471
-0.243744
-0.013504
0.345001
1.11282
1.27292
1.36429
1.43098
0.854828
1.12225
1.40387
0.814117
1.20985
1.22078
0.277405
0.35759
0.383545
0.194794
0.0838318
0.0415802
0.0418549
-0.0055542
-0.0406494
-0.0301819
0.0604858

[9]
0.0778503
0.0490265
0.175873
0.229889
0.28096
0.555817
0.741806
0.815125
0.92778
1.02689
1.03708
1.04846
1.03108
0.552826
-0.410004
0.522354
-1.05234
-0.610046
-0.669571
-0.544922
-0.452164
-0.353027
-0.236115
-0.0190887
0.406998
1.14638
1.31607
1.40686
1.47382
0.836731
1.08183
1.32243
1.10059
1.35562
1.26964
0.541534
0.294418
0.408478
0.247452
0.0802002
0.121323
0.0895691
0.00701904
0.0352478
-0.0261078
0.021347
-0.0278473
-0.0326385
-0.0359039
0.26503

[10]
0.301483
0.395325
0.604752
0.703415
0.834961
1.02179
1.03036
1.0405
1.06114
0.525543
-0.00915527
-0.376083
-0.0891418
-0.812805
-0.598953
-0.756638
-0.531128
-0.453323
-0.331482
-0.171829
0.11969
0.647842
1.147
1.27332
1.3541
1.3567
0.649826
0.878876
0.82399
0.123413
1.12596
1.21524
0.563858
1.1205
-0.342392
0.166992
0.0570984
0.12587
0.0498962
0.0422058
-0.0148468
0.00534058
0.0182037
-0.00564575
-0.0746613
0.0512238
0.2164
0.246307
0.500519
0.665756

[11]
0.823044
1.00142
1.03163
1.04356
1.0632
0.950546
0.215088
-0.924942
0.260391
-1.00127
-0.556076
-0.624191
-0.425613
-0.375916
-0.178772
-0.0201721
0.236465
0.744995
1.22047
1.3103
1.38916
1.03502
0.774521
0.83194
0.982391
0.783157
0.628204
1.21814
0.818939
0.488708
0.0511932
0.198517
0.10643
0.0681458
0.0238495
0.017395
0.00814819
0.00799561
0.0235901
0.0695496
0.00578308
0.0140533
0.152527
0.31395
0.505447
0.681519
0.76738
0.907364
1.02524
1.03648

[12]
1.05353
1.08241
0.505905
0.0579529
0.54631
-0.81781
-0.740982
-0.627625
-0.64061
-0.452194
-0.396194
-0.200974
-0.00195312
0.367249
1.13849
1.23987
1.32214
1.38466
1.04927
1.09792
0.842667
1.2439
-0.0440369
1.22063
0.622894
0.772614
-0.0943298
0.27684
0.0539398
0.0773773
0.0506134
-0.0466003
-0.0142517
-0.0392761
0.0174255
0.0205078
-0.0281525
0.0784149
0.193039
0.235703
0.422928
0.588669
0.699905
0.837875
1.02547
1.03767
1.05313
1.0813
0.686676
0.71492

[13]
0.0467377
-0.143814
-0.775269
-0.6539
-0.723557
-0.569305
-0.54837
-0.443863
-0.286789
-0.0496674
0.450989
1.13544
1.24019
1.32304
1.38153
0.9487
0.90506
0.921417
0.195404
0.866226
1.18402
1.09846
0.471619
0.0688782
0.0800323
0.0860291
0.0885773
0.0104218
0.00537109
-0.0385895
0.0577393
0.120804
0.192566
0.0158234
0.0947113
0.306
0.295059
0.404221
0.644821
0.766342
0.902939
1.04135
1.05576
1.08141
1.04282
0.493729
-0.448837
0.119553
-0.872391
-0.597458

[14]
-0.665817
-0.596909
-0.474884
-0.415375
-0.272797
-0.0220795
0.381271
1.11
1.2368
1.32092
1.38246
0.733826
0.94751
1.35455
0.750839
0.985321
0.734375
0.0472717
0.282761
0.417252
0.0975647
0.0567932
0.0216827
0.0953674
-0.0604401
-0.0270538
0.0169678
0.038208
0.0306854
-0.00935364
0.0708771
0.190262
0.234207
0.452438
0.600632
0.694885
0.816223
1.0282
1.04131
1.05731
1.07579
0.349564
0.145248
-0.402527
-0.0419617
-0.870056
-0.584793
-0.663559
-0.511719
-0.466904

[15]
-0.349808
-0.207474
0.066452
0.516556
1.18683
1.26929
1.34752
1.08955
0.825821
0.897064
1.3486
0.541946
1.10556
0.721207
0.794785
0.052475
0.246643
0.133621
0.0754395
0.0355682
0.0466614
-0.039978
-0.0263672
0.0234528
0.0608063
0.0237732
0.0176544
0.116455
0.168533
0.256561
0.496796
0.602982
0.671463
0.821365
1.02954
1.04013
1.05484
1.08081
0.0649567
1.10211
-0.319153
-0.355667
-0.944168
-0.67424
-0.816605
-0.528488
-0.479691
-0.30571
-0.117889
0.063797

[16]
0.693146
1.18874
1.27042
1.34583
1.20554
0.677856
0.929672
1.32243
-0.0190125
0.836853
1.02762
0.706085
0.00354004
0.269791
0.184738
0.0871887
0.0658417
0.0256653
-0.0265503
-0.0422363
0.00195312
0.0442963
0.0786896
0.0510101
0.0998383
0.129593
0.135254
0.298065
0.570618
0.640594
0.709793
0.959686
1.0372
1.0477
1.06377
0.874054
0.308777
-0.548035
0.156998
-0.90242
-0.714523
-0.831985
-0.607376
-0.52803
-0.449539
-0.293564
-0.0483093
0.368622
1.11749
1.22504

[17]
1.30409
1.36238
0.665543
1.29364
1.32893
0.837845
0.888123
1.18153
0.135361
0.350494
0.384979
0.0320435
0.0261536
0.0340729
-0.0347443
-0.00463867
0.00759888
0.0702362
0.0317078
0.00502014
0.00572205
0.049408
0.178162
0.146988
0.364426
0.498184
0.589432
0.66452
0.994263
1.02798
1.03926
1.04712
0.753235
-0.00907898
1.12611
-0.018219
-0.576447
-0.777603
-0.726044
-0.791428
-0.597702
-0.509964
-0.35936
-0.167984
0.184296
0.899002
1.19685
1.27509
1.33862
1.21989

[18]
0.778214
1.33142
0.258667
0.698059
1.20241
0.444031
0.677383
0.0571442
0.301682
0.0796967
0.0957947
0.0478058
-0.0244751
-0.0359802
-0.039917
0.019455
0.0667725
0.00460815
0.0399323
0.142578
0.13974
0.198273
0.39212
0.519913
0.585754
0.69339
1.02353
1.0343
0.869522
0.941498
0.574417
0.142517
-0.929535
-0.132385
-0.746292
-0.75824
-0.865219
-0.611008
-0.501831
-0.379181
-0.192535
0.173538
0.754257
1.16698
1.24641
1.31589
1.29149
0.472244
0.638916
1.09943

