[1]
0.0966034
0.0774384
0.0850372
0.0956573
0.115692
0.101624
0.143661
0.118515
0.118362
0.0967102
0.0637207
0.067627
0.0193024
0.0189362
-0.0209961
-0.0460968
-0.572678
-0.204117
0.0473785
-0.399719
-0.578842
-0.321289
-0.195587
-0.0626984
-0.0333099
-0.0366821
-0.100052
-0.0679626
-0.0353546
-0.0100708
-0.0305634
-0.0491028
-0.0648499
-0.00923157
0.148544
0.149292
0.09375
0.071106
-0.0463104
-0.110016
0.0488129
0.959503
0.760147
0.365433
0.624634
-0.0348663
0.452896
-0.158173
0.0413971
-0.0464783

[2]
0.0342407
0.0245361
0.163849
0.126984
-0.0102539
-0.213211
-0.0353394
0.125793
0.147919
0.0260162
-0.0366516
0.0349426
0.0693665
0.0575409
0.0455017
0.0311127
0.0585327
0.0637512
0.0437622
0.0643311
-0.000106812
0.0637054
0.0861816
-0.0441742
-0.151382
-0.0119629
-0.365234
-0.863037
-0.0705566
-0.324112
-0.464844
-0.56076
-0.398132
-0.201523
-0.0474091
-0.0588989
-0.113876
-0.123016
-0.0528564
-0.0453186
-0.0666962
-0.0729218
-0.0263672
0.106491
0.0998993
0.151077
0.120605
0.0448914
0.121307
0.186646

[3]
0.591461
0.973526
0.751617
0.0775909
-0.0766144
0.7043
-0.0784302
0.130508
0.0331421
0.0536804
0.022583
-0.00622559
0.0365906
0.0806274
0.0129852
-0.109787
-0.0369568
0.0552826
0.0843811
-0.00489807
-0.0426483
-0.0268097
0.0137634
0.0222473
0.00267029
0.0239716
0.0184784
0.0566406
0.0579529
0.00511169
0.0553131
0.00466919
-0.0584564
-0.0890961
-0.178406
-0.381073
-0.415161
-0.0349884
-0.0757141
-0.442017
-0.660507
-0.32077
-0.335327
-0.0233002
-0.123642
-0.186249
-0.164062
-0.0800629
-0.0349884
-0.0570374

[4]
-0.134842
-0.112213
-0.136429
-0.0471191
0.00798035
0.0187683
-0.0341187
0.0896759
0.115997
0.538727
0.87764
0.633179
0.771317
0.319534
0.589066
-0.232224
0.0762329
-0.0840912
-0.0800629
0.0908508
0.114456
0.177231
0.0527649
-0.247345
-0.0760345
0.135483
0.174911
0.0271606
-0.00172424
0.0454254
0.090271
0.050354
0.0477448
0.0761566
0.0817108
-0.00256348
0.0381165
0.0683899
0.0599518
0.0489655
0.0822449
-0.109329
-0.221359
-0.189972
-0.329437
-0.53299
-0.0176849
-0.354874
-0.551773
-0.554977

[5]
-0.387329
-0.158813
-0.125717
-0.0715332
-0.0951691
-0.0805206
-0.0719604
-0.0711365
-0.0803833
-0.105286
-0.0872345
-0.0953979
-0.0514832
0.0764008
0.0242157
0.106888
0.121048
0.214874
0.64888
1.08263
0.437576
0.724106
0.259323
0.370926
0.536423
-0.0605164
-0.0250397
-0.0137482
0.179504
0.0567169
0.0834961
0.0810242
0.0535431
-0.0756989
-0.142136
0.069397
0.129562
0.0519104
-0.0176697
0.0153046
0.067749
0.0878143
0.051712
0.0237885
0.0434875
0.0535736
0.0462952
0.056839
0.101852
0.0885162

[6]
0.0215302
-0.0386505
-0.0232849
-0.105331
-0.205017
-0.431885
-0.390091
0.124619
-0.259735
-0.427795
-0.583069
-0.231903
-0.274048
-0.0666351
-0.0566559
-0.0977478
-0.139938
-0.0705261
-0.0328217
-0.0909576
-0.204269
-0.225067
-0.0825348
0.00152588
-0.00804138
0.0688324
0.175339
0.448929
0.878815
0.821686
0.946579
0.704147
0.710449
0.118256
0.428909
-0.206268
0.202042
-0.0797119
0.041748
0.0542603
-0.0218048
0.138214
0.0835114
-0.0761108
-0.166702
0.0141602
0.159668
0.0992737
-0.0237732
-0.0142517

[7]
0.0710754
0.0873108
0.0487671
0.0552826
0.0440979
0.0585327
0.0438232
0.00671387
0.0545654
0.0231628
0.0401611
0.00312805
-0.0712891
-0.156189
-0.115631
-0.375778
-0.657852
-0.00814819
-0.420364
-0.233231
-0.700485
-0.237518
-0.105972
0.0473633
-0.11084
-0.187469
-0.159363
-0.0273438
-0.0565796
-0.0982971
-0.173904
-0.124634
-0.133789
-0.0872955
-0.0574036
-0.0865021
0.0317841
0.21875
0.346725
0.718582
1.30643
0.91185
0.421448
0.442719
0.271973
0.359192
0.0665741
-0.0505981
-0.0179596
0.117065

[8]
0.10083
0.124969
0.085907
0.00912476
-0.128159
-0.0848846
0.0780487
0.114929
0.0272675
-0.0348206
0.0136719
0.0470123
0.0716705
0.0441895
0.0221863
0.0273132
0.036377
0.0259705
0.0526123
0.0664673
0.125595
0.121475
0.0356293
-0.060318
-0.0735168
-0.336975
-0.531784
-0.147293
0.0186615
-0.22995
-0.747086
-0.48703
-0.250076
-0.0882721
-0.0331879
-0.0882874
-0.117523
-0.0969543
-0.0761871
-0.0652313
-0.0939636
-0.10968
-0.148422
-0.121811
-0.012558
0.0943909
0.0938568
0.193375
0.397324
0.408905

[9]
0.527023
0.866653
0.80571
0.516098
0.00816345
0.412704
-0.364532
-0.112686
-0.0575409
0.138885
0.129807
0.127502
0.134399
0.026062
-0.127274
-0.121155
-0.0191956
0.128433
0.129715
0.0168152
0.0116119
0.0564117
0.0878296
0.066391
0.0456085
0.0523071
0.0326538
0.0492554
0.0502625
0.0310822
0.0662994
0.016449
-0.0035553
-0.0149689
-0.0389862
-0.305557
-0.551407
-0.0909424
-0.354568
-0.457672
-0.578873
-0.422867
-0.155746
-0.159943
-0.226685
-0.203735
-0.0849762
-0.0126953
-0.0139313
-0.0366211

[10]
-0.0152893
0.0392151
0.0281677
0.0155334
0.159058
0.0863647
-0.166016
-0.130798
-0.088028
0.420303
1.22939
0.623428
0.148163
0.110657
0.410477
0.415482
-0.112671
-0.0293579
-0.0145264
0.0198822
-0.00514221
0.044342
0.0603943
0.0713959
-0.0452271
-0.0913086
0.0256805
0.11171
0.0627289
0.0129852
-0.0144348
-0.0231018
0.0180664
0.0780487
0.0397034
0.0282593
0.0201111
0.0293427
0.0227814
0.0652924
0.145096
0.0697327
-0.0600281
-0.105652
-0.123978
-0.400711
-0.774124
-0.290543
0.119034
-0.509369

[11]
-0.572189
-0.396744
-0.170349
-0.050354
-0.0845184
-0.144638
-0.191193
-0.0818481
-0.0337677
-0.0164032
-0.0443268
-0.11055
-0.0803986
-0.103394
-0.0530243
-0.0617828
-0.0804749
0.026001
0.205093
0.351929
0.86969
0.992844
0.528854
-0.175369
0.28479
0.775696
-0.164261
0.0339661
-0.0565796
0.172806
0.0096283
0.00787354
0.0652618
0.032547
0.0339661
-0.0857849
-0.0146484
0.0907135
0.0649567
0.021698
0.0171509
0.0484467
0.0403595
0.00778198
0.0157623
0.0336609
0.0210876
0.0360565
0.0295563
0.0170746

[12]
0.069046
0.0445404
-0.0774384
-0.152084
-0.125305
-0.366196
-0.625885
-0.160004
-0.31929
-0.492142
-0.50563
-0.466232
-0.108292
-0.104874
-0.139404
-0.116425
-0.0310669
0.0183868
-0.0575409
-0.0713043
-0.0952759
-0.0852966
0.0141754
0.0781097
0.0853577
-0.0993958
-0.0526886
0.08461
0.40387
1.45103
0.754715
0.0806274
0.00621033
0.685684
0.469147
-0.0020752
-0.0801392
-0.107788
0.069458
0.0694427
0.0578461
0.0924225
0.099884
-6.10352e-05
-0.0888824
-0.0812378
0.0803986
0.141403
0.0512543
-0.070694

[13]
-0.0511475
0.0470734
0.0824738
0.0473938
0.0195007
0.00991821
0.0405731
0.0438538
0.0564728
0.0529633
-0.00930786
-0.0115814
-0.10936
-0.0949097
-0.317749
-0.60495
-0.0486145
-0.0173798
-0.460098
-0.812927
-0.138626
-0.260086
-0.0553894
-0.128845
-0.169937
-0.124329
-0.0627899
0.00764465
-0.0248566
-0.138382
-0.129745
-0.0984955
0.0232849
-0.0487976
-0.0932465
-0.0167236
0.0602417
0.204041
0.651077
0.789093
0.685104
0.503983
0.297607
0.523346
-0.0874634
-0.00791931
-0.0532684
-0.0223236
0.125961
0.0927429

[14]
0.130585
0.102509
-0.0217285
-0.122665
-0.0587158
0.155853
0.178329
0.0130005
-0.107224
-0.00608826
0.0998535
0.0814819
0.0304871
0.00436401
0.0335236
0.0127869
0.0493469
0.049057
0.0394135
0.0181274
-0.0607605
-0.0269623
-0.072113
-0.389603
-0.713745
-0.218079
-0.341385
-0.344879
-0.5755
-0.17952
-0.278717
-0.116959
-0.0522614
-0.0427704
0.0132446
0.0119934
0.0489349
0.000961304
0.0508881
0.0809174
0.172516
0.184525
0.15538
0.11203
0.110291
0.10701
0.107864
0.630203
0.720184
0.117538

[15]
0.0906219
0.177017
0.485199
-0.549911
0.0662079
0.0754395
-0.0328674
-0.0652618
-0.00900269
0.0699921
0.0480347
-0.0259552
-0.224777
-0.0523682
0.122284
0.084137
-0.0267944
-0.0628052
0.0259247
0.0375671
0.0317993
0.0238647
-0.00540161
0.000961304
-0.0592957
0.0528717
0.0253296
0.0377502
-0.0534058
-0.192688
-0.144989
-0.271347
-0.681519
-0.378738
-0.0339355
-0.448181
-0.582703
-0.466675
-0.25177
-0.0323792
-0.0280609
0.0318298
-0.00540161
0.0225067
-0.00120544
-0.0157318
-0.0996399
-0.154617
-0.0973206
0.0788422

[16]
0.0042572
-0.0614014
-0.054245
0.00183105
0.0567474
0.440216
0.839539
0.88707
0.696686
0.731262
0.097168
0.157318
-0.149612
0.152847
0.0410461
0.037323
0.08461
0.0934296
0.0607147
0.000915527
-0.19899
-0.160889
0.0377045
0.123093
0.0810852
-0.000610352
-0.0328217
0.0140839
0.0918121
0.0406952
0.0204315
-0.0182343
0.0176086
0.0616455
0.0298157
0.000732422
0.0952148
-0.0211029
-0.0338593
-0.083252
-0.182785
-0.286697
-0.396851
-0.114273
-0.122406
-0.435562
-0.627487
-0.246796
-0.346786
-0.146881

[17]
-0.0960388
-0.124222
-0.0935822
-0.0678253
-0.112839
-0.116776
-0.203995
0.165161
0.0785217
0.0594788
-0.106827
-0.263931
-0.251831
-0.0519409
0.341934
0.706421
0.881393
0.786789
0.40358
0.39505
-0.615891
0.735489
-0.358643
0.308914
0.113983
0.129745
-0.0796051
0.00889587
0.0600891
0.0331421
-0.00950623
0.00328064
0.0465698
0.00424194
0.00192261
-0.0355682
-0.0296631
0.0123444
0.0562439
0.0622253
0.0494232
0.0162964
0.00991821
0.0374756
0.0615692
-0.012146
-0.0588379
-0.0176086
-0.00230408
-0.146072

[18]
-0.466202
-0.660416
0.0775604
-0.203247
-0.268066
-0.778152
-0.520233
-0.341507
-0.0993042
0.00691223
-0.0602875
-0.0887756
-0.0364685
0.0223083
-0.0289001
-0.109528
-0.120926
0.0180359
0.106354
0.0443115
0.0384674
0.0673828
0.168564
0.228882
0.474274
0.80957
0.596649
0.49231
-0.0428162
0.42128
-0.321793
0.120285
0.0826569
0.0531464
0.00640869
0.0593414
0.0726013
-0.055542
-0.171692
-0.00602722
0.127167
0.14476
0.0127258
-0.0391846
0.00114441
0.0466766
0.0603943
0.018158
0.0219116
0.0510864

[19]
0.0536194
0.0821228
-0.0313873
-0.0129242
0.0578766
0.0180664
-0.00408936
-0.0224609
-0.187988
-0.425064
-0.381805
0.0854645
-0.538803
-0.580704
-0.663422
-0.307617
-0.218155
-0.161865
-0.153427
-0.165558
-0.131317
-0.0776215
-0.0727692
-0.156097
-0.166229
-0.190109
-0.0093689
0.0404968
-0.0661469
-0.120117
-0.0941162
0.0302429
0.231186
0.625763
0.76329
0.744003
0.957504
-0.10408
0.276077
-0.0590363
0.281158
-0.018158
-0.0915985
-0.00201416
0.123291
0.16951
0.0301666
-0.166458
-0.142487
0.110138

[20]
0.1875
0.0661926
-0.0373993
-0.00245667
0.0641022
0.0894012
0.0371094
0.0444183
0.0417786
0.02771
0.0178986
0.0451813
0.0892334
0.0952148
-0.0490112
-0.149933
-0.131363
-0.139053
-0.64386
-0.194046
0.0449829
-0.384293
-0.640274
-0.322113
-0.193619
-0.0289917
-0.0420227
-0.0124054
-0.0385437
0.00108337
0.0388336
3.05176e-05
-0.0948792
-0.056488
-0.0954285
0.0615845
0.151199
0.0736694
0.15477
0.262146
0.278458
0.807571
1.39095
0.676559
0.227036
0.622208
0.136765
0.120224
-0.0804291
0.287415

[21]
-0.0527344
0.0119324
-0.0457458
0.0783844
0.10141
-0.0768433
-0.198853
-0.0428162
0.121872
0.112488
0.00921631
-0.0383148
0.0304108
0.0572052
0.072464
0.0572357
0.0504456
0.0320282
0.0328522
0.0202026
0.0192566
0.0401459
0.0440674
0.0311127
-0.0388641
-0.0629578
-0.280121
-0.979004
-0.23761
-0.0571136
-0.457886
-0.649796
-0.326889
-0.286728
-0.0788727
-0.0902863
-0.120453
-0.146317
-0.143204
-0.107773
-0.08815
-0.130219
-0.159729
-0.0240021
0.0800781
0.00363159
-0.0972748
-0.214127
-0.115555
0.0284424

[22]
0.325058
0.830338
0.86322
0.750198
0.666763
0.0531311
0.519562
0.119324
0.0708313
0.0500336
0.0920258
-0.040741
0.0525208
0.12381
0.0634308
-0.0189819
-0.0951843
0.0429688
0.0583496
0.0522919
0.00746155
0.0242004
0.0415344
0.037262
0.0545197
0.0122681
-0.0045166
-0.0167236
0.0205536
0.0114899
0.0919952
0.0298004
-0.0226593
-0.124756
-0.0286713
-0.24826
-0.618515
-0.0680847
0.222061
-0.361465
-0.521027
-0.674942
-0.254974
-0.253372
-0.0547485
-0.103058
-0.171494
-0.13295
-0.110092
-0.131927

[23]
-0.165482
-0.176498
-0.204437
-0.115952
-0.036026
-0.113724
-0.0434723
-0.0144501
0.00102234
0.191849
0.555252
0.991806
1.01848
0.735336
0.47641
0.312622
0.184753
0.0311279
0.15979
-0.0169067
-0.0174408
0.0442047
0.122971
0.10701
-0.038269
-0.151917
-0.0243683
0.133499
0.12944
0.0269012
-0.0361786
-0.00209045
0.0887146
0.0740967
0.0436707
0.0530701
0.0658569
0.0706787
0.0124359
0.00300598
0.0866241
0.0290833
-0.00627136
-0.043869
-0.0896454
-0.33725
-0.564636
-0.326324
0.1203
-0.426376

[24]
-0.519913
-0.56572
-0.257538
-0.22995
-0.128815
-0.0892029
-0.101059
-0.0110779
-0.00267029
0.00604248
-0.0473022
-0.0875092
-0.0717621
0.0684967
0.120804
0.103333
0.141953
0.232178
0.272003
0.41597
0.756561
0.734436
0.672882
-0.121918
0.334839
0.072403
0.0153198
0.209671
-0.0137329
0.0193481
0.0421906
0.0274048
0.0697632
0.000595093
-0.0453186
0.00682068
0.0415649
0.0427094
0.0332184
0.000167847
0.0642395
0.101196
0.0547943
0.0345612
0.054306
0.0864563
0.0120087
0.0223541
0.0340271
0.0963593

[25]
0.0638733
-0.15361
-0.168762
-0.314926
-0.845093
-0.155121
-0.332642
-0.342728
-0.789062
-0.359131
-0.2836
-0.10556
-0.0913086
-0.113739
-0.0336761
0.0139313
-0.0476379
-0.0484161
-0.0163727
-0.030426
0.00912476
0.169373
0.148651
0.0377655
0.206436
0.283447
0.442795
0.781067
0.990845
0.853455
0.421982
-0.0942841
0.622253
0.194519
0.118423
-0.0644836
-0.0389862
0.157272
0.172668
0.0626526
-0.0651703
-0.147308
-0.052002
0.133652
0.0948029
0.0427856
-0.0449066
0.00654602
0.0661469
0.0860138

[26]
0.043808
0.0428162
0.0642395
0.032196
0.0737762
0.0150909
0.0317993
0.0742493
-0.000915527
-0.103302
-0.164017
-0.480408
-0.86377
0.001297
-0.474243
-0.306854
-0.62558
-0.165756
-0.352982
-0.194565
-0.092041
-0.0861969
-0.0396729
-0.0563354
-0.0295868
-0.0553284
-0.0735321
-0.039566
0.12294
0.119263
0.0775452
0.0497437
0.156403
0.166702
0.352402
0.752243
0.512024
0.459976
0.109268
0.178375
0.550644
-0.168991
0.223083
-0.0554962
0.127655
0.0771637
0.0272522
-0.03862
-0.106033
0.000854492

[27]
0.0568542
0.0832977
0.061203
0.0153503
0.0348969
0.0452576
0.0541534
0.0619202
0.0821838
0.0688782
0.00393677
0.0731964
0.05867
0.027832
0.0870361
0.0157928
-0.10173
-0.123276
-0.460892
-0.738052
-0.051239
-0.157944
-0.359116
-0.575912
-0.219208
-0.359299
-0.210129
-0.136002
-0.124832
-0.123764
-0.0661469
-0.0184174
0.0341644
-0.006073
-0.0619659
-0.0668335
0.144775
0.211716
0.109589
0.205307
0.186966
0.17421
0.470139
0.695724
0.509094
0.448532
-0.171158
0.48175
-0.133499
0.373764

[28]
-0.0271149
-0.0015564
0.00354004
0.0105286
0.0766754
-0.0042572
-0.114838
-0.0162506
0.122696
0.0735626
-0.0157318
-0.0309296
0.053833
0.0691376
0.0502625
0.0173645
0.0227356
0.046875
0.0401917
0.0368958
0.0146484
0.0379639
0.065979
-0.0602875
-0.108047
-0.117065
-0.319382
-0.882477
-0.016861
-0.260529
-0.311859
-0.768311
-0.416428
-0.3069
-0.182175
-0.132416
-0.0656128
-0.075058
-0.0381165
-0.0263367
-0.0228424
-0.0404205
-0.060379
-0.059433
0.063446
0.17424
0.109314
0.161514
0.275421
0.207626

[29]
0.512299
0.908783
0.852509
0.531036
-0.168274
0.597931
-0.200836
0.239105
0.0427094
0.0641022
-0.0286713
0.0608978
0.10817
0.0257874
-0.0535431
-0.0539703
0.0572968
0.0926208
0.0213318
-0.0302277
-0.0113068
0.0129852
0.0767365
0.0711823
0.0484009
0.0165253
0.0085907
0.0155487
0.0246124
0.00582886
0.0485687
0.0437469
-0.0496521
-0.0830841
-0.125183
-0.356964
-0.675293
-0.128494
-0.0817108
-0.390717
-0.620209
-0.309296
-0.329895
-0.0781097
-0.0970306
-0.116119
-0.132675
-0.0762024
-0.074295
-0.0511169

[30]
-0.0975494
-0.116333
-0.0407715
0.239838
0.00497437
-0.138718
0.0684052
0.215134
0.0747223
0.218292
0.729111
0.760178
0.548676
0.228821
0.0476379
0.718796
-0.0548706
0.267014
-0.0591125
-0.0254974
-0.0315857
0.0400696
0.164276
0.021286
-0.101501
-0.0569305
0.0736237
0.137497
0.0740204
0.00933838
0.0128174
0.0435028
0.0812073
0.0685577
0.054657
0.0238953
0.0265045
0.058609
0.0635986
0.0565643
0.0112305
0.0104828
-0.0696259
-0.0598602
-0.0776825
-0.519394
-0.429672
-0.136551
-0.511688
-0.5802

