[1]
-0.0150299
-0.0270081
-0.0382385
-0.0116882
-0.0259094
-0.0385895
-0.062561
-0.0962677
-0.104996
-0.17572
-0.210968
-0.230789
-0.271072
-0.417999
-0.602203
-1.05696
-1.0605
-0.918915
-0.866608
-0.603058
-0.343536
0.702393
-0.0758514
0.500305
0.752487
0.694656
0.698944
0.672836
0.655762
0.582123
0.530594
0.397888
0.168533
-0.0841675
-0.30127
-0.59491
-0.925217
-1.11235
-1.03853
-0.964035
-1.00983
-0.636337
-0.616699
-0.507324
-0.259506
-0.574677
-0.806427
-0.285934
-0.324295
-0.11055

[2]
-0.0807648
-0.0262756
-0.0732727
-0.0657501
0.00427246
-0.00178528
-0.00114441
-0.0276794
-0.0259399
-0.0272217
0.000976562
-0.0266724
-0.0106812
-0.0194702
-0.0268555
-0.0203247
-0.0436707
-0.0549927
-0.0831146
-0.169983
-0.21405
-0.233582
-0.266144
-0.337952
-0.437378
-0.869949
-1.07193
-0.914703
-0.919479
-0.585373
-0.524979
0.115891
0.6521
0.54039
0.59343
0.677521
0.686325
0.64917
0.63736
0.550903
0.462204
0.39447
0.20163
0.0327759
-0.240601
-0.484604
-0.782715
-1.08919
-1.12845
-1.14125

[3]
-1.02425
-0.885986
-0.535767
-0.405746
-0.556961
-0.550949
-0.643631
-0.355789
-0.11937
-0.0355988
-0.0269623
-0.0368805
-0.0259705
-0.0365448
-0.0135345
-0.00758362
0.0161591
0.00366211
-0.019104
-0.0121918
-0.000732422
0.014801
-0.00289917
0.00317383
-0.0324249
-0.0683594
-0.0920715
-0.0980072
-0.182953
-0.224731
-0.240112
-0.301926
-0.325928
-0.532135
-0.805237
-1.07275
-0.952393
-1.09238
-0.757507
-0.601364
-0.0215149
0.632309
0.503784
0.646881
0.72673
0.697067
0.650482
0.649994
0.584885
0.490601

[4]
0.409866
0.244125
-0.0296631
-0.263092
-0.54248
-0.962067
-1.10776
-1.14777
-1.04466
-0.901184
-0.588364
-0.412064
-0.493011
-0.608566
-0.627396
-0.487259
-0.359131
-0.0200806
-0.108002
0.0101471
-0.062973
-0.0975037
-0.01091
0.0271759
0.0139313
-0.0232239
-0.06633
-0.0427399
0.0126801
-0.0165558
-0.0417328
-0.0266724
-0.043869
-0.0520935
-0.058609
-0.0761108
-0.0940552
-0.146103
-0.196793
-0.212936
-0.231995
-0.322021
-0.467056
-0.813766
-1.07793
-1.08536
-1.10873
-0.827209
-0.652847
0.276291

[5]
0.194275
0.584076
0.669128
0.704605
0.71582
0.681396
0.653671
0.607208
0.542023
0.470978
0.306259
0.0247345
-0.297714
-0.666061
-1.06512
-1.10246
-1.13452
-0.983383
-0.851288
-0.612671
-1.05495
-0.196381
-0.131912
-0.31813
-0.809814
-0.457001
-0.217819
-0.219589
-0.130676
0.00735474
-0.0114288
-0.0713654
-0.0359955
-0.0257568
0.0191803
-0.0271759
-0.0137482
-0.032135
-0.00125122
-0.00483704
-0.0141144
-0.0181427
-0.0232849
-0.0363159
-0.0311279
-0.0505524
-0.0715942
-0.13559
-0.2173
-0.203247

[6]
-0.258728
-0.276794
-0.321335
-0.495743
-0.811157
-1.07739
-0.986282
-1.09351
-0.559006
-0.709503
0.130142
0.530258
0.570236
0.623093
0.758881
0.726776
0.678345
0.654541
0.543091
0.481369
0.371689
0.0883942
-0.130051
-0.339432
-0.652374
-0.997177
-1.07736
-1.1498
-1.03548
-1.06532
-0.549713
-0.446274
-0.320419
-0.584122
-0.684464
-0.412689
-0.164719
-0.0949097
-0.0466003
0.0508728
-0.069519
-0.058548
-0.0453796
-0.0201874
0.00897217
-0.0310211
-0.0592804
-0.0525055
0.0101318
0.00817871

[7]
-0.017746
-0.0370026
-0.017868
-0.0167847
-0.0231781
-0.0348663
-0.0804291
-0.147247
-0.174988
-0.167511
-0.209549
-0.250824
-0.345322
-0.484619
-0.732437
-1.05463
-1.08168
-1.02554
-0.680939
-0.725525
0.0719757
0.988861
0.187759
0.388931
0.774414
0.739868
0.680984
0.667053
0.607925
0.590302
0.495758
0.344208
0.0282593
-0.189789
-0.567581
-0.967789
-1.10645
-1.15115
-1.13208
-0.997101
-0.888321
-0.495621
-0.480789
-0.58287
-0.562393
-0.578613
-0.338867
-0.0696411
0.052002
-0.0336609

[8]
-0.0202942
-0.0874634
-0.0739288
-0.0358124
-0.020752
-0.0101318
-0.0402679
-0.0656738
-0.036911
0.0184937
0.00411987
-0.0149994
-0.0220795
-0.0112762
-0.000320435
0.00328064
-0.025238
-0.0416412
-0.117401
-0.164474
-0.217972
-0.249573
-0.286575
-0.383072
-0.602478
-1.05624
-1.05832
-1.03305
-0.893906
-0.549911
-0.213394
1.06168
0.0586548
0.612778
0.701019
0.68782
0.708374
0.669662
0.615677
0.556442
0.499161
0.390137
0.193924
-0.091156
-0.371429
-0.714691
-1.10332
-1.14691
-1.18541
-0.950592

[9]
-0.960556
-0.455139
-0.622177
-0.542404
-0.363388
-0.526138
-0.204987
-0.214417
-0.0126648
-0.00949097
-0.0879974
-0.0966797
-0.118423
-0.0660858
-0.0307922
-0.0375671
-0.0246735
-0.0315552
-0.0536194
-0.00218201
0.0167389
0.00241089
-0.0295868
-0.0367889
-0.028595
-0.0447998
-0.0624237
-0.113861
-0.124908
-0.156616
-0.222122
-0.259979
-0.326309
-0.50943
-0.86322
-1.05006
-1.06039
-0.990479
-0.661224
-0.604736
0.122986
0.836075
0.447449
0.523422
0.647491
0.652847
0.691727
0.676804
0.630249
0.574234

[10]
0.509872
0.341263
0.118942
-0.201416
-0.495041
-0.913528
-1.11195
-1.15694
-1.19757
-0.928329
-0.720825
-0.856308
0.0277557
-0.428207
-0.41246
-0.843826
-0.437912
-0.231323
-0.0320587
-0.105621
0.00515747
-0.0391693
-0.0616608
-0.0431519
-0.0386658
-0.0161743
-0.0176239
-0.0190887
-0.0145569
-0.00413513
0.0100708
-0.000396729
0.00012207
-0.0186768
-0.0244293
-0.0450745
-0.0452118
-0.0674744
-0.084671
-0.152359
-0.214279
-0.188492
-0.237732
-0.368332
-0.734039
-1.02338
-1.06091
-1.02888
-0.753479
-0.553177

[11]
-0.338989
0.5634
-0.00762939
0.584259
0.642517
0.655746
0.680023
0.692383
0.662094
0.614624
0.565399
0.452896
0.27681
-0.000762939
-0.259827
-0.66954
-1.07922
-1.12123
-1.16068
-1.06027
-0.756149
-0.506729
-0.639465
0.0405121
-0.345779
-0.75296
-0.473297
-0.278076
-0.115891
-0.0501404
-0.08461
-0.00431824
-0.0529633
-0.0554657
-0.0149536
-0.0212708
-0.0014801
-0.0116577
-0.00724792
-0.00421143
-0.0078125
-0.0268555
-0.0177612
-0.0379791
-0.0294495
-0.0421753
-0.046051
-0.080307
-0.124451
-0.165741

[12]
-0.186264
-0.247574
-0.280014
-0.477615
-0.835098
-1.06676
-1.06264
-1.00439
-0.582062
-0.502502
0.133438
0.781021
0.419296
0.495697
0.706284
0.650223
0.658722
0.660828
0.608658
0.568771
0.458344
0.250732
0.0153809
-0.229584
-0.607498
-1.07509
-1.11971
-1.16476
-1.19159
-0.928619
-0.919342
-0.3004
-0.19957
-0.238266
-0.609131
-0.525131
-0.195526
-0.116058
0.0417786
-0.0774078
0.0150757
-0.119141
-0.0831299
-0.0270691
-0.0176239
-0.0050354
-0.0254669
-0.0265503
-0.0136261
-0.0109558

[13]
0.00610352
-0.00286865
-0.0218811
-0.0405121
-0.0522156
-0.0766907
-0.0740814
-0.133072
-0.164383
-0.176529
-0.240646
-0.317978
-0.445587
-0.693039
-1.06693
-1.08005
-1.09659
-0.842087
-0.559219
-0.107819
0.826431
0.56778
0.610336
0.758148
0.754333
0.681442
0.62291
0.513672
0.409088
0.350739
0.0884705
-0.131683
-0.341858
-0.65419
-0.993866
-1.04253
-0.993668
-0.880203
-0.723831
-0.865433
-0.375244
-0.440506
-0.616638
-0.570465
-0.390793
-0.241623
0.00695801
-0.11377
-0.0470428
-0.0824127

[14]
-0.0590515
-0.0613251
-0.0276489
-0.0186005
0.000228882
-0.0091095
-0.0430145
-0.0264435
0.0132751
-0.0130005
-0.0313873
-0.0471649
-0.013031
-0.0495453
-0.0937805
-0.107422
-0.140961
-0.16478
-0.220764
-0.289429
-0.374023
-0.538788
-0.905106
-1.07639
-1.02245
-0.952835
-0.654984
-0.483307
0.187256
0.448975
0.585007
0.635727
0.650497
0.653183
0.60463
0.580551
0.53746
0.460953
0.318924
0.0287628
-0.217438
-0.417847
-0.726517
-1.01744
-1.10439
-1.04916
-0.860306
-0.720306
-0.629013
-0.407333

[15]
-0.375473
-0.546005
-0.5849
-0.334503
-0.333405
0.079422
-0.0963135
-0.0220032
-6.10352e-05
-0.065155
-0.0604553
0.0139923
0.00918579
0.0158386
-0.0186157
-0.044342
-0.0158234
0.00183105
-0.0202637
-0.0100708
-0.00656128
-0.0466003
-0.0481567
-0.0724792
-0.0902863
-0.124954
-0.173508
-0.240631
-0.319824
-0.412018
-0.654144
-1.06645
-1.07014
-0.790527
-0.907227
-0.567932
-0.201935
0.991455
0.215149
0.223587
0.659607
0.680573
0.692322
0.669144
0.615204
0.50386
0.421997
0.22049
-0.065567
-0.278641

[16]
-0.602905
-0.918243
-1.04311
-1.02228
-0.963623
-0.867493
-0.67276
-0.643692
-0.478485
-0.378128
-0.632584
-0.697098
-0.442657
-0.0610809
-0.194168
-0.0481567
0.00973511
-0.0970001
-0.0832062
-0.0122223
-0.00567627
0.0229034
-0.00480652
-0.0421906
-0.0420837
-0.00482178
-0.0116882
0.00923157
-0.0260315
-0.0452728
-0.0306244
-0.0450439
-0.0548706
-0.068222
-0.10733
-0.170715
-0.246918
-0.287857
-0.306702
-0.470825
-0.786057
-1.05934
-1.07217
-1.08786
-0.686325
-0.531311
0.0221863
0.729401
0.553894
0.736679

[17]
0.713379
0.749084
0.697815
0.648026
0.607193
0.460617
0.228851
0.0965271
-0.224564
-0.438919
-0.555756
-0.790253
-0.908005
-0.955673
-0.856415
-0.647751
-0.458023
-0.354477
-0.512253
-0.251633
-0.508499
-0.608643
-0.613022
-0.260269
-0.203491
0.0788116
-0.0575562
0.0569611
-0.00209045
-0.0184937
0.0121613
0.015625
0.000167847
-0.0241547
-0.0180511
-0.00384521
-0.0388489
-0.0448456
-0.0444489
-0.0626221
-0.0354614
-0.059082
-0.0769348
-0.0914154
-0.143967
-0.202759
-0.251541
-0.300003
-0.442032
-0.817154

[18]
-1.07954
-1.09297
-1.09642
-0.74884
-0.802841
-0.123093
0.939209
0.14151
0.179962
0.747055
0.671936
0.719376
0.665405
0.602036
0.540482
0.365173
0.072876
-0.196655
-0.440643
-0.745544
-1.02707
-1.11493
-1.01657
-0.86438
-1.0256
-0.597946
-0.488602
-0.29924
-0.575562
-0.517014
-0.487411
-0.157028
-0.0428009
-0.0468597
-0.0212555
-0.0554657
-0.0510254
-0.00314331
-0.0298767
-0.0108795
-0.0275879
-0.0393524
-0.00276184
-0.0144501
-0.00317383
-0.0200958
0.00334167
-0.02742
-0.0586853
-0.0713501

[19]
-0.0590973
-0.139786
-0.178406
-0.208282
-0.260452
-0.312317
-0.361176
-0.5354
-0.798431
-1.07077
-0.882553
-1.0825
-0.724167
-0.61702
0.370163
0.00350952
0.487885
0.703842
0.687012
0.72258
0.685013
0.661469
0.595261
0.523224
0.357513
0.016037
-0.23999
-0.502457
-0.782837
-1.00298
-1.02034
-0.874329
-0.832657
-0.63707
-0.466614
-0.245087
-0.653961
-0.747299
-0.517746
-0.771362
-0.240952
-0.00819397
-0.00730896
0.015976
-0.0652466
-0.0802155
-0.0130005
-0.0080719
0.021225
-0.0315857

[20]
-0.0579681
-0.0520325
-0.0110321
-0.00106812
-0.019577
-0.0332489
-0.0384064
-0.0309296
-0.0397491
-0.086792
-0.111649
-0.170288
-0.195206
-0.230911
-0.268097
-0.384613
-0.615402
-1.06274
-1.06534
-0.857193
-0.809814
-0.643005
-0.12561
0.849426
0.0258789
0.3638
0.772659
0.710739
0.674988
0.680267
0.624496
0.572464
0.54332
0.396194
0.101532
-0.146393
-0.472778
-0.908905
-1.09697
-1.14154
-1.1855
-1.14185
-0.743591
-0.530289
-0.464935
-0.337265
-0.603745
-0.600708
-0.548019
-0.102081

[21]
-0.0343323
0.0418243
0.0275726
-0.0576782
-0.0412903
-0.0133514
-0.0191956
-0.0215607
-0.0508423
-0.0641479
-0.0393982
-0.00593567
0.00125122
-0.015976
-0.0183716
-0.017395
-0.0267029
-0.0567627
-0.0384216
-0.0909119
-0.154633
-0.215027
-0.288177
-0.318329
-0.400894
-0.645813
-1.05728
-1.06908
-1.0345
-0.726242
-0.561081
-0.0164337
0.848633
0.576416
0.596542
0.693481
0.707336
0.667603
0.64888
0.579727
0.523468
0.406616
0.163086
-0.0610504
-0.322327
-0.603943
-0.832993
-0.982376
-0.976578
-0.891022

[22]
-0.813904
-0.576797
-0.420746
-0.439743
-0.350769
-0.486389
-0.488235
-0.561661
-0.406296
-0.0977325
-0.134995
-0.0366058
-0.034317
-0.0577545
-0.0206146
-0.0213013
0.0396881
0.0335236
0.00157166
-0.0129242
-0.00192261
-0.00376892
-0.011322
-0.0236969
-0.0370178
-0.039917
-0.035553
-0.0836487
-0.113937
-0.129623
-0.221207
-0.230301
-0.238007
-0.373795
-0.546204
-0.978928
-1.07344
-1.07997
-1.02983
-0.591385
-0.553391
0.278656
0.284683
0.569458
0.622574
0.657608
0.674606
0.67366
0.645676
0.59668

[23]
0.507584
0.391159
0.1577
-0.0820007
-0.3582
-0.686356
-0.936935
-1.09471
-0.991516
-0.885696
-0.709122
-0.575867
-0.531662
-0.433441
-0.358139
-0.526718
-0.718811
-0.433441
0.0370483
-0.0523376
-0.00578308
0.00889587
-0.0999603
-0.0437012
-0.00492859
-0.00804138
-0.014389
-0.037735
-0.0391083
-0.0228119
-0.0128479
-0.00866699
-0.00300598
-0.0157623
-0.0120544
-0.0350952
-0.0443115
-0.0900116
-0.137329
-0.178116
-0.229294
-0.273529
-0.290009
-0.398514
-0.632401
-1.00816
-1.06891
-0.816391
-0.768768
-0.617294

[24]
-0.42511
0.518082
-0.12384
0.349976
0.67128
0.610931
0.668182
0.644318
0.61467
0.536209
0.441681
0.25795
-0.0401764
-0.253006
-0.539566
-0.923035
-1.12491
-1.16524
-1.04671
-0.835663
-0.725342
-0.391541
-0.564133
-0.560104
-0.406036
-0.516205
-0.41304
-0.136917
-0.138428
-0.0239868
0.0068512
-0.047287
-0.0205994
-0.036911
-0.0322571
-0.0336456
-0.0239105
-0.0374756
0.000747681
-0.00588989
-0.0218658
-0.0362091
-0.0472717
-0.0555267
-0.027359
-0.0526428
-0.156418
-0.171753
-0.203537
-0.254089

[25]
-0.314743
-0.443298
-0.702545
-1.05675
-1.07011
-0.818451
-0.73114
-0.559464
0.0900879
0.612778
0.586807
0.671921
0.664429
0.686234
0.656723
0.645554
0.575775
0.50293
0.356125
0.125748
-0.116699
-0.328171
-0.652267
-1.03624
-1.11937
-1.15225
-1.07974
-0.891663
-0.884293
-0.382645
-0.439514
-0.593292
-0.699783
-0.759827
-0.265198
0.270279
-0.164215
-0.0323334
-0.0873413
-0.0612335
0.00474548
-0.0125885
0.00141907
-0.0223083
-0.0198669
-0.0273743
0.0123444
-0.0141449
-0.0122681
-0.0324402

[26]
-0.0405121
-0.0277557
-0.0683746
-0.0860443
-0.166199
-0.212631
-0.265228
-0.290237
-0.3694
-0.459351
-0.846619
-1.05357
-1.06432
-1.03242
-0.854004
-0.539413
0.323532
0.128586
0.43927
0.634811
0.652161
0.719131
0.674316
0.673813
0.604187
0.502686
0.330093
0.0395508
-0.196762
-0.515594
-0.896439
-1.1133
-1.15474
-1.00172
-0.820114
-0.628464
-0.843475
-0.161392
-0.430191
-0.669693
-0.775955
-0.441513
0.161316
-0.119537
-0.00961304
-0.0331268
-0.0700684
-0.0178375
-0.00930786
-0.0237122

[27]
-0.0211945
-0.0377197
0.00547791
-0.00521851
-0.00135803
-0.0160522
-0.0332794
-0.0378876
-0.0477905
-0.0675964
-0.0986023
-0.11055
-0.155548
-0.225342
-0.263199
-0.308853
-0.383545
-0.650818
-1.05669
-1.06786
-1.07106
-0.656387
-0.673019
0.0230713
0.597473
0.485413
0.545883
0.649796
0.676331
0.671082
0.67691
0.627213
0.553986
0.418854
0.196045
-0.133102
-0.431747
-0.751877
-1.09673
-1.14012
-1.17859
-0.9478
-0.728714
-0.628357
-0.569489
-0.419662
-0.619339
-0.744781
-0.566345
-0.107346

[28]
-0.179947
-0.0100555
0.0372162
-0.0341949
-0.0406342
0.0140381
-0.0504608
-0.0171204
-0.0413666
-0.0397034
-0.0187531
0.00527954
-0.0295258
-0.0176544
-0.00688171
-0.0217438
-0.0362396
-0.0473938
-0.0976715
-0.108673
-0.172211
-0.233047
-0.289337
-0.320908
-0.430298
-0.71936
-1.05894
-1.07095
-0.842712
-0.593369
-0.767929
-0.0127869
0.988541
0.307999
0.29303
0.697708
0.670731
0.706924
0.680115
0.628799
0.552444
0.459076
0.281815
-0.0478363
-0.303055
-0.654678
-1.03293
-1.12601
-1.16428
-0.970886

[29]
-0.785019
-0.732697
-0.573853
-0.420395
-0.658493
-0.554169
-0.585587
-0.266205
-0.0779114
-0.0273743
-0.0145569
-0.0394745
-0.0306396
-0.00486755
-0.0356293
-0.00448608
-0.00344849
-0.0348053
-0.00967407
0.00256348
0.0075531
-0.0127563
-0.0448914
-0.0451202
-0.0463257
-0.0566864
-0.0494385
-0.0692902
-0.108307
-0.149216
-0.201431
-0.239334
-0.278336
-0.44017
-0.818802
-1.06281
-0.96492
-1.00638
-0.707047
-0.503189
0.0114136
0.859467
0.453659
0.527161
0.699387
0.713074
0.692642
0.657074
0.609726
0.549988

[30]
0.472549
0.30986
-0.0704651
0.0414124
-0.607925
-0.840408
-1.06454
-1.03561
-0.861649
-0.75
-0.585907
-0.647507
-0.421646
-0.402542
-0.537003
-0.730179
-0.416046
-0.0092926
-0.0694733
0.0248108
0.0269165
-0.0214691
-0.0932159
-0.0298462
-0.0290222
-0.0311584
-0.0275726
-0.0404663
-0.00695801
0.000549316
-0.000152588
-0.0136414
-0.0260468
-0.0193176
-0.0394287
-0.057724
-0.0853729
-0.0792847
-0.136414
-0.217194
-0.25914
-0.263992
-0.315323
-0.490005
-0.980484
-1.06395
-1.05978
-0.999146
-0.547958
-0.400986

