[1]
-0.114761
-0.114761
0.705765
0.544327
0.469101
0.409515
0.363159
0.33548
0.198669
-0.0690613
-0.302246
-0.727402
-1.53755
-1.81856
-2.26953
-2.47537
-1.01627
-0.666595
1.6662
0.278793
-0.715469
-0.430206
-0.600006
-0.260788
-0.154678
0.120132
0.104111
0.100967
0.00978088
0.0596008
0.077301
0.157928
0.0694122
0.0548401
0.103607
0.116302
0.102997
0.0888824
0.0331116
0.0186005
0.0567932
0.166473
0.0796051
0.127304
0.187271
0.250244
0.273392
0.321182
0.410309
1.17963

[2]
1.44383
0.708206
0.737793
0.877686
0.827972
-0.221832
-0.222733
0.627274
0.891541
0.829834
0.722672
0.509903
0.304596
0.134796
0.0709076
-0.00843811
-0.21582
-0.414032
-0.726044
-1.20255
-1.98357
-2.16058
-2.25224
-1.99539
-1.90117
-0.672974
1.54971
-1.18842
-0.289001
-0.790054
-0.61264
-0.607864
-0.277756
-0.107056
0.10437
0.0643921
-0.122711
-0.174896
0.0405731
0.117645
0.0419159
-0.127106
-0.075943
0.020813
-0.0108032
-0.0334015
-0.0316162
-0.00813293
-0.0154877
0.0378418

[3]
0.130051
0.120041
0.175171
0.190781
0.251892
0.23671
0.292587
1.23567
1.58055
0.937775
0.704285
0.707886
-0.0565338
-0.590347
0.0342255
0.687805
0.875381
0.713928
0.628784
0.405334
0.256592
0.148499
0.13765
0.182571
0.0962524
-0.24472
-0.577499
-0.859634
-1.56773
-2.05104
-2.5919
-2.59233
-1.25972
0.60463
0.73645
-0.766907
-0.28067
-0.710403
-0.736786
-0.429916
-0.207092
-0.0813293
-0.155014
-0.0506897
0.00709534
-0.0623322
-0.0205383
-0.0239868
-0.0802155
-0.0394135

[4]
-0.00479126
-0.0234985
-0.0900269
-0.0120697
0.0181427
-0.045517
-0.050415
0.0291138
0.178558
0.0977936
0.187607
0.167694
0.194824
0.188217
0.506119
1.65923
1.11676
0.7845
0.458603
0.711349
-0.281738
-0.386688
0.480331
0.868301
0.906418
0.834
0.607391
0.367798
0.211655
0.147766
0.177017
0.124695
-0.0852966
-0.363403
-0.856873
-1.52161
-2.07793
-2.58823
-2.59541
-1.38838
0.265945
0.814987
-0.707779
-0.481949
-0.865891
-0.461044
-0.509644
-0.182724
-0.0582428
-0.0731659

[5]
-0.0932159
-0.0039978
0.0691528
-0.000259399
-0.0267792
-0.0679474
-0.0653381
-0.0632477
-0.0707245
-0.0466919
-0.0361176
0.0183411
-0.0233612
-0.043808
-0.0196533
0.0383606
0.0455017
0.167404
0.0950623
0.152634
0.191132
0.274353
0.949295
1.58966
0.735489
0.61644
0.527115
0.366074
-0.30806
0.0823364
0.67157
0.801498
0.696686
0.591385
0.460754
0.355118
0.231033
0.199326
0.22261
-0.114563
-0.281631
-0.552612
-0.969437
-1.78697
-2.20872
-2.25543
-2.48703
-2.07738
-1.58215
1.53859

[6]
-0.0075531
-1.10429
-0.649033
-0.521774
-0.395844
-0.157516
0.00454712
-0.0763092
0.0205078
-0.10199
0.107834
0.0617065
0.108795
-0.0584564
-0.0407257
-0.0339355
-0.0461273
-0.0332336
-0.0258026
-0.00218201
-0.0224304
-0.0480347
-0.00408936
0.107483
0.106003
0.184677
0.194153
0.235016
0.250198
0.294647
0.859375
1.64302
0.822159
0.496613
0.69426
0.788437
-0.32103
-0.579681
0.295151
0.715042
0.786621
0.73465
0.565598
0.358383
0.184357
0.00492859
-0.0395508
-0.130188
-0.294022
-0.628143

[7]
-1.00284
-1.61636
-2.13844
-2.07492
-2.4726
-2.33406
-0.997253
1.33981
0.668152
-0.708786
-0.464935
-0.640015
-0.681198
-0.408936
-0.132507
-0.0904388
-0.0675659
-0.00926208
-0.0163116
0.0127563
-0.0674133
0.000930786
0.0124207
-0.0139771
-0.0716858
-0.100983
-0.0645599
0.0506592
0.0271454
0.0187378
0.00886536
-0.00767517
0.0536804
0.112961
0.204956
0.111374
0.239807
0.252167
0.476349
1.3268
1.50755
0.769547
0.641083
0.759109
0.131577
-0.514114
0.0677795
0.636185
0.828705
0.768768

[8]
0.655441
0.41568
0.323502
0.192429
0.133179
0.131134
-0.366501
-0.411713
-0.77475
-1.35141
-2.21577
-2.21254
-2.56007
-2.54251
-1.45636
1.53952
0.427032
-0.970657
-0.432007
-0.608475
-0.476318
-0.348557
-0.0584259
-0.0121765
0.0453186
-0.145081
-0.00537109
0.0748291
0.074295
-0.0412598
-0.119766
-0.0205688
-0.00743103
-0.104904
-0.0451813
-0.0148315
0.0055542
-0.0372772
0.0188751
0.0850067
0.119522
0.133942
0.141449
0.169449
0.19899
0.162766
0.579742
1.72693
0.746628
0.559937

[9]
0.507156
0.658401
-0.241333
-0.427032
0.373444
0.754822
0.764648
0.695953
0.580643
0.350998
0.21283
0.132538
0.104843
0.0238953
-0.107117
-0.432144
-0.835846
-1.39609
-2.12872
-2.31898
-2.59779
-2.4227
-1.31252
0.556717
1.14287
-0.830536
-0.838348
-0.525238
-0.695251
-0.475006
-0.186554
-0.0541687
-0.0837097
-0.032074
-0.126968
-0.136002
-0.0280304
-0.0554962
-0.0425568
-0.067276
-0.0308533
-0.0456085
-0.0231628
-0.0222626
-0.0508881
-0.059967
-0.048996
0.0328979
0.121826
0.147079

[10]
0.110519
0.15451
0.138412
0.138641
0.647018
1.99026
1.20341
0.631393
0.530884
0.81778
-0.45459
-0.528366
0.25885
0.698593
0.870758
0.728195
0.682556
0.414322
0.136047
-0.0282898
-0.0383453
-0.0396576
-0.21431
-0.486115
-0.829041
-1.44289
-2.13168
-2.1683
-2.22952
-2.43828
-1.17021
0.488464
1.53535
-1.13663
-0.461014
-1.05267
-0.645218
-0.371429
-0.171631
-0.0198822
0.0144806
0.0062561
-0.123474
-0.0868835
0.0470428
0.0447235
0.0708466
-0.0553436
-0.0402985
-0.044281

[11]
-0.033905
0.011734
-0.0287933
-0.045929
0.0156708
0.108139
0.119293
0.144943
0.164108
0.26767
0.21199
0.23909
1.22415
1.50989
0.827377
0.559921
0.650223
-0.197876
-0.478729
0.200363
0.799423
0.914505
0.780319
0.624939
0.401947
0.281982
0.259537
0.206131
0.208847
-0.191528
-0.436752
-0.687958
-1.31712
-2.25485
-2.30861
-2.48515
-2.45537
-1.67696
-0.33873
1.54166
-0.780182
-0.575226
-0.922241
-0.661072
-0.277435
-0.184128
0.0317383
-0.0135651
0.0478821
-0.108856

[12]
-0.053833
-0.00495911
0.0355835
-0.00445557
-0.0527191
0.0382385
0.032486
-0.00422668
-0.0502777
-0.0300293
0.0277863
0.114563
0.0727386
0.0926208
0.110596
0.173203
0.284058
0.154694
0.404419
1.39926
1.50871
0.857391
0.610626
0.521973
-0.0446625
-0.00286865
0.551926
0.810028
0.697098
0.62468
0.47348
0.330338
0.24118
0.151596
0.0564575
-0.0365295
-0.252701
-0.509827
-0.994431
-1.83717
-2.40143
-2.43642
-2.5667
-1.88261
-1.05997
1.556
0.375381
-0.841522
-0.342316
-0.609909

[13]
-0.607727
-0.606873
-0.0436554
-0.0480042
0.0235443
0.0655975
-0.0205994
-0.00845337
-0.0136261
0.101822
0.028595
0.00730896
-0.0239716
0.0250702
0.00990295
-0.0648193
0.0445404
0.00234985
0.0127563
0.0536346
0.0997925
0.154572
0.242233
0.199219
0.263931
0.18219
0.921707
1.36086
0.758194
1.1319
0.555191
0.0698547
-0.480789
0.358856
0.869492
0.822159
0.655655
0.52478
0.345657
0.262543
0.214859
0.160568
0.0555878
-0.0513916
-0.232162
-0.766693
-1.39729
-2.12013
-2.46472
-2.34859

[14]
-2.19734
-1.62091
-1.39345
1.55042
-0.931259
-0.932495
-0.248291
-0.575821
-0.286987
-0.179489
-0.0306549
-0.0308685
-0.0240479
-0.0435944
0.065506
0.048233
0.0456543
-0.0163116
-0.0138245
-0.0402985
-0.0210419
0.0469513
0.00898743
-0.0184174
-0.0791779
0.00538635
0.0599365
0.153076
0.111328
0.137054
0.184952
0.224899
0.208755
0.585281
1.61678
0.98056
0.701324
0.545731
0.776688
-0.316498
-0.536011
0.464279
0.872696
0.828934
0.697418
0.48317
0.309799
0.194061
0.103271
0.0514832

[15]
-0.042923
-0.369751
-0.839172
-1.28769
-1.90759
-2.13646
-2.22891
-2.37823
-1.99054
-1.23878
1.53651
-0.237808
-0.930222
-0.714233
-0.399124
-0.570953
-0.160736
-0.0720978
0.013092
-0.00663757
-0.0322876
-0.0279388
0.0598755
0.0598297
0.0181732
-0.0440826
-0.0641632
-0.0433655
-0.0303345
-0.0396576
0.00511169
0.0143127
-0.0534668
0.00692749
0.0443268
0.13768
0.133987
0.113113
0.161591
0.178757
0.130371
0.629288
1.72552
1.09293
0.824341
0.568604
0.907654
-0.0727539
-0.479797
0.35051

[16]
0.79776
0.83815
0.67662
0.516937
0.271027
0.162338
0.169891
0.112
-0.0788422
-0.191971
-0.88443
-1.22345
-1.65143
-2.11086
-2.10323
-2.02266
-1.70189
-1.26425
-1.1808
0.519852
1.22836
-1.39847
-0.859772
-0.505203
-0.557724
-0.236465
0.074585
-0.0358429
0.047287
-0.0824585
-0.0680847
0.0102692
0.0299988
0.0152893
-0.0662079
-0.039093
-0.0403595
-0.0320129
-0.0187683
0.00813293
-0.0231781
0.0149078
0.123154
0.108551
0.198471
0.164276
0.221344
0.214478
0.261414
0.522079

[17]
1.48682
0.773392
0.974823
0.674515
0.761948
-0.245697
-0.417618
0.60762
1.00697
0.896027
0.67662
0.368576
0.185257
0.207245
0.172852
0.0484467
-0.0193024
-0.270065
-0.755112
-1.31128
-1.85371
-2.11815
-2.3235
-2.45207
-1.79367
-1.65324
-0.0938873
1.47481
-1.37167
-1.05029
-0.574005
-0.64563
-0.371429
-0.0560455
-0.0272217
-0.121948
-0.0710449
-0.190857
-0.065506
0.0215607
0.0155792
-0.0442352
-0.108017
-0.10083
-0.11319
-0.0982971
-0.0452271
-0.0322418
-0.0730438
0.0600281

[18]
0.0647125
0.0972748
0.157089
0.185852
0.203857
0.177261
0.719589
1.50813
0.684799
1.20839
0.659058
0.831406
-0.0714569
-0.752014
0.371811
0.901169
0.919815
0.749054
0.375183
0.137436
0.0972443
0.0641327
0.0085144
-0.00256348
-0.184814
-0.792618
-1.50859
-2.0822
-2.14381
-2.67656
-2.66769
-1.7529
-0.241547
1.43517
-1.06847
-0.838989
-1.08342
-0.539612
-0.442795
-0.164352
-0.0294037
-0.0214539
-0.133362
-0.138519
-0.216522
-0.160263
-0.12117
-0.0848083
-0.0843201
-0.0843353

[19]
-0.00123596
0.0546722
0.00212097
-0.015274
-0.0903625
-0.091629
-0.0649872
0.0300751
0.136963
0.0536194
0.150116
0.17627
0.183182
0.581985
1.57986
1.01523
0.976288
0.398315
0.613419
-0.260406
-0.235214
0.541931
0.848129
0.699417
0.559311
0.397903
0.227493
0.139008
0.0891876
0.0639496
-0.0776825
-0.284241
-0.593201
-1.21126
-1.99513
-2.24675
-2.43398
-2.65305
-2.04184
-1.13303
0.818222
1.02632
-1.36429
-0.805695
-0.748734
-0.548721
-0.35675
-0.269638
-0.0753479
-0.134949

[20]
-0.135681
-0.111725
-0.203644
-0.113449
-0.0647583
-0.0401917
-0.036026
-0.0584564
-0.113205
-0.094986
-0.0658112
-0.0597839
-0.132538
-0.0748444
-0.00712585
0.114578
0.050293
0.179016
0.153336
0.218018
0.11499
0.83844
1.42162
0.764587
1.05681
0.578308
0.509735
-0.514496
-0.286697
0.488525
0.819016
0.75119
0.62265
0.348907
0.176285
0.077713
-0.0426178
-0.0727692
-0.102997
-0.304352
-0.639603
-1.14729
-1.8385
-2.11053
-2.29924
-2.63055
-2.03906
1.4427
0.213058
-1.26076

[21]
-0.756271
-0.60321
-0.580276
-0.571762
-0.179626
-0.0943604
-0.05336
-0.0666351
-0.203125
-0.214111
-0.0446472
0.0715179
0.000411987
-0.122711
-0.117783
-0.0795746
-0.119644
-0.0764313
-0.100922
-0.107468
-0.0861511
0.0499725
0.068573
0.0876617
0.129898
0.252518
0.179077
0.360916
1.52092
1.17865
0.886337
0.740799
0.789017
-0.251938
-0.660767
0.435059
0.854141
0.862762
0.764969
0.462921
0.217743
0.0210266
-0.0640259
-0.0695953
-0.134995
-0.351135
-0.583817
-1.09041
-1.64105
-1.94223

[22]
-2.36868
-2.61496
-1.7155
-0.820053
1.49742
-0.605637
-0.817459
-0.779541
-0.458374
-0.44371
-0.276886
-0.0869598
-0.0311584
0.0695038
0.024704
0.000350952
0.0767059
0.0738983
0.0479584
-0.0507965
-0.0382538
-0.0146942
-0.00282288
-0.0204468
0.00971985
-0.00102234
-0.0495605
-0.00996399
0.0758972
0.215485
0.11171
0.217728
0.21312
0.186615
0.387787
1.66687
1.12875
1.31924
0.608414
0.736267
-0.103699
-0.0848541
0.706253
1.15201
0.713287
0.491226
0.357117
0.297134
0.249451
0.103516

[23]
0.037262
-0.134003
-0.393539
-0.845291
-1.38564
-1.88243
-2.11836
-2.18158
-2.451
-1.40137
-1.07039
1.58417
-0.536606
-0.812027
-0.49086
-0.345001
-0.414612
-0.501923
0.0128937
0.0502014
0.1017
0.145248
-0.084259
-0.148788
0.0460663
0.0733337
0.0937805
-0.00378418
-0.0167999
0.0490875
0.0552979
0.0407562
0.0414276
0.0545197
0.0923157
0.179657
0.23436
0.182541
0.259613
0.355896
0.386124
1.30356
1.48976
0.985107
0.77681
0.601852
-0.263382
-0.523682
0.637726
1.0186

[24]
0.899506
0.722092
0.541321
0.400482
0.300598
0.214905
0.186279
0.0189972
-0.276749
-0.421417
-0.699509
-1.62537
-2.17273
-2.534
-2.56871
-1.74042
-0.285339
1.52888
-0.271729
-0.688446
-1.13408
-0.165375
-0.519516
-0.3564
-0.00624084
-0.0352783
-0.0100861
0.0493317
0.050705
-0.017334
0.0384216
0.0655365
0.0525055
0.0113525
-0.0344849
-0.0325012
0.0204773
0.0221252
0.0105286
-0.00509644
0.0221863
0.0719604
0.119156
0.15773
0.202026
0.202026
0.209503
0.732574
1.74504
1.00262

[25]
0.839737
0.44635
0.53096
-0.186203
-0.0912933
0.682343
0.851685
0.726425
0.598587
0.433304
0.315155
0.225647
0.180847
0.177826
0.0863037
-0.351257
-0.64888
-1.06871
-1.95708
-2.39668
-2.53218
-2.56537
-2.0918
1.37979
0.115601
-1.01224
-0.957443
-0.274673
-0.623535
-0.270859
-0.0561371
-0.0038147
-0.17038
-0.0943451
-0.125824
-0.0844116
-0.0184631
0.112564
0.0503235
-0.0249786
-0.048996
-0.0411682
-0.0560913
-0.00312805
-0.0499573
-0.0495758
0.00236511
0.235535
0.116989
0.139343

[26]
0.192459
0.326416
0.267014
1.25381
1.82315
0.744308
0.685959
0.75647
0.0896759
-0.441193
-0.0191803
0.604874
0.818069
0.774261
0.618408
0.39064
0.234344
0.104385
0.0349731
-0.0141754
-0.183914
-0.453094
-0.89859
-1.41133
-2.31314
-2.56219
-2.57164
-2.53661
-0.451706
1.52446
-1.10684
-0.776184
-0.516037
-0.480972
-0.429016
-0.103683
-0.103226
0.000152588
0.04245
-0.00817871
-0.0739288
0.00442505
0.0599518
0.0345459
0.0647583
-0.0164642
-0.00744629
-0.0367584
0.0278015
0.0633087

[27]
0.0138397
0.0155182
0.0675659
0.113022
0.173065
0.128098
0.279602
0.263672
0.484009
1.46576
1.54041
0.969147
0.45668
0.769592
-0.254944
-0.474243
0.147598
0.700974
0.857788
0.765274
0.647079
0.378479
0.208984
0.0733185
0.0304565
-0.0513763
-0.271591
-0.664368
-0.935516
-1.58165
-2.15685
-2.40977
-2.53975
-1.40111
1.08775
1.02568
-1.20346
-0.690094
-0.634399
-0.573151
-0.481827
-0.141464
-0.0780334
-0.110519
-0.0945892
-0.00688171
0.00857544
0.0767975
-0.00775146
-0.0459747

[28]
-0.0614319
-0.0348511
-0.0245361
-0.0803223
-0.074707
0.00946045
0.00621033
0.0419617
0.0543671
0.107651
0.172928
0.16658
0.216232
0.08284
0.472336
1.61082
1.64774
0.972504
0.305862
1.01813
-0.374466
-0.690704
-0.206635
0.571533
0.880569
0.89183
0.754791
0.521347
0.298492
0.0626221
0.0195007
-0.105942
-0.389328
-0.739212
-0.997818
-1.74394
-2.4545
-2.47658
-2.22197
-1.59526
1.58836
-1.54381
-1.13754
-0.34079
-0.583878
-0.140182
-0.121719
-0.00990295
-0.0198517
-0.0856781

