[1]
-0.078476
-0.589035
-0.607208
-0.52063
-0.263535
-0.261978
-0.151199
-0.000610352
0.0154877
0.216949
-0.166733
1.81227
0.344391
0.0961761
-0.223312
-0.340134
-0.14064
-0.095459
0.0657043
0.0675659
0.0331879
0.00746155
-0.167618
-0.0205688
0.0753326
0.0135803
-0.0337982
-0.0332184
0.0395508
-0.0549011
-0.0295563
-0.00813293
0.0138397
0.0174408
-0.00975037
-0.0353088
-0.0132294
-0.00723267
0.0177612
-0.010437
-0.0184479
-0.0172424
0.044693
0.104797
0.0605621
0.0235596
0.0323029
-0.00141907
0.0395508
-0.125336

[2]
-0.000976562
0.0975037
-0.194916
-0.361115
-0.342026
-0.110367
0.162628
0.153503
0.26712
0.257767
0.252945
0.184372
0.226807
0.228119
0.0900574
0.122391
-0.200974
-0.426727
-0.454483
-0.486359
-0.49231
-0.449463
-0.282074
-0.0713043
-0.118927
-0.223282
-0.146622
-0.127747
-0.103851
-0.0453339
-0.0141907
0.168411
0.77359
0.427505
0.147354
-0.501968
-0.350388
-0.188339
-0.00375366
-0.101471
0.0450745
0.144028
0.0175629
-0.137192
-0.0884094
0.0336609
0.117981
0.0310364
-0.0501709
-0.0345764

[3]
0.00883484
0.0316925
0.016571
0.00337219
-0.0237579
-0.0193634
-0.00195312
0.0103607
0.0124359
0.00947571
-0.00566101
-0.0167694
-0.0144196
0.0375519
0.0809326
0.0548248
0.00897217
-0.0334473
-0.0252075
0.0723114
0.10376
0.129837
0.174973
0.0657196
-0.151993
-0.363754
-0.254501
-0.0212708
-0.148529
0.205551
0.220383
0.168091
0.131302
0.141693
0.135468
0.0562439
0.0344696
-0.0183716
-0.0499573
-0.178467
-0.274094
-0.416992
-0.531235
-0.677368
-0.713638
-0.570511
-0.574661
-0.480667
-0.294327
-0.23436

[4]
-0.0387268
-0.0206604
0.524933
0.462921
0.128433
-0.149567
-0.281723
-0.144989
-0.0365448
0.00260925
-0.0231171
0.00846863
0.084671
0.0263519
-0.0668793
-0.052063
0.0210724
0.0728912
0.0659485
0.000183105
-0.0205994
-0.00465393
0.0153656
0.0335236
-0.011795
0.0170441
0.00566101
-0.00448608
0.0285492
0.0435028
0.0289917
0.024765
0.00253296
0.00750732
0.0230713
0.0344391
0.0615082
0.0584412
0.0513458
0.0505371
0.0192871
0.133987
0.0769348
0.0586853
0.187988
0.10434
0.0298157
-0.460373
-0.189529
-0.0493622

[5]
-0.336578
0.168274
0.225342
0.272171
0.191589
0.165466
0.139297
0.140152
0.100296
-0.0360413
-0.0856476
-0.19548
-0.363892
-0.525574
-0.551086
-0.54541
-0.480713
-0.347046
-0.372162
-0.47345
-0.476395
-0.31752
-0.0349426
1.15631
0.279694
-0.0271759
-0.076828
-0.31987
-0.260956
-0.0497437
-0.0177307
0.00115967
0.0908813
0.0857086
-0.0548706
-0.148087
0.00305176
0.0851898
0.060257
-0.0265961
-0.0575867
-0.0406342
-0.0462189
0.014389
0.0392914
-0.0349731
0.0660553
0.0725403
0.0262909
-0.00152588

[6]
-0.0256958
0.0152588
0.0327148
0.0209808
0.033783
0.0806274
0.0957336
0.0771942
-0.00050354
0.000289917
0.0677338
0.0110321
0.0244598
0.209412
0.034256
-0.119125
-0.261948
-0.084198
0.153412
-0.0222015
0.243195
0.255554
0.200638
0.157669
0.144318
0.142136
0.128586
0.0934906
0.0485992
0.0720673
-0.0249176
-0.176239
-0.360306
-0.425583
-0.483551
-0.524231
-0.565048
-0.534637
-0.338409
-0.269547
-0.324432
-0.234985
-0.0405121
0.445709
0.147873
-0.0960999
-0.411026
-0.166565
0.0442047
-0.053833

[7]
-0.0865784
0.0428009
0.034256
-0.048111
-0.0493622
0.00614929
0.0427704
0.0185547
-0.0127869
-0.00863647
-0.00663757
0.0343781
0.0208282
0.0192413
0.0351868
0.0564117
0.0178833
0.041214
0.0253296
0.0275726
0.0428162
0.0145111
0.0483551
0.0779724
0.068573
0.0430908
-0.0376892
0.0469666
0.148163
0.183685
0.334686
0.0721741
-0.0648956
-0.362396
-0.178955
0.0740814
0.0348663
0.221222
0.220505
0.177216
0.105164
0.115387
0.112854
0.0429382
0.0568542
0.00634766
-0.0673981
-0.119965
-0.19017
-0.37326

[8]
-0.388351
-0.506012
-0.647446
-0.410477
-0.428162
-0.390503
-0.157898
-0.216812
-0.233551
0.779221
0.0392456
0.22226
-0.370239
-0.244614
-0.0875854
-0.018219
-0.123108
-0.0259399
0.0380707
-0.0418549
-0.047821
-0.0534515
0.00666809
0.0589447
0.0355835
0.00587463
0.018158
0.000473022
-0.0217438
0.00466919
0.0141907
0.0112762
0.00479126
0.00100708
0.023468
0.0185242
0.0140076
0.0136108
0.0303192
0.065979
0.12735
0.0912628
0.00476074
-0.0198059
-0.078476
0.0651855
-0.0778046
0.31955
0.26503
-0.105789

[9]
-0.315262
-0.228439
-0.0191193
-0.0164337
0.156693
0.191879
0.158493
0.143539
0.126709
0.10907
0.0705414
0.0747833
0.0112152
0.0509491
-0.112335
-0.275635
-0.438797
-0.58287
-0.688202
-0.709579
-0.524261
-0.322098
-0.327087
-0.0708008
-0.0885468
-0.00126648
0.825943
0.195236
0.126968
-0.320282
-0.330978
-0.000442505
-0.0437927
-0.0235596
-0.0458679
-0.00259399
-0.0203247
-0.092865
-0.0231476
0.0520477
0.0399323
-0.0166321
-0.028717
-0.0297852
-0.00233459
0.00309753
-0.0281525
-0.0522766
-0.0248718
-0.0211639

[10]
0.0474243
0.0918884
0.0686646
0.0448456
-0.0140533
-0.00914001
0.0257874
0.0894623
0.0473633
0.0242767
-0.0641479
-0.00891113
0.0843658
-0.0813904
0.223816
0.247375
-0.0586395
-0.115204
-0.164673
-0.129257
-0.489914
0.206146
0.323471
0.286011
0.187943
0.100922
0.0673523
0.0334167
-0.0067749
-0.0708771
-0.135757
-0.151489
-0.272934
-0.40976
-0.485306
-0.425751
-0.488251
-0.521606
-0.429367
-0.292282
-0.235779
0.115891
0.843369
0.128113
0.189285
-0.275101
-0.308075
-0.226959
-0.0607147
0.00558472

[11]
-0.0271759
0.0618591
0.00741577
-0.0248718
-0.123901
-0.017807
0.057251
0.00610352
-0.0376892
-0.0448456
-0.0157013
0.0153809
-0.00970459
-0.000595093
0.00672913
0.0333557
0.0227966
-0.00411987
0.00289917
0.0101929
0.00906372
0.0191803
0.0597076
0.0675659
0.0286255
0.00152588
-0.0819702
0.00587463
0.148071
0.336151
0.431595
0.0111389
-0.312439
-0.326859
-0.203873
0.00852966
-0.0654755
0.159241
0.184753
0.149841
0.0914612
0.104599
0.124603
0.0426941
0.00775146
-0.0168152
-0.0689545
-0.204422
-0.328094
-0.436325

[12]
-0.464005
-0.39566
-0.349808
-0.364197
-0.441986
-0.454575
-0.141937
0.170822
0.504654
0.51593
-0.0346985
-0.317429
-0.396927
-0.13559
-0.0182343
-0.0699615
-0.0132294
0.0302582
-0.0477753
-0.0917053
-0.074585
0.0516968
0.0596008
-0.0206604
-0.0649567
-0.0130615
0.0150146
0.0118561
0.00793457
-0.0844116
-0.0115509
0.013092
0.022644
0.0270844
0.00488281
-0.00613403
0.021637
0.0228424
0.0427094
0.0596619
0.0302277
0.000564575
0.0239563
0.00996399
0.0698547
0.333191
0.443253
0.0281525
-0.104919
-0.218842

[13]
-0.158096
-0.0385742
0.024292
0.20462
0.209244
0.121063
0.0953827
0.0913086
0.0992889
0.0440369
-0.0480194
-0.161804
-0.251694
-0.38913
-0.513062
-0.667542
-0.757278
-0.741608
-0.72171
-0.64209
-0.570663
-0.397354
-0.123764
-0.176727
1.28975
0.171127
0.0951538
-0.348282
-0.362274
-0.192917
-0.00195312
-0.0497894
0.0452271
0.0255127
-0.0567627
-0.153473
-0.0887299
0.0583801
0.0671539
-0.00479126
-0.0685883
-0.0136566
0.0239258
0.00942993
-0.00344849
0.000671387
0.0332489
0.0341949
0.0453796
0.0413208

[14]
0.0346222
0.0238495
0.02034
0.00521851
0.0589447
0.107162
0.122467
0.077179
0.0100708
-0.0637054
0.19046
0.319534
-0.120117
-0.292206
-0.218918
-0.118958
-0.443024
0.233826
0.269684
0.21991
0.119263
0.111618
0.114685
0.0870972
0.0512238
-0.0249786
-0.0274811
-0.0846405
-0.237793
-0.358002
-0.420105
-0.422958
-0.522232
-0.675079
-0.562241
-0.560471
-0.358627
-0.253998
0.26059
0.640808
-0.00788879
0.172745
-0.527222
-0.465897
-0.126068
0.030304
-0.0440674
0.0404663
0.040863
-0.0390015

[15]
-0.100769
-0.0679626
0.0771332
0.0527191
-0.0150146
-0.0596008
0.000473022
0.0296936
0.0266724
0.0164795
0.0067749
-0.00794983
0.00601196
0.000823975
0.00178528
-0.0015564
0.0275574
0.0424652
0.040863
0.110077
0.113342
0.00991821
-0.0792847
0.0325928
-0.0676575
0.323837
0.376053
-0.107513
-0.294495
-0.287888
-0.26825
-0.232834
0.0979309
0.290787
0.300873
0.19632
0.11615
0.139771
0.132355
0.0988312
0.0897827
0.0498047
-0.0465393
-0.173325
-0.278168
-0.291107
-0.34642
-0.44899
-0.587296
-0.530731

[16]
-0.515335
-0.519318
-0.338379
-0.255432
0.589111
-0.000473022
0.296829
-0.207199
-0.441559
-0.0813751
0.0528412
-0.0797577
-0.0599976
0.036026
-0.00437927
-0.0394592
-0.0523071
-7.62939e-05
0.0283966
-0.0108948
-0.00816345
-0.0184174
0.00834656
0.00984192
0.0103149
0.00642395
0.0150757
0.0259857
0.0398407
0.0472565
0.0225067
0.0281677
0.00628662
0.0281067
0.100662
0.10817
0.0466919
-0.0612793
0.0127563
0.140152
0.154343
0.504822
0.2453
-0.322281
-0.38147
-0.178146
-0.0529633
-0.185394
0.116318
0.162613

[17]
0.129425
0.0799561
0.0611572
0.055954
0.0328217
-0.0120239
-0.101639
-0.0521088
-0.133011
-0.307053
-0.483337
-0.498444
-0.518524
-0.643982
-0.625687
-0.329346
-0.101608
-0.0563354
0.183548
0.409973
0.0457764
-0.0988007
-0.274063
-0.169373
-0.21756
-0.0411377
0.043335
0.0596008
0.0521545
-0.0236053
-0.11702
-0.0154572
0.0443573
0.0471802
0.00292969
-0.00244141
-0.00750732
0.00466919
0.00956726
0.00933838
0.009552
0.010437
0.0235901
0.0323792
0.0452881
0.0392151
0.0407562
0.0352631
0.0106964
0.0273438

[18]
0.0568237
0.0426025
0.0368805
-0.0158234
0.121674
0.210571
0.123795
0.157425
0.0246277
-0.104721
-0.260727
-0.155792
0.0111389
0.013092
0.188309
0.22261
0.1819
0.141113
0.124573
0.146744
0.101105
-0.00886536
-0.027298
-0.177032
-0.287582
-0.448746
-0.527664
-0.519958
-0.526245
-0.433258
-0.344284
-0.270737
-0.255173
-0.276382
-0.101028
0.0617523
1.31903
0.10762
0.189224
-0.358337
-0.385422
-0.13269
-0.015976
0.00370789
0.0408478
0.0193024
-0.0189056
-0.114426
-0.00727844
0.0545044

[19]
0.0504303
-0.0175629
-0.00849915
0.00773621
0.0198059
0.0420074
0.0240326
0.0200195
0.0149078
0.0164337
0.0205383
0.0334015
0.0618439
0.039505
0.0348206
0.0108032
0.0501709
0.0870209
0.110611
0.0106964
0.0890656
0.11824
0.0309448
0.165192
-0.0210419
-0.0288544
-0.258057
-0.154022
-0.415192
0.116318
0.189743
0.160202
0.0803833
0.0937195
0.151337
0.129288
0.103195
0.0344391
-0.0493774
-0.104553
-0.209595
-0.324921
-0.394547
-0.530106
-0.708374
-0.778183
-0.615433
-0.525909
-0.380692
-0.253036

[20]
-0.027832
0.427002
0.687897
-0.147934
-0.232407
-0.369675
-0.163925
0.0556335
-0.024704
0.0210266
0.0405579
-0.0506134
-0.128738
-0.0667572
0.0978394
0.0914459
-0.0262604
-0.0437622
-0.0166779
0.0361481
0.0449371
0.0270233
0.00228882
0.0268555
0.0445709
0.0296021
0.0387573
0.0482788
0.0422668
0.0217743
0.0624847
0.0604248
0.0707245
0.0805817
0.052948
0.00830078
0.101227
0.131546
0.398651
0.128387
-0.162735
-0.223465
-0.042038
0.0205078
-0.105682
0.194504
0.224167
0.147705
0.108093
0.117523

[21]
0.11879
0.0939941
0.0263062
-0.0925446
-0.143036
-0.169098
-0.320236
-0.408234
-0.477386
-0.563171
-0.499985
-0.277618
-0.308121
-0.275986
-0.144363
0.101654
0.821808
0.143356
0.283615
-0.589203
-0.273209
-0.110733
-0.0413208
-0.0228424
0.0345306
-0.0261841
-0.0332794
-0.100601
-0.0119629
0.0342102
0.0103607
-0.0163116
-0.0198822
0.0160217
0.0214844
0.00483704
0.00965881
0.0118713
0.0250397
0.0239563
0.0310669
0.0118866
0.00914001
-0.0249786
0.0318756
0.0582428
0.0791931
0.0684662
0.0611115
-0.00527954

[22]
0.0678101
0.026474
0.214203
0.248154
-0.0546265
-0.247452
-0.214828
-0.158798
-0.492584
0.242279
0.282959
0.153229
0.0913849
0.133698
0.130859
0.103317
0.111969
0.0262604
-0.140381
-0.277878
-0.437057
-0.561386
-0.579422
-0.489243
-0.427399
-0.364014
-0.261063
-0.344635
-0.405945
-0.311752
-0.30455
-0.0783844
0.87886
0.25267
0.196808
-0.319717
-0.41568
-0.115051
0.0641937
-0.0779572
-0.028595
0.0889893
-0.017395
-0.0776825
-0.0860443
0.0237274
0.0737
0.0433044
-0.0311737
-0.039093

[23]
-0.00744629
0.0313568
0.0476379
0.0475006
0.0332184
-0.0102234
0.0121002
-0.0125427
0.0195618
0.0445099
0.0328064
0.0371552
0.0383453
0.0749359
0.0496368
-0.000793457
-0.0119629
0.0832214
0.299957
0.478409
0.0718536
-0.297867
-0.366577
-0.13739
0.0109863
0.137375
0.204269
0.227982
0.092514
0.0866852
0.0992889
0.0637207
-0.0135498
-0.0385742
-0.0873108
-0.183456
-0.310867
-0.491043
-0.521179
-0.5336
-0.604294
-0.317978
-0.393188
-0.479736
-0.233963
-0.135803
0.0180206
0.371735
0.844803
-0.00909424

[24]
0.0993958
-0.463409
-0.362701
-0.0613251
0.0276337
0.0098114
0.0253448
0.00933838
-0.0132141
-0.0797577
-0.00151062
0.0695801
0.050293
-0.0387573
0.00567627
0.0242462
0.0259399
-0.00485229
0.00817871
0.0268402
0.032074
0.0444946
0.0172577
0.0120087
0.0555267
0.051239
0.0345612
0.0721588
0.0904541
0.0816498
0.0723114
-0.0325012
0.0339813
-0.0731506
0.325485
0.147812
0.00512695
-0.216309
-0.212616
0.0328674
0.00883484
0.278061
0.282303
0.210251
0.0921021
0.0850983
0.114716
0.0617981
0.0667419
0.0187225

[25]
-0.110458
-0.188538
-0.346756
-0.486221
-0.59079
-0.662582
-0.641327
-0.576035
-0.473709
-0.425934
-0.288605
-0.200714
0.30098
0.729858
0.147339
0.0273438
-0.665329
-0.365326
0.0440979
-0.0127716
0.068222
0.0133667
-0.0241699
-0.0622101
-0.105942
0.0494537
0.110977
0.00621033
-0.0419464
-0.00396729
0.0293579
0.0210266
-0.0101471
0.00154114
0.00100708
0.0180969
0.0316467
0.0494843
0.0422516
0.0929413
0.0303497
-0.0282288
0.00473022
0.078476
0.0519409
0.062439
0.113266
0.276077
0.397491
0.272858

[26]
-0.0939636
-0.161987
-0.223602
-0.0443726
-0.0263977
0.272034
0.267334
0.159103
0.0879822
0.111755
0.138382
0.0861664
0.0284729
-0.0780182
-0.148163
-0.300995
-0.451767
-0.634354
-0.740219
-0.831528
-0.816849
-0.597809
-0.277908
-0.303848
-0.0256042
0.283173
0.544968
0.910324
0.163666
0.0332642
-0.709564
-0.379242
-0.0837555
0.00485229
0.0339966
-0.0131378
0.0228882
-0.0246735
-0.0798798
-0.0737457
0.0693817
0.0912781
0.0191956
-0.0393372
-0.0132294
0.0379639
0.0251923
0.00854492
0.00753784
0.0039978

[27]
-0.00865173
0.0335999
0.0323944
0.0202942
0.0437317
0.00250244
0.00221252
0.0383606
0.0592346
0.0921783
0.0464783
0.0931549
0.196457
0.327682
0.105804
-0.174332
-0.181564
-0.265671
-0.188858
0.28009
0.26088
0.254684
0.150543
0.116547
0.0908051
0.0704651
-0.00489807
0.00611877
-0.012558
-0.153839
-0.312637
-0.395889
-0.420319
-0.48201
-0.479645
-0.316925
-0.411636
-0.369476
-0.384003
-0.367126
0.0561066
1.23828
0.0127716
0.174866
-0.0996399
-0.418503
-0.382462
-0.0375824
0.00587463
0.0487061

[28]
0.0679474
-0.0463715
-0.114197
-0.0713348
0.0501099
0.0444336
-0.0213623
-0.0300903
0.00392151
0.0150757
0.00154114
0.00482178
0.0133667
0.0322876
0.0360718
0.0333862
0.0437927
0.0222168
0.0106659
0.00311279
0.0137939
0.0545654
0.0865021
0.0786896
0.0328369
0.019455
0.0114594
0.232803
0.480011
0.237076
-0.146042
-0.274063
-0.132858
-0.125351
-0.25412
0.173599
0.186935
0.127121
0.0752411
0.0360413
0.0313873
-0.00291443
-0.0781403
-0.157761
-0.188477
-0.263672
-0.460342
-0.512543
-0.517761
-0.458221

[29]
-0.510529
-0.438187
-0.321106
-0.410477
-0.0629425
0.216827
0.938416
0.181137
0.199646
-0.221115
-0.324142
-0.354538
-0.0238342
0.0578918
0.000793457
-0.0709839
-0.00646973
-0.0449371
-0.00402832
0.00749207
-0.0318298
-0.0155945
0.117584
-0.0304413
0.0327148
0.0177002
0.0259399
0.00796509
0.0293579
0.0294342
0.0237885
0.0309753
0.0376587
0.0588989
0.0544891
0.0397034
0.0953827
0.135254
0.085968
0.0187225
0.0340118
0.0904541
0.38121
0.0514221
-0.15184
-0.271606
-0.165497
-0.287384
0.084137
0.213882

[30]
0.198822
0.0846863
0.033432
0.044754
0.0591431
0.0124969
-0.0474396
-0.0780182
-0.15477
-0.292252
-0.501587
-0.611206
-0.648743
-0.643661
-0.492096
-0.326447
-0.239624
-0.333725
-0.397415
-0.139175
0.0370331
0.755585
0.0342407
0.261871
-0.0656281
-0.19873
-0.32402
-0.0896759
-0.0235596
-0.0380249
-0.0361786
0.00309753
-0.0217743
-0.0337067
0.00575256
0.0301514
0.000579834
-0.0155792
-0.0360107
-0.0586243
-0.0322571
0.0339508
0.0558624
0.00390625
0.0102539
0.0408173
0.091507
0.109955
0.0791016
0.0571594

[31]
0.072937
0.0888214
0.124191
0.124863
0.125854
0.0348816
-0.0187836
0.172897
0.326065
0.131042
-0.015213
-0.211502
-0.0648193
-0.442963
0.142654
0.234695
0.187286
0.0558014
0.0854645
0.100815
0.0865173
0.0387115
-0.0733948
-0.161118
-0.255722
-0.336334
-0.479797
-0.53157
-0.531311
-0.558044
-0.505722
-0.474258
-0.375809
-0.323578
0.0811615
-0.180969
0.971588
-0.0509338
0.398315
-0.253128
-0.46843
-0.198883
0.0860596
-0.0117188
-0.0648499
0.010437
0.0175476
-0.0055542
-0.0413818
0.021286

[32]
0.0282288
0.0497894
-0.00340271
-0.0222931
0.0207977
0.0346832
0.045517
0.0341187
-0.00012207
0.000808716
0.0241394
0.05159
0.0679321
0.039917
0.0328064
-0.00384521
0.04039
0.0661163
0.111237
0.103333
0.0988922
0.153549
0.147202
0.160385
0.0394745
-0.0618439
-0.084137
-0.0792694
0.0884857
-0.00622559
0.219849
0.242966
0.154892
0.0953369
0.120224
0.1315
0.0953064
0.0550385
0.0147858
-0.0877991
-0.162491
-0.341705
-0.404831
-0.413116
-0.404114
-0.36116
-0.275528
-0.180527
-0.248703
-0.286942

[33]
-0.185791
-0.400711
0.239288
0.348709
0.230331
0.1436
-0.23703
-0.294388
-0.128113
-0.00300598
-0.112595
0.0482025
0.0628357
0.0276947
-0.0402222
-0.0584412
-0.0234528
0.0554047
0.0509644
-0.00820923
0.00140381
-0.00302124
0.0172424
-0.00338745
0.00131226
0.00418091
0.022644
0.0424042
0.0366058
0.0274811
0.0346069
0.0196381
-0.0145111
0.022644
0.0671844
0.119171
0.095871
0.0727844
0.0635986
0.0535736
0.10408
0.0708313
0.0922394
0.290802
0.253067
-0.0065155
-0.203827
-0.152313
-0.0786743
0.065918

[34]
0.222549
0.154022
0.0880432
0.110611
0.115524
0.126755
0.0644531
-0.0414581
-0.0917358
-0.130142
-0.206314
-0.393112
-0.386047
-0.38121
-0.371063
-0.296799
-0.329773
-0.302582
-0.408844
-0.510269
-0.501663
-0.606186
0.0159607
0.357986
0.191345
0.0118256
-0.427139
-0.180527
0.0429382
-0.0102234
-0.164673
-0.041275
0.0613098
0.018631
0.0109558
-0.032196
-0.00918579
0.0219727
0.0240936
-0.00296021
-0.00497437
0.0247345
-0.000610352
-0.0185547
0.00343323
0.0488129
0.0544128
0.0323944
-0.00791931
0.00724792

