[1]
0.0435181
0.0818176
0.104401
0.120255
0.352676
1.25706
0.886032
0.446396
0.740952
0.594772
0.301361
0.187988
0.352768
0.682526
0.676102
0.599915
0.491562
0.378967
0.363754
0.345108
0.263901
0.0267487
-0.0979309
-0.183624
-0.350204
-0.678772
-0.898651
-1.01312
-1.13358
-1.26109
-2.06505
-1.26404
-1.05391
-0.259476
0.667831
0.24971
-0.319077
0.0416412
-0.0687103
-0.138962
-0.0854187
0.0893555
0.0797272
0.0870514
0.219727
0.200272
0.126862
0.118561
0.121933
0.160767

[2]
0.166214
0.161362
0.15477
0.125015
0.133972
0.128464
0.148682
0.154694
0.189133
0.0860748
0.0443268
0.0584564
0.115616
0.142731
0.21994
0.153
0.141785
0.180984
0.204437
0.2453
0.506165
1.32538
0.787109
0.404404
0.859848
0.720749
0.586258
0.138992
0.149841
0.452515
0.627075
0.61322
0.491928
0.383759
0.263641
0.250565
0.199921
0.124557
-0.159348
-0.284286
-0.575302
-0.643036
-0.684814
-0.848969
-0.884644
-0.939774
-1.01494
-0.994385
-1.05461
-0.738815

[3]
-0.882004
0.663788
0.600128
-0.299118
-0.176102
0.13031
0.00135803
-0.0641174
-0.0218658
0.122574
0.115448
0.0636597
0.146149
0.220154
0.189941
0.121063
0.0639343
0.0899811
0.118027
0.165344
0.111526
0.141403
0.159103
0.156174
0.130615
0.117416
0.13446
0.163147
0.128311
0.0833435
0.119095
0.137314
0.150375
0.170868
0.138794
0.148407
0.0955353
0.119354
0.529587
1.40895
0.937759
0.139496
0.65863
0.727509
0.277588
0.190857
0.500229
0.737366
0.622055
0.551636

[4]
0.452637
0.350449
0.335892
0.32785
0.175186
-0.0035553
-0.130157
-0.371521
-0.408508
-0.571579
-0.668823
-0.616943
-0.716614
-0.874435
-0.981598
-1.31693
-1.14162
-0.840317
-0.99736
0.398758
0.623108
0.0963745
-0.0729065
0.0397797
-0.141159
0.098175
-0.0432129
0.0496521
0.0813446
-0.0022583
0.0885773
0.20546
0.215759
0.213684
0.17157
0.177124
0.107269
0.145187
0.16597
0.176178
0.148926
0.24852
0.0923767
0.059082
0.0641327
0.085022
0.0858154
0.0595093
0.128876
0.111404

[5]
0.108551
0.0604858
0.113739
0.193024
0.197586
0.236237
0.240189
0.28157
0.385681
1.34427
0.690018
0.380829
0.711258
0.56163
0.247269
0.192368
0.2612
0.600952
0.649628
0.623138
0.503418
0.359192
0.361816
0.343765
0.126923
-0.0617065
-0.131805
-0.39122
-0.467361
-0.6259
-0.767578
-0.868546
-0.858627
-0.934799
-1.00423
-1.02782
-1.01228
-1.1675
-0.962738
0.803848
0.663895
-0.396286
0.118439
-0.0814209
-0.211273
-0.149994
0.142471
0.157776
0.156631
0.159119

[6]
0.22554
0.166382
0.17363
0.0843048
0.079834
0.0930328
0.143066
0.164322
0.102463
0.0900726
0.12146
0.141617
0.108139
0.101791
0.0911865
0.0867004
0.100388
0.126923
0.161865
0.118484
0.153961
0.107605
0.125748
0.160019
0.153793
0.215347
0.20723
0.173523
0.516373
0.865494
0.231674
0.886887
0.848663
0.550034
-0.0491333
-0.0945282
0.3759
0.698578
0.502594
0.363449
0.237564
0.193634
0.147903
0.0994263
0.0665741
0.0160828
-0.115631
-0.352692
-0.474487
-0.415298

[7]
-0.500946
-0.72197
-0.684967
-0.645844
-0.85022
-0.990479
-1.16991
-1.05656
-0.816269
-0.566513
0.765778
0.330963
-0.199158
-0.391479
0.0531616
-0.0661469
0.216354
-0.0335693
-0.036972
0.0407715
0.0045929
0.0959167
0.138702
0.141449
0.174805
0.17981
0.198044
0.12236
0.122833
0.0798187
0.101227
0.118393
0.102875
0.110886
0.0889587
0.124268
0.128723
0.0852356
0.119354
0.146912
0.0581512
0.0890198
0.115845
0.135635
0.0943604
0.152725
0.139191
0.201981
0.232239
0.16478

[8]
0.562134
1.02844
0.303635
0.260056
0.660538
0.436295
0.348343
0.207687
0.369171
0.657059
0.558029
0.452713
0.350769
0.271576
0.240784
0.235504
0.178604
0.0657501
-0.0805817
-0.138397
-0.344635
-0.429031
-0.625061
-0.813522
-0.986053
-0.965012
-1.07159
-1.10294
-1.18483
-0.826614
-0.977432
0.547928
0.572021
-0.410049
-0.140884
-0.0453033
0.0176239
0.063858
0.0653839
-0.0271454
-0.0108032
0.0705109
0.125931
0.186615
0.152649
0.154648
0.151596
0.0662231
0.101395
0.130081

[9]
0.0759125
0.0127869
0.102448
0.0585022
0.0851746
0.0705109
0.01297
0.146103
0.130661
0.122696
0.0946198
0.0976257
0.116592
0.142532
0.0587616
0.104004
0.140289
0.194534
0.290802
0.741272
0.824661
0.444382
0.724014
0.393661
0.332626
0.209015
0.251465
0.672607
0.677261
0.558426
0.439789
0.318405
0.342697
0.2668
0.0541534
-0.0981903
-0.223984
-0.337784
-0.463913
-0.558334
-0.585846
-0.602951
-0.6987
-0.776031
-0.70462
-0.756805
-0.890549
-0.911682
-0.714752
-0.890427

[10]
-0.306992
0.827194
0.0765381
-0.27565
0.033783
0.137833
0.0632935
-0.172211
-0.0921936
-0.0392303
-0.0336151
0.0552216
0.203018
0.173523
0.111801
0.051712
0.110382
0.1716
0.121338
0.108093
0.116302
0.105835
0.145157
0.121506
0.0648193
0.0749207
0.0788574
0.0917206
0.0674591
0.0740051
0.0493317
0.0805206
0.0758209
0.121948
0.122437
0.0897522
0.0935516
0.0935364
0.1418
0.173859
0.154099
0.158066
0.358948
0.909576
0.543533
0.191391
0.474442
0.514572
0.466492
0.296722

[11]
0.28418
0.484756
0.510941
0.434464
0.345551
0.259659
0.195251
0.142136
0.0992584
0.0584106
-0.0563507
-0.122833
-0.333954
-0.499252
-0.521317
-0.616409
-0.746872
-0.887939
-0.871155
-0.950668
-0.894501
-0.874527
-0.911133
-0.814941
-0.47406
1.22713
-0.268494
-0.284607
-0.0727539
-0.12175
0.144394
0.0297699
0.00334167
-0.0824432
0.135559
0.187622
0.139862
0.0876465
0.16745
0.153931
0.10704
0.099472
0.110031
0.12706
0.120239
0.132706
0.094574
0.14003
0.148743
0.104782

[12]
0.0956116
0.100021
0.106583
0.0495758
0.0906372
0.136871
-0.019989
0.0529327
0.0987244
0.0920105
0.0674286
0.0737762
0.118958
0.165268
0.280624
0.26445
0.178482
0.490616
0.677902
0.410065
0.178787
0.727829
0.419907
0.411865
0.344452
0.137558
0.257782
0.618515
0.600174
0.527771
0.384583
0.236923
0.174942
0.197861
0.190826
0.0579224
-0.0426941
-0.285858
-0.457657
-0.533813
-0.728317
-0.854584
-0.8909
-0.846603
-1.23695
-1.2175
-0.811005
-0.687698
-0.444519
-0.00283813

[13]
0.416107
0.348541
-0.281189
-0.218536
0.226593
-0.0588379
-0.109344
-0.149551
-0.0281219
0.119171
0.10968
0.141098
0.19632
0.160736
0.0521698
0.106674
0.152512
0.109207
0.10054
0.101013
0.0804901
0.04776
0.0481567
0.0662384
0.0832825
0.0919342
0.109161
0.122757
0.0652008
0.121246
0.120468
0.133835
0.108627
0.0882721
0.0784302
0.162231
0.22113
0.256058
0.602966
1.05063
0.392944
0.845078
0.457672
0.385468
0.211365
0.18042
0.539322
0.642258
0.579453
0.496002

[14]
0.355927
0.224426
0.266037
0.231796
0.0698853
-0.150131
-0.27475
-0.427292
-0.692001
-0.718933
-0.699219
-0.70076
-0.861221
-0.972656
-1.03319
-1.00589
-0.990845
-0.789627
-0.682159
0.726089
0.593735
-0.770248
-0.12735
0.269684
-0.198166
-0.143402
0.0136108
0.0438232
0.126297
0.194717
0.200226
0.141846
0.13475
0.159012
0.114532
0.0937195
0.151077
0.159088
0.105118
0.0824127
0.073822
0.0614929
0.0851746
0.0519409
0.0494537
0.108887
0.112717
0.110535
0.107925
0.169937

[15]
0.162247
0.147797
0.17865
0.166992
0.144287
0.212616
0.728241
1.19606
0.387451
0.621674
0.509995
0.385361
0.163208
0.261932
0.639191
0.687561
0.571259
0.409775
0.315063
0.319092
0.226013
0.14534
0.0431213
-0.152786
-0.221268
-0.505386
-0.612656
-0.665833
-0.634644
-0.733444
-0.938583
-1.1732
-1.65088
-1.11711
-0.938232
-0.548965
-0.0653381
0.386673
0.308319
-0.416428
-0.00779724
0.0876465
0.0913391
-0.152405
-0.0776062
-0.000991821
-0.0527649
0.0620575
0.119095
0.134491

[16]
0.0597992
0.0850983
0.110641
0.0732117
0.117813
0.107681
0.10582
0.100052
0.123474
0.0684967
0.0642853
0.0709534
0.0892181
0.11557
0.0618896
0.08638
0.0869293
0.108414
0.107056
0.119751
0.0683746
0.10643
0.113922
0.247787
0.348358
0.95256
1.03389
0.1436
0.844498
0.388977
0.406982
0.257217
0.208328
0.591965
0.701157
0.595291
0.454941
0.326996
0.247467
0.230438
0.225128
0.126343
-0.101364
-0.188385
-0.528931
-0.614883
-0.732071
-0.790405
-0.823013
-0.918625

[17]
-1.04494
-1.41826
-1.49026
-0.767578
-1.07512
0.407501
0.786087
-0.392593
-0.235184
-0.114746
-0.13678
-0.181625
-0.0483856
0.0297241
0.0199738
0.0173798
0.132294
0.057663
0.117203
0.131943
0.103043
0.089386
0.136856
0.0682678
0.0448761
0.0888214
0.110474
0.0785217
0.0615692
0.0420074
0.0438232
0.0509033
0.0366669
0.0142822
0.0240936
0.109589
0.119125
0.0883179
0.0459442
0.100922
0.108109
0.198212
0.301697
0.324173
0.769852
1.0079
0.0151825
0.601242
0.498734
0.582291

[18]
0.153336
0.10762
0.296082
0.594055
0.548874
0.42804
0.338867
0.212952
0.164963
0.165955
0.115845
0.00497437
-0.172714
-0.415878
-0.528854
-0.64476
-0.718353
-0.68576
-0.834778
-1.07141
-1.21245
-1.46501
-0.948029
-0.987122
0.120148
0.509613
0.0845184
-0.500565
0.0623779
-0.0665741
-0.130463
-0.166153
0.00212097
0.0328522
-0.00393677
0.0956116
0.141251
0.130508
0.113022
0.0688324
0.066803
0.0678558
0.0976715
0.108627
0.0613251
0.0489197
0.0783691
0.0795593
0.0740967
0.0886841

[19]
0.105011
0.0800171
0.0611267
0.0729065
0.0690918
0.108414
0.141449
0.0853577
0.0652771
0.0766907
0.123108
0.177124
0.111313
0.486115
1.24829
0.509842
0.177475
0.484741
0.469528
0.323883
0.268036
0.400742
0.635529
0.556442
0.454315
0.346176
0.289276
0.191147
0.113083
0.0924835
-0.025116
-0.147537
-0.298477
-0.494003
-0.621796
-0.637909
-0.768387
-0.740738
-0.741592
-0.853973
-0.995316
-1.0891
-1.07152
-0.775558
-0.413544
0.85463
0.138641
-0.328918
-0.0888214
0.0414581

[20]
0.135254
-0.0681763
-0.122498
0.0434875
0.146561
0.0632629
0.158615
0.170929
0.0701447
0.113663
0.104553
0.0928802
0.137558
0.139984
0.148636
0.102844
0.0734406
0.101715
0.125565
0.120193
0.122833
0.0914001
0.0506592
0.0692139
0.116669
0.11647
0.110718
0.0914917
0.107986
-0.0257568
0.0646667
0.106323
0.259445
0.284424
0.249298
0.575592
1.03241
0.481049
0.439621
0.658691
0.543228
0.407486
0.273453
0.10994
0.540924
0.689972
0.508438
0.444443
0.304443
0.253799

[21]
0.22641
0.190247
0.130707
-0.050415
-0.213699
-0.387665
-0.535477
-0.79039
-0.844727
-0.713882
-0.870422
-1.13895
-1.6685
-1.18636
-0.659592
-0.673294
0.579636
0.334717
-0.206711
-0.371277
0.312103
0.21106
-0.836426
-0.406616
-0.0179901
0.242676
0.0822449
0.134521
0.174698
0.203461
0.00379944
0.041748
0.0482178
0.0862274
0.094696
0.0482178
0.0399628
0.0476074
0.0386505
0.10527
0.054245
0.0939484
0.0813751
0.0826721
0.0936584
0.0770111
0.0833435
0.0151672
0.124786
0.187851

[22]
0.262894
0.280441
0.31134
1.23973
0.819855
0.623093
0.511002
0.528992
0.0696869
0.186386
0.490311
0.668518
0.492111
0.406189
0.336609
0.248199
0.220383
0.167328
0.103439
0.0561218
-0.195129
-0.287964
-0.549911
-0.681854
-0.753464
-0.919876
-0.864044
-1.01767
-1.18594
-1.45697
-1.17886
-1.04504
0.189224
0.864334
-0.142593
-0.480804
-0.142059
-0.0682983
-0.11232
0.0337677
0.142868
0.0229034
0.0818176
0.179962
0.20372
0.200623
0.210297
0.22049
0.208405
0.12178

[23]
-0.051712
0.011734
0.0250549
0.078064
0.0749512
0.0752411
0.081604
0.0552368
0.0699005
0.0753632
0.0898132
0.148178
0.0893707
0.0459137
0.0927124
0.0931854
0.110779
0.173325
0.160141
0.20462
0.23439
0.975906
0.562271
0.53009
0.503998
0.34523
0.302887
0.468201
0.710083
0.592102
0.467255
0.390045
0.415359
0.329376
0.134705
0.077301
-0.0109406
0.0229034
-0.078125
-0.417252
-0.430725
-0.479034
-0.497147
-0.571411
-0.632599
-0.631058
-0.798889
-0.910583
-0.959534
-1.0972

[24]
-0.593063
-0.869278
-0.284225
0.930664
-0.546219
-0.184021
-0.208481
-0.0198822
0.0467987
0.0328064
-0.001297
0.0381927
0.155487
0.19104
0.138962
0.195526
0.157028
0.0711975
0.0792694
0.139938
0.164352
0.202072
0.216782
0.12468
0.0154419
0.044342
0.0358887
0.0959167
0.1008
0.141495
0.175552
0.115768
0.123367
0.175354
0.102905
0.132263
0.186203
0.271652
0.180893
0.379395
1.18814
0.450073
1.0014
0.789444
0.523819
0.00630188
0.0183868
0.577164
0.763763
0.664474

[25]
0.514786
0.366531
0.270645
0.303009
0.219879
0.0857086
-0.0713043
-0.141525
-0.3927
-0.556717
-0.594391
-0.825455
-0.856857
-0.89946
-1.05939
-1.00392
-1.03009
-1.17761
-0.884766
-0.758148
0.746887
0.108978
-0.301971
0.0621796
0.0695953
0.0948181
-0.0339508
-0.0183258
0.150223
0.125992
0.160583
0.195419
0.167709
0.162781
0.142044
0.215286
0.221603
0.123642
0.15181
0.0608978
0.11058
0.105057
0.106781
0.131607
0.204086
0.19957
0.0397491
0.0249634
0.0930786
0.117447

[26]
0.137527
0.13118
0.193878
0.226944
0.201004
0.515381
0.822556
0.998566
0.295288
0.97258
0.945267
0.711426
0.004776
-0.25293
0.468475
0.754593
0.550003
0.447769
0.337219
0.253418
0.221786
0.185806
0.0303955
-0.228806
-0.420486
-0.665558
-0.739258
-0.66626
-0.74469
-0.868515
-0.890137
-0.901031
-0.937592
-0.982697
-1.04329
-0.845154
-0.447983
0.830597
0.292603
-0.204544
-0.213287
0.127792
-0.0398407
0.0283203
-0.121323
-0.00886536
-0.00569153
0.173126
0.100754
0.0843811

[27]
0.0782776
0.0534058
0.0719147
0.0818024
0.114777
0.156952
0.160004
0.141434
0.108353
0.103622
0.0628357
0.107864
0.0640411
0.0801239
0.180649
0.138885
0.141068
0.170975
0.129044
0.146942
0.262283
0.496704
0.889908
0.490662
1.08449
0.968033
0.624573
-0.0323944
-0.022644
0.220856
0.751266
0.685501
0.540421
0.355484
0.17926
0.30719
0.144272
0.0281067
-0.150452
-0.253906
-0.331543
-0.568573
-0.798355
-0.84198
-0.828232
-0.974686
-1.07639
-1.06813
-1.27376
-1.07591

[28]
-1.01927
0.412003
0.761826
-0.625214
-0.199753
0.245804
-0.0345612
-0.15538
-0.181122
-0.0345306
0.0973663
0.145493
0.190063
0.154587
0.11586
0.179642
0.0956116
0.148315
0.159668
0.148819
0.116669
0.0549011
0.110962
0.146179
0.0404053
0.104263
0.130707
0.157089
0.128952
0.109222
0.145615
0.0679932
0.0671692
0.214737
0.321335
0.366684
0.587982
0.97995
0.647339
0.533585
0.560608
0.724533
0.160095
0.0409393
0.179779
0.806747
0.735855
0.541412
0.394699
0.232437

[29]
0.232849
0.156433
0.112122
-0.00132751
-0.165939
-0.304016
-0.422195
-0.526016
-0.764664
-0.836456
-0.925659
-1.20377
-2.12114
-1.5795
-1.20729
-0.886795
-0.21077
0.665451
0.386658
-0.531113
-0.41069
-0.216339
-0.0696564
0.0397949
0.0660553
-0.0715637
-0.0195923
0.127106
0.138763
0.0816956
0.0537109
0.0267639
0.128403
0.127548
0.124969
0.0693817
0.0693665
0.0665131
-0.0275421
0.0171661
0.0794373
0.0835419
0.108337
0.0722961
0.0927582
0.150269
0.0988159
0.117233
0.139282
0.184845

[30]
0.179276
0.219238
0.415512
1.04208
0.686386
0.81723
0.945023
0.738571
-0.0494843
-0.184204
0.406525
0.833603
0.609695
0.463928
0.361206
0.176575
0.242722
0.235565
0.126587
-0.0443878
-0.265518
-0.396667
-0.651321
-0.787781
-0.916656
-1.17891
-1.13831
-1.21913
-1.32347
-1.38409
-1.25378
-0.925552
0.830765
0.420135
-0.419556
-0.13739
0.0274048
-0.056488
-0.191666
-0.0499573
0.0348206
0.0591278
0.0782471
0.184357
0.167664
0.164185
0.113586
0.133331
0.19426
0.151962

[31]
0.0779724
0.00231934
0.0159607
0.0680542
0.0718842
0.0444031
0.0406799
0.107407
0.112457
0.107483
0.14595
0.212402
0.112488
0.1436
0.137161
0.174927
0.094635
0.395477
1.29092
0.701691
0.756912
0.633759
0.499451
0.085556
0.0924225
0.509781
0.725098
0.600388
0.50946
0.373749
0.285187
0.291122
0.269852
0.127136
-0.00845337
-0.158768
-0.383972
-0.440231
-0.680298
-0.80072
-0.906052
-0.925827
-1.00043
-1.04799
-1.19696
-1.24515
-0.940521
-0.425827
1.0152
0.0452881

[32]
-0.274902
-0.0708466
-0.029007
-0.0926971
-0.0358887
0.0899963
0.0954285
0.125443
0.13591
0.156448
0.147171
0.154495
0.0614166
0.0668335
0.112625
0.217255
0.116943
0.0670013
0.120285
0.132675
0.0791779
0.0894165
0.121857
0.144333
0.130692
0.12088
0.149368
0.193802
0.204178
0.161499
0.14537
0.16864
0.178513
0.44574
1.07922
0.875397
0.369781
0.965866
0.782349
0.387772
0.10405
0.345261
0.722092
0.619217
0.4664
0.372116
0.296448
0.198685
0.182526
0.0288391

[33]
0.033905
-0.181015
-0.4935
-0.687149
-0.665253
-0.822617
-1.16803
-1.0952
-1.1418
-1.3006
-1.43146
-1.06888
-0.641403
1.21878
-0.198242
-0.504974
0.0916443
0.0500946
-0.196091
0.0217896
0.138885
0.0441589
0.0988464
0.129272
0.131989
0.123947
0.0469208
0.0573425
0.0712891
0.111252
0.166672
0.0882874
0.0257416
0.0976562
0.114594
0.0765076
0.0891418
0.134369
0.165527
0.119202
0.140259
0.132477
0.127441
0.0845642
0.284851
0.374573
0.652451
1.07179
0.297089
1.18942

[34]
0.693253
0.231628
0.0965881
0.0266724
0.681854
0.77739
0.581146
0.400574
0.185822
0.257706
0.179276
0.0550995
-0.0709839
-0.149368
-0.263
-0.501465
-0.714386
-0.845871
-0.990509
-1.01492
-0.975113
-1.04588
-1.166
-0.944275
-1.17218
-0.487885
1.18375
-0.508865
-0.339493
0.188385
0.220413
-0.309113
-0.275574
0.0264435
0.231445
0.136063
0.144867
0.166611
0.203964
0.177505
0.0505829
0.22641
0.221558
0.161713
0.0716553
0.0628815
0.085434
0.130493
0.0962677
0.0995789

[35]
0.150742
0.184982
0.187653
0.144791
0.137375
0.183426
0.176498
0.246353
0.310425
0.241959
0.836777
0.967148
0.43364
1.16553
0.785583
0.342987
-0.0232697
-0.0106049
0.633606
0.801163
0.640625
0.413864
0.231735
0.226013
0.183762
0.0738983
-0.0183258
-0.199615
-0.350922
-0.595566
-0.840683
-0.960464
-0.915436
-0.949829
-1.11708
-1.42346
-1.44307
-0.718399
-0.92308
0.517441
0.223358
-0.23233
-0.101669
0.178375
0.0860901
-0.155319
-0.200211
-0.190964
0.0174866
0.0877991

[36]
0.152054
0.121628
0.0383148
0.0870972
0.0871429
0.0983124
0.116577
0.112
0.0696411
0.0757294
0.0588684
0.0292969
0.0800781
0.0880737
0.0874023
0.0740814
0.106796
0.153564
0.105484
0.0712433
0.105484
0.103073
0.257736
0.130127
0.604752
1.07816
0.563766
0.965591
0.691055
0.439713
0.00462341
0.0701447
0.682999
0.728394
0.53804
0.450317
0.342041
0.267715
0.182907
0.0943298
-0.0344391
-0.195877
-0.28273
-0.500259
-0.731934
-0.843948
-0.86058
-0.764618
-0.947067
-1.12468

