[0]
-0.364258
0.17276
0.183228
0.154922
0.172592
0.188461
0.23999
0.392075
0.364914
0.276245
0.243896
0.303268
0.331757
0.250092
0.162933
0.0688629
0.0288391
-0.0626221
-0.11972
-0.173096
-0.382492
-0.463791
-0.51326
-0.600693
-0.588867
-0.60495
-0.599457
-0.649704
-0.753738
-0.783905
-0.786224
-0.73703
-0.630692
-0.555191
-0.610901
-0.695786
-0.703125
-0.615829
-0.463715
-0.298615
-0.207581
-0.126572
-0.0706329
-0.0625305
-0.00201416
-0.0436096
-0.00997925
0.0977783
0.251236
0.457565

[1]
0.523697
0.374161
0.281326
0.26947
0.306824
0.309189
0.299728
0.30603
0.306702
0.352188
0.450806
0.488007
0.45256
0.386871
0.327087
0.308914
0.320618
0.186432
0.106094
0.0421143
0.0193634
-0.114182
-0.154449
-0.148788
-0.243073
-0.388977
-0.500763
-0.561661
-0.541016
-0.553665
-0.603394
-0.679398
-0.753067
-0.761688
-0.730774
-0.695511
-0.608063
-0.57048
-0.522079
-0.489365
-0.458466
-0.400024
-0.338776
-0.256683
-0.143982
-0.0348511
0.0659637
0.162689
0.170425
-0.00856018

[2]
-0.0338898
0.11412
0.430679
0.603271
0.429077
0.301132
0.29364
0.32869
0.354401
0.39743
0.423355
0.464447
0.470978
0.466858
0.486115
0.482635
0.451309
0.419922
0.394592
0.319946
0.216751
0.114685
0.0382385
-0.0130157
-0.0424957
-0.0699921
-0.128113
-0.220947
-0.352417
-0.391724
-0.404785
-0.436813
-0.499969
-0.556427
-0.609848
-0.596497
-0.638443
-0.735901
-0.78511
-0.697021
-0.595459
-0.52533
-0.510635
-0.48941
-0.445541
-0.382599
-0.284409
-0.226776
-0.128494
-0.0194092

[3]
0.0232849
0.0602417
0.000274658
0.0245209
0.163742
0.270065
0.451569
0.585815
0.516876
0.426086
0.40683
0.436981
0.475113
0.465179
0.450516
0.434113
0.442322
0.507431
0.513214
0.432388
0.377274
0.346466
0.29158
0.218903
0.12944
0.0701141
-0.00215149
-0.0695953
-0.15184
-0.203613
-0.146011
-0.239258
-0.38118
-0.511154
-0.481323
-0.432648
-0.449615
-0.542618
-0.611542
-0.636215
-0.658722
-0.624908
-0.562668
-0.470627
-0.433151
-0.461304
-0.468002
-0.45726
-0.406143
-0.345337

[4]
-0.271759
-0.20137
-0.137894
-0.0710754
-0.0124512
0.0300903
-0.015152
-0.0246582
0.027771
0.0797882
0.177582
0.411423
0.553146
0.44104
0.37645
0.423965
0.446213
0.419968
0.371536
0.354599
0.385422
0.407547
0.407608
0.378983
0.369568
0.33815
0.285141
0.275146
0.202484
0.150772
0.077652
0.0341339
0.00566101
-0.0706787
-0.0992584
-0.0471649
-0.108932
-0.257721
-0.379013
-0.390762
-0.426376
-0.437714
-0.496689
-0.573883
-0.579819
-0.562057
-0.521133
-0.493622
-0.464966
-0.431366

[5]
-0.420517
-0.42514
-0.405609
-0.373535
-0.331894
-0.236664
-0.169998
-0.102875
-0.0264282
0.0264435
0.023941
-0.0532684
-0.00170898
0.105392
0.0856323
0.174118
0.378311
0.486237
0.443695
0.395615
0.420334
0.424973
0.384552
0.359665
0.334518
0.338135
0.320847
0.343643
0.327591
0.37413
0.429794
0.375977
0.2798
0.22084
0.173889
0.114761
0.055191
-0.0187836
-0.0767975
-0.197876
-0.101562
-0.0322723
-0.142532
-0.351425
-0.531082
-0.473663
-0.428879
-0.470261
-0.502014
-0.538528

[6]
-0.498398
-0.454712
-0.455429
-0.434738
-0.408997
-0.415817
-0.416946
-0.446899
-0.427124
-0.380524
-0.294052
-0.214325
-0.196152
-0.129211
-0.0664215
-0.0237885
-0.0641327
-0.0317688
0.00708008
0.028244
0.0756226
0.234436
0.408127
0.474701
0.451187
0.453156
0.439163
0.400513
0.367188
0.376282
0.369156
0.41684
0.447189
0.465363
0.433365
0.392715
0.335815
0.275162
0.205917
0.145706
0.0766602
0.00283813
-0.059082
-0.090271
0.00268555
0.0198364
-0.0827026
-0.254837
-0.364914
-0.4552

[7]
-0.524246
-0.579865
-0.588486
-0.5466
-0.497589
-0.491241
-0.513321
-0.536789
-0.532059
-0.513016
-0.514648
-0.540283
-0.501053
-0.431534
-0.335312
-0.273056
-0.214828
-0.122162
-0.0481873
0.00404358
-0.0377197
-0.114685
-4.57764e-05
0.132324
0.248978
0.353683
0.505157
0.525528
0.408142
0.418961
0.409576
0.461182
0.440689
0.404724
0.363815
0.365875
0.406647
0.41127
0.42099
0.377167
0.332153
0.31105
0.304169
0.270615
0.184235
0.108871
0.0310516
-0.0625153
-0.149353
-0.118744

[8]
-0.142502
-0.258453
-0.416794
-0.485672
-0.47023
-0.439774
-0.470963
-0.503632
-0.541199
-0.581238
-0.548889
-0.524704
-0.483231
-0.444717
-0.423264
-0.392563
-0.359039
-0.344696
-0.287491
-0.263565
-0.23407
-0.19162
-0.159027
-0.136841
-0.185562
-0.108643
0.0475769
0.12941
0.20871
0.282303
0.350067
0.362961
0.280396
0.347122
0.415161
0.434235
0.373337
0.390656
0.400757
0.417465
0.405487
0.428864
0.429749
0.3862
0.384903
0.35614
0.325394
0.263565
0.198074
0.0912628

[9]
0.034668
-0.078598
-0.0139618
-0.0554962
-0.217316
-0.39537
-0.484268
-0.424408
-0.373947
-0.388214
-0.467575
-0.536606
-0.523346
-0.515411
-0.498688
-0.473648
-0.434891
-0.42215
-0.476135
-0.497955
-0.513947
-0.463623
-0.40657
-0.318832
-0.267654
-0.208817
-0.156433
-0.187836
-0.184448
-0.0890503
-0.00953674
0.0966797
0.198151
0.334457
0.436691
0.444611
0.51593
0.50441
0.475891
0.416534
0.428802
0.472824
0.51088
0.503662
0.496582
0.4646
0.386887
0.338074
0.288986
0.24472

[10]
0.171661
0.124237
0.0499115
-0.0249786
-0.0875244
-0.00282288
-0.0686646
-0.219513
-0.413864
-0.450745
-0.424301
-0.431427
-0.458008
-0.513824
-0.519333
-0.49762
-0.484222
-0.496246
-0.479202
-0.510422
-0.532928
-0.543121
-0.522385
-0.468781
-0.404327
-0.336105
-0.27803
-0.217941
-0.158005
-0.0927277
-0.0731354
-0.148788
-0.108459
0.0482941
0.13855
0.144012
0.255478
0.378021
0.424133
0.36235
0.399185
0.415894
0.431824
0.381027
0.369461
0.405304
0.469788
0.512589
0.52002
0.47081

[11]
0.41156
0.371399
0.303787
0.262009
0.205688
0.126709
0.059494
-0.0251617
-0.0434113
-0.0440521
-0.175827
-0.326736
-0.39035
-0.354858
-0.376556
-0.467789
-0.523376
-0.544357
-0.584702
-0.531479
-0.496704
-0.468353
-0.489059
-0.505905
-0.546631
-0.514587
-0.464279
-0.403091
-0.330887
-0.266098
-0.217102
-0.160324
-0.101395
-0.0552979
-0.111389
-0.20372
-0.113144
0.050827
0.167877
0.252258
0.363907
0.4702
0.468246
0.507538
0.516403
0.479797
0.464294
0.444458
0.448685
0.493149

