[1]
0.293686
0.422424
0.325424
0.232834
0.197601
0.176895
0.149673
0.10199
0.0308533
-0.00169373
-0.0812988
-0.226639
-0.444016
-0.517288
-0.588943
-0.66156
-0.714371
-0.674576
-0.853485
-0.843216
-0.759125
-0.381393
0.189957
0.868744
0.158875
-0.0731201
-0.580048
-0.212051
0.130157
0.0263977
-0.0611725
-0.00772095
0.0666809
0.00469971
0.0897827
0.0980988
0.0460358
0.0447235
0.0456543
0.0608978
0.0606232
0.0629883
0.0543976
0.0346375
0.0898895
0.100204
0.0951691
0.024765
0.0462036
0.0718079

[2]
0.13002
0.115829
0.0924683
0.0228577
0.00874329
0.0822906
0.239761
0.430786
0.302536
0.242859
-0.139847
-0.221802
-0.0247955
-0.20517
-0.0317535
0.345764
0.361801
0.238586
0.0879669
0.108047
0.132492
0.118805
0.0615234
-0.0666809
-0.167114
-0.268188
-0.435837
-0.573853
-0.719818
-0.880722
-0.989456
-1.00548
-0.959488
-0.835678
-0.0937958
0.989395
0.21315
-0.153076
-0.161896
-0.466751
-0.307968
0.0633698
0.00195312
-0.0071106
0.0335999
0.0388641
-0.0255737
-0.0615845
0.0942993
0.0903931

[3]
0.00868225
-0.020401
0.0209198
0.0284119
0.0287628
0.0436249
0.0362091
0.0454254
0.0348358
0.0441132
0.0681915
0.0775146
0.112518
0.0490265
0.044342
0.0495148
0.0695801
0.132385
0.260666
0.435974
0.407837
0.0984344
-0.15567
-0.0921021
-0.272247
0.0324249
0.275513
0.426834
0.328323
0.201202
0.146347
0.16803
0.16217
0.089325
0.00158691
-0.0497894
-0.114868
-0.242828
-0.669281
-0.881195
-0.976395
-1.23088
-1.38698
-1.13719
-1.10979
-0.571045
-0.0114441
1.08119
0.393814
-0.437317

[4]
-0.220352
-0.782883
-0.28183
0.0692139
-0.0277557
-0.0403748
-0.122406
-0.064209
-0.118195
-0.0125732
0.114578
0.0385437
-0.0511627
-0.0556946
0.00346375
0.0223236
0.00187683
-0.00205994
-0.0214844
0.000717163
0.0102844
0.0214996
0.0927887
0.0769501
0.0600433
0.0422058
0.0647278
0.0700378
0.117279
0.153748
0.244522
0.30867
0.403076
-0.0583649
-0.16655
-0.0601196
0.0379486
0.234192
0.461823
0.378967
0.207306
0.131012
0.163605
0.152786
0.0851746
0.00714111
-0.0647888
-0.137146
-0.243057
-0.562744

[5]
-0.841217
-0.972122
-1.1958
-1.2782
-1.03833
-1.03947
-1.08929
0.502731
0.324829
-0.469833
-0.0724792
-0.508835
-0.304779
-0.0739594
-0.0640106
-0.102844
-0.0660095
-0.0442963
-0.116669
-0.0874634
0.0187836
-0.0160217
-0.0484619
-0.0631561
-0.0337219
-0.0482788
-0.0350647
-0.0239716
-0.0228577
-0.00923157
-0.00512695
0.0157471
0.0681458
0.0694733
0.0725403
0.0234528
-0.0038147
-0.00157166
0.0330048
0.145111
0.358292
0.475693
0.389618
-0.134918
-0.260712
-0.0718842
-0.370819
0.145538
0.323822
0.312561

[6]
0.216873
0.119537
0.11618
0.063858
-0.0352631
-0.126862
-0.216461
-0.260956
-0.385788
-0.573975
-0.794022
-1.00664
-1.19499
-1.28714
-0.982803
-0.87793
-0.783905
-0.3116
0.974823
0.632187
-0.385818
-0.242294
-0.709061
-0.223694
0.0556793
-0.15036
-0.101349
-0.0612335
-0.0549774
-0.0632935
-0.082077
-0.0148315
0.0548248
0.00883484
-0.0555115
-0.0725555
-0.00642395
0.0307465
0.0115967
-0.0365906
-0.0364227
-0.0214386
0.0195312
0.023056
0.0770416
0.0526886
0.0424042
-0.0231628
-0.0833282
-0.0408325

[7]
0.106613
0.324783
0.503235
0.1772
-0.200287
-0.100555
-0.0385284
-0.0788879
0.107071
0.409698
0.310226
0.223083
0.178696
0.153305
0.0947571
0.0243073
-0.0560455
-0.0866241
-0.162567
-0.247818
-0.42688
-0.660782
-0.839142
-0.982147
-0.999786
-0.953369
-0.919128
-0.645309
-0.250443
1.048
0.0753479
-0.4366
-0.306915
-0.254761
-0.0401459
0.0169983
-0.0923309
-0.0766449
0.0183716
-0.0905762
-0.0713959
0.0599365
0.0698395
-0.0102844
-0.0364685
-0.0038147
-0.000259399
-0.00386047
-0.0134735
-0.00280762

[8]
-0.0139465
0.000930786
0.00843811
0.0608063
0.102341
0.0664978
0.0661011
0.0858307
0.0735016
0.0183868
0.0412903
0.189011
0.356094
0.438553
0.29689
-0.120209
-0.10498
-0.0495453
-0.0243073
0.0228424
0.381485
0.371597
0.26973
0.178711
0.161987
0.150391
0.13501
0.0845947
0.0225372
-0.101715
-0.272888
-0.583099
-0.922058
-1.27422
-1.50375
-1.29651
-0.987305
-1.11157
-0.8228
1.15623
0.0338593
-0.544449
-0.480652
-0.385834
-0.0478821
-0.00978088
-0.0968475
-0.0410461
-0.0140533
-0.0810394

[9]
-0.145279
-0.0166016
0.0969238
0.0107727
-0.0832825
-0.0599823
-0.0179291
-0.00645447
-0.0150452
-0.0111542
-0.0214233
0.00515747
-0.0169525
-0.00602722
0.0539246
0.0603638
0.030304
0.0481873
0.059906
-0.00379944
0.0185242
0.135025
0.364624
0.484985
0.348785
-0.00915527
-0.12529
-0.00238037
-0.397141
-0.109772
0.254166
0.391525
0.289627
0.152191
0.0967255
0.102493
0.0904388
0.0247498
-0.0805054
-0.136627
-0.179367
-0.328735
-0.603607
-0.834763
-0.968307
-1.06779
-1.00464
-0.86937
-0.882553
-0.994476

[10]
0.760941
0.300781
-0.256607
-0.267288
-0.683395
-0.310547
-0.0473022
-0.0900726
-0.0694275
-0.063797
-0.0636597
-0.11998
-0.0935974
0.0439911
0.0210571
-0.0398712
-0.0660706
-0.048584
-0.0396271
-0.00390625
-0.0248566
-0.0269928
-0.00413513
0.00819397
0.00328064
0.0237732
0.053299
0.0623932
0.0276947
0.00387573
0.0105591
0.0172882
0.0790863
0.25499
0.562347
0.454727
0.0983276
-0.256943
-0.0364227
-0.204102
0.00479126
0.214478
0.451981
0.334045
0.172501
0.148056
0.115311
0.0815582
-0.0324707
-0.18425

[11]
-0.25563
-0.284195
-0.56514
-0.850708
-1.00011
-1.12604
-1.11931
-0.831345
-0.812408
-0.803925
-0.532486
-0.498383
1.0186
0.252457
-0.491409
-0.0865173
-0.661102
-0.0521393
0.0192413
-0.165863
-0.0868378
-0.0460968
-0.00747681
-0.0490417
0.0168915
0.0645294
0.0207062
-0.030365
-0.0129242
0.0205536
0.0101013
0.00801086
-0.00723267
-0.0153961
0.0071106
0.0241852
0.082962
0.103058
0.0634308
0.0294037
0.0282135
0.0979462
0.140076
0.204575
0.340942
0.437332
0.304443
-0.179169
-0.19574
-0.19278

[12]
-0.0257721
0.239288
0.453461
0.244995
0.225266
0.196991
0.154755
0.0694275
-0.0269165
-0.0833893
-0.0785675
-0.16597
-0.292404
-0.575424
-1.01318
-1.19814
-1.32884
-1.23738
-1.12474
-0.965652
-0.593582
0.333069
0.851425
-0.127472
-0.397552
-0.282104
-0.470871
-0.188095
-0.025528
-0.0848846
-0.045929
-0.00492859
-0.0213623
-0.0847473
-0.0291138
0.0379028
0.0300903
-0.0305481
-0.00273132
0.00491333
0.0417023
0.0115204
-0.00297546
-0.00997925
0.00990295
0.00491333
0.0544434
0.0815277
0.0756683
0.0835876

[13]
0.107605
0.0326538
-0.0175323
0.0739441
0.278259
0.425232
0.371231
-0.119781
-0.259262
-0.10907
-0.150116
0.0607147
0.451157
0.401886
0.224518
0.118835
0.106461
0.105804
0.0810852
-0.0170746
-0.103577
-0.171463
-0.270523
-0.522964
-0.605713
-0.830231
-1.18353
-1.20474
-0.932404
-0.854767
-0.974472
0.379944
0.462036
-0.163773
-0.160248
-0.53923
-0.273895
-0.0467987
-0.0569153
-0.093338
-0.03862
0.00209045
-0.0402832
-0.0523376
0.0321198
-0.0128937
-0.0441132
0.00701904
-0.00157166
0.0174866

[14]
0.00445557
0.00309753
-0.0212097
-0.00579834
0.0273132
0.0340424
0.0524902
0.0699005
0.133606
0.100739
0.0586853
-0.0157013
0.0574341
0.187241
0.421646
0.272476
-0.0953674
-0.168167
0.0425415
-0.159195
0.157089
0.461594
0.393005
0.308121
0.217239
0.241974
0.179367
0.0891266
0.0372772
0.026123
-0.0523071
-0.18042
-0.348846
-0.591049
-0.750732
-0.95929
-0.901306
-0.746124
-0.817108
-0.684235
-0.285919
0.914246
0.731598
-0.195816
-0.282257
-0.618286
-0.260895
-0.0370789
-0.079895
-0.0736237

[15]
-0.0921173
-0.0199127
-0.0456238
-0.0677185
-0.0383911
0.0395203
0.0215149
0.00396729
-0.0535278
-0.0201874
0.048172
0.0247345
-0.034317
-0.0454102
-0.0146027
-0.010437
0.0436859
0.0286865
0.0762482
0.0486755
0.0572815
-0.00704956
-0.0886841
0.0811462
0.361618
0.540588
0.0697174
-0.35434
-0.0737457
-0.159012
-0.0251617
0.207169
0.326355
0.27095
0.218079
0.244125
0.178177
0.0969849
0.0319214
0.0301361
0.00134277
-0.119858
-0.162079
-0.581635
-0.849228
-1.0768
-1.11667
-0.874527
-0.705963
-0.814667

[16]
-0.825974
0.953278
0.343353
-0.422379
-0.121109
-0.620529
-0.362091
-0.0425262
-0.0818024
-0.0853271
-0.0959015
-0.0319977
-0.116531
-0.171219
-0.0616913
0.0385742
-0.0067749
-0.0890961
-0.101776
-0.0223389
-0.00376892
-0.0340424
-0.0670319
-0.0636444
-0.0314636
0.00619507
0.0448456
0.0256042
0.0644989
0.0898285
0.0062561
-0.0667877
-0.0672607
0.0584106
0.346298
0.427353
0.182358
-0.219513
-0.221695
-0.26561
0.0236969
0.372925
0.335281
0.251831
0.227097
0.222687
0.134033
0.0188751
-0.0874939
-0.105301

[17]
-0.0383301
-0.150391
-0.417892
-0.678253
-0.724197
-0.797821
-0.847809
-0.792572
-0.773895
-0.83931
-0.809311
-0.866226
0.79071
0.24231
-0.238373
-0.159073
-0.640045
-0.284485
-0.0342255
-0.145569
-0.0936127
-0.0842896
-0.0518799
-0.0892639
-0.071106
0.0231781
0.0232544
-0.0252991
-0.0464172
-0.0150604
-0.019516
-0.00558472
-0.0106049
-0.0328522
-0.0246124
-0.0261841
0.0230255
0.0300751
0.0737457
0.0350952
0.0372009
0.0299988
0.0235596
0.000640869
0.106796
0.372955
0.512222
0.419037
-0.0254822
-0.327057

[18]
-0.140366
-0.185028
0.176651
0.410172
0.405426
0.223938
0.128906
0.118652
0.116364
0.0333862
-0.0399628
-0.109283
-0.161331
-0.220657
-0.51709
-0.668365
-0.768372
-0.949081
-0.999908
-0.794647
-0.819214
-1.01155
-1.04996
0.843765
0.120285
-0.56514
-0.335876
-0.250107
-0.1922
-0.0996552
-0.0979309
-0.0877533
-0.037796
-0.00494385
-0.0228119
-0.061264
0.00254822
0.0427094
0.0093689
-0.033371
-0.0653992
-0.0243225
0.021759
-0.0129395
-0.0235291
-0.000564575
0.0155334
0.0042572
0.0284882
0.0294495

[19]
0.0805969
0.0509033
0.0266876
0.0567474
0.0820923
0.267227
0.596619
0.503189
-0.0493927
-0.413101
-0.0753479
-0.129684
0.196762
0.446564
0.324142
0.288025
0.252808
0.215347
0.0614624
-0.0492706
-0.0764008
0.00517273
0.0580444
-0.168945
-0.543457
-0.582962
-0.739151
-0.776062
-0.658752
-0.749893
-1.03313
-1.06061
-0.153061
0.847
-0.147537
-0.509583
-0.147369
-0.143845
-0.0812225
-0.0740814
-0.0618439
-0.0422668
-0.0307007
-0.105011
-0.0558929
0.0444183
0.0211792
-0.0495758
-0.0498657
-0.0150604

[20]
-0.00434875
-0.00830078
0.00531006
0.0042572
0.013916
0.0167389
0.0745697
0.0839844
0.0622711
0.0513611
0.0795288
0.102982
0.0689697
0.0165863
0.0883484
0.255432
0.306747
0.327362
-0.104858
-0.292801
-0.289215
0.0135345
0.414078
0.570908
0.362534
0.285172
0.211929
0.152756
0.126633
0.0139618
-0.11171
-0.16008
-0.262863
-0.568695
-0.696838
-0.841476
-1.03075
-0.970703
-0.652023
-0.846252
-1.05298
-0.76152
-0.274872
0.90538
0.193283
-0.483841
0.0778198
-0.537704
-0.0528107
-0.0227509

[21]
-0.118607
-0.148727
-0.0141907
-0.0673523
0.0165253
0.0714874
0.00114441
-0.03302
-0.0115662
0.0130157
-0.00457764
0.0111389
0.016983
0.0130615
0.0109406
0.0577698
0.05336
0.0482788
0.0272064
0.0551605
0.0876312
0.0397491
0.0200195
-0.0107269
0.0316467
0.181076
0.44249
0.419785
-0.0731506
-0.219864
0.0158539
-0.158417
0.114456
0.462128
0.414047
0.273743
0.199463
0.18808
0.107986
0.0157623
-0.0551758
-0.107269
-0.119492
-0.244766
-0.614761
-0.741974
-0.923904
-1.21387
-1.18394
-0.804596

[22]
-0.904037
-0.902466
-0.780991
0.583527
0.500244
-0.233261
-0.16922
-0.366455
-0.533447
-0.199326
-0.201172
-0.115906
-0.0346985
-0.0572205
-0.142838
-0.12706
-0.0563049
-0.0263672
-0.0221863
-0.0685883
-0.0688629
-0.0459747
-0.0385132
-0.0222473
-0.016922
-0.0518646
-0.0323486
-0.0287323
0.000320435
0.00756836
0.037384
0.0544434
0.0199127
-0.0170135
-0.0385132
0.00506592
0.175034
0.425415
0.28421
-0.0843964
-0.18837
0.0167236
0.045517
0.379333
0.554245
0.364044
0.260834
0.185852
0.123749
0.0679779

[23]
-0.0184174
-0.117371
-0.215347
-0.386627
-0.568848
-0.730972
-0.843857
-0.839691
-0.786713
-0.754318
-0.657333
-0.675583
-0.63562
-0.549576
-0.25769
0.981735
0.263336
-0.277649
-0.224976
-0.582687
-0.176926
0.103104
-0.0406799
0.012558
-0.0161743
-0.0237427
-0.101807
0.0331573
0.0884399
0.0365601
-0.0223236
0.0183868
0.0490723
0.0582733
0.0521393
-0.00579834
0.00172424
0.0367889
0.0415192
0.0670319
0.0913849
0.0796967
0.144669
0.0861664
0.0431519
-0.0244446
0.0430298
0.24646
0.390274
0.490723

[24]
0.332855
-0.136963
-0.161194
-0.105682
-0.112457
0.102859
0.402481
0.32692
0.148773
0.100769
0.17305
0.13707
0.0444031
0.00804138
-0.0673065
-0.170181
-0.313736
-0.579498
-0.767593
-0.912094
-1.06625
-0.953583
-0.654053
-0.769089
-0.980972
-0.292877
1.07677
-0.320969
-0.180374
-0.357407
-0.192001
-0.103668
-0.0710297
-0.127197
-0.0526733
0.000915527
-0.0565643
-0.04039
0.0206146
0.024704
-0.0343475
-0.0363159
-0.0164032
-0.00202942
0.00387573
0.0189056
0.00479126
-0.0164795
0.0119934
0.0212555

[25]
0.0516357
0.0455475
0.0453186
0.0420532
0.00502014
0.0307007
0.0100555
-0.004776
0.132507
0.366531
0.495605
0.326691
-0.24231
-0.27594
-0.0533295
-0.151001
0.00361633
0.403244
0.389694
0.258362
0.1875
0.129028
0.0457611
-0.0415344
-0.0925293
-0.11496
-0.187576
-0.29451
-0.503632
-0.777161
-0.841827
-0.832321
-1.00983
-1.06264
-0.999191
-0.66864
-0.483261
0.675339
0.60994
-0.454346
-0.149673
-0.533615
-0.23819
-0.00509644
-0.0750885
-0.0893555
-0.0896301
-0.00535583
-0.0648956
-0.038681

[26]
0.0117188
-0.00294495
-0.0263672
-0.0454407
-0.00245667
-0.0166473
-0.00300598
0.000747681
-0.0178986
-0.00363159
0.00611877
0.0113068
0.032547
0.0985413
0.0798645
0.0595093
0.0256958
0.00254822
0.0657501
0.0936584
0.380646
0.529694
0.380325
-0.253998
-0.187408
0.00233459
-0.117889
0.0234222
0.390335
0.406082
0.221191
0.0802155
0.0572968
0.0760803
0.0652466
-0.0414734
-0.193069
-0.275253
-0.303925
-0.407745
-0.521103
-0.422897
-0.385849
-0.49707
-0.542877
-0.730728
-0.775452
-0.95871
0.801941
0.282364

[27]
-0.12944
0.0328369
-0.443283
-0.295486
-0.0386963
-0.0507355
-0.0747528
0.0035553
0.0705872
0.072464
0.0109711
0.0261536
0.0713654
0.0407562
0.0406342
0.0335999
0.0189209
0.0184784
0.0297394
0.0387726
0.0362701
0.0347137
0.0617981
0.0697327
0.118378
0.110931
0.07164
0.0516968
0.0289612
0.000946045
0.215302
0.368729
0.559662
-0.037323
-0.319412
-0.0708313
-0.157242
0.144165
0.44635
0.395737
0.222336
0.214844
0.216492
0.160385
0.0924683
0.0764313
-0.0137634
-0.102631
-0.248032
-0.453293

[28]
-0.703308
-0.742355
-0.659027
-0.423355
-0.468872
-0.585815
-0.63884
-0.622589
-0.652176
1.09894
0.290436
-0.296173
0.105194
-0.251602
-0.151459
-0.0136261
-0.0233154
0.0101013
0.0830078
0.0434113
0.0307465
0.0717468
0.0829315
0.0258484
0.049118
0.0551147
0.0551147
0.0760803
0.0522308
0.0516052
0.0597382
0.0781097
0.0748291
0.115173
0.117645
0.110336
0.0689697
0.0488129
0.04245
0.0364532
0.0811157
0.244705
0.565094
0.643906
0.178131
-0.26149
-0.15036
0.029541
0.166946
0.557541

[29]
0.502518
0.275772
0.177505
0.173706
0.128891
0.0197906
-0.0872345
-0.203003
-0.313034
-0.380646
-0.594284
-0.70694
-0.89856
-1.0959
-1.0282
-0.872864
-0.867615
-0.850937
-0.847916
0.674789
0.0661926
-0.362976
-0.101212
-0.489151
-0.217361
-0.0732117
0.0109558
-0.0585175
-0.037384
0.0431213
-0.0547333
-0.0860748
-0.000686646
0.0755768
0.053299
-0.0358124
-0.048996
0.00109863
0.0167847
0.00708008
0.00457764
-0.0119019
-0.0151825
0.0192719
0.0747681
0.0822754
0.0956573
0.0653839
0.0894928
0.00430298

[30]
-0.0357819
-0.0241852
0.193771
0.363251
0.420135
0.0696564
-0.101883
0.0318756
-0.0789337
-0.0237885
0.299927
0.437576
0.341614
0.215408
0.183716
0.162918
0.13765
0.0511169
-0.0280304
-0.0921326
-0.157272
-0.324234
-0.632782
-0.820236
-1.03473
-1.15933
-0.932602
-0.84436
-0.826569
-0.755295
1.04482
0.252686
-0.54715
-0.189667
-0.475647
-0.165588
-0.0399933
-0.118057
-0.0528412
-0.0188446
-0.0449371
-0.133743
-0.026886
0.0665588
0.00976562
-0.0738525
-0.0594788
-0.011795
-0.00340271
-0.020752

[31]
-0.0378723
-0.0429993
-0.0323944
-0.0261536
0.0131836
0.099884
0.137878
0.107895
0.0594788
0.00241089
-0.049469
0.00450134
0.223602
0.490723
0.495255
-0.130219
-0.29364
-0.0820618
-0.189163
0.0548096
0.428741
0.360718
0.215454
0.228104
0.185577
0.129974
0.101425
0.0615234
0.0042572
-0.0477448
-0.275955
-0.547806
-0.652359
-0.784485
-0.977371
-0.889252
-0.611038
-0.823715
-0.812134
-0.00299072
0.869736
-0.146057
-0.59137
-0.136017
-0.200378
-0.13089
-0.0424652
-0.043457
-0.0321198
-0.00794983

