[1]
-0.763184
-1.06084
-0.282074
-0.522919
0.0787048
-0.0778351
-0.00549316
-0.103317
-0.0329742
-0.0504303
-0.00737
0.0154572
0.0205536
0.00498962
-0.0174561
-0.0147858
-0.0309906
-0.0321655
-0.0366058
-0.0601044
-0.0802917
-0.105133
-0.212296
-0.323135
-0.434998
-0.51062
-0.528595
-0.725388
-1.07251
-1.08847
-1.10507
-1.00186
-0.985687
0.00294495
0.656631
0.186493
0.291641
0.879517
0.758987
0.712296
0.718628
0.624939
0.521713
0.423691
0.36525
0.162109
-0.20462
-0.706161
-1.13287
-1.19386

[2]
-1.24634
-1.27205
-1.0929
-0.85849
0.0397797
-0.408493
-1.20662
-0.697052
-0.144806
-0.469543
-0.0284882
-0.00727844
-0.0480347
-0.0824585
-0.0828247
0.0040741
0.0457458
0.0464935
0.0278015
-0.0271606
-0.0165253
0.0217133
-0.0452118
-0.0679321
-0.145142
-0.178009
-0.171814
-0.306046
-0.416229
-0.537582
-0.630249
-0.766113
-1.0639
-1.07976
-1.09688
-1.12334
-0.897858
0.637985
-0.0514984
-0.0797272
0.847549
0.749374
0.735809
0.769012
0.708847
0.638504
0.551849
0.418182
0.236603
-0.131607

[3]
-0.616226
-1.10075
-1.1601
-1.21584
-1.25581
-1.11084
-1.24643
-0.0604553
-0.441528
-0.978455
-1.12556
-0.267548
-0.125656
-0.291595
-0.0268402
0.145401
0.0299072
-0.0926819
-0.0367126
0.0377808
0.0108643
-0.0126038
-0.0163269
-0.0127716
-0.0791473
-0.10643
-0.0970764
-0.178864
-0.219574
-0.22319
-0.388748
-0.466751
-0.581146
-0.718933
-1.06998
-1.08855
-1.10728
-1.1339
-1.0199
0.522552
0.11055
0.0942993
0.915115
0.653854
0.678741
0.725616
0.665222
0.576645
0.50856
0.360535

[4]
0.0812378
-0.253067
-0.700958
-1.10191
-1.1609
-1.21252
-1.23221
-1.03775
-1.12897
0.433502
-0.577805
-1.16502
-0.997208
-0.030426
-0.555161
-0.0813599
-0.0183716
0.0419006
-0.155136
0.0295715
0.0623322
0.0894165
0.00363159
-0.0186462
-0.0606842
-0.0722046
-0.0877838
-0.0585022
-0.100815
-0.187637
-0.174103
-0.27536
-0.444305
-0.50264
-0.564163
-0.732285
-1.06718
-1.08394
-1.10362
-1.1306
-0.630081
0.367279
-0.258362
0.721817
0.795486
0.737671
0.763062
0.721619
0.560913
0.455429

[5]
0.196075
-0.111374
-0.461761
-0.814102
-1.11005
-1.16383
-1.20927
-1.03023
-1.00333
-0.790237
-0.768692
-0.809174
-1.06267
-1.11751
0.0139008
-0.467194
0.128189
-0.0085144
0.0553436
-0.186295
-0.0842743
-0.000701904
0.0574341
0.0261841
0.0271606
-0.0427551
-0.0713196
-0.0791016
-0.0995483
-0.138397
-0.205963
-0.209427
-0.332657
-0.473419
-0.535767
-0.591644
-0.790222
-1.07332
-1.09221
-1.117
-1.12854
-0.0457458
-0.131683
-0.406601
0.952606
0.702255
0.739548
0.718399
0.53981
0.424698

[6]
0.255859
0.0321808
-0.300385
-0.667923
-1.08792
-1.15729
-1.21875
-1.26993
-1.14235
-0.933167
-0.799042
-0.634583
-0.0641022
-0.735397
-1.1765
-0.77829
0.0751495
-0.452271
-0.0837097
-0.00941467
-0.031189
-0.126556
0.0215302
0.042572
0.0492554
-0.00341797
-0.0356903
-0.0965271
-0.042923
-0.0665741
-0.0833588
-0.154068
-0.205887
-0.216446
-0.302414
-0.395477
-0.451462
-0.490601
-0.676254
-1.06169
-1.07826
-1.09769
-1.12428
-0.613754
0.505661
-0.224411
0.548798
0.741272
0.714859
0.727829

[7]
0.720642
0.625488
0.50737
0.409637
0.250153
-0.0592346
-0.62999
-1.1017
-1.15701
-1.20561
-1.02386
-0.935303
-0.8508
-0.881241
-0.0934143
-0.726166
-1.16974
-0.656036
-0.0891113
-0.418823
-0.0607452
-0.0368805
0.0605774
-0.146133
-0.0642242
0.0456238
0.0307617
-0.00401306
-0.00796509
-0.0721588
-0.0673676
-0.0388184
-0.0723877
-0.120621
-0.154922
-0.219315
-0.305008
-0.462997
-0.512527
-0.619476
-0.694702
-1.069
-1.08585
-1.10555
-1.13411
-0.937576
0.628815
0.0769348
0.523148
0.761978

[8]
0.684814
0.739273
0.703323
0.581055
0.502686
0.285492
0.0675507
-0.334671
-0.713287
-1.10995
-1.1714
-1.2269
-1.14963
-1.19141
-0.712601
-1.15683
0.490326
-0.570175
-1.1797
-1.149
0.145126
-0.821259
-0.182526
0.162628
0.0194244
-0.159286
0.00294495
0.0488739
0.1353
0.022934
0.00375366
-0.0787354
-0.0999451
-0.0716705
-0.0894623
-0.173126
-0.247696
-0.309631
-0.417999
-0.508179
-0.557159
-0.705505
-1.06508
-1.08148
-1.10027
-1.12721
-0.620102
0.6418
0.0456848
0.767136

[9]
0.70752
0.657501
0.680527
0.577118
0.467148
0.396301
0.203079
-0.0334778
-0.456894
-0.803391
-1.13808
-1.20241
-1.25548
-1.11273
-1.02998
-1.20457
-0.455246
-0.452164
-1.11522
-1.17271
-0.31842
-0.330032
-0.0990601
-0.0336151
0.0215912
-0.148376
-0.0211334
0.080658
0.10611
0.0192413
-0.0185242
-0.102371
-0.0855255
-0.104095
-0.0802155
-0.176758
-0.253906
-0.285843
-0.451126
-0.479034
-0.474884
-0.708817
-1.04715
-1.06514
-1.0835
-1.11011
-0.637436
0.394714
-0.0512695
0.730377

[10]
0.781219
0.736633
0.76506
0.663956
0.648148
0.524658
0.395905
0.224167
-0.253052
-0.538544
-1.09184
-1.18623
-1.24919
-1.25798
-1.32306
-0.965271
-0.844162
-1.17177
-1.19516
-0.579987
0.118988
-0.19693
-0.263474
-0.0984802
-0.13559
-0.0143127
0.0511017
0.00331116
0.0539856
0.0388031
-0.0204773
-0.0085907
-0.0617828
-0.137878
-0.14241
-0.144501
-0.228836
-0.26442
-0.404572
-0.483719
-0.529861
-0.613586
-0.906189
-1.05988
-1.07643
-1.10092
-0.842453
0.305847
0.157043
-0.176224

[11]
0.908752
0.685059
0.73674
0.78067
0.649857
0.589432
0.460815
0.30072
0.0450134
-0.310974
-0.75267
-1.14761
-1.21532
-1.27492
-1.10747
-1.16541
-0.956726
-0.906158
-1.2054
-1.18716
-0.229553
-0.191116
-0.144653
-0.308594
0.0598602
-0.12027
0.0764465
0.000717163
0.0211029
0.0512848
0.0271301
0.00564575
-0.0414429
0.00230408
0.00242615
-0.0106354
-0.147598
-0.255096
-0.261505
-0.423264
-0.461502
-0.52002
-0.644409
-0.972641
-1.07158
-1.08745
-1.10988
-1.10811
-0.0373383
0.0424957

[12]
-0.426666
0.833435
0.69577
0.706345
0.717072
0.680222
0.549423
0.483261
0.311829
0.1147
-0.22963
-0.738007
-1.12996
-1.1978
-1.26067
-1.2292
-1.04424
-0.801208
-0.881378
-0.575562
-0.718048
-1.15118
-0.406723
0.326462
-0.132324
-0.124054
-0.0483093
-0.0777283
-0.0845947
-0.00559998
-0.00253296
0.047699
-0.0309143
-0.0190735
-0.0163727
-0.0458374
-0.0437164
-0.123383
-0.212845
-0.273788
-0.45195
-0.505585
-0.626175
-0.749939
-1.04759
-1.06252
-1.07841
-1.10481
-0.786255
0.747192

[13]
0.657776
0.186005
0.830536
0.638245
0.674759
0.653091
0.510132
0.447052
0.243057
-0.00787354
-0.406082
-0.876221
-1.14565
-1.21513
-1.27917
-1.21811
-0.943115
-0.981491
-0.935089
-0.359955
-0.849777
-1.17111
-0.46814
-0.519928
0.0158691
-0.284592
-0.035141
-0.140533
0.00793457
0.0111847
-0.0157318
0.0260468
0.00088501
0.0540314
-0.00520325
0.0201569
-0.0667114
-0.056015
-0.124359
-0.257568
-0.349045
-0.451233
-0.566666
-0.646729
-0.755524
-1.05424
-1.07024
-1.08835
-1.11516
-0.669235

[14]
0.418655
0.104065
0.237473
0.794678
0.638123
0.651443
0.699387
0.604599
0.560257
0.36998
0.136948
-0.206802
-0.633911
-1.1192
-1.18079
-1.24336
-1.27109
-1.00998
-0.910614
-0.820099
-0.757523
-0.296143
-0.44838
-1.15518
-0.554077
-0.354706
0.00550842
-0.393387
0.0695648
-0.132935
-0.0554199
0.0147705
0.0305023
0.0948792
0.0280914
-0.0104065
-0.0419464
-0.0596924
-0.109787
-0.108093
-0.156235
-0.265289
-0.43515
-0.508377
-0.594421
-0.685272
-0.989548
-1.07068
-1.08661
-1.11055

[15]
-1.08078
0.357834
0.227478
-0.410095
0.987686
0.626617
0.680298
0.672089
0.601303
0.514679
0.356888
0.192047
-0.16774
-0.526001
-0.979294
-1.19012
-1.25681
-1.30765
-1.09688
-1.02719
-0.70842
-0.502808
-0.574005
-0.801819
-1.13666
-0.879379
0.264496
0.0720673
-0.125092
-0.13736
-0.0272369
0.00213623
-0.0289764
0.0206451
0.0228424
0.0197144
-0.00221252
-0.0393066
-0.0710449
-0.0363464
-0.0951385
-0.207413
-0.227097
-0.398254
-0.501007
-0.593994
-0.716904
-1.05322
-1.06871
-1.08713

[16]
-1.11305
-0.58371
0.506363
0.440002
0.299149
0.789368
0.545731
0.568222
0.53418
0.451797
0.396408
0.328903
0.128967
-0.197556
-0.582718
-1.06857
-1.19496
-1.26193
-1.13773
-0.952866
-1.31487
-0.762207
-0.780457
-0.689255
-1.14464
0.0493011
-0.167496
-0.19455
-0.311447
0.00311279
-0.0762482
-0.0341644
-0.0515594
-0.00540161
0.0417938
0.0880127
0.0129852
-0.0222473
-0.040329
0.00358582
-0.0578461
-0.208023
-0.317551
-0.337982
-0.511551
-0.549316
-0.726105
-0.891144
-1.06825
-1.08812

[17]
-1.11237
-1.14224
-0.237854
0.0904846
-0.405991
0.79364
0.695587
0.750122
0.727753
0.708328
0.61203
0.529678
0.314774
0.0682526
-0.326111
-0.750015
-1.14247
-1.20911
-1.26509
-1.02141
-0.975098
-0.817123
-0.851974
-0.535614
-0.880997
-1.14676
-0.0511017
-0.288712
0.0311737
-0.298325
-0.0250397
-0.0255585
-0.0460052
0.00395203
0.0128479
-0.0093689
0.00624084
0.0117798
-0.00471497
-0.0488586
-0.0998688
-0.129318
-0.14006
-0.265945
-0.425385
-0.478134
-0.603424
-0.764572
-1.05595
-1.07117

[18]
-1.08817
-1.1125
-0.839493
0.360046
0.476852
-0.331268
0.93634
0.597046
0.696274
0.727768
0.651505
0.526688
0.416046
0.190735
-0.115295
-0.617157
-1.00974
-1.18095
-1.24907
-1.30391
-1.02031
-0.95488
-1.29799
-0.503937
-0.911087
-0.758881
-0.914871
-0.177795
-0.0447235
-0.0386658
-0.1474
-0.121017
-0.000930786
-0.0135651
-0.0123596
0.0244904
0.0644226
-0.00517273
-0.0661926
-0.0735016
-0.0531769
-0.0354156
-0.107224
-0.162445
-0.260681
-0.475815
-0.529663
-0.600281
-0.820572
-1.05542

[19]
-1.07022
-1.08981
-1.11916
-0.423599
0.622772
0.339081
0.48558
0.855896
0.693558
0.676819
0.644455
0.505554
0.416504
0.210403
-0.020401
-0.439896
-0.965881
-1.15674
-1.2285
-1.29158
-1.12849
-1.02991
-0.999268
-0.808258
-1.19537
-1.17642
-0.103546
-0.430099
-0.173691
-0.175385
-0.0402069
-0.0797119
0.0188599
0.0353546
-0.0275269
0.00996399
0.0517426
0.0238953
-0.0343781
-0.0352173
-0.0753326
-0.118469
-0.180405
-0.209808
-0.344284
-0.504211
-0.595367
-0.674362
-0.811737
-1.05963

[20]
-1.07599
-1.09767
-1.00421
-0.0603638
0.301971
-0.452927
0.890167
0.640747
0.701263
0.66246
0.633591
0.526779
0.427032
0.269333
-0.0117035
-0.419678
-1.02278
-1.15376
-1.22107
-1.27686
-0.884247
-1.22542
-0.893326
-0.758499
-1.1982
-1.17229
-0.219849
0.0420227
-0.016571
-0.192032
-0.114365
-0.067276
0.0269165
0.0309753
-0.0424347
0.0473633
0.0493011
0.0418549
0.00642395
-0.00361633
-0.0518799
-0.0732269
-0.152252
-0.209625
-0.282791
-0.50676
-0.691681
-0.779648
-0.937881
-1.05713

