[0]
0.0844421
0.187363
-0.0160522
-0.145798
-0.177734
-0.206146
-0.29306
-0.42276
-0.503082
-0.617554
-0.657745
-0.643875
-0.67186
-0.736084
-0.785614
-0.778793
-0.789581
-0.765762
-0.667191
-0.575134
-0.352829
-0.20192
-0.0981903
0.00733948
0.18335
0.396591
0.524582
0.699905
0.83342
0.954361
1.11446
1.10794
0.84227
0.59584
0.457031
0.475952
0.638016
0.766068
0.940125
1.10391
1.25851
1.34814
1.0976
0.677277
0.326813
0.151062
0.12381
0.17482
0.178513
0.225861

[1]
0.241974
0.231064
0.148422
0.0432129
-0.0774078
-0.203094
-0.277206
-0.42955
-0.61261
-0.778503
-0.889374
-0.962143
-0.987549
-1.02094
-1.00703
-0.955673
-0.904083
-0.935257
-0.938873
-0.827927
-0.631104
-0.452682
-0.257553
-0.126633
-0.0644684
0.00236511
0.211472
0.49881
0.695831
0.844452
0.894119
0.87677
0.807083
0.7267
0.609131
0.524002
0.538681
0.611832
0.676392
0.834366
0.966721
1.04552
1.03093
0.989929
0.840515
0.656906
0.526489
0.478333
0.393555
0.326324

[2]
0.246338
0.160645
0.132187
0.085083
-0.0400238
-0.128448
-0.139175
-0.23288
-0.326385
-0.514008
-0.696625
-0.847214
-0.785339
-0.785477
-0.851868
-0.88208
-0.911011
-0.920822
-0.88298
-0.828186
-0.76442
-0.721298
-0.656586
-0.571396
-0.464554
-0.345001
-0.21962
-0.124084
-0.0896759
0.0422821
0.226334
0.401123
0.530426
0.736099
0.809647
0.864182
0.958725
0.923309
0.8629
0.793945
0.778671
0.803589
0.878738
0.969025
1.03664
1.03024
0.922821
0.774139
0.623383
0.509659

[3]
0.429352
0.351074
0.299057
0.218658
0.190292
0.141144
0.0341644
-0.0975494
-0.151199
-0.202393
-0.333023
-0.4133
-0.490051
-0.591721
-0.810684
-0.918747
-0.889816
-0.892792
-0.881561
-0.871948
-0.835495
-0.830475
-0.885178
-0.916245
-0.859436
-0.735825
-0.567383
-0.405014
-0.311615
-0.201431
-0.125977
-0.0369415
0.17363
0.507385
0.707977
0.865021
1.07747
1.12979
0.934143
0.748688
0.588898
0.608795
0.74559
0.828323
0.96315
1.07095
1.08461
1.04565
0.908737
0.749664

[4]
0.63649
0.537781
0.447174
0.372406
0.290131
0.209061
0.13327
0.0718384
-0.0394135
-0.140411
-0.205276
-0.286316
-0.388947
-0.538055
-0.667587
-0.76741
-0.812134
-0.842239
-0.886459
-0.944611
-0.979324
-0.965958
-0.929718
-0.901413
-0.897507
-0.820374
-0.681244
-0.509415
-0.375549
-0.280411
-0.208527
-0.131546
0.00724792
0.235245
0.501846
0.729568
0.836853
1.05531
1.19601
1.08134
0.944336
0.880569
0.739777
0.638489
0.672607
0.7771
0.874954
0.991394
0.991959
0.960587

[5]
0.813187
0.631546
0.486877
0.396118
0.328384
0.287018
0.228485
0.169495
0.100174
0.017395
-0.0768585
-0.168564
-0.246552
-0.323761
-0.389877
-0.404388
-0.479431
-0.575241
-0.660019
-0.773254
-0.801498
-0.826492
-0.843536
-0.805817
-0.773239
-0.762833
-0.748169
-0.680023
-0.600952
-0.53656
-0.440628
-0.364471
-0.292572
-0.234406
-0.161087
-0.0759583
0.0998383
0.440018
0.751328
0.860596
0.917862
0.829254
0.632019
0.506195
0.442245
0.38562
0.511383
0.738495
0.892517
1.00482

[6]
0.972214
0.917709
0.803925
0.644089
0.531387
0.472382
0.429977
0.394135
0.314026
0.264069
0.245117
0.129684
-0.0175629
-0.16655
-0.236176
-0.348007
-0.435364
-0.530746
-0.568481
-0.643402
-0.755936
-0.762085
-0.791824
-0.929382
-0.945923
-0.897232
-0.782349
-0.712921
-0.679657
-0.620819
-0.523102
-0.444672
-0.371796
-0.299057
-0.206207
-0.0957794
0.0639801
0.18898
0.389618
0.526825
0.607773
0.652649
0.559647
0.516815
0.644104
0.729111
0.733246
0.726044
0.749725
0.886032

[7]
0.987137
1.00706
0.967148
0.854401
0.7379
0.633621
0.536057
0.462082
0.396622
0.345428
0.291031
0.267426
0.205017
0.107407
-0.0549927
-0.178268
-0.271454
-0.362305
-0.437286
-0.453201
-0.537491
-0.660904
-0.732437
-0.791046
-0.819382
-0.816788
-0.820679
-0.838135
-0.832733
-0.813278
-0.760376
-0.695038
-0.598862
-0.494705
-0.401855
-0.31926
-0.243713
-0.195541
-0.0824738
0.172287
0.361786
0.468307
0.659195
0.755066
0.876328
1.15923
1.17717
0.881195
0.617508
0.483002

[8]
0.503189
0.584625
0.707916
0.85701
0.926483
0.91597
0.843246
0.725372
0.593216
0.456146
0.377701
0.324112
0.215256
0.158707
0.135574
0.109344
-0.010376
-0.115967
-0.201355
-0.256989
-0.355774
-0.412537
-0.43187
-0.577881
-0.719559
-0.888474
-0.947968
-0.914856
-0.870575
-0.86235
-0.837509
-0.797836
-0.766174
-0.679413
-0.612595
-0.538223
-0.449142
-0.365311
-0.293579
-0.240662
-0.175919
0.0684204
0.291321
0.318176
0.441162
0.618896
0.711746
0.921692
1.17674
0.98056

[9]
0.625885
0.410278
0.27626
0.340759
0.482849
0.677551
0.888565
0.997543
0.973816
0.847168
0.670654
0.466461
0.337326
0.283295
0.216949
0.193924
0.166214
0.155792
0.108521
0.0267792
-0.0382385
-0.139725
-0.266205
-0.331543
-0.355133
-0.398193
-0.459457
-0.603058
-0.720032
-0.816864
-0.799561
-0.758514
-0.757065
-0.805115
-0.802841
-0.762024
-0.697327
-0.63649
-0.525513
-0.455414
-0.37175
-0.284653
-0.266144
-0.246597
-0.069519
0.14946
0.293518
0.460678
0.653748
0.74408

[10]
0.880157
1.15836
1.12286
0.789764
0.608093
0.487793
0.556702
0.751602
0.893524
0.964783
0.930237
0.824173
0.686401
0.54689
0.438705
0.367798
0.293457
0.278687
0.261337
0.265594
0.101456
-0.070343
-0.192047
-0.278214
-0.384796
-0.434662
-0.428192
-0.491501
-0.575974
-0.748627
-0.851532
-0.843811
-0.867126
-0.835312
-0.786758
-0.739929
-0.702316
-0.651718
-0.608704
-0.525223
-0.4366
-0.339371
-0.262802
-0.169296
-0.1483
-0.0554199
0.175613
0.334015
0.445587
0.596741

[11]
0.631607
0.648102
0.752914
0.797226
0.76387
0.685989
0.638947
0.64238
0.770325
0.873901
0.917175
0.875748
0.799942
0.726517
0.619415
0.516724
0.448334
0.370346
0.307266
0.234268
0.169357
0.13974
0.0440521
-0.078186
-0.137711
-0.177094
-0.279419
-0.385223
-0.400177
-0.475494
-0.633789
-0.769012
-0.847412
-0.791885
-0.74498
-0.780899
-0.792313
-0.806915
-0.789169
-0.718353
-0.648727
-0.581696
-0.474228
-0.361343
-0.243851
-0.166428
-0.15741
-0.0594788
0.172531
0.29187

[12]
0.383087
0.538254
0.621643
0.696457
0.901291
0.986786
0.87999
0.708298
0.643524
0.678421
0.792725
0.8535
0.889816
0.822418
0.732941
0.635193
0.512695
0.43605
0.354309
0.287613
0.226379
0.164307
0.167374
0.157791
0.0460968
-0.112106
-0.189682
-0.245697
-0.340805
-0.405243
-0.52623
-0.637634
-0.739471
-0.805573
-0.795898
-0.787842
-0.797653
-0.800964
-0.787064
-0.781021
-0.698441
-0.635864
-0.555435
-0.450531
-0.372467
-0.322647
-0.247375
-0.15155
-0.116745
0.123047

