[0]
-0.395676
-0.842407
-0.783203
-0.548325
-0.358368
-0.250229
-0.184586
-0.168045
-0.103531
-0.0866241
-0.160248
-0.173523
-0.107712
-0.0712585
-0.100616
-0.135956
-0.104675
-0.0825653
-0.109802
-0.187393
-0.238205
-0.33551
-0.536133
-0.877548
-1.01517
-0.79567
-0.618958
-0.61615
-0.772675
-0.83609
-0.67868
-0.427017
-0.22702
-0.128754
-0.0236206
0.0120697
0.0354004
0.0913696
0.129807
0.138687
0.146835
0.0873718
-0.0352173
-0.199661
-0.283768
-0.362579
-0.37149
-0.330582
-0.341217
-0.627274

[1]
-0.873123
-0.831543
-0.890396
-0.863693
-0.868164
-0.959229
-0.895447
-0.719742
-0.51535
-0.35231
-0.263474
-0.186279
-0.112457
-0.103821
-0.140167
-0.179733
-0.203766
-0.20192
-0.186951
-0.244873
-0.37645
-0.453644
-0.487564
-0.515335
-0.539917
-0.795227
-1.00943
-1.00696
-0.987808
-0.74968
-0.493729
-0.47995
-0.44664
-0.267197
-0.112457
-0.00234985
0.0507202
0.105286
0.138626
0.155792
0.157913
0.133713
0.0655518
-0.00927734
-0.0887299
-0.138718
-0.200333
-0.252396
-0.318024
-0.384293

[2]
-0.367523
-0.333191
-0.725739
-1.04813
-0.851562
-1.1041
-1.13506
-0.992249
-0.785873
-0.598724
-0.440964
-0.29863
-0.214478
-0.188614
-0.18129
-0.197037
-0.193939
-0.192108
-0.210495
-0.248795
-0.298294
-0.299362
-0.273865
-0.272522
-0.301727
-0.355408
-0.382233
-0.385681
-0.684036
-1.02251
-1.00864
-0.996475
-0.897446
-0.704254
-0.532928
-0.432205
-0.317047
-0.150696
-0.0389099
0.0303345
0.0342407
0.0630951
0.11554
0.138962
0.127899
0.10144
0.0302582
-0.0290985
-0.0747223
-0.155975

[3]
-0.251434
-0.321472
-0.382523
-0.419052
-0.600433
-1.03833
-0.564224
-0.775879
-1.12511
-1.15854
-1.12367
-0.892365
-0.678894
-0.462585
-0.252975
-0.140961
-0.110367
-0.101257
-0.173126
-0.259827
-0.274689
-0.294983
-0.269592
-0.265167
-0.310394
-0.34436
-0.375336
-0.376083
-0.394958
-0.517929
-0.609253
-0.847168
-1.00916
-1.00404
-1.0106
-0.911667
-0.724655
-0.379776
-0.0679321
0.0575867
0.0805664
0.0910492
0.0625916
0.112946
0.113693
0.113373
0.0872192
0.0497742
-0.00758362
-0.0817108

[4]
-0.195465
-0.292648
-0.377243
-0.415344
-0.456818
-0.513596
-0.520782
-0.953644
-1.09485
-0.890594
-1.0444
-1.02515
-1.00528
-0.877441
-0.610092
-0.395416
-0.247452
-0.121811
-0.0969696
-0.106979
-0.159195
-0.218735
-0.222305
-0.254364
-0.246964
-0.250336
-0.340836
-0.392151
-0.444138
-0.503769
-0.506882
-0.585129
-0.761017
-1.00949
-1.00368
-1.00716
-0.699829
-0.647385
-0.587952
-0.41098
-0.198105
0.0429688
0.185791
0.195587
0.163773
0.139725
0.103485
0.0789642
0.0713501
0.0647736

[5]
0.0108337
-0.083725
-0.187607
-0.24147
-0.284225
-0.334564
-0.38208
-0.459915
-0.679535
-0.797592
-0.903717
-1.0027
-0.83168
-0.666245
-0.715393
-0.748245
-0.641937
-0.471542
-0.330261
-0.265549
-0.163574
-0.116379
-0.087265
-0.0798035
-0.116974
-0.126434
-0.126907
-0.151047
-0.201355
-0.263153
-0.300888
-0.259384
-0.246078
-0.349854
-0.476837
-0.62236
-1.01871
-1.00883
-0.967102
-0.611481
-0.389618
-0.288406
-0.311584
-0.247406
-0.101288
0.00212097
0.0423584
0.0926819
0.15448
0.199127

[6]
0.183517
0.109863
0.0554962
-0.0205536
-0.0883636
-0.148544
-0.213135
-0.264297
-0.291077
-0.332474
-0.769882
-1.04395
-0.577454
-0.530823
-0.726181
-0.624146
-0.792801
-0.880249
-0.747498
-0.495789
-0.308609
-0.159119
-0.0247955
0.0370636
-0.00627136
-0.0768127
-0.117798
-0.16481
-0.20845
-0.244598
-0.265747
-0.281006
-0.345444
-0.369751
-0.345093
-0.334641
-0.458572
-0.897644
-1.00644
-0.665421
-0.417862
-0.280533
-0.320267
-0.466263
-0.464081
-0.279861
-0.0728149
0.0314636
0.0973969
0.137115

[7]
0.172104
0.189529
0.142181
0.0904846
0.0276642
-0.0175171
-0.0737152
-0.132355
-0.2061
-0.258636
-0.352402
-0.58165
-1.0101
-0.862259
-0.544983
-0.72493
-0.690216
-0.841202
-0.921021
-0.739059
-0.546753
-0.381348
-0.254868
-0.173233
-0.151535
-0.152267
-0.139999
-0.144958
-0.142365
-0.164078
-0.225281
-0.23967
-0.286041
-0.319733
-0.320694
-0.309265
-0.293365
-0.406891
-0.820572
-0.99173
-0.713028
-0.641022
-0.593369
-0.618637
-0.751785
-0.711548
-0.303467
-0.00326538
0.0477448
0.0841217

[8]
0.120941
0.140869
0.182907
0.167374
0.135391
0.103516
0.0448608
-0.0501709
-0.136551
-0.205597
-0.226181
-0.232925
-0.212158
-0.29071
-0.775482
-1.04085
-0.618057
-0.761337
-0.843002
-0.886719
-0.914001
-0.69519
-0.540054
-0.454208
-0.311661
-0.220963
-0.171677
-0.1194
-0.0902252
-0.090744
-0.119171
-0.162704
-0.207626
-0.229248
-0.262054
-0.279144
-0.308304
-0.308716
-0.283066
-0.342514
-0.719681
-1.01883
-0.603546
-0.325333
-0.407944
-0.513382
-0.803329
-0.925858
-0.642746
-0.268738

[9]
-0.00480652
0.107986
0.15567
0.158829
0.141083
0.130432
0.0870209
0.100586
0.0963593
0.00790405
-0.0823975
-0.140961
-0.166824
-0.154358
-0.151489
-0.155289
-0.250046
-0.674026
-0.696304
-0.470657
-0.812912
-0.937469
-0.797714
-0.661011
-0.533447
-0.413116
-0.355316
-0.280167
-0.203171
-0.196533
-0.185211
-0.161392
-0.162094
-0.155289
-0.144882
-0.174927
-0.212097
-0.23912
-0.242584
-0.245941
-0.232986
-0.187485
-0.226028
-0.53363
-0.874573
-0.892303
-0.645081
-0.465591
-0.425522
-0.513092

[10]
-0.642197
-0.483429
-0.161209
-0.0280457
-0.0377808
0.00613403
0.0784912
0.101257
0.117111
0.0722198
0.0509491
0.0466309
0.0118256
-0.043808
-0.113541
-0.164291
-0.192932
-0.237839
-0.3965
-1.02367
-1.04066
-0.210205
-0.651825
-0.824936
-0.683655
-0.748581
-0.64447
-0.513733
-0.321671
-0.175171
-0.0581207
-0.015213
-0.00175476
-0.04039
-0.101059
-0.177597
-0.245911
-0.234818
-0.227219
-0.248901
-0.309128
-0.306076
-0.279022
-0.261795
-0.385376
-0.817444
-0.90712
-0.733658
-0.583069
-0.457184

[11]
-0.417313
-0.449982
-0.3974
-0.211151
-0.0411987
0.0398254
0.058197
0.0535278
0.0917664
0.116379
0.112961
0.0901947
0.0441895
-0.0248871
-0.0955811
-0.112228
-0.134232
-0.179535
-0.23526
-0.282516
-0.417404
-0.748337
-0.771576
-0.650269
-0.993896
-0.976547
-0.798904
-0.550354
-0.383743
-0.305634
-0.217819
-0.19133
-0.194031
-0.155609
-0.132401
-0.144485
-0.18959
-0.234619
-0.234436
-0.226013
-0.197479
-0.207458
-0.230484
-0.241394
-0.282181
-0.27153
-0.450516
-0.928848
-1.01863
-0.724594

[12]
-0.49527
-0.373993
-0.359726
-0.498871
-0.493439
-0.297897
-0.110474
0.00259399
0.0289917
0.0518646
0.093399
0.115128
0.111038
0.0727081
0.0208893
-0.0356598
-0.107574
-0.164841
-0.222046
-0.24881
-0.252213
-0.254745
-0.492401
-1.04465
-0.649155
-0.158981
-0.667603
-0.695206
-0.703827
-0.762878
-0.677979
-0.457169
-0.275757
-0.143707
-0.0886078
-0.0816193
-0.117111
-0.103485
-0.080307
-0.0635529
-0.115829
-0.158386
-0.210266
-0.23497
-0.271179
-0.261566
-0.252747
-0.294418
-0.591995
-1.02632

