[1]
-2.22694
-0.391357
-0.840118
-1.19185
-1.37643
-1.40665
-1.65877
-1.56898
-1.58679
-0.426865
1.76289
-0.956528
-0.48793
-0.295105
-0.544556
-0.300766
-0.028717
0.152557
0.168976
-0.039917
-0.0667877
0.0683289
0.0662231
0.0846252
-0.01297
0.038147
0.0825043
0.065506
0.0569
0.0263672
0.030426
0.0262756
0.0216217
0.0671082
0.0426636
0.117004
0.158951
0.159042
0.159775
0.148712
0.149017
0.0856781
0.513474
1.10071
1.17181
0.5271
0.330612
0.34169
0.172028
-0.000595093

[2]
0.524872
0.85228
0.776352
0.664047
0.564987
0.412079
0.375595
0.348434
0.295044
0.184875
0.0151215
-0.218765
-0.531418
-0.932114
-1.28253
-1.39943
-1.54237
-1.58342
-1.64288
-1.66658
-1.63538
-0.64888
1.6311
-1.1129
-0.489059
0.0325623
-0.582703
-0.503845
-0.394638
-0.292023
-0.0990753
0.0488892
-0.0949249
-0.143997
-0.139969
-0.0461121
-0.0313873
-0.0767822
-0.0382996
-0.0336304
0.00466919
-0.0635986
-0.087204
-0.114075
-0.0733185
-0.000610352
-0.0193481
0.0172272
0.0495605
0.0590973

[3]
0.105499
-0.00531006
0.0632172
0.0767212
0.350647
0.981781
1.21188
0.757172
0.540802
0.313049
0.273666
-0.0879059
0.302612
1.02267
0.856232
0.637299
0.518066
0.359177
0.303238
0.311447
0.326431
0.193054
0.0765381
-0.248764
-0.570023
-0.94249
-1.33398
-1.59372
-1.90753
-2.05307
-2.04126
-1.43971
-1.38884
1.32396
-0.0359955
-0.743439
-0.224091
-0.663727
-0.295761
-0.347427
-0.298737
-0.185959
-0.160965
-0.036911
-0.120285
-0.0571289
-0.0653076
-0.104858
-0.0866089
-0.0983276

[4]
-0.0606384
-0.0973816
-0.114609
-0.0816956
-0.0484467
-0.0706635
-0.0536499
-0.0143738
0.071167
0.0877686
0.00668335
0.00907898
-0.034317
-0.0205078
0.392807
0.788025
1.20142
0.90654
0.68457
0.163864
0.41629
-0.0133362
0.0644073
0.900146
0.781281
0.566833
0.483398
0.315201
0.307281
0.281754
0.236389
0.130829
-0.020874
-0.248993
-0.632339
-1.07071
-1.48334
-1.65065
-1.71365
-1.90251
-1.86845
-1.57014
-1.8663
1.57622
-0.0692139
-0.843018
-0.410583
-0.781616
-0.437836
-0.3358

[5]
-0.305313
-0.251633
-0.110382
-0.0763855
-0.129669
-0.118881
0.00256348
-0.0362701
-0.0757141
-0.0836792
-0.0494385
-0.112656
-0.123199
-0.0790253
-0.100708
-0.106735
-0.098114
-0.0100861
0.0159912
0.0768433
0.0206299
0.0157318
0.0222321
0.103943
0.109833
0.554779
0.894714
0.960663
0.768066
0.599136
0.283844
-0.0378723
-0.437164
0.849945
1.02287
0.809448
0.55246
0.371521
0.295944
0.176666
0.184006
0.0758972
-0.000854492
-0.326874
-0.628555
-0.83017
-1.1469
-1.40976
-1.59123
-1.80099

[6]
-1.96703
-1.41785
-1.52402
-0.0918121
1.09297
-0.582108
-0.461899
-0.422516
-0.811691
-0.615662
-0.325912
-0.28566
-0.1297
-0.0831757
-0.100769
-0.161972
-0.137573
-0.0599365
-0.0487976
-0.0888672
-0.0290222
-0.0336914
-0.0659485
-0.0977173
-0.0671539
-0.133179
-0.136398
-0.0462494
0.0143738
-0.00135803
0.0373077
-0.00158691
0.0555878
-0.0101776
0.155289
0.107452
0.578629
0.919861
0.87677
0.863251
0.174606
0.302582
-0.14888
0.237579
0.987991
0.843353
0.650467
0.546021
0.358536
0.326859

[7]
0.226898
0.0849152
-0.0331268
-0.101013
-0.310928
-0.667908
-1.12949
-1.3851
-1.5304
-1.63335
-1.78929
-1.70732
-1.68816
-1.25549
1.53481
-0.378952
-0.395798
-0.959381
-0.679871
-0.466309
-0.33989
-0.106476
-0.0547638
-0.0943298
-0.10141
-0.113525
-0.0824432
-0.0643158
-0.0744934
-0.0975037
-0.117966
-0.0743866
-0.137131
-0.102142
-0.0920105
-0.0738068
-0.105682
-0.0928345
0.0166321
-0.00238037
0.0102081
-0.000808716
0.0200195
0.00177002
0.154297
0.114792
0.632019
1.06154
0.660736
0.644547

[8]
0.0717926
0.321884
0.0935669
0.489288
0.8685
0.76886
0.530945
0.407928
0.31871
0.287369
0.262573
0.174423
-0.00395203
0.00311279
-0.102371
-0.599213
-0.970856
-1.14783
-1.4482
-1.72322
-1.90163
-1.86879
-1.80052
-1.55142
1.04832
0.205963
-0.623047
-0.73996
-0.729416
-0.425598
-0.480331
-0.233383
-0.0894165
-0.0401459
-0.0960999
-0.142166
-0.1203
-0.128326
-0.128159
-0.117111
-0.134247
-0.0631256
-0.0592041
-0.0509186
-0.0783081
-0.0896912
-0.0753937
-0.0440826
-0.0235748
-0.026474

[9]
0.0299683
-0.0223083
0.0209351
0.0848083
0.200378
0.150803
0.55394
1.10457
0.781036
0.767944
0.137787
0.173737
-0.0288696
0.103699
0.995682
0.806458
0.585785
0.521103
0.408844
0.428192
0.424469
0.377441
0.223511
-0.00422668
-0.114655
-0.534988
-1.32224
-1.82117
-1.96709
-2.07387
-2.11374
-1.66438
-1.72733
0.663788
0.793411
-0.886826
-1.13232
-0.477386
-0.5289
-0.462708
-0.202087
-0.115768
-0.0696259
-0.0633087
-0.164703
-0.0482941
-0.0789185
-0.0721283
-0.113312
-0.153015

[10]
-0.0997467
-0.128281
-0.076355
-0.116058
-0.149628
-0.0979004
-0.056488
-0.029541
0.0411835
-0.0019989
0.04245
-0.00340271
0.0494385
0.0350952
0.127884
0.587494
1.10396
0.875626
0.811096
0.37941
0.590408
-0.306778
-0.429642
0.467148
0.85733
0.761932
0.5914
0.455704
0.28624
0.190079
0.0567017
-0.0835114
-0.00668335
-0.227798
-0.698242
-1.08073
-1.2518
-1.35063
-1.53136
-1.61345
-1.70175
-1.77512
-1.55531
0.323105
1.38942
-0.808777
-1.23022
-0.638443
-0.544952
-0.324295

[11]
-0.206726
-0.109024
-0.0403748
-0.035965
-0.154373
-0.0395355
-0.107681
-0.0381927
-0.0705109
-0.0888672
-0.0565033
-0.085434
-0.0930939
-0.110977
-0.0838013
-0.0619202
-0.0141144
0.00340271
0.045166
0.0133972
0.00918579
0.0746002
0.0625305
0.0292664
0.300339
0.822601
1.29172
0.837189
0.665741
0.283859
0.424835
-0.141296
0.0295105
0.911514
0.776917
0.546143
0.446304
0.384552
0.358093
0.316727
0.294159
0.143158
-0.00012207
-0.289536
-0.599609
-1.1424
-1.46054
-1.75804
-1.89717
-1.95602

[12]
-1.7831
-1.81447
-1.56743
1.61139
-0.465652
-1.3933
-0.689438
-0.622467
-0.410034
-0.222046
-0.115555
-0.0597534
-0.0210876
-0.180786
-0.111618
-0.0709534
-0.0409088
-0.0727081
-0.0924225
-0.0746613
-0.116638
-0.120819
-0.151627
-0.137131
-0.126053
0.0162811
0.029007
0.0452728
0.0396118
0.0484772
0.0509033
0.0731049
0.069931
0.2939
0.850113
1.29559
0.806778
0.593399
0.502838
0.636688
-0.189606
-0.609238
0.713882
1.0473
0.84256
0.638321
0.391769
0.101166
0.141006
0.167969

[13]
0.259659
0.0448303
-0.11174
-0.425064
-0.931595
-1.44099
-1.88602
-2.04539
-1.92662
-2.0094
-1.97377
-1.11475
1.61577
-0.942825
-1.54785
-0.270767
-0.673233
-0.389511
-0.157883
-0.106598
-0.0248108
-0.0664825
-0.132431
0.0090332
-0.116714
-0.136398
-0.0928192
-0.0783386
-0.069931
-0.0809326
-0.110092
-0.0910034
-0.0602112
-0.00688171
0.00930786
0.0275879
0.0310669
0.0882263
0.0960541
0.115372
0.0829163
0.463547
1.07091
1.19899
0.688736
0.560776
0.272781
0.127625
-0.375641
0.504242

[14]
1.1459
0.822266
0.522141
0.37265
0.331604
0.380692
0.32457
0.266769
0.0179138
-0.0809784
-0.320435
-0.817657
-1.34401
-1.77161
-2.02512
-2.30267
-1.98756
-1.84767
-1.67697
0.944458
0.429779
-1.41064
-0.718445
-0.475449
-0.556076
-0.37793
-0.137665
-0.0376282
-0.106232
-0.157425
-0.206543
-0.0636902
-0.012085
-0.0250397
-0.0771027
-0.0990906
-0.0812225
-0.105179
-0.12561
-0.125931
-0.0510559
-0.0163269
0.0390625
0.0249481
0.0145416
0.000228882
0.0700073
0.0741577
0.111801
0.432419

[15]
1.0074
1.23595
0.709335
0.323929
0.437424
0.208145
-0.416397
0.135178
0.952026
0.838303
0.652115
0.516724
0.364197
0.327515
0.318268
0.278381
0.143188
-0.0513763
-0.344177
-0.825363
-1.39429
-1.90292
-2.16188
-2.14549
-2.0383
-1.98706
-1.36433
1.62767
-0.628662
-1.47026
-0.444885
-0.795486
-0.176437
-0.146851
-0.144882
-0.115982
-0.132629
-0.216064
0.0150757
-0.120499
-0.138535
-0.12529
-0.0896912
-0.0955048
-0.0821686
-0.0731659
-0.0713654
-0.0827942
-0.0158081
0.048996

[16]
-0.0246887
-0.00434875
0.0512848
0.0521545
0.0728149
0.110825
0.401138
0.89978
1.16722
0.556244
0.260178
0.414505
0.440872
0.107925
0.0126953
0.826035
0.876434
0.685074
0.500778
0.326599
0.344788
0.347549
0.258774
0.119919
-0.0385895
-0.179489
-0.679504
-1.37418
-1.93729
-2.02721
-2.2007
-2.19588
-1.74001
-1.69356
1.09436
0.46843
-1.23824
-0.89035
-0.660858
-0.574249
-0.222946
-0.147202
-0.0771942
-0.0793762
-0.177124
-0.210815
-0.0299835
-0.111343
-0.0904083
-0.131866

[17]
-0.10405
-0.092392
-0.103394
-0.125473
-0.110489
-0.040329
0.0432434
0.0206909
0.0286102
0.0103455
0.0351562
0.0556641
0.0628357
0.107452
0.638123
1.15947
0.997269
0.647949
0.287338
0.271805
0.00595093
-0.167999
0.93277
0.925873
0.592072
0.437454
0.337112
0.324417
0.293976
0.234482
0.115341
-0.0164795
-0.129913
-0.465866
-0.870941
-1.45879
-1.73158
-2.04547
-2.08257
-1.832
-1.98373
-0.566666
0.986145
-1.16667
-0.974106
-0.507507
-0.642914
-0.528046
-0.140854
-0.154678

[18]
-0.0907288
-0.117111
-0.143982
-0.186829
-0.0830231
-0.042099
-0.062439
-0.113235
-0.0856934
-0.0856781
-0.236649
-0.0442352
-0.0714264
-0.0738678
0.00802612
0.0109253
0.0341492
0.0357056
-0.00416565
0.0380707
0.0719757
0.124435
0.589325
1.37617
0.669998
0.865326
0.236404
0.416855
-0.0843658
0.159149
1.08678
0.951859
0.653778
0.59288
0.360413
0.337967
0.280289
0.300049
0.0714417
-0.090271
-0.275253
-0.552795
-1.09048
-1.77396
-2.22372
-2.48584
-2.4744
-1.72641
-1.83786
1.59505

[19]
-0.374039
-1.28178
-0.929611
-0.58548
-0.532715
-0.242798
-0.0349121
-0.0973053
-0.0572968
-0.169525
-0.0746307
-0.134216
-0.0800323
-0.0713501
-0.0537262
-0.0506897
-0.0957336
-0.0410614
-0.0947723
-0.0919037
-0.0265961
0.000228882
0.0462494
0.0105743
-0.00170898
0.0515747
0.0759735
0.120316
0.175613
0.871582
1.33424
0.58017
0.594208
0.280457
0.706879
-0.223373
-0.296539
0.808807
0.965942
0.712296
0.537109
0.371429
0.296646
0.314438
0.265747
0.183838
0.0171356
-0.0883331
-0.522659
-1.07362

[20]
-1.35173
-1.8567
-2.5239
-2.52328
-2.13809
-1.73547
1.59749
-0.274658
-1.55525
-0.568436
-0.729034
-0.416199
-0.174805
-0.0891418
-0.105759
-0.143753
-0.116684
-0.165115
-0.155258
-0.124222
-0.0734406
-0.0895538
-0.0364838
-0.023056
-0.0551605
-0.0425262
-0.111008
-0.102097
-0.0314484
0.0186005
0.0311737
0.0310974
0.0338898
0.0450592
0.0916901
0.11644
0.538788
1.33119
1.09868
0.797806
0.233795
0.501434
-0.113068
-0.0261078
0.906021
0.940063
0.651382
0.459732
0.367645
0.292053

[21]
0.346512
0.243439
0.154724
-0.0475616
-0.189133
-0.579849
-1.20496
-1.75015
-1.85822
-2.07242
-2.28447
-2.10643
-1.86565
-0.15242
0.982025
-0.995636
-1.08218
-0.793427
-0.492844
-0.353149
-0.105011
-0.102325
-0.0960846
-0.129822
-0.173615
-0.135696
-0.048645
-0.099411
-0.070755
-0.0814972
-0.0418091
-0.105972
-0.0972595
-0.103119
-0.0919952
-0.0197601
0.021286
0.0910339
-0.00273132
0.0295563
-0.0530701
0.0561676
0.0497437
0.390625
1.03056
1.37498
0.843918
0.259308
0.255646
0.0428619

[22]
-0.260788
0.708344
0.921494
0.730011
0.541229
0.38681
0.311783
0.323456
0.309204
0.144241
0.0956573
-0.0659027
-0.447052
-0.854446
-1.43106
-1.74709
-1.90617
-1.80171
-1.97885
-1.80219
-1.4379
1.48512
-0.679398
-1.16747
-0.516022
-0.684464
-0.293457
-0.143158
-0.130936
-0.104141
-0.127441
-0.211929
-0.0380096
-0.0382233
-0.0932312
-0.0427399
-0.0699615
-0.0846252
-0.0752106
-0.0998535
-0.124252
-0.118286
-0.00537109
0.0728149
0.0504913
0.0339813
0.0548401
0.104935
0.170502
0.167755

[23]
0.198944
1.13956
1.42455
0.831146
0.424606
0.387894
-0.100067
-0.226303
0.829514
1.0995
0.743011
0.492889
0.393753
0.322479
0.285156
0.258392
0.136017
-0.0680542
-0.226944
-0.447433
-1.06833
-1.66919
-2.00812
-1.97192
-2.00233
-2.05765
-2.00227
-0.685074
1.62263
-0.81842
-1.46722
-0.509232
-0.508743
-0.515656
-0.0428162
-0.076767
-0.0415497
-0.0725708
-0.17128
-0.126801
-0.00440979
-0.0639343
-0.0589752
-0.0611877
-0.0570526
-0.0548553
-0.0932617
-0.126572
-0.108368
0.00149536

[24]
0.110992
0.0781403
0.0503693
0.0993347
0.122757
0.127045
0.0416565
0.583374
1.56522
0.85466
0.663101
0.298981
0.513062
-0.153732
0.00823975
1.0159
0.862137
0.666901
0.496552
0.344284
0.31691
0.293854
0.272842
0.140808
-0.0334778
-0.073822
-0.349869
-0.846619
-1.408
-1.80431
-2.01534
-2.1931
-2.10002
-2.02075
-0.844925
1.61311
-0.836609
-1.36493
-0.418076
-0.753418
-0.294373
-0.0183411
-0.106842
-0.00244141
-0.145889
-0.142105
0.0106964
-0.097641
-0.0813904
-0.102615

[25]
-0.0514526
-0.0887299
-0.123611
-0.061615
-0.0867004
0.0140686
0.0505219
0.0512543
0.0617828
0.0823975
0.107758
0.102982
0.112701
0.212997
0.679871
1.42198
0.810486
0.577744
0.411499
0.893555
0.0803223
-0.510651
0.363022
0.78389
0.771423
0.677765
0.535431
0.327026
0.306091
0.216522
0.175797
0.0783997
-0.139481
-0.759048
-1.21729
-1.61955
-1.82861
-2.34248
-2.25516
-1.96199
-1.45592
1.13142
-0.466888
-1.39775
-0.29538
-0.906677
-0.369308
-0.151642
-0.0210876
-0.13707

[26]
-0.139526
-0.15274
-0.120407
-0.0122681
-0.0844574
-0.0426941
-0.0492859
-0.0686188
-0.108765
-0.139908
-0.165771
-0.0747986
-0.00883484
0.0460205
0.0534973
0.0830994
0.0841522
0.131699
0.132843
0.150223
0.577881
1.50616
1.02234
0.530609
0.358719
0.520935
-0.306717
-0.277206
0.921234
1.04628
0.645401
0.470108
0.36525
0.342178
0.362091
0.267365
0.183746
0.00416565
-0.107559
-0.366577
-1.09451
-1.82793
-2.04636
-2.53836
-2.53893
-1.96103
-2.00552
1.38573
0.309769
-1.5018

[27]
-0.926498
-0.688507
-0.384827
-0.369614
-0.163483
-0.11377
-0.0988159
-0.119995
-0.0881348
-0.11467
-0.120346
-0.099884
-0.113235
-0.0281219
-0.0752106
-0.0732269
-0.117874
-0.0880432
-0.0181732
-0.0125122
0.0577393
0.0681
0.0403748
0.016037
0.0826416
0.126236
0.654755
1.34189
1.02563
0.748505
0.232925
0.584793
-0.327393
-0.260529
0.758804
1.04892
0.740631
0.510773
0.382141
0.387131
0.410141
0.330811
0.2556
0.0168152
-0.0806732
-0.344955
-0.948029
-1.79289
-2.19696
-2.53882

[28]
-2.54111
-2.22433
-1.9485
1.35071
-0.184174
-0.85675
-0.983368
-0.712769
-0.422989
-0.421417
-0.0978088
-0.139847
-0.0982971
-0.095047
-0.134232
-0.122635
-0.0791168
-0.106201
-0.0730286
-0.12413
-0.0833588
-0.158661
-0.124207
-0.128799
-0.0810242
-0.013092
0.0605774
0.0699615
0.00247192
-0.00578308
0.0597229
0.119537
0.11908
0.630203
1.67563
0.926682
0.622223
0.337479
0.437256
0.0549469
-0.0293732
0.856506
0.911255
0.703674
0.512009
0.330032
0.21843
0.208939
0.175446
0.0486603

[29]
-0.1073
-0.192978
-0.768265
-1.28964
-1.81721
-2.11623
-2.16092
-2.21347
-1.96419
-1.26637
1.59236
-0.785477
-1.00539
-0.80542
-0.714676
-0.543533
-0.233276
-0.0605774
-0.0740356
-0.149078
-0.201202
-0.272705
-0.0636597
-0.066391
-0.114868
-0.11174
-0.0726624
-0.0449066
-0.0457458
-0.126251
-0.107178
-0.0661621
0.0208588
0.0623474
0.00263977
0.0427704
0.0603485
0.0775909
0.0965424
0.320404
0.940674
1.03111
0.725021
0.391953
0.477173
-0.058609
-0.298492
0.763412
1.12444
0.950073

