[1]
-0.200256
-0.0661926
-0.21373
-0.152512
0.171249
0.172546
0.0199738
-0.115921
-0.0784149
0.0609283
0.0613251
0.0362396
-0.028656
0.00802612
0.0486298
0.0532227
0.0104218
-0.0183868
0.118698
0.111557
0.0655975
0.0117493
-0.141785
-0.0472412
-0.0174408
-0.188904
-0.29274
0.0795746
-0.404846
-0.396469
-0.363998
-0.186722
-0.166809
-0.0785522
0.0144043
0.0254517
0.0125885
0.00242615
0.0413208
-0.000411987
0.0179291
-0.00140381
0.000808716
0.0547638
-0.00257874
-0.121445
-0.168289
-0.0667725
0.152405
0.399689

[2]
0.608536
0.201721
-0.0170288
0.404037
0.328278
0.37056
-0.419739
0.033493
0.0279388
-0.0132599
-0.0213013
-0.0151672
0.0321198
0.0378876
-0.12973
-0.0716095
0.115463
0.10498
-0.00970459
0.00247192
-0.0115814
-0.00326538
0.0374298
0.0379791
0.00512695
0.0235138
0.0474854
0.0546417
-0.00782776
0.00852966
0.0519257
0.0803375
0.0121155
-0.0616455
-0.15387
-0.0541229
-0.129868
-0.422043
0.125168
-0.111298
-0.350174
-0.457657
-0.29068
-0.231049
-0.072052
0.0180359
0.0763092
0.000335693
0.0271606
0.0409241

[3]
0.02211
-0.00627136
-0.0518494
-0.015564
-0.0399475
-0.133087
-0.154068
-0.221146
-0.184494
-0.166611
-0.0988617
-0.123993
-0.142151
0.0782318
0.126877
0.548874
0.515701
0.267776
0.449493
-0.358902
-0.123734
-0.193695
0.0750275
0.0960236
0.0865326
0.0610504
-0.00701904
-0.204147
0.0321045
0.0954895
0.0192413
-0.0144958
-0.056778
-0.0187531
0.0400238
0.0650787
0.0204315
-0.0137634
0.0295563
0.0740204
0.0693359
0.0491638
0.0119629
-0.0171967
-0.023407
-0.0239258
-0.0476074
-0.0220795
0.0030365
0.0424957

[4]
0.0517883
0.10054
-0.0884094
-0.329758
-0.448746
0.0936279
-0.254135
-0.389832
-0.407562
-0.153839
-0.321075
-0.0139618
0.0942841
0.0500641
-0.118484
-0.0807037
-0.0320435
-0.0299835
-0.0593262
-0.131561
-0.108353
-0.113022
-0.152023
-0.238205
-0.295105
-0.21196
-0.18074
-0.0797577
0.0984344
0.353455
0.431076
0.500031
0.27916
0.123413
0.533447
-0.267548
-0.101547
-0.147385
-0.0223389
0.0277863
0.00547791
0.0540466
0.0393829
-0.0603943
-0.130249
-0.0406799
0.105576
0.0713806
-0.0295105
-0.0576019

[5]
-0.0166931
0.0526428
0.0399017
0.00358582
0.00370789
0.029892
0.0458984
-0.0173492
-0.00871277
-0.00271606
-0.0281525
-0.0363464
-0.00872803
0.0119781
0.0299683
-0.0305023
-0.0332336
0.0122223
-0.140411
-0.321335
-0.250839
0.0826111
-0.379135
-0.407318
-0.364639
-0.133865
-0.286819
-0.0568695
-0.0215607
-0.0359192
-0.0635071
-0.0481873
-0.00759888
-0.0140381
0.021637
0.0638275
0.119339
0.0509491
-0.1194
-0.169128
-0.254471
-0.42186
-0.464157
-0.328506
0.169678
0.351288
0.238098
-0.0358734
0.224564
0.168243

[6]
0.0535431
0.00178528
-0.0474854
-0.148178
0.0969391
-0.0237122
-0.0606537
0.0122223
-0.00849915
-0.114944
-0.131393
0.0468597
0.0299683
-0.00498962
-0.00201416
-0.016449
0.0329132
0.0290375
-0.0108337
0.00346375
0.0018158
0.0460205
0.0108948
-0.0410004
-0.00991821
0.0215454
-0.0265503
0.0100708
0.0705566
-0.0663147
-0.0765076
-0.0455933
-0.212006
-0.29483
-0.245239
0.138672
0.0508118
-0.272888
-0.461304
-0.257874
-0.178879
-0.0859375
0.00920105
-0.00292969
-0.0293427
-0.0835876
-0.0440674
-0.0596008
-0.0509949
-0.10463

[7]
-0.121017
-0.177063
-0.254608
-0.317673
-0.375107
-0.382202
-0.287231
-0.148941
-0.0123749
0.121613
0.118378
0.169464
1.01369
0.483871
0.304749
-0.0403748
0.0161743
-0.23468
-0.376373
0.0542603
0.191833
0.219879
0.061203
-0.19989
-0.274902
0.02565
0.15596
-0.0193329
-0.0835724
-0.0729523
-0.0173645
0.0214844
-0.00418091
-0.00418091
0.0237579
0.0411835
0.0403748
0.00111389
0.0157471
0.0285187
0.00364685
-0.0501404
-0.0404358
0.00965881
0.0396118
0.00439453
-0.0397491
-0.284531
-0.311996
-0.526855

[8]
0.172684
-0.182999
-0.310867
-0.433594
-0.156082
-0.0197144
0.0384674
0.0182953
-0.0305481
-0.0755615
-0.0766602
0.000320435
0.0167236
0.0090332
-0.106445
-0.0524292
-0.0443878
-0.127884
-0.204041
-0.280106
-0.130646
-0.126205
-0.0560913
0.170547
0.290039
0.153244
0.17424
0.426483
0.145462
0.271347
-0.113754
-0.124405
-0.262344
-0.0333099
-0.0631714
0.0425873
0.106979
-0.0455017
-0.180893
-6.10352e-05
0.0991211
0.0849152
-0.0215302
-0.0343628
-0.0228577
0.027832
0.0103149
0.0216064
-0.0149231
0.0435944

[9]
0.0535583
0.0918427
-0.0966034
-0.0171509
-0.00611877
0.0444946
0.0597076
-0.0217438
-0.151993
-0.214691
-0.100281
-0.216751
-0.57431
0.0688019
-0.229416
-0.414108
-0.401291
-0.201981
0.0133057
0.00852966
-0.103226
-0.127502
-0.072876
-0.0565186
0.0138855
0.0152893
-0.000976562
-0.0236511
-0.00508118
-0.0766602
-0.0762482
-0.148163
-0.226944
-0.277084
-0.215912
-0.149582
-0.0618591
0.0810089
0.245102
-0.0814819
0.222992
0.28035
0.726105
0.174667
-0.125107
-0.187057
-0.0581665
-0.0699463
0.0800323
-0.000305176

[10]
0.0376129
0.0289154
-0.0742645
-0.150848
-0.0366364
0.08992
0.0756226
-0.0605164
-0.0748901
-0.00158691
0.0439453
0.0134125
0.0299988
0.0245209
0.00305176
-0.00637817
-0.0363312
-0.0240631
0.0440063
0.0612335
0.021637
-0.0379639
-0.0722046
-0.0547943
-0.0200195
-0.0245514
-0.0445404
-0.168106
-0.267181
-0.267548
0.0278778
0.0669708
-0.400085
-0.455795
-0.251816
-0.267456
-0.122406
-0.0296936
0.0321808
-0.00752258
-0.0318909
-0.0341492
-0.000518799
0.0717621
-0.0436707
-0.0306396
-0.144241
-0.223557
-0.248871
-0.246109

[11]
-0.103516
-0.0597076
0.0194244
0.156357
0.235107
0.116882
0.202423
0.572113
0.563293
-0.0635834
0.203491
-0.166687
-0.105759
-0.2117
-0.0587616
0.0796051
0.0625458
0.0211334
-0.0181427
-0.19545
-0.130432
0.081665
0.0753784
0.00256348
-0.0677643
0.00611877
0.0462036
0.0199585
-0.00631714
-0.0379486
-0.00640869
0.0475769
0.00553894
-0.00967407
-0.0338745
0.0133667
0.0229187
-0.0452118
-0.0424652
0.0110626
0.0144806
-0.0736847
-0.157806
-0.198364
-0.332993
-0.24614
0.233994
-0.235321
-0.356384
-0.399338

[12]
-0.113419
-0.451813
-0.152023
0.0267029
0.0420685
-0.0458069
-0.075119
-0.0876617
-0.0587616
-0.0276794
-0.0347748
-0.0754547
-0.098587
-0.125702
-0.11351
-0.121506
-0.0947571
-0.105713
-0.00471497
0.180161
0.127899
-0.0143433
0.0140839
0.668533
0.276321
0.19429
-0.313446
-0.144424
0.0722504
-0.159851
0.0488892
0.0398254
0.0463257
-0.0334625
-0.226974
-0.166321
0.152924
0.127258
-0.00640869
-0.0914612
-0.0331726
-0.00840759
0.00793457
-0.00109863
0.000518799
0.0373077
-0.000473022
-0.0284882
0.0167084
0.00234985

[13]
-0.0177155
-0.0627594
-0.0505829
0.0293274
0.0911713
0.0631561
-0.0388336
-0.117371
-0.396484
-0.491074
0.0259705
0.0436707
-0.375534
-0.524612
-0.285873
-0.103516
-0.0725555
-0.014389
-0.0603943
-0.081131
-0.115265
-0.103363
-0.0549164
-0.0667419
-0.105026
-0.134476
-0.0581665
-0.00427246
-0.105545
-0.327408
-0.312485
-0.362503
-0.396835
0.0383759
0.189835
0.0390167
0.484818
0.537643
-0.140625
0.150589
0.00985718
0.0459747
-0.33667
-0.208649
0.0773773
0.220612
0.139771
-0.0810852
-0.234482
-0.0828247

[14]
0.160202
0.0879517
-0.0849762
-0.102707
-0.0460205
0.0517273
0.00767517
-0.00889587
0.00489807
0.0398865
0.0192566
0.0473633
0.0301208
-0.0128632
-0.0154572
-0.0172272
-0.0328674
0.0225372
0.0104828
-0.0219879
-0.0546875
-0.273651
-0.473526
-0.198898
0.129456
-0.313675
-0.419662
-0.503815
-0.156036
-0.139679
0.0597534
-0.00537109
-0.0541534
-0.0853271
-0.0101318
0.010498
0.00756836
-0.0482483
-0.0052948
-0.0813293
-0.0687256
-0.18158
-0.29248
-0.293411
-0.244507
-0.200775
-0.146515
0.199799
0.234467
0.332184

[15]
0.406998
0.596237
0.261383
0.0786285
-0.326233
0.0116882
-0.0724335
0.0146484
-0.0105896
-0.0059967
0.0673981
-0.0263062
-0.12384
-0.0749817
-0.000900269
0.0693512
0.0072937
-0.04599
-0.0338745
-0.0280609
-0.000946045
0.0149689
0.0108948
-0.00550842
0.00462341
0.0241852
0.0102997
0.0294037
-0.049942
-0.0264282
0.0314331
0.00770569
-0.0273895
-0.0820007
-0.120758
-0.185547
-0.312607
-0.40303
0.189758
-0.327255
-0.367035
-0.349167
-0.128281
-0.473145
-0.141174
-0.0801849
-0.0198212
-0.0746918
-0.0672302
-0.0643005

[16]
0.022583
-0.0256042
0.000274658
0
-0.0600433
-0.0917206
-0.205032
-0.295654
-0.336456
-0.235291
-0.225616
-0.0378571
0.251724
0.112839
0.261337
-0.130188
0.359146
0.430771
-0.35585
0.0157318
-0.0381165
0.14917
0.0368652
-0.0221252
0.0240173
-0.00692749
-0.176666
-0.0921326
0.0307617
0.0440063
-0.0339203
-0.0503693
-0.0328522
-0.0162964
-0.0156708
-0.0209808
-0.0292206
-0.00210571
0.0129395
0.0371246
0.0315704
0.0509644
0.0393829
0.0388947
-0.0251465
-0.0830383
-0.0556183
-0.0470276
-0.060257
-0.130936

[17]
-0.570251
-0.650986
-0.0839539
0.0706482
-0.321533
-0.485367
-0.240433
-0.0883179
0.0804138
0.0950623
0.00164795
-0.0883942
-0.113113
-0.0376587
0.0346222
0.00532532
-0.0929108
-0.121979
-0.121368
-0.170685
-0.203217
-0.240707
-0.219788
-0.033844
0.161682
0.413025
0.365402
0.292252
0.157532
-0.122208
0.289932
0.609818
-0.0476685
-0.111191
-0.104172
-0.0457764
0.0496979
0.0527496
0.000457764
0.0176086
-0.00584412
-0.10498
-0.162918
0.0578613
0.154297
0.0428772
-0.0484772
-0.0845032
-0.00222778
0.0219879

[18]
0.00228882
-0.0530396
0.0171814
0.0322571
0.0324707
-0.0308075
-0.0244904
-0.010498
0.0417328
-0.0164032
-0.0343475
0.0223389
0.0548553
0.035965
-0.0140381
-0.173599
-0.325714
-0.429092
-0.0468445
0.154739
-0.259796
-0.351334
-0.288925
-0.0639648
-0.225464
-0.0549011
-0.00878906
0.00205994
-0.0765533
-0.094574
-0.00186157
-0.0182037
-0.0713043
-0.0743103
-0.038208
-0.0723114
-0.136063
-0.155731
-0.11322
-0.112747
-0.125122
-0.0328522
0.102386
0.286697
0.206802
0.00543213
0.0197144
0.315353
0.248337
0.117844

[19]
-0.118805
-0.0790405
-0.218353
-0.0198669
0.0592804
-0.0189514
-0.0144653
0.0322113
-0.0379791
-0.151779
-0.00827026
0.0771942
0.00805664
-0.0764313
-0.0740662
-0.0232391
0.0217438
-0.000320435
-0.0201416
0.0198669
0.026886
-0.000473022
0.037262
-0.0085907
0.00195312
-0.00819397
0.0847778
0.000488281
-0.130508
-0.0861206
-0.0142059
0.0402374
0.00891113
-0.179565
-0.38768
-0.305328
0.0093689
0.0886688
-0.355347
-0.459778
-0.137589
-0.229218
-0.084137
-0.0461273
-0.0430756
-0.0775146
-0.0821533
-0.067688
-0.0614166
-0.00282288

[20]
-0.0215607
-0.040451
-0.0397339
-0.0664215
-0.139572
-0.164673
-0.109039
-0.138031
-0.134155
0.00627136
0.119507
0.0435791
0.0159912
0.195587
0.331406
0.33255
0.266632
-0.175232
-0.143875
-0.106705
-0.0246582
0.112518
0.0063324
0.063385
0.0184326
-0.0913849
-0.199463
-0.0386658
0.0896454
0.0653534
-0.0198975
-0.133224
-0.042038
0.0429688
0.0125427
-0.0127869
-0.0314026
0.0166626
0.0160217
0.0269165
0.000640869
0.0479279
-0.0416107
-0.0474701
-0.0650024
0.000671387
0.0625153
-0.00534058
-0.156662
-0.212631

[21]
-0.347809
-0.167389
0.189087
-0.36763
-0.356049
-0.416931
-0.00186157
-0.220688
0.0336304
0.032074
0.0462799
-0.0359497
-0.048645
-0.0353851
-0.0420837
-0.0804138
-0.0188904
-0.13385
-0.16066
-0.204987
-0.268478
-0.108978
-0.0129852
0.0572205
0.146225
0.129715
0.0871277
0.153534
0.24086
0.0831757
0.346283
0.420578
0.268784
0.0565643
-0.339401
-0.068222
0.0339355
0.0419769
-0.0776367
0.00424194
0.0193634
-0.11322
-0.177002
0.0384064
0.0339661
0.0225983
-0.0469055
-0.0456543
-0.0444489
-0.00701904

[22]
0.00309753
-0.00341797
-0.0122986
0.00143433
0.00979614
0.036911
-0.00802612
-0.0281525
-0.0379486
-0.0126648
-0.0150299
-0.00544739
0.0401764
-0.00740051
-0.104813
-0.192535
-0.282166
-0.356934
-0.0271912
0.094223
-0.39473
-0.437057
-0.208344
-0.0709381
-0.295334
-0.0501404
0.0639038
0.0244446
-0.0488129
-0.0658875
-0.0552368
0.0327301
0.067627
0.0397644
0.0309296
-0.094635
-0.147598
-0.183136
-0.219101
-0.193787
-0.183472
-0.0524445
0.0976868
0.0946808
0.00312805
0.147018
0.0817871
0.150421
0.353348
0.0288391

[23]
-0.143997
-0.146545
-0.048584
0.00872803
0.0263824
0.0292206
-0.0466003
-0.0698242
-0.19635
-0.0130615
0.0923462
0.017395
-0.0406036
-0.0505219
-0.0566864
-0.0181274
-0.00965881
0.0260315
-0.00100708
0.0115204
0.0501404
0.0202026
-0.0359039
-0.0198364
-0.0965118
-0.0544128
-0.0795135
-0.0461884
0.0292664
0.00259399
-0.00514221
-0.197372
-0.487625
0.154175
-0.161697
-0.471405
-0.603073
-0.27034
-0.282562
0.00125122
0.0651398
-0.0180817
-0.109116
-0.0806427
-0.0178986
-0.0460968
-0.0781097
-0.138519
-0.117371
-0.161026

[24]
-0.254227
-0.24649
-0.196915
-0.180618
-0.161285
-0.0610199
0.0811615
0.156891
0.167587
0.152847
0.356842
0.200165
0.42337
0.490448
-0.273849
-0.0385895
-0.0634003
0.0100555
0.00999451
-0.0538177
0.0701447
-0.0190277
-0.163437
-0.130936
0.0414276
0.0539093
-0.00430298
-0.0178223
-0.0180054
-0.0406799
0.00297546
-0.0236359
-0.00987244
0.0150604
0.00715637
-0.0228119
0.0493622
0.0832825
-0.0500336
-0.0748138
-0.107285
-0.0857849
-0.00337219
-0.0164948
-0.0618744
-0.131393
-0.12883
-0.229095
-0.38652
0.059494

[25]
-0.0201721
-0.322495
-0.499527
-0.26767
-0.489319
-0.0731964
-0.0255737
0.000854492
-0.077179
-0.0685272
-0.0185699
-0.0668182
-0.0566101
-0.0333862
-0.0847321
-0.124146
-0.208618
-0.252319
-0.219391
-0.172424
-0.135315
-0.0198059
0.0770569
0.0318604
0.144699
0.233887
0.379639
0.542923
0.190109
0.443008
-0.357132
-0.0685577
-0.111954
-0.0112
0.0912018
0.0315094
0.0111389
0.00842285
-0.130966
-0.168991
-0.0254059
0.0778961
0.0214233
-0.0601654
-0.034256
-0.00906372
0.00704956
0.00152588
-0.0123901
-0.0144043

[26]
-0.0202789
-0.00740051
0.000274658
-0.0173798
0.0222168
-0.0565948
-0.0658417
0.00350952
0.0648499
0.0717163
-0.116562
-0.232666
-0.355743
-0.311554
-0.15773
0.177307
-0.313416
-0.416214
-0.358856
-0.10849
-0.211594
-0.0426941
-0.0175018
-0.0455933
-0.0761566
-0.027832
-0.0294647
-0.012146
-0.0492859
-0.0439606
-0.0836639
-0.191452
-0.249695
-0.356995
-0.384415
-0.291321
-0.192307
0.030777
0.292953
0.361404
0.180923
0.42395
0.0949249
0.275055
-0.212372
0.0168915
0.0569
-0.094986
0.0025177
-0.00892639

[27]
0.09552
-0.100586
-0.194504
-0.0957184
0.00360107
0.0214996
-0.0165253
-0.0419464
-0.0324554
-0.0588989
-0.0810089
-0.0471802
-0.0137939
0.0401764
0.0469513
0.0476685
-0.0192261
-0.016922
-0.0220947
-0.00942993
0.00204468
-0.0328369
4.57764e-05
-0.00149536
-0.0874939
-0.245544
-0.469025
-0.427185
-0.247513
0.178726
-0.207535
-0.348679
-0.467117
-0.102036
0.0368042
-0.0578156
-0.0658112
-0.052063
-0.041153
-0.0791321
-0.0640717
-0.0282593
-0.0161743
-0.0227203
-0.0375366
-0.12941
-0.255295
-0.375198
-0.379913
-0.268112

[28]
-0.240402
-0.143509
0.0763092
0.276169
0.257126
0.410004
0.425217
0.550644
0.448151
-0.225677
-0.371643
-0.124329
0.177338
0.124237
0.0283203
-0.0523224
-0.0121918
-0.272888
0.00666809
0.108505
0.0389862
-0.0563965
-0.0143433
-0.0100098
0.0241394
-0.0201416
-0.0268402
0.000320435
0.0113678
0.000579834
0.0253601
0.036438
-0.00492859
-0.0549622
-0.0597839
-0.033783
-0.0124054
0.0175629
-0.102509
-0.259628
-0.29541
-0.338135
-0.309998
0.0641327
-0.253906
-0.363647
-0.407852
-0.107895
-0.312805
-0.160049

[29]
-0.0965271
0.0613861
0.0165558
0.0270081
0.044281
0.0266418
0.031311
0.0997772
0.0479584
-0.153946
-0.258392
-0.241394
-0.333359
-0.416916
-0.332748
-0.154694
0.103027
0.245819
-0.00157166
0.089447
0.157974
0.444305
-0.0154877
0.0973816
-0.353165
0.0981445
-0.0327606
0.0421143
-0.0209656
-0.0184937
0.0127106
-0.0974426
-0.194427
-0.091095
0.0250092
0.0109253
-0.0419617
-0.0534973
-0.00709534
0.0131073
0.0344543
0.00254822
-0.00906372
-0.009552
-0.00765991
0.0448608
0.0325623
0.0348206
0.0323029
-0.0550232

[30]
-0.0648346
-0.0824127
-0.0737152
0.0100861
0.0115814
-0.0162659
-0.0703735
-0.2827
-0.460602
-0.231354
0.179321
-0.255661
-0.346237
-0.357956
0.0340424
-0.364807
-0.0659027
0.0497894
0.0365143
-0.0325165
-0.0710754
-0.0854492
-0.046875
-0.0408783
-0.0448914
-0.0744324
-0.105484
-0.134811
-0.122574
-0.140259
-0.128586
-0.144348
-0.154907
-0.0572968
0.0293884
0.0280914
0.0245361
0.42337
0.197342
-0.0209198
0.261063
-0.209
0.172379
-0.127777
-0.0930023
0.0719757
0.0254822
0.0438995
-0.0692749
-0.14856

[31]
-0.0869293
0.0382538
0.0198822
0.00488281
-0.0237427
-0.0531158
-0.0504303
-0.00556946
0.00338745
-0.0330658
-0.0247955
-0.00158691
-0.011322
0.0294037
0.0305634
-0.0273285
0.00617981
-0.0803528
-0.0604706
0.00419617
0.0322723
-0.067215
-0.204163
-0.315582
-0.323639
-0.281754
0.207748
-0.226196
-0.348251
-0.346909
-0.0262451
-0.165283
0.0515289
0.0502014
0.0402985
0.0015564
0.00241089
0.0032196
0.0574951
-0.0220184
-0.10228
-0.0291443
-0.0733032
-0.136719
-0.132477
-0.178238
-0.171677
-0.153427
-0.131256
0.0380096

[32]
0.113708
0.0998077
0.145676
0.547485
0.079361
0.263138
-0.229263
0.0377655
-0.0381622
-0.0113831
0.0451813
-0.0321198
-0.000106812
0.00817871
-0.170761
-0.135376
0.00846863
0.0865936
-0.0204468
-0.0779724
-0.0573578
-0.00300598
0.0213776
-0.0123138
-0.00317383
0.0159607
-0.00627136
-0.0150909
-0.0462189
-0.0388641
0.00273132
0.0682678
-0.0115051
-0.0640259
-0.0909729
-0.106308
-0.146561
-0.213593
-0.317215
-0.299622
0.174973
-0.276306
-0.267868
-0.345261
-0.192459
-0.257751
-0.0782623
-0.0560455
0.011673
0.0018158

[33]
-0.010025
-0.0240936
-0.015152
-0.0132141
-0.0273132
-0.0332794
-0.0654297
0.0297546
-0.0138397
-0.0649261
-0.0466766
-0.0740814
-0.0710754
0.0954742
0.297653
-0.00914001
-0.0426483
-0.0457306
0.322464
0.459442
-0.354492
0.027359
0.0342865
0.0329437
-0.104813
-0.0736847
0.0363007
-0.0239258
-0.123627
-0.0996094
0.0246735
0.0460052
-0.0253448
-0.0531616
-0.0115662
0.00627136
0.00144958
-0.0117645
0.0302582
-0.019577
-0.00350952
0.0231628
0.00947571
-0.0327454
0.0492554
-0.0371704
-0.00621033
0.00984192
-0.00616455
-0.110306

[34]
-0.171738
-0.224838
-0.305893
-0.371185
0.168869
-0.246262
-0.340469
-0.349197
-0.252441
-0.0944672
-0.0935364
-0.0747681
0.0350952
-0.0222473
-0.0519562
-0.0604248
-0.00732422
-0.0333862
-0.0626526
-0.0530396
-0.040741
-0.0470123
-0.14711
-0.173721
-0.111801
-0.0717163
0.0164642
0.054718
0.183411
0.207397
-0.0372772
0.130692
0.346054
0.226425
0.239105
-0.256653
-0.0914917
-0.080368
0.114151
-0.00567627
-0.0153198
0.022995
-0.0114288
-0.166748
-0.0434265
0.0559998
0.0531464
-0.0255127
-0.0444183
-0.00897217

[35]
0.00770569
-0.0378418
-0.0385284
-0.0157013
-0.0307312
-0.0353851
-0.00413513
0.0234985
0.0361328
0.00250244
-0.0272217
-0.0102386
-0.0214996
-0.041214
-0.071106
-0.193741
-0.338058
-0.375565
0.153732
0.0107727
-0.301193
-0.475418
-0.324295
-0.120163
-0.0308838
0.00370789
0.0406494
0.013916
0.0065155
-0.0395508
0.0222778
-0.00222778
-0.00567627
-0.0583954
-0.0792999
-0.189774
-0.257339
-0.297394
-0.298553
-0.127686
-0.0280151
0.138153
0.137115
0.426208
0.319214
0.389267
0.443604
0.202362
-0.0224152
-0.0163116

