[1]
-0.728882
0.0173187
0.0288086
0.0541229
-0.00167847
-0.0532074
-0.0351257
0.00294495
-0.00794983
-0.030426
-0.0322266
-0.0257568
-0.0303955
-0.00201416
-0.0224152
-0.0527649
-0.104095
-0.130341
-0.217087
-0.205658
-0.202911
-0.345627
-0.389252
-0.533813
-0.827927
-1.11134
-0.920212
-0.974365
-0.689453
-0.514511
0.281387
-0.0511475
0.325531
0.49176
0.574142
0.604446
0.597321
0.558456
0.509796
0.458084
0.377518
0.216766
0.0206909
-0.231766
-0.556168
-0.902206
-1.0638
-1.09811
-1.0499
-0.859406

[2]
-0.574585
-0.518906
-0.253006
-0.137695
-0.414215
-0.678375
-0.255096
-0.264313
-0.147629
-0.149384
0.0474854
0.0438995
-0.117264
-0.0306091
0.00915527
0.0266418
-0.0259399
-0.0333099
-0.0210114
-0.021637
-0.00210571
-0.0277557
-0.0298004
-0.0273743
-0.0524902
-0.0707703
0.00686646
-0.0899506
-0.0915222
-0.14682
-0.211456
-0.209259
-0.213928
-0.27179
-0.363266
-0.572662
-0.9534
-1.12077
-1.0192
-0.817505
-0.734375
-0.314758
0.303329
0.21347
0.293213
0.507202
0.57135
0.602112
0.608093
0.605209

[3]
0.559189
0.507141
0.379166
0.258194
0.0946503
-0.0311432
-0.187927
-0.402573
-0.5681
-0.727142
-0.809845
-0.639206
-0.513626
-0.356628
-0.640717
-0.255844
-0.19519
-0.280426
-0.660522
-0.131851
-0.192581
-0.109879
-0.111176
0.0472717
-0.0526886
-0.122086
-0.0143585
0.0101166
-0.00727844
-0.036377
-0.0246735
0.00328064
-0.00563049
-0.0442047
-0.00883484
-0.0222931
0.0035553
-0.0185699
-0.0390778
-0.0274506
-0.0287018
-0.043869
-0.0445862
-0.0899048
-0.103241
-0.10701
-0.147064
-0.208908
-0.241989
-0.278168

[4]
-0.369949
-0.488922
-0.674988
-0.947586
-1.01735
-0.901108
-0.648621
-0.642044
0.123474
0.170273
0.465973
0.379471
0.484268
0.529541
0.535309
0.505432
0.459839
0.363846
0.300629
0.167648
-0.0317688
-0.198517
-0.371201
-0.50264
-0.611649
-0.721024
-0.692322
-0.659836
-0.463776
-0.362946
-0.285477
-0.312469
-0.228928
-0.281876
-0.581726
-0.391525
-0.334671
-0.0154419
-0.0516663
-0.0483704
0.0747223
0.0310211
-0.0561371
-0.0155945
0.0402374
-0.00552368
-0.0351868
-0.0473633
-0.00566101
0.0237427

[5]
0.0131989
-0.0175018
-0.0142822
-0.0373383
-0.0226746
-0.00733948
-0.00930786
-0.0430908
-0.0924988
-0.0938416
-0.110687
-0.0945587
-0.184204
-0.190674
-0.286469
-0.332031
-0.412735
-0.667725
-0.8983
-1.0798
-0.814865
-0.872116
-0.5466
-0.488998
0.27359
-0.018219
0.375687
0.46051
0.535233
0.564819
0.549362
0.557785
0.523315
0.481064
0.387772
0.215469
-0.000305176
-0.352036
-0.72876
-0.947266
-1.03629
-1.02573
-0.737915
-0.408356
-0.342575
-0.240036
-0.326599
-0.196304
-0.196991
-0.385193

[6]
-0.386734
-0.233459
-0.139252
-0.096283
0.0411682
0.0688477
0.00663757
-0.0577087
-0.0632324
-0.0243378
-0.014389
-0.00950623
-0.00500488
-0.00204468
-0.00666809
-0.0193481
-0.00166321
0.00759888
-0.0197144
-0.0326996
-0.0106964
0.000442505
-0.0341492
-0.0863953
-0.089386
-0.118057
-0.127777
-0.161957
-0.17276
-0.25853
-0.338058
-0.481293
-0.704269
-0.906616
-0.980835
-0.92189
-0.761459
-0.567963
-0.178391
0.499054
0.236145
0.372864
0.517639
0.578598
0.618622
0.588882
0.553177
0.498703
0.419785
0.296341

[7]
0.129379
-0.0671234
-0.292084
-0.505249
-0.657059
-0.844894
-0.826294
-0.600876
-0.46019
-0.445282
-0.244461
-0.282227
-0.581375
-0.399887
-0.299164
-0.294113
-0.165695
0.0900879
-0.0289459
0.0155029
-0.0070343
-0.124771
-0.0758667
0.0083313
0.0459137
-0.0302429
-0.0587463
-0.0397644
0.00556946
0.0194855
0.0160217
0.00431824
0.0142059
0.0118866
-0.0190887
-0.0340576
-0.0543671
-0.0527344
-0.128525
-0.151855
-0.15596
-0.142487
-0.163712
-0.196671
-0.249969
-0.286957
-0.537643
-0.647491
-0.853577
-0.893387

[8]
-0.750702
-0.55806
-0.548737
0.0778198
0.372147
0.223633
0.223663
0.429993
0.476135
0.487747
0.473541
0.473221
0.423538
0.361115
0.238831
0.0753632
-0.166412
-0.41008
-0.680206
-0.864731
-0.905197
-0.811752
-0.665543
-0.423553
-0.395813
-0.228195
-0.319244
-0.356659
-0.394562
-0.272751
-0.174652
0.0621033
-0.066864
0.0494537
0.0270386
-0.0223083
-0.118073
-0.0471497
0.00578308
-0.0263367
-0.050705
-0.0410767
0.0217133
-0.00506592
0.000213623
-0.0105743
-0.012207
-0.00944519
-0.0535889
-0.0211639

[9]
-0.0355988
-0.12532
-0.104706
-0.138168
-0.119843
-0.145462
-0.177933
-0.206192
-0.309006
-0.408661
-0.689362
-1.00226
-1.11139
-0.768616
-0.599609
-0.595703
-0.0788879
0.446228
0.260559
0.344513
0.556778
0.541595
0.5802
0.54129
0.453552
0.396927
0.364166
0.252487
0.0979919
-0.168091
-0.338593
-0.505295
-0.643082
-0.71225
-0.691742
-0.626465
-0.487473
-0.368805
-0.322876
-0.501556
-0.139252
-0.148514
-0.273865
-0.417923
-0.289261
-0.419571
0.0605621
-0.109772
-0.0485382
0.059021

[10]
-0.0211639
-0.0772247
-0.0227203
0.0157776
-0.00317383
-0.0227203
-0.0198364
0.00982666
0.0189972
-0.00823975
-0.0172424
-0.021637
-0.0342407
-0.0192719
-0.00323486
-0.012085
-0.0407104
-0.0570221
-0.0867157
-0.141098
-0.134827
-0.161209
-0.169189
-0.183594
-0.24498
-0.317337
-0.493713
-0.752289
-0.890854
-0.805191
-0.795013
-0.599121
-0.501129
-0.0887604
0.522827
0.436844
0.423218
0.530807
0.580566
0.55397
0.477097
0.434723
0.333481
0.224701
0.0644379
-0.123291
-0.31044
-0.489655
-0.516052
-0.60994

[11]
-0.552063
-0.557663
-0.514526
-0.411972
-0.338486
-0.324051
-0.272781
-0.326477
-0.236069
-0.230087
-0.160706
-0.135269
0.0410767
-0.0150146
-0.0912476
-0.0527344
-0.0233154
-0.0645447
-0.0344696
-0.00186157
0.0112457
-0.0367889
-0.0196686
-0.00473022
0.0104523
-0.00653076
-0.0310059
-0.0129089
-0.00752258
-0.0249786
-0.0374298
-0.0318604
-0.0677338
-0.0607605
-0.09552
-0.129623
-0.150742
-0.155289
-0.209396
-0.205963
-0.252411
-0.313934
-0.476013
-0.734482
-0.948822
-0.871811
-0.873596
-0.538574
-0.596405
0.0518951

[12]
0.233261
0.393845
0.365402
0.51535
0.555756
0.534622
0.514603
0.495605
0.446167
0.396317
0.22316
-0.00114441
-0.246506
-0.539291
-0.789673
-0.903656
-1.00421
-0.840591
-0.639771
-0.432755
-0.399048
-0.330612
-0.145508
-0.249786
-0.219101
-0.300903
-0.214005
-0.380615
-0.0686951
-0.166656
0.0956268
0.00393677
-0.0683899
-0.0172577
0.0330658
0.0320892
-0.0221252
-0.0496521
-0.0311737
0.0282135
0.0201263
-0.00892639
-0.0219574
-0.0515747
-0.0296173
-0.0232849
-0.053009
-0.0664673
-0.123474
-0.0755463

[13]
-0.119461
-0.137527
-0.207748
-0.229034
-0.256454
-0.284088
-0.352509
-0.630875
-0.967484
-1.00563
-0.886139
-0.673141
-0.698639
-0.265656
0.402939
-0.0192871
0.350174
0.473038
0.547745
0.56517
0.512344
0.495483
0.443985
0.374634
0.260498
0.0647888
-0.191528
-0.407516
-0.685318
-0.975174
-1.00311
-0.707687
-0.925049
-0.510849
-0.407196
-0.280258
-0.436874
-0.375488
-0.304657
-0.513397
-0.296967
0.016983
-0.0587311
0.00828552
0.0677185
-0.0463715
-0.109741
-0.0194855
0.0447235
-0.0101318

[14]
-0.0618744
-0.0497131
-0.016983
0.0062561
0.00386047
-0.0117188
-0.0362854
-0.022995
-0.012085
-0.0393677
-0.0639191
-0.0776215
-0.107239
-0.103378
-0.122147
-0.136169
-0.184189
-0.215408
-0.228973
-0.293594
-0.483917
-0.930222
-1.09589
-0.827332
-0.901855
-0.641159
-0.477722
0.462646
0.0328979
0.366272
0.426498
0.510818
0.553711
0.526794
0.498352
0.428787
0.383469
0.256912
0.0900421
-0.108627
-0.302109
-0.523621
-0.716583
-0.921021
-0.864334
-0.633759
-0.507706
-0.357468
-0.330872
-0.268448

[15]
-0.220764
-0.257584
-0.359161
-0.474045
-0.404953
-0.0220184
-0.168686
-0.0607758
0.0804596
-0.0449066
-0.0760193
0.00991821
0.0199432
0.0150604
0.0150909
-0.0321045
-0.0196533
0.00958252
-0.00137329
-0.0413208
-0.0463257
-0.0407562
-0.0286255
-0.0355377
-0.0530243
-0.109344
-0.11026
-0.132019
-0.146347
-0.160294
-0.198288
-0.202179
-0.239014
-0.337173
-0.473663
-0.697617
-0.931183
-0.973587
-0.90303
-0.65773
-0.60405
0.0872803
0.298019
0.445084
0.367172
0.513611
0.526703
0.549942
0.527023
0.483429

[16]
0.413834
0.316574
0.113037
-0.0878296
-0.292114
-0.585983
-0.75148
-0.851639
-0.880325
-0.769974
-0.564178
-0.37439
-0.294479
-0.423233
-0.189941
0.0589142
-0.279648
-0.546799
-0.407928
-0.4767
-0.0772247
-0.0583954
0.0266113
0.033493
-0.0592957
-0.035141
0.0120697
0.00387573
0.0185242
-0.0373993
-0.00106812
0.00790405
-0.00193787
-0.0225372
-0.00183105
0.00579834
0.0100098
-0.0140839
-0.0204773
-0.0269165
-0.0654602
-0.108749
-0.143433
-0.140533
-0.159164
-0.182602
-0.233688
-0.290939
-0.386841
-0.719345

[17]
-1.05054
-1.04771
-0.947128
-0.751892
-0.671692
-0.117401
0.415817
0.217133
0.442017
0.502136
0.562256
0.578156
0.529846
0.466202
0.394318
0.347992
0.234879
0.0308533
-0.19278
-0.381775
-0.535278
-0.689316
-0.74231
-0.812134
-0.827026
-0.614777
-0.442978
-0.42276
-0.211273
-0.168869
-0.350555
-0.483887
-0.322266
-0.38649
0.0807953
-0.104553
-0.107544
0.0481873
-0.00311279
-0.0814056
-0.0225372
0.0188599
0.0163727
0.000366211
-0.0578003
-0.0439301
0.000137329
0.00428772
-0.0142975
-0.0195618

[18]
-0.0146027
-0.0249023
-0.0306549
-0.0376129
-0.0545502
-0.0577545
-0.0852356
-0.120224
-0.153595
-0.147278
-0.181595
-0.210403
-0.246033
-0.292145
-0.421722
-0.617508
-0.756958
-0.870956
-0.690643
-0.675491
-0.595825
-0.362289
0.336823
0.00213623
0.287201
0.367706
0.479446
0.524933
0.505508
0.481461
0.42627
0.374405
0.283142
0.0786896
-0.146591
-0.338928
-0.528854
-0.648941
-0.655075
-0.648819
-0.657501
-0.556274
-0.423859
-0.33197
-0.258759
-0.261887
-0.113602
-0.140488
-0.0753479
-0.3591

[19]
-0.388382
-0.213379
-0.190292
-0.0884552
0.00270081
0.0286407
-0.0291138
-0.0572357
-0.00556946
0.00730896
0.00648499
-0.0248108
0.00396729
0.0299835
0.0121765
0.0071106
-0.0171356
-0.0270996
-0.0189972
-0.0307617
-0.0275269
-0.0254669
-0.0450897
-0.0734863
-0.093277
-0.118774
-0.108032
-0.126221
-0.161987
-0.253586
-0.2509
-0.299011
-0.440231
-0.725174
-0.901382
-0.956589
-0.821014
-0.686493
-0.653198
-0.157059
0.328934
0.292557
0.339706
0.42305
0.523178
0.528519
0.512421
0.503082
0.435181
0.33757

[20]
0.166611
-0.0374451
-0.253006
-0.484879
-0.667084
-0.752136
-0.777603
-0.711746
-0.620041
-0.4655
-0.297241
-0.261765
-0.296387
-0.168198
-0.237823
-0.229004
-0.529068
-0.255569
-0.319824
0.0559692
-0.115189
-0.019577
0.0231934
-0.0611877
-0.0554352
0.0197296
0.0226898
0.00895691
-0.00828552
-0.0265045
-0.0020752
-0.00479126
-0.00260925
-0.0275726
-0.0457458
-0.0342407
-0.047287
-0.0477295
-0.0859375
-0.0832367
-0.0926361
-0.121414
-0.156677
-0.138107
-0.177673
-0.224945
-0.255859
-0.3022
-0.415253
-0.726669

[21]
-0.965851
-0.92485
-0.962723
-0.600235
-0.63237
0.0714417
0.0725708
0.358917
0.38623
0.500336
0.527939
0.496796
0.480011
0.413193
0.346313
0.187149
0.00747681
-0.161606
-0.366379
-0.514328
-0.579987
-0.631744
-0.547699
-0.560867
-0.461914
-0.359436
-0.30542
-0.214905
-0.179443
-0.443405
0.0377808
-0.187561
-0.306854
-0.52327
-0.502441
-0.0475616
-0.128922
-0.0243378
0.0960236
-0.0526733
-0.0726471
0.0218658
0.0219727
0.00518799
-0.0143433
-0.0330353
0.0140076
-0.0114288
-0.0106049
-0.0436859

[22]
-0.0369873
-0.0364838
-0.0805206
-0.0429688
-0.0578156
-0.0980682
-0.103668
-0.134644
-0.181137
-0.17981
-0.1931
-0.178299
-0.220657
-0.257782
-0.303482
-0.490387
-0.798462
-0.862473
-0.91774
-0.778122
-0.802505
-0.327972
0.316727
-0.0605774
0.265381
0.357925
0.516281
0.523926
0.524429
0.526138
0.435501
0.375031
0.248459
0.0658417
-0.171539
-0.347
-0.567856
-0.648178
-0.680054
-0.675018
-0.561707
-0.442459
-0.280106
-0.235687
-0.33696
-0.119019
-0.224304
-0.197861
-0.367889
-0.220551

[23]
-0.359329
-0.0518646
-0.04245
-0.0935516
0.00701904
-0.0145874
-0.0541992
-0.00485229
0.0111542
-0.0164337
-0.0359039
-0.0349274
-0.0196991
-0.00805664
-0.000823975
-0.0260162
-0.042099
-0.0382843
-0.0463867
-0.0591583
-0.108383
-0.0953369
-0.0853271
-0.103714
-0.123062
-0.181
-0.220459
-0.233948
-0.297165
-0.34259
-0.522766
-0.939896
-1.05505
-1.03412
-0.856598
-0.776031
-0.148651
0.358154
0.428253
0.306992
0.45256
0.497879
0.488998
0.442688
0.396942
0.353973
0.26059
0.0752563
-0.0919342
-0.26535

[24]
-0.43541
-0.557266
-0.59819
-0.595612
-0.542236
-0.437103
-0.333191
-0.248306
-0.18779
-0.178345
-0.171661
-0.0389252
-0.304428
-0.584473
-0.328415
-0.451553
0.0146484
-0.0817261
-0.0117035
0.0692749
-0.0494537
-0.0621796
0.0233612
0.0252686
0.00856018
-0.0300293
-0.0199738
-0.00288391
-0.0146637
-0.0280914
-0.0240936
-0.01828
-0.0453796
-0.0302887
-0.0746918
-0.0728912
-0.0956116
-0.119354
-0.134827
-0.141098
-0.159851
-0.184143
-0.2258
-0.232391
-0.243347
-0.332581
-0.496674
-0.840805
-0.948593
-0.979874

[25]
-0.778885
-0.701111
-0.259384
0.377289
0.420319
0.35083
0.515198
0.539734
0.533218
0.489288
0.421799
0.358032
0.152618
-0.0395508
-0.20575
-0.362045
-0.433609
-0.468277
-0.508667
-0.505325
-0.527588
-0.45314
-0.336319
-0.399536
-0.240265
-0.228958
-0.245926
-0.331207
-0.198715
-0.573395
-0.0912933
-0.320892
0.0377502
-0.160049
-0.00334167
0.0470734
-0.0902557
-0.0394745
0.022583
0.0233765
0.000900269
-0.0167999
-0.0214844
0.00372314
-0.0119171
-0.0226135
-0.0444641
-0.0156403
-0.0398407
-0.0345764

[26]
-0.042038
-0.0546875
-0.0742798
-0.109344
-0.122604
-0.16568
-0.175049
-0.226379
-0.269836
-0.298737
-0.327805
-0.57457
-0.790268
-0.929642
-0.775452
-0.740906
-0.663498
-0.435471
0.280548
-0.0641785
0.192474
0.296921
0.448486
0.471878
0.476135
0.475983
0.423187
0.345978
0.242218
0.074585
-0.129028
-0.317276
-0.535751
-0.672745
-0.775223
-0.771591
-0.624329
-0.436859
-0.360672
-0.284378
-0.204437
-0.299286
-0.305618
-0.457169
-0.152222
-0.519653
-0.0103607
-0.0334015
0.00709534
0.0438538

[27]
-0.0663147
-0.0264282
0.0452881
0.0121002
-0.00737
-0.0252838
-0.026123
-0.0209961
0.00431824
0.00886536
0.0266571
0.00639343
-0.0293884
-0.049469
-0.0613098
-0.0770569
-0.0883636
-0.109421
-0.150818
-0.139999
-0.186981
-0.183243
-0.184448
-0.222046
-0.298828
-0.45903
-0.732986
-0.811615
-0.821823
-1.02475
-0.700943
-0.664642
0.0324402
0.234589
0.0686188
0.273483
0.437057
0.499451
0.537964
0.540192
0.509598
0.428055
0.352112
0.188599
0.00335693
-0.217331
-0.447556
-0.679031
-0.835526
-0.826385

[28]
-0.71933
-0.561737
-0.414246
-0.276108
-0.313049
-0.206116
-0.111359
-0.42601
-0.548401
-0.11235
-0.337021
-0.00325012
-0.0735321
-0.0257874
-0.016098
-0.0732269
-0.0214386
0.0289764
-0.0153809
-0.0222931
-0.00370789
0.00540161
0.0157928
-0.0119324
-0.0576477
-0.0480042
-0.0525513
-0.0622864
-0.0599976
-0.0811005
-0.102753
-0.0857239
-0.125824
-0.165192
-0.187912
-0.203812
-0.211166
-0.208725
-0.304977
-0.422241
-0.653809
-0.89563
-0.810699
-0.943542
-0.666412
-0.719345
-0.122116
0.358749
0.419022
0.320343

[29]
0.496704
0.526276
0.520447
0.490753
0.438614
0.369003
0.298477
0.0666504
-0.133911
-0.349396
-0.649246
-0.741928
-0.751785
-0.770767
-0.662262
-0.480988
-0.302933
-0.177628
-0.402283
-0.0984497
-0.183655
-0.114014
-0.216827
-0.305542
-0.313965
-0.141418
-0.136459
-0.00921631
0.027298
0.0137634
-0.0572968
-0.0331116
0.0359344
0.00950623
-0.0121613
0.0162964
-0.00344849
-0.0153809
-0.00421143
-0.0146179
-0.0228424
-0.0465393
-0.0383148
-0.0407104
-0.0615845
-0.0749664
-0.0755157
-0.114487
-0.136551
-0.168747

[30]
-0.129272
-0.17247
-0.200241
-0.246979
-0.271591
-0.363892
-0.530243
-0.692429
-0.854126
-0.801666
-0.780807
-0.650909
-0.52243
0.285629
-0.123184
0.220444
0.347504
0.456818
0.509964
0.504562
0.492767
0.438828
0.366409
0.211853
-0.00918579
-0.1884
-0.339005
-0.507675
-0.566086
-0.601852
-0.618195
-0.585114
-0.455139
-0.330948
-0.379532
-0.213516
-0.231934
-0.33934
-0.318085
-0.207413
-0.290848
-0.343033
-0.0498657
-0.0786285
0.0432892
0.07547
-0.0463257
-0.0593109
-0.0165558
0.0339966

[31]
-0.0129547
-0.0152283
-0.0314789
-0.00384521
-0.00497437
0.00234985
0.00680542
-0.000518799
-0.000213623
-0.0106659
-0.0289764
-0.0702362
-0.0735779
-0.0720215
-0.123611
-0.169189
-0.178452
-0.178528
-0.219757
-0.258575
-0.295029
-0.343216
-0.568527
-0.770889
-0.837692
-0.712555
-0.822556
-0.698761
-0.474136
0.364731
-0.0187683
0.28891
0.384308
0.473557
0.516205
0.46727
0.407486
0.390717
0.323532
0.236542
0.0289917
-0.142059
-0.310944
-0.517578
-0.669601
-0.74173
-0.820175
-0.779404
-0.591003
-0.358871

[32]
-0.372391
-0.162079
-0.230377
-0.46228
-0.285675
-0.453247
-0.302841
-0.17337
-0.0575714
-0.0346069
0.038147
-0.000366211
-0.0704803
-0.016571
0.00396729
0.038147
0.00442505
-0.0020752
-0.0263367
0.0167389
0.013504
-0.0111237
-0.0124664
-0.0230865
-0.0343628
-0.0272064
-0.0633392
-0.0615997
-0.104874
-0.110931
-0.0953522
-0.222015
-0.238678
-0.246902
-0.292953
-0.405243
-0.564987
-0.74501
-0.883026
-0.703735
-0.820389
-0.559097
-0.547318
-0.138412
0.308212
0.345276
0.186737
0.365463
0.436417
0.483582

[33]
0.513748
0.5047
0.44902
0.379044
0.217361
0.000686646
-0.175232
-0.420425
-0.686035
-0.886581
-0.95224
-0.871368
-0.764511
-0.512299
-0.359146
-0.372345
-0.103699
-0.124725
-0.292923
-0.517731
-0.302124
-0.376038
0.0257874
-0.035141
0.0388336
0.0032196
-0.0333099
-0.0376587
0.00215149
0.00183105
0.00486755
0.0122833
0.0252838
0.0098114
0.0185089
-0.000534058
-0.0119019
-0.0255585
-0.0633698
-0.00979614
-0.0104065
-0.0405731
-0.118362
-0.123688
-0.147156
-0.12767
-0.175323
-0.218185
-0.282974
-0.325562

[34]
-0.45668
-0.671402
-0.895599
-0.794815
-0.838974
-0.61879
-0.539276
-0.155136
0.366257
0.23558
0.210403
0.403381
0.469818
0.506073
0.472076
0.426956
0.395035
0.342377
0.19841
0.0482788
-0.173599
-0.378784
-0.565125
-0.74617
-0.823059
-0.811188
-0.692108
-0.492142
-0.350113
-0.307983
-0.517426
-0.0715637
-0.0724792
-0.264679
-0.580856
-0.236389
-0.18602
-0.111786
-0.0926819
0.00184631
-0.0236053
-0.0612488
0.00320435
0.0116425
0.0471954
0.0350342
0.00978088
0.0214386
0.0037384
-0.024704

[35]
-0.0239868
-0.0110016
-0.0290833
-0.0106049
-0.00602722
-0.0291595
-0.0724945
-0.0881042
-0.0973511
-0.146072
-0.173157
-0.255493
-0.259125
-0.296234
-0.430283
-0.768845
-1.0304
-0.916916
-0.905838
-0.747604
-0.52742
-0.142212
0.51265
0.193298
0.274506
0.468475
0.523087
0.550812
0.526611
0.507507
0.44899
0.387802
0.249451
0.0585175
-0.15213
-0.365112
-0.483948
-0.588745
-0.668396
-0.67601
-0.507019
-0.344055
-0.445786
-0.174957
-0.27829
-0.427902
-0.278671
-0.406067
-0.182236
0.0556183

