[1]
0.31076
0.557724
0.374573
0.170715
0.136368
0.202713
0.116806
-0.156235
-0.535202
-1.31062
-2.10789
-2.31017
-2.43773
-2.41754
-0.982834
1.67639
-0.632889
-0.466064
-0.204956
-0.728333
-0.25087
-0.387833
0.16011
0.0887909
0.322464
0.0964661
-0.0104523
0.0921783
0.21167
0.128021
0.0380249
0.0594177
0.142242
0.0948334
0.129288
0.129333
0.199875
0.191666
0.235825
0.240189
0.281891
0.347931
0.416702
0.367615
1.39331
1.59991
0.982849
0.934006
1.07043
-0.0587311

[2]
-0.504745
-0.0757751
0.595352
1.09933
1.03845
0.529602
0.294434
0.383987
0.387146
0.324936
0.254684
0.139114
-0.135651
-0.755173
-1.37534
-2.02794
-2.48236
-2.56209
-2.53845
-1.01462
1.57216
0.370651
-0.949448
-0.238281
-1.12088
-0.399826
-0.354477
0.199142
-0.0675964
0.121277
-0.0329285
0.020874
0.065918
0.128174
0.0356445
0.00924683
0.032074
0.0216522
0.0188599
0.0527496
0.051651
0.0826111
0.0430756
0.171295
0.160309
0.194916
0.223495
0.37912
0.301575
0.782776

[3]
1.86206
1.05077
0.775665
0.817169
0.935181
-0.348541
-0.508347
0.51059
0.836578
0.923386
0.817383
0.5383
0.313171
0.192108
0.111847
0.0866699
-0.041687
-0.342346
-0.53569
-1.06363
-1.97807
-2.27232
-2.58211
-2.57683
-2.05701
1.5088
0.416122
-0.797638
-0.164764
-1.11076
-0.604752
-0.483841
-0.0877075
0.0567322
0.155167
0.0593109
-0.0603027
-0.0205078
0.034317
0.0363159
-0.0976257
-0.0825195
0.0217133
-0.00817871
-0.0192719
0.00753784
0.0906067
0.0340576
0.143524
0.207504

[4]
0.24411
0.340347
0.394913
0.403244
1.18332
1.83411
0.701645
0.856918
0.949951
-0.139328
-0.664185
0.0744934
0.674164
0.834183
0.860733
0.737061
0.347504
0.164871
0.0992584
0.0762177
0.0685272
-0.26767
-0.440842
-0.800079
-1.75681
-2.38658
-2.59792
-2.60025
-1.89349
1.0157
0.865189
-1.18965
-0.568726
-1.23666
-0.648331
-0.442917
-0.0584717
-0.0474701
0.000717163
-0.209671
-0.140854
-0.00271606
0.0467529
-0.0134888
-0.120331
-0.107437
-0.0699005
-0.0371857
-0.122437
-0.0020752

[5]
0.00341797
-0.00991821
0.0644531
0.061615
0.114746
0.184189
0.250305
0.244324
0.353806
1.43802
1.16608
0.969223
0.784164
1.0256
-0.427826
-0.810043
0.0720673
0.670105
0.874786
0.867813
0.669983
0.346207
0.185272
0.0770416
0.000595093
0.00202942
-0.216919
-0.462799
-0.857422
-1.67984
-2.51726
-2.60352
-2.60507
-1.66689
0.222672
1.49202
-0.657898
-0.437973
-0.555557
-0.905045
-0.436188
-0.264114
0.03479
-0.149963
-0.0616913
-0.113556
0.0890961
0.107132
0.0163727
-0.0741119

[6]
-0.0361633
-0.0019989
-0.094696
-0.0679169
-0.0315704
0.0316467
0.0682373
0.0395508
0.105865
0.134689
0.157852
0.207687
0.375931
0.314865
0.787827
1.93036
0.960556
0.424973
1.00261
0.507782
-0.32045
-0.206772
0.644928
0.817627
0.728546
0.600479
0.370331
0.308792
0.0954132
0.0527649
0.0386658
-0.197983
-0.480316
-0.889328
-1.38986
-2.35487
-2.49469
-2.62074
-2.60039
-0.167297
1.46487
-0.738449
-0.43956
-0.535507
-0.884186
-0.401657
-0.379593
0.0057373
-0.092865
-0.0509644

[7]
-0.0408783
0.0522919
0.0289459
0.0249481
-0.0656586
-0.095932
-0.0578766
-0.0824432
-0.035614
-0.0657959
-0.0774841
-0.00691223
0.0305023
0.068924
0.0912323
0.111572
0.213409
0.298019
0.273849
1.07187
1.92879
0.980927
0.594482
1.00893
0.28183
-0.186218
-0.0270081
0.640411
0.758911
0.705032
0.569473
0.353271
0.224167
0.0665588
-0.0432434
-0.0257416
-0.24765
-0.524872
-1.03865
-1.67984
-2.4828
-2.59615
-2.59741
-1.94786
0.0751495
1.49593
-0.928497
-0.433334
-0.464493
-0.592514

[8]
-0.483734
-0.336716
-0.1064
-0.0209351
0.107635
-0.0610199
-0.0143127
-0.0614624
0.0376892
0.0423279
-0.0556335
-0.112427
-0.0466003
0.0135956
-0.0366516
0.00576782
0.0160522
0.0430908
0.0606384
0.195435
0.0965118
0.266876
0.319717
0.324219
0.58963
1.68941
1.19447
1.06296
0.53241
0.714905
-0.245224
-0.367416
0.504608
0.908875
0.878204
0.71405
0.426926
0.23204
0.178345
0.133652
0.100464
0.016922
-0.282211
-0.590851
-0.811218
-1.74689
-2.51904
-2.58603
-2.58185
-1.67381

[9]
0.16832
1.53459
0.172684
-1.12947
-0.22084
-0.860764
-0.640167
-0.38475
-0.065567
-0.0938873
0.139313
0.0593719
-0.290695
0.0227203
0.0384369
0.000396729
-0.0562897
-0.0619202
-0.020462
-0.0257721
0.0052948
-0.00642395
0.031601
0.150269
0.134201
0.16626
0.184311
0.253586
0.260468
0.174606
0.71611
1.55963
1.15938
0.745667
0.909637
0.727753
-0.402954
-0.488586
0.360336
0.795288
0.857941
0.726639
0.610443
0.407455
0.177582
0.0876007
0.0575562
-0.0645599
-0.41745
-0.661438

[10]
-1.24945
-2.14571
-2.35591
-2.58525
-2.56873
-0.840866
1.50551
-0.53125
-0.554321
-0.373077
-0.734085
-0.371536
-0.449295
-0.216171
-0.0358124
0.0590515
-0.0289154
-0.0254364
0.00193787
0.0318909
0.0913696
0.109695
0.063324
-0.0266418
-0.0228119
0.0300293
0.00154114
-0.010376
-0.0359802
0.0621948
0.0164795
0.0521088
0.141678
0.188553
0.241425
0.285751
0.332581
1.04289
1.75127
1.10829
0.838928
0.887741
0.39624
-0.542007
0.488205
0.926163
0.823715
0.65567
0.500565
0.312439

[11]
0.239441
0.182022
0.130783
0.162491
-0.122803
-0.353394
-0.603958
-1.5713
-2.4693
-2.58063
-2.58923
-1.80305
1.18288
0.361038
-1.26141
-0.519653
-0.912811
-0.446365
-0.379837
-0.138626
-0.107895
-0.0292816
-0.0824127
-0.0744629
0.0428467
-0.00434875
-0.0192108
-0.0651855
-0.093338
-0.0435791
-0.0667114
-0.0764618
-0.00933838
-0.0404205
-0.039093
-0.0384216
0.0793457
0.104797
0.119949
0.146515
0.24733
0.237396
0.48436
1.80867
1.21332
0.955322
0.587814
0.6306
-0.285248
0.0108337

[12]
0.708405
0.940735
0.682022
0.603882
0.397888
0.254944
0.177887
0.170135
0.151688
0.0231323
-0.198685
-0.538284
-1.06139
-1.83684
-2.57747
-2.60765
-2.60277
-1.82237
0.833939
0.888016
-1.30185
-0.616913
-0.776825
-0.615265
-0.452057
-0.206573
-0.0731506
-0.0270844
-0.0687256
-0.100922
-0.0352936
-0.0432739
-0.0363007
-0.0993347
-0.10672
-0.095459
-0.062088
-0.0381622
-0.0296326
-0.00210571
0.043396
0.0549927
0.133469
0.135513
0.157303
0.244141
0.284927
0.308578
1.42056
1.73291

[13]
0.897018
0.761658
0.734085
-0.396545
-0.61409
0.501419
0.91925
0.813843
0.673294
0.503784
0.357651
0.227325
0.185013
0.182312
0.108948
-0.48941
-0.53244
-0.999252
-1.94936
-2.54982
-2.64149
-2.63112
-1.57657
0.503372
1.22838
-1.28778
-0.840378
-0.898468
-0.773422
-0.453339
-0.137146
-0.0279694
-0.0449829
-0.041748
-0.124054
0.0517883
0.0545502
-0.0226746
-0.112427
-0.054657
-0.009552
-0.0598907
-0.0731049
-0.0584412
0.028244
0.0939789
0.121048
0.149445
0.131866
0.211227

[14]
0.247467
0.173859
0.599991
1.77966
0.861664
1.20354
0.696411
0.614594
-0.363022
-0.244675
0.610794
0.956543
0.840439
0.720734
0.429031
0.220505
0.106812
0.0842133
0.159653
0.0688324
-0.264603
-0.581604
-1.49416
-2.44403
-2.5851
-2.60699
-2.59389
-1.73422
1.48592
-0.0944519
-0.924332
-0.383347
-0.824936
-0.655457
-0.44754
-0.170578
-0.0119324
0.00396729
-0.0370941
-0.131592
0.0148621
0.0277863
0.0526276
-0.0513306
-0.0707397
-0.0737152
-0.048172
-0.00646973
0.0422363
-0.0384979

[15]
-0.0202179
0.0666656
0.105011
0.136307
0.184158
0.225479
0.2948
0.298111
1.36072
1.72513
0.898239
0.683868
1.05
0.329025
-0.242264
-0.0751038
0.622055
0.80098
0.776031
0.575027
0.345245
0.206741
0.0972595
0.00836182
0.00325012
-0.221725
-0.612381
-1.16647
-1.84656
-2.2861
-2.47568
-2.62917
-2.01669
-0.997284
1.48317
-1.4408
-0.840149
-1.04642
-0.632202
-0.368362
-0.238861
-0.00801086
-0.116791
-0.115601
-0.141647
0.0296478
0.0843506
0.126312
-0.05336
-0.0942535

[16]
-0.0359497
-0.0128784
-0.0415955
-0.0387421
-0.0196381
0.00952148
0.0694427
0.103516
0.133194
0.159546
0.301315
0.331406
0.410294
1.60066
1.52867
0.830032
0.813614
0.781265
-0.246597
-0.643631
0.450867
0.794403
0.84938
0.746094
0.490005
0.210083
0.123352
0.0764923
0.0621338
-0.0435486
-0.271454
-0.513412
-1.03729
-1.71866
-2.20993
-2.61873
-2.61032
-1.38396
1.42082
-0.0394592
-1.11719
-0.788605
-0.79541
-0.607162
-0.497604
-0.0768127
0.00987244
-0.0559082
0.0122528
-0.0235443

[17]
-0.050293
0.00645447
0.0765686
0.0179901
-0.0395203
-0.087616
-0.0250244
-0.0270691
0.0105133
-0.0111542
0.0596619
0.124359
0.111298
0.147354
0.21402
0.304962
0.191574
0.923279
1.69199
0.974258
1.08195
0.886368
0.411285
-0.625885
-0.243835
0.572723
0.92067
0.901291
0.740967
0.34993
0.155182
0.0544128
0.0106201
0.0743866
0.0870819
-0.359558
-0.752716
-1.36453
-1.98067
-2.61375
-2.62495
-1.8492
-0.501678
1.4781
-0.379166
-0.652237
-0.83403
-0.629974
-0.331696
-0.454788

[18]
0.0995331
-0.0693207
0.0133362
-0.0876312
0.00608826
0.0575714
0.100754
-0.0939636
-0.134155
-0.057373
-0.0333862
-0.00933838
0.00494385
0.0311127
-0.0238647
0.111893
0.1707
0.161179
0.216568
0.31926
0.282486
0.547668
1.55978
1.34166
1.24054
0.835403
1.02347
-0.202896
-0.325562
0.626312
0.976883
0.868469
0.758759
0.374695
0.182434
0.140488
0.108902
0.0231323
-0.41333
-0.655975
-1.09308
-1.91602
-2.31227
-2.41707
-2.54305
-1.99443
0.874039
0.690536
-1.09145
-0.567627

[19]
-0.739151
-0.399536
-0.449066
-0.226135
0.0810852
0.0986786
-0.0281372
-0.0745087
-0.0559082
0.0384979
0.0601807
0.0127869
-0.00708008
0.00445557
-0.0247955
0.00297546
0.0221252
0.0445251
0.0389709
0.113098
0.135269
0.173935
0.214691
0.35968
0.200027
0.751404
1.73911
1.14879
0.998795
0.723389
0.683594
-0.315903
0.249695
0.800476
0.865295
0.609802
0.533279
0.329498
0.196838
0.0964813
-0.00297546
-0.0617065
-0.314484
-0.623871
-1.2516
-1.90027
-2.32771
-2.38023
-2.45877
-2.18462

[20]
-1.67747
0.333679
1.49335
-1.3147
-0.970856
-0.564484
-0.917007
-0.298645
-0.0888824
-0.0263519
0.0392761
-0.0573883
-0.117264
0.126923
0.0455017
-0.0871429
-0.204361
-0.0915222
-0.0630493
-0.0266266
0.0386047
-0.022522
-0.0364838
0.0886841
0.0739746
0.151398
0.162125
0.26152
0.257797
0.187454
1.06885
1.63638
0.861954
0.966797
0.658646
0.0888824
-0.634705
0.436523
0.899323
0.919556
0.743851
0.477188
0.22171
0.100098
0.0879364
0.041214
-0.0605774
-0.0899658
-0.477203
-1.05855

[21]
-1.55818
-2.00621
-2.12723
-2.26646
-2.03198
-1.90105
-0.232727
1.51291
-1.37059
-0.880554
-0.388519
-0.642868
-0.450516
-0.169205
0.0295563
0.0171204
-0.16478
-0.112
0.0515137
0.10228
0.0289917
-0.0869141
-0.0550232
-0.0134888
-0.032608
-0.0217285
0.00697327
0.0404053
0.0273743
0.156418
0.170242
0.20639
0.291321
0.328156
0.377625
1.4165
1.51476
0.980896
0.803452
0.941086
-0.47644
-0.558487
0.586639
0.889709
0.820511
0.780273
0.438721
0.228836
0.191208
0.160767

[22]
0.149261
0.0233002
-0.270004
-0.65332
-1.35025
-2.18088
-2.49699
-2.58636
-2.57381
-2.26305
1.50969
-0.26207
-1.56038
-0.740463
-0.344421
-0.37323
-0.285049
0.0427399
-0.0318298
-0.122849
-0.187775
-0.063446
0.00946045
0.0624695
-0.0825348
-0.0363464
-0.0194397
-0.0622559
-0.0357361
0.0649261
0.0929413
0.102631
0.126007
0.163696
0.284836
0.376846
0.294556
0.645859
1.73526
0.843033
1.11577
1.0024
0.322983
-0.817291
0.35321
0.824493
0.861023
0.804047
0.520996
0.217331

[23]
0.115936
0.0934601
0.0957642
0.0769196
-0.251404
-0.51355
-1.25145
-2.16418
-2.56047
-2.57947
-2.63568
-2.38771
-0.410568
1.46439
-1.52942
-1.34506
-0.355927
-0.580276
-0.406326
-0.0737762
-0.226135
-0.115265
-0.21315
-0.0488892
0.035614
0.0683441
-0.116119
-0.147369
-0.0875397
-0.141815
-0.148697
-0.12149
-0.0189972
-0.0436401
0.0376587
0.0616455
0.102844
0.219696
0.221527
0.234756
0.595016
1.66634
1.18323
0.962311
0.756302
0.719925
-0.254395
-0.292221
0.623535
0.810776

[24]
0.690735
0.552933
0.334686
0.165588
0.104355
0.0601959
0.0159302
-0.248123
-0.56813
-0.831985
-1.62251
-2.58186
-2.65694
-2.6674
-2.46562
-1.12775
1.44681
-1.23859
-0.770981
-0.759995
-0.862137
-0.427399
-0.202942
-0.05896
-0.172836
-0.0475464
-0.0904846
0.125015
-0.00831604
-0.0545959
-0.122665
-0.0897522
-0.0411224
-0.0612946
-0.0928192
-0.0214539
-0.00880432
0.107254
0.0790253
0.0762482
0.162613
0.255966
0.245712
0.47171
1.50601
1.52246
0.901627
0.865906
0.696701
-0.0339966

[25]
-0.824783
0.418335
0.77092
0.770966
0.642914
0.429688
0.125458
0.0569763
0.0441437
-0.0394592
-0.14267
-0.41304
-0.949203
-1.38322
-1.95923
-2.20427
-2.48778
-2.60963
-1.60522
-0.210312
1.49953
-1.19357
-0.863953
-0.771301
-0.659393
-0.750717
-0.110519
-0.0320129
0.0132599
0.096344
-0.0366516
-0.0293732
-0.0260925
0.0393066
0.0333099
-0.124741
-0.134918
-0.0353546
0.00271606
0.0352631
-0.0326233
0.035141
0.116821
0.0907288
0.139114
0.263992
0.257751
0.188309
0.898376
1.56444

