[1]
-0.148972
-0.181183
-0.15123
-0.187958
-0.206284
-0.137436
-0.187057
-0.206833
-0.177933
-0.177399
-0.125916
-0.122986
-0.148422
-0.200775
-0.24971
-0.196198
-0.121048
-0.233719
-0.253006
-0.476044
-0.474274
-0.383423
-0.463409
-0.626968
-0.674881
-0.721664
-0.476929
-0.428802
-0.489563
0.298218
-0.191757
-0.551498
-0.414398
-0.45311
-0.472992
-0.39537
-0.40625
-0.36087
-0.295227
-0.304077
-0.145416
0.0555115
0.144165
0.392166
0.618225
0.885178
1.09746
1.27086
1.09702
1.04634

[2]
0.680206
-0.0888672
-0.527924
-1.29105
0.0406342
-0.282211
0.278351
0.633804
-0.0585327
-0.233871
-0.352936
-0.0648193
0.0257721
4.57764e-05
-0.180908
-0.262451
-0.187302
-0.0957489
-0.074173
-0.1306
-0.154556
-0.166214
-0.0640564
-0.110809
-0.166779
-0.149399
-0.220612
-0.223785
-0.219742
-0.152405
-0.184525
-0.236389
-0.312302
-0.323975
-0.293015
-0.336197
-0.499298
-0.787827
-0.41423
-0.688934
-0.31752
-0.390717
0.0593872
-0.19635
-0.613846
-0.664368
-0.6772
-0.529037
-0.341324
-0.26918

[3]
-0.326736
-0.143082
-0.518204
0.0743103
0.145538
0.499344
0.703217
1.27362
1.46144
1.45955
1.06526
0.833084
0.629105
0.573013
-0.61676
-1.11522
-0.158905
-0.0784454
0.0917511
0.486679
0.267517
0.0425568
-0.06633
-0.123032
-0.123062
-0.0436096
0.0224304
-0.0529022
-0.115524
-0.213043
-0.133331
-0.0598602
-0.0618896
-0.0571136
-0.0765076
-0.0891266
-0.0877075
-0.117401
-0.123947
-0.140411
-0.163589
-0.146866
-0.277939
-0.237289
-0.315994
-0.27507
-0.25029
-0.234009
-0.2892
-0.750824

[4]
-1.01973
-0.790222
-0.0597534
-0.049408
-0.0235138
0.268555
-0.60614
-0.593094
-0.61351
-0.538635
-0.385513
-0.332626
-0.291855
-0.281494
-0.298187
-0.103836
-0.310532
0.194809
0.278412
0.450073
1.03473
1.3793
1.22394
1.36591
1.50749
1.11807
-0.772842
-1.11102
0.219864
0.314957
0.289612
0.184464
0.261566
0.100998
-0.145203
-0.170654
0.00216675
0.0643005
-0.0807648
-0.1241
-0.107239
-0.0280457
-0.0521088
-0.0236359
-0.061615
-0.131058
-0.138397
-0.0878601
-0.0444489
-0.146973

[5]
-0.13324
-0.226227
-0.218384
-0.24556
-0.205399
-0.254669
-0.196381
-0.156479
-0.417694
-1.00035
-1.03432
-0.438934
-0.259659
-0.259064
0.372482
-0.351059
-0.409988
-0.698593
-0.583771
-0.384491
-0.263535
-0.206909
-0.179749
-0.150421
0.0107269
-0.199768
0.171204
0.547653
0.930511
1.31625
1.68808
1.24748
1.03336
1.29953
0.497269
-1.50621
-1.22884
0.517609
0.155304
0.357849
0.488632
0.181549
0.00456238
-0.317444
-0.0289764
0.0851288
0.0202179
-0.084259
-0.130173
-0.0545807

[6]
0.0325623
-0.0322876
-0.0781097
-0.0920105
-0.0732574
-0.0507965
-0.0898285
-0.0926361
-0.187912
-0.0941467
-0.173981
-0.230865
-0.202911
-0.191483
-0.236542
-0.168411
-0.140854
-0.537704
-1.15326
-0.376312
-0.127914
-0.208145
0.428101
0.346649
-0.526535
-0.591339
-0.585632
-0.514282
-0.415405
-0.289093
-0.230011
-0.199524
-0.172516
-0.0914001
-0.0758057
-0.187057
0.415588
0.675613
1.11661
1.73253
1.74768
1.34525
1.18196
0.659058
-0.426239
-1.32465
-0.93573
0.378906
0.332489
0.495071

[7]
0.395676
0.199982
0.0445709
-0.059845
-0.107971
0.00637817
0.0756989
0.0648651
-0.0627441
-0.0637512
-0.00730896
0.029068
0.0043335
-0.0939636
-0.1008
-0.0616302
0.027832
-0.00808716
-0.0485535
-0.0975647
-0.169006
-0.230392
-0.325226
-0.263641
-0.161758
-0.038681
-0.25737
-0.917175
-0.884537
-0.829178
-0.384094
-0.284912
0.516785
0.664551
-0.305893
-0.36174
-0.635071
-0.457092
-0.380844
-0.250061
-0.118393
-0.0578308
-0.0834503
-0.0737
0.0580292
0.0122833
0.456787
0.984436
1.50768
1.82985

[8]
1.769
1.21158
-0.0511475
-1.63966
-1.26727
0.698807
0.30484
0.914551
0.238708
0.380157
-0.203156
-0.177719
-0.0260468
0.0716553
0.207123
-0.150391
-0.197021
-0.0569611
0.11261
-0.00788879
-0.101105
-0.0862885
-0.0504303
-0.0365448
-0.0157776
0.0397949
-0.13028
-0.171204
-0.221512
-0.27121
-0.270309
-0.255981
-0.20488
-0.308701
-0.443359
-0.774536
-0.835846
-0.619858
-0.0941467
-0.0574646
0.476501
-0.298935
-0.375549
-0.69397
-0.705841
-0.520905
-0.358093
-0.281815
-0.250977
-0.240402

[9]
-0.286331
-0.0425873
-0.210342
0.200989
0.957397
1.33801
1.82889
1.98956
1.3335
0.385483
-0.229401
-1.66348
-0.214478
0.594543
0.518402
0.377869
0.199249
0.318329
-0.0938263
-0.0497742
-0.0203247
0.0579529
0.135056
-0.00125122
-0.149704
-0.117477
0.0827637
0.0402679
-0.0519714
-0.0300903
-0.0177612
-0.0415955
0.0236969
-0.110199
-0.175888
-0.302551
-0.206833
-0.278427
-0.365799
-0.265549
-0.190292
-0.538864
-0.689056
-0.57106
-0.508484
-0.257523
0.350815
0.643112
-0.59523
-0.553284

[10]
-0.719971
-0.575974
-0.396606
-0.266312
-0.241913
-0.231812
-0.214844
-0.171982
0.0137939
-0.416687
0.330811
0.937851
1.14432
1.87257
1.92032
1.3022
1.04237
0.164169
-1.21869
-0.74321
0.834366
0.568832
0.0260773
0.306854
0.339188
-0.116089
0.0441284
-0.00743103
0.0466309
0.010376
-0.000137329
-0.0844116
0.0466156
0.0587921
0.0492401
-0.00689697
-0.0947571
-0.0582733
-0.0130157
0.0386658
-0.0231781
-0.0312805
-0.115036
-0.166824
-0.139816
-0.199127
-0.167526
-0.200958
-0.25885
-0.29837

[11]
-1.0766
-0.837662
-0.429886
-0.104477
-0.6185
0.330368
0.147949
-0.448822
-0.543961
-0.56636
-0.358459
-0.166367
-0.0246429
-0.0334625
0.00167847
0.0337067
0.115204
0.0746918
0.303085
0.583633
0.888992
1.10963
1.33362
1.40913
1.05644
1.0127
0.124039
-1.5654
-0.39064
0.550827
0.150345
0.356674
0.43634
0.283112
0.0899048
-0.0329132
-0.0335236
0.0545349
-0.0118103
0.139404
-0.00274658
-0.107712
-0.00506592
0.0993195
0.059494
0.0150146
-0.011261
0.0140228
0.0776367
0.00352478

[12]
0.040451
-0.0587311
-0.0740204
-0.215622
-0.212982
-0.171997
-0.124832
-0.0978699
-0.22934
-0.591293
-0.513245
-0.541046
-0.356964
-0.297516
0.66185
0.42923
-0.516525
-0.554047
-0.547211
-0.452499
-0.356842
-0.162109
-0.226669
-0.22258
-0.194626
-0.166336
0.00616455
-0.563293
0.214935
0.520859
0.905518
1.81155
1.92691
1.28571
1.29436
-1.80728
-0.0267029
0.434006
0.448959
0.306229
0.357483
0.364517
0.0949554
-0.149246
-0.0710144
0.080368
0.125839
0.141525
-0.0979462
-0.124939

[13]
0.0286713
0.098053
0.0560455
-0.00540161
0.0137634
0.0593109
0.0356903
0.0158997
-0.00836182
-0.0866394
-0.176804
-0.127075
-0.134247
-0.205841
-0.100723
-0.133072
-0.340057
-0.530273
-0.34848
-0.578598
-0.57048
-0.379547
0.422775
-0.0644684
-0.544189
-0.677277
-0.693222
-0.545059
-0.363953
-0.277878
-0.283615
-0.206894
-0.217407
0.00210571
-0.417358
0.405319
0.663681
0.977722
1.68817
1.77847
1.21461
1.8488
0.0712891
-0.2939
-0.973938
0.864716
0.0724182
0.356461
0.384384
0.316406

[14]
0.154648
0.130692
0.00701904
-0.0383759
0.17215
0.120239
6.10352e-05
-0.00183105
0.059433
0.117142
0.0966797
0.00540161
0.025238
0.0401917
0.0735626
0.0327454
-0.100449
-0.125824
-0.0602112
-0.108612
-0.167572
-0.226196
-0.271301
-0.1474
-0.566055
-0.769272
-0.399765
-0.39296
-0.396072
0.37735
0.609116
-0.620911
-0.559494
-0.618622
-0.439621
-0.292877
-0.160294
-0.127441
-0.100677
-0.148163
-0.0527039
0.00537109
0.0531616
0.54364
1.09937
1.77095
2.10892
1.9389
1.18703
0.93428

[15]
-1.76323
0.520065
0.620071
0.156784
0.403473
0.407974
0.277283
-0.0171051
-0.0296631
0.0682526
0.179413
0.0795898
0.018692
-0.0643005
0.101532
0.114349
0.0535736
0.0371857
0.0844574
0.052887
0.0345001
0.0731201
0.073349
-0.0738525
-0.24736
-0.134598
-0.11142
-0.204605
-0.135757
-0.0790863
-0.126572
-0.594437
-1.07774
-0.66806
-0.230545
-0.252518
-0.0490112
0.444229
-0.293976
-0.307907
-0.471283
-0.505219
-0.364655
-0.274323
-0.274963
-0.172852
-0.143631
-0.176468
-0.0656891
-0.0868988

[16]
0.140991
0.755997
1.44199
2.24078
2.33615
1.847
1.66652
-0.171127
-1.11832
-0.283127
0.0490417
0.651535
0.865265
0.28595
0.256439
0.1828
-0.0189972
0.100845
0.116196
0.240448
0.0286713
-0.0401154
0.07164
0.149872
0.105911
0.0472107
0.0383911
0.0632019
0.0705261
0.0497589
-0.0691986
-0.105957
-0.15889
-0.130157
-0.126892
-0.10762
-0.129807
-0.0621185
-0.506622
-0.99498
-0.628265
-0.285446
-0.460464
0.465912
0.894714
-0.539001
-0.552536
-0.673706
-0.525223
-0.304214

[17]
-0.208389
-0.186234
-0.102966
0.0318298
0.131241
-0.0728455
0.397552
0.710831
1.23087
1.60587
2.15981
1.82361
1.52631
0.139862
-0.690216
-1.28371
0.0273438
0.617935
0.878983
0.59169
0.358307
0.410294
-0.0549622
-0.0291595
0.0919495
0.0176849
0.377563
0.0337067
-0.079071
-0.0256653
0.0989685
0.137207
0.0231323
0.0176392
0.0735321
0.0826416
0.0657654
0.0718536
0.0586853
-0.0833588
-0.206558
-0.159714
-0.0870514
-0.0460358
-0.093277
-0.65097
-0.73909
-0.773605
-0.465454
-0.375443

[18]
0.146973
0.921234
-0.497879
-0.294708
-0.545914
-0.523102
-0.33728
-0.224365
-0.160721
-0.179062
-0.166489
-0.18573
-0.182892
-0.122772
0.622162
0.963303
1.28769
2.05521
2.03947
1.35333
0.977997
0.00740051
-1.42159
-0.251572
0.392334
0.336517
0.994629
0.350327
0.264847
0.0935059
0.0129242
0.0470734
0.213303
0.108322
0.0282593
0.00718689
0.0517883
0.0869293
0.110886
0.0703125
0.0162201
0.0131226
0.0479889
-0.00379944
-0.0775146
-0.0498199
-0.0102234
-0.164825
-0.229645
-0.213547

[19]
-0.136047
-0.293869
-0.995773
-0.787933
-0.48912
-0.332855
0.294388
1.43126
-0.717712
-0.41568
-0.628357
-0.492218
-0.321945
-0.120697
-0.138153
-0.10878
-0.0426941
0.0258636
0.256897
0.059082
0.72908
1.22894
1.50737
2.14374
2.14011
1.68629
1.10587
-1.78026
0.0625763
0.646759
0.211975
0.661057
0.470474
0.444733
-0.0196991
-0.0964203
0.0427399
0.180893
0.198914
0.0728149
-0.0302582
0.00517273
0.125595
0.0700226
0.0455322
0.0175018
0.0220947
0.0752716
-0.0400085
-0.0264282

[20]
-0.107651
-0.157959
-0.265671
-0.33078
-0.215805
-0.129349
-0.412918
-0.781021
-0.490601
-0.464737
-0.498886
-0.390366
-0.248276
-0.586487
-0.534409
-0.619354
-0.382034
-0.214722
-0.122345
-0.183899
-0.205139
-0.233734
-0.139984
-0.0248566
-0.154739
0.51944
1.11787
1.774
2.31708
2.24649
1.49814
-1.38515
0.479874
0.875809
0.407486
0.443695
0.456223
0.315536
-0.00866699
-0.0130157
0.14447
0.301575
0.0821381
0.0827332
-0.0329285
0.0634003
0.100754
0.105972
0.108841
0.0793152

[21]
0.0785065
0.0905304
0.014389
-0.00267029
-0.0683136
-0.00537109
-0.116211
-0.212616
-0.372131
-0.278351
-0.151443
-0.843475
-1.0116
-0.889648
-0.328674
-0.477631
0.291534
-0.409821
-0.451584
-0.405807
-0.550095
-0.337112
-0.208282
-0.196762
-0.201721
-0.221237
-0.164307
-0.130325
0.120026
0.119568
0.80571
1.56911
2.25034
2.37946
1.67754
1.76439
0.566513
-1.71333
-0.133926
0.568481
0.657883
1.04161
0.174057
0.395508
-0.0875702
0.00770569
0.0977478
0.203949
0.112549
0.103088

[22]
0.077179
0.155365
0.136978
0.056488
0.00642395
0.0156555
0.105743
-0.0372467
-0.0671997
-0.134323
-0.0715332
-0.187408
-0.366119
-0.305801
-0.151123
-0.33226
-1.3163
-0.868393
-0.134766
-0.542084
0.622635
0.579697
-0.502106
-0.29892
-0.488785
-0.34346
-0.18338
-0.122589
-0.111649
-0.0943146
-0.107147
-0.0787811
0.264175
-0.0883942
0.837555
1.40668
1.98862
2.36775
1.94473
1.14459
-0.372421
-1.71539
1.0118
0.47049
1.07417
0.488739
0.447495
0.0183563
-0.0793304
0.194153

[23]
0.201157
0.323975
0.0533905
-0.0525055
0.0765076
0.184418
0.108765
0.0544281
0.0328827
0.122421
0.145035
0.0469818
-0.0899811
-0.0919647
-0.0190277
-0.176834
-0.310455
-0.224747
-0.0609741
-0.572845
-0.682068
-1.14058
-0.411804
-0.254807
-0.517853
-0.362061
-0.341721
-0.379517
-0.386261
-0.270416
-0.169662
-0.0852051
-0.0973969
-0.136612
-0.17009
-0.254593
-0.036972
0.325333
0.923187
1.15633
2.00793
2.13083
1.37636
1.81003
-1.00179
-0.380905
-1.37428
0.420212
0.0045166
0.974838

[24]
0.318192
0.553131
0.254623
0.0799713
0.146759
-0.0425262
0.195358
0.24556
0.171707
0.0648956
0.0810852
0.0739746
0.0624542
0.0474243
0.0336151
0.0345459
0.0680237
-0.0493164
-0.071991
-0.0482483
-0.286179
-0.288483
-0.195923
-0.146988
-0.853851
-1.01642
-0.389938
-0.230774
-0.561111
0.410858
-0.414886
-0.443283
-0.527252
-0.602509
-0.388092
-0.190018
-0.126984
-0.195099
-0.224442
-0.177979
-0.045517
-0.19397
0.308228
1.00035
1.48373
2.30382
2.32959
1.51886
1.25102
-1.74413

[25]
-0.130905
0.735519
0.374542
0.534866
0.293503
0.573044
0.0200958
0.0389709
0.0690613
0.184036
0.123291
0.0856476
0.0575562
0.092926
0.132446
0.121033
0.0830231
0.112442
0.0721283
0.117813
0.0651703
-0.102203
-0.0989685
-0.0973969
-0.280655
-0.243179
-0.154327
-0.20517
-0.648575
-0.504593
-0.457428
-0.540115
-0.0689697
1.42331
-0.638031
-0.363953
-0.542053
-0.429459
-0.277588
-0.00695801
-0.0601349
-0.0635376
-0.0147552
-0.0425415
0.0826874
0.153427
0.581985
1.33629
1.89696
2.29144

