[1]
0.0140381
-0.122513
0.0142365
0.140732
0.261948
0.433136
0.375916
-0.023819
0.134491
-0.392715
0.217575
0.144577
-0.00567627
-0.101883
-0.376465
-0.168091
-0.0693665
-0.118591
-0.0934906
-0.100845
-0.174988
-0.220871
-0.149292
-0.092865
-0.0617065
-0.0945435
-0.078949
-0.0936432
-0.101028
-0.0941162
-0.078125
-0.115707
-0.105057
-0.114914
-0.0839081
-0.050415
-0.062027
-0.0801239
-0.0402069
-0.0954742
-0.101974
-0.0773621
-0.0608215
-0.0838318
-0.111237
-0.198792
-0.48468
-0.520874
-0.408463
-0.033371

[2]
-0.247726
-0.381805
-0.42659
-0.337143
-0.223618
-0.197235
-0.0905609
-0.0509644
-0.0218964
0.014679
-0.080307
-0.10289
-0.0843506
0.0350342
0.0126953
-0.0423431
-0.140854
-0.249557
-0.162247
0.0201263
0.117279
0.496475
0.905273
0.415375
0.255432
0.172852
0.385101
0.181625
0.152039
0.216904
-0.185394
-0.238235
-0.146851
0.0589905
0.0374451
0.138428
0.0514832
-0.0413818
-0.0773315
-0.0852814
0.0698853
0.123795
0.00111389
-0.0230255
0.0384979
0.0366211
0.0196381
0.0193024
0.0217285
0.0258789

[3]
0.000900269
0.0104675
-0.0179443
-0.00497437
-0.0348511
-0.0482025
0.0432281
0.0337219
-0.0120392
-0.153625
-0.107178
-0.0910492
-0.343872
-0.361374
0.0628967
-0.186279
-0.445892
-0.473923
-0.42215
-0.226303
-0.117081
-0.0499268
-0.0815277
-0.061264
-0.0306396
-0.00810242
-0.133301
-0.125656
-0.0807037
0.137344
0.26973
0.190598
0.201706
0.178497
0.218323
0.313614
0.613464
0.635361
0.492218
0.579681
0.244461
-0.0490112
0.289001
0.241333
0.259903
-0.0852966
-0.187042
-0.0771027
0.0144043
-0.0151062

[4]
0.103577
0.103775
-0.0934448
-0.230453
-0.075882
0.111954
0.0502167
-0.0715637
-0.0603333
-0.00894165
0.0450592
0.0288086
-0.00631714
-0.0142212
0.0186005
0.00115967
0.0336304
0.0235596
0.0593719
-0.0114136
-0.0549011
-0.0687408
-0.0303192
-0.0626373
-0.152039
-0.243393
-0.390472
-0.620956
0.0512238
-0.0879364
-0.271225
-0.608932
-0.315735
-0.173553
0.0362244
0.0297852
-0.0953522
-0.142441
-0.116928
-0.112854
-0.137024
-0.190826
-0.209427
-0.212387
-0.137939
0.0375977
-0.0126953
0.099884
0.379456
0.518753

[5]
0.451477
0.437531
0.749008
0.348541
0.503036
-0.0697479
0.470764
0.386749
-0.0754242
-0.017395
-0.215958
-0.0554352
0.063858
0.0748596
-0.00257874
0.129059
-0.0546265
-0.1483
-0.105942
0.0121918
0.0755157
0.00259399
-0.0712738
-0.0384216
-0.000289917
0.00564575
-0.0419464
-0.046463
-0.0459595
0.00561523
0.0531464
0.096817
0.0714722
0.00228882
0.00172424
0.0551758
-0.0147095
-0.175797
-0.249512
-0.239578
-0.39743
-0.434708
0.100601
0.0899048
-0.193466
-0.580383
-0.69223
-0.392319
-0.125946
-0.0682678

[6]
-0.0961456
-0.149643
-0.124863
-0.0817719
-0.0345764
-0.0221863
-0.06987
-0.0823669
-0.00610352
0.00376892
-0.0507965
-0.146164
-0.2995
-0.290634
-0.218918
0.193314
0.920944
0.347122
0.331131
0.291641
0.988983
0.0995636
0.238312
-0.132156
-0.266205
-0.0674133
0.103958
0.0564728
0.0904846
0.113556
-0.00915527
-0.105209
-0.168152
0.0552216
0.0990295
0.033905
-0.052887
-0.0371094
0.0228119
0.0604706
0.00938416
0.00349426
0.0448303
0.0419464
0.05513
0.0205536
0.00437927
-0.00523376
0.0582275
0.0500641

[7]
-0.0759277
-0.203232
-0.309235
-0.271027
-0.23349
-0.192444
0.107986
-0.300552
-0.40834
-0.569275
-0.402847
-0.164337
-0.0703278
-0.0140686
-0.0838776
-0.0708313
-0.0342712
-0.0435944
-0.0609741
-0.120651
-0.14386
-0.0923462
0.0982208
0.0721741
0.0217438
0.07901
0.0318146
-0.0475769
0.154938
0.519669
0.556259
0.544632
0.737717
0.02948
0.521332
-0.19838
-0.178925
-0.350433
-0.00183105
0.169754
0.15184
0.168884
-0.0240479
-0.0628204
-0.127792
-0.0733948
0.124268
0.124588
-0.0175476
-0.0681305

[8]
0.0247192
0.0839539
0.0427551
-0.000518799
-0.00132751
-0.00131226
0.0123444
0.0259552
0.0164642
0.0014801
0.0381012
-0.00663757
-0.086853
-0.136795
-0.114334
-0.218842
-0.753433
-0.0299683
-0.0872803
-0.528015
-0.559265
-0.582947
-0.170776
-0.0779114
-0.129669
-0.136688
-0.0430908
0.0668182
0.0404358
-0.061264
-0.0967407
-0.0594025
0.0383911
0.0511322
-0.0735931
-0.151657
-0.204132
-0.264908
-0.222
0.182388
0.927109
0.682434
0.30304
0.262573
0.643387
0.290131
0.138992
0.0330811
-0.249969
-0.212585

[9]
-0.0339355
0.09552
0.0698547
0.128799
0.0536194
-0.0463715
-0.172211
-0.149979
0.103333
0.160889
0.067276
-0.0787811
-0.0586395
0.0530853
0.0663757
0.0374298
-0.019577
0.00959778
-0.0214539
-0.00856018
0.0252533
0.0165253
0.0150757
0.0467072
0.0211945
-0.228607
-0.174988
-0.108383
-0.0866241
-0.173569
-0.424286
-0.0644531
-0.134094
-0.276901
-0.473602
-0.383682
-0.240067
-0.09375
-0.0690918
-0.199081
-0.147034
-0.0960083
-0.0493317
-0.0610657
-0.136459
-0.115341
-0.0715942
-0.0393829
-0.00364685
-0.0306854

[10]
0.0373383
0.191925
0.386093
0.641754
0.831833
0.702484
0.572754
0.488235
0.258499
0.262589
0.221451
-0.225922
0.0147858
0.104813
0.0972137
0.0366821
0.0297699
0.00588989
-0.0509338
-0.0819855
-0.0664825
0.0791779
0.116577
0.0580902
-0.0248108
-0.0594635
0.00595093
0.0581665
0.0786896
0.0363007
0.0296936
-0.000106812
-0.0268707
0.0140381
-0.00906372
-0.00270081
0.0585022
0.0356293
-0.11795
-0.203827
-0.133041
-0.218994
-0.613831
-0.0865936
0.0199432
-0.358902
-0.524323
-0.488617
-0.249146
-0.0642242

[11]
-0.115753
-0.16539
-0.130249
-0.0736694
-0.0328522
-0.0144348
-0.0364227
-0.0726471
-0.0558014
-0.000152588
0.0977173
0.0844727
-0.00440979
-0.135818
-0.119629
-0.216965
-0.119263
0.380692
0.292465
0.827835
0.544708
0.240616
0.279541
-0.602066
-0.0345612
-0.0887756
0.043808
0.0583649
0.133499
0.0795746
0.00669861
-0.257645
-0.114334
0.0972137
0.132446
0.00993347
-0.00733948
0.0274048
0.0400543
0.0309601
-0.00808716
0.0182343
0.025116
0.0175781
0.0134888
-0.0121613
0.0230255
0.0464325
0.0777435
-0.0614014

[12]
-0.189346
-0.189774
-0.178619
-0.398041
-0.514877
0.0974579
-0.465363
-0.427948
-0.545685
-0.400055
-0.146622
-0.0724945
-0.0749512
-0.163025
-0.119278
-0.06073
-0.0623932
-0.0603943
-0.12381
-0.103516
-0.0392303
-0.0103302
-0.019928
-0.097168
-0.105133
0.0324554
0.200439
0.447754
0.672836
0.788162
0.283051
0.388885
0.132278
0.14209
-0.126251
0.0306549
0.149139
-0.0592194
0.00192261
0.0532074
0.0626373
-0.111938
-0.193436
-0.0162506
0.0760803
0.0236206
-0.0766602
-0.0396271
0.0243225
0.0171814

[13]
-0.00502014
-0.00842285
0.0305939
0.00392151
0.0192566
0.0160217
0.04953
0.0319061
0.00796509
-0.0185547
-0.0978394
-0.166519
-0.181168
-0.260025
-0.535202
-0.200226
0.0276794
-0.343765
-0.519989
-0.593094
-0.280563
-0.178467
-0.0679321
-0.00868225
-0.0188293
-0.0539093
-0.0443115
0.0120087
-0.00978088
-0.0296936
0.0164948
0.137741
0.0724487
-0.0454102
-0.128464
-0.249512
-0.499512
-0.378235
0.00292969
0.349884
0.475113
0.579651
0.306366
-0.0297241
0.398026
-0.268723
0.155716
-0.0503998
0.0140228
0.0301514

[14]
0.0716705
0.106125
-0.0263824
-0.168839
-0.0891266
0.0654144
0.0783234
-0.0412292
-0.0707245
-0.0228577
0.0100098
0.0165253
0.00146484
-0.00888062
0.000228882
-0.0106049
0.0219727
0.0262756
0.0383606
0.0554657
0.0773315
-0.0587006
-0.119278
-0.22612
-0.370712
-0.521881
-0.419907
0.0932159
-0.150482
-0.432388
-0.722458
-0.369476
-0.189056
-0.0992584
-0.0292206
-0.077179
-0.0812225
-0.0419464
-0.0128632
-0.0212555
-0.081665
-0.0387115
0.00843811
0.039032
-0.0588684
-0.220322
-0.154922
0.0489807
0.115128
0.506683

[15]
0.803711
0.505203
0.355072
0.441452
-0.0855255
0.435226
-0.411362
0.103134
0.00541687
0.00389099
1.52588e-05
0.0444489
0.127136
0.0190887
-0.163208
-0.170441
0.0543518
0.137039
0.0589447
-0.0523682
-0.0498962
0.00967407
0.0446625
0.0501251
0.0243225
0.0120392
0.0365448
0.046402
0.0226135
0.030365
0.0218353
0.0604553
-0.019577
-0.14946
-0.229706
-0.173523
-0.282944
-0.756409
0.10881
-0.143906
-0.454742
-0.607559
-0.407196
-0.158524
-0.123611
-0.112152
-0.134293
-0.10614
-0.0943909
-0.0945129

[16]
-0.0564117
-0.0581665
-0.0557404
-0.021759
0.0957642
0.170975
0.0446167
-0.0917358
-0.144363
-0.220123
-0.0540161
0.432632
0.768524
0.634766
0.174728
0.14621
0.339371
-0.0765839
0.0814362
-0.0391083
0.0645905
0.092926
0.0180359
0.0565338
0.0248871
-0.0908661
-0.120941
-0.0257874
0.10553
0.0627441
0.00602722
-0.0125885
0.0431671
0.046936
0.0265961
0.00556946
0.026886
0.00569153
-0.00384521
-0.00427246
0.0408783
0.0492401
0.0543213
0.0587769
-0.129044
-0.247162
-0.198181
-0.298508
-0.829391
-0.0549774

[17]
-0.0634155
-0.395096
-0.476028
-0.389786
-0.159317
-0.071228
-0.0827484
-0.170242
-0.150574
-0.108307
-0.0613708
-0.0431976
-0.0801239
-0.0739288
-0.030899
-0.0270081
-0.019928
-0.0833435
-0.089798
-0.0635071
0.0399475
0.233276
0.587418
0.692703
0.504471
0.244568
0.36496
0.29303
0.521179
-0.251556
0.0117188
-0.0938263
-0.0156708
-0.0344391
0.0175934
0.0781403
0.0418091
-0.0205231
-0.129807
-0.108841
-0.00930786
0.0133209
0.0032959
-0.0467987
-0.0554352
-0.032959
0.0133514
0.0236969
0.0317993
0.00617981

[18]
0.00691223
0.00384521
0.0212555
-0.00126648
0.0113068
0.036087
0.0214233
-0.118484
-0.232117
-0.241364
-0.415619
-0.493484
0.00900269
0.0927429
-0.216431
-0.55307
-0.637924
-0.295578
-0.135025
-0.0690308
-0.0801086
-0.152771
-0.118179
-0.0864105
-0.0420227
-0.090332
-0.112167
-0.0980835
0.0205078
0.0299377
-0.0350189
-0.0172882
0.0593567
-0.106842
0.0566559
0.996277
0.8116
0.46962
-0.0249176
0.343704
0.160797
-0.0427704
-0.0848083
0.00328064
0.0475922
0.0263519
-0.0446777
0.0225677
0.00941467
0.00309753

[19]
-0.0352478
0.0045166
0.036911
0.0496674
0.0531464
-0.00822449
-0.0167847
0.0246277
0.0122223
-0.0197296
0.00126648
-0.017807
-0.0265656
-0.0136414
0.0203705
0.066452
0.123932
-0.0250702
-0.173676
-0.262207
-0.371796
-0.381714
-0.39978
0.107635
-0.125656
-0.324448
-0.599503
-0.383759
-0.168457
-0.152344
-0.0750275
-0.119354
-0.122101
-0.0788116
-0.0359955
-0.0506439
-0.0654449
-0.0489655
-0.00431824
0.0410767
0.0250244
-0.0947266
-0.199203
-0.141266
-0.049469
0.178726
0.419907
0.588989
0.179138
0.21405

[20]
0.231598
0.335999
-0.210236
0.0322876
-0.00222778
0.0594482
-0.0261536
-0.0186005
-0.0112457
-0.0366364
-0.176636
-0.0976257
0.0533447
0.0905914
-0.0275116
-0.0407715
0.0142059
0.0447235
0.00325012
0.0246429
0.0284424
0.0206146
-0.00471497
-0.0175476
0.0172272
0.0831909
-0.0137634
-0.0398712
0.000717163
0.0117188
-0.143478
-0.215561
-0.334885
-0.546753
0.163544
-0.212189
-0.414627
-0.747345
-0.449692
-0.171173
-0.037796
-0.0692139
-0.159866
-0.143723
-0.0798492
-0.0730438
-0.0809326
-0.100983
-0.113998
-0.060791

[21]
0.0486603
-0.114517
-0.175079
-0.210556
-0.24292
-0.295502
-0.0369415
0.736099
0.652267
0.481781
0.807495
0.555466
0.133728
-0.0329895
-0.120789
-0.0661011
-0.0236206
0.0346222
0.0918121
0.130417
0.0745239
-0.106613
-0.256989
-0.0547638
0.164398
0.124954
-0.0206604
-0.0768585
-0.00111389
0.0572205
0.015625
0.0220337
0.00431824
-0.00494385
0.00749207
0.0187378
-0.0124512
-0.026886
0.0417633
0.0134125
-0.0283966
-0.267914
-0.19429
-0.0348969
-0.0798187
-0.638474
0.0507355
-0.304611
-0.411118
-0.623337

[22]
-0.458038
-0.161011
-0.11467
-0.11908
-0.123932
-0.0762787
-0.0248566
-0.0296173
-0.0326843
-0.0402832
-0.057785
-0.0152588
0.0471802
0.0218658
0.0230408
-0.025238
-0.0550385
-0.000320435
0.345474
0.845444
0.607819
0.37149
0.465118
0.00706482
0.479645
-0.405167
0.116928
0.0796356
-0.0271454
-0.00923157
-0.00561523
0.0376587
0.0207367
-0.122818
-0.162537
-0.00947571
0.0662994
0.0582123
0.0027771
-0.0497437
0.000427246
0.0346832
0.0180817
-0.00514221
-0.00334167
0.0322113
0.00282288
-0.0148773
-0.00976562
-0.0180511

[23]
0.0508423
0.0661163
-0.0294037
-0.241592
-0.277985
-0.203339
-0.374664
-0.270645
-0.0189056
-0.529892
-0.562592
-0.582748
-0.277634
0.0163727
-0.031601
-0.130447
-0.125092
0.0102539
0.0052948
-0.0602264
-0.126114
-0.193909
-0.013031
-0.0337524
-0.15329
-0.27066
-0.20932
-0.193756
-0.0654907
0.339432
0.726852
0.602295
0.647964
0.777512
0.78717
0.0596161
0.145325
-0.233719
-0.0677643
-0.00241089
-0.0272064
0.0196838
0.0605774
0.0368195
-0.0533142
-0.181305
-0.108978
0.0282135
0.0907593
-0.0232086

[24]
-0.0489807
-0.024826
0.0550842
0.0245056
0.000915527
0.0155334
-0.00177002
0.00627136
-0.0168304
-0.00782776
-0.0128174
-0.0284119
-0.0040741
-0.022171
-0.0767975
-0.118164
-0.188797
-0.231842
-0.726135
-0.0689697
-0.04953
-0.380539
-0.52298
-0.408127
-0.222015
-0.382889
-0.157211
-0.116119
-0.125717
-0.153778
-0.116776
-0.0768585
-0.0415344
-0.0362549
-0.00924683
0.0019989
-0.0233002
-0.0488586
-0.0897369
-0.0443268
0.186569
0.641312
0.813431
0.612579
0.518814
0.212326
0.271225
0.440002
0.209778
-0.319199

[25]
-0.14296
0.0306091
-0.0360413
0.086441
0.0590515
0.0870514
0.0632935
-0.0640411
-0.0625153
0.00863647
0.119141
0.0634155
-0.0152283
-0.0160675
-0.0370178
0.00453186
0.0360718
0.0199432
0.000259399
0.00569153
0.0147705
-0.00265503
0.00888062
0.0110016
0.058136
0.0398102
-0.14711
-0.208359
-0.112381
-0.193207
-0.575165
-0.173157
0.0359955
-0.366257
-0.429535
-0.447159
-0.154709
-0.380325
-0.184219
-0.116821
-0.0960236
-0.0951691
-0.0647888
-0.0423584
-0.0107422
-0.0642853
-0.041214
0.112137
-0.0149078
-0.0337677

[26]
0.0258636
-0.0045166
-0.0754242
0.00474548
0.315399
0.642776
0.548691
0.51329
0.430786
0.376572
0.373245
0.0215302
-0.0226898
-0.118607
-0.0410919
0.0523071
-0.00050354
0.100418
0.100311
0.0390472
-0.0675964
-0.135025
0.015625
0.0967255
0.0746765
-0.0267792
-0.0705261
-0.0207214
0.0575714
0.0492706
0.00415039
0.000457764
0.0233002
0.0167999
0.0312195
-0.0259857
-0.0266418
0.0400238
0.0124207
-0.116425
-0.152756
-0.11824
-0.109161
-0.0792694
-0.509048
0.0312958
-0.0865021
-0.46228
-0.564102
-0.445465

[27]
-0.208145
-0.113754
-0.157516
-0.204697
-0.144836
-0.0923767
-0.0765228
-0.0715637
-0.0327759
-0.0584106
-0.0449066
-0.0779266
-0.0516815
0.0277557
0.0282745
-0.0400085
0.106903
0.577316
1.1113
0.736374
0.43103
0.114746
0.493835
0.68428
-0.174179
-0.0233917
-0.112915
0.0391998
0.00875854
0.0594177
0.141602
0.112625
0.00975037
-0.0553589
-0.0984802
-0.0201569
0.105469
0.119934
0.0731659
0.009552
-0.058136
-0.00341797
0.0587006
0.0162201
0.010498
-0.0199127
-0.0361938
0.0101776
0.0355988
-0.0280609

[28]
0.00549316
-0.0588379
-0.055481
-0.110199
-0.120377
-0.200455
-0.377792
0.0323486
-0.426453
-0.496994
-0.56517
-0.384872
-0.105881
-0.175644
-0.189209
-0.122147
-0.0543213
-0.0161133
-0.0236511
-0.0406342
0.0134888
0.00767517
0.0375671
0.0553284
-0.00875854
-0.0398712
0.0431519
-0.0634155
0.0107574
0.561798
0.730164
0.61441
0.511505
-0.00764465
0.448196
0.0686035
0.0263672
0.000518799
-0.0191345
0.0244751
-0.00228882
0.0636597
0.0843353
-0.020752
-0.141235
-0.104263
0.0287628
0.0986023
0.0267334
-0.0370636

[29]
-0.0186768
0.0500336
0.103973
0.0776978
0.0253906
0.0108032
0.00738525
0.0176697
0.0308533
0.0210876
0.0270538
0.097229
0.0545197
-0.13768
-0.198578
-0.228394
-0.321365
-0.176559
0.0712738
-0.0993195
-0.556793
-0.753128
-0.510315
-0.209045
0.0137024
-0.0091095
-0.114502
-0.140091
-0.0979309
-0.0479889
-0.0595245
-0.18924
-0.217972
-0.185822
-0.0977173
-0.121887
0.0015564
0.205917
0.160416
0.248001
0.755066
1.17931
0.853363
0.55394
0.232803
0.720642
-0.272034
0.143158
-0.108154
0.115173

[30]
0.14859
0.124146
0.0633698
-0.0110931
-0.0373383
-0.0466309
0.0276947
0.139709
0.157196
0.0869446
0.0267181
0.0436554
0.0829773
0.0811615
0.0465851
0.0208893
0.0314331
0.0288849
0.0302582
0.019516
0.0480957
0.0146484
-0.0309296
-0.0594177
-0.0828705
-0.178177
-0.284256
-0.477142
0.139221
-0.505814
-0.410355
-0.561966
-0.397507
-0.145081
-0.0919952
-0.0744934
-0.155396
-0.101151
0.00172424
0.0449066
0.045105
0.0333862
0.0531616
0.0383759
0.14772
0.266891
0.175201
0.114166
0.0670929
0.164307

[31]
0.598831
0.819183
0.271515
-0.0984039
0.163193
0.196274
0.174026
-0.0528259
0.220001
0.0860138
-0.0065155
-0.0249939
-0.0115814
0.0265656
0.018158
-0.0971985
-0.141388
0.0188904
0.107483
0.0574493
-0.0109711
-0.0218048
0.0416718
0.0461121
0.05513
0.0050354
0.0140533
0.0320892
0.0091095
-0.0139008
0.00254822
0.0406036
0.037323
-0.024353
-0.0787659
-0.132965
-0.0878296
-0.264481
-0.324478
-0.297043
0.0879974
-0.187195
-0.299133
-0.611389
-0.452484
-0.176086
-0.115402
-0.123047
-0.145569
-0.145279

[32]
-0.110168
-0.0509033
-0.0515289
-0.11731
-0.123108
-0.140854
-0.0766602
0.0187378
-0.0628815
0.0167084
0.0820312
0.241486
0.466827
0.757156
0.859818
0.678711
0.285355
0.0982208
0.43602
-0.131424
0.305557
0.0741882
0.00157166
0.0339355
0.024292
0.00308228
-0.019989
-0.0861206
-0.113968
0.0115509
0.119247
0.0505371
0.0144653
-0.0274048
0.00598145
0.0730896
0.0401611
0.0145416
0.0126495
0.0206757
0.0392761
0.0453644
0.0393524
-0.00102234
0.0765839
-0.00515747
-0.175964
-0.208374
-0.269501
-0.339172

[33]
-0.425079
0.113525
-0.408661
-0.370865
-0.483063
-0.323288
-0.0733185
-0.10553
-0.163422
-0.160721
-0.0968018
-0.033905
-0.0114899
-0.0155792
-0.00708008
0.00349426
0.0357971
0.0502014
0.0644073
0.0282898
0.121078
0.311172
0.56691
0.986221
1.15556
0.347321
0.558914
0.0589142
-0.67662
0.962936
0.0882721
0.168488
0.140549
0.102371
-0.0192108
-0.101425
-0.0038147
0.0124207
0.0414429
-0.049118
-0.0309143
-0.0153809
-0.000610352
-0.00164795
0.00419617
0.0166473
0.00343323
-0.0132294
0.00534058
0.0155334

