[1]
-0.341995
-0.0420685
-0.0224762
-0.0213928
-0.0534515
-0.0474701
-0.0418854
-0.0545807
-0.0271454
-0.0486145
-0.0344696
-0.0561981
-0.0984955
-0.0983582
-0.127548
-0.154236
-0.224472
-0.294006
-0.317017
-0.426346
-0.654816
-1.02878
-1.07008
-0.92218
-0.708542
-0.55867
-0.177841
0.927338
0.0670013
0.522583
0.727005
0.692032
0.691513
0.666458
0.615723
0.5681
0.471207
0.264969
0.108734
-0.112396
-0.378571
-0.643768
-0.875015
-1.099
-1.13893
-1.10507
-0.760468
-0.618225
-0.408493
0.00863647

[2]
-0.308823
-0.286362
-0.701996
-0.511826
-0.167465
-0.209488
-0.0149994
-0.0415649
0.00123596
-0.0466614
-0.0620575
-0.0387115
-0.0536804
-0.0207825
-0.0216522
-0.00598145
0.00520325
0.00801086
0.00485229
-0.000854492
0.00558472
-0.00601196
-0.0236053
-0.00997925
-0.0348358
-0.04953
-0.0821228
-0.0908051
-0.118851
-0.169662
-0.167267
-0.219971
-0.357391
-0.450745
-0.646515
-0.983673
-1.06268
-0.691284
-0.765213
-0.499054
-0.462357
0.511368
0.013855
0.474884
0.554672
0.569519
0.620834
0.594482
0.565445
0.540649

[3]
0.460739
0.276718
0.0797272
-0.0663605
-0.327377
-0.60524
-0.817566
-0.851624
-0.933762
-0.871689
-0.747345
-0.615036
-0.48645
-0.243484
-0.379272
-0.317825
-0.5242
-0.713837
-0.224915
-0.107819
-0.127274
-0.10994
-0.0108337
-0.0469971
-0.0358429
-0.0091095
-0.0411835
-0.0131073
-0.0108032
-0.0260315
-0.00920105
0.00195312
-0.0205841
-0.0247955
0.00663757
-0.0170898
-0.0357513
-0.00547791
-0.0172882
-0.0182495
-0.0804749
-0.115204
-0.165085
-0.160263
-0.195312
-0.309189
-0.480881
-0.669891
-0.949265
-1.07411

[4]
-1.07567
-0.946793
-0.764023
-0.388657
0.724213
-0.0070343
0.389099
0.831909
0.712143
0.681534
0.642242
0.575912
0.536377
0.414536
0.11731
0.0800934
-0.209976
-0.341187
-0.498322
-0.58989
-0.756012
-0.873962
-0.908981
-0.721436
-0.570374
-0.483902
-0.494263
-0.423981
-0.414917
-0.528152
-0.511414
-0.134888
-0.101868
-0.0469055
-0.0272827
-0.0810852
-0.107513
-0.0508728
-0.0209198
0.00384521
0.00389099
-0.0363007
0.00630188
0.0189514
0.00900269
-0.00228882
-0.011795
-0.00263977
-0.0320587
-0.0373383

[5]
-0.0481567
-0.0568085
-0.109299
-0.12561
-0.122925
-0.173355
-0.205276
-0.27449
-0.374908
-0.528503
-0.720596
-1.07538
-0.966843
-1.00818
-0.713913
-0.611237
0.236557
0.208023
0.446884
0.622787
0.647064
0.633163
0.668991
0.620132
0.558868
0.546204
0.460999
0.280441
0.106277
-0.119202
-0.387299
-0.769135
-1.07584
-1.13895
-1.1803
-1.11812
-0.763626
-0.67894
-0.463791
-0.430145
-0.652679
-0.498062
-0.248718
-0.0989838
-0.165451
-0.042511
-0.0037384
-0.0404053
-0.0578918
-0.0205078

[6]
-0.0238953
-0.00744629
-0.0444794
-0.0322113
-0.0128784
-0.0144348
-0.0219269
-0.0415497
-0.0236511
-0.0342407
-0.0248566
0.00100708
-0.0899506
-0.101517
-0.14035
-0.156754
-0.181351
-0.195786
-0.336288
-0.417145
-0.636429
-1.04613
-1.07826
-1.01282
-0.638733
-0.741501
0.0509796
0.760345
0.295151
0.504013
0.639038
0.633698
0.644775
0.637497
0.602814
0.568497
0.48848
0.297989
0.124786
-0.035675
-0.286499
-0.637115
-0.867371
-0.875458
-0.873459
-0.816681
-0.671341
-0.505722
-0.484756
-0.541611

[7]
-0.239563
-0.353897
-0.67131
-0.260223
-0.0205536
-0.0562439
-0.185303
-0.096817
-0.0372467
-0.0839691
-0.0850067
-0.0244751
-0.00260925
-0.00117493
-0.00398254
-0.0331116
0.012085
0.00764465
-0.00540161
-0.012146
-0.0239716
-0.0281525
-0.00830078
-0.0263672
-0.0538177
-0.0761414
-0.0903168
-0.116745
-0.151474
-0.226654
-0.244354
-0.396057
-0.497757
-0.731277
-1.06577
-1.07909
-0.832977
-0.854828
-0.582733
-0.0631409
1.02084
0.362991
0.51091
0.691299
0.659683
0.635895
0.608337
0.568115
0.520279
0.471085

[8]
0.264099
0.111893
-0.0773468
-0.326752
-0.638397
-0.893677
-0.998459
-1.06224
-0.989532
-0.748947
-0.415817
-0.589249
-0.169998
-0.273102
-0.556671
-0.319595
-0.189575
-0.0968933
-0.0193634
-0.0317688
0.0042572
-0.059906
-0.0407867
-0.0132751
0.00190735
-0.00819397
-0.00796509
-0.00917053
0.00257874
0.0383148
0.0350494
0.0283813
0.0233765
-0.0650024
-0.0514984
-0.0296326
-0.0101929
-0.0359039
-0.0804291
-0.114944
-0.144821
-0.157959
-0.230896
-0.217316
-0.30455
-0.482178
-0.760422
-1.06653
-1.06873
-0.914932

[9]
-0.751633
-0.570465
-0.268738
0.898636
-0.0755615
0.489304
0.642883
0.631699
0.674667
0.667755
0.620148
0.572906
0.468231
0.302414
0.0646667
-0.134659
-0.370758
-0.695786
-1.03529
-1.03423
-0.97937
-0.814285
-0.558655
-0.732437
-0.481873
-0.162537
-0.31456
-0.606705
-0.179626
-0.0258331
-0.0769043
-0.0674744
-0.110352
-0.0487976
-0.0623474
-0.0219879
-0.0137024
-0.00469971
-0.0335999
-0.0251007
0.0157318
0.00357056
-0.00239563
-0.014389
-0.0175629
-0.0135651
-0.0388031
-0.0282898
-0.0223999
-0.117142

[10]
-0.112762
-0.103394
-0.177322
-0.188293
-0.217422
-0.345306
-0.57753
-0.744324
-0.996429
-1.07068
-0.813049
-0.607117
-0.557953
0.0030365
0.87616
0.406937
0.460205
0.593674
0.626297
0.646362
0.651108
0.586533
0.536575
0.4198
0.302307
0.0905457
-0.101746
-0.417068
-0.728058
-0.9785
-1.10408
-1.0036
-0.90715
-0.740295
-0.480652
-0.841843
-0.0123596
-0.28717
-0.415939
-0.611221
-0.321777
-0.0335236
-0.263992
-0.0552521
0.0192871
-0.0808105
-0.096283
-0.00184631
-0.00569153
0.0144653

[11]
0.00187683
-0.0039978
-0.0110626
0.00875854
0.0190125
-0.0109253
-0.0252991
-0.0298767
-0.02388
-0.0411835
-0.0558167
-0.0827637
-0.109497
-0.112717
-0.193192
-0.202606
-0.220444
-0.323929
-0.452011
-0.676743
-0.998154
-1.07948
-0.984451
-0.696732
-0.647812
-0.327255
0.496765
0.0955963
0.53743
0.621445
0.633194
0.650269
0.653763
0.64241
0.593002
0.509872
0.401535
0.173874
-0.0779419
-0.344757
-0.656647
-1.02383
-1.1051
-1.13985
-0.869781
-0.702133
-0.475632
-0.483292
-0.185303
-0.477631

[12]
-0.774277
-0.494949
-0.317078
-0.109299
0.054184
0.019928
-0.0465393
-0.057785
-0.0218353
-0.0300598
0.0083313
-0.00582886
-0.00357056
-0.0110016
0.00500488
-0.00457764
0.00230408
-0.0293579
-0.0605927
-0.0593414
-0.0466003
-0.0372772
-0.0604401
-0.098877
-0.127121
-0.148773
-0.253479
-0.315826
-0.34227
-0.479523
-0.785355
-1.06888
-1.0808
-1.00813
-0.663483
-0.739014
-0.121872
0.937943
0.377182
0.474884
0.626785
0.650482
0.641602
0.628662
0.571091
0.519516
0.434647
0.235031
0.00619507
-0.221039

[13]
-0.477066
-0.747787
-0.977386
-1.09264
-1.00642
-0.837982
-0.642075
-0.479279
-0.598404
-0.0585327
-0.291733
-0.743759
-0.575546
-0.202545
-0.17836
-0.0540314
-0.00997925
-0.0111542
-0.0412598
-0.0331573
-0.026825
0.00959778
0.0134888
-0.00213623
-0.0102692
-0.0114899
-0.0256042
-0.0260925
-0.0369568
-0.0454254
-0.0484314
-0.0589294
-0.0697327
-0.0963745
-0.128082
-0.183029
-0.23941
-0.244537
-0.321014
-0.484802
-0.707718
-1.07338
-1.08582
-0.915894
-0.860046
-0.691177
-0.126205
0.966476
0.38092
0.460251

[14]
0.701752
0.664658
0.662552
0.622787
0.570953
0.503159
0.417664
0.213257
-0.0318451
-0.235626
-0.529633
-0.872604
-1.09752
-1.13611
-1.02776
-0.852386
-0.705627
-0.507446
-0.951645
0.17923
-0.354218
-0.528564
-0.794968
-0.244019
-0.162827
-0.112869
-0.0499725
-0.0318909
-0.0339508
-0.0355072
-0.0503235
0.00540161
-0.000976562
0.00422668
-0.0104065
0.00915527
-0.00396729
-0.0135651
-0.0171509
0.00154114
-0.016037
-0.037674
-0.0381927
-0.0698242
-0.118774
-0.146637
-0.204224
-0.26561
-0.284744
-0.336868

[15]
-0.455765
-0.65004
-1.00443
-1.0757
-0.922806
-0.719208
-0.693054
-0.0508728
0.95047
0.367096
0.484619
0.66011
0.618912
0.600052
0.604462
0.549301
0.497101
0.405441
0.209305
-0.018692
-0.273346
-0.515671
-0.793915
-1.03203
-1.12436
-1.05292
-0.966614
-0.696548
-0.942947
-0.164703
-0.396027
-0.517807
-0.762634
-0.571579
-0.229584
-0.0773621
-0.135132
0.0239868
0.00592041
-0.0432281
-0.0139313
-0.0226593
-0.0111237
0.00971985
-0.0185394
0.0108337
0.0166779
0.000442505
-0.0354462
-0.0262909

[16]
-0.0204926
-0.0166473
-0.0338593
-0.0666351
-0.0730133
-0.107788
-0.14653
-0.168488
-0.219498
-0.227798
-0.241119
-0.372345
-0.642365
-1.05615
-1.07874
-1.08836
-0.683533
-0.846207
-0.172928
0.819
0.336136
0.470276
0.586578
0.584366
0.587509
0.602005
0.521454
0.464615
0.294601
0.0481873
-0.146301
-0.338181
-0.644165
-0.899307
-1.04678
-1.01212
-0.962814
-0.813995
-0.613235
-0.456665
-0.17395
-0.269165
-0.257004
-0.635147
-0.487366
-0.351074
-0.210922
-0.108627
-0.0355072
-0.00497437

[17]
-0.0421295
-0.0328674
-0.0106659
0.00567627
0.00946045
0.0109711
0.00631714
-0.0181274
-0.00465393
-0.0156403
-0.0109406
-0.0306854
-0.049942
-0.0401764
-0.0498352
-0.0735321
-0.100433
-0.14093
-0.189804
-0.220993
-0.212204
-0.357193
-0.473282
-0.757965
-1.07413
-1.08826
-1.09735
-0.585358
-0.602615
0.0849609
0.337296
0.492035
0.624222
0.642746
0.631195
0.622345
0.62442
0.547897
0.494568
0.367462
0.10379
-0.0955505
-0.266602
-0.607193
-0.876251
-0.931
-0.967407
-0.928192
-0.738281
-0.559647

[18]
-0.854355
-0.19426
-0.27684
-0.562134
-0.684814
-0.436676
-0.149185
-0.188324
-0.00230408
0.0254822
-0.0552979
-0.0181427
-0.0090332
0.0294647
-0.00337219
-0.0112305
-0.0209351
-0.00820923
-0.0168457
-0.0308075
-0.0211029
-0.0257874
-0.0601654
-0.0558014
-0.0415344
-0.124191
-0.158493
-0.16127
-0.221085
-0.273392
-0.317505
-0.552032
-0.84848
-1.0699
-1.00952
-0.998306
-0.620789
-0.461884
0.467422
0.187561
0.400177
0.604919
0.631668
0.630203
0.597977
0.562653
0.515717
0.461075
0.362808
0.16423

[19]
-0.0245056
-0.231094
-0.519821
-0.840942
-1.01369
-1.0511
-1.00066
-0.930511
-0.749603
-0.650375
-0.474625
-0.216232
-0.36319
-0.649536
-0.436951
-0.298157
-0.0493774
-0.0819702
0.00398254
-0.0506439
-0.0363464
0.000671387
-0.0468445
-0.00280762
-0.0155487
-0.0314484
-0.0220795
0.0167694
0.00326538
-0.029007
-0.0222931
-0.0362244
-0.0355225
-0.0675659
-0.0800018
-0.0944977
-0.169617
-0.221451
-0.257309
-0.292801
-0.382797
-0.501648
-0.812714
-1.07268
-1.07254
-1.03937
-0.726654
-0.607544
0.227951
0.179306

[20]
0.405914
0.633972
0.652008
0.670181
0.631744
0.610794
0.584579
0.521317
0.450439
0.310165
0.0242615
-0.261337
-0.636612
-1.07376
-1.11757
-1.16338
-1.09831
-0.975327
-0.665955
-0.521393
-0.422699
-0.380493
-0.218491
-0.869049
-0.744553
-0.192474
-0.311371
-0.0326538
-0.0581207
-0.0836487
-0.0348511
-0.0479584
-0.0463409
0.0159454
0.0129242
0.0104675
-0.00299072
-0.00939941
-0.00695801
-0.030014
-0.0660095
-0.0638885
-0.0615997
-0.0612183
-0.0657501
-0.0854187
-0.100647
-0.164047
-0.221909
-0.259384

[21]
-0.317566
-0.447205
-0.769928
-1.06033
-1.07281
-0.951279
-0.605072
-0.647888
0.0950928
0.428192
0.49707
0.633575
0.658264
0.737671
0.674835
0.645966
0.551132
0.446243
0.264008
0.00964355
-0.207001
-0.435806
-0.860397
-1.05168
-1.13737
-1.14444
-0.977066
-0.780426
-0.705307
-0.508438
-0.52298
-0.640656
-0.544739
-0.57869
-0.402802
0.0115814
-0.0470886
-0.0233765
-0.0370789
-0.0714722
-0.0433197
-0.0455017
0.00492859
0.00378418
-0.026825
-0.0362549
0.000793457
-0.00811768
-0.00334167
-0.0229492

[22]
-0.0299988
-0.0397491
-0.0441895
-0.0745239
-0.118546
-0.15802
-0.215454
-0.23851
-0.253082
-0.369629
-0.517197
-0.915161
-1.06206
-0.92952
-0.91008
-0.662521
-0.479996
0.298553
0.0645142
0.419449
0.815018
0.71315
0.755569
0.693695
0.638962
0.553268
0.431595
0.229462
-0.0198669
-0.219528
-0.487991
-0.764435
-0.994049
-1.03157
-0.980438
-0.813004
-0.735336
-0.541367
-0.582031
-0.40802
-0.43161
-0.588669
-0.788239
-0.357178
-0.213318
-0.0139771
-0.0991974
-0.00984192
-0.102341
-0.0860291

[23]
-0.0174103
0.0166168
0.0457001
-0.00935364
-0.0340271
-0.0101318
0.00178528
-0.00617981
-0.0124664
-0.0383301
-0.058075
-0.0579376
-0.0798645
-0.118378
-0.204041
-0.216248
-0.269485
-0.291641
-0.379059
-0.563232
-0.985809
-1.0631
-0.738495
-0.925034
-0.727631
-0.308212
0.653336
-0.109116
0.135712
0.733719
0.631485
0.635269
0.624451
0.604523
0.532516
0.479858
0.304169
0.0725403
-0.100311
-0.34758
-0.675919
-0.931717
-1.11337
-1.12563
-1.03098
-1.01428
-0.683075
-0.485947
-0.638153
-0.81868

[24]
-0.513931
-0.421463
-0.0989532
0.105286
-0.0684204
-0.0452271
-0.123306
-0.0662994
0.0130157
-0.000137329
-0.0119629
-0.071167
-0.0581818
-0.00836182
0.0128479
-0.0236206
-0.0230865
-0.0137787
-0.0186615
-0.0257111
-0.030426
-0.107147
-0.159897
-0.201065
-0.230438
-0.288315
-0.360016
-0.508057
-0.775803
-1.06401
-1.07773
-0.965622
-0.745026
-0.564453
0.0531158
0.622528
0.538544
0.705276
0.716385
0.739227
0.715317
0.671066
0.604065
0.524704
0.420654
0.201385
-0.0275421
-0.209732
-0.457748
-0.749588

[25]
-1.01532
-1.1244
-1.02193
-0.944794
-0.710052
-1.03149
-0.341812
-0.332016
-0.452759
-0.686661
-0.292557
-0.161942
-0.134857
-0.0689392
-0.0601654
-0.0840149
-0.0219727
-0.00874329
0.00727844
-0.0132599
-0.0152588
-0.013382
0.0123901
-0.00883484
-0.0300598
-0.0391998
-0.0445099
-0.0489349
-0.0670776
-0.0953979
-0.164078
-0.201584
-0.234177
-0.292435
-0.33017
-0.407196
-0.587662
-1.07687
-1.09099
-0.809875
-0.819611
-0.760803
-0.20787
1.02026
0.319077
0.471832
0.637161
0.628693
0.637939
0.612854

[26]
0.557571
0.488983
0.415924
0.203583
-0.0366211
-0.256332
-0.544586
-0.961624
-1.09918
-1.13565
-0.963608
-1.15131
-0.554489
-0.516525
-0.674179
-0.976303
-0.528168
-0.323395
0.195343
-0.165726
-0.0568237
0.0290527
-0.0746765
-0.00137329
-0.0220337
-0.0292053
0.0268097
-0.0135651
-0.0344391
0.0198517
-0.0126343
-0.031723
-0.0415955
-0.0236206
-0.0477142
-0.0338898
-0.0410156
-0.121078
-0.182617
-0.232544
-0.291016
-0.350204
-0.483261
-0.685135
-1.07123
-1.08678
-0.928513
-0.850189
-0.704849
-0.192612

[27]
0.952621
0.431168
0.462402
0.702927
0.689499
0.668671
0.638718
0.577103
0.482269
0.363159
0.141586
-0.0949097
-0.344284
-0.649124
-1.00259
-1.10019
-1.13789
-1.02838
-0.848587
-0.642365
-0.300781
-0.55217
-0.915619
-0.421692
-0.261536
-0.321274
-0.22435
-0.0183563
-0.0210114
-0.0588379
-0.0330658
-0.00358582
-0.0231171
0.00270081
0.00062561
-0.000823975
0.0108185
-0.00621033
-0.0096283
0.00221252
-0.000534058
-0.0314789
-0.0663605
-0.0177612
-0.0995789
-0.190796
-0.235107
-0.28653
-0.329514
-0.374405

[28]
-0.522293
-0.829346
-1.06903
-0.993271
-1.08929
-0.793472
-0.716293
0.468765
-0.122742
0.350586
0.739166
0.671356
0.744049
0.682098
0.653793
0.556473
0.471436
0.302002
0.0312958
-0.194153
-0.440842
-0.830307
-1.11655
-1.1608
-1.12627
-0.911209
-0.71257
-0.541077
-0.436157
-0.492142
-0.581482
-0.650406
-0.269592
0.00531006
-0.198303
-0.129776
-0.117126
-0.0604858
-0.0485687
-0.032196
-0.0187836
-0.0102081
0.00486755
0.00465393
-0.0228119
-0.00497437
-0.0175781
-0.0116272
-0.0350037
-0.0344849

[29]
-0.0509186
-0.0593719
-0.100113
-0.147827
-0.235855
-0.245758
-0.297836
-0.352036
-0.477951
-0.772751
-1.06496
-1.00052
-1.04752
-0.654572
-0.630005
0.129227
0.650269
0.515701
0.534012
0.652847
0.70314
0.670197
0.660767
0.601578
0.508224
0.368805
0.145035
-0.0927582
-0.33429
-0.680649
-1.08736
-1.1241
-1.00249
-0.806229
-0.625168
-0.455841
-0.446457
-0.52121
-0.658142
-0.601318
-0.478806
-0.151794
0.00134277
-0.123886
0.0466766
-0.0816193
-0.0619659
-0.0234833
-0.0434723
-0.00288391

[30]
0.000259399
0.00698853
-0.00552368
0.000183105
-0.0311737
-0.0321808
-0.0342407
-0.0370026
-0.0434418
-0.097641
-0.109268
-0.147812
-0.184799
-0.232117
-0.303146
-0.34108
-0.454956
-0.767685
-1.06897
-1.00383
-1.04109
-0.769287
-0.556168
0.238602
0.485031
0.345596
0.687881
0.659271
0.685516
0.626648
0.594086
0.546936
0.44043
0.339066
0.0916443
-0.0897827
-0.424805
-0.700531
-0.970856
-1.04924
-1.0136
-0.917572
-0.83287
-0.658096
-0.778366
-0.255051
-0.380432
-0.469055
-0.631042
-0.619156

