[1]
0.0773315
0.132935
0.0946808
0.127182
0.125854
0.130737
0.136673
0.0978851
0.113113
0.0559082
0.110641
0.14444
0.10968
0.084549
0.061554
0.0221405
0.112854
0.083374
0.0751801
0.0260162
0.0314789
-0.0892639
-0.787613
-0.225754
-0.0278015
-0.381561
-0.482666
-0.298691
-0.201843
0.0127563
-0.0185699
-0.0527649
-0.0382843
0.020462
0.0444641
-0.00735474
0.0115051
0.00088501
0.187515
0.181824
0.148712
0.0550232
0.0281219
-0.113007
-0.189285
0.0443878
0.589417
0.990067
0.447235
0.0862122

[2]
0.149979
-0.0561371
0.375046
-0.152786
0.163849
-0.0396881
0.0487823
0.0572662
-0.048645
0.0733032
0.0373383
-0.0370026
-0.0241089
0.0605927
0.107086
0.0259094
-0.0410461
-0.015564
0.0483856
0.0427856
0.0132294
-0.00672913
-0.00479126
0.0471954
0.04599
0.0338287
0.0489044
0.0580597
0.0432281
0.11554
0.0534058
-0.0446014
-0.101593
-0.0926056
-0.000701904
-0.149429
-0.29512
-0.21286
0.145004
-0.231705
-0.578476
-0.60611
-0.393784
-0.0764313
-0.131683
-0.200012
-0.230377
-0.147751
-0.0645905
-0.0488281

[3]
-0.114914
-0.13063
-0.0313873
0.0579376
0.00233459
-0.0900421
-0.165787
-0.0142517
0.0564575
0.235886
0.393082
0.724457
0.801086
0.537598
0.159958
-0.0819244
0.511124
-0.0759735
0.135193
-0.180283
0.0454559
0.135986
0.0369873
0.0167084
0.0220184
-0.0275574
-0.0577087
-0.000457764
0.091568
0.0652771
-0.00102234
-0.0385895
0.037323
0.0732422
0.0460663
0.0112
0.0112457
0.0319214
0.00721741
0.00788879
0.0342407
0.0658722
-0.0132599
-0.0147858
-0.0177765
-0.0759125
-0.103485
-0.115906
-0.214432
-0.514908

[4]
-0.336288
0.00816345
-0.330124
-0.580795
-0.512604
-0.358597
0.000686646
-0.0334015
-0.0120239
-0.00982666
-0.0142517
-0.0503845
-0.210114
-0.188721
-0.0709229
0.162643
-0.0585022
0.132462
0.176208
0.141388
0.191086
0.141541
0.240433
0.371307
0.469406
0.578232
0.338089
0.331253
0.308792
0.237961
0.0870667
-0.127457
-0.314774
-0.0249481
0.0342407
0.113464
0.23793
0.0101776
-0.133759
-0.14949
0.0435181
0.130386
0.041153
-0.0227814
0.000320435
0.0275879
0.0210266
0.0219116
-0.0090332
0.0235901

[5]
0.0237579
0.0900421
-0.0653839
-0.022522
0.0461426
0.0107269
-0.0124054
-0.000305176
-0.105896
-0.216003
-0.175339
-0.264496
-0.531754
-0.0362244
-0.458771
-0.551437
-0.478333
-0.406937
-0.104889
-0.157364
-0.13208
-0.120911
-0.0318604
-0.00935364
-0.0714569
-0.0579529
-0.0390778
0.0545197
0.0924072
0.114609
0.107407
0.0164185
-0.0226746
0.0281677
0.372101
0.715652
1.05554
0.759476
0.0444031
-0.207321
0.558426
-0.0822906
0.0188141
-0.073822
0.0907898
0.0623932
-0.0645142
0.0662842
0.0283203
-0.025528

[6]
-0.150375
0.0331573
0.118332
0.0444031
-0.0187073
0.0414581
0.0630493
0.0623322
0.0407257
0.0139465
0.0227966
-0.0187073
0.0549164
0.044342
0.0252075
0.0520172
0.0485077
-0.00508118
-0.0466461
-0.138977
-0.117142
-0.234314
-0.70668
0.0752411
-0.359955
-0.545532
-0.656784
-0.51593
-0.168182
-0.0744781
-0.125351
-0.173477
-0.117233
-0.0425262
-0.0725708
-0.0877838
-0.125565
-0.134033
-0.0897675
-0.00268555
-0.023468
-0.186035
-0.135513
-0.0108185
-0.0208282
0.133118
0.39859
0.701096
0.94313
0.980804

[7]
0.662308
0.209122
0.313385
-0.164139
-0.254379
-0.091507
0.125687
0.19455
0.128708
0.0868378
0.0239868
-0.0610046
-0.135025
-0.0707855
0.117355
0.145706
0.0373383
-0.0218964
-0.0193634
0.0584869
0.0364685
-0.00773621
0.00323486
0.00198364
0.0123596
-0.00906372
0.0212402
-0.00430298
-0.0228577
0.0147705
0.00427246
-0.0634308
-0.0575714
-0.0971527
-0.222717
-0.696121
-0.284943
-0.0961151
-0.341003
-0.515884
-0.348999
-0.139145
-0.142273
-0.12085
-0.122223
-0.0298157
0.00102234
-0.0214691
-0.0917664
-0.0203094

[8]
-0.00576782
0.133347
0.273636
0.254013
0.0860443
-0.101562
-0.0433655
0.0584106
0.167282
0.507446
0.856659
0.708557
0.174927
-0.270096
0.501511
-0.267624
0.0962219
-0.0244141
0.104416
0.0873871
0.0627594
0.0828857
0.0231934
-0.13504
-0.148544
-0.0231934
0.0923309
0.0782471
-0.0175171
-0.0729523
-0.0328979
0.00177002
0.0209503
0.0473633
0.09375
0.0697784
0.000320435
-0.0291901
-0.0285492
0.0474701
0.039917
0.0263214
0.0134277
-0.00596619
-0.0945129
-0.105286
-0.0500946
-0.231552
-0.525406
-0.170807

[9]
-0.0364075
-0.37738
-0.586975
-0.357407
-0.198502
-0.124023
-0.173157
-0.179779
-0.147522
-0.0630188
-0.0443115
-0.0545349
-0.0433502
-0.0143585
0.0417175
0.0935516
0.0898438
-0.0374756
-0.238586
-0.222839
-0.370377
-0.2108
0.367722
0.752029
0.786163
0.316269
-0.231018
0.545685
-0.295547
-0.149567
-0.203827
0.14444
0.107697
0.164215
0.0658264
-0.0960693
-0.112671
-0.0145111
0.0965881
0.0918427
-0.0328674
-0.0361938
0.0427856
0.043396
0.022995
0.0253143
-0.00332642
0.013382
0.0359344
0.0276794

[10]
0.0198364
0.00227356
-0.0272064
0.0231628
-0.00671387
0.00192261
-0.0926208
-0.187744
-0.272339
-0.873566
-0.218933
-0.256897
-0.333282
-0.49408
-0.33577
-0.123306
-0.161942
-0.0893402
-0.0763397
-0.0410309
-0.0373077
-0.0381165
-0.0257721
-0.0309448
-0.00384521
-0.00590515
0.118835
0.142944
0.0881805
-0.0133667
-0.0981293
-0.0386963
0.102859
0.635086
0.957993
0.476425
0.358887
0.153275
0.208099
0.275986
-0.032959
-0.292557
-0.0679779
0.0896454
0.0707092
0.106949
0.0590057
-0.00117493
-0.0854645
-0.0319977

[11]
0.104752
0.103378
0.013504
-0.0516815
-0.0552216
0.0118408
0.0163879
0.00469971
0.00242615
0.0219574
0.0141907
0.0196228
0.0059967
0.0207672
0.113281
0.0910339
-0.0423431
-0.105179
-0.138763
-0.15358
-0.320389
-0.73201
-0.215775
0.0964203
-0.378937
-0.584412
-0.257721
-0.170181
-0.214478
-0.134872
-0.170517
-0.185043
-0.165344
-0.0826874
-0.0499573
-0.0240326
-0.0394897
-0.0319214
-0.014328
0.00567627
-0.0105286
-0.0897675
-0.0683594
0.112076
0.204285
0.502823
0.960464
0.83577
-0.164963
0.087677

[12]
0.907272
-0.391495
0.26825
-0.000808716
0.14325
0.0636292
0.124924
0.122375
0.032486
-0.0414124
-0.0822601
0.0150299
0.0793762
0.0364838
-0.0138092
-0.0344543
-0.0088501
0.0540314
0.0909271
0.0722656
0.0366669
0.0539093
0.0404358
0.050293
0.0342255
0.0330505
0.0857086
0.0236816
-0.0355072
-0.065094
-0.0832672
-0.240891
-0.905197
-0.240967
-0.0764618
-0.323822
-0.592072
-0.270432
-0.233429
-0.146744
-0.127228
-0.110931
-0.065979
-0.0372009
-0.0185852
-0.0315704
-0.0401459
-0.0558624
-0.0381927
0.0578918

[13]
0.0829773
0.0394287
0.0260162
0.129196
0.386185
0.564651
0.767975
0.901581
0.629517
-0.22258
0.0032196
0.871094
-0.0733948
0.0389862
0.0734253
0.14093
-0.0362549
0.0892792
0.0613098
0.0230255
0.0473938
-0.0479126
0.0187073
0.0842133
0.0694885
0.0325317
0.0144653
0.0596771
0.0451508
0.026123
0.0409546
0.0556183
0.0377655
0.0167236
0.0471344
0.0551605
0.0690918
0.0688782
-0.0411835
-0.15181
-0.108063
-0.311417
-0.788727
-0.311646
-0.0434418
-0.430252
-0.645493
-0.291718
-0.270905
-0.16301

[14]
-0.107544
-0.110611
-0.101669
-0.0610809
-0.0514832
-0.0209198
-0.0108795
-0.0422974
-0.000350952
0.10495
0.0956573
0.0252686
-0.0223236
-0.0500793
0.0137939
0.283585
0.809753
0.92897
0.232681
0.0852356
0.266266
0.558426
-0.152664
-0.0471191
0.00291443
0.0678864
0.0624695
-0.00968933
0.128326
0.101273
-0.032486
-0.0719299
0.0518494
0.0928497
0.0348969
-0.00784302
0.0314331
0.0605316
0.0486908
0.0153656
0.0189514
0.0673065
0.114334
0.0622253
-0.0138245
-0.0144653
0.0346375
0.0175629
0.0228577
0.0248871

[15]
-0.0541382
-0.104355
-0.327972
-0.915359
-0.219345
-0.122864
-0.470871
-0.628418
-0.340973
-0.192474
-0.127731
-0.203262
-0.184875
-0.0992126
-0.0121307
0.01091
0.00326538
0.00990295
0.0562286
0.0294647
0.0167542
0.0726929
0.112579
0.226822
0.419067
0.366577
0.649521
1.19844
0.444214
0.10994
-0.187073
0.12674
0.717804
-0.218948
0.228806
0.016922
0.0622559
0.0739594
0.0196228
0.00280762
-0.0127716
-0.144806
-0.0583649
0.0680084
0.0426178
-0.0189667
-0.0263977
0.00985718
0.0442505
0.0625916

[16]
0.0613708
0.0260162
0.0164795
0.0601349
0.0409241
0.0195618
0.0554504
0.0296326
0.00798035
-0.0151367
-0.0305023
-0.117981
-0.245926
-0.353836
-0.491043
-0.0780945
-0.022644
-0.422363
-0.68399
-0.306595
-0.185623
-0.159409
-0.131027
-0.139786
-0.0696259
-0.00773621
-0.0297394
-0.0526123
-0.0461731
-0.0508118
-0.0144043
0.0575714
-0.0421906
-0.102325
-0.0915222
-0.0177765
0.178131
0.577728
0.889389
0.646408
0.269791
-0.0316772
0.063324
0.54393
-0.165558
-0.0369263
0.0319824
0.154861
0.0130615
0.0163879

[17]
0.00215149
0.012619
0.0163574
-0.082428
-0.0426636
0.0433502
0.042572
-0.00254822
-0.044342
0.0376282
0.0487061
0.0226746
0.0291748
0.0479889
0.0501404
0.0200348
0.0241547
0.0138092
0.0665894
-0.006073
-0.0574951
-0.0831604
0.00369263
-0.187988
-0.513657
-0.277634
0.057251
-0.0568848
-0.495392
-0.542877
-0.295349
-0.245651
-0.102142
-0.074173
-0.134567
-0.0891113
-0.0474396
-0.0718689
-0.0764923
-0.089859
-0.104279
-0.019043
0.0389862
-0.0256195
-0.0583344
-0.0541229
0.016861
0.198944
0.452881
0.722321

[18]
0.437149
0.429764
0.376312
-0.156662
0.378311
-0.387177
0.206192
0.0542297
-0.00328064
-0.0137634
0.0932465
0.0907288
-0.0257111
-0.154495
0.00938416
0.0856781
0.076889
0.0093689
0.0144501
0.0457611
0.0106659
0.0197601
0.0183258
0.0291595
0.0278015
-0.0114899
-0.0373077
0.0422821
0.102463
0.0257111
-0.116623
-0.246918
-0.24469
-0.36586
-0.647583
0.0121613
-0.508301
-0.549149
-0.563843
-0.375717
-0.106567
-0.101532
-0.0505829
-0.0191498
0.0604248
0.0704041
-0.00465393
-0.00204468
0.0362091
0.0470123

[19]
0.0849304
0.21524
0.0948181
0.0222321
0.0249176
-0.00764465
0.0516663
0.447205
0.981262
0.797836
0.404602
0.236633
0.101425
0.478058
-0.298035
0.105377
-0.00112915
0.0363617
0.024765
0.0315247
0.110489
0.0476685
-0.0699615
-0.0863647
0.0461121
0.101044
-0.00282288
-0.0384674
-0.0424805
0.015686
0.0311737
0.0244904
0.0172272
0.015274
0.00267029
-0.00537109
0.0253296
-0.000366211
0.0815887
0.0569458
-0.0534515
-0.15564
-0.175735
-0.482254
-0.726898
-0.0943298
-0.336166
-0.367523
-0.504486
-0.266113

[20]
-0.288467
-0.102341
0.000793457
-0.0533905
-0.0821381
-0.092453
-0.0885468
-0.0785217
-0.0772705
-0.128891
-0.137695
0.0162659
0.0975189
0.0381622
-0.0855103
0.0670929
0.126236
0.503601
1.12314
0.749802
0.488342
-0.340363
0.476868
0.530457
0.104294
-0.0146332
-0.110947
0.0838165
0.0311584
0.0694733
0.0147705
0.0206909
-0.0353088
-0.100006
-0.0116882
0.032486
0.00012207
-0.0246124
0.0072937
0.0790863
0.116516
0.111969
0.0243835
0.0213165
0.0397644
0.0380402
0.0221252
0.00602722
0.069458
0.0860443

[21]
-0.0431976
-0.167831
-0.169113
-0.26004
-0.761597
-0.0799866
-0.316818
-0.50975
-0.581894
-0.301651
-0.265747
-0.151443
-0.046814
-0.0677032
-0.00509644
0.019577
0.0377808
-0.0341339
-0.0162964
0.0393066
0.163406
0.184875
0.0651093
0.0588531
0.0709991
0.100998
0.299133
0.677643
0.637054
0.291565
0.403824
0.00961304
0.434479
0.0573425
0.0341187
-0.00468445
-0.0787659
0.00158691
-0.0161285
0.103027
0.0593872
-0.07341
-0.183716
-0.000564575
0.128204
0.101273
0.00286865
-0.0286865
0.0326233
0.0485382

[22]
0.0420532
0.0429993
0.037674
0.0151215
0.0258484
-0.00556946
0.0438995
0.0609436
-0.0306396
-0.0821533
-0.158981
-0.132401
-0.510818
-0.569885
-0.0987244
-0.311081
-0.537445
-0.610764
-0.323837
-0.199768
-0.110672
-0.0774994
-0.0977478
-0.0368958
-0.0372009
-0.0404816
-0.036972
-0.0673218
-0.00698853
0.115845
0.0471497
-0.0697937
-0.149292
-0.154541
-0.0784302
0.17923
0.709534
0.931335
0.60553
0.475906
0.720413
0.384689
0.362396
-0.343842
0.0825043
-0.0693054
-0.0305328
0.0791168
0.0807648
0.126663

[23]
-0.033371
-0.285797
-0.156769
0.0500641
0.186432
0.0907135
-0.0895691
-0.00901794
0.040741
0.0378571
0.0361023
0.00422668
-0.0317993
-0.0456696
0.0236053
0.0452576
0.0523224
0.0240173
-0.148849
-0.214645
-0.271515
-0.608292
-0.610199
-0.0601654
-0.386734
-0.626694
-0.473312
-0.237442
0.05159
-0.0314331
-0.0406189
-0.0355072
-0.000671387
-0.0701294
-0.0915833
-0.106277
-0.0506744
0.0032959
0.17276
0.221359
0.187271
0.200073
0.138824
0.375305
0.594833
0.535782
0.6772
0.594696
0.927261
-0.04245

[24]
0.708054
-0.236298
0.171173
-0.291168
0.0495605
0.170135
0.18396
0.00338745
-0.140289
-0.289307
-0.028244
0.141541
0.0973206
-0.0296326
-0.0305634
0.0443268
0.0769043
0.0132904
-0.00038147
0.0367126
0.0332184
0.00753784
0.0128479
0.0225372
0.0350189
0.0203094
-0.0855255
-0.159042
-0.120468
-0.308075
-0.672104
-0.0159454
-0.265289
-0.489319
-0.658173
-0.363953
-0.203278
-0.174545
-0.109528
-0.110794
-0.0655518
-0.0420227
-0.100449
-0.111252
-0.0876465
-0.11116
-0.0992279
-0.00144958
-0.00756836
-0.0600281

[25]
-0.134048
-0.0870209
0.00921631
0.320999
0.882935
0.870255
0.824631
0.237808
-0.0139313
0.665695
-0.297836
0.000411987
0.236328
0.201202
0.117828
0.0273438
-0.0133972
-0.173065
-0.137054
0.0572662
0.0643005
-0.00337219
-0.0254974
0.028595
0.0891876
0.0367737
0.0205688
0.0274658
0.0249023
0.00193787
-0.0316467
0.0324402
0.055603
0.0982971
-0.0146484
-0.0914917
-0.141754
-0.186279
-0.721924
-0.240906
-0.0371552
-0.402069
-0.794968
-0.350388
-0.308868
-0.164368
-0.15332
-0.150314
-0.123871
-0.0670166

[26]
-0.0629425
-0.0413055
-0.0379944
-0.0303802
-0.0238647
0.110214
0.134201
0.050293
-0.00245667
0.0441742
-0.0271912
0.165268
0.966736
0.888611
0.584091
-0.0434723
0.635864
-0.149902
0.0700378
0.0677643
0.123337
0.201767
0.00683594
0.00238037
-0.0269318
-0.174576
0.0068512
0.0752106
-0.0280914
-0.0265961
0.00798035
0.0539703
0.0699768
0.0532684
0.0271149
0.0124664
-0.00991821
0.0227356
0.0490875
-0.0108185
0.0107117
-0.014389
-0.105484
-0.152222
-0.237366
-0.791626
-0.456635
-0.206116
-0.312073
-0.669998

[27]
-0.358414
-0.250793
-0.0461578
0.0422516
-0.0212402
0.0075531
0.0105286
-0.0752716
-0.0259705
0.0254517
0.0209045
-0.0100555
0.213013
0.194824
0.142731
0.139877
0.277039
0.230637
0.362122
0.655396
0.458969
0.139221
-0.571854
0.611282
-0.133163
0.139496
0.119064
0.09729
0.00811768
-0.0746918
0.0378723
-0.0359192
-0.101257
0.0268402
0.022171
0.0155182
-0.0204315
-0.0391235
-0.0233612
0.0191193
-0.00485229
-0.0194397
-0.0237885
0.0352173
0.00317383
0.0298462
0.0238647
0.062027
0.0844574
-0.0281525

[28]
-0.191635
-0.218674
-0.388153
-0.439362
0.0925446
-0.294525
-0.773361
-0.78833
-0.3797
-0.126648
-0.0770569
-0.0927582
-0.138885
-0.101395
-0.0767975
-0.0585175
-0.108459
-0.10672
-0.0782623
-0.0170898
0.00680542
-0.00938416
-0.0820618
0.0878448
0.123032
0.23027
0.526169
0.752167
0.717972
0.291183
0.0341949
0.755417
0.0764008
-0.184738
-0.0546875
0.202057
0.0336609
0.10257
0.0679016
-0.0321503
-0.0421448
-0.0860138
0.00643921
0.0637817
0.0479736
-0.0138397
-0.017334
0.0539093
0.097229
0.0510101

[29]
0.0648499
0.0289612
0.0580139
-0.0349579
0.00300598
0.086792
0.0183868
-0.0642395
-0.143875
-0.169983
-0.440384
-0.637665
0.129715
-0.291061
-0.378189
-0.692001
-0.265274
-0.189697
-0.0627594
-0.0246887
-0.117294
-0.0508118
-0.0363922
-0.116928
-0.0896301
-0.0808716
-0.042099
0.00357056
0.166504
0.130707
0.0423279
0.112091
0.0848083
-0.0476532
0.242157
0.62262
0.730011
0.577988
-0.316849
0.428864
0.177612
0.0681305
-0.0201263
-0.000839233
0.165573
0.131027
-0.012619
-0.0615845
-0.110428
-0.0185394

[30]
0.0717621
0.0117188
-0.00741577
0.00131226
0.112976
0.06427
0.0406799
-0.00146484
-0.0319366
0.0982513
0.0876923
0.0461426
-0.0303345
0.0296936
-0.00411987
-0.0731964
-0.104385
-0.138489
-0.438965
-0.732437
-0.218033
-0.318771
-0.34967
-0.571609
-0.228561
-0.182541
-0.089386
0.017868
-0.0339508
0.0276337
0.00738525
0.014267
-0.0462341
0.0113373
0.0451355
0.141312
0.191711
0.115723
-0.0185242
0.0704651
0.0533752
0.14061
0.495163
0.847031
0.403625
0.178635
0.298111
0.130295
0.238068
-0.0811615

