[1]
0.0824127
-0.229736
-0.0422821
-0.0318451
-0.0108337
-0.0323029
0.0377655
0.011795
0.0629883
0.0700531
0.200378
0.392487
0.0709534
-0.0708618
-0.300735
-0.777084
-0.322906
0.537247
0.154419
-0.783401
1.1879
-0.0548401
-0.614731
0.0948792
-0.0520172
0.192993
0.00402832
0.0830841
0.0725098
-0.192719
-0.12619
-0.0401306
0.111313
0.153778
0.0298615
-0.0689392
0.069519
0.0392456
-0.0697632
-0.0526581
-0.0332794
-0.0361328
0.171188
0.199539
-0.0155792
-0.422241
-0.474274
-0.423721
-0.805496
-0.656342

[2]
-0.799728
-0.199036
-0.091629
0.0149384
0.0503845
0.0639191
-0.0238495
-0.08461
-0.0908661
-0.0513916
-0.0276184
-0.0288849
0.0325317
0.119766
-0.0181732
0.0310974
-0.292465
-0.185471
0.355606
0.444748
-0.14447
0.755661
-0.0129547
-0.443314
0.0669403
0.0536652
-0.0966492
0.0590973
0.0307007
0.0937805
0.0234222
-0.187485
-0.109116
0.0364685
0.138809
0.125854
0.0119476
0.0195923
0.0447235
-0.0271759
0.0919495
0.0466309
-0.0248871
0.145203
0.0287018
-0.214935
-0.761581
-0.130768
-0.483932
-0.603165

[3]
-0.325897
-0.868042
-0.223846
0.0269623
0.032959
-0.0058136
-0.0457001
-0.0104523
-0.113846
-0.0101776
-0.00468445
0.223709
0.313599
0.193359
-0.164246
-0.4077
-0.66214
0.0516357
0.142975
-0.0928345
0.241806
0.799423
0.633942
-1.02986
0.0953827
0.037323
-0.277451
0.293762
-0.0443115
0.141632
0.107986
-0.104584
-0.0699005
-0.0720215
0.0772705
-0.000823975
-0.0313721
0.0106659
0.123062
0.126968
0.0571899
0.0237122
-0.0366364
0.0375061
0.138596
-0.156479
-0.384018
-0.663422
-0.0990753
-0.83667

[4]
-0.771896
-0.0976715
-0.423676
-0.278946
0.120712
0.151245
0.188293
0.0603943
-0.00987244
0.0735931
-0.0184937
0.104736
0.129257
-0.00492859
-0.44194
-0.590485
-0.611359
0.0685425
0.556046
0.214386
0.33519
1.04228
0.74855
-1.16246
0.0580597
0.287323
-0.158783
0.229645
-0.121918
0.112564
0.00120544
-0.140366
-0.126175
-0.00154114
0.0821533
0.067276
-0.0254517
0.0421295
0.113068
0.178528
0.122421
0.0250244
-0.121017
0.0267487
0.0662079
-0.0830688
-0.35434
-0.818619
-0.243149
-0.762466

[5]
-0.715408
-0.112747
-0.118011
-0.0514374
0.0407715
0.0338135
0.0452728
-0.0241852
-0.0375977
-0.059845
0.0332794
0.0699158
0.10228
0.286957
0.0185852
-0.166489
-0.369598
-0.493195
0.277328
0.386932
-0.274231
0.954193
0.879517
-1.25146
0.360092
-0.0610046
0.0105896
0.128189
-0.0701294
0.153503
0.0602722
-0.120071
-0.151291
-0.00300598
0.0602417
0.124161
0.0549164
0.020813
0.0643311
0.0721893
-0.0223999
0.0172882
-0.0125275
0.0548248
0.0597382
-0.0863953
-0.28717
-0.869812
-0.0443115
-0.493256

[6]
-0.674698
-0.0931244
-0.808441
-0.194565
0.0342712
-0.00386047
0.00175476
-0.0621948
-0.0712891
-0.0605164
-0.0279541
-0.0561981
-0.0334625
0.0510406
0.00671387
-0.235016
-0.239456
-0.582962
-0.284454
0.394577
0.396133
-0.131973
0.870804
0.89534
-1.37148
0.617828
-0.175705
0.15033
0.256638
-0.112289
0.110748
0.0968628
-0.248367
-0.116333
0.0741119
0.15976
0.17308
0.0432434
-0.0556183
-0.0486755
0.0122223
0.154953
0.104843
-0.0493622
0.0681458
0.00152588
-0.264999
-0.508881
-0.472427
-0.233154

[7]
-0.685089
-0.691803
-0.257843
-0.226395
-0.0883789
0.0471344
0.0316772
0.0328217
0.0200653
0.0358124
-0.0476074
0.0407104
0.060257
0.254074
0.27124
0.0498962
-0.259399
-0.758682
-0.577377
0.376251
-0.0164795
0.0972137
0.75177
0.559067
-0.947296
-0.151108
0.358398
-0.283539
0.0923157
0.0804901
0.252472
0.0657806
-0.140732
-0.316559
-0.10585
0.0500183
0.168854
0.0722046
-0.0204773
0.0270386
0.021759
0.0697937
0.0217438
-0.0791473
0.0357666
0.0717621
-0.0439148
-0.296082
-0.753784
0.111664

[8]
-0.666489
-1.13416
-0.51828
-0.345245
-0.0490112
-0.172791
-0.0553131
-0.0525513
-0.103073
-0.160721
-0.119827
-0.0936279
-0.061554
-0.063858
0.0986481
0.256424
0.0571289
0.101486
-0.0071106
-0.216934
0.0530243
0.0935669
-0.254318
0.748657
0.70224
-0.635223
-0.122208
0.0735168
-0.0814514
0.0319366
0.093338
0.132889
-0.0426331
0.0349274
-0.253281
-0.138977
0.00823975
0.128143
0.128296
-0.0201263
-0.0154419
-0.0252075
0.0428162
0.104965
6.10352e-05
0.0846252
0.114334
-0.190033
-0.560226
-0.96669

[9]
0.00663757
-0.580429
-0.798508
-0.171692
-0.692642
0.0279541
-0.0126038
-0.00900269
-0.0339355
-0.082901
-0.0237732
0.00132751
0.0271606
0.079895
0.0925446
0.342697
0.225082
-0.0381165
-0.178223
-0.559891
-0.0242462
0.370224
0.185257
0.888992
0.359375
-0.0510864
-0.780716
0.277695
-0.232513
0.237595
0.189789
0.0325928
0.00234985
-0.0514679
-0.255295
-0.123077
0.0571747
0.148483
0.0342102
-0.0927429
-0.0466156
0.0747833
0.136154
0.0959167
0.0390778
-0.13269
0.0670319
0.127792
-0.143555
-0.532623

[10]
-1.09819
-0.0563965
-0.45813
-0.799042
-0.392883
-0.639053
-0.00495911
0.106262
0.0884705
0.0270538
0.00900269
-0.00697327
0.0496368
0.088974
0.151474
0.065918
0.343979
0.143219
-0.0268707
-0.14624
-0.619949
-0.246887
0.222427
0.251419
0.547638
0.398026
0.214905
-0.449692
0.00515747
-0.127197
0.0999146
0.0894318
-0.0227509
0.0769806
0.0782166
-0.252579
-0.128311
-0.0127869
0.0406799
0.0371246
-0.0958862
0.0367737
0.0929718
0.115356
0.108002
-0.0330353
-0.0113678
0.15918
-0.113907
-0.43309

[11]
-0.978058
-0.359909
-0.541245
-0.65918
-0.664627
0.0058136
0.039444
-0.156097
-0.0565796
-0.00866699
-0.02948
-0.0530243
-0.00233459
0.0466614
0.0220642
0.0998993
0.0700226
0.308945
0.0796661
0.0319519
-0.0654755
-0.101028
0.375473
-0.0385895
-0.311691
0.600998
0.61264
-0.604523
0.0173492
0.277802
-0.147583
0.0599365
-0.142273
0.102234
-0.0253448
-0.106339
-0.0911865
0.0173492
0.0835724
0.0509644
0.00801086
0.0062561
0.00814819
0.0764618
0.00749207
-0.00601196
0.0418549
0.022644
0.0576477
-0.00904846

[12]
-0.202988
-0.439529
-0.610672
0.105072
-0.660721
-0.584213
-0.0433044
-0.748459
-0.133789
0.00830078
-0.0139465
-0.118744
-0.162827
-0.112076
-0.148956
-0.146103
-0.0954285
0.0729218
0.197296
0.0629883
-0.203857
-0.475769
-0.8573
-0.0509949
0.355606
-0.0360107
-0.0479126
1.0475
0.393387
-1.25963
0.606079
-0.0994263
-0.0397186
0.246246
0.0182495
0.0799255
-0.0341187
-0.252411
-0.116318
-0.0148163
0.107681
0.0134125
-0.108688
-0.022644
0.101364
0.0737152
0.0823517
0.0597229
-0.0688782
-0.00300598

[13]
0.117828
-0.113876
-0.414413
-0.891159
-0.166702
-0.495819
-0.715256
-0.36441
-0.536407
-0.0424957
-0.00531006
0.0166779
-0.0246735
-0.0759735
-0.104691
-0.0529633
-0.0370636
-0.0189819
0.00868225
0.107391
0.172012
-0.0102081
-0.228928
-0.393158
-0.0370331
0.128662
0.153763
-0.0958252
1.06078
0.471375
-0.961594
0.118713
0.169891
-0.284958
0.138931
-0.0128632
0.0567474
-0.0830841
-0.0242462
-0.260193
-0.0140381
0.0679779
0.110001
0.0514526
-0.0442963
0.0166321
0.106201
0.0234833
-0.0195465
0.0329132

[14]
-0.00247192
0.0322723
0.089798
-0.157272
-0.462006
-0.910248
0.0963593
-0.781982
-0.602234
-0.082901
-0.498718
0.185776
0.0109711
0.0803528
0.057251
0.00645447
-0.114624
-0.0901947
-0.0216827
0.00808716
-0.0978699
0.117218
0.0923309
-0.0998688
-0.244873
-0.768219
-0.369507
0.200851
0.176208
0.139221
0.812515
0.160965
-0.643768
0.256256
-0.209961
0.0870972
0.0921936
-0.111542
-0.018692
0.00215149
-0.24054
-0.0692596
0.0284729
0.122543
0.0728302
-0.037323
-0.0246124
0.0558319
0.0695801
-0.0229797

[15]
-0.00839233
-0.0502319
0.185898
0.0833435
-0.216309
-0.708984
-0.685013
-0.040451
-0.509003
-0.820511
-0.223129
-0.756592
-0.10051
0.0135193
0.0158997
-0.0474243
-0.0560303
-0.0618744
-0.0591431
-0.0915375
0.0337524
0.077652
0.223816
0.262115
0.0450439
-0.109924
-0.493164
-0.504486
0.262192
0.319382
-0.0823059
0.691162
0.279617
-0.611374
0.472366
-0.171799
-0.0395966
0.141205
-0.0150909
0.0746307
0.000244141
-0.131516
-0.284714
-0.0246735
0.0138702
0.100571
-0.00485229
0.0284729
0.0613861
0.111221

[16]
0.0596466
0.0583496
-0.0763245
-0.00392151
0.0772858
-0.0757599
-0.410645
-0.868423
-0.0142365
-0.513565
-0.723068
-0.719009
-0.506378
0.0144958
-0.086792
0.0688629
0.0131378
-0.0284729
-0.0753784
-0.0171204
-0.0660553
-0.00361633
0.0329285
0.204971
0.279922
0.019577
-0.186035
-0.551834
-0.444107
0.111725
-0.108627
-0.0263672
0.970779
0.550766
-0.692734
0.0214233
0.329971
-0.333359
-0.010849
0.089798
0.0909119
0.0281372
-0.0223236
-0.251205
-0.0859528
0.0283813
0.106491
0.0765381
-0.0608826
-0.0382233

[17]
0.0091095
0.0477753
0.0792999
0.0467682
-0.0908508
0.0552063
-0.0204468
-0.241562
-0.664246
-0.363068
-0.111038
-0.56308
-0.707672
-0.0537567
-0.458511
-0.121368
0.0909271
0.0418396
-0.0172119
-0.0609283
-0.120575
-0.106323
-0.0663605
-0.0119934
0.01297
0.0327606
0.146332
-0.038559
-0.115494
-0.580307
-0.261627
0.0636902
0.16188
0.511902
0.29361
-0.670563
0.0786896
0.204102
-0.0820007
0.177551
-0.0984192
0.030899
-0.12233
-0.178696
-0.154785
0.0247345
0.082077
0.048233
-0.037323
0.00160217

[18]
0.0823212
0.134598
-0.0248413
-0.0240479
-0.0292206
-0.0362549
0.143921
0.0393524
-0.145248
-0.585419
-0.401794
-0.203064
-0.747406
-0.754929
-0.0439148
-0.561569
-0.150665
-0.0198364
0.00204468
-0.0107117
-0.0932922
-0.120529
-0.109909
-0.055069
-0.0533295
0.0749664
0.177368
0.106613
-0.0886688
-0.356339
-0.681717
0.0133514
0.622803
0.348404
0.599869
0.726013
-0.767563
-0.37384
0.385498
-0.182114
0.145004
-0.11615
0.0526733
-0.0102997
-0.188065
-0.0745544
0.00559998
0.0582581
0.0467529
-0.0471802

[19]
-0.0610657
0.100372
0.135849
0.026947
0.00157166
-0.0777435
-0.0406799
0.123734
0.00515747
-0.198364
-0.603806
-0.399109
-0.462524
-0.764557
-0.832047
-0.0188751
-0.312637
-0.230392
0.0564423
0.0784454
0.0838928
0.0358124
0.0134125
-0.040741
0.0300293
0.078064
0.186646
0.26973
0.100372
-0.0646515
-0.378204
-0.358704
-0.0313568
0.286697
0.305939
0.327301
0.0410309
-0.0310059
0.414474
-0.167923
0.0594025
0.103577
-0.187271
-0.0428619
-0.0152283
-0.114761
-0.104507
-0.000701904
-0.0230865
0.0262451

[20]
-0.0272522
0.031311
0.0113525
0.00897217
-0.0106354
0.0498505
-0.0799255
0.0210571
0.0820923
-0.132996
-0.43631
-0.895279
0.108826
-0.477631
-0.833801
-0.280487
-0.874405
-0.0949554
0.0144348
0.0727234
-0.00715637
-0.0696411
-0.0626678
-0.0234375
0.00234985
0.0560303
0.103348
0.275162
0.205658
0.0810699
-0.255737
-0.641907
-0.378876
0.0747528
0.00270081
0.22789
0.478378
0.0462952
-0.267502
0.222473
-0.237869
-0.0140686
0.0832672
-0.145523
-0.0373688
0.0744476
-0.186249
-0.0277557
-0.00271606
0.0460815

