[1]
-0.561691
0.0685577
0.206528
0.361694
0.984253
1.20662
0.527084
0.649841
0.669022
-0.168213
-0.610977
0.0767517
0.55542
0.747421
0.73848
0.45134
0.149979
0.0962372
0.00730896
-0.0326538
-0.0149078
-0.184189
-0.38446
-0.672104
-1.16524
-1.55452
-1.80533
-2.323
-2.67604
-2.25703
-0.654892
0.723175
1.045
-0.47908
-0.956406
-0.352432
-0.795578
-0.435532
-0.557755
-0.129684
-0.11174
-0.113358
-0.102997
-0.187027
-0.116074
-0.0734253
-0.107224
-0.0783234
-0.0553589
-0.0427399

[2]
-0.0793915
0.014267
-0.0256195
-0.0245209
0.0101166
0.0893707
0.0543976
0.132553
0.246017
0.259979
0.27652
0.380005
1.45908
1.42857
0.827789
0.877487
0.937576
-0.513687
-0.69223
0.288712
0.786514
0.811966
0.792435
0.510559
0.341095
0.258591
0.191727
0.181168
0.0926971
-0.143173
-0.352051
-0.515427
-1.64066
-2.34444
-2.65965
-2.6649
-2.47234
-0.252579
1.45676
-0.604462
-0.365112
-0.360962
-1.08632
-0.550156
-0.412567
0.00823975
-0.0395355
0.0588684
-0.00712585
-0.0766296

[3]
0.051712
-0.00358582
0.0572662
0.0479889
-0.0196686
-0.0729828
-0.00735474
0.0504761
0.0269775
-0.00767517
0.00854492
0.150192
0.167633
0.200287
0.158096
0.192352
0.321838
0.891037
1.82642
1.16275
0.797974
0.932312
0.7939
-0.378601
-0.249268
0.657196
0.922226
0.755371
0.579391
0.350967
0.215958
0.151062
0.0838165
0.0838928
-0.0635071
-0.48764
-0.780655
-1.26131
-2.22394
-2.62479
-2.63364
-2.6026
-1.13196
1.49503
-0.752716
-0.830536
-0.338348
-0.907684
-0.170303
-0.583618

[4]
-0.0407104
-0.11087
0.0252075
0.0065155
-0.00881958
-0.00584412
0.0785828
0.0199585
-0.0227509
0.0396271
-0.0199738
-0.031601
-0.0302124
0.0769501
0.208435
0.194351
0.210373
0.243713
0.363144
0.422409
0.554977
1.89238
1.41064
0.824402
0.981155
0.860901
-0.0673065
0.0121765
0.627548
0.768677
0.733902
0.594604
0.330078
0.184006
0.0986176
0.0333862
0.0142059
-0.200974
-0.510071
-0.651566
-1.40503
-2.31047
-2.65152
-2.65373
-2.01567
0.520645
1.39771
-1.12634
-1.15959
-0.432816

[5]
-1.14478
-0.313507
-0.445389
-0.0886078
-0.108139
0.0841217
-0.0345459
-0.0465393
-0.0219727
-0.0550079
-0.0802917
-0.0972443
-0.134491
-0.102737
-0.0187531
-0.0250854
-0.00718689
0.232742
0.103104
0.192429
0.305115
0.378799
0.45607
1.09802
1.94945
1.12708
1.14008
1.13008
-0.105972
-0.669983
0.499557
0.823013
0.785736
0.719406
0.403366
0.211456
0.154343
0.0725861
0.0863647
-0.0635223
-0.608719
-0.483307
-1.50722
-2.08582
-2.00412
-2.64505
-2.63251
-2.3806
1.40021
1.00505

[6]
-1.6086
-0.375076
-0.75499
-0.826218
-0.365417
-0.380249
-0.0601044
-0.0156555
0.074585
-0.0319214
-0.0164948
0.0132294
-0.00643921
0.0102386
-0.0558929
-0.104416
-0.04953
-0.0112762
0.0855408
0.0654602
0.0996552
0.167847
0.276566
0.29985
0.33696
0.357239
1.7388
1.69151
1.04704
1.31448
0.783203
-0.0531006
0.312164
0.733307
0.841217
0.638748
0.568329
0.329971
0.219971
0.147873
0.0447845
-0.0964355
-0.251602
-0.587036
-0.963394
-1.79103
-2.47095
-2.63622
-2.63145
-2.24561

[7]
-0.309067
1.49966
-1.2408
-0.916687
-0.443344
-1.02364
-0.347672
-0.255402
-0.0264893
0.127777
0.201523
-0.0571289
-0.103958
0.0772552
0.069809
-0.0353546
-0.0805817
0.0175323
0.0169678
0.0738983
-0.0239716
0.114258
0.170044
0.220734
0.166595
0.276474
0.370758
0.467453
0.886124
1.72195
1.07581
1.27187
1.36859
0.600281
-0.509842
0.430145
0.788361
1.00835
0.837357
0.612839
0.2854
0.180359
0.172333
0.119736
0.0269775
-0.352585
-0.739777
-1.26562
-2.17595
-2.53554

[8]
-2.58878
-2.54207
-1.73787
1.53239
-1.07242
-1.06439
-0.235809
-1.00693
-0.335068
-0.361526
0.167175
0.135147
-0.0057373
0.0214691
-0.0566559
0.0983734
0.0831451
0.00856018
0.0120392
0.0374756
0.0325775
0.0529022
0.0919952
0.0561981
0.203979
0.247589
0.270157
0.322586
0.414825
0.502457
0.74231
1.92497
1.24551
1.48572
1.3575
0.367798
-0.694992
0.193161
0.810669
0.944366
0.83876
0.686569
0.306534
0.20694
0.0955963
-0.0318451
-0.248642
-0.341415
-0.487122
-1.31442

[9]
-2.01743
-1.81921
-2.37895
-2.55702
-2.51651
-0.437805
1.55969
0.566574
-1.47795
-0.0754852
-0.959015
-0.477539
-0.409134
-0.279861
-0.231522
0.0428009
0.140457
0.159363
0.159088
0.0944672
0.0621338
-0.0249786
0.00186157
0.0113525
-0.0243073
0.0145416
0.0830841
0.120621
0.122635
0.220016
0.273712
0.340118
0.406403
0.581207
1.7597
1.76166
0.871872
1.17041
0.737381
-0.134079
0.148376
0.815598
0.95636
0.73941
0.641647
0.35759
0.256531
0.207748
0.103577
0.0381317

[10]
-0.367126
-0.511215
-0.727692
-1.79555
-2.58699
-2.63582
-2.63661
-2.24815
0.396118
1.47076
-1.32123
-0.282669
-1.01663
-0.82103
-0.519333
-0.177353
-0.105438
-0.0125732
0.0371704
-0.061203
0.0365295
0.160019
0.068222
-0.00386047
-0.0791321
-0.0508728
-0.0570526
-0.0444641
0.0195312
0.0704803
0.210281
0.131531
0.183456
0.268051
0.327026
0.259277
1.30127
2.36211
1.12582
0.922699
1.19766
-0.441422
-0.761444
0.4543
0.871613
0.968765
0.815536
0.549622
0.306091
0.228333

[11]
0.187302
0.162796
0.0710297
-0.234177
-0.61235
-0.921875
-2.028
-2.55188
-2.57043
-2.5495
-1.05774
1.56012
-0.923355
-0.815765
-0.282471
-1.29495
-0.323547
-0.384567
0.094101
0.103882
0.184845
-0.039856
0.108765
0.124802
0.144165
0.0673828
-0.000488281
-0.00706482
0.0426331
0.0623779
0.0769806
0.0621796
0.135986
0.208466
0.227234
0.358566
0.426727
0.447281
0.6436
1.80478
1.50894
1.31604
1.19801
0.817413
-0.202133
0.166824
0.736145
0.936462
0.8125
0.66188

[12]
0.285065
0.220642
0.211197
0.161148
0.0705872
-0.180801
-0.593994
-0.839584
-1.74039
-2.51956
-2.57471
-2.56598
-2.09987
1.52359
-0.170486
-1.62247
0.0487518
-1.07796
-0.331314
-0.487213
-0.122818
-0.0213165
0.200043
0.113266
0.0180054
0.025528
0.0281372
-0.00872803
-0.0181427
0.0235138
0.0668488
-0.0221863
0.0247955
0.115402
0.131607
0.275528
0.229401
0.302826
0.429611
0.496765
0.841064
2.05341
1.20103
1.29121
1.44841
0.598389
-0.485229
0.235535
0.751221
1.0209

[13]
0.983246
0.738052
0.24263
0.115952
0.00585938
-0.0871124
-0.237259
-0.459778
-0.974701
-1.5856
-2.45532
-2.56065
-2.56342
-2.29369
-1.14307
1.58417
-1.21205
-0.750931
-0.215179
-0.760345
-0.0801239
-0.474197
0.104828
0.0436096
0.174973
0.143402
0.00984192
0.118103
0.0673676
0.0654907
-0.0185547
0.03302
0.0697784
0.0389557
0.133453
0.194916
0.248108
0.255676
0.291702
0.422226
0.499466
0.634537
1.77403
1.87585
1.15434
1.27539
1.11711
-0.100052
0.276657
0.838089

[14]
0.952927
0.646881
0.58638
0.348373
0.31395
0.230865
0.108582
-0.0744934
-0.351486
-0.618103
-1.15584
-2.17622
-2.62805
-2.64684
-2.627
-1.04549
1.48328
-0.080307
-1.38449
-0.260025
-0.953842
-0.61702
-0.438187
-0.0868683
0.0137939
0.124908
0.100464
0.00811768
0.0288849
-0.0292511
0.00492859
-0.0457306
-0.0290985
-0.0166473
0.0416718
-0.0045166
0.116974
0.218506
0.169968
0.226929
0.336685
0.442276
0.405914
0.966675
1.94041
1.28395
1.47923
1.36943
0.0864105
-1.11794

[15]
0.264465
0.870819
1.0742
0.858749
0.640808
0.361557
0.254379
0.130661
0.0513611
0.134079
-0.248367
-0.746582
-0.987793
-1.83282
-2.51627
-2.53767
-2.51959
-1.70328
1.56786
-0.485458
-1.13646
-0.242401
-0.984055
-0.0906067
-0.521545
0.159943
0.144913
0.122726
-0.0811615
0.0391083
0.157303
0.181396
0.04216
0.0285187
0.0475311
0.0895081
0.0237579
0.0641632
0.142715
0.227814
0.255127
0.270676
0.347092
0.465302
0.572861
0.953491
1.99321
1.10808
1.5154
0.995453

[16]
-0.0557098
-0.73439
0.449203
0.933777
1.01389
0.965302
0.577332
0.294693
0.254929
0.197174
0.19902
0.18367
-0.0429688
-0.497742
-0.877686
-1.83488
-2.40504
-2.55392
-2.53528
-0.786209
1.57555
-0.876099
-1.14803
-0.183228
-1.02271
-0.310822
-0.417892
0.194901
0.133591
0.179947
-0.0557404
-0.0039978
0.134583
0.191559
0.0348816
-0.0416107
0.011261
0.0852356
0.0583801
0.0843506
0.141922
0.199814
0.25444
0.278381
0.401672
0.495819
0.473724
1.25073
1.89265
1.2872

[17]
1.37531
0.935532
0.098465
-0.244247
0.656097
0.97821
0.870728
0.734848
0.461578
0.289413
0.251648
0.179031
0.202728
0.134933
-0.426437
-0.667099
-1.45378
-2.27963
-2.58167
-2.58572
-2.06831
1.50813
0.877136
-1.76971
-0.22998
-1.1339
-0.552048
-0.352371
0.0858307
0.00933838
-0.0777283
-0.0489349
-0.00950623
0.0765228
0.0914001
-0.0274048
-0.0616608
0.00559998
0.0159454
-0.00657654
0.0482025
0.070755
0.0992737
0.256165
0.213165
0.285751
0.427643
0.438217
1.3564
1.82298

[18]
1.26079
1.51756
1.05516
0.0380402
-0.140884
0.686615
1.06248
0.827347
0.561478
0.21077
0.176041
0.204956
0.131973
0.055481
-0.0408478
-0.223526
-0.940063
-1.56485
-2.41786
-2.6145
-2.6129
-2.33664
0.781998
1.05087
-1.73561
-0.394241
-0.862259
-0.521088
-0.283417
-0.269638
-0.156036
-0.106323
0.027298
0.0043335
0.0897522
0.0724335
0.150726
0.0306854
-0.00154114
-0.0895538
-0.0688324
-0.0102997
0.0531769
0.148972
0.103439
0.258102
0.275696
0.408615
0.39032
0.818359

[19]
2.0323
1.22513
1.04977
1.15569
0.558823
-0.783951
0.453171
0.878281
0.713623
0.529465
0.366318
0.201538
0.206253
0.110641
-0.0717163
-0.0552673
-0.298065
-0.7659
-1.33125
-2.13412
-2.65921
-2.66768
-2.63895
-0.987656
1.46474
-0.339157
-1.53271
-0.351837
-1.53757
-0.233795
-0.520126
0.0848694
-0.118805
-0.01297
-0.212418
-0.0460663
-0.101212
-0.0202637
-0.0627136
-0.0400391
-0.0527039
-0.0808411
-0.106186
0.0572815
0.126083
0.0792542
0.13681
0.23999
0.310455
0.373627

[20]
1.07591
2.01938
1.30881
1.22348
1.13507
-0.0711975
-0.733139
0.558533
1.01103
0.865311
0.753555
0.47316
0.246307
0.212296
0.106049
0.0113678
-0.172379
-0.517609
-0.729462
-1.2726
-2.28801
-2.61328
-2.62444
-2.59622
-0.404892
1.49341
-0.577393
-1.00749
-0.779846
-0.969849
-0.264755
-0.389359
0.0995178
-0.023941
0.117401
-0.0332794
0.0921021
0.00224304
0.0684967
0.029007
0.000564575
0.0312805
0.00646973
-0.00814819
0.0108948
0.0958557
0.212997
0.237274
0.299576
0.408981

[21]
0.482742
0.514923
1.88193
1.74527
1.43509
1.35408
0.344421
-0.692017
0.646454
1.054
0.903427
0.699249
0.503296
0.276321
0.249695
0.159775
0.145447
0.0850067
-0.230515
-0.574661
-0.968933
-2.07372
-2.55518
-2.58006
-2.56335
-0.877838
1.53568
-1.97769
-0.515762
-0.954086
-0.469467
-0.280014
0.129089
0.0558929
0.0213776
0.0342865
0.058609
0.1297
0.100174
-0.0198975
-0.0248871
0.0132446
0.0352173
0.0683441
0.150024
0.131699
0.233917
0.255768
0.339767
0.362442

[22]
0.489258
0.702881
1.67635
1.50212
1.23961
1.09262
0.712738
-0.587814
0.466019
0.996109
1.00679
0.730057
0.478226
0.220596
0.170593
0.138428
0.0579224
-0.00662231
-0.213272
-0.679855
-1.29062
-2.15181
-2.59271
-2.60768
-2.58734
-1.69548
1.50569
-0.769958
-1.2637
-0.527115
-1.19118
-0.330765
-0.211227
0.058197
0.138016
-0.0535736
-0.1642
0.0068512
0.104614
-0.0224609
-0.0681763
0.00920105
-0.062851
-0.0632782
0.0257263
0.0844879
0.121567
0.223557
0.229401
0.266739

[23]
0.34314
0.390366
0.756256
1.62949
1.12791
1.48282
1.13974
0.258698
-0.854416
0.561493
0.895569
0.960251
0.816589
0.427765
0.150879
0.149261
0.0879669
0.0436554
0.0368195
-0.172028
-0.701401
-1.36436
-2.34419
-2.59517
-2.60901
-2.38895
-1.03989
1.47081
0.833801
-1.81377
-0.414719
-1.32777
-0.469788
-0.381226
-0.0870819
-0.13562
-0.0679474
-0.141479
-0.0983276
-0.0647278
-0.0657349
-0.0359497
-0.0477448
-0.0987091
-0.109344
-0.0728607
-0.121017
-0.0662994
0.0537109
0.259659

