[1]
0.00111389
0.00111389
-0.00512695
-0.0252686
-0.0223389
-0.024826
-0.0400543
-0.0806885
-0.0569
-0.0894928
-0.119431
-0.144608
-0.20401
-0.168381
-0.303879
-0.331665
-0.414459
-0.524124
-0.630447
-0.89006
-0.948196
-0.802429
-0.676529
-0.552124
-0.102432
0.748352
0.260605
0.387268
0.573517
0.550247
0.530441
0.517212
0.476883
0.377655
0.288589
0.0807953
-0.117676
-0.396439
-0.615158
-0.81015
-0.847382
-0.794434
-0.757324
-0.619598
-0.47876
-0.384964
-0.267609
-0.204117
-0.505905
0.0230103

[2]
-0.110519
-0.14093
-0.496231
-0.572815
-0.152618
-0.0688934
0.0341034
-0.0765228
-0.0348206
0.0412445
-0.00297546
0.00149536
0.0202179
-0.00680542
0.00926208
0.0255737
-0.0146484
-0.0148468
-0.00637817
-0.00759888
0.00714111
0.0314026
0.0740509
0.041626
-0.0654907
-0.0991058
-0.0780334
-0.0727234
-0.0786438
-0.125427
-0.142838
-0.238846
-0.236572
-0.252747
-0.254547
-0.281113
-0.416626
-0.667435
-0.851562
-0.996445
-0.95607
-0.645767
-0.754089
-0.266708
0.41861
-0.195801
0.232849
0.385925
0.40686
0.476593

[3]
0.472763
0.464844
0.432541
0.380951
0.257935
0.0440826
-0.189224
-0.425644
-0.639404
-0.901855
-1.03191
-1.05716
-0.95314
-0.710266
-0.425858
-0.312927
-0.10788
-0.237244
-0.164871
-0.303513
-0.502594
-0.28833
-0.0481415
-0.148712
0.073288
0.00366211
0.0164642
-0.040863
-0.0891724
-0.0154877
0.0252228
-0.00198364
0.00146484
-0.0155487
0.00376892
0.026123
0.0114746
-0.0154724
-0.0122528
-0.026825
-0.0200195
-0.0183258
-0.0316467
-0.0634613
-0.0852966
-0.0939636
-0.0838165
-0.117569
-0.165146
-0.161545

[4]
-0.196838
-0.274643
-0.324051
-0.47821
-0.660919
-0.864716
-0.795822
-0.889725
-0.590805
-0.740051
-0.264023
0.552856
-0.0970612
0.163773
0.374832
0.399963
0.454208
0.463745
0.48201
0.464493
0.416046
0.29924
0.076004
-0.124954
-0.416367
-0.68808
-0.964249
-1.02882
-0.889664
-0.675156
-0.49231
-0.295074
-0.290054
-0.266418
-0.338715
-0.273422
-0.310837
-0.597229
-0.30806
-0.0971069
-0.0500183
-0.0186615
-0.000900269
-0.0424042
-0.0734558
-0.0210266
0.0220337
0.0113678
-0.0316467
-0.0281219

[5]
0.00630188
-0.00550842
0.0116119
-0.0163422
-0.0020752
-0.00862122
-0.0104828
-0.0190125
-0.0211792
-0.0226898
-0.0868988
-0.0960846
-0.13031
-0.153458
-0.179382
-0.189682
-0.246796
-0.28476
-0.344482
-0.48793
-0.610001
-0.721252
-0.866653
-0.738922
-0.578964
-0.608612
-0.0855255
0.45694
0.250793
0.222092
0.387115
0.428497
0.457596
0.464508
0.443161
0.440979
0.33638
0.184982
-0.00733948
-0.219223
-0.413986
-0.600204
-0.671555
-0.695679
-0.704544
-0.597137
-0.455933
-0.342651
-0.483719
-0.191452

[6]
-0.247986
-0.321213
-0.33461
-0.4487
-0.209854
-0.151138
-0.0851288
-0.0830688
-0.0389099
0.0174561
0.0759125
-0.0784454
-0.0207062
0.0135345
0.013855
-0.0250244
-0.0345306
-0.00578308
0.0279083
0.00656128
-0.00221252
-0.0166779
-0.0266113
-0.0359192
-0.0199127
-0.0353394
-0.0680542
-0.0806274
-0.0906219
-0.087265
-0.139465
-0.135345
-0.138016
-0.154861
-0.177139
-0.205322
-0.268875
-0.399078
-0.550949
-0.75145
-0.835373
-0.682922
-0.577972
-0.645142
-0.204971
0.345139
-0.141174
0.160736
0.391922
0.396591

[7]
0.449249
0.466034
0.470535
0.440109
0.359802
0.194489
0.0505829
-0.136322
-0.396408
-0.715927
-0.743073
-0.621689
-0.734573
-0.691055
-0.555588
-0.429535
-0.317337
-0.374084
-0.197479
-0.224365
-0.197617
-0.300446
-0.23317
-0.381866
-0.226639
0.000961304
-0.0120239
0.0397034
0.0320129
-0.0125427
-0.0359344
-0.029007
-0.0256805
-0.0208893
-0.023407
-0.0189362
-0.0124054
0.0303955
0.0346527
0.0351257
0.0215759
0.0127106
-0.00190735
-0.0093689
-0.0170288
-0.031723
-0.0470886
-0.0495605
-0.0743713
-0.0935974

[8]
-0.081955
-0.0987396
-0.124695
-0.143066
-0.170395
-0.201202
-0.266785
-0.340744
-0.489166
-0.662109
-0.691513
-0.668533
-0.617004
-0.444077
-0.557831
-0.230408
0.0908051
0.481186
0.178009
0.255341
0.403305
0.484238
0.461929
0.483917
0.450562
0.37207
0.286469
0.0741119
-0.139023
-0.316498
-0.467346
-0.626114
-0.739273
-0.794678
-0.776642
-0.72319
-0.43425
-0.326355
-0.415573
-0.229385
-0.222626
-0.359421
-0.33786
-0.389313
-0.192673
0.100983
-0.000518799
0.000152588
0.0182953
0.00740051

[9]
-0.0506744
-0.0440369
-0.00967407
0.00823975
-0.0176086
-0.0407562
-0.0581512
-0.0144958
0.0465851
0.0316162
0.00274658
-0.0124207
0.0128326
-0.0749817
-0.0395508
-0.021759
-0.0304718
-0.0637207
-0.0640259
-0.072876
-0.0856476
-0.122604
-0.15831
-0.173401
-0.198959
-0.252701
-0.389755
-0.595917
-0.743393
-0.872757
-0.6064
-0.683838
-0.54245
-0.39769
0.0614471
0.630859
0.382477
0.359833
0.462982
0.485504
0.490417
0.479721
0.427277
0.421814
0.310883
0.110001
-0.0348206
-0.269806
-0.488876
-0.621552

[10]
-0.725128
-0.684082
-0.664581
-0.584518
-0.450226
-0.310196
-0.197891
-0.472244
-0.117676
-0.215332
-0.127045
-0.314377
-0.484924
-0.141724
-0.145462
0.0143127
-0.0310211
0.0387268
0.0170441
-0.0444183
-0.0257874
-0.00761414
0.00761414
-0.0116425
-0.0151215
-0.0143127
0.0308075
0.0376892
0.0343781
-0.0171814
-0.00550842
-0.00730896
-7.62939e-05
0.000549316
-0.00779724
-0.0384369
-0.0391693
-0.0310516
-0.0654297
-0.076355
-0.0637207
-0.112381
-0.148819
-0.175079
-0.167435
-0.199219
-0.27626
-0.45369
-0.550415
-0.649658

[11]
-0.764542
-0.560776
-0.642761
-0.458313
-0.321884
-0.0146637
0.197144
0.151718
0.288681
0.424576
0.463196
0.485458
0.484772
0.458832
0.417114
0.338852
0.148087
-0.0840607
-0.338531
-0.530258
-0.623245
-0.731308
-0.742172
-0.668015
-0.582443
-0.46051
-0.350464
-0.287872
-0.24527
-0.216064
-0.137268
-0.299744
-0.527115
-0.35463
-0.105698
-0.104141
0.0531311
0.0473328
0.0311432
0.0019989
-0.035965
-0.00946045
-0.0123901
0.0032959
0.0101166
-0.030899
-0.0055542
0.0239868
0.0158691
-0.00344849

[12]
-0.0139313
-0.010376
-0.0224152
-0.0126801
-0.0344696
-0.0559235
-0.0501099
-0.066925
-0.0952606
-0.0709686
-0.107803
-0.116577
-0.139816
-0.173767
-0.204468
-0.263641
-0.385345
-0.586685
-0.808243
-0.906219
-0.697433
-0.677505
-0.457809
-0.332092
0.183807
0.220322
0.436203
0.397232
0.442413
0.481216
0.481613
0.46965
0.459579
0.355789
0.197296
0.0511017
-0.177979
-0.44635
-0.621399
-0.747406
-0.788071
-0.773102
-0.665634
-0.473907
-0.333221
-0.270645
-0.308304
-0.169312
-0.159851
-0.183945

[13]
-0.314301
-0.421036
-0.264664
-0.119293
-0.134445
-0.062088
0.0330811
0.046402
-0.0093689
-0.0141754
-0.00566101
0.00463867
-0.00491333
-0.025589
-0.017868
0.00340271
0.0273438
-0.00135803
0.00202942
-0.0043335
0.00205994
-0.00308228
-0.0128784
-0.0292664
-0.0464783
-0.0380554
-0.056366
-0.106476
-0.113831
-0.161057
-0.165726
-0.176605
-0.169495
-0.217758
-0.279388
-0.428421
-0.656097
-0.824432
-0.935776
-0.855835
-0.585052
-0.590714
-0.341248
0.588455
-0.0177917
0.264343
0.439178
0.466339
0.499741
0.484558

[14]
0.461517
0.421326
0.308319
0.152924
-0.00605774
-0.262466
-0.450424
-0.581589
-0.651642
-0.663437
-0.62442
-0.585541
-0.525253
-0.339722
-0.17067
-0.291611
-0.381058
-0.31459
-0.378891
-0.422806
-0.234421
-0.16304
0.00291443
-0.0152893
0.00914001
0.0144653
-0.0478821
-0.00848389
0.00178528
0.0265503
0.0128174
0.00439453
-0.0147552
0.00088501
-0.00140381
-0.0257263
-0.0264893
-0.0169373
-0.0190277
-0.0194702
-0.0262299
-0.0413818
-0.0421906
-0.0712128
-0.0841522
-0.121063
-0.172714
-0.173538
-0.210953
-0.209564

[15]
-0.263443
-0.309082
-0.467194
-0.700867
-0.87291
-0.863998
-0.896362
-0.565979
-0.704483
-0.177551
0.737885
0.040802
0.276978
0.474899
0.474167
0.52597
0.510406
0.471619
0.463181
0.388641
0.220932
-0.0158844
-0.25029
-0.53334
-0.69603
-0.826691
-0.833511
-0.809204
-0.69278
-0.47702
-0.311523
-0.427689
-0.227417
-0.227783
-0.130997
-0.431564
-0.57637
-0.37973
0.00617981
-0.0454712
0.0273743
0.0185394
-0.027298
-0.0302734
-0.0250244
0.00717163
-0.000793457
-0.0121307
-0.00372314
0.0067749

[16]
0.0106354
-0.00926208
-0.0121307
-0.0142517
-0.0217133
-0.0176849
-0.0259399
-0.0379333
-0.0386505
-0.0725098
-0.0698853
-0.119492
-0.11937
-0.142456
-0.149567
-0.175659
-0.214218
-0.328964
-0.503754
-0.786133
-0.931305
-0.797043
-0.83815
-0.63237
-0.604507
-0.143661
0.748749
0.25528
0.310486
0.458374
0.458099
0.47731
0.473572
0.423477
0.396439
0.307541
0.118683
-0.0472717
-0.252075
-0.460022
-0.616211
-0.77124
-0.772018
-0.754272
-0.658112
-0.474854
-0.316803
-0.417221
-0.21431
-0.204803

[17]
-0.19194
-0.292572
-0.392242
-0.175232
-0.208755
-0.0364532
0.00134277
0.0189056
0.0278625
-0.0508423
-0.0361633
-0.00979614
0.00868225
-0.00112915
-0.0183716
-0.0348969
-0.00622559
0.016098
-0.00445557
-0.0151367
-0.0163879
-0.00584412
-0.0315552
-0.0243378
-0.0408478
-0.0482178
-0.0684357
-0.0707855
-0.0881195
-0.105042
-0.179688
-0.181107
-0.19191
-0.222977
-0.3414
-0.529617
-0.680298
-0.817703
-0.876221
-0.706711
-0.65155
-0.595947
-0.427399
0.0855865
0.431152
0.343033
0.298218
0.442139
0.486511
0.500839

[18]
0.514145
0.469727
0.400589
0.290115
0.0939026
-0.0812988
-0.289444
-0.532013
-0.746399
-0.877014
-0.872269
-0.768845
-0.620026
-0.634537
-0.264954
-0.321136
-0.339661
-0.381149
-0.265305
-0.438934
-0.256607
0.0117188
0.00843811
0.0571899
0.00837708
0.0018158
-0.0359344
-0.035675
-0.0101929
-0.0115356
-0.022049
-0.0169678
-0.00961304
0.0191345
0.0285645
0.0107574
-0.00897217
-0.0113831
-0.0102234
-0.0185242
-0.0294495
-0.03479
-0.0463104
-0.0731506
-0.0709839
-0.0917816
-0.110825
-0.124344
-0.158981
-0.207535

[19]
-0.252289
-0.388168
-0.606949
-0.786362
-0.879761
-0.782761
-0.751358
-0.615494
-0.53447
-0.0301056
0.788589
0.243164
0.271637
0.460632
0.49588
0.538925
0.497086
0.471634
0.4478
0.349945
0.175354
-0.0210114
-0.189484
-0.411774
-0.627884
-0.798111
-0.841385
-0.785263
-0.632706
-0.434525
-0.332901
-0.517502
-0.195663
-0.203506
-0.177353
-0.225143
-0.42894
-0.293442
-0.256393
-0.00749207
-0.019165
0.0206757
0.0111542
-0.0436401
-0.04599
-0.0318298
-0.00488281
0.00900269
-0.0101929
-0.0220947

[20]
0.00724792
0.0239716
0.0189056
0.00823975
-0.0138245
-0.0176697
-0.0301971
-0.0230865
-0.0225525
-0.0407562
-0.0742798
-0.0866852
-0.0662689
-0.101013
-0.15332
-0.15773
-0.205246
-0.218109
-0.28157
-0.486588
-0.765457
-1.01443
-0.838043
-0.88945
-0.576904
-0.588989
-0.0384521
0.492615
0.356949
0.419464
0.51326
0.526138
0.537338
0.516205
0.480652
0.428192
0.327606
0.17511
-0.00733948
-0.219772
-0.478592
-0.634171
-0.807449
-0.815292
-0.760452
-0.679672
-0.507568
-0.374451
-0.320755
-0.158966

[21]
-0.229797
-0.214722
-0.238892
-0.36087
-0.237976
-0.230652
-0.0373383
-0.00531006
0.0152893
0.0206604
-0.0524445
-0.0478668
-0.0308228
-0.00389099
0.00317383
-0.010376
-0.00543213
0.0157928
0.0186462
0.0163269
-0.015152
-0.0190582
-0.0310822
-0.0345459
-0.0411835
-0.0495453
-0.0797882
-0.0937347
-0.131851
-0.138489
-0.18512
-0.191055
-0.226257
-0.312317
-0.519913
-0.757614
-0.854233
-0.952362
-0.76445
-0.573685
-0.619629
-0.080658
0.702484
0.239288
0.280701
0.442917
0.480713
0.48703
0.503876
0.455612

[22]
0.445084
0.355179
0.182571
-0.0253448
-0.247131
-0.527512
-0.778732
-0.866837
-0.775314
-0.635941
-0.53067
-0.445831
-0.321686
-0.222855
-0.437332
-0.123657
-0.239227
-0.352051
-0.420456
-0.475983
-0.239334
-0.0915375
0.0545502
0.0119171
0.0302734
-0.0240173
-0.0220032
-0.0221863
-0.0187073
-0.00442505
-0.00616455
-0.0311432
0.0092926
0.0172119
0.0159607
-0.0180054
0.00971985
-0.0122223
-0.00717163
-0.0108643
-0.0338745
-0.0434723
-0.0506592
-0.0939484
-0.0956726
-0.098175
-0.141815
-0.1754
-0.178345
-0.235397

[23]
-0.23851
-0.414505
-0.660477
-0.824234
-0.917389
-0.828598
-0.550446
-0.484741
-0.264801
0.363541
-0.0207367
0.256989
0.387634
0.420578
0.462799
0.425064
0.409897
0.405609
0.347412
0.200012
0.0619965
-0.0901947
-0.307877
-0.473969
-0.608627
-0.665543
-0.708435
-0.728851
-0.611557
-0.450531
-0.355804
-0.275192
-0.24733
-0.348022
-0.315155
-0.260086
-0.306961
-0.225708
0.0667572
-0.0408478
0.0236053
0.0155487
0.0210724
-0.0261841
-0.0262451
-0.0100403
0.011322
-0.0223541
-0.0518494
-0.0302734

[24]
-0.0192719
0.0376434
0.027832
-0.00369263
-0.0120392
-0.00366211
-0.020813
-0.0360565
-0.0441742
-0.0544281
-0.065918
-0.0835419
-0.0831909
-0.124435
-0.15126
-0.162933
-0.192719
-0.250748
-0.275803
-0.452454
-0.724915
-0.863846
-0.973679
-0.803467
-0.617447
-0.510437
-0.169907
0.611374
0.0234985
0.306671
0.449295
0.44751
0.489731
0.493134
0.460022
0.428345
0.357513
0.192612
-0.0196991
-0.264008
-0.509155
-0.597321
-0.663742
-0.660614
-0.667755
-0.625153
-0.603226
-0.473434
-0.295761
-0.175461

[25]
-0.166397
-0.36235
-0.279724
-0.257187
-0.46553
-0.212509
-0.0310669
-0.0553436
0.0176086
0.0137482
0.00552368
-0.0415649
-0.030838
-0.0278473
-0.0241241
-0.0129395
-0.00146484
0.00683594
0.0296783
0.0178833
0.0119476
-0.00402832
-0.00848389
-0.00445557
-0.0240173
-0.0232544
-0.0359802
-0.0459442
-0.0565186
-0.0596313
-0.0782776
-0.102371
-0.101181
-0.148132
-0.169708
-0.235809
-0.309738
-0.498276
-0.643036
-0.760452
-0.852158
-0.680176
-0.681458
-0.536072
-0.420486
0.0497742
0.613785
0.333923
0.272385
0.392273

[26]
0.436386
0.462662
0.482132
0.433487
0.413651
0.314117
0.152237
-0.0783234
-0.263016
-0.512222
-0.692719
-0.80661
-0.799515
-0.766083
-0.685623
-0.524582
-0.351608
-0.297882
-0.247314
-0.175217
-0.172684
-0.215668
-0.430328
-0.225372
-0.191299
-0.0578766
-0.045639
-0.0110474
0.0336609
-0.0631256
-0.042572
-0.0230865
-0.00460815
0.00559998
0.0181274
0.000244141
0.00146484
0.0141602
0.0274506
0.00958252
-0.0213013
-0.0372009
-0.0270844
-0.0101318
-0.0218353
-0.0483551
-0.06427
-0.0859222
-0.0880737
-0.0885773

[27]
-0.154892
-0.167099
-0.22699
-0.285019
-0.3909
-0.738831
-1.00797
-0.850189
-0.968231
-0.726318
-0.456589
-0.332962
0.487839
0.0280914
0.341278
0.471207
0.500107
0.5298
0.50264
0.470947
0.41243
0.329025
0.18132
-0.0319061
-0.242447
-0.466354
-0.624069
-0.743896
-0.820862
-0.813721
-0.783401
-0.57428
-0.417984
-0.339935
-0.0667572
-0.194748
-0.10321
-0.147049
-0.485229
-0.27356
-0.236221
-0.0814972
0.00852966
0.0199432
0.01828
-0.0319366
-0.00650024
-0.0118866
-0.00212097
-0.014679

[28]
-0.00569153
0.00125122
0.0184174
0.0227509
-0.0173492
-0.0186615
-0.00727844
-0.0137634
-0.0161285
-0.0232391
-0.0331879
-0.0374146
-0.0502167
-0.10231
-0.0931854
-0.125
-0.121613
-0.161758
-0.212372
-0.234528
-0.339722
-0.60582
-0.831482
-0.981598
-0.755539
-0.720123
-0.574799
-0.351791
0.138992
0.187149
0.421509
0.320145
0.402771
0.436844
0.426224
0.437317
0.391678
0.324966
0.144653
-0.0299835
-0.188248
-0.367477
-0.512726
-0.613892
-0.633789
-0.627991
-0.582458
-0.465866
-0.505814
-0.223114

[29]
-0.269394
-0.251953
-0.315979
-0.515778
-0.379715
-0.248032
-0.202393
0.0525208
-0.0234833
0.0408783
0.0427399
-0.0596008
-0.0584869
-0.0153503
-0.00874329
-0.0132141
-0.00370789
-0.0126038
-0.011322
0.0401611
0.0153046
0.0120544
-0.0153046
-0.0108185
-0.0255127
-0.0222015
-0.0632629
-0.0612488
-0.0671692
-0.0917664
-0.0865784
-0.100723
-0.168045
-0.179871
-0.191071
-0.273575
-0.376282
-0.569046
-0.895081
-1.00214
-0.953979
-0.880936
-0.668442
-0.399734
0.100311
0.320297
0.476715
0.394653
0.474106
0.514023

[30]
0.506805
0.492661
0.462082
0.363617
0.194397
0.0230713
-0.18985
-0.462189
-0.660217
-0.751541
-0.755936
-0.72583
-0.726837
-0.533447
-0.404297
-0.318741
-0.245255
0.0214081
-0.327942
-0.327545
-0.303574
-0.448334
-0.279129
-0.160522
-0.0646515
0.000228882
0.0351562
-0.0370483
-0.0151978
0.010498
-0.0154266
0.0257263
-0.00062561
0.00613403
0.0435333
0.0354309
0.0148926
0.0102844
-0.0140839
-0.00450134
-0.0133209
-0.0423126
-0.0246735
-0.0269012
-0.049469
-0.0723419
-0.0938263
-0.0870056
-0.112534
-0.200729

[31]
-0.211792
-0.246414
-0.278076
-0.370651
-0.553879
-0.834641
-0.979813
-0.743988
-0.789902
-0.499237
-0.417252
0.318466
0.439667
0.530548
0.413605
0.404785
0.465805
0.435471
0.38446
0.268845
0.0338898
-0.0961304
-0.259628
-0.414383
-0.485779
-0.496384
-0.510651
-0.54805
-0.559219
-0.538162
-0.388885
-0.274139
-0.344772
-0.157211
-0.256073
-0.412933
-0.318283
-0.384491
-0.350662
-0.195816
-0.0402374
0.0168457
-0.0661774
0.0538177
-0.0242004
-0.0383606
0.00395203
-0.0045929
-0.0145721
-0.0105896

[32]
-0.0323334
-0.0157166
0.0240021
0.0347595
0.0145416
-0.0174561
-0.0253906
-0.0179596
-0.0121002
-0.032074
-0.0484772
-0.0661621
-0.102081
-0.0659637
-0.093811
-0.137985
-0.197678
-0.218201
-0.26445
-0.379257
-0.54129
-0.834015
-0.996796
-0.805084
-0.859879
-0.607819
-0.49147
0.0155487
0.7155
0.460449
0.310043
0.389206
0.451385
0.476883
0.476593
0.437286
0.375107
0.247971
0.0603333
-0.133331
-0.323318
-0.52684
-0.71553
-0.77887
-0.728241
-0.72023
-0.591522
-0.438705
-0.319687
-0.487549

[33]
-0.151657
-0.244263
-0.257111
-0.442825
-0.489441
-0.142334
-0.0539093
0.0928497
-0.0791626
-0.019043
-0.0618439
-0.0422821
-0.0228271
0.0181732
0.00271606
0.0180664
0.00619507
-0.0124512
0.0217896
0.00822449
-0.00141907
-0.0206909
-0.0159149
-0.0110779
-0.0208435
-0.0397186
-0.0479279
-0.077179
-0.0995178
-0.093689
-0.129257
-0.209808
-0.23941
-0.223557
-0.276352
-0.364441
-0.512711
-0.758759
-0.915344
-0.788559
-0.882233
-0.535477
-0.574997
-0.0219421
0.845078
0.31076
0.217224
0.506287
0.448959
0.491592

[34]
0.463058
0.382111
0.331512
0.245911
0.038269
-0.135513
-0.330933
-0.526566
-0.660889
-0.716431
-0.739517
-0.715393
-0.707916
-0.505737
-0.408493
-0.301636
-0.309738
-0.303909
-0.271667
-0.237854
-0.369797
-0.218018
-0.0286713
-0.0125885
-0.0209198
0.0292511
-0.0220795
-0.0299377
-0.0211487
0.00125122
0.0141296
-0.00125122
-0.0199585
-0.0198059
0.00386047
0.0239258
0.0219727
-0.00949097
-0.0275116
-0.0246582
-0.00497437
-0.0293732
-0.0714264
-0.091568
-0.110016
-0.120285
-0.172897
-0.253296
-0.256393
-0.312195

[35]
-0.396988
-0.54982
-0.77536
-0.92009
-0.739197
-0.83371
-0.635559
-0.487961
-0.0118256
0.814835
0.357193
0.197113
0.428131
0.450806
0.488892
0.489731
0.444153
0.363388
0.249893
0.046524
-0.154572
-0.371933
-0.559311
-0.636673
-0.665604
-0.698273
-0.716919
-0.591827
-0.463089
-0.335953
-0.270828
-0.191177
-0.207611
-0.232773
-0.2276
-0.316666
-0.521774
-0.382095
-0.19281
-0.00830078
0.00776672
0.0610504
-0.0211945
-0.0294037
-0.00526428
-0.00744629
0.00958252
0.0129395
0.0115509
-0.0189972

[36]
-0.0182953
-0.0254059
-0.0132294
-0.0185547
-0.0167847
-0.0209045
-0.0261536
-0.0255585
-0.0288544
-0.0860138
-0.08461
-0.126984
-0.161667
-0.222824
-0.199432
-0.268433
-0.319275
-0.429916
-0.775253
-0.929169
-0.830566
-0.829056
-0.672226
-0.566574
-0.292801
0.538727
0.111801
0.142548
0.463486
0.415726
0.476181
0.467392
0.444794
0.3703
0.30542
0.142792
-0.0407867
-0.188019
-0.387085
-0.594711
-0.7117
-0.718948
-0.680679
-0.590927
-0.480118
-0.369553
-0.287094
-0.243286
-0.206863
-0.237396

[37]
-0.0164337
-0.225983
-0.617691
-0.299637
-0.0509491
-0.16832
0.0470428
-0.0264893
-0.0299683
-0.0483398
-0.0594177
-0.00421143
-0.00126648
0.0321503
0.0115509
0.0207977
0.00668335
0.00892639
0.0116577
-0.0118256
-0.0257263
-0.025238
0.00282288
-0.0267944
-0.0365295
-0.0459595
-0.0678558
-0.0743866
-0.0857391
-0.112289
-0.129852
-0.218521
-0.224365
-0.255646
-0.330582
-0.380981
-0.613052
-0.818588
-1.01768
-0.871109
-0.817184
-0.531342
-0.381256
0.130127
0.476303
0.517502
0.432495
0.51944
0.531906
0.510315

