[1]
-0.00827026
-0.00827026
-0.131302
-0.133499
-0.00967407
0.0963898
0.0617523
0.0050354
-0.0432587
-0.0505829
0.0183411
0.0354004
-0.00811768
-0.0121765
0.0243073
0.0309601
0.0334473
0.0210266
-0.00274658
0.00798035
-0.0302887
-0.102478
-0.0247803
0.00239563
-0.0423431
-0.0172424
-0.0960846
-0.178635
-0.657455
-0.0685272
-0.228226
-0.423172
-0.413956
-0.268127
-0.151123
-0.155319
-0.13559
-0.090744
-0.0979004
-0.0818481
-0.102142
-0.0584259
-0.109375
-0.0892334
0.14798
-0.0126953
-0.0141296
0.00550842
-0.0978546
-0.13681

[2]
-0.206009
-0.105713
0.0890198
0.550385
0.578751
0.209961
0.273239
0.434204
0.601898
-0.0774689
0.156647
-0.0330811
-0.130127
-0.383133
0.0374298
0.0527496
0.0626678
0.137695
0.00105286
-0.133438
-0.209274
-0.0104523
0.0607605
0.00511169
-0.0461731
-0.0148926
0.019928
-7.62939e-05
0.00285339
-0.0142822
-0.0187531
-0.0267487
-0.0144501
-0.0119324
-0.0267944
-0.0151978
0.0630035
0.0311279
-0.0855713
-0.0811157
-0.071579
-0.0231934
-0.0205383
-0.0847626
-0.242783
-0.313217
-0.39209
0.116974
-0.0633698
-0.166855

[3]
-0.467743
-0.291611
-0.248642
-0.184448
-0.0948334
-0.106033
-0.165421
-0.154953
-0.103714
-0.102844
-0.153503
-0.121582
-0.153412
-0.0967102
-0.0314789
-0.00198364
-0.0464783
-0.126053
-0.0739746
-0.0244293
0.0974731
0.190277
0.349442
0.575745
0.836014
0.718948
-0.0831757
0.303543
-0.206711
-0.0404968
-0.162872
0.00512695
0.0809174
0.0867615
0.0937195
-0.0570831
-0.0844727
-0.163513
-0.00318909
0.121445
0.0648499
-0.0633698
-0.0239563
0.06604
0.0693359
0.0258484
-0.00157166
0.019516
0.0209503
0.01091

[4]
-0.0175323
0.0132751
0.0166168
0.0372314
0.0299377
-0.0587158
-0.101837
-0.1297
-0.0694275
-0.0953369
-0.207703
-0.27417
0.273438
-0.413528
-0.233917
-0.581451
-0.415726
-0.233475
-0.189911
-0.0880585
-0.115479
-0.19249
-0.13472
-0.0720978
-0.0761719
-0.160904
-0.121841
-0.108566
-0.083725
-0.0664673
-0.0676422
-0.170792
-0.156097
-0.109772
-0.00346375
0.264069
0.614517
0.928909
0.760193
0.925903
0.468063
0.222534
-0.0342712
-0.118866
-0.0629883
0.014801
0.0793304
0.134598
0.11026
0.0544891

[5]
-0.0818939
-0.205826
0.00276184
0.117218
0.0397186
-0.0330505
-0.0245667
0.0648193
0.10791
0.0478363
0.00112915
-0.00349426
0.0122833
0.0446625
0.0241852
0.0214691
0.0819244
0.0934906
0.00946045
-0.044281
-0.0406647
-0.0269775
-0.0344238
-0.227341
-0.373413
-0.684341
-0.116028
0.128448
-0.344803
-0.386993
-0.392883
-0.156006
-0.242706
-0.144897
-0.0976105
-0.109543
-0.0862732
-0.0621338
-0.0848999
-0.111099
-0.128464
-0.0935211
-0.0080719
0.0182648
-0.00570679
-0.0896606
-0.19902
-0.0330048
0.00823975
0.188797

[6]
0.442413
0.578888
0.502014
0.831589
0.781479
0.012146
0.522949
-0.313538
-0.0105438
-0.143265
0.0774536
0.0863495
0.0769196
0.0486603
-0.033844
-0.15834
-0.169739
0.065567
0.109253
0.0613098
-0.0535431
-0.0141907
0.0411377
0.00357056
-0.0191956
0.0108795
0.00613403
-0.00349426
0.0156403
0.00524902
0.0457611
0.0693512
-0.0408325
-0.0623169
-0.077652
-0.0515289
-0.134323
-0.155197
-0.346786
-0.584366
0.00820923
-0.233414
-0.374207
-0.562561
-0.347443
-0.198669
-0.0404816
-0.0764008
-0.128159
-0.137833

[7]
-0.104324
-0.101639
-0.118423
-0.123825
-0.123169
-0.0603638
-0.0557404
-0.0769196
-0.117599
-0.156128
0.015976
0.191986
0.371445
0.573364
0.713959
0.959946
0.827377
0.188812
0.369736
0.172119
-0.140671
0.0908508
-0.0235291
0.0168304
-0.0390015
0.130875
0.0924072
-0.088028
-0.212677
-0.0525208
0.104553
0.145508
0.0230713
-0.0395813
0.015686
0.0488129
0.0245361
0.0138702
0.00401306
0.0336914
-0.0163574
-0.0197754
-0.00384521
0.0259705
0.0460052
0.0283356
-0.0185852
-0.0573273
-0.108871
-0.142944

[8]
-0.116028
-0.352386
-0.538208
0.071106
-0.428589
-0.270508
-0.498734
-0.33902
-0.15329
-0.173767
-0.0985718
-0.103546
-0.0787201
-0.0795593
-0.0722961
-0.0522461
-0.0530548
-0.060379
-0.0643463
-0.00524902
0.0399017
0.0506439
-0.0227509
0.0121155
0.276535
0.385101
0.405624
0.817261
0.76265
0.879959
-0.219543
0.542587
-0.397675
0.162552
-0.00695801
-0.0547333
0.114609
0.152481
0.17836
0.0421753
-0.210709
-0.186081
0.0523529
0.200058
0.118622
-0.0576782
-0.0306549
0.0917969
0.0718689
-0.00201416

[9]
0.0235291
0.0752258
0.0854034
0.0251465
-0.0162811
0.01091
0.0344086
0.0584717
0.0547028
-0.0106354
-0.125397
-0.111465
-0.154282
-0.309372
-0.457489
0.113724
-0.215775
-0.328415
-0.411392
-0.340134
-0.26886
-0.208267
-0.0963287
-0.0739441
-0.10878
-0.124908
-0.0707245
-0.0426483
-0.0105743
-0.0616913
0.0271149
0.0678406
-0.0108795
-0.0938416
-0.228836
-0.204941
-0.12326
0.0279694
0.406708
0.714844
0.846695
0.837448
0.923233
0.370331
0.358444
-0.0668335
-0.093277
-0.0524292
0.0246124
0.150589

[10]
0.147888
0.15654
0.0762177
-0.122101
-0.202072
-0.0187378
0.120544
0.0349884
-0.0191956
-0.0126648
0.0108795
0.0343628
0.00906372
0.00445557
0.0192261
0.0471497
0.069809
0.0567627
0.00257874
0.00906372
0.0256653
0.08284
0.0556946
0.0152283
-0.0924225
-0.13269
-0.224625
-0.325821
-0.532471
0.0661316
-0.0605316
-0.387115
-0.570648
-0.367126
-0.179398
-0.0983276
-0.113358
-0.175003
-0.162781
-0.119476
-0.0701294
-0.0721741
-0.103928
-0.126556
-0.0997925
-0.123016
-0.0828705
-0.0453339
-0.0463409
-0.0283051

[11]
0.148911
0.234344
0.325455
0.548523
0.712158
0.692352
0.360214
-0.122284
0.510574
-0.153748
0.115433
-0.0353699
0.0206604
0.0487213
0.0235596
0.0292053
0.0115967
-0.101776
-0.119476
0.0412598
0.126801
0.0707703
-0.01828
0.000198364
0.0437622
0.0562744
0.0209808
0.0250854
0.0203094
0.0273285
0.0572357
0.0439758
0.0746155
0.0732422
0.0388336
-0.0154877
0.00874329
0.0266571
-0.0193787
-0.102173
-0.397964
-0.625519
-0.0713806
0.0240326
-0.416565
-0.66275
-0.550552
-0.217438
-0.0254822
-0.038559

[12]
-0.130157
-0.167938
-0.0329437
0.0444794
-0.0603333
-0.144852
-0.216858
-0.108673
-0.0997772
-0.0441284
-0.185333
-0.279465
-0.241974
-0.24205
-0.0997772
0.388107
0.750305
0.723801
0.727341
1.04718
0.0158539
0.443619
-0.510941
0.0185089
-0.0209198
0.011322
0.0533447
0.0791016
0.133011
0.0379791
-0.204742
-0.137527
0.0531158
0.147949
0.0240021
-0.0208282
0.0751495
0.0958557
0.0457764
0.0155334
-0.00241089
0.0298004
0.029953
0.0305634
0.00706482
-0.000930786
0.0300293
-0.00489807
0.0263062
0.0270386

[13]
-0.0283203
-0.0914307
-0.0168762
-0.236725
-0.558685
-0.26091
0.124481
-0.389099
-0.458084
-0.340302
-0.146164
-0.140213
-0.130753
-0.127151
-0.0995941
-0.068634
-0.0419922
-0.0732574
-0.0767822
-0.0930786
-0.0807953
-0.0677795
-0.0688019
-0.0404968
-0.0887756
-0.11879
-0.0102997
0.0677338
0.321869
0.545044
0.812836
0.698685
1.11234
-0.0469971
0.571274
-0.211914
0.265839
-0.109726
-0.109329
0.0398865
0.108124
0.100037
-0.0155792
-0.253342
-0.153931
0.0437012
0.172104
0.056778
-0.0492401
-0.00547791

[14]
0.0296173
0.0354462
0.0273895
-0.00239563
0.00704956
0.0411987
0.0433197
-0.00428772
0.0205536
0.00900269
0.00405884
-0.0216217
0.0178375
-0.0501404
-0.0898895
-0.128876
-0.279099
-0.562576
-0.00524902
-0.0360413
-0.283722
-0.607651
-0.40477
-0.217575
-0.161667
-0.107346
-0.155975
-0.192413
-0.173416
-0.119812
-0.102921
-0.0918884
-0.0997925
-0.0958557
-0.0551147
0.0479736
0.0658722
-0.0393677
-0.00126648
-0.0593109
-0.0544128
-0.0315704
0.556046
0.662048
0.885895
0.223999
0.0945435
0.0947571
0.214676
0.138535

[15]
-0.113892
-0.0460815
0.0219879
0.141357
0.0957031
-0.192703
-0.158844
0.0128632
0.114105
0.06073
-0.029953
-0.0113678
0.0449066
0.0758667
0.0299072
0.0171356
0.021698
0.0408173
0.0487671
0.0128479
0.0615692
0.0719757
0.025589
-0.0181885
-0.0426331
-0.067749
-0.0731964
-0.148773
-0.291824
-0.676605
-0.0419769
0.0673218
-0.347763
-0.595749
-0.465637
-0.296173
-0.115952
-0.0389862
-0.149277
-0.179672
-0.0680237
-0.0453186
-0.0764313
-0.0954895
-0.0857697
-0.107147
-0.0877686
-0.0944214
-0.139023
-0.274292

[16]
-0.266266
-0.206589
-0.214966
0.0390625
0.406082
0.669724
0.781143
1.21921
0.20311
0.19899
0.0118408
0.0929108
0.0181274
-0.109406
0.0369568
0.104797
0.120621
0.0217743
-0.0827484
-0.134583
0.0226593
0.163681
0.0937195
-0.0129089
0.00604248
0.0556793
0.0760498
0.02565
0.0364838
0.0618591
0.0539398
0.0656738
0.0276337
-0.00112915
0.067688
0.0418549
0.0322266
-0.00384521
0.00769043
-0.0486145
-0.0910797
-0.204239
-0.254517
-0.518661
-0.0489655
-0.090683
-0.259232
-0.477798
-0.249313
-0.102051

[17]
-0.0458221
-0.0769043
-0.148865
-0.133392
-0.0617523
-0.0739594
-0.0856323
-0.121429
-0.103592
-0.0799561
-0.0424652
0.00587463
-0.0160217
-0.0333557
0.0333252
0.122543
0.162628
0.625809
0.897491
0.872177
0.856659
-0.101578
0.364883
-0.0732422
0.199722
0.072464
-0.00474548
0.0210571
0.0138855
0.0282135
0.0686493
-0.0464935
-0.118927
-0.0339355
0.0801392
0.0935364
0.023056
0.00450134
0.0224609
0.0505066
0.0529633
0.0232849
0.00849915
0.0439911
0.0520325
0.0391693
-0.0101624
-0.0130615
0.0444031
0.103256

[18]
0.0564728
-0.0953674
-0.0530243
-0.0592041
-0.182007
-0.318314
-0.540039
-0.124817
0.185181
-0.405579
-0.387741
-0.461548
-0.386063
-0.179901
-0.106125
-0.125778
-0.166458
-0.142319
-0.1073
-0.0928192
-0.0912628
-0.159241
-0.176987
-0.157181
0.0420837
0.126556
0.0724182
0.0830841
0.118088
0.120178
0.276413
0.427292
0.561829
0.479126
0.316269
0.225967
-0.049469
0.509109
-0.261856
0.192856
-0.0170441
-0.00848389
-0.0014801
-0.00958252
0.0599213
-1.52588e-05
-0.0716858
-0.142563
0.0160522
0.0929413

[19]
0.0973358
0.00183105
-0.0188141
0.030304
0.0486755
0.0227356
-0.00483704
0.0045166
0.0472717
0.0112457
-0.0385132
0.0173645
0.0327606
0.0731506
-0.0697021
-0.129745
-0.099823
-0.0769806
-0.193237
-0.40715
-0.0277863
0.000686646
-0.426834
-0.684708
-0.540115
-0.354614
-0.112686
-0.148911
-0.173584
-0.172867
-0.126663
-0.0688629
-0.0838165
-0.17485
-0.195312
-0.164886
-0.100143
-0.0295105
-0.074295
-0.0359039
0.128799
0.317184
0.460098
0.717545
0.825302
0.68248
0.46637
0.3862
0.0644379
0.442352

[20]
0.0706024
0.166534
-0.045578
-0.0665436
-0.0273132
0.137405
0.0269165
-0.110153
-0.117264
-0.0164337
0.112503
0.0525055
0.0085144
0.0142822
0.0568237
0.068634
0.0291595
0.017746
0.0379486
0.0466766
0.0458221
-0.00624084
0.0580292
0.0611267
0.010788
-0.0170746
-0.0202026
0.00904846
-0.0573578
-0.153046
-0.380264
-0.495178
-0.0712585
-0.00814819
-0.319534
-0.588165
-0.461884
-0.296539
-0.166061
-0.115479
-0.0864563
-0.117249
-0.0641022
-0.00523376
-0.0277405
-0.09552
-0.0855713
-0.122238
-0.0286255
-0.0526886

[21]
-0.0979767
-0.155167
-0.196808
-0.121704
0.0415192
0.355331
0.661377
0.68367
0.639725
0.685165
0.746948
-0.0148315
0.184494
-0.236435
0.159943
0.0128479
-0.021225
0.00996399
0.0331421
0.0966797
-0.0408325
-0.198959
-0.0701447
0.0946655
0.0878296
-0.0215912
-0.038208
0.0185394
0.0510254
0.00787354
-0.00697327
0.00679016
-0.00784302
-0.0158691
-0.0205078
-0.0198517
0.00756836
0.0464478
-0.0381165
-0.0148773
-0.0413818
-0.067276
-0.241043
-0.285873
-0.439331
0.0275421
-0.390564
-0.291275
-0.563232
-0.343063

[22]
-0.137695
-0.126648
-0.112549
-0.125183
-0.0954437
-0.0360413
-0.0475616
-0.0852356
-0.105682
-0.0822754
-0.0258636
0.0574951
0.0998383
0.12944
0.142654
0.101624
0.203522
0.229874
0.57254
0.703705
0.431488
0.567444
0.858734
-0.0480499
0.433243
-0.38942
0.0249481
-0.0240631
-0.0588531
-0.0015564
0.0740356
0.136108
-0.00535583
-0.176605
-0.115189
0.110687
0.154404
0.0267334
-0.0317383
-0.0153809
0.0350189
0.0194855
-0.0276489
-0.0131226
-0.00466919
0.0332947
-0.0050354
-0.0286255
0.00898743
0.00367737

[23]
-0.00712585
0.02742
0.00775146
-0.0574493
-0.211853
-0.454666
-0.612411
0.0691376
-0.486191
-0.428284
-0.489304
-0.380417
-0.229538
-0.113113
-0.0931396
-0.123413
-0.140091
-0.110474
-0.106094
-0.0778656
-0.0974579
-0.116013
-0.158188
-0.134445
-0.126526
-0.197067
-0.228989
-0.18364
-0.0480804
0.185349
0.569504
0.743973
0.579681
0.971268
0.391205
0.166168
-0.0398407
-0.0641632
0.116745
-0.184189
-0.0206299
0.0611725
0.205917
0.0352783
-0.243027
-0.109436
0.115814
0.0924988
-0.0275116
-0.0349884

[24]
0.0140076
0.038269
0.0440979
0.00849915
0.000228882
0.0373993
0.0316162
0.00802612
-0.0297699
0.0228882
0.0440063
0.0119476
-0.00616455
-0.0522919
-0.0499573
-0.0423737
-0.0856628
-0.346054
-0.833237
-0.163559
-0.159241
-0.315033
-0.512772
-0.294891
-0.161514
-0.191574
-0.0728149
-0.0960846
-0.0986328
-0.0830688
-0.0476532
-0.0990448
-0.0396881
-0.0149384
0.0615692
0.160751
0.134064
0.0924683
-0.0153656
-0.0723114
0.0773163
0.215714
0.315887
0.324463
0.726578
0.594025
0.097641
0.092041
-0.0603943
-0.0427399

[25]
0.297836
0.0619049
-0.0691681
-0.015686
0.118301
0.0561829
-0.156616
-0.102646
0.050293
0.106369
-0.010376
-0.0498199
0.00634766
0.0466614
0.0534973
0.0120392
0.00517273
0.0278168
0.0256348
0.031662
0.0253296
0.0492401
0.0637512
-0.0136261
-0.0394287
-0.0295258
-0.022583
-0.0604401
-0.111526
-0.293304
-0.36412
-0.31311
0.000595093
-0.0169678
-0.300446
-0.569473
-0.341049
-0.18866
-0.144943
-0.157578
-0.169479
-0.18924
-0.144913
-0.0566101
-0.0478668
-0.0826569
-0.141525
-0.16362
-0.144226
-0.0234375

[26]
-0.0610199
-0.256699
-0.338318
-0.180344
-0.0382538
0.401825
0.680939
0.715073
0.737366
1.19981
-0.105927
0.608856
-0.272736
0.266281
-0.0614624
-0.0717316
0.0322113
0.0974579
0.145264
0.0246277
-0.174332
-0.159546
0.0370789
0.128113
0.0496368
-0.027359
-0.00790405
0.0714111
0.0473785
0.016098
0.00389099
0.0394897
0.073288
0.0196228
-0.0360413
0.0122833
0.051651
-0.0112457
0.0349426
-0.0600128
-0.097168
-0.0794983
-0.196457
-0.431519
-0.401886
0.148499
-0.385864
-0.329193
-0.533325
-0.357574

[27]
-0.243179
-0.0847168
-0.0637207
-0.0949249
-0.098587
-0.0589905
-0.0383453
-0.0352631
-0.118774
-0.183975
-0.17926
-0.0883026
-0.142838
-0.184235
-0.171509
-0.0136719
0.0553741
0.201141
0.538147
0.761459
0.663406
0.948273
0.369003
0.365952
0.428833
-0.176468
-0.00950623
0.0279846
0.0851593
0.105881
0.103058
0.027359
-0.001297
-0.0613556
-0.0746002
0.0433502
0.0703125
0.0104065
0.0115051
0.0345612
0.0463104
0.0108948
-0.00196838
0.0146942
0.0272217
0.0237732
-0.00569153
0.0333862
0.0965729
0.0584106

[28]
-0.00267029
-0.0326538
-0.027832
-0.068573
-0.172882
-0.291
-0.377747
-0.0939484
0.1689
-0.334763
-0.726685
-0.469391
-0.178391
-0.104004
-0.0663147
-0.12468
-0.147522
-0.148285
-0.058609
-0.00875854
-0.0219116
-0.0885773
-0.135956
-0.113632
-0.0686188
-0.0717316
-0.10051
-0.0365906
0.0641937
0.301971
0.941071
0.751511
0.535751
0.724991
0.527863
0.215744
0.0343781
-0.00996399
-0.0722504
-0.0900726
-0.0331573
0.157455
0.199036
0.036499
-0.115616
-0.204529
0.0215149
0.165482
0.0847931
-0.0561676

[29]
-0.036377
0.0381317
0.0559235
0.00823975
0.0200806
0.0290375
0.055191
0.0448608
-0.0108643
0.0618286
0.00436401
-0.0215912
0.00785828
-0.0668335
-0.0927734
-0.0629272
-0.272736
-0.712158
0.125946
-0.267426
-0.285187
-0.571915
-0.418304
-0.149551
-0.195831
-0.172806
-0.165375
-0.161285
-0.102982
-0.0874176
-0.0915833
-0.094696
-0.0812378
-0.0193787
0.0430908
0.0742188
0.0922394
0.136673
0.141464
0.224564
0.342514
0.675293
0.672318
0.382187
0.413895
0.763519
-0.0771179
0.444092
-0.2827
-0.260757

[30]
-0.0560608
0.0809326
0.0460663
0.119705
0.0944366
-0.0574493
-0.222382
-0.0860138
0.171677
0.132126
-0.00569153
-0.0292206
0.0253448
0.0365601
0.033844
-0.00770569
0.0115967
0.0225067
0.0198059
-0.00111389
-0.00125122
0.00587463
0.0381775
0.0356598
0.00715637
-0.112198
-0.148788
-0.309875
-0.510696
-0.174072
0.037262
-0.318787
-0.304916
-0.425766
-0.203491
-0.225677
-0.104004
-0.0796509
-0.0825195
-0.0695343
-0.0333557
-0.013031
0.00997925
-0.0266418
-0.0505981
-0.0490417
0.0305634
0.0617371
0.101868
0.129013

[31]
0.308502
0.578064
0.796539
0.623154
0.598511
0.546082
-0.0140533
0.621033
-0.136307
0.0280304
0.0523682
0.0606232
-0.00204468
0.0162964
0.0567322
0.0398865
-0.0266266
-0.0847473
-0.0132904
0.101791
0.123413
0.0931396
0.0455017
0.0260468
0.0184784
0.0103149
0.00762939
0.0242615
0.000747681
-0.030777
0.0428467
0.0545197
0.114685
0.0188141
0.00927734
-0.0456848
-0.0779114
-0.226669
-0.315536
-0.677094
0.0746765
-0.143829
-0.261215
-0.482712
-0.389709
-0.126465
-0.187653
-0.132156
-0.157944
-0.149429

[32]
-0.112061
-0.0461731
-0.0596008
-0.0751801
-0.0897827
-0.0205994
-0.0357513
-0.0225983
0.00941467
0.00151062
0.0632172
0.219162
0.276001
0.345764
0.539047
0.493057
0.694336
0.386597
0.251511
0.100143
-0.154587
0.0419769
0.00653076
0.05896
0.0513153
0.0902252
0.109482
-0.0318909
-0.157059
-0.0734406
0.0875397
0.127808
0.055954
-0.0108337
0.0243378
0.0707092
0.069458
0.0536804
0.037796
0.0202179
0.0415344
0.0187073
0.043869
0.0765533
0.0700226
-0.00811768
-0.0422668
-0.0653687
-0.0421448
-0.385101

[33]
-0.781418
-0.119019
0.0714874
-0.271866
-0.615829
-0.513336
-0.200119
-0.12442
-0.0878754
-0.131317
-0.161545
-0.0849762
-0.0389404
-0.0662689
-0.0634003
-0.11351
-0.0687256
-0.036026
0.00297546
-0.0450287
-0.0380707
-0.0475006
-0.0877075
-0.0106354
0.300415
0.754791
0.425842
0.70192
0.186523
0.51004
-0.151932
-0.0514069
0.0038147
0.0319672
-0.0032196
0.0681458
0.157486
0.0608521
-0.112
-0.153625
0.00178528
0.113617
0.0855103
-0.0304413
-0.0509644
0.0395966
0.107086
0.0718384
0.024353
0.0140839

[34]
0.0301666
0.0389252
0.0292664
0.0252838
0.0429535
0.0405731
0.0487823
-0.0769043
-0.14595
-0.090271
-0.118896
-0.518143
-0.141418
0.161682
-0.303329
-0.429901
-0.574066
-0.278137
-0.213486
-0.127136
-0.130798
-0.106613
-0.104355
-0.0664215
-0.0305786
-0.0456238
-0.0394592
0.0361633
0.0413666
0.0700836
-0.0246277
-0.116776
-0.150604
-0.11467
-0.0560608
0.217606
0.451584
1.03258
1.00432
0.920914
0.564209
0.280838
-0.0930634
0.117157
-0.151108
-0.0761108
0.0672913
0.182678
0.132507
-0.0422363

