[1]
0.0527039
0.0527039
-0.0537415
-0.0248413
-0.0162811
0.00871277
-0.00544739
-0.0241547
-0.0295715
-0.0201263
0.00549316
0.0259399
0.0610962
0.0105133
-0.0091095
0.00616455
-0.00456238
0.0202942
0.0355225
0.0232239
0.0514832
0.0529175
0.0847473
-0.00140381
0.0715485
0.10112
0.136917
0.387146
1.12091
0.750656
0.516876
0.278137
0.0715179
0.0216064
0.0286102
0.686249
0.734894
0.649673
0.60318
0.492142
0.361603
0.373779
0.275986
0.283737
0.192352
-0.0658112
-0.399017
-0.494095
-0.645172
-0.759766

[2]
-0.984756
-1.24179
-1.45685
-1.22733
-1.43498
-1.47261
-1.21852
-1.06483
0.167099
1.15634
-0.361115
-0.337769
-0.164948
-0.595871
-0.21109
-0.00263977
0.0746307
0.0205841
0.0263519
0.0119171
0.0418549
0.160309
0.102966
0.041214
0.0464172
0.0732727
0.0850372
0.0551605
0.0538788
0.0666656
0.0561523
0.0675659
0.0449066
0.0594788
0.0838013
0.0957336
0.0925446
0.105652
0.121078
0.0805817
0.104935
0.122787
0.136047
0.214508
0.24411
0.601318
1.07353
0.634796
0.500717
0.431335

[3]
0.414932
0.647491
-0.130371
0.0180511
0.583084
0.765961
0.562881
0.421906
0.28154
0.216507
0.214645
0.20723
0.083313
-0.0122986
-0.17868
-0.443176
-0.794907
-1.15695
-1.48422
-1.64479
-1.57698
-1.46669
-1.45836
-1.50479
-1.23926
0.531036
1.01883
-0.787552
-0.32132
-0.428909
-0.534561
-0.388245
-0.0288391
-0.0852203
0.0296631
-0.09021
-0.0709686
-0.103851
-0.00718689
0.08255
-0.025528
-0.044342
-0.0443573
0.014267
-0.0141754
-0.0422363
-0.0545349
-0.0345001
-0.0516663
-0.0035553

[4]
0.0447845
0.0299377
0.0519867
0.111221
0.0674133
0.0557556
0.0392151
0.0323181
0.101257
0.177338
0.41272
1.00845
0.652481
0.671387
0.361206
0.359253
0.632736
-0.111511
-0.366425
0.224365
0.665237
0.682968
0.552567
0.350723
0.157745
0.0836487
0.11879
0.062439
-0.0300293
-0.177567
-0.441544
-0.799072
-1.07997
-1.40018
-1.36852
-1.43063
-1.47194
-1.67874
-1.45035
-0.964493
1.67319
-0.250702
-0.577087
-0.336151
-0.515289
-0.392502
-0.122787
-0.017395
0.00297546
-0.0503082

[5]
-0.0441284
-0.0436249
0.101028
0.083847
0.0249176
-0.0375671
-0.0135498
-0.00930786
0.0115051
-0.000595093
0.00421143
-0.00346375
-0.00395203
-0.0192566
0.00370789
0.0443268
0.0972748
0.0820312
0.0468597
0.0379944
0.0596161
0.0692139
0.104599
0.188248
0.434036
0.794724
0.835922
0.552246
0.502487
0.159668
0.345215
-0.0309753
0.0807953
0.881271
0.846558
0.555237
0.355209
0.25032
0.176758
0.185486
0.121185
0.0678711
-0.0665588
-0.289719
-0.501221
-0.848251
-1.22359
-1.56494
-1.71664
-1.6667

[6]
-1.48325
-1.53162
-1.00648
-1.13359
0.591003
1.59772
-1.11542
-0.438232
-0.465637
-0.430511
-0.301163
-0.0252533
-0.000411987
-0.0431824
0.0172119
0.0134735
0.00343323
0.106888
0.0560303
-0.0133972
-0.0295258
0.00778198
0.041275
0.0150909
0.0235596
0.0198364
0.0117035
-0.000427246
0.0229492
0.0529633
0.0743408
0.116135
0.14595
0.0762787
0.0851746
0.1418
0.169098
0.170898
0.481033
1.20941
0.813354
0.695099
0.316422
0.322479
-0.182846
-0.0560303
0.48468
0.782028
0.715775
0.566879

[7]
0.454376
0.310806
0.280655
0.230484
0.0892334
0.030838
-0.161667
-0.31813
-0.639496
-1.06535
-1.35707
-1.5294
-1.34576
-1.30122
-1.10931
-1.51393
-1.47197
1.1544
0.0373688
-0.882401
-0.529785
-0.408264
-0.334671
-0.243088
-0.0365295
0.0263824
0.0644531
0.0553284
-0.0297089
0.033783
0.0613251
0.0277405
-0.0603943
-0.050827
-0.0258789
0.00248718
-0.00363159
0.00946045
-0.00653076
-0.0133209
-0.00166321
0.0381165
0.0601654
0.107025
0.118591
0.0604858
0.0943604
0.0682526
0.102509
0.146118

[8]
0.105972
0.486038
1.06531
0.635086
0.694748
0.169678
0.249451
-0.0511627
-0.033432
0.355164
0.736221
0.70311
0.589691
0.439011
0.252899
0.236008
0.287582
0.226929
0.160309
0.0237579
-0.182892
-0.487045
-0.791092
-1.23216
-1.61275
-1.73248
-1.80936
-2.0423
-1.81972
-1.11588
1.59755
-0.84819
-1.25647
-0.0450745
-0.504059
-0.468079
-0.0979462
0.0511169
-0.0132599
0.0368195
-0.089325
-0.0620117
-0.0012207
0.0313721
-0.0144653
-0.110504
-0.0752258
-0.0419922
-0.0242767
-0.0328064

[9]
-0.0268402
-0.04599
-0.0290833
-0.0128479
-0.0216522
0.055542
0.0596313
0.0610962
0.049469
0.0549316
0.0665436
0.0487213
0.0789337
0.40593
1.02919
0.678955
0.575134
0.161011
0.136627
-0.175507
0.166504
0.657761
0.658936
0.580582
0.495407
0.388779
0.295822
0.171417
0.171692
0.142914
0.0738983
-0.137451
-0.458755
-0.688019
-1.01393
-1.11826
-1.40002
-1.57016
-1.48898
-1.29715
-1.40465
-1.39607
-0.523407
1.66742
-0.618179
-0.562225
-0.25174
-0.445236
-0.411179
-0.137466

[10]
-0.0395355
-0.0425568
-0.00646973
-0.0219574
0.00323486
0.0680389
0.0456085
0.00177002
-0.0429077
-0.037735
0.037735
0.0458527
-0.00224304
0.00100708
-0.0474091
-0.0243225
0.00537109
0.0116882
0.0198364
0.0471344
0.0911713
0.0930786
0.074234
0.0138092
0.068512
0.165268
0.0619812
0.497528
1.05461
0.848587
0.719818
0.294189
0.082901
0.330231
0.0519409
0.214737
0.646729
0.679077
0.614761
0.482437
0.316833
0.27887
0.272598
0.213486
0.13945
0.0484009
-0.207748
-0.49472
-0.794662
-1.15941

[11]
-1.52162
-1.53876
-1.51349
-1.54007
-1.76396
-1.53885
0.0339661
0.908615
-0.774643
-0.585876
-0.218445
-0.415863
-0.360519
-0.0770111
0.0413361
-0.0715179
0.0293274
-0.0274506
-0.0302277
0.0124969
0.0453033
-0.0224152
-0.0849304
-0.0454254
0.000534058
-0.00987244
-0.0319214
-0.0191803
-0.0171967
-0.0237579
-0.00822449
0.0117188
0.0633087
0.0872498
0.0698395
0.0864258
0.0796204
0.112244
0.146088
0.122177
0.528549
1.04205
0.852829
0.590729
0.136551
0.428955
0.395554
-0.000808716
0.0771484
0.447052

[12]
0.758179
0.727249
0.584808
0.395462
0.164673
0.18985
0.121521
0.098465
-0.18074
-0.308136
-0.68396
-1.12048
-1.45105
-1.69418
-1.68321
-1.44887
-1.37222
-1.44632
-1.39714
-0.119873
1.29965
-0.96521
-0.638458
-0.331055
-0.556274
-0.347092
0.00897217
-0.0291595
-0.0211792
-0.038681
-0.146149
0.0361786
0.0393677
0.057663
-0.0938263
-0.0914459
-0.0214539
-0.0203247
-0.0232239
-0.0166321
-0.0212555
-0.070755
-0.0255127
-0.0251923
0.00387573
0.0498199
0.055191
0.0495148
0.0196381
0.0783081

[13]
0.107086
0.101776
0.116577
0.386795
0.693497
1.18929
0.595337
0.150711
0.106522
0.0986328
-0.0947266
0.30069
0.794296
0.697647
0.571579
0.452759
0.24614
0.191727
0.233307
0.152451
0.0889282
-0.00622559
-0.196396
-0.402237
-0.750122
-1.05772
-1.4778
-1.74365
-1.61284
-1.16783
-1.7231
-1.64078
-0.574814
1.56096
-1.22946
-0.68782
-0.299683
-0.332306
-0.409042
-0.037384
0.00357056
0.0196991
0.103928
-0.0535736
-0.0186462
0.0174713
0.0262146
-0.0260773
-0.0804749
-0.0749969

[14]
-0.0111237
0.00733948
-0.00810242
-0.0202637
-0.0412292
-0.0379639
-0.022049
0.0017395
0.0619507
0.078125
0.0865631
0.0787201
0.0681458
0.100983
0.0571136
0.0738831
0.43219
1.04767
1.01437
0.722733
0.625641
0.137482
0.252762
-0.0629883
0.323669
0.916138
0.68425
0.497833
0.354095
0.223221
0.192764
0.158218
0.117462
0.0611267
-0.0957031
-0.214813
-0.580902
-1.02837
-1.41441
-1.59935
-1.63924
-1.56128
-1.65379
-1.65399
-1.18073
0.892258
-0.328094
-1.18474
-0.419662
-0.40654

[15]
-0.319687
-0.179367
-0.0411377
-0.0591736
0.0267792
-0.0704041
0.0498352
0.0201263
0.0336151
-0.0507507
-0.0922546
-0.0968933
-0.0757904
-0.0263672
-0.0125885
-0.0496521
-0.0444641
-0.0401611
-0.0144501
-0.0210419
0.0605621
0.0523987
0.0580139
0.022934
0.0266113
0.055481
0.0374146
0.10141
0.393478
0.811676
1.05623
0.585724
0.386566
0.106277
0.499557
-0.0894623
-0.0296173
0.441208
0.626633
0.616623
0.564133
0.387955
0.203094
0.0986481
0.100967
0.0436859
-0.0655975
-0.313873
-0.600418
-0.972931

[16]
-1.37999
-1.60762
-1.67319
-1.67607
-1.5033
-1.25372
-1.32301
-0.735825
1.64009
-0.814514
-0.680099
-0.304077
-0.37204
-0.368225
-0.122955
-0.0166168
-0.0176849
-0.0344391
-0.0313873
-0.100204
0.0214996
0.0421448
-0.0302277
-0.0897064
-0.082901
-0.0400391
-0.0296021
-0.0200195
-0.0398712
-0.0458069
-0.0507812
-0.0299072
0.000747681
-0.00212097
0.0645752
0.129105
0.0631256
0.0289764
0.0350494
0.0427704
0.0948639
0.136368
0.435486
0.975143
0.84967
0.664352
0.275513
0.21611
0.26265
-0.0656433

[17]
0.155548
0.753922
0.728439
0.570145
0.453369
0.224426
0.223221
0.271591
0.156708
0.0776672
-0.059906
-0.260315
-0.543274
-0.984848
-1.39632
-1.57742
-1.38519
-1.72513
-1.80687
-1.55243
-1.03331
1.34314
-0.597946
-0.888626
-0.2966
-0.465485
-0.288391
-0.154831
-0.0198364
-0.0748749
-0.0932922
-0.0634613
-0.0546417
-0.044342
-0.0253601
-0.0241241
-0.0724335
-0.0554657
-0.0592957
-0.069046
-0.0363922
-0.0171356
-0.0291443
-0.0733643
-0.0508118
-0.0169678
0.0149536
0.00305176
0.030838
0.0823212

[18]
0.0301361
0.0301971
0.0374756
0.0304565
0.0637512
0.315735
0.61058
0.898193
0.714325
0.613815
0.0553894
0.259445
-0.173004
-0.0474548
0.545273
0.742569
0.604752
0.460724
0.282394
0.16626
0.200531
0.15451
-0.0339203
-0.0482025
-0.117691
-0.325195
-0.691315
-0.862885
-1.08583
-1.37473
-1.48729
-1.57483
-1.6747
-1.59949
-1.27266
0.150955
0.749695
-0.76326
-0.565491
-0.226639
-0.383133
-0.244522
-0.0280609
-0.0209045
-0.0395813
-0.0440216
0.00267029
-0.0293121
0.000442505
0.0438995

[19]
0.00718689
-0.0435638
-0.00204468
-0.0224762
-0.0105438
-0.0106659
-0.0106964
-0.0242462
-0.0453644
0.0071106
0.0330658
0.0150757
0.0812683
0.108353
0.10994
0.0437164
0.076767
0.0578918
0.35968
0.740662
0.983978
0.954315
0.739716
-0.0466156
0.2388
-0.207199
0.0559845
0.787766
0.765472
0.607727
0.423492
0.289246
0.19075
0.160583
0.136688
-0.0440826
-0.203735
-0.300049
-0.529602
-0.833755
-1.1049
-1.39581
-1.27365
-1.3261
-1.71373
-1.68172
-1.51376
0.799393
0.171402
-0.9991

[20]
-0.452011
-0.381165
-0.310318
-0.268082
-0.0473175
0.0361328
0.0252991
-0.0749664
0.0644073
-0.00749207
0.000366211
-0.0568542
-0.065918
-0.0414734
-0.0594025
-0.0473785
-0.010025
-0.0142975
-0.0406647
-0.031311
0.0161591
0.00997925
0.0100861
0.0545197
0.0520325
0.0578613
0.0782318
0.114792
0.149796
0.244949
0.472488
0.695312
0.859436
0.497894
0.294281
0.207642
0.402588
-0.204681
0.0980682
0.795166
0.773575
0.533936
0.389694
0.300308
0.256882
0.231216
0.182983
0.059433
-0.0937805
-0.334625

[21]
-0.526031
-0.814148
-1.10512
-1.37955
-1.54892
-1.55016
-1.53874
-1.56653
-1.30209
-1.11545
0.425461
0.845169
-0.98732
-0.479065
-0.499451
-0.393112
-0.34375
-0.0346527
-0.0477295
0.0335693
-0.0088501
-0.0761108
0.0655212
0.065918
0.047287
-0.0452576
0.0155029
0.021637
-0.026535
-0.00628662
0.0140381
-0.0196838
-0.00230408
0.00819397
0.00839233
0.0502014
0.0237579
0.0901489
0.115189
0.111328
0.163925
0.225296
0.22496
0.302689
0.847595
0.982452
0.615097
0.279663
0.140472
-0.0691528

[22]
-0.0674286
0.496826
0.852127
0.705307
0.504166
0.378769
0.249939
0.220764
0.261246
0.1651
0.0421143
-0.044632
-0.117538
-0.433609
-0.765137
-1.14792
-1.51631
-1.46454
-1.5788
-1.78244
-1.77126
-1.5031
-0.00843811
1.02274
-0.978485
-0.644043
-0.326309
-0.493393
-0.405731
-0.00741577
-0.0220184
-0.0256042
-0.0204468
-0.110321
-0.0262299
0.00698853
-0.00746155
-0.0667572
-0.085495
-0.0495758
-0.00743103
0.00447083
0.0181732
0.00393677
-0.039978
-0.0247955
0.00889587
0.0559692
0.0679626
0.0775909

[23]
0.032486
0.0659485
0.126968
0.12561
0.146194
0.53125
1.28354
0.838959
0.52388
0.0900269
0.3293
-0.166977
0.0470581
0.743332
0.812317
0.681686
0.583389
0.432159
0.281342
0.224854
0.232239
0.178268
0.0733643
-0.0563965
-0.260941
-0.589142
-0.987503
-1.45718
-1.72812
-1.68816
-1.35564
-1.77094
-1.62996
-0.921524
0.976669
-0.48497
-0.905579
-0.600937
-0.434311
-0.378906
-0.0189514
-0.05867
0.0529022
-0.0223236
-0.135834
0.0306702
0.06987
0.0443878
-0.0528259
-0.05336

[24]
-0.0393524
-0.0166931
-0.0270691
-0.0375366
-0.0281219
-0.0245972
-0.0165253
0.0101471
-0.0144501
0.0308533
0.100281
0.0884247
0.0855103
0.0969238
0.134399
0.122543
0.161011
0.498352
1.16235
0.820251
0.534836
0.271713
0.186035
-0.236572
-0.0537567
0.513168
0.913498
0.703735
0.556702
0.432205
0.302094
0.101196
0.149017
0.0553894
0.0394592
0.00588989
-0.199783
-0.501404
-0.855118
-1.06575
-1.34637
-1.38297
-1.47435
-1.46588
-1.8788
-1.40642
0.577316
0.436615
-0.901398
-0.788498

[25]
-0.545837
-0.464798
-0.0835724
0.00727844
0.0309601
0.00556946
-0.126144
0.0428619
0.0313568
0.0605011
-0.00349426
-0.0301361
-0.0025177
-0.0136871
0.00498962
0.0135193
-0.0100403
-0.0462952
-0.0138245
-0.0153046
0.0134125
0.037735
0.0723877
0.0807343
0.0788879
0.0813446
0.0552979
0.0466003
0.0995941
0.292587
0.506989
1.06845
0.751099
0.46405
0.184723
0.383087
0.25827
-0.0802002
0.0864716
0.710159
0.722839
0.561066
0.382126
0.249146
0.221405
0.254028
0.195068
0.09375
-0.205444
-0.35173

[26]
-0.428909
-0.830414
-1.32983
-1.64958
-1.77481
-1.64586
-1.42728
-1.38048
-1.47408
-0.479492
1.5999
-1.30359
-0.696945
-0.439117
-0.439728
-0.416458
-0.0767975
-0.0997467
-0.0579834
-0.0455017
-0.0830536
-0.0629578
0.043869
0.0122528
-0.0251617
-0.0740967
-0.0818329
-0.0427856
-0.00813293
-0.0369415
-0.0462341
-0.0587769
-0.0727692
-0.0388184
-0.0417328
0.0218811
0.095932
0.097229
0.0266418
0.0135498
0.0694122
0.142273
0.218887
0.540314
1.12799
0.674911
0.694931
0.154755
0.385635
-0.262024

[27]
-0.166611
0.545212
0.818497
0.670914
0.520645
0.332443
0.179489
0.182785
0.251434
0.0812378
-0.0712433
-0.206009
-0.509308
-0.924011
-1.37946
-1.72334
-1.77376
-1.61754
-1.49327
-1.53111
-1.43245
-0.762863
-0.0903625
1.623
-0.560089
-0.525421
-0.471222
-0.662003
-0.391037
-0.100494
-0.083786
-0.116364
-0.119629
-0.0763702
-0.0635223
-0.0213928
-0.04245
-0.0379486
-0.0194244
-0.0160065
-0.0159454
-0.0102081
-0.00405884
-0.0327606
-0.0308838
-0.0108185
-0.0146942
-0.0201721
0.104843
0.0790253

[28]
0.0175323
0.0360718
0.0725555
0.0590973
0.130768
0.502563
1.03226
0.916031
0.656113
0.218048
0.42157
0.558105
-0.247009
-0.243729
0.559753
0.776947
0.674637
0.500366
0.33696
0.214249
0.135239
0.105865
0.0317383
-0.116974
-0.321136
-0.606552
-1.06128
-1.50572
-1.72701
-1.69075
-2.01027
-1.66438
-1.2874
-0.445099
1.61885
-1.16716
-0.644714
-0.308136
-0.509277
-0.351974
-0.171265
0.0907593
0.0169525
-0.00569153
-0.0540314
-0.0306549
0.0225677
0.0900574
-0.0108795
-0.0765228

[29]
-0.0362244
-0.0163269
0.00741577
0.00170898
-0.000579834
-0.0363617
-0.0249786
0.0136871
0.106247
0.0337982
0.0938568
0.0908661
0.100861
0.113922
0.121277
0.121964
0.377823
1.02612
0.987778
0.714783
0.418381
0.271957
0.156601
-0.116714
0.404373
0.887451
0.692963
0.507446
0.377594
0.270599
0.279678
0.238632
0.157745
0.0241394
-0.161682
-0.392212
-0.590546
-0.921204
-1.24532
-1.37167
-1.58679
-1.4174
-1.7912
-1.8692
-1.65536
0.460663
0.90062
-0.683914
-0.62178
-0.554672

[30]
-0.668457
-0.390335
-0.0680542
0.0110321
-0.00561523
-0.0410767
-0.158264
0.00691223
0.00502014
-0.0297241
-0.077774
-0.0884399
-0.0458221
-0.0260773
-0.0127411
-0.0233154
-0.0550385
-0.0381622
-0.0297852
0.000473022
0.0543976
0.0462494
0.0986633
0.0533142
0.048172
0.098465
0.106537
0.315033
0.801971
1.16423
0.507996
0.639801
0.197006
0.483246
-0.23024
-0.127289
0.742706
0.834396
0.57991
0.400131
0.295654
0.256866
0.277191
0.234756
0.113953
-0.120544
-0.339035
-0.613449
-0.932144
-1.46452

[31]
-1.85162
-1.71472
-1.52303
-1.66193
-1.9722
-1.6331
1.57562
-0.399963
-0.884949
-0.534561
-0.569046
-0.324203
-0.25441
-0.0538483
-0.0935822
-0.040451
-0.0728302
-0.0215302
-0.0292358
-0.0878906
-0.0718689
-0.0949707
-0.0834503
-0.120529
-0.0988922
-0.0696106
-0.017807
-0.00682068
0.056076
0.0453644
0.0217438
0.0259705
0.0783691
0.0709076
0.00402832
0.0505371
0.08638
0.167557
0.454315
0.928818
0.790802
0.623047
0.522812
0.212097
0.457367
-0.13884
-0.0114899
0.856186
0.803177
0.492386

[32]
0.347855
0.237167
0.174133
0.137344
0.105972
0.0603485
-0.0864105
-0.286865
-0.560944
-0.908173
-1.49539
-1.88356
-1.93843
-1.78607
-1.9323
-1.93924
-1.30383
1.54892
-0.482651
-0.74968
-0.666092
-0.361191
-0.443954
-0.369675
-0.0718079
-0.09552
-0.0601959
-0.0178986
-0.0793152
-0.0578613
0.00511169
-0.0283203
-0.0941925
-0.120544
-0.0713043
-0.073822
-0.0532379
-0.0430756
-0.0797729
-0.0694427
-0.0509949
-0.0142059
0.0248108
0.0348969
0.0423889
0.0903473
0.0473175
0.0801697
0.0493317
0.484222

[33]
1.03027
0.99971
0.701416
0.634064
0.112396
0.345871
-0.0271149
0.123703
0.823227
0.811081
0.568802
0.415054
0.228027
0.159897
0.186005
0.101105
0.0627136
-0.0877533
-0.282211
-0.609634
-0.975327
-1.54715
-1.84102
-1.83568
-1.71274
-2.19505
-1.69904
-1.1985
1.53452
-1.0045
-0.392731
-0.645599
-0.479813
-0.409729
-0.215469
-0.0427399
-0.0862274
-0.0391388
-0.0322723
-0.027359
0.00965881
-0.0423889
-0.0112152
-0.0903168
-0.110153
-0.0659637
-0.0323792
-0.02742
-0.0645905
-0.0622864

[34]
-0.0480194
-0.0336304
-0.00141907
0.00692749
0.0485992
0.0499573
0.0659943
0.0426178
0.0391541
0.00971985
0.183762
0.466873
1.06596
0.924576
0.849411
0.144714
0.124466
-0.289062
-0.0098114
0.837952
0.757889
0.566879
0.410629
0.300156
0.173553
0.125671
0.0624084
0.0317993
-0.154327
-0.363907
-0.694031
-1.03516
-1.36208
-1.58841
-1.6566
-1.54607
-1.20239
-1.18291
-1.28108
1.12671
0.812164
-1.07579
-0.708588
-0.152069
-0.39296
-0.198563
0.0032959
0.00593567
-0.0211945
-0.0600891

