[1]
0.00218201
0.11853
0.0485229
0.0542145
0.0671234
0.0216827
0.128174
0.128052
-0.00700378
-0.172943
-0.198242
-0.2435
-0.640015
0.0042572
-0.386078
-0.255554
-0.704895
-0.357697
-0.220291
0.00886536
-0.0367737
-0.0761414
-0.0795441
-0.041626
-0.0258331
-0.0321198
-0.0484619
-0.0207672
-0.00709534
0.00714111
0.121414
0.178604
0.153458
0.232162
0.236938
0.416199
1.16408
0.311203
-0.0339661
-0.148331
0.743454
0.211563
0.137741
-0.145096
-0.0144501
0.166626
-0.0169983
0.0645905
0.0921326
0.0564117

[2]
-0.0692139
-0.0597534
0.110992
0.16507
0.078064
0.00749207
0.0194702
0.0883484
0.129639
0.0767059
0.0231781
0.0867004
0.0666656
0.125015
0.0849609
0.0582275
0.0684052
0.0540924
-0.0772247
-0.132797
-0.24942
-0.631454
-0.273331
0.203033
-0.467331
-0.51622
-0.434448
-0.211914
-0.0781403
-0.109329
-0.114471
-0.153717
-0.0741425
-0.0504761
-0.0959473
-0.099884
-0.111008
-0.0505676
0.0493317
0.08284
0.18924
0.188843
0.0529938
0.276306
0.701431
0.965302
0.651459
0.620468
0.426941
0.389099

[3]
0.130692
-0.197281
0.0727386
0.159149
0.115921
-0.0617065
-0.0326843
0.0236969
0.0121765
-0.126709
-0.0393066
0.104156
0.122528
0.0738831
0.0508118
0.0474548
0.0891724
0.0575256
0.0766296
0.0703125
0.0293121
0.118393
0.0782776
-0.0131226
0.0526886
0.105133
-0.03302
-0.0636139
-0.249527
-0.946838
-0.18399
0.00132751
-0.422272
-0.789963
-0.364212
-0.362076
-0.115677
-0.127899
-0.174805
-0.206512
-0.114243
-0.0732727
-0.0978088
-0.102951
-0.107895
-0.0585327
0.0819244
0.206116
0.271225
0.373627

[4]
0.404861
0.281998
0.490448
0.837967
0.656586
-0.0926056
0.396759
0.00466919
0.0175018
0.0879517
0.112869
0.0599976
-0.00270081
0.135529
0.0823364
-0.127502
-0.0977173
0.0537262
0.135376
0.0602264
1.52588e-05
0.026474
0.0544739
0.0296478
0.0403595
0.08992
0.102112
0.107346
0.064682
0.0977936
0.0171204
0.0534515
0.087326
-0.0093689
-0.146271
-0.524353
-0.579086
0.0505524
-0.167206
-0.532715
-0.726593
-0.183929
-0.198959
-0.114868
-0.162018
-0.163773
-0.143875
-0.0601959
-0.069397
-0.106064

[5]
-0.198471
-0.187988
-0.134933
-0.006073
0.163055
0.386963
0.668549
0.676056
0.498856
1.00146
1.02069
0.403702
-0.259033
0.653198
-0.0405426
0.0287781
0.10083
0.139496
0.152481
-0.0532379
0.0355835
0.0696564
0.0249176
-0.0298462
-0.0379486
0.0474243
0.142319
0.0766907
0.0517426
0.0543518
0.0704956
0.0699615
0.0664368
0.0536194
0.0330505
0.0704498
0.0380554
0.0788879
0.117371
0.139114
-0.0421906
-0.206802
-0.393387
-0.904205
0.0537262
-0.390686
-0.339096
-0.693497
-0.360153
-0.21022

[6]
-0.14769
-0.210266
-0.213104
-0.147217
-0.0755157
-0.104141
-0.0900421
-0.103973
-0.110489
-0.111313
-0.0226898
0.009552
0.130096
0.384644
0.647964
0.953156
1.12383
0.797546
0.700912
0.0661011
0.343887
0.822662
-0.250153
0.224777
0.101654
0.129089
-0.0112305
0.126266
0.128754
0.0301056
-0.112122
-0.027771
0.104095
0.0996857
0.0338593
0.0365906
0.0834351
0.0937347
0.050827
0.0550232
0.0778351
0.0750427
0.0723572
0.0602722
0.0312195
0.060257
0.102463
0.0544434
-0.0282135
-0.207611

[7]
-0.538162
-0.598419
0.112747
-0.530212
-0.594635
-0.510544
-0.267746
-0.154892
-0.166336
-0.180618
-0.174744
-0.111298
-0.0892792
-0.0879822
-0.134384
-0.196182
-0.189285
-0.145035
0.0336304
0.213913
0.35231
0.564163
0.811081
0.822037
0.986435
1.14874
0.731918
-0.313019
0.63063
-0.144684
0.111572
0.158051
0.142303
0.0192261
0.0286407
0.130157
0.017746
-0.0617828
-0.0559082
0.0688171
0.131104
0.068222
0.0525513
0.0516205
0.0870514
0.0878754
0.0767212
0.0754547
0.0428162
0.0342255

[8]
0.0722046
0.0692139
0.019165
0.104492
0.135712
-0.0362244
-0.163605
-0.522202
-0.991684
0.0341187
-0.620087
-0.297119
-0.642288
-0.32222
-0.19278
-0.137924
-0.131332
-0.157501
-0.0796661
-0.0496521
-0.0385132
-0.0555115
0.00128174
0.0884552
0.128967
0.207687
0.166122
0.0890961
0.0821686
0.229858
0.518799
0.814392
0.60318
0.352585
0.00213623
0.6548
-0.137314
0.272156
0.0387573
-0.0265198
-0.00144958
0.00933838
0.123459
0.0434875
-0.119934
-0.0810852
0.0461731
0.11145
0.0783081
0.0313263

[9]
0.0389557
0.0709076
0.0606995
0.0644531
0.072937
0.0722961
0.0474396
0.0714111
0.00218201
0.00469971
0.0480042
0.10495
-0.0140686
-0.178833
-0.368927
-0.668427
-0.0606995
-0.316025
-0.339493
-0.63678
-0.52803
-0.257217
-0.077652
-0.109406
-0.161179
-0.139877
-0.0700226
-0.0630035
-0.0800018
-0.152679
-0.0939941
-0.0736542
0.0643005
0.164261
0.149109
0.185608
0.185883
0.128418
0.321884
0.790894
0.837219
0.738083
0.0546722
0.387436
-0.200073
-0.0253754
-0.0368347
0.0697784
0.0697174
0.113907

[10]
0.0631714
-0.00343323
-0.150681
-0.0851746
0.0807037
0.144562
0.0560455
-6.10352e-05
0.0350189
0.0821533
0.0739899
0.0561981
0.0457916
0.022049
0.0227051
0.0758667
0.00286865
0.0153198
0.117844
0.0309601
-0.131912
-0.182678
-0.590744
-0.454407
0.102798
-0.498108
-0.508759
-0.547302
-0.234161
-0.240158
-0.134018
-0.106293
-0.130676
-0.0691833
-0.0500031
-0.053833
-0.0317993
0.0123291
-0.0280151
0.114014
0.270309
0.238846
0.123764
0.02211
0.0874481
0.279465
0.969345
0.637695
0.648041
0.255112

[11]
0.624451
-0.475677
-0.0528107
-0.0217285
-0.00163269
0.0891418
0.150909
0.1436
0.0462952
-0.201797
-0.089325
0.133957
0.160202
0.023056
0.0431824
0.10051
0.104706
0.0410156
0.0304871
0.0344238
0.0640411
0.0639343
0.0618896
0.0242462
0.0275879
0.162766
0.0163422
-0.164062
-0.211105
-0.403595
-0.70842
0.00257874
-0.58136
-0.368271
-0.692352
-0.297089
-0.210968
-0.132462
-0.0578766
-0.0634155
-0.0314026
-0.0570526
-0.0248871
-0.0158997
-0.00672913
-0.0368347
0.0733948
0.228134
0.199265
0.135223

[12]
0.148911
0.117874
0.131088
0.934235
0.814194
0.842911
0.0603943
0.727737
-0.325027
0.219711
0.00886536
0.0904846
0.00189209
0.0448914
0.0878601
0.0808868
-0.0756073
-0.0937653
0.0373077
0.0763397
0.0422058
-0.00354004
0.0384369
0.0635376
0.0588684
0.0731049
0.0971832
0.0799408
0.0465393
0.0410156
0.0625153
0.0142822
0.0536652
0.132645
0.00975037
-0.113983
-0.229614
-0.708267
-0.155838
-0.184052
-0.241028
-0.748337
-0.218384
-0.335938
-0.152969
-0.131683
-0.15419
-0.143539
-0.0599518
-0.00944519

[13]
-0.0829163
-0.0936737
-0.101898
0.123535
0.127548
0.171921
0.154953
0.0650024
0.0247498
0.575272
0.918961
0.499084
0.46521
0.239639
0.504395
-0.225677
0.0363007
0.0254517
0.089386
0.0345306
0.0978546
0.111877
0.0515594
-0.107956
-0.165771
0.0521698
0.12236
0.0865936
0.0204468
0.0135498
0.0578003
0.0789795
0.059021
0.0611267
0.0353394
0.0299988
0.0334015
0.0308533
0.0745087
0.102921
0.0085144
-0.11734
-0.256317
-0.87114
-0.0676727
-0.356644
-0.36734
-0.803421
-0.320023
-0.295776

[14]
-0.190735
-0.170624
-0.154709
-0.148117
-0.107391
-0.0913239
-0.0683136
-0.139587
-0.15657
-0.155594
0.0520325
0.0335999
0.0497131
0.121704
0.0967102
0.296936
0.824539
0.912704
0.82579
0.607193
0.349915
0.0248871
-0.130417
-0.039566
0.116623
0.0667419
0.0518646
0.108734
0.0796509
0.0177002
-0.123489
-0.0162811
0.091507
0.0798492
0.0254974
0.0295563
0.069519
0.0719299
0.0708923
0.0606689
0.0470581
0.0450439
0.0556641
-0.0176086
0.0336151
0.0500031
0.0786438
-0.0687103
-0.133331
-0.205276

[15]
-0.912979
0.0505524
-0.387817
-0.343262
-0.777832
-0.404266
-0.275024
-0.124954
-0.122086
-0.145279
-0.133514
-0.0636597
-0.0607452
-0.072525
-0.145172
-0.184799
-0.00389099
0.0256653
-0.0409393
-0.0675201
-0.0386658
-0.0898132
0.152695
0.821854
0.930252
0.92453
0.557236
0.378082
0.925888
-0.194077
-0.0780945
-0.039566
0.110092
0.0421448
0.127731
0.102463
-0.000274658
-0.181259
-0.0395813
0.0931091
0.110718
-0.00140381
0.0247803
0.0828247
0.118164
0.0756836
0.0616302
0.039505
0.0658569
0.0514221

[16]
0.0579224
0.063385
0.0234375
0.0805817
0.092865
0.0209503
-0.015152
-0.0916901
-0.425446
-0.713989
0.0549164
-0.369995
-0.23761
-0.562073
-0.239822
-0.329224
-0.136703
-0.0255432
-0.0513916
-0.0610504
-0.0415344
-0.0118866
0.00811768
0.0409088
0.0611115
0.153473
0.206009
0.188202
0.11702
0.0176849
-0.0195465
0.0714417
0.533157
0.556961
0.0774536
0.415421
0.265472
0.452759
-0.473709
-0.0305634
-0.055954
0.0140228
0.117813
0.130112
0.145935
0.060791
-0.140564
-0.0866852
0.114243
0.203369

[17]
0.0678101
-0.0286255
0.0604706
0.068924
0.0653381
0.0468292
0.0459595
0.0660248
0.0800323
0.0317078
0.0335083
0.0329437
0.0427704
0.0956879
0.104004
0.0825043
-0.0600281
-0.249191
-0.802811
-0.0832214
-0.219162
-0.46756
-0.64328
-0.430908
-0.182617
-0.0797577
-0.133209
-0.182571
-0.176559
-0.114548
-0.0950928
-0.0839386
-0.0861816
-0.102692
-0.100494
-0.0131073
0.134415
0.0333405
-0.0367279
-0.0295868
-0.102585
-0.0313568
0.868256
0.689377
0.694168
0.223663
0.318481
-0.0314941
0.0191345
-0.0339966

[18]
0.0045929
0.0616302
0.139221
0.143097
0.0523376
-0.110809
-0.206467
-0.0126801
0.173065
0.131363
-0.0338745
-0.0419617
0.0533447
0.0902863
0.0629578
0.0307159
0.0231018
0.0449982
0.0660706
0.0342255
0.0566254
0.0517273
0.0375824
0.0401917
0.107376
-0.0495605
-0.238586
-0.228714
-0.44899
-0.275803
0.18718
-0.333755
-0.482941
-0.507309
-0.319351
-0.164703
-0.0765839
-0.0960541
-0.171494
-0.14653
-0.0833588
-0.0726929
-0.0915833
-0.137589
-0.12059
-0.0980835
0.0219574
-0.0656738
-0.127243
-0.108978

[19]
0.00279236
0.143478
0.511215
0.843399
0.782303
0.874435
0.174561
0.587845
-0.33165
0.273987
-0.0747375
0.0566406
0.0485382
0.0766602
0.140549
-0.0634918
-0.247833
-0.0275726
0.100815
0.0966949
0.0137024
0.0329132
0.0621185
0.0674744
0.0427704
0.0629425
0.0258636
0.051178
0.0556641
0.0859222
0.0679474
0.0552368
0.0227051
0.0426331
-0.00457764
-0.0357208
-0.0495758
-0.140182
-0.396332
-0.461258
0.194031
-0.396851
-0.381744
-0.563995
-0.406708
-0.20726
-0.161011
-0.15152
-0.1642
-0.162827

[20]
-0.101654
-0.0799561
-0.137833
-0.154053
-0.128143
-0.122574
-0.123459
-0.0398407
-0.0186157
-0.0682373
0.146194
0.306274
0.306458
0.883728
0.88559
1.53949
0.0357666
0.592545
-0.277267
0.144531
-0.0484009
0.0150452
0.114456
0.153778
0.0842133
-0.0250397
-0.195633
0.00267029
0.134476
0.11795
-0.00402832
0.0262756
0.0655518
0.0632324
0.0608978
0.0662689
0.0710297
0.0659485
0.0333252
0.0510712
0.0217133
0.0420227
0.0863342
0.0607147
-0.0691223
-0.150208
-0.050827
-0.236481
-0.740219
-0.126648

[21]
-0.103058
-0.341705
-0.577454
-0.333893
-0.217758
-0.14061
-0.179565
-0.199707
-0.153717
-0.135239
-0.107529
-0.11026
-0.154495
-0.146667
-0.161606
-0.111313
-0.0706787
-0.00469971
0.0198364
0.234848
0.351089
0.527588
0.737595
0.724655
0.626221
-0.165009
0.355423
0.290695
-0.0150604
0.102509
-0.043396
0.0131683
-0.0295715
0.0897369
0.0632935
-0.0747375
-0.0938416
-0.00868225
0.0857849
0.0756378
0.0171356
0.00135803
0.0487518
0.0647278
0.0567017
0.033432
0.0397034
0.0323181
0.0693817
0.0575714

[22]
0.0307922
-0.0242462
0.0144501
0.0551147
0.0321198
-0.104019
-0.196503
-0.456528
-0.431931
0.10434
-0.291641
-0.477432
-0.651962
-0.260193
-0.33255
-0.117676
-0.0969086
-0.139328
-0.119095
-0.0195312
-0.055542
-0.105682
-0.18602
-0.102036
-0.0653534
-0.0477295
-0.155731
-0.287094
-0.337418
-0.330917
0.0296631
0.476608
0.921509
0.807281
0.877792
0.229813
0.284134
-0.305405
0.244873
0.0175934
-0.0661316
0.0870667
0.124008
0.0793762
-0.0236053
-0.19458
0.00271606
0.123993
0.084137
0.02388

[23]
-0.00363159
0.0163269
0.0580292
0.0541534
0.0188599
0.0263214
0.0276031
0.0477905
0.0850525
0.0245667
0.0105591
0.0402527
0.0328979
-0.0171661
-0.0243225
-0.109024
-0.3461
-0.337799
0.134506
-0.152893
-0.274033
-0.342331
-0.371536
-0.187454
-0.157394
-0.0802765
-0.0916595
-0.105286
-0.0797577
-0.0392303
-0.0391998
-0.0245361
-0.0621643
-0.0466919
0.112305
0.0564423
0.126556
0.144073
0.151627
0.251312
0.568924
0.831696
0.758759
-0.227737
0.113022
0.0960541
0.0828247
0.231201
0.0159302
-0.0265656

[24]
-0.0137634
0.0740051
0.106308
-0.0052948
-0.0715179
-0.0175323
0.0840759
0.093399
0.0310516
0.000534058
0.0198669
0.0600739
0.0477905
0.0194244
0.00950623
0.0447845
0.0466614
0.0396881
0.0362701
-0.0146179
0.0825806
0.0373993
-0.0269623
-0.140289
-0.144974
-0.480545
-0.438538
-0.113007
-0.455536
-0.435623
-0.540253
-0.217422
-0.182388
-0.13385
-0.145187
-0.149658
-0.109268
-0.100494
-0.0775757
-0.076828
-0.0875397
-0.143784
0.158447
0.102921
0.0635834
0.0713806
0.0466003
-0.0653839
0.0588684
0.398483

[25]
0.784058
0.766968
0.704269
0.361877
0.549133
0.157928
0.143784
-0.0300903
-0.0636749
-0.036972
0.0350189
0.169006
-0.0188141
-0.164871
-0.0381317
0.0888367
0.153488
0.0106049
-0.00170898
0.0622253
0.0652466
0.0650635
0.0319672
0.0418396
0.0833588
0.0705566
0.0394135
0.0498505
0.0468445
0.0186005
0.0162964
0.0382233
0.0119019
-0.132965
-0.434555
-0.579712
-0.00480652
-0.478897
-0.413071
-0.605637
-0.336182
-0.278336
-0.141769
-0.127335
-0.132339
-0.0910034
-0.02742
-0.0860291
-0.148621
-0.131363

[26]
0.280167
0.0779572
0.0563965
-0.0496368
0.0600739
0.184784
0.29953
0.433197
0.359039
0.584152
0.664474
-0.475403
0.287613
0.142288
0.134964
0.0547333
0.00848389
0.0940247
0.0548859
0.0922089
-0.0816345
-0.163559
-0.0398254
0.100861
0.0969849
0.0164185
0.00697327
0.0609894
0.0773773
0.0372467
0.0524139
0.0637512
0.0661774
0.0517731
0.044281
0.0448456
0.045517
0.0650177
0.0930786
-0.00418091
-0.107437
-0.100372
-0.260315
-0.42514
-0.000335693
0.0512238
-0.347641
-0.538269
-0.342072
-0.362686

[27]
-0.243851
-0.203674
-0.204971
-0.163345
-0.132599
-0.103058
-0.150894
-0.172638
-0.148483
-0.0353546
0.0513916
-0.0394592
-0.118591
0.0469208
0.111755
0.243744
0.437408
0.813843
0.732407
1.14586
0.00437927
0.606766
-0.0552826
0.157837
-0.259338
-0.00959778
0.102066
0.19931
0.0743408
-0.141998
-0.206085
0.0297699
0.174728
0.0922852
-0.00379944
0.00636292
0.0710907
0.0977783
0.0679932
0.0606232
0.0401917
0.0619202
0.0847778
0.093689
0.0827484
0.0289154
0.0422058
0.0651855
-0.0443878
-0.0796051

[28]
-0.239746
-0.52449
-0.444275
0.126495
-0.513535
-0.327179
-0.527542
-0.250092
-0.206604
-0.135071
-0.140305
-0.133041
-0.0653534
-0.0401611
-0.0105286
-0.0713043
-0.0437469
-0.0685577
-0.0012207
0.0954742
0.0771942
-0.000183105
0.0565033
0.0287781
0.229523
0.628647
0.757965
0.567734
0.672195
0.0679932
0.386902
-0.148849
0.243942
-0.0544281
-0.0388794
-0.0196075
0.128067
0.0767059
-0.14325
-0.133652
0.0252991
0.109329
0.0617676
-0.0271301
0.0240631
0.0601807
0.1064
0.0882721
0.0531158
0.0693054

[29]
0.0775146
0.0784454
0.0407562
-0.00508118
0.0713348
0.116714
0.0205536
-0.0776672
-0.133759
-0.365814
-0.84877
-0.0523071
-0.266739
-0.287384
-0.587921
-0.318588
-0.282028
-0.17717
-0.125046
-0.145111
-0.115295
-0.0713654
-0.0829163
-0.0549164
-0.0874329
-0.0769196
-0.0630035
0.072052
0.0956879
0.0994415
0.155365
0.17247
0.275177
0.624939
0.665451
0.57106
0.34317
0.142685
0.49028
-0.441727
0.103973
0.0897064
0.0390778
0.0161285
0.0228119
0.11557
0.0431824
-0.14122
-0.0990906
0.068985

[30]
0.15863
0.059967
-0.00262451
0.0330505
0.0781403
0.062973
0.0480347
0.0547638
0.0383148
0.0334167
0.0366821
0.0736084
0.0357361
0.0652924
0.103287
0.0171661
-0.0323029
-0.133957
-0.367905
-0.625717
0.0708008
-0.474548
-0.414841
-0.573639
-0.256439
-0.285675
-0.0937653
-0.0911102
-0.116501
-0.102036
-0.0730896
-0.0629425
-0.0733643
-0.0808105
-0.102463
-0.0567017
0.0177155
0.0204773
0.0704803
0.0938568
0.102982
0.252518
0.615479
0.704071
0.57695
0.262787
-0.0253601
0.80162
-0.149536
-0.0793915

[31]
0.127579
0.179443
0.0536346
0.0244904
0.0652618
0.0405273
-0.0223083
-0.0807037
0.0666809
0.0975952
0.0582886
-0.00254822
0.0129395
0.019043
0.0384216
0.00698853
0.0352325
3.05176e-05
0.0300751
0.0743561
0.0548706
0.0222168
0.0127563
0.00241089
-0.0543213
-0.0330963
-0.249878
-0.540436
0.0563507
0.190796
-0.147446
-0.504562
-0.636261
-0.355865
-0.121231
-0.0548859
-0.0748901
-0.0792999
-0.0548401
-0.0176697
-0.0503082
-0.0862732
-0.0757599
-0.034256
0.0423889
0.049408
-0.0631256
-0.105789
0.0567932
0.0393829

