[1]
-0.0275879
-0.0345917
-0.0105591
-0.0243683
-0.0052948
0.00410461
0.0317993
0.0609589
-0.00608826
-0.179489
-0.194077
-0.162079
-0.189911
-0.239853
-0.205063
-0.399612
-0.567963
-0.894257
-1.05304
-0.901093
-1.03084
-0.62883
-0.263672
0.206009
0.884308
0.277206
0.724121
0.830215
0.833023
0.792709
0.693268
0.601486
0.555847
0.44104
0.137497
-0.105499
-0.410446
-0.771774
-1.08749
-1.13264
-1.05029
-1.19917
-1.00093
-0.929321
-0.472916
-0.411148
-0.191727
-0.533905
-0.859314
-0.404099

[2]
-0.157974
-0.120575
-0.0383606
-0.0477905
-0.0799255
-0.076828
-0.0479584
-0.00175476
0.0119476
-0.00187683
-0.0224609
-0.0215607
-0.0246582
-0.0284729
-0.0180969
-0.00563049
-0.0345154
-0.0463715
-0.0385742
-0.0163879
-0.0993805
-0.156662
-0.222137
-0.238937
-0.264404
-0.345184
-0.492584
-0.827194
-1.05989
-0.846283
-0.944504
-0.544113
-0.39505
0.192398
0.7099
0.197464
0.404343
0.748505
0.736069
0.731293
0.594574
0.539261
0.493164
0.453995
0.277557
0.0215454
-0.271393
-0.712402
-1.1096
-1.16212

[3]
-1.21088
-1.19286
-0.97345
-0.776672
-0.567261
-0.198685
-0.116302
-0.765915
-0.431396
-0.239899
-0.263901
-0.0664368
-0.182755
-0.0546417
-0.064621
-0.108078
0.0175171
-0.0246429
-0.00270081
-0.0118256
-0.0436859
-0.0117798
0.0125885
0.00468445
-0.0262146
-0.0284729
-0.0471344
-0.0740509
-0.0534821
-0.049881
-0.0925446
-0.223923
-0.221802
-0.239182
-0.270355
-0.393875
-0.641205
-1.05833
-1.07066
-1.01001
-0.843018
-0.586349
-0.14772
0.583054
0.155548
0.528015
0.760696
0.768524
0.772888
0.726288

[4]
0.647766
0.591248
0.553528
0.435059
0.162445
-0.176437
-0.562332
-1.02417
-1.13313
-1.18106
-1.21524
-1.02711
-0.892975
-0.539352
-0.157562
-0.26503
-1.06018
-0.386276
-0.353516
-0.0539246
-0.0676575
-0.0109863
-0.0792847
-0.100662
-0.0297394
-0.00923157
0.00762939
-0.00628662
-0.0425568
-0.0585938
-0.0205688
-0.0285339
-0.0296021
-0.0171814
-0.0473938
-0.0468445
-0.0619049
-0.0666809
-0.109833
-0.208435
-0.268173
-0.305786
-0.326385
-0.445724
-0.833725
-1.05641
-0.868408
-1.05725
-0.585846
-0.394943

[5]
0.130539
0.717545
0.289185
0.663971
0.781509
0.771484
0.739243
0.67012
0.56514
0.486282
0.389954
0.130814
-0.250702
-0.593353
-1.078
-1.15053
-1.19606
-1.07027
-0.781204
-0.63652
-0.621948
-0.559555
-0.113037
-0.705505
-0.859665
-0.411057
-0.183868
-0.0685425
-0.000549316
-0.0797119
-0.111115
-0.0573425
-0.0601044
0.0137787
0.000564575
-0.0308228
-0.0434113
-0.0225983
-0.0200043
-0.0206604
-0.0197144
-0.0447235
-0.0604553
-0.0455475
-0.053833
-0.114517
-0.183731
-0.216965
-0.297882
-0.342789

[6]
-0.356873
-0.591217
-1.04681
-1.05704
-1.0589
-0.97995
-0.553162
-0.102402
0.717316
0.190125
0.593094
0.819931
0.779755
0.80275
0.739792
0.64238
0.577972
0.463303
0.249039
-0.103729
-0.397095
-0.773773
-1.12486
-1.17534
-1.21971
-1.00969
-0.972916
-0.72023
-0.578934
-0.240097
-0.826431
-0.712769
-0.268646
-0.217941
-0.157257
-0.062439
-0.0164337
-0.0924072
-0.031601
-0.0149994
-0.0407715
-0.00495911
-0.0438995
-0.058197
-3.05176e-05
0.0137177
-0.00639343
-0.00636292
-0.0376434
-0.0402374

[7]
-0.0258636
-0.0577087
-0.102234
-0.135406
-0.180878
-0.222336
-0.27948
-0.297729
-0.430069
-0.736771
-1.04568
-1.05659
-0.952744
-0.542053
-0.348923
0.133377
0.863663
0.131943
0.633301
0.785675
0.822937
0.778229
0.627151
0.549927
0.530869
0.410324
0.113708
-0.126724
-0.389709
-0.772156
-1.10344
-1.14911
-1.12703
-0.984833
-0.738327
-0.870712
-0.495636
-0.486206
-0.23848
-0.815018
-0.372284
-0.167953
-0.0241394
-0.0718994
-0.0288391
-0.123825
-0.0890503
-0.126038
-0.0286865
0.00257874

[8]
-0.0100098
-0.0429382
-0.0304108
0.0179749
0.00769043
0.00392151
-0.00289917
-0.0233917
-0.0365295
-0.020874
-0.096344
-0.124908
-0.144318
-0.263336
-0.277985
-0.32872
-0.368362
-0.472305
-0.78183
-1.05864
-1.00859
-0.869354
-0.533722
-0.378677
0.0945282
0.59523
0.31871
0.672562
0.659256
0.698517
0.68309
0.653473
0.576859
0.562744
0.415359
0.128357
-0.178986
-0.557343
-1.08875
-1.14088
-1.192
-1.21852
-0.998932
-0.846725
-0.65271
-0.329025
-0.170731
-0.420776
-0.604691
-0.332535

[9]
-0.133408
-0.0183105
-0.114487
-0.0440063
-0.153702
-0.0945282
-0.0239716
-0.0184174
0.0259552
0.0140991
-0.0185699
0.000671387
-0.00971985
-0.00610352
-0.0241852
-0.0485229
-0.0591125
-0.0346375
-0.0876312
-0.133957
-0.162628
-0.231323
-0.242462
-0.304337
-0.467224
-0.772812
-1.05153
-1.03497
-0.903687
-0.694183
-0.318253
-0.0765076
0.62854
0.234177
0.487076
0.696762
0.735748
0.725479
0.646912
0.61293
0.533691
0.493011
0.2883
-0.0233765
-0.3125
-0.590485
-1.05389
-1.12596
-1.17194
-1.21274

[10]
-1.05534
-0.808914
-0.742416
-0.353546
0.0528107
-0.298004
-0.626556
-0.547348
-0.101074
-0.16452
-0.0861359
-0.129257
-0.0181427
-0.0681152
-0.0844727
-0.0484467
0.0231934
0.0344391
0.00344849
-0.00823975
0.00912476
-0.00514221
-0.0119934
-0.00839233
-0.050415
-0.0528717
-0.0516052
-0.0778961
-0.110779
-0.137054
-0.202789
-0.220917
-0.266464
-0.329224
-0.484634
-0.728165
-1.05115
-1.0061
-0.963425
-0.667938
-0.490387
-0.0719452
0.707779
0.0600739
0.55455
0.73912
0.704315
0.746628
0.680466
0.597855

[11]
0.506561
0.447266
0.260345
-0.105423
-0.43512
-0.781052
-1.10158
-1.14832
-1.19122
-0.983856
-0.858093
-0.577423
-0.505234
-0.406876
0.120102
-0.276321
-0.877213
-0.684967
-0.0211945
-0.553497
-0.176041
-0.0102997
-0.0083313
-0.0594025
-0.00648499
-0.00062561
0.0148621
-0.00614929
-0.00512695
0.019455
-0.0146332
-0.0337219
-0.00683594
-0.0370941
-0.0620422
-0.0527802
-0.0743713
-0.12619
-0.195007
-0.205368
-0.251617
-0.290771
-0.364639
-0.542358
-0.906982
-1.06364
-0.897369
-1.01892
-0.635864
-0.171997

[12]
0.489548
0.41304
0.440948
0.582184
0.849838
0.799774
0.756821
0.651321
0.57164
0.540726
0.436035
0.139771
-0.222137
-0.540573
-0.900757
-1.1196
-1.1633
-1.07123
-0.937744
-0.691071
-0.584091
-0.532181
-0.23468
-0.427765
-0.859543
-0.380188
-0.301422
-0.129669
-0.0736237
0.00907898
-0.136322
-0.0617828
-0.0161285
-0.00314331
-0.0155792
-0.0269623
-0.0246582
-0.0154114
-0.0157318
-0.0196381
-0.0412292
-0.0261078
-0.0395966
-0.0432129
-0.0462036
-0.0882111
-0.142563
-0.202957
-0.271881
-0.321365

[13]
-0.304382
-0.437805
-0.798813
-1.05998
-0.984299
-1.07597
-0.705338
-0.49649
0.126785
0.602402
0.488693
0.881393
0.764709
0.692719
0.682388
0.570419
0.49762
0.367737
0.174988
-0.115448
-0.353302
-0.588562
-0.963165
-1.14583
-1.19283
-1.12827
-0.89328
-0.672043
-0.704132
-0.437515
-0.220306
-0.423935
-1.05334
-0.462997
-0.189209
-0.213318
-0.0521698
-0.0705261
-0.0536804
-0.0626373
-0.0310669
-0.00488281
0.00334167
-0.0183563
-0.0581512
-0.0667114
-0.00485229
-0.0239716
-0.0327759
-0.0262451

[14]
-0.0406647
-0.0594635
-0.075882
-0.0688782
-0.127579
-0.208206
-0.259735
-0.329132
-0.341721
-0.472824
-0.84996
-1.05347
-0.918945
-1.07893
-0.700134
-0.425308
0.0769958
0.775024
0.295975
0.763565
0.733398
0.709305
0.687485
0.596176
0.524979
0.447784
0.285934
-0.00337219
-0.234772
-0.476044
-0.776169
-0.969254
-0.98587
-1.00439
-1.09927
-0.81633
-0.714691
-0.543839
-0.548004
-0.149109
-0.722397
-0.400314
-0.264389
-0.210846
-0.204117
-0.120285
-0.0293732
-0.0702209
0.0130463
-0.0343933

[15]
0.0219727
0.00404358
-0.0227203
-0.00218201
0.00405884
-0.0105743
-0.022644
-0.030899
-0.0429688
-0.0515289
-0.0825043
-0.106445
-0.137833
-0.224319
-0.262238
-0.295761
-0.394409
-0.571182
-0.923523
-1.06586
-1.01898
-1.08983
-0.513382
-0.179901
0.560654
0.317596
0.538376
0.62529
0.879913
0.829178
0.69429
0.606674
0.573654
0.521683
0.346008
-0.00605774
-0.28273
-0.638916
-1.02449
-1.12025
-1.16386
-1.13881
-1.16589
-0.775162
-0.60318
-0.668015
-0.240753
-0.677277
-0.485504
-0.417465

[16]
0.0361328
-0.0561829
-0.0123138
-0.0783997
-0.125931
-0.0434418
-0.0337372
-0.020813
0.0254669
-0.00691223
-0.0318756
-0.0171509
-0.0139923
-0.0178375
-0.0286865
-0.0223846
-0.0244293
-0.0364685
-0.0360413
-0.0866547
-0.210007
-0.20105
-0.353683
-0.346603
-0.398422
-0.553726
-0.995209
-1.06567
-0.875565
-0.927521
-0.530685
-0.276306
0.279495
0.752441
0.42807
0.768082
0.788605
0.753998
0.713333
0.608109
0.542923
0.470261
0.410812
0.0922852
-0.267807
-0.587494
-0.96434
-1.11935
-1.16106
-1.07664

[17]
-0.913773
-0.608429
-0.561691
-0.35202
-0.117249
-0.246597
-0.750824
-0.334518
-0.407562
-0.0468903
-0.20517
-0.0822144
-0.0825653
-0.0871735
-0.0225067
0.00891113
0.0122528
-0.00357056
-0.00993347
-0.0132599
-0.013855
-0.0159912
-0.016571
-0.0301208
-0.0349884
-0.0441132
-0.0531921
-0.0987854
-0.109344
-0.200882
-0.284058
-0.237595
-0.343689
-0.561218
-0.948441
-1.05649
-0.953033
-1.06198
-0.40657
-0.29393
0.19487
0.773453
0.197144
0.388138
0.825729
0.795013
0.792007
0.659744
0.564255
0.497391

[18]
0.375061
0.0504913
-0.298187
-0.670197
-1.11247
-1.16174
-1.20435
-0.988281
-0.778198
-0.708725
-0.583817
-0.433838
-0.222946
-0.806503
-0.305206
-0.20163
-0.128983
-0.123322
-0.0173798
-0.0741425
-0.0950775
-0.0746613
-0.0106201
-0.00215149
-0.00453186
-0.022171
-0.0218658
0.00108337
-0.0134888
-0.0310516
-0.0177307
-0.0352631
-0.0515289
-0.0719757
-0.0707397
-0.093811
-0.175568
-0.281525
-0.280121
-0.332687
-0.432388
-0.614578
-1.03676
-1.04951
-0.961304
-0.923141
-0.499496
-0.15239
0.74704
0.141571

[19]
0.721008
0.796967
0.754211
0.738571
0.693726
0.588211
0.514816
0.43544
0.191696
-0.124283
-0.37114
-0.612869
-1.07941
-1.13068
-1.16959
-0.880997
-0.84845
-0.639114
-0.593597
-0.629333
-0.162552
-0.958237
-0.339188
-0.294769
-0.0572357
-0.0572357
0.0377502
-0.105774
-0.0665741
-0.0227661
-0.0469818
0.0234528
0.00326538
-0.0480804
0.0123444
0.0202332
0.00143433
-0.00390625
-0.0149994
-0.0233917
-0.0196228
-0.0909271
-0.0682373
-0.117935
-0.280197
-0.306534
-0.277878
-0.413818
-0.578262
-0.918457

[20]
-1.05319
-1.0668
-1.03053
-0.415024
-0.196564
0.505966
0.232529
0.566574
0.688507
0.842987
0.774582
0.698517
0.629379
0.594757
0.49939
0.295013
0.0202789
-0.287827
-0.798737
-1.10989
-1.1642
-1.21474
-1.25269
-0.863739
-0.680237
-0.575272
-0.300247
-0.742477
-0.47818
-0.365448
-0.233307
0.0310516
0.0154724
-0.0467377
-0.0820923
-0.0547028
-0.0459137
-0.0318451
0.00590515
0.0263519
-0.0202942
-0.0135803
-0.0584259
-0.0301819
-0.0224152
-0.036438
-0.0172119
-0.0482941
-0.0860138
-0.151199

[21]
-0.232544
-0.269501
-0.353287
-0.411865
-0.590897
-0.984695
-1.05008
-0.875961
-1.06856
-0.576111
-0.173645
0.519333
0.301727
0.496506
0.712875
0.883301
0.883514
0.797363
0.665283
0.618896
0.507278
0.295181
-0.136078
-0.610397
-0.887344
-1.13277
-1.18045
-1.22003
-0.946121
-0.724396
-0.552628
-0.515747
-0.20462
-0.369598
-0.904587
-0.33606
-0.0783691
-0.174637
-0.148575
-0.160751
-0.117401
-0.0913391
-0.046051
0.0289612
0.0127716
-0.0052948
-0.0276031
0.00563049
0.00254822
-0.0295258

[22]
-0.0522919
-0.0454407
-0.0526428
-0.0916595
-0.144119
-0.168472
-0.290207
-0.281128
-0.341644
-0.426727
-0.546173
-0.959091
-1.04767
-0.784698
-0.927063
-0.551437
-0.174042
0.625259
0.125107
0.603516
0.888855
0.800369
0.796036
0.720306
0.629211
0.514267
0.411133
0.0688782
-0.221466
-0.523544
-0.858459
-1.12733
-1.17535
-1.13287
-0.952957
-0.780884
-0.577728
-0.559204
-0.563004
-0.398438
-0.788101
-0.827576
-0.190613
-0.271225
0.0974426
-0.0930939
-0.0401764
-0.0220184
-0.0416107
-0.0119019

[23]
-0.0373383
-0.0218201
0.00634766
0.00338745
-0.0149078
-0.0401001
-0.0664062
-0.0482788
-0.0536346
-0.080246
-0.080307
-0.13974
-0.17627
-0.191376
-0.291336
-0.326385
-0.40947
-0.597595
-0.959106
-1.05658
-0.954971
-0.878601
-0.474106
-0.175888
0.498962
0.0759888
0.425522
0.759003
0.727585
0.73671
0.703674
0.646896
0.573532
0.499695
0.258301
-0.0736237
-0.4151
-0.83812
-1.13811
-1.19368
-1.24492
-1.26915
-1.02069
-0.612534
-0.538193
-0.142426
-0.481796
-0.899551
-0.575394
-0.295029

[24]
-0.139893
-0.0638428
0.0622253
-0.0680847
-0.0692902
-0.0338745
-0.00691223
-0.0022583
-0.000473022
0.00440979
-0.0148926
-0.0269928
-0.0140076
-0.0222473
-0.0389862
-0.0615082
-0.072403
-0.098938
-0.188492
-0.170807
-0.219238
-0.275909
-0.321548
-0.442749
-0.585846
-0.980881
-1.05576
-0.841003
-0.812637
-0.532135
-0.158569
0.583267
0.0527191
0.559418
0.90741
0.773956
0.762238
0.676834
0.608551
0.512787
0.348602
0.0458984
-0.292862
-0.570038
-1.06873
-1.16068
-1.21622
-1.26233
-1.18378
-0.790482

[25]
-0.786087
-0.311951
-0.182098
-0.70047
-0.858017
-0.432312
-0.240631
-0.17305
-0.0217743
-0.0101776
-0.0327148
-0.0746613
-0.0198975
0.0183868
0.0219574
0.0263824
-0.0424347
-0.0365601
-0.0237579
-0.0499573
0.00088501
-0.0532684
-0.0767365
-0.0973816
-0.122879
-0.184128
-0.321609
-0.248138
-0.36676
-0.470184
-0.672943
-1.04153
-1.05194
-0.976166
-0.765442
-0.513412
0.0266571
0.601578
0.0354767
0.37149
0.725098
0.727676
0.723846
0.667053
0.611206
0.558212
0.424774
0.143524
-0.217743
-0.520309

[26]
-0.922638
-1.16264
-1.2234
-1.27655
-1.29651
-0.984329
-0.615631
-0.486282
0.0631714
-0.47673
-0.840256
-0.887589
-0.138214
-0.469376
0.0487366
-0.0415649
-0.119934
-0.0868225
-0.0917969
0.0381622
0.0162506
0.0441895
0.0492401
-0.0234528
-0.046814
-0.0513
-0.0435486
-0.056427
-0.0749969
-0.0489197
-0.102463
-0.100739
-0.193375
-0.362061
-0.310944
-0.453568
-0.598312
-0.921402
-1.04474
-0.888046
-1.06195
-0.449692
-0.176605
0.377472
0.0747528
0.407547
0.727753
0.720963
0.718414
0.688766

[27]
0.634216
0.599274
0.409821
0.120544
-0.263626
-0.602936
-0.992584
-1.16821
-1.22308
-1.26579
-1.03014
-0.766663
-0.692383
-0.470398
-0.256653
-0.950439
-0.855179
-0.353241
-0.175064
-0.00927734
-0.0695648
-0.120651
-0.0793762
-0.0662689
0.0387268
0.0517273
0.0185852
-0.0372009
-0.0287323
-0.0587616
-0.0510406
-0.0473328
-0.0466614
-0.0644379
-0.0927582
-0.124008
-0.194992
-0.220261
-0.292465
-0.317581
-0.488785
-0.719009
-1.03339
-1.0437
-1.04863
-0.707718
-0.527176
0.0677032
0.76181
0.0223236

[28]
0.491104
0.835892
0.774124
0.773376
0.708252
0.635162
0.591354
0.418259
0.0885773
-0.279648
-0.763046
-1.13103
-1.1891
-1.24147
-1.14166
-0.919388
-0.839355
-0.677521
-0.44751
-0.378143
-1.0488
-0.347931
-0.252686
-0.0111389
-0.0912781
-0.224701
-0.108078
-0.0554504
-0.100525
-0.0248718
0.0129547
0.0112152
0.00126648
-0.0340729
-0.0231018
-0.013855
-0.0176849
-0.0519104
-0.0498657
-0.0947266
-0.115158
-0.22052
-0.300522
-0.296494
-0.42807
-0.589661
-1.00964
-1.03612
-0.88501
-0.942566

[29]
-0.404419
0.0427856
0.71817
0.0406036
0.535141
0.827011
0.867081
0.833786
0.700058
0.614304
0.575897
0.468948
0.193237
-0.186935
-0.573837
-1.02718
-1.1599
-1.22052
-1.27205
-1.30995
-1.06142
-0.646194
-0.68158
-0.32106
-0.882324
-0.672989
-0.234192
-0.159622
-0.128769
-0.147812
-0.1427
-0.100037
-0.0567169
-0.0929565
0.0274811
0.010376
0.00288391
-0.0148621
0.012558
-0.019455
-0.0181885
-0.0185089
-0.0436859
-0.0655823
-0.0865021
-0.12146
-0.200867
-0.302063
-0.382477
-0.495575

[30]
-0.687851
-1.04066
-1.0527
-1.06792
-0.91098
-0.417343
0.196854
0.993347
0.380798
0.964478
0.914337
0.871017
0.832352
0.759583
0.67363
0.551132
0.290588
-0.040863
-0.414185
-0.861847
-1.1105
-1.15352
-1.18806
-1.09895
-0.748764
-0.668488
-0.709915
-0.351547
-0.6604
-0.361755
0.0973969
-0.00852966
0.0486298
-0.065979
-0.128311
-0.0400848
-0.0656128
-0.0399933
-0.0488434
-0.0662079
-0.023468
0.0238647
0.0131683
-0.0108948
-0.00816345
-0.0291748
-0.056015
-0.0766449
-0.111801
-0.140945

