[1]
-0.405624
0.148605
0.124283
0.0706024
0.0301208
0.0504303
0.0408173
0.0969238
0.0778198
0.274918
0.207718
0.0231628
0.0592651
0.00254822
-0.130188
0.710083
0.271759
-0.115341
0.0045929
0.9478
0.19809
0.189941
-0.226227
-0.310623
0.00253296
0.0901489
0.106094
0.0343018
0.0570679
-0.0661011
-0.106567
-0.0327759
0.182831
0.114273
0.0108337
-0.0159912
-0.0235596
0.0299072
0.0625305
0.0272522
-0.0575714
0.0353394
-0.000396729
0.0909119
0.101364
-0.0923767
-0.34314
-0.578232
-0.673309
-0.0108185

[2]
-0.539169
-0.705475
-0.143616
0.107132
0.286026
-0.122192
-0.105743
0.0782928
0.0502167
0.0758057
0.0779114
0.0934448
0.128296
0.200729
0.183411
0.44838
0.318314
0.00509644
-0.0159912
-0.414841
0.216553
0.865753
-0.86734
0.958908
0.621368
-0.0799561
-0.309784
-0.462646
0.332169
-0.117783
0.0717468
0.11969
-0.0778809
-0.132217
-0.190216
0.0788574
0.170486
0.0239716
-0.0436707
0.000686646
0.0407715
0.0102539
0.0128784
-0.0281219
0.0467834
0.0906525
-0.0367737
-0.00598145
0.114166
-0.0419312

[3]
-0.378311
-0.554657
-0.700195
0.0259705
-0.395828
-0.65007
-0.23201
0.0326385
0.15715
-0.230179
-0.167435
-0.0580902
-0.0828247
0.00370789
0.0333557
0.0798645
0.0497131
0.111374
0.111053
0.264999
0.212769
0.132233
0.142197
-0.396759
0.267609
0.304993
-0.374527
0.794388
0.616165
0.153549
0.0560303
-0.402634
0.110779
-0.161514
0.0910339
0.0596466
0.107483
-0.0879364
-0.0933228
-0.0193024
0.0372467
-0.0238953
-0.00390625
0.042511
0.0826416
0.122849
0.187317
-0.0182953
0.0457611
0.0279694

[4]
-0.0133057
0.0318451
0.0592499
-0.0171661
-0.163528
-0.809204
-0.172409
-0.405045
-0.833908
-0.740295
-0.230042
-0.429214
0.117798
-0.0582428
-0.0254822
0.0120239
0.0301208
0.00120544
-0.0065155
0.0355988
0.0876923
0.0800171
0.0116577
0.00941467
-0.0888977
-0.383804
-1.01273
-0.399826
0.502899
-1.04807
-0.59935
0.765839
0.52449
-0.308167
0.273102
-0.28653
-0.036087
-0.206467
-0.0114899
0.0798492
0.144424
-0.0965118
-0.0995483
0.060318
0.115219
0.106552
-0.0384369
-0.0270386
0.0575562
0.100357

[5]
0.0838165
0.10112
0.0317993
-0.061142
-0.0449066
0.033844
0.0719757
-0.0851135
-0.265152
-0.611435
0.383682
-0.494965
-0.84697
-0.42305
-0.179672
-0.34433
-0.010849
-0.0378876
0.0162659
-0.00691223
-0.0113678
-0.0110016
-0.0167542
-0.0322418
0.0331573
0.0803833
0.13829
0.212448
-0.018692
-0.307755
-0.60817
-0.391006
0.611557
-0.00985718
-0.907242
1.22296
-0.0558624
0.180649
-0.511398
-0.253494
0.02388
0.00527954
0.305283
0.121246
-0.0449371
-0.222015
-0.11705
0.0983582
0.161865
0.0282898

[6]
-0.0280304
-0.00733948
0.0492096
0.0275421
-0.0524902
0.054184
0.0761108
0.00498962
-0.0450439
0.166245
0.0564575
-0.343872
-0.438675
-0.700684
0.232895
-0.527939
-0.715149
-0.334274
-0.233093
0.0067749
0.0356903
-0.187042
-0.0170593
0.0206451
-0.0183563
0.00352478
0.0144501
0.0433197
0.117447
-0.0671997
0.162491
0.220154
0.0687714
-0.0494537
-0.35553
0.302582
0.698639
-0.547821
0.414734
0.784698
-0.216583
0.290726
-0.587006
-0.00450134
-0.101318
0.00956726
0.00105286
-0.0140991
-0.0370331
-0.110901

[7]
0.0158081
0.0675659
0.0247955
-0.0595245
-0.0432892
0.00926208
0.0321198
0.0423584
0.135025
0.0366211
-0.0473022
-0.160187
0.0115204
0.0866241
-0.0438538
-0.226471
-0.929138
-0.101593
-0.354996
-0.652496
-0.607529
-0.0836334
-0.660339
-0.119202
-0.0482788
0.057251
-0.0126038
-0.094101
-0.0933838
-0.0400848
-0.0562744
-0.0876923
-0.0762329
-0.0644684
0.0614624
0.0712128
0.213074
-0.138855
-0.0469971
0.77887
0.639648
-0.428955
0.886032
-0.0275116
0.241074
-0.605301
0.173218
0.0243073
-0.0148621
0.130173

[8]
-0.0531311
0.00708008
-0.197693
-0.106613
0.0123749
0.0695953
0.0692291
-0.0330963
0.0326538
0.0683899
0.0373077
0.00582886
0.0725403
-0.0448456
-0.0926208
0.0924072
0.0872345
-0.0945435
-0.311935
-0.901138
-0.0480194
-0.318008
-0.726089
-0.688339
-0.489746
-0.357025
0.134735
-0.0860443
-0.0297241
-0.0198822
-0.0455322
-0.0468903
-0.0274811
-0.0240326
-0.00505066
-0.0801697
0.155731
0.262436
-0.153885
-0.051712
-0.0282898
0.0372772
0.744736
0.279556
-0.574326
0.671387
0.251831
0.190643
0.0449829
-0.326294

[9]
-0.043045
-0.0307159
0.125671
0.112503
0.0765228
-0.0499878
-0.0531006
0.023941
0.0499573
0.0375977
0.0075531
0.0295105
0.00709534
0.0648193
0.0446167
-0.0871277
0.03479
-0.00971985
-0.0334015
0.140015
0.0748749
-0.118408
-0.300827
-0.861557
-0.0473785
-0.630264
-0.789841
-0.392441
-0.246231
-0.0834503
-0.06073
-0.0506287
-0.0258484
-0.0188599
-0.0834808
-0.0474396
-0.0489655
-0.0700073
-0.0195465
-0.150528
0.198746
0.251755
-0.0555573
-0.00715637
-0.143082
0.543549
1.07285
-0.599487
0.743744
0.952179

[10]
-0.0983887
0.0678101
-0.584427
0.160706
-0.063736
0.142883
0.139282
0.0762939
-0.112579
-0.171417
0.0159149
0.125717
0.0316925
-0.0935822
-0.0431366
0.0556183
0.122971
0.0699615
0.115219
0.100006
0.111343
-0.0280151
-0.0615234
-0.0200195
0.0610962
-0.102798
-0.485031
-0.621231
-0.377518
-0.812469
-0.713058
-0.350876
-0.316315
0.0559692
-0.0435028
0.03508
0.0448456
0.012085
0.041214
0.0695953
0.0977936
0.10376
-0.118332
0.345108
0.436981
0.295776
0.140518
0.288834
0.995636
0.190582

[11]
-1.2923
0.746811
0.773422
-0.0866699
0.11203
-0.242447
-0.0304718
-0.113663
0.115509
0.170517
0.187943
-0.165268
-0.133987
-0.0114899
0.152878
0.0497437
-0.0118561
0.0364227
0.0911713
0.0778351
0.0573425
0.0954437
0.0344391
-0.173569
-0.0600433
0.165985
0.157639
-0.0496063
-0.73819
-0.346893
0.0883026
-0.615387
-1.24617
-0.3228
-0.552948
0.0827179
-0.0719452
-0.00456238
-0.059494
-0.0691833
-0.104614
-0.0987549
-0.165939
-0.196793
-0.217865
-0.191544
-0.0297546
0.0037384
0.0906067
-0.0645752

[12]
-0.00559998
0.806412
0.0525208
-0.663177
1.02803
0.184555
0.165527
-0.324753
-0.0163422
0.157272
-0.0765533
0.110214
0.0435181
0.0861664
-0.134506
-0.0341187
0.0665131
0.159241
0.0530701
0.0661774
0.0606995
0.0457916
0.12291
-0.00218201
0.0681152
0.0683594
-0.111496
0.0392151
0.226135
0.0206451
-0.189957
-1.02179
-0.330185
-0.469666
-0.675919
-0.658676
-0.470993
-0.287582
0.132019
-0.033844
0.0275574
0.0222168
-0.0357971
0.0030365
0.0492859
0.0739441
0.0327454
0.0430908
0.251678
0.242874

[13]
0.0640869
0.223892
0.308762
0.387497
-0.000701904
-0.466583
0.454086
0.941559
0.0765839
0.163818
-0.503403
0.313202
-0.0934448
-0.0592957
0.0557098
-0.0180969
0.0582733
-0.112976
-0.102188
0.0326233
0.107117
0.0490112
0.00898743
-0.0168457
0.0212708
0.0558014
-0.00314331
0.0503387
0.0391388
-0.0167084
0.00563049
-0.0358582
-0.173706
-0.55661
-0.553131
0.297699
-0.599625
-0.897003
-0.187622
-0.140701
0.145966
-0.0641022
-0.108063
-0.0408173
-0.0815887
-0.107254
-0.0663147
-0.0185242
-0.00666809
-0.0293884

[14]
-0.00387573
0.152145
-0.00979614
-0.117645
-0.297363
-0.02034
0.974182
0.534866
-0.535782
1.2952
0.0286407
0.31604
-0.582825
0.149506
0.0250397
-0.0606384
0.209427
0.00012207
0.0513153
-0.179749
-0.145737
-0.0133514
0.114716
0.0442047
-0.0449677
0.0533295
0.0117188
-0.014801
-0.0218201
0.155457
0.0919495
-0.0839233
-0.0463715
0.0349579
-0.142868
-0.439835
-0.723953
0.27565
-0.453598
-0.676849
-0.286163
-0.169724
0.0110474
-0.00318909
-0.289536
-0.0788422
-0.0835571
-0.0713501
-0.0638123
-0.063797

[15]
-0.0617218
-0.0796814
-0.0755157
-0.0343933
0.0250549
0.0685425
0.27536
-0.0843353
0.51535
1.07294
-0.152863
0.87207
0.318726
-0.00488281
-0.582718
-0.0843048
0.240982
0.038147
0.145676
0.0325012
0.0118713
-0.131958
-0.123901
0.0360107
0.150986
0.16713
-0.0148468
-0.0367279
0.0665894
0.111893
0.00830078
-0.00816345
0.05867
-0.0274048
0.11055
0.125214
-0.0717468
-0.305771
-0.824081
0.0570068
-0.444901
-0.725357
-0.624054
-0.444702
-0.0757904
-0.037735
-0.0198822
0.00993347
0.000610352
0.00189209

[16]
0.0111084
-0.0119476
0.0271454
0.0780029
-0.015564
0.109253
0.257919
0.133118
0.104507
-0.125336
0.624573
0.258926
-0.458389
0.559769
0.810532
-0.0512848
0.281464
-0.430084
-0.0162659
-0.0558929
0.0181122
0.128754
0.0296021
0.0483551
-0.125336
-0.0236816
0.0329285
0.0656891
-0.016571
-0.0391541
0.035675
0.0826111
0.0708466
0.0254517
0.0807495
-0.0542145
-0.133453
0.0671234
0.23494
0.0722961
-0.234207
-1.09676
-0.370758
-0.476624
-0.753525
-0.684265
-0.240265
-0.418289
-0.0413513
-0.016037

[17]
-0.00402832
0.0141144
-0.0359039
-0.0558167
-0.0886841
-0.0723419
-0.0618744
-0.131012
-0.0663452
-0.00376892
-0.0824432
-0.10144
-0.0864105
0.796631
0.561249
0.527832
0.180222
0.762375
-0.0174103
0.136551
-0.389587
0.0449982
-0.0157318
-0.0622711
0.0735168
-0.025177
-0.0282898
-0.15242
-0.00231934
0.0123901
-0.0175018
0.00846863
0.0134277
0.0647736
0.0489349
0.0108185
-0.104248
-0.0113525
-0.00590515
-0.012558
0.129654
0.0840607
-0.108017
-0.461197
-0.855499
0.136047
-0.756805
-0.836426
-0.423065
-0.407898

[18]
-0.122177
-0.0385437
-0.16864
-0.0602722
-0.0498047
-0.0961151
-0.0374451
-0.00953674
-0.0132599
0.0960693
-0.107925
0.244019
0.197037
-0.0873718
-0.0913391
-0.254242
0.587189
0.586212
-0.898117
0.916336
0.399185
0.0283661
-0.169479
-0.155014
0.175247
-0.124527
0.0582428
0.0639038
0.0380402
-0.0987091
-0.0873413
0.00100708
0.0691986
0.0205536
-0.0067749
0.0270538
0.0607147
0.0404663
-0.0174561
0.101685
0.0403137
-0.0663757
-0.0753937
0.15152
0.10463
-0.164841
-0.946274
-0.487305
-0.274292
-0.798904

[19]
-0.72374
-0.229004
-0.402939
0.189758
0.0254974
0.0216675
0.0117035
-0.0413818
-0.0384216
-0.0116425
0.0085144
0.0162048
-0.0604858
0.0360107
0.206024
0.0233002
-0.019455
-0.345047
0.372559
0.48764
0.056015
0.259933
0.88588
-0.115021
0.274582
-0.486862
0.071228
-0.125977
-0.0793304
0.0743866
0.0119781
0.114456
-0.2043
-0.130585
0.0193481
0.0830231
0.088501
-0.0251007
0.035614
0.0518646
0.0464325
0.0302887
-0.0106659
-0.141739
-0.0419006
0.135696
0.00408936
-0.194336
-0.924133
-0.247787

[20]
-0.369171
-0.707367
-0.907166
-0.279221
-0.454147
0.253464
-0.0331879
-0.0270691
-0.139297
-0.0994873
-0.104584
-0.107605
-0.0726624
-0.135818
-0.146317
-0.0578308
0.0180511
0.0879974
-0.0703125
-0.508026
0.316177
0.481155
0.190231
0.623764
0.874832
-0.125626
0.151886
-0.363297
-0.0236511
-0.245651
0.174362
0.0157776
0.00265503
-0.0843353
-0.085144
-0.0279999
0.0121002
0.0372467
0.0236359
0.0709076
0.0833893
0.0615845
0.00892639
-0.088501
-0.119858
-0.135361
0.00732422
0.238464
0.198257
-0.0287933

[21]
-0.982117
-0.636383
-0.225998
-0.879318
-0.888947
0.096283
-0.237305
0.239212
0.0239716
-0.101761
-0.102676
-0.118668
-0.153854
-0.131287
-0.0878448
-0.0336304
-0.0697937
0.0343475
0.12735
0.0450134
0.249924
-0.352448
-0.125198
0.742416
-0.0122833
0.104736
0.881012
-0.187256
0.235062
-0.468536
0.169937
-0.22438
0.0825043
0.071228
-0.0109406
-0.13327
-0.198746
-0.064743
0.0496063
0.00686646
-0.0437164
0.049881
-0.0297852
-0.00772095
0.0211182
-0.0281525
-0.0657043
-0.0858002
-0.069809
0.0990295

[22]
0.27124
0.0225372
-0.331543
-0.925323
0.0518951
-0.634537
-1.20656
-0.510117
-0.186432
0.135025
-0.0489655
0.0610199
0.00724792
-0.0283203
-0.0415039
0.000244141
0.0102539
0.0221863
-0.186249
0.0562439
0.121246
0.0766907
0.0796967
-0.241043
-0.0471954
0.519775
-0.293777
0.321518
0.211105
-0.0495148
-0.0738983
-0.0904694
-0.0726166
-0.148682
0.105499
-0.0106812
-0.0817108
-0.212906
-0.153992
0.0546417
0.150314
0.0493774
0.006073
0.00697327
0.0290527
-0.00827026
0.0464783
-0.0322113
0.0420074
-0.0184937

[23]
-0.0019989
0.150757
-0.0566864
-0.303375
-1.04729
-0.0879822
-0.678513
-0.846848
-0.506699
-0.272964
0.119141
0.0128479
-0.0836182
-0.0833893
-0.0485535
-0.103485
-0.0717926
-0.0124969
0.0619507
0.0501862
0.328033
0.31929
0.0764923
0.0625763
-0.249466
0.00631714
0.461838
-0.101456
-0.215225
0.978455
-0.178192
-0.316696
-0.404297
0.276886
-0.0741119
-0.0258331
0.101044
-0.0487671
-0.0760193
-0.212677
-0.113205
0.000915527
0.0326996
0.0223389
-0.0630188
-0.0611725
0.00660706
-0.0631561
-0.0432587
0.105301

