[1]
0.0678253
0.742188
0.730667
0.670654
0.585892
0.52536
0.421997
0.257248
-0.025238
-0.334412
-0.839554
-1.12953
-1.18155
-1.22646
-1.07889
-0.884842
-0.589935
-0.762665
-0.106567
-0.33255
-0.909958
-0.44841
-0.0750732
-0.211716
-0.0690002
-0.119156
-0.0849304
-0.082901
-0.0563049
0.0104065
0.043808
0.0344086
-0.0196991
-0.00999451
-0.0189209
0.00802612
-0.0358429
-0.0535889
-0.0945282
-0.12645
-0.116638
-0.235535
-0.290146
-0.415314
-0.491684
-0.608871
-0.83374
-1.07912
-1.09825
-1.10457

[2]
-0.940079
-0.583405
0.681519
-0.14563
0.133575
0.907394
0.810364
0.780685
0.758804
0.669571
0.667572
0.563492
0.501343
0.373077
-0.0370941
-0.305389
-0.86853
-1.1412
-1.19574
-1.23729
-1.19952
-0.949524
-0.17955
-0.567657
-1.16739
-0.440506
-0.0667419
-0.468994
-0.0422211
-0.220093
0.08638
-0.132782
-0.016861
0.0458527
0.00653076
-0.00798035
-0.0493774
-0.0171967
-0.00326538
-0.0263824
-0.0472565
-0.0543518
-0.114777
-0.0914917
-0.132584
-0.213318
-0.352951
-0.417404
-0.462524
-0.551041

[3]
-0.796417
-1.06705
-1.08501
-1.09256
-1.11708
-0.595123
0.71225
0.00643921
0.138885
1.00693
0.847427
0.838242
0.841949
0.728714
0.631622
0.588898
0.496033
0.324707
-0.0516815
-0.46785
-1.0192
-1.16206
-1.2112
-1.1494
-1.1088
-1.2352
0.333328
-0.532028
-1.18443
-0.814713
-0.140457
-0.723633
0.0289612
-0.0200348
0.0923004
-0.109558
-0.0726624
0.00579834
0.0293427
0.0100861
0.00183105
-0.00427246
-0.046463
-0.0280457
-0.0409851
-0.0751953
-0.207336
-0.139587
-0.147186
-0.276489

[4]
-0.405014
-0.390305
-0.51918
-0.573456
-0.929337
-1.07668
-1.09306
-1.10246
-1.0477
0.0913086
0.0386505
0.0588837
0.584167
0.990677
0.79332
0.903152
0.806992
0.657318
0.585892
0.493073
0.423889
0.117142
-0.360611
-0.980667
-1.14748
-1.20912
-1.25827
-1.12799
-0.811539
-1.24448
0.706085
-0.345673
-1.16739
-1.17009
-0.00808716
-0.183807
-0.307709
-0.0451508
0.0485382
-0.113327
-0.0869293
0.0115814
0.0199432
-0.0122528
-0.0137634
0.00141907
-0.0111542
-0.00535583
-0.0189362
-0.138

[5]
-0.181274
-0.17218
-0.138535
-0.295654
-0.348419
-0.435837
-0.482788
-0.61499
-1.05792
-1.07274
-1.08739
-1.10928
-1.0887
0.171463
-0.103455
0.236725
0.594193
0.849625
0.8629
0.905746
0.832764
0.684662
0.67395
0.617996
0.515152
0.251282
-0.149353
-0.560623
-1.10168
-1.15652
-1.2016
-1.23093
-1.23042
-0.536896
-0.406006
-0.427521
-1.14586
-0.276581
0.0978546
-0.41893
-0.0560303
-0.102798
-0.0206146
-0.138306
-0.0150604
0.0540466
0.0166473
-0.0166779
-0.0129242
-0.0413361

[6]
-0.0157318
-0.0283356
-0.0500641
-0.117218
-0.151871
-0.194031
-0.164169
-0.312973
-0.390884
-0.417908
-0.536774
-0.783463
-1.06476
-1.08156
-1.09906
-1.12332
-0.801483
0.453369
-0.274689
0.0804596
0.648743
0.856827
0.790176
0.798737
0.689499
0.618454
0.568619
0.479507
0.326096
-0.0608368
-0.344315
-0.92955
-1.14905
-1.20183
-1.24126
-1.21655
-1.05322
-0.161346
-0.423706
-0.923035
-0.940872
-0.167465
-0.17662
-0.269958
-0.145187
0.0622559
-0.0192566
-0.0687256
0.0111389
-0.00708008

[7]
-0.0151672
-0.0227966
-0.0112152
0.00837708
-0.0188141
-0.0192261
-0.0752411
-0.11525
-0.105209
-0.199799
-0.22641
-0.348816
-0.415176
-0.507935
-0.626022
-1.06239
-1.07748
-1.09204
-1.09955
-1.03987
-0.00715637
0.173233
0.20903
0.469681
0.827866
0.749969
0.791336
0.780914
0.670517
0.6008
0.521957
0.434357
0.169601
-0.283066
-0.81662
-1.13525
-1.18994
-1.23074
-1.19969
-0.85733
-0.72345
-0.545792
-0.527573
-1.10629
-0.109528
-0.123764
-0.226974
-0.230927
-0.0110626
-0.0458221

[8]
-0.123062
0.0219574
0.0155334
0.0786896
0.00186157
-0.0172119
-0.0294037
-0.0375977
-0.0301361
-0.0546112
-0.0922394
-0.0997467
-0.216095
-0.256287
-0.369904
-0.435226
-0.554367
-0.662186
-1.05501
-1.07068
-1.08705
-1.09573
-1.01164
0.0177155
0.3293
0.218964
0.527588
0.921768
0.841064
0.882599
0.804703
0.694473
0.64949
0.547012
0.453293
0.14006
-0.263855
-0.700531
-1.13664
-1.18913
-1.23154
-1.25885
-0.893463
-0.994598
0.296051
-0.26738
-1.10059
-0.766953
-0.1315
-0.212204

[9]
-0.264069
-0.115189
0.0506287
-0.141739
-0.0935822
0.0175629
0.0468597
-0.00370789
0.00813293
-0.0217133
0.00306702
-0.000701904
-0.0732117
-0.0796509
-0.17041
-0.131363
-0.198029
-0.295319
-0.434631
-0.462021
-0.563538
-0.666794
-1.0667
-1.08191
-1.09706
-1.03644
-0.963623
0.381149
-0.0888062
0.233887
0.792404
0.832825
0.830673
0.866608
0.716858
0.649979
0.607819
0.528046
0.371338
-0.038681
-0.367004
-0.784637
-1.15121
-1.20781
-1.25502
-1.28101
-1.07054
-0.486816
-0.921173
-1.19803

[10]
-0.958298
-0.170883
-0.589355
0.15712
-0.12439
-0.0166321
-0.0740204
-0.0236359
-0.0175171
0.0689392
-0.0127258
-0.056488
-0.00944519
-0.000900269
-0.0230255
-0.0365143
-0.0742645
-0.151611
-0.245636
-0.138275
-0.208755
-0.354797
-0.433243
-0.523514
-0.603058
-0.82373
-1.05913
-1.0714
-1.08002
-1.08781
-0.112442
0.25798
0.0956879
0.701233
0.907532
0.7892
0.889587
0.750366
0.627396
0.562653
0.390259
0.196838
-0.263535
-0.467834
-1.10426
-1.21123
-1.27069
-1.31401
-1.10696
-0.977173

[11]
-0.386337
-0.933517
-1.22641
-0.890793
-0.114075
-0.294876
0.126968
0.0140991
-0.0701599
-0.0924377
-0.100632
-0.0419312
0.0749512
0.00682068
-0.0304871
-0.0390167
-0.0402527
-0.0289612
-0.040451
-0.0907745
-0.13681
-0.100479
-0.229156
-0.305984
-0.383911
-0.471741
-0.570694
-0.842285
-1.06812
-1.08154
-1.09973
-1.10876
-0.439667
0.68837
0.0702667
0.0822449
0.901566
0.740967
0.778519
0.785873
0.667587
0.586594
0.521881
0.420746
0.172699
-0.292145
-0.755524
-1.11401
-1.1689
-1.21199

[12]
-1.22377
-0.858261
-1.08026
0.499939
-0.139877
-1.17278
-0.671234
-0.115189
-0.626694
-0.181534
6.10352e-05
0.0376587
-0.139954
0.00215149
0.017868
0.0424347
-0.0027771
0.00370789
-0.0365906
-0.0575409
-0.0618591
-0.0622559
-0.134323
-0.151855
-0.243835
-0.221207
-0.364929
-0.433121
-0.539841
-0.674301
-1.06822
-1.08499
-1.10204
-1.12624
-1.04353
0.00270081
0.325531
0.0736389
0.671722
0.866104
0.765366
0.830704
0.717545
0.591248
0.514908
0.399353
0.252594
-0.14473
-0.523163
-0.988068

[13]
-1.15503
-1.20161
-1.1445
-1.09309
-1.21391
0.340805
-0.323563
-0.818527
-0.880905
-0.169373
-0.448395
-0.133652
-0.153366
0.096344
-0.0718536
-0.0899048
0.0426483
0.0353241
0.0623779
0.064621
0.0337219
-0.0443268
-0.0447845
-0.032486
-0.111176
-0.162216
-0.166275
-0.171982
-0.328903
-0.468643
-0.497803
-0.631653
-0.820389
-1.08366
-1.10295
-1.1241
-0.990921
-0.676422
0.732742
-0.21843
0.18367
0.962708
0.78244
0.800323
0.810547
0.643387
0.58638
0.470627
0.352188
0.0842438

[14]
-0.256378
-0.637878
-1.09717
-1.14867
-1.19086
-1.21024
-0.907028
-0.663727
-0.395721
-0.419968
-1.13362
-0.160324
-0.0721283
-0.347122
-0.239807
0.0453491
0.0030365
-0.119949
0.0213776
0.0148315
0.077652
-0.000244141
-0.00880432
-0.0680542
-0.0225525
-0.0161591
-0.080658
-0.124786
-0.163986
-0.196259
-0.286743
-0.379547
-0.485352
-0.548035
-0.797501
-1.07121
-1.08954
-1.11052
-1.05775
-0.786682
0.594269
-0.0727997
-0.0374756
0.718384
0.862671
0.811722
0.837112
0.751526
0.648544
0.607803

[15]
0.474686
0.355103
0.0263367
-0.422821
-0.997437
-1.1416
-1.18971
-1.22307
-1.11647
-0.893188
-0.187958
-0.205597
-1.15285
-0.251221
-0.0456085
-0.430054
-0.0717773
-0.139771
-0.0101166
-0.0869293
-0.00108337
0.0256958
0.0379791
0.0338287
-0.0572052
-0.0451965
-0.0145721
-0.0228577
-0.04599
-0.137314
-0.131943
-0.15181
-0.330017
-0.373367
-0.501953
-0.604126
-0.694397
-1.06601
-1.08363
-1.10144
-1.12372
-0.916885
0.307434
0.168915
0.061554
0.74794
0.812027
0.796021
0.815033
0.691559

[16]
0.603195
0.565186
0.46582
0.319656
-0.0843964
-0.473846
-1.00999
-1.14726
-1.20009
-1.2377
-1.14999
-1.18927
0.0271759
-0.432159
-0.900116
-0.990662
-0.152771
-0.102341
-0.149567
-0.277451
0.0274048
-0.0709839
-0.0860596
0.0115967
-4.57764e-05
0.0465851
0.00886536
0.00123596
-0.00640869
-0.0216827
-0.0474701
-0.0491333
-0.123459
-0.135345
-0.177368
-0.254288
-0.37381
-0.4319
-0.566284
-0.630661
-1.06953
-1.08563
-1.1024
-1.12679
-1.01433
0.00285339
0.238266
0.103424
0.618881
0.763702

[17]
0.765564
0.815399
0.731247
0.624802
0.603943
0.488815
0.323471
-0.0718231
-0.540192
-1.04189
-1.1356
-1.1877
-1.22842
-1.24759
-0.614395
-0.300827
-0.187622
-0.771286
-1.07834
-0.349594
-0.176834
-0.344788
-0.125854
0.108032
-0.045166
-0.0934143
0.0388184
0.0141144
0.0511017
0.0203857
0.0109711
-0.0409393
-0.043457
-0.0933533
-0.0998383
-0.119339
-0.136887
-0.196991
-0.301315
-0.380676
-0.449509
-0.503281
-0.705521
-1.07204
-1.08879
-1.10846
-1.13542
-0.934601
0.490524
-0.114197

[18]
0.110504
0.780624
0.854141
0.810806
0.862732
0.703293
0.601639
0.535416
0.443558
0.249313
-0.285141
-0.521347
-1.08791
-1.14278
-1.19066
-1.15808
-1.08197
-0.834335
0.105392
-0.154449
-1.15916
-0.63446
-0.125778
-0.47258
-0.0252075
-0.0806427
0.0608368
-0.101624
-0.0414886
0.00723267
0.0387421
-0.00669861
0.0249786
-0.0244293
-0.02034
-0.0495758
-0.0493927
-0.112183
-0.148026
-0.177963
-0.179214
-0.32193
-0.406845
-0.57225
-0.656647
-1.01282
-1.08345
-1.10098
-1.1236
-1.02928

[19]
-0.2211
0.584061
0.261017
0.414352
0.899536
0.753204
0.823975
0.768204
0.66774
0.626831
0.509735
0.399338
0.0496674
-0.353989
-0.837189
-1.12788
-1.18332
-1.22488
-1.18228
-0.676361
-0.631119
-0.478058
-0.534012
-1.13698
-0.257141
-0.376755
-0.118256
-0.126953
0.0740356
-0.0492249
-0.113083
0.0229797
0.0146027
0.102798
0.0470276
0.0319519
-0.0173492
-0.0551758
-0.0563049
-0.0767365
-0.107559
-0.173309
-0.226212
-0.310562
-0.448959
-0.534439
-0.614029
-1.06439
-1.08208
-1.10057

[20]
-1.12448
-1.11787
-0.282486
0.673843
0.342255
0.317551
1.01363
0.821594
0.866882
0.735016
0.577332
0.503738
0.384399
0.309097
-0.145538
-0.476547
-0.983002
-1.11708
-1.16016
-0.925919
-0.938446
-1.18898
-0.11972
-0.624756
-1.03441
-0.985626
-0.135422
-0.31076
0.157257
-0.0736237
0.0818787
-0.0770569
-0.0473175
-0.00559998
0.0471802
0.028656
0.0297394
0.0108948
-0.0393524
-0.102524
-0.0874634
-0.102646
-0.17009
-0.122879
-0.183426
-0.336166
-0.421097
-0.559769
-0.610458
-0.791061

[21]
-1.09024
-1.1077
-1.13239
-1.11601
-0.53154
0.66835
0.0261536
0.267639
0.933853
0.764008
0.836136
0.836838
0.667984
0.59639
0.502167
0.418213
0.140625
-0.200226
-0.671204
-1.10355
-1.1541
-1.19426
-1.19388
-1.20613
-0.453598
-0.629028
-0.740097
-1.0941
-0.197784
-0.394455
0.129745
-0.147186
0.106384
-0.0924835
0.0303802
-0.00939941
0.0600128
0.00276184
-0.00341797
-0.0160675
-0.0550385
-0.0488129
0.00721741
-0.0901489
-0.133743
-0.15593
-0.176743
-0.203598
-0.357742
-0.480911

[22]
-0.574585
-0.644547
-1.06999
-1.08624
-1.10628
-1.13551
-0.86145
0.667786
-0.224243
0.0618134
0.942749
0.73381
0.817963
0.838074
0.695389
0.611496
0.490463
0.364731
-0.00489807
-0.304672
-0.839691
-1.11789
-1.16833
-1.20436
-1.18137
-0.893723
-0.429947
-0.398895
-1.14296
-0.378418
-0.255646
-0.214767
0.163086
-0.0174255
-0.0405884
0.0298462
0.0163116
0.0101776
0.0166779
0.0136108
-0.0322571
-0.0441895
-0.019516
-0.0641174
-0.0596619
-0.0882568
-0.168472
-0.169891
-0.214157
-0.333466

[23]
-0.44809
-0.573563
-0.632233
-1.05576
-1.07187
-1.08897
-1.06798
-0.912369
0.508057
-0.13237
0.125717
0.878952
0.814819
0.832199
0.820709
0.637268
0.585403
0.455612
0.261185
-0.130798
-0.494308
-0.980713
-1.1377
-1.19112
-1.23183
-1.10115
-0.983627
-0.53833
-0.626877
-0.725128
-1.07977
-0.0310364
-0.327728
-0.0473938
-0.175751
-0.0448914
0.0102234
-0.0471039
-0.0142517
0.0464172
0.0706787
-0.00952148
-0.0293884
-0.00134277
0.00349426
-0.0447693
-0.0669708
-0.123688
-0.14447
-0.242844

