[1]
-0.628296
0.41687
0.469025
0.500214
0.477264
0.427231
0.410568
0.348282
0.18042
-0.00585938
-0.234146
-0.449219
-0.603088
-0.826324
-0.767792
-0.706512
-0.68692
-0.464142
-0.283295
0.124847
-0.117142
0.087616
-0.0703125
-0.247467
-0.368362
-0.555069
-0.104309
-0.33345
-0.131958
-0.0234375
-0.0504608
-0.057785
-0.0211487
0.0238953
0.0186462
0.0127106
0.0158234
0.000915527
-0.020401
-0.0153046
-0.0129852
-0.00808716
-0.0139313
-0.0510101
-0.0690765
-0.0317078
-0.0504456
-0.0508881
-0.0875854
-0.132156

[2]
-0.180191
-0.174896
-0.208679
-0.324539
-0.42569
-0.64743
-1.03755
-1.08018
-0.90065
-0.927338
-0.809555
-0.491196
0.156296
0.0634918
0.194778
0.33844
0.403961
0.499527
0.558624
0.493118
0.422501
0.318207
0.218506
0.153793
-0.0898438
-0.372925
-0.6427
-0.888
-1.01053
-1.00032
-0.796387
-0.495285
-0.0587006
-0.193954
-0.251328
-0.364487
-0.273727
-0.570343
-0.350739
0.0989838
-0.230148
-0.126083
0.014389
-0.052475
-0.0495148
-0.0376892
0.0199127
0.0185547
-0.000396729
0.000579834

[3]
0.000289917
0.027832
-0.0135498
0.00198364
0.00537109
-0.0262146
-0.046936
-0.0298767
-0.0289917
-0.0767517
-0.108566
-0.13356
-0.16008
-0.217789
-0.250183
-0.341888
-0.433243
-0.768127
-1.03633
-1.00928
-1.07387
-0.803177
-0.667892
-0.378693
0.37587
0.0803223
0.418121
0.46286
0.520279
0.55127
0.510712
0.485077
0.418182
0.398407
0.270813
0.0539551
-0.211624
-0.496017
-0.856491
-1.05357
-1.08298
-0.711838
-0.548462
-0.35614
0.0260315
-0.319687
-0.0819092
-0.360504
-0.199707
-0.585907

[4]
-0.330887
0.00119019
-0.403976
-0.0951233
-0.0605621
-0.104477
-0.0507202
0.03862
0.0219727
0.0226898
0.0104065
0.00215149
0.0329895
0.04216
-0.0248108
-0.0361328
-0.0193481
-0.0295563
-0.00878906
-0.0347443
-0.0464935
-0.0460205
-0.122116
-0.137344
-0.165039
-0.252106
-0.301041
-0.38147
-0.639404
-0.95636
-1.09242
-0.947327
-0.874725
-0.66893
-0.429062
0.397217
0.0919037
0.361603
0.501801
0.447922
0.548309
0.529282
0.482132
0.430374
0.375977
0.220673
-0.0227051
-0.301102
-0.678818
-1.0312

[5]
-1.0826
-1.11987
-0.831711
-0.468094
-0.299881
-0.150162
-0.12204
-0.28653
-0.362915
-0.692398
-0.419617
0.0270233
-0.21666
-0.13562
-0.0555115
-0.117447
-0.0811462
-0.00161743
0.0158539
0.0181885
0.0196838
-0.0235596
-0.00489807
0.0180359
-0.000946045
-0.0057373
-0.00746155
-0.0144043
-0.0163727
-0.0260162
-0.00679016
-0.074646
-0.116119
-0.146759
-0.186615
-0.199844
-0.228607
-0.329788
-0.504044
-0.917175
-1.08076
-0.87796
-0.91362
-0.669754
-0.539291
0.163437
0.232315
0.155228
0.395981
0.472443

[6]
0.568863
0.574783
0.520432
0.421692
0.344116
0.251221
0.119949
-0.140915
-0.351837
-0.682449
-1.04041
-1.10907
-0.998184
-0.679001
-0.477982
-0.198654
-0.351486
-0.101913
-0.364929
-0.430023
-0.702011
-0.442291
0.0212402
-0.284424
-0.143799
-0.0715179
-0.0863647
-0.0918732
0.00392151
0.0282135
0.0318298
0.0256348
0.0124359
0.00732422
0.0248871
0.0211029
-0.0230865
-0.0507507
-0.0538483
-0.0437012
-0.0362244
-0.0326538
-0.0834198
-0.0950775
-0.145233
-0.139389
-0.15509
-0.247528
-0.396957
-0.648651

[7]
-1.02722
-1.09174
-0.923813
-0.823166
-0.476776
-0.298294
0.357391
0.201096
0.292816
0.332993
0.459778
0.553787
0.534851
0.483795
0.418747
0.393341
0.276627
0.0985413
-0.12912
-0.366058
-0.707138
-0.969101
-1.05444
-0.88913
-0.646027
-0.410843
-0.225021
-0.233551
-0.238083
-0.442123
-0.357666
-0.46698
-0.201828
-0.194046
-0.0704803
-0.0804443
-0.0199585
-0.0620422
-0.0440826
0.0503693
0.0157928
-0.0354156
-0.0142059
-0.0199585
0.00431824
0.00778198
-0.00756836
0.0063324
0.0108032
-0.0216675

[8]
-0.0398712
-0.0359192
-0.0745697
-0.103363
-0.109375
-0.131317
-0.198776
-0.230286
-0.252686
-0.40654
-0.641998
-0.950592
-1.0918
-0.897141
-0.898758
-0.723022
-0.435272
0.300735
0.107346
0.341415
0.56778
0.543594
0.611053
0.603897
0.54863
0.470825
0.430008
0.309662
0.0621033
-0.261429
-0.537735
-0.884277
-1.06854
-1.06606
-0.789581
-0.58429
-0.391663
-0.123474
-0.222595
-0.458633
-0.207703
-0.49292
-0.183075
-0.163055
-0.125992
-0.105484
-0.0626373
-0.0964813
-0.0321045
0.0363007

[9]
0.029129
0.0117798
-0.0178833
-0.0220032
0.00892639
-0.0115204
0.0102539
-0.0157166
-0.0391388
-0.0449371
-0.0239105
-0.00958252
-0.0163574
-0.0503998
-0.12001
-0.134796
-0.138992
-0.186783
-0.224792
-0.381851
-0.582581
-0.871323
-1.08911
-0.877243
-0.829575
-0.695114
-0.607849
-0.129715
0.283783
0.0718384
0.382187
0.522964
0.563309
0.619156
0.582642
0.509521
0.412537
0.309784
0.220306
0.0647125
-0.148804
-0.460495
-0.834305
-1.0583
-1.10373
-0.757217
-0.540375
-0.325272
-0.245956
-0.164276

[10]
-0.38945
-0.26683
-0.664398
-0.375259
-0.0849915
-0.246002
-0.0921783
0.0247803
-0.035141
-0.104355
-0.0227509
0.00856018
-0.00213623
0.00457764
-0.0275421
-0.0059967
0.008255
0.00434875
-0.00831604
0.0112152
-0.0210114
-0.0263824
-0.019928
-0.0118866
-0.0706177
-0.0872803
-0.147629
-0.150757
-0.188538
-0.218765
-0.290741
-0.454361
-0.789948
-1.08344
-1.00247
-0.95047
-0.766739
-0.658829
0.00843811
0.58107
0.31395
0.505417
0.48024
0.556717
0.579117
0.442459
0.335556
0.264511
0.14801
-0.0549011

[11]
-0.299042
-0.522934
-0.757599
-0.956177
-0.889832
-0.632935
-0.534622
-0.388733
-0.218307
-0.0375977
-0.0948486
-0.166412
-0.413742
-0.241318
-0.781662
-0.175323
-0.102539
-0.448456
-0.128143
-0.0504303
-0.0136566
-0.0265045
0.0319214
0.0462646
0.0446625
0.0136414
-0.0012207
0.0168152
0.0280457
-0.0271606
-0.0379333
-0.0385437
-0.0193176
-0.0412292
-0.0401306
-0.0813446
-0.130173
-0.139664
-0.176498
-0.193146
-0.26651
-0.303848
-0.468765
-1.07512
-1.10896
-0.913193
-0.95813
-0.691711
-0.369629
0.37735

[12]
0.194702
0.298569
0.309647
0.461578
0.537399
0.506409
0.417526
0.400543
0.414246
0.297089
0.0668793
-0.15155
-0.432159
-0.895477
-1.05759
-1.09186
-0.745239
-0.479004
-0.188644
-0.165833
-0.104294
-0.306503
-0.554642
-0.587479
-0.607285
-0.0425873
-0.0381927
-0.216125
-0.0214691
-0.025528
-0.0836639
-0.0362396
0.0402069
0.0790253
0.0355835
0.0163574
-0.0197601
-0.000183105
-0.0184784
-0.0360107
-0.0314178
-0.033432
-0.0735626
-0.0543365
-0.0289307
-0.0567932
-0.0975647
-0.0957184
-0.171463
-0.198395

[13]
-0.184372
-0.30542
-0.536514
-1.05362
-1.0937
-0.888229
-0.998901
-0.731247
-0.49823
0.202515
0.123505
0.328384
0.623703
0.545456
0.633713
0.600601
0.514236
0.429504
0.382584
0.28894
0.0262299
-0.169449
-0.461563
-0.835175
-1.05812
-1.09294
-0.958298
-0.674667
-0.434799
-0.0986023
-0.212006
-0.199112
-0.408478
-0.706741
-0.317413
-0.00770569
-0.18187
-0.106339
-0.0096283
-0.00476074
-0.0752563
-0.00721741
-0.018158
0.016983
-0.00744629
-0.0364075
-0.0175018
-0.000900269
-0.0318909
-0.0246582

[14]
-0.0173798
-0.0222321
-0.0315399
-0.0455322
-0.0363159
-0.0959015
-0.0924683
-0.111252
-0.143936
-0.204636
-0.305496
-0.495285
-0.893097
-1.09116
-1.0295
-0.88588
-0.647598
-0.511597
0.103882
0.225571
0.239502
0.375153
0.473373
0.576675
0.551178
0.466507
0.428818
0.397186
0.345627
0.17749
-0.0393524
-0.304916
-0.609528
-0.92485
-1.07506
-0.941406
-1.05588
-0.723129
-0.270004
-0.261871
-0.233307
-0.266068
-0.421265
-0.621338
-0.463348
0.0688171
-0.18042
-0.145447
-0.0516205
-0.0881042

[15]
-0.073761
-0.00311279
0.01651
0.048233
0.0611267
0.02005
-0.00497437
-0.00352478
0.0145721
0.0166168
-0.0111389
-0.0339203
-0.023056
-0.0330048
-0.0925293
-0.0636749
-0.0821991
-0.135544
-0.216812
-0.192764
-0.245422
-0.395233
-0.735703
-1.08412
-1.09805
-0.930664
-0.850418
-0.47821
-0.28801
0.333817
0.153442
0.294037
0.393677
0.58667
0.645569
0.550156
0.480957
0.436081
0.400238
0.276306
0.0612183
-0.196823
-0.518738
-0.902115
-1.07234
-0.990189
-0.740845
-0.649643
-0.379883
-0.210861

[16]
-0.196411
-0.524643
-0.356842
-0.848587
-0.381958
0.051239
-0.180252
-0.10585
-0.0822144
-0.0476685
-0.0514221
-0.0289917
0.0042572
-0.00836182
0.000732422
-0.00598145
-0.038681
-0.00486755
0.00682068
0.00765991
-0.0123291
0.000152588
-0.0276184
-0.00468445
-0.0498199
-0.103287
-0.0965881
-0.119614
-0.184921
-0.193619
-0.268539
-0.4263
-0.694885
-1.01427
-1.07741
-1.00262
-0.934662
-0.521774
-0.22081
0.441452
0.168671
0.389221
0.527298
0.6548
0.640869
0.551117
0.516769
0.503952
0.419205
0.27655

[17]
0.0888977
-0.124176
-0.391861
-0.637497
-0.783463
-0.788391
-0.823273
-0.74324
-0.477798
-0.250305
-0.337952
-0.144592
-0.356049
-0.249817
-0.66861
-0.382797
-0.067276
-0.32457
-0.165985
-0.0302734
-0.0448761
-0.0704651
-0.00465393
0.00448608
0.0281677
0.0268097
-0.0114441
-0.00183105
0.024704
0.0174255
-0.0154877
-0.0249329
-0.00473022
0.0222931
-0.00636292
-0.0792084
-0.12471
-0.0955353
-0.124664
-0.154663
-0.15538
-0.213791
-0.322388
-0.495224
-0.87204
-1.08771
-0.854721
-0.912888
-0.615341
-0.548325

[18]
-0.037796
0.0596161
0.11673
0.440628
0.432312
0.551651
0.556305
0.518356
0.445084
0.408798
0.273743
0.0533295
-0.153366
-0.40799
-0.686005
-0.892578
-0.880005
-0.781326
-0.74559
-0.504578
-0.364304
-0.173599
-0.129639
-0.626526
-0.394394
-0.441757
-0.290894
-0.0996246
-0.117081
-0.0599365
0.0564423
-0.0625
-0.0411224
0.0139771
-0.0213318
0.013031
-0.00883484
0.0043335
-0.0139313
-0.0142212
-0.000579834
0.00610352
-0.00843811
-0.00984192
-0.0100098
-0.0179443
-0.0559082
-0.0923309
-0.106674
-0.10466

[19]
-0.213867
-0.252274
-0.302353
-0.434814
-0.764832
-1.0829
-1.09608
-1.00636
-0.763275
-0.527435
-0.190933
0.30571
0.113129
0.325439
0.499466
0.581787
0.565811
0.502396
0.513275
0.542709
0.451721
0.217407
-0.194473
-0.368408
-0.684052
-0.823624
-0.911346
-0.892014
-0.843109
-0.4944
-0.248611
-0.151337
-0.338989
-0.55455
-0.551041
-0.210419
-0.19632
0.0137024
-0.10556
0.01651
-0.0767975
-0.0806274
-0.0257721
-0.0137634
-0.0177765
0.00392151
-0.0418854
0.00740051
0.0105591
-0.00927734

[20]
0.0106049
0.0100555
-0.0239868
-0.0499573
-0.050705
-0.0731354
-0.0843048
-0.104141
-0.156937
-0.191437
-0.208862
-0.226944
-0.332611
-0.635513
-0.976532
-1.10019
-0.941528
-0.912781
-0.714508
-0.434387
0.523148
-0.0109711
0.494537
0.521637
0.538895
0.563629
0.53949
0.511902
0.411621
0.263306
0.075058
-0.142731
-0.374084
-0.548218
-0.775299
-0.869965
-0.881378
-0.814102
-0.578735
-0.283981
-0.116516
-0.049057
-0.246613
-0.285309
-0.409729
-0.593155
-0.335938
-0.138016
-0.204544
-0.0152893

[21]
0.0360718
-0.0448151
-0.0462189
-0.0346222
-0.0112457
-0.0217743
0.00254822
-0.000259399
0.0085144
-0.0149536
-0.00137329
0.0083313
-0.0111847
-0.0432129
-0.0536041
-0.0683899
-0.0625458
-0.0704498
-0.0997162
-0.14328
-0.169327
-0.194382
-0.31987
-0.574341
-0.881989
-1.09807
-0.881531
-0.983658
-0.599319
-0.442825
0.0444336
0.134155
0.252945
0.351532
0.484558
0.574921
0.549927
0.477753
0.403458
0.408005
0.283051
0.0424652
-0.231857
-0.502533
-0.818787
-1.0356
-0.909592
-0.726715
-0.676163
-0.454468

[22]
-0.242386
-0.151566
-0.186081
-0.359024
-0.357452
-0.586761
-0.367905
-0.0180511
-0.162506
-0.116058
-0.0561981
-0.143311
-0.104034
-0.0492096
-0.01474
-0.00634766
0.00675964
0.0114136
-0.0236664
0.00267029
0.0299072
0.00691223
-0.0216217
-0.0101013
-0.036499
-0.0176849
-0.0349884
-0.101868
-0.0895233
-0.152756
-0.159332
-0.165482
-0.197449
-0.274963
-0.45488
-0.867569
-1.08662
-0.964478
-0.884888
-0.590591
-0.487778
0.242676
0.0961151
0.390808
0.480164
0.610764
0.620972
0.53894
0.43161
0.410233

[23]
0.317139
0.0882568
-0.0827789
-0.27211
-0.483063
-0.658829
-0.708191
-0.6436
-0.596146
-0.501297
-0.322998
-0.1931
-0.137024
-0.0762939
-0.165863
-0.36557
-0.23764
-0.467773
-0.159195
0.0585327
-0.13559
-0.140823
-0.122147
-0.0744934
-0.0413666
0.0186768
0.00401306
-0.00422668
-0.0213928
0.0109863
0.0208435
-9.15527e-05
-0.021347
0.00726318
-0.0349426
-0.0467377
-0.0268097
-0.0138397
-0.0610809
-0.105026
-0.130707
-0.182663
-0.185257
-0.20517
-0.294067
-0.460693
-0.662628
-0.900497
-1.04858
-0.893112

[24]
-0.889236
-0.662674
-0.438934
0.201019
0.0661469
0.25235
0.487869
0.465912
0.586624
0.564957
0.495392
0.433502
0.40274
0.224075
-0.0633698
-0.298309
-0.566864
-0.839279
-1.01501
-0.898239
-0.777985
-0.622467
-0.372314
-0.167252
-0.0843964
-0.29361
-0.583496
-0.603424
-0.500015
-0.116714
-0.233032
-0.154388
-0.0162811
-0.0337372
-0.0378418
-0.0329132
9.15527e-05
0.0146179
-0.00250244
0.0124664
0.00756836
0.00624084
-0.00621033
0.00375366
0.00511169
-0.0157318
-0.0355072
-0.0325012
0.000869751
-0.060791

[25]
-0.0650787
-0.0759125
-0.15274
-0.180389
-0.224258
-0.258728
-0.378113
-0.654373
-0.941376
-1.0854
-0.982925
-0.872421
-0.463882
-0.233444
0.231918
0.174957
0.30191
0.402939
0.4599
0.593521
0.55983
0.495361
0.426102
0.430664
0.372955
0.162354
-0.072998
-0.334732
-0.713135
-1.02789
-1.09087
-0.927383
-0.744354
-0.506241
-0.227325
-0.196701
-0.133835
-0.323547
-0.341583
-0.726883
-0.473099
0.0125885
-0.247589
-0.119446
-0.028244
-0.0755005
-0.0590973
-0.0248413
0.0222015
-0.00665283

[26]
0.0105743
-0.0394135
-6.10352e-05
0.0214233
0.00668335
-0.0118103
0.00244141
-0.0208588
-0.0363007
-0.0146027
-0.0196838
-0.0568695
-0.109772
-0.172913
-0.179459
-0.206558
-0.232788
-0.339828
-0.573837
-1.05916
-1.10043
-0.933121
-1.02324
-0.600433
-0.358749
0.223648
0.17308
0.399124
0.585159
0.497421
0.600983
0.561966
0.479568
0.402863
0.351593
0.224594
-0.018219
-0.288544
-0.545334
-0.692841
-0.872604
-0.808731
-0.705811
-0.585052
-0.363678
-0.222
-0.0596924
-0.12764
-0.472412
-0.278152

[27]
-0.53038
-0.198853
0.0662537
-0.0924988
-0.107269
-0.0857239
-0.0709534
-0.0126038
-0.0352631
0.0090332
0.0205994
0.0381775
0.0292969
0.0126953
-0.0063324
-0.0121613
-0.0189819
-0.0198975
-0.0201721
-0.0460815
-0.0432587
-0.0740509
-0.0785065
-0.119949
-0.223099
-0.227036
-0.247406
-0.330627
-0.461716
-0.814529
-1.10616
-0.888458
-1.04434
-0.721725
-0.453369
-0.17038
0.310669
0.10199
0.278152
0.438187
0.599838
0.56366
0.469238
0.418198
0.39296
0.299393
0.0585938
-0.316559
-0.585205
-0.674393

[28]
-0.748703
-0.663223
-0.596176
-0.654388
-0.393677
-0.250961
-0.105469
-0.131622
-0.137573
-0.443039
-0.323715
-0.60527
-0.240906
-0.129761
-0.0305481
-0.0128021
-0.0304718
-0.0593109
-0.056839
-0.000579834
0.026535
0.0224152
0.024704
0.0184631
0.0401917
0.0289764
-0.0102692
-0.0169525
-0.0299225
-0.012619
-0.0167999
-0.0353241
-0.103729
-0.10054
-0.129349
-0.176163
-0.24295
-0.257385
-0.345398
-0.492142
-0.72142
-1.07301
-1.03339
-1.13626
-0.710083
-0.427261
-0.198303
0.248871
0.124954
0.401718

[29]
0.388947
0.516006
0.462738
0.3974
0.351593
0.257889
0.11702
-0.0440979
-0.204468
-0.397705
-0.662186
-0.803589
-0.916168
-0.862732
-0.469421
-0.313904
-0.186905
-0.0992889
-0.149872
-0.520157
-0.255508
-0.649902
-0.267426
-0.0355377
-0.130524
-0.0485077
-0.0140228
-0.0481415
-0.0670013
-0.0317078
0.018692
-0.0108643
-0.000350952
-0.0122833
-0.0245667
0.0212402
0.0065155
0.00518799
-0.0148468
-0.0110016
-0.0229034
-0.0250702
-0.0296478
-0.0621185
-0.105042
-0.0975342
-0.224319
-0.230972
-0.226852
-0.301102

[30]
-0.483597
-0.829498
-1.07034
-0.882172
-0.81929
-0.680237
-0.4832
-0.206482
0.382065
0.161148
0.262039
0.373779
0.51506
0.545074
0.495499
0.422501
0.350555
0.269989
0.0964355
-0.162613
-0.391724
-0.673447
-0.976883
-1.07988
-0.990646
-0.689667
-0.412506
-0.193726
-0.0974884
-0.170151
-0.560532
-0.357559
-0.660873
-0.282425
-0.0575867
-0.132523
-0.117203
-0.069397
-0.084549
-0.0497437
0.0247345
0.0195923
0.0201569
0.00593567
-0.0175171
0.0361176
0.0141754
0.0136414
-0.0184174
-0.0192871

[31]
-0.0261536
-0.0310822
-0.0256195
-0.0443878
-0.0826416
-0.134171
-0.159988
-0.186707
-0.216827
-0.311401
-0.486984
-0.875153
-1.09204
-0.926788
-1.05202
-0.600876
-0.393784
0.0486908
0.23436
0.292221
0.488434
0.57077
0.65448
0.585312
0.503174
0.481491
0.449783
0.290405
0.0307465
-0.264908
-0.583359
-0.824844
-0.993164
-0.916794
-0.743057
-0.601822
-0.317825
-0.175293
-0.0448761
-0.327133
-0.581345
-0.566086
-0.337265
-0.130173
-0.0246429
-0.00595093
0.053833
-0.106552
-0.0558472
-0.0151062

