[1]
0.0161896
-0.294083
-0.141891
-0.0551605
0.0417328
-0.0776825
-0.159775
0.00627136
-0.0249786
0.0365448
-0.0151215
0.00308228
-0.00976562
-0.00509644
-0.0116119
-0.0320282
-0.0188293
-0.00108337
-0.0247345
-0.0513458
-0.0561066
-0.121429
-0.18428
-0.25795
-0.35228
-0.446381
-0.586685
-0.871826
-1.08594
-1.10217
-1.11742
-0.762238
-0.541458
0.306793
0.178268
0.37854
0.635193
0.75116
0.758392
0.727859
0.685135
0.621216
0.570145
0.512497
0.433502
0.197159
-0.0955963
-0.474472
-1.00705
-1.10573

[2]
-1.14964
-1.09322
-0.915695
-0.783936
-0.613617
-0.510559
-0.501862
-0.939133
-0.309982
-0.326263
-0.0610809
-0.0597229
-0.0080719
-0.0489349
-0.0175323
0.0171509
0.00648499
0.0360565
0.0224304
0.00787354
-0.0496979
-0.0446014
-0.0171967
-0.0470581
-0.042038
-0.0342102
-0.0736694
-0.145126
-0.131516
-0.111313
-0.214722
-0.278
-0.380554
-0.509125
-0.951569
-1.09456
-1.11026
-1.12497
-0.770309
-0.446533
0.519135
0.105865
0.0724945
0.611526
0.636688
0.62291
0.643219
0.634888
0.597565
0.553848

[3]
0.520462
0.380768
0.143219
-0.194412
-0.517593
-1.06873
-1.11292
-1.15581
-1.12726
-1.05908
-0.461929
-0.0354919
-0.336823
-0.719208
-0.525726
-0.350143
-0.0881805
-0.0701904
-0.0322571
-0.0320129
-0.0444641
-0.0731354
0.000915527
-0.0287018
0.0490112
0.0375824
-0.0157776
-0.0128021
-0.00978088
-0.00700378
0.00062561
-0.0461426
-0.0362091
-0.0513
-0.0906219
-0.0899353
-0.160904
-0.242859
-0.359177
-0.510437
-0.557068
-0.952362
-1.08896
-1.10765
-1.12886
-0.79454
-0.465912
0.623917
0.157776
0.242828

[4]
0.667221
0.807114
0.765564
0.718414
0.6763
0.60199
0.564865
0.49437
0.391342
0.118271
-0.154388
-0.58255
-1.07114
-1.11613
-1.15747
-1.06479
-0.896484
-0.694992
0.0693359
-0.389694
-0.771866
-0.366211
-0.396912
-0.124619
0.0308533
-0.0292969
0.00430298
-0.0282288
0.0256042
-0.015564
0.0152588
0.00379944
-0.0150452
-0.0346069
-0.0213623
-0.00561523
-0.00595093
-0.00469971
-0.0111542
-0.0314026
-0.111588
-0.0713501
-0.107834
-0.280487
-0.343262
-0.416138
-0.42099
-0.60466
-1.08304
-1.10001

[5]
-1.11769
-1.09674
-0.873993
-0.221405
0.888916
0.0531616
0.188492
0.705917
0.756683
0.729553
0.703903
0.684723
0.59552
0.553543
0.470474
0.335419
0.0702362
-0.299469
-0.856247
-1.08521
-1.13225
-1.1731
-0.83255
-0.79274
-0.840408
0.218857
-0.199539
-0.834122
-0.788422
-0.330933
-0.200653
0.0252838
-0.118271
0.00256348
-0.0796814
-0.0466003
-0.0225525
0.0211945
0.0197296
-0.0127563
-0.0231476
-0.0220337
-0.0164795
-0.0236206
-0.0221405
-0.0331573
-0.0460358
-0.0658875
-0.0698547
-0.0708771

[6]
-0.169571
-0.245865
-0.350922
-0.333923
-0.460312
-0.822037
-1.08849
-1.10306
-1.12233
-0.755173
-0.799942
0.0253448
0.490189
0.271454
0.378067
0.694794
0.692307
0.714157
0.696915
0.641068
0.563385
0.497025
0.438034
0.238571
-0.0780182
-0.461288
-0.969925
-1.10274
-1.14221
-0.853241
-0.706055
-0.5952
-0.537949
-0.648788
-0.717377
-0.427643
-0.155045
-0.359299
-0.0580902
-0.000854492
-0.033371
-0.0751343
-0.0638428
0.0195465
-0.00753784
0.0136566
-0.0175171
0.00862122
0.00958252
0.00523376

[7]
0.00540161
-0.0214691
-0.0359802
-0.0563812
-0.0661774
-0.104843
-0.0888367
-0.162216
-0.254501
-0.321945
-0.429123
-0.437836
-0.830322
-1.08548
-1.09959
-1.1138
-0.716019
-0.672897
0.108353
0.451889
0.229477
0.319717
0.744064
0.683701
0.689011
0.673706
0.624405
0.555374
0.484314
0.394104
0.192978
-0.184692
-0.44577
-0.983627
-1.10341
-1.14815
-1.17673
-1.11905
-0.626022
-0.400436
-0.397263
-0.629379
-0.447876
-0.286194
-0.28537
-0.0972748
-0.12056
-0.0555725
-0.0257874
-0.0510406

[8]
0.0197144
-0.0108643
0.072113
0.00212097
-0.00276184
-0.00526428
-0.0223694
-0.00590515
-0.0290527
-0.0201721
-0.00430298
-0.0756683
-0.0936432
-0.104507
-0.167648
-0.359634
-0.38797
-0.493591
-0.551498
-1.06776
-1.08176
-1.09721
-1.0256
-0.695068
-0.364258
0.731674
0.132538
0.260345
0.654648
0.737137
0.757141
0.760818
0.7229
0.663864
0.596542
0.513458
0.406158
0.0890503
-0.217346
-0.552216
-1.07547
-1.11931
-1.15608
-1.18079
-0.613068
-0.835861
-0.511719
-0.705978
-0.2285
-0.339752

[9]
-0.0858917
-0.123077
0.0105286
-0.062561
-0.0318604
-0.0809021
0.00993347
-0.0371704
-0.0267181
-0.0292664
-0.00343323
-0.00900269
0.00498962
-0.0149841
-0.00828552
-0.0299225
-0.0487823
-0.0674286
-0.0633698
-0.0918732
-0.153564
-0.228638
-0.288208
-0.387665
-0.42099
-0.803268
-1.07481
-1.08888
-1.10408
-0.72496
-0.745819
-0.0491638
0.686249
0.331528
0.458466
0.722458
0.750778
0.754486
0.73526
0.648254
0.582382
0.523636
0.39949
0.204941
-0.110565
-0.425629
-0.905609
-1.1028
-1.14249
-0.989059

[10]
-0.83226
-0.993866
-0.467209
-0.128403
-0.298737
-0.922119
-0.0740051
-0.40033
-0.300339
-0.1194
-0.0233612
0.0203705
-0.0714874
-0.0458679
0.0131683
0.0124817
0.0547943
-0.0139313
-0.0215607
-0.0267334
-0.011795
-0.025589
-0.0264282
-0.0403595
-0.0372314
-0.0657959
-0.0394592
-0.104126
-0.191742
-0.336212
-0.314362
-0.372025
-0.557846
-1.07071
-1.08202
-1.09723
-1.11212
-0.774292
-0.523499
0.374863
0.343277
0.350769
0.602371
0.775131
0.743347
0.727661
0.695312
0.626511
0.578415
0.512238

[11]
0.401321
0.119553
-0.189468
-0.576019
-1.07213
-1.11804
-1.15987
-0.836868
-0.77388
-0.685516
-0.360062
-0.544601
-0.47261
-0.84552
-0.329529
-0.321198
-0.00891113
-0.0111847
-0.0690613
-0.0207977
-0.093811
-0.0170135
-0.0184784
0.0404968
0.0244751
-0.00968933
-0.0188751
0.00675964
0.00857544
-0.00793457
-0.04422
-0.0526123
-0.056366
-0.0691528
-0.0719604
-0.159531
-0.233643
-0.374496
-0.36676
-0.444412
-0.683685
-1.07426
-1.08722
-1.10245
-1.07524
-0.908478
-0.452026
0.946884
0.0435486
0.331696

[12]
0.806992
0.812698
0.809662
0.804688
0.709076
0.597198
0.526199
0.450577
0.287628
-0.0205231
-0.383377
-0.887619
-1.10014
-1.14766
-1.1638
-0.832565
-0.624588
-0.998077
0.188782
-0.222534
-0.870239
-1.13358
-0.386337
-0.204544
-0.000900269
-0.0414886
0.105133
-0.0653992
-0.0463867
-0.0419769
-0.00276184
0.026947
0.00114441
0.00727844
-0.0188904
-0.0260162
-0.00437927
-0.00646973
-0.0410309
-0.0417328
-0.0658875
-0.0612793
-0.0483398
-0.126938
-0.252533
-0.339798
-0.377548
-0.462601
-0.715897
-1.06834

[13]
-1.0809
-1.09644
-0.948151
-0.795654
-0.237198
0.833328
0.361374
0.39238
0.678818
0.713165
0.734787
0.717468
0.659241
0.578598
0.517487
0.389771
0.131149
-0.198837
-0.653885
-1.07458
-1.12119
-1.16447
-0.944412
-0.814331
-0.571442
-0.337296
-0.42691
-0.46283
-0.722504
-0.201889
-0.303421
-0.162003
-0.00953674
-0.0522919
-0.00814819
-0.0758209
0.00396729
-0.0388031
0.0329437
0.0140381
-0.00570679
-0.0275879
-0.018158
-0.0111084
-0.0359955
-0.0442352
-0.0534821
-0.0704956
-0.0613251
-0.0600739

[14]
-0.116028
-0.226822
-0.29776
-0.411499
-0.425049
-0.587402
-1.06801
-1.08257
-1.09749
-0.996201
-0.900131
-0.32814
0.803482
0.238342
0.350845
0.650879
0.691589
0.709991
0.71048
0.635162
0.553314
0.490524
0.392151
0.198257
-0.0689392
-0.41803
-0.893631
-1.08105
-1.12141
-1.14616
-0.682983
-0.936554
-0.529846
-0.388428
-0.582458
-0.71347
-0.648605
-0.411392
-0.0959625
-0.0746002
0.142502
-0.0360413
-0.102737
-0.0146942
-0.0407562
0.0423279
-0.0110779
-0.0361938
-0.0484772
-0.0248871

[15]
0.00636292
0.000167847
-0.0188599
-0.00950623
-0.0286407
-0.0406189
-0.0419464
-0.135376
-0.133682
-0.197784
-0.246674
-0.337875
-0.409653
-0.667542
-1.07614
-1.09203
-1.10953
-1.07846
-0.930145
-0.314804
0.718353
0.0127106
0.222031
0.713654
0.709259
0.736771
0.707718
0.694626
0.644379
0.5858
0.537094
0.367889
0.131897
-0.183411
-0.784988
-1.08014
-1.11986
-1.15427
-0.779373
-1.02692
-0.582626
-0.18428
-0.242371
-0.714645
-0.192841
-0.557526
-0.0937653
-0.0276337
-0.0867615
-0.0246735

[16]
-0.0390778
-0.0140991
-0.0406189
0.00524902
-0.0115509
-0.0102844
-0.0193329
0.00137329
0.00611877
-0.00389099
-0.0338135
-0.065567
-0.0748901
-0.071579
-0.0782166
-0.102829
-0.186813
-0.31665
-0.433578
-0.475983
-0.56131
-1.07233
-1.08598
-1.10283
-1.07681
-0.954666
-0.224213
0.77919
0.259384
0.466217
0.774628
0.739929
0.76358
0.76265
0.669098
0.560822
0.454849
0.330109
0.0483856
-0.292892
-0.752808
-1.08099
-1.12451
-1.16064
-0.712616
-0.773315
-0.530838
-0.300644
-0.361664
-0.640121

[17]
-0.469788
-0.560806
-0.0879059
-0.164215
-0.0146332
0.0191803
-0.0553131
0.038269
-0.0396271
0.0237579
-0.023941
-0.00213623
-0.0266571
-0.0169525
0.00241089
-0.0213928
-0.0249023
-0.0469055
-0.0617676
-0.0582123
-0.0763245
-0.104416
-0.153748
-0.226913
-0.322495
-0.332443
-0.537537
-0.881516
-1.07997
-1.0575
-1.10922
-0.79393
-0.667328
0.619614
0.171051
0.0884247
0.62677
0.661224
0.728287
0.66954
0.628677
0.553787
0.455093
0.37294
0.233612
0.0171051
-0.26825
-0.677307
-1.08405
-1.12509

[18]
-1.09743
-0.682632
-0.857788
-0.527939
-0.666916
-0.56221
-0.670731
-0.564774
-0.35704
-0.112122
-0.0941315
0.0963745
-0.0777588
-0.0432892
-0.0852814
-0.000839233
0.0331116
0.0144653
-0.0119171
-0.0335541
0.00697327
0.0361938
0.0184937
-0.0112152
-0.0389862
-0.07341
-0.056778
-0.043396
-0.0448914
-0.0900421
-0.198227
-0.271851
-0.405746
-0.444992
-0.629974
-1.06589
-1.07986
-1.09537
-1.11131
-0.692154
-0.340485
0.898422
0.36795
0.233963
0.686646
0.73761
0.73674
0.718018
0.634521
0.538681

[19]
0.481979
0.312225
0.00688171
-0.323349
-0.742355
-1.08359
-1.13187
-1.17622
-0.978424
-0.829117
-1.03644
-0.338806
-0.345901
-0.362
-0.857315
-0.550156
-0.221481
-0.119492
-0.0400391
0.0202637
-0.0019989
-0.135071
-0.0405579
-0.0462646
0.0386505
0.0227051
0.00117493
-0.0355072
-0.0119781
0.00801086
0.0264893
0.00849915
-0.0253448
-0.0639496
-0.0786896
-0.0823059
-0.0853119
-0.171509
-0.290115
-0.348328
-0.403168
-0.459091
-0.710373
-1.06746
-1.0806
-1.09451
-0.758362
-0.736267
0.166153
0.625885

[20]
0.357132
0.552582
0.761414
0.736115
0.722351
0.666763
0.557312
0.449265
0.355789
0.180161
-0.0926514
-0.392609
-0.764099
-1.10681
-1.15399
-1.19308
-0.934662
-0.708435
-0.951248
0.220276
-0.178162
-0.562988
-0.881195
-0.288391
-0.23024
-0.0957031
-0.0751648
-0.0728302
-0.0532684
-0.0769806
-0.0431213
0.00694275
-0.0090332
0.0332336
-0.0228729
-0.0267334
-0.0256653
-0.00764465
-0.0149078
-0.0384064
-0.0321045
-0.0697632
-0.0836639
-0.0865936
-0.162292
-0.216461
-0.320633
-0.426193
-0.487579
-0.888474

[21]
-1.06354
-1.05914
-1.09225
-0.75206
-0.41893
0.5242
0.0942078
0.117386
0.704178
0.734726
0.731674
0.7173
0.658737
0.614136
0.561172
0.457504
0.24324
-0.116455
-0.345413
-0.854919
-1.11336
-1.16444
-1.20634
-1.08517
-0.77626
-0.633087
-0.363541
-0.521835
-0.60022
-0.534348
-0.305542
-0.189758
0.0560455
0.00558472
-0.0222931
-0.0347137
-0.0285492
-0.0331573
0.0194092
0.0372162
0.0133362
-0.0176239
-0.0263672
-0.00498962
-0.00949097
-0.0265656
-0.0661163
-0.0762634
-0.111832
-0.102463

[22]
-0.168213
-0.382477
-0.381683
-0.419678
-0.646301
-1.05338
-1.06793
-1.08298
-1.07239
-0.810349
-0.183731
0.926407
0.183731
0.180801
0.759735
0.779846
0.769821
0.763885
0.703354
0.597137
0.569107
0.41185
0.156113
-0.228409
-0.628342
-1.07333
-1.11858
-1.1626
-0.993286
-0.987396
-0.527344
-0.266083
-0.542725
-0.645996
-0.634048
-0.430008
-0.207565
-0.102722
-0.0671387
-0.0303192
-0.045105
-0.103378
0.00387573
0.00596619
0.0626221
0.0179596
-0.0135498
-0.0324554
-0.00505066
0.0260315

[23]
-0.00469971
-0.0512543
-0.0786133
-0.102097
-0.1064
-0.113937
-0.216476
-0.31073
-0.414536
-0.533463
-0.574142
-1.06113
-1.07436
-1.08995
-1.08919
-0.877151
-0.327759
0.905838
0.203049
0.283188
0.785614
0.744736
0.765533
0.753799
0.683395
0.60466
0.549042
0.448761
0.178329
-0.211319
-0.617081
-1.07481
-1.12494
-1.17058
-1.00819
-1.09579
-0.62117
0.0652924
-0.301529
-1.00882
-0.513077
-0.440186
-0.097702
0.0843658
-0.00944519
0.00653076
-0.0645142
0.0179443
-0.0233459
0.0227509

[24]
0.00332642
0.00154114
-0.0448151
-0.0183411
-0.0240631
-0.0340576
-0.0171967
-0.0832825
-0.0907135
-0.110779
-0.124802
-0.254349
-0.289871
-0.430069
-0.512131
-0.502411
-0.86377
-1.06911
-1.02718
-1.09854
-0.94278
-0.494827
0.70816
-0.0481567
0.322067
0.754456
0.801575
0.803787
0.784714
0.720627
0.637665
0.560211
0.465866
0.264236
-0.262894
-0.513428
-1.03978
-1.11928
-1.16476
-1.14104
-0.8181
-0.736847
-0.701736
-0.536575
-0.674988
-0.584824
-0.382568
-0.100571
-0.107574
0.0183868

[25]
-0.00820923
-0.00276184
-0.0763245
0.00511169
-0.00236511
0.042572
0.012085
-0.0413666
-0.0326996
-0.0269775
-0.0448151
-0.0230865
-0.0320892
-0.0898285
-0.122589
-0.147156
-0.193802
-0.297836
-0.376282
-0.492004
-0.510834
-0.843002
-1.06966
-1.06076
-1.1011
-1.04138
-0.465591
0.734329
0.0223694
0.188553
0.812424
0.828079
0.777313
0.788269
0.701477
0.632782
0.529175
0.424927
0.201492
-0.28299
-0.487671
-1.08987
-1.14461
-1.19463
-1.23091
-0.942017
-0.798279
-0.142563
-0.436844
-0.906799

[26]
-0.418655
-0.141266
-0.14859
0.0732422
-0.0292053
-0.0307007
-0.0844269
-0.0278931
-0.0470734
0.00517273
-0.00431824
-0.00834656
-0.0290985
-0.00367737
-0.00704956
-0.0251617
-0.0177002
-0.047348
-0.103989
-0.140213
-0.128784
-0.244324
-0.334183
-0.450867
-0.511261
-0.624039
-1.05254
-1.0654
-1.07982
-1.08244
-1.0305
-0.185242
0.825943
-0.055069
0.230453
0.915405
0.898788
0.84375
0.845261
0.745148
0.646774
0.52269
0.436478
0.1772
-0.234863
-0.736389
-1.10437
-1.16118
-1.209
-1.08473

[27]
-1.24677
-0.71199
-0.0756836
-0.362564
-0.948563
-0.261826
-0.302643
-0.0610809
-0.167999
-0.18187
-0.0215454
-0.0687256
-0.0216827
-0.024292
0.0315094
0.017746
-0.00511169
-0.019516
-0.022522
-0.00157166
-0.00648499
-0.046463
-0.088913
-0.0821991
-0.108429
-0.136932
-0.270477
-0.347488
-0.457031
-0.583298
-1.04718
-1.06084
-1.07686
-1.09369
-0.780273
-0.201843
0.926712
0.18129
0.223221
0.824814
0.787125
0.750641
0.764526
0.703537
0.647705
0.550949
0.423218
0.156677
-0.080307
-0.539032

