[1]
0.317154
-0.0469208
-0.100174
-0.183014
-0.152359
-0.0341187
-0.0224304
-0.0261841
-0.0814819
-0.0900726
-0.0397949
0.0714722
0.0968781
0.0302124
0.0376129
-0.0272827
0.019455
0.684082
1.07938
0.183151
0.115723
-0.532791
0.84906
0.231232
0.125641
0.208633
-0.212357
-0.0344543
-0.00827026
-0.0115967
0.0976562
0.0222778
-0.0298615
-0.110474
-0.0317688
0.0600891
0.0965881
0.0640106
-0.0322723
-0.0235901
0.03479
0.0373688
0.056366
0.0260162
0.0209198
0.0236206
0.0344086
0.0684357
0.0310822
0.0245361

[2]
0.0878906
0.0326233
-0.0512848
-0.134766
-0.212357
-0.286682
-0.505264
-0.0927734
0.134918
-0.296478
-0.439819
-0.442215
-0.298035
-0.334824
-0.0930786
-0.0948944
-0.127106
-0.139679
-0.121826
-0.0809174
-0.13028
-0.166183
-0.180344
-0.186752
-0.134415
-0.104889
-0.147339
-0.172638
-0.0890198
0.0641174
0.436142
0.983109
0.641434
0.147369
0.403152
0.424408
-0.152328
-0.308426
-0.162674
0.174057
0.0276337
0.0126953
0.175598
-0.0121613
-0.0822144
-0.157883
0.00895691
0.130341
0.0820923
-0.0112915

[3]
-0.0493011
0.0188293
0.0778046
0.0969086
0.0497589
0.026001
0.0119019
-0.00697327
0.0133057
0.0143127
0.0645752
0.0847473
0.056366
-0.0390625
-0.214722
-0.270157
-0.370956
-0.462494
0.118561
-0.0804443
-0.496216
-0.685669
-0.396515
-0.177979
-0.0253448
0.0088501
-0.0672607
-0.0915527
-0.0754852
-0.0290527
-0.0449677
-0.0534515
-0.0948792
-0.122192
-0.0354614
-0.106796
-0.172073
-0.159821
0.00724792
0.190674
0.509598
0.614731
0.494766
0.449921
0.164627
0.282745
0.552979
-0.0245209
0.0951691
-0.26683

[4]
0.0489655
0.112015
-0.00358582
0.203323
0.000732422
-0.107635
-0.0718842
0.0657349
0.109344
0.0454407
-0.0042572
0.0140839
0.0364838
0.0784454
0.0574493
0.0468445
0.0424194
0.0228119
0.0266418
0.115097
0.119324
0.0403595
-0.0260468
-0.0415497
0.0112915
-0.00634766
-0.0973358
-0.355728
-0.680054
-0.103241
0.138382
-0.330643
-0.643082
-0.376282
-0.120377
-0.067337
-0.0717926
-0.114395
-0.102417
-0.104019
-0.0471191
-0.0383911
-0.0812836
-0.0873108
-0.136505
0.00117493
-0.0155029
0.000411987
0.107391
0.174744

[5]
0.0874939
0.104416
0.853546
0.478516
0.341492
-0.308685
0.385529
0.430756
0.0963745
0.0346375
-0.154556
0.0713654
0.14093
-0.0190887
0.0737915
0.0409393
0.0107117
-0.0718689
-0.0737457
0.0171814
0.141983
0.0418243
0.0249176
0.037323
0.0862427
0.0438232
0.0385895
0.0536499
0.0523529
0.0654144
0.0158081
0.0257416
0.0649567
0.042923
0.0278931
-0.013504
-0.0402679
-0.0686188
-0.145172
-0.508087
-0.313858
0.135544
-0.250778
-0.511414
-0.555664
-0.365463
-0.290985
-0.114471
-0.0399933
-0.0803375

[6]
-0.0742798
-0.00585938
-0.0261688
-0.0103455
-0.0550079
-0.0844116
-0.0335541
0.0248108
-0.015274
-0.12735
-0.159592
-0.0918579
0.0400543
0.473038
0.801651
0.513885
0.111923
0.0440063
0.685593
-0.214096
-0.034256
-0.149918
-0.0120697
0.0377502
0.0964966
0.191666
0.0135803
-0.102631
-0.105377
0.0984955
0.154755
0.0290222
-0.0236664
0.0205078
0.0560303
0.0639648
0.0396271
0.0274963
0.0166168
0.0782013
0.0496216
0.0654144
0.0396271
-0.00564575
-0.00561523
0.0279694
-0.0712433
-0.165985
-0.183777
-0.41124

[7]
-0.613861
0.0579071
-0.458298
-0.407043
-0.537018
-0.361267
-0.162476
-0.0791321
-0.0111084
-0.0321503
-0.0254364
0.0233765
0.0624542
0.0247192
0.000152588
0.0106354
0.0775757
0.146042
0.0954132
0.0191498
0.112366
0.330231
0.510788
0.64978
0.665466
0.502563
0.101303
0.471405
0.267029
-0.24115
0.0228577
-0.00723267
0.0497437
0.065094
0.0581207
0.0363159
-0.00535583
-0.160828
-0.119522
0.0581512
0.103851
0.0523376
-0.0010376
0.0202942
0.0457764
0.0712891
0.0615997
0.0312042
0.039978
0.0693207

[8]
0.0850525
0.0883179
0.0328827
-0.0344543
-0.0174408
-0.0220337
-0.0216522
0.00733948
-0.495346
-0.731461
-0.132919
-0.161758
-0.427658
-0.545624
-0.399582
-0.330215
-0.201263
0.00196838
-0.00531006
-0.0740509
-0.0799713
-0.0529175
-0.0215759
-0.0328369
-0.0159149
-0.0339203
-0.0249939
-0.140076
-0.210983
-0.114685
0.102631
0.163269
0.533798
0.840439
0.569336
0.23381
-0.245285
0.905762
-0.0543671
0.122849
0.0762939
0.0311584
0.00102234
-0.0418549
0.076004
0.0887299
-0.0357361
-0.168625
-0.0584106
0.0743713

[9]
0.0971222
0.0283813
0.006073
0.0454102
0.0720978
0.0547333
0.0376434
0.0494843
0.0656128
0.0612946
-0.0150604
0.00794983
0.00119019
0.15593
-0.0112305
-0.110367
-0.149261
-0.0651855
-0.0687561
-0.196442
-0.53186
0.0187836
-0.280533
-0.322449
-0.524796
-0.342529
-0.201523
-0.298798
-0.0879517
-0.0536194
-0.0944672
-0.0992432
-0.093277
-0.0751343
-0.0690918
-0.0942383
-0.0744324
0.00300598
0.0176697
-0.0418243
0.0329132
0.100922
0.092041
0.364548
0.474762
0.552063
0.414886
0.0935059
0.477844
0.0118866

[10]
-0.0475006
0.0365143
0.0106201
0.00218201
-0.0479279
0.0700378
0.0216064
-0.111694
-0.138229
0.01297
0.108597
0.0866241
0.0102386
0.0127106
0.0492554
0.0713654
0.0494843
0.0500031
0.0180359
0.0389862
0.0314484
0.0341339
0.0480499
0.028717
-0.100266
-0.00428772
0.0159454
-0.0695343
-0.125427
-0.258133
-0.330582
-0.150177
0.165375
-0.345764
-0.541031
-0.497009
-0.26091
-0.188721
-0.132263
-0.0461273
-0.0791473
-0.0950623
-0.0714417
-0.136734
-0.185135
-0.241028
-0.0534821
0.027832
-0.0664978
-0.0638428

[11]
-0.0879364
-0.0631104
-0.160492
-0.0694275
0.257294
0.487335
0.397125
0.774643
0.803268
0.586975
0.192291
-0.0174408
-0.204071
-0.358231
-0.00263977
0.122452
0.189636
0.157486
-0.0903015
-0.205078
0.00265503
0.158463
0.0708771
0.0273285
0.00985718
0.0179443
0.0447235
0.0722351
0.0434875
0.05336
0.0348053
0.0498962
0.011322
0.025528
0.0745544
0.0810242
0.0497131
0.0121155
-0.0958862
-0.194275
-0.186508
-0.252167
-0.384369
0.095932
-0.250931
-0.34642
-0.611969
-0.437363
-0.170776
-0.221329

[12]
-0.123642
-0.0878143
-0.0599518
-0.0749359
-0.0822601
-0.0895996
-0.142654
-0.0565338
0.0839539
0.0688019
-0.0151672
-0.107498
-0.0675049
0.0288696
0.130569
0.466858
0.69014
0.416397
0.497803
0.381958
-0.0488586
0.561096
-0.147034
0.0707245
-0.0177307
0.136093
0.0268097
0.0347595
0.135971
-0.0105133
-0.159775
-0.0435486
0.0661469
0.122421
0.0174408
-0.0601044
-0.0166321
0.0248566
0.0616455
0.061142
0.0698242
0.0491791
0.0357971
0.0170593
0.0350952
0.052536
0.0943756
0.104507
0.0372314
0.032608

[13]
-0.0461731
-0.191986
-0.271576
-0.426727
-0.527969
0.144928
-0.103165
-0.273514
-0.636337
-0.472946
-0.158279
0.00848389
-0.0055542
-0.0723572
-0.164291
-0.118744
-0.0375977
0.0101013
-0.0631714
-0.108871
-0.128433
-0.0450439
0.012619
-0.0055542
-0.0465851
0.103165
0.163177
0.235291
0.323807
0.335815
0.47673
0.733688
0.0123901
0.201843
-0.119308
-0.159851
0.036377
0.104431
0.114151
0.000366211
0.0719147
-0.216797
-0.117737
0.0895996
0.131241
0.0506439
0.00418091
0.00497437
0.0240173
0.0415344

[14]
0.0363007
0.0427856
0.0836182
0.0871582
0.0582275
0.0309143
0.0101013
-0.00306702
0.0583649
-0.0442963
-0.164658
-0.156693
-0.265976
-0.552673
-0.0531464
0.0136108
-0.483414
-0.644165
-0.42601
-0.178375
-0.0637054
-0.0792542
-0.115417
-0.0984802
-0.0677643
-0.00431824
-0.0584717
-0.056076
-0.0816345
-0.0182648
0.00695801
-0.0932312
-0.144119
-0.101883
0.0140686
0.175751
0.514648
0.543182
0.632889
0.393692
0.0746002
0.151428
0.24498
-0.0367432
0.29599
-0.0747833
-0.0985107
-0.0147552
0.107971
0.0752716

[15]
-0.157532
-0.0970764
0.0297852
0.107971
0.0452271
0.00752258
0.0318756
0.0240326
0.0457001
0.0748749
0.0782928
0.0289154
0.0574036
0.0308075
0.0258636
0.0639496
0.0699005
0.0943909
0.0433197
-0.0913544
-0.247284
-0.326706
-0.451874
-0.51091
0.0343781
-0.263519
-0.384338
-0.5327
-0.233688
-0.225876
-0.0848389
-0.0659943
-0.071579
-0.0501404
-0.0641785
-0.0412598
-0.0402832
-0.050827
-0.0368195
0.0306396
0.0308685
-0.143311
-0.282837
-0.287399
-0.283005
-0.0206299
0.571274
0.650925
0.459045
0.446198

[16]
0.430878
0.375595
-0.191635
0.199295
-0.014328
0.0305176
-0.0323334
0.0498657
0.0353241
-0.0569153
-0.191742
-0.0404968
0.0882416
0.0950317
0.00288391
-0.0130463
0.0279999
0.042923
0.0509644
0.0315094
0.0683594
0.037323
0.0237732
0.0444794
0.0785522
0.0812225
0.0339355
-0.0957489
-0.228943
-0.2108
-0.337234
-0.37619
-0.0205536
-0.116562
-0.259583
-0.665375
-0.33287
-0.48616
-0.185013
0.0428925
0.0246277
-0.0511017
-0.0142822
-0.0286865
0.00502014
-0.0638275
-0.00117493
0.0510406
0.12001
0.188873

[17]
0.113007
-0.0318756
-0.083786
0.224655
0.761719
0.674713
0.338989
-0.220428
0.281479
0.62912
-0.0385895
-0.049469
-0.154495
0.127701
0.0840149
-0.00437927
0.103165
-0.0387115
0.010498
-0.149384
-0.00314331
0.124146
0.0757751
0.00584412
-0.0325775
0.0241852
0.057724
0.0529938
0.00366211
0.01651
0.029953
0.0356445
0.0349121
0.0677338
0.0424957
-0.00563049
0.0146484
-0.076416
-0.0522614
-0.384506
-0.575287
-0.23172
0.159988
-0.374161
-0.541214
-0.636185
-0.0818787
-0.416458
-0.0517883
0.0390472

[18]
-0.134338
-0.148895
-0.112579
-0.0786896
-0.0345612
-0.0489807
0.0428925
0.156036
0.163803
0.11586
-0.232269
-0.11702
-0.0575867
0.687103
1.15031
-0.329361
-0.203369
-0.044342
0.47113
0.513702
-0.173233
0.175812
0.0196075
0.118866
-0.147537
-0.0388641
0.112946
0.0926819
-0.177765
-0.0526428
0.0754089
0.0715179
0.0124359
-0.029541
-0.00694275
0.0454254
0.0640564
0.0337982
0.0209808
0.0384064
0.0632019
0.0702057
0.0700226
0.039917
0.00875854
-0.0100098
-0.0870361
-0.18782
-0.389175
-0.688065

[19]
-0.0118713
0.0561218
-0.291733
-0.603043
-0.407852
-0.184036
-0.198929
-0.108261
-0.124207
-0.133759
-0.0957184
-0.0996094
-0.0700684
-0.0670624
-0.114655
-0.117462
-0.0424805
-0.0268555
-0.0916595
-0.0237732
-0.00135803
0.190506
0.64296
0.888992
0.437744
-0.101807
0.215469
0.697784
-0.453873
0.164566
0.0983734
0.0841522
-0.0760956
-0.0100861
0.0704956
0.0501404
-0.153442
-0.102661
0.035553
0.0828857
0.0288086
-0.0126495
-0.00158691
0.0335388
0.0308685
0.0436401
0.038208
0.0377045
0.0626221
0.0565491

[20]
0.069519
0.111923
0.0433044
-0.00497437
-0.0457153
-0.0935364
-0.211304
-0.574844
-0.41217
0.000900269
-0.129623
-0.558029
-0.831314
-0.366211
-0.224045
-0.0441437
0.00808716
-0.0743561
-0.137024
-0.0917358
-0.0252686
-0.0466461
-0.107712
-0.142853
-0.111481
-0.0697784
-0.0756226
-0.155045
-0.152618
0.0150757
0.127243
0.480972
0.354996
0.485489
0.448074
0.385574
-0.0256195
-0.392517
-0.147964
-0.02388
0.109695
0.131271
0.131561
0.0243225
-0.0605774
-0.12384
-0.141113
0.100449
0.19986
0.0449219

[21]
-0.0431671
-0.00265503
0.0590515
0.0713196
0.0259705
0.0149384
0.0110931
0.041687
0.0602417
0.093399
0.0722961
0.000534058
-0.0787964
-0.127625
-0.0795288
-0.312195
-0.786469
-0.050705
-0.125259
-0.404724
-0.587448
-0.431046
-0.217972
-0.159241
-0.0457611
-0.0781403
-0.0574646
-0.0346985
0.010498
0.00547791
-0.00779724
-0.0326996
0.0127258
0.122421
-0.0621948
-0.198929
-0.17984
-0.170227
-0.00561523
0.594513
0.795715
0.542313
-0.0166473
0.0697174
0.859619
-0.202713
0.205978
0.0331421
0.104736
-0.126434

[22]
0.0292816
0.0621338
-0.0401001
-0.111679
-0.0189514
0.0632629
0.0430145
-0.00604248
-0.000930786
0.0326996
0.0840759
0.0802155
0.0981598
0.0337524
0.0316162
0.0574646
0.0321808
0.0405884
0.0968018
0.0499268
-0.0561676
-0.0585785
-0.119415
-0.266479
-0.56337
-0.496429
0.219849
-0.193542
-0.516373
-0.599899
-0.460144
-0.127319
-0.0490723
-0.0682831
-0.127304
-0.0942688
-0.0539551
-0.0167236
-0.0787506
-0.148941
-0.122543
-0.13765
-0.0713959
-0.0229034
-0.156006
-0.169525
-0.0445709
0.0743866
0.588211
1.21158

[23]
0.618652
0.375427
-0.320572
0.578842
0.454651
-0.0592499
0.0201874
0.0540619
0.103638
0.0309753
0.0392761
-0.000640869
0.0583649
0.00883484
-0.0982971
-0.0455322
0.0418549
0.0760498
0.0529938
0.0537415
0.0486908
-0.00938416
0.0384064
0.039566
0.0616913
0.0193481
0.02034
0.0217743
0.0800018
0.12175
-0.0127258
-0.201416
-0.225189
-0.457184
-0.551559
0.00138855
-0.315659
-0.496414
-0.538864
-0.427383
-0.13945
-0.0398865
-0.0796661
-0.0546417
0.0196075
0.0171814
-0.0441895
-0.118225
-0.0647736
-0.0182648

[24]
-0.0394135
0.0908508
0.0561829
-0.0453491
0.0643921
0.024704
0.104584
0.515411
0.609467
0.330231
0.305634
0.443893
0.518341
-0.199402
0.071701
-0.0735931
0.044754
0.00802612
0.074295
0.135361
0.0313568
-0.132599
-0.125244
0.0357208
0.10112
0.0378571
-0.00247192
0.0147705
0.075943
0.0682678
0.0584259
0.045578
0.0204926
0.00747681
0.04216
0.0411835
0.0953369
0.0207672
0.0202942
-0.00146484
-0.145996
-0.205063
-0.377609
-0.678726
0.13353
-0.226974
-0.36174
-0.730972
-0.405228
-0.268295

[25]
-0.115112
-0.076416
-0.122665
-0.123672
-0.08284
-0.0605774
-0.0678558
-0.104095
-0.0882263
0.00169373
0.12616
0.0576782
0.133774
0.252075
0.264954
0.237656
0.595642
0.848022
0.588821
0.431641
-0.0721893
0.521439
0.094162
0.0705719
-0.0311279
0.133652
0.109787
-0.0434875
0.108658
-0.000427246
-0.0335236
-0.0120239
0.000427246
0.105927
0.0365448
-0.0020752
0.0217285
0.066864
0.0953827
0.0635986
0.00292969
0.0382385
0.0420227
0.0681915
0.0758057
0.0820465
0.0331116
0.012146
0.0519867
0.00460815

[26]
-0.0956268
-0.384186
-0.380737
-0.0913391
-0.0127716
-0.28479
-0.60408
-0.686127
-0.284714
-0.134338
-0.0529938
-0.111923
-0.220001
-0.178787
-0.104004
-0.0830688
-0.107544
-0.144836
-0.110352
-0.0335083
-0.0298615
-0.166061
-0.154358
-0.0545959
-0.167572
0.204376
0.593475
0.256073
-0.0995178
0.531967
0.328827
0.273773
-0.135269
-0.00340271
-0.0426483
-0.0408936
-0.0653839
0.0474854
0.020752
-0.0050354
-0.0774384
0.0222321
0.0768433
0.0675507
0.0468445
0.0351257
0.0269928
0.00704956
0.0326691
0.0542908

[27]
0.0136871
0.0808563
0.0548706
0.0613098
0.0209351
0.0093689
0.000762939
-0.0867767
-0.163498
-0.396759
-0.649506
-0.0406494
-0.23967
-0.289963
-0.710312
-0.386673
-0.136627
-0.0146332
0.00114441
-0.0719299
-0.0664825
0.00791931
-0.0160522
-0.0229492
-0.0664978
-0.0072937
0.0181427
0.180054
0.22226
0.0843658
0.00115967
0.0168304
0.0729828
0.88176
0.243484
0.317245
-0.158829
0.563843
0.260712
-0.435974
-0.0266418
0.149796
0.0636292
-0.0300751
0.0413055
0.00595093
-0.0951385
-0.0484314
0.116974
0.107025

[28]
0.0343628
0.00691223
0.0298462
0.0456238
0.0503845
0.0496368
0.05336
0.0617371
0.070694
0.0397797
-0.0474548
0.00265503
0.0692596
0.0424805
-0.0705566
-0.191025
-0.22641
-0.423416
-0.461487
0.102356
-0.417007
-0.410568
-0.68306
-0.374527
-0.0715332
-0.0163116
-0.0158539
-0.0580292
-0.112289
-0.02565
0.00323486
-0.0181274
-0.0870209
-0.0690002
-0.0159912
0.0344696
-0.0191956
-0.100006
-0.0472412
-0.0538025
0.12706
0.507233
0.602509
0.441467
0.245697
0.374893
0.433258
-0.400299
0.0875092
0.203659

[29]
0.106201
0.0339966
-0.0300751
0.00569153
-0.00335693
-0.157654
0.0505524
0.0689392
0.0253448
-0.0276642
-0.00450134
0.0240021
0.0511322
0.0395203
0.0282135
0.0455475
0.0558929
0.0688324
0.0841064
0.0266266
-0.0366516
-0.0107727
0.0517426
0.0271454
-0.102966
-0.335754
-0.490509
-0.308914
-0.0983276
-0.335571
-0.485733
-0.490799
-0.243774
-0.296921
-0.0961304
-0.0351715
-0.0760498
-0.0878296
-0.0773468
-0.032608
-0.0751495
-0.0748444
-0.0614471
0.0376129
0.0578003
-0.0235443
-0.031723
0.0659027
0.160477
0.266495

[30]
0.691544
0.685852
0.597778
-0.179993
0.596649
-0.324234
0.0544281
0.0289917
0.150391
0.105743
0.0553436
0.0189209
-0.0683289
-0.0524292
-0.116806
-0.0410614
0.0785828
0.128036
-0.0221252
-0.0065918
0.0420837
0.0547791
0.0211182
0.0404816
-0.0156555
0.047226
0.0037384
0.0257568
0.00892639
0.0901184
0.0788574
-0.193665
-0.255859
-0.391235
-0.853027
-0.226791
-0.0561981
-0.262589
-0.609619
-0.447006
-0.278961
0.155884
0.14534
-0.0917511
-0.202484
-0.0704498
-0.00952148
-0.122284
-0.193344
-0.205093

[31]
-0.164764
-0.135345
-0.134155
-0.139877
-0.0845947
0.111984
0.259186
0.490845
0.718658
0.559952
0.546341
0.39006
0.417786
-0.0683441
-0.214157
-0.109009
0.308945
0.045639
0.0655518
0.148453
-0.106735
-0.0956726
-0.170502
-0.0264435
0.183411
0.117325
-0.0305023
-0.0533752
0.064209
0.0540161
0.0503693
-0.000793457
0.0218658
0.0855865
-0.00566101
-0.026825
-0.0421448
0.075058
0.117386
-0.0848694
-0.247116
-0.304489
-0.527176
-0.597366
-0.00610352
-0.392899
-0.505173
-0.535568
-0.164993
-0.0547028

