[1]
0.57135
0.695663
0.786392
0.847565
0.802094
0.697174
0.614532
0.544571
0.497635
0.294037
0.00167847
-0.315781
-0.662369
-1.0937
-1.14056
-1.18605
-1.03702
-0.854431
-0.718216
-0.546082
-0.338058
-0.0502625
-0.516525
-0.622894
-0.732864
-0.187576
-0.110046
-0.175537
-0.0194702
-0.0564575
-0.149887
-0.0796204
-0.0484009
-0.0410767
-0.0306244
-0.0438843
-0.024353
0.00163269
0.010437
-0.00318909
-0.00938416
-0.0222778
-0.04245
-0.0612946
-0.0332336
-0.00938416
-0.0302582
-0.0761566
-0.106949
-0.138763

[2]
-0.203583
-0.232437
-0.298004
-0.427078
-0.703384
-0.998001
-1.06412
-0.973557
-0.767426
-0.384903
-0.266022
0.183441
0.442703
0.352493
0.596512
0.628418
0.682297
0.676193
0.635666
0.579605
0.526154
0.488434
0.291306
0.0279388
-0.313187
-0.691727
-1.07773
-1.1216
-1.16373
-0.995605
-1.02248
-0.665253
-0.52652
-0.212189
-0.190445
-0.659775
-0.359543
-0.0822144
-0.334991
-0.12178
-0.0576019
-0.108276
-0.104843
-0.0600739
-0.00337219
-0.0263977
-0.0125427
-0.0130768
-0.0243988
0.00050354

[3]
0.015274
-0.0174103
-0.0259552
-0.0599823
-0.0617523
-0.0244751
-0.0253754
-0.0559692
-0.0979309
-0.126465
-0.211823
-0.223343
-0.271103
-0.300934
-0.545517
-0.840805
-1.06839
-0.998123
-0.977631
-0.570023
-0.491333
0.046814
0.681091
0.165115
0.611588
0.647461
0.68103
0.692612
0.651459
0.594986
0.552185
0.479477
0.277313
0.0364227
-0.230347
-0.580673
-1.02013
-1.0862
-1.12215
-0.973007
-0.819443
-0.564178
-0.48053
-0.572006
-0.00312805
-0.208466
-0.491394
-0.71196
-0.303238
-0.301468

[4]
-0.157166
-0.106766
0.0517883
-0.107697
-0.0443573
0.00166321
0.00352478
-0.0209351
-0.00852966
-0.0312958
0.00318909
-0.00622559
-0.0475616
-0.0465698
-0.0258484
-0.0406036
-0.0438995
-0.0621338
-0.0558014
-0.110886
-0.139008
-0.206741
-0.197296
-0.214828
-0.262909
-0.375137
-0.622955
-1.01791
-1.08568
-1.04427
-0.936111
-0.605942
-0.308746
0.640488
0.183868
0.503326
0.803787
0.711899
0.717697
0.672791
0.583572
0.508774
0.456314
0.30043
-0.0147705
-0.289764
-0.659607
-1.00333
-1.09415
-1.13414

[5]
-1.07185
-0.869583
-0.643845
-0.384979
-0.47084
0.059906
-0.185532
-0.521423
-0.68663
-0.19902
-0.258926
-0.100357
-0.125336
-0.00276184
-0.0405884
-0.0944519
-0.0760803
-0.00138855
-0.0188446
-0.0405884
-0.0461426
-0.0317841
-0.00848389
-0.00700378
-0.0310211
-0.024231
-0.0351105
-0.0339966
-0.0356903
-0.0614777
-0.0914459
-0.102737
-0.210968
-0.223114
-0.225861
-0.264023
-0.315948
-0.476898
-0.966614
-1.07446
-0.833008
-1.00151
-0.480164
-0.379639
0.253174
0.51239
0.36676
0.650055
0.632935
0.682999

[6]
0.635315
0.571365
0.483902
0.411255
0.3237
0.0964966
-0.158264
-0.417084
-0.728195
-1.0703
-1.10728
-0.965164
-0.919083
-0.862671
-0.566101
-0.505447
-0.484161
-0.177612
-0.777267
-0.350586
-0.110733
-0.15773
-0.157959
-0.0457764
-0.0103912
-0.0944061
-0.0402069
-0.0335846
-0.0210266
-0.0324707
-0.068161
-0.00753784
0.0158081
-0.00907898
-0.0145569
-0.0357056
-0.0182648
-0.0257874
-0.0279083
-0.0465851
-0.0759277
-0.107483
-0.12027
-0.176544
-0.248352
-0.242676
-0.315216
-0.518021
-0.857941
-1.07184

[7]
-1.00543
-0.901291
-0.537308
-0.375427
0.0776215
0.495941
0.248917
0.563904
0.633041
0.675705
0.645935
0.577927
0.519012
0.453079
0.340454
0.0695038
-0.195923
-0.426254
-0.716248
-1.07707
-1.11252
-1.09528
-0.945053
-0.750595
-0.630585
-0.510101
-0.235794
-0.423279
-0.541901
-0.41507
-0.19722
-0.0225372
-0.0427399
0.0563202
-0.0820007
-0.0944977
-0.00439453
-0.00735474
-0.00712585
-0.033371
-0.0535736
-0.0497131
-0.00352478
-0.0157318
-0.0135651
0.00245667
0.0078125
-0.0239258
-0.0756531
-0.100235

[8]
-0.10495
-0.150375
-0.131851
-0.208191
-0.266022
-0.341431
-0.478561
-0.865677
-1.0685
-0.95929
-1.01221
-0.71904
-0.456207
-0.0908203
0.614624
0.177933
0.737488
0.608154
0.646164
0.646408
0.603378
0.548752
0.482101
0.330231
0.163025
-0.039093
-0.293762
-0.576401
-0.961166
-1.09096
-1.11684
-1.05237
-0.774612
-0.722748
-0.472412
-0.373108
-0.205246
-0.516235
-0.589401
-0.366776
-0.138214
-0.132095
0.0416412
-0.0189972
-0.0833588
-0.0901031
-0.0312958
-0.003479
-0.011734
-0.0173492

[9]
-0.0391846
-0.0148926
0.0102081
-0.00480652
-0.0213165
-0.0127869
-0.0344849
-0.0317078
0.00894165
-0.0546722
-0.10733
-0.119003
-0.172897
-0.229263
-0.196152
-0.298248
-0.418549
-0.581329
-0.75441
-0.972916
-0.989304
-0.770004
-0.556915
-0.468491
-0.14418
0.643433
0.083252
0.548569
0.600418
0.60054
0.61586
0.598846
0.559067
0.523468
0.422745
0.210648
-0.0220184
-0.298401
-0.626251
-0.987823
-1.09032
-1.1266
-1.03552
-0.800735
-0.630981
-0.425323
-0.413132
-0.327393
-0.582474
-0.456879

[10]
-0.384048
-0.0498505
-0.0809937
-0.0193939
-0.0130005
-0.100204
-0.102264
-0.0102844
-0.0238037
-0.0225677
-0.0292511
-0.0259094
0.00778198
0.0179901
-0.00804138
-0.00158691
0.011795
-0.00558472
-0.0549927
-0.0286407
-0.0776978
-0.121048
-0.161606
-0.217514
-0.19693
-0.221802
-0.284943
-0.385834
-0.558395
-0.885071
-1.03825
-0.816528
-0.878235
-0.516235
-0.28183
0.211884
0.351746
0.398514
0.747513
0.645401
0.683044
0.631546
0.547913
0.544449
0.453629
0.240845
0.0514221
-0.228546
-0.484558
-0.695602

[11]
-0.891846
-0.882797
-0.790482
-0.736252
-0.576004
-0.44754
-0.425903
-0.417999
-0.458893
-0.167892
-0.530746
-0.599457
-0.261093
-0.180283
-0.0528107
-0.0283661
-0.148773
-0.130768
0.00794983
0.000518799
-0.0196228
-0.0468903
-0.0471039
-0.0146179
-0.000183105
0.0112305
-0.0101624
-0.0300751
-0.0301971
-0.0499268
-0.0160217
-0.0282593
-0.092926
-0.0951538
-0.1436
-0.151047
-0.196915
-0.221329
-0.27034
-0.434998
-0.600357
-0.933304
-1.03024
-0.781784
-0.741882
-0.475266
-0.177475
0.569122
0.131226
0.601868

[12]
0.624771
0.672318
0.651642
0.600464
0.591629
0.521317
0.386002
0.127319
-0.0751801
-0.369675
-0.653732
-0.860016
-1.0025
-0.995712
-0.92186
-0.729126
-0.511673
-0.481903
-0.334015
-0.364548
-0.144638
-0.696243
-0.4375
-0.413956
-0.0887451
-0.0435638
-0.0436554
-0.0275726
-0.10939
-0.0305176
-0.0105133
-0.024231
-0.0282288
-0.0363312
-0.0191345
0.0147552
0.0210114
0.00866699
-0.0122528
-0.0370178
-0.0460358
-0.0318604
-0.0304871
-0.0815125
-0.117523
-0.118668
-0.17569
-0.192566
-0.172363
-0.171677

[13]
-0.270554
-0.394531
-0.624496
-0.939804
-0.927536
-0.821869
-0.648544
-0.354462
-0.123627
0.438232
0.273392
0.393158
0.50798
0.554092
0.599579
0.549896
0.491882
0.475327
0.457886
0.300018
0.103806
-0.12616
-0.396774
-0.658646
-0.910477
-1.09326
-1.12274
-0.899521
-0.599152
-0.54007
-0.327866
-0.343109
-0.139389
-0.329025
-0.263229
-0.643936
0.0426025
-0.191788
-0.0276642
-0.0859985
-0.072464
0.01091
-0.017807
-0.0263824
-0.0418701
-0.0242767
0.0193176
0.00292969
0.00921631
-0.00802612

[14]
-0.00941467
-0.0511017
-0.0534363
-0.0735321
-0.09375
-0.107544
-0.145569
-0.198715
-0.264175
-0.285492
-0.397995
-0.59639
-0.964798
-1.0764
-0.844223
-0.921219
-0.536789
-0.264679
0.551437
0.220154
0.460693
0.778214
0.689255
0.667694
0.615799
0.5215
0.479736
0.337784
0.0814819
-0.174271
-0.384323
-0.624313
-0.853256
-0.977295
-0.937485
-0.915329
-0.75589
-0.556274
-0.477173
-0.453171
-0.521332
-0.262863
-0.82045
-0.540283
-0.0246124
-0.165512
0.0396271
0.0540771
-0.0806427
-0.0585022

[15]
-0.0267944
-0.014679
-0.0275879
-0.0651245
-0.0594788
-0.0208435
-0.0289764
-0.0184021
-0.0238495
-0.00790405
-0.0111389
-0.0320435
-0.0520172
-0.0749817
-0.0883942
-0.0864868
-0.153717
-0.213928
-0.221512
-0.361115
-0.53923
-0.845123
-1.07411
-1.02232
-1.00897
-0.630722
-0.374588
0.0950775
0.409714
0.341721
0.704941
0.695282
0.713791
0.668655
0.623901
0.542709
0.462631
0.321594
0.0676117
-0.205795
-0.471375
-0.885437
-1.07889
-1.11546
-0.939163
-0.855362
-0.73674
-0.477463
-0.49295
-0.601196

[16]
-0.244919
-0.750977
-0.467621
-0.173248
-0.0246429
-0.056076
0.013916
-0.123138
-0.0984497
0.0315857
-0.0304718
0.00740051
-0.0387726
-0.0614166
-0.0310364
-0.0119171
-0.0121613
-0.00645447
-0.0294952
-0.0380402
-0.0422058
-0.0384827
-0.0671234
-0.129883
-0.204773
-0.240067
-0.280624
-0.310532
-0.453949
-0.784714
-1.06316
-1.0766
-0.988358
-0.644455
-0.366348
-0.0965118
0.685074
0.314316
0.630646
0.695969
0.652115
0.644363
0.579025
0.529251
0.45134
0.307175
0.0670624
-0.0818329
-0.321777
-0.600189

[17]
-0.984589
-1.12248
-1.16225
-1.11264
-0.783417
-0.522614
-0.481491
-0.115448
-0.109131
-0.469223
-0.626221
-0.33786
-0.265732
-0.196823
-0.174179
0.0359497
-0.0775299
-0.081192
-0.00234985
0.0105438
0.0223541
-0.0236816
-0.0101624
-0.00718689
-0.0155945
-0.0105743
-0.0184937
-0.0292206
-0.0530548
-0.0406799
-0.0465698
-0.0804138
-0.0695801
-0.134201
-0.194107
-0.245728
-0.26619
-0.344727
-0.573669
-0.909134
-1.06532
-0.813049
-0.920731
-0.430176
-0.370911
0.289169
0.40654
0.56813
0.622208
0.621994

[18]
0.674225
0.613235
0.57782
0.522369
0.395126
0.168701
-0.056366
-0.372147
-0.706619
-0.947754
-1.1097
-1.15274
-1.17943
-0.994385
-0.645569
-0.54039
-0.215179
0.0208435
-0.359558
-0.755386
-0.534958
-0.238068
-0.20166
-0.108887
0.103622
-0.0961761
-0.139755
-0.0421448
-0.0137787
-0.00489807
0.00468445
-0.0269012
0.0253448
0.00315857
0.00215149
-0.0141449
-0.0198669
-0.0468445
-0.0648041
-0.0760956
-0.111877
-0.101944
-0.17421
-0.199112
-0.269699
-0.313629
-0.407974
-0.668976
-0.995193
-1.06334

[19]
-0.919022
-0.896744
-0.50174
-0.167496
0.470749
0.16748
0.497375
0.661285
0.625671
0.641403
0.622009
0.584457
0.52002
0.423492
0.232071
-0.0411835
-0.287979
-0.56514
-1.05453
-1.11626
-1.15945
-1.15335
-0.871765
-0.692673
-0.492462
-0.429184
-0.207108
-0.839615
-0.414688
-0.479813
-0.0757446
-0.143936
0.00730896
-0.0107422
-0.13028
-0.00494385
-0.0462799
0.0325928
0.00656128
-0.0345612
-0.0307922
-0.0142365
0.0032959
-0.00389099
0.00131226
-0.0310974
-0.0557404
-0.0495758
-0.0669098
-0.088623

[20]
-0.121124
-0.190674
-0.246796
-0.306412
-0.364517
-0.439606
-0.884293
-1.05682
-1.03419
-1.02541
-0.565811
-0.339096
0.25351
0.574387
0.291595
0.669769
0.662323
0.685745
0.663498
0.598526
0.51767
0.429703
0.319885
0.0694275
-0.202576
-0.490204
-0.850189
-1.09291
-1.13193
-1.16319
-0.781403
-0.535172
-0.563293
-0.481827
-0.26059
-0.367355
-0.517578
-0.118744
-0.23494
0.00465393
-0.239502
-0.141357
-0.0999146
-0.0381775
-0.00616455
0.00328064
0.000823975
-0.0349884
-0.061142
-0.0163422

[21]
0.0240173
-0.00579834
-0.0291748
-0.0332642
-0.0563507
-0.0418243
-0.0510712
-0.105545
-0.126465
-0.203583
-0.211517
-0.256287
-0.32663
-0.470093
-0.762665
-1.06209
-1.0737
-0.9543
-0.663971
-0.485489
-0.0907898
0.830444
0.236191
0.687775
0.708527
0.717087
0.71962
0.656189
0.597168
0.534317
0.409317
0.14505
-0.198822
-0.414627
-0.787506
-1.07812
-1.11584
-1.05161
-0.90213
-0.728394
-0.691132
-0.389923
-0.448166
-0.177963
-0.929184
-0.340515
-0.23172
-0.188828
-0.115707
0.0548553

[22]
-0.0443878
-0.079895
-0.0324249
-0.00247192
0.00112915
-0.0261078
-0.0285187
0.000900269
0.00895691
0.00662231
-0.0406952
-0.0301819
-0.0294037
-0.0462799
-0.014328
-0.0416107
-0.106964
-0.131561
-0.187988
-0.224976
-0.268906
-0.377655
-0.473251
-0.883606
-1.05649
-1.02133
-0.968948
-0.60614
-0.406021
-0.00354004
0.563416
0.269943
0.722183
0.673248
0.75885
0.739273
0.665482
0.598984
0.55481
0.489883
0.290756
0.0262451
-0.270416
-0.592026
-1.04228
-1.10606
-1.14758
-1.03218
-0.94545
-0.735641

[23]
-0.4944
-0.434296
0.115845
-0.294159
-0.75647
-0.688446
-0.262268
-0.139191
0.0209808
-0.10997
-0.0729828
-0.0290222
-0.0423737
-0.0149078
0.0505524
0.0275116
-0.00390625
-0.0291595
-0.0357971
-0.0630951
-0.0355835
-0.0457001
-0.0537109
-0.0749817
-0.0633545
-0.0723114
-0.134995
-0.18251
-0.248596
-0.286438
-0.337357
-0.492157
-0.820541
-1.06151
-0.91008
-0.891907
-0.546082
-0.312729
0.145859
0.513794
0.398712
0.610123
0.742111
0.726685
0.653366
0.566986
0.48262
0.478287
0.344391
0.0578461

[24]
-0.172394
-0.452652
-0.844635
-1.09372
-1.13164
-1.04469
-0.75795
-0.56723
-0.540985
-0.378128
-0.474213
-0.193771
-0.755432
-0.368774
-0.244308
-0.125443
-0.101074
0.00198364
-0.0419159
-0.0930939
-0.0494385
0.00311279
0.00949097
-0.0181885
-0.0386963
-0.0343323
0.00552368
-0.0109558
-0.0277405
-0.0394745
-0.0414734
-0.0365906
-0.0433807
-0.0535278
-0.0933075
-0.131622
-0.228622
-0.236557
-0.299118
-0.325226
-0.460037
-0.747253
-1.06319
-0.964294
-1.05423
-0.735077
-0.407928
-0.0194397
0.784683
0.285446

[25]
0.77449
0.715927
0.746902
0.700912
0.610336
0.550629
0.49733
0.400986
0.139374
-0.157272
-0.444702
-0.826355
-1.08617
-1.12335
-1.05913
-0.823761
-0.665329
-0.523697
-0.574356
-0.272476
0.075882
-0.367142
-0.836899
-0.437592
-0.202347
-0.0806732
-0.0620117
-0.101959
-0.0632019
-0.043457
-0.0443115
-0.0298309
-0.0473633
-0.0400848
-0.0164948
0.012558
-0.00668335
-0.0279846
-0.0144043
-0.0121765
-0.0359344
-0.0423279
-0.0239716
-0.0448761
-0.117325
-0.179199
-0.218094
-0.278259
-0.258301
-0.357986

[26]
-0.536331
-0.925491
-1.07167
-0.920135
-1.0984
-0.694992
-0.173676
0.276123
0.43187
0.354736
0.714172
0.605194
0.651642
0.63475
0.587799
0.502243
0.440262
0.267227
0.0233154
-0.188553
-0.460724
-1.0293
-1.11449
-1.15918
-1.09644
-0.82428
-0.777573
-0.489044
-0.370193
-0.178146
-0.46756
-0.769943
-0.372757
-0.299652
-0.06073
-0.0428619
-0.00520325
-0.038147
-0.068222
-0.0626831
-0.0243225
-0.0292206
-0.0288391
-0.00656128
-0.0220642
-0.00724792
-0.00883484
0.00445557
-0.0102997
-0.0461884

[27]
-0.102509
-0.102539
-0.112335
-0.160995
-0.232635
-0.326141
-0.366196
-0.466003
-0.719254
-1.05814
-0.96611
-0.948288
-0.910675
-0.515121
-0.0877533
0.615234
0.0538025
0.459564
0.736847
0.737473
0.757248
0.699478
0.635788
0.592285
0.47464
0.257294
-0.114624
-0.456131
-0.818207
-1.09589
-1.14285
-1.18307
-0.992874
-0.723068
-0.703903
-0.418671
0.0908051
-0.314835
-0.866379
-0.476349
-0.336899
-0.186737
-0.166428
-0.0307617
-0.0404816
-0.0260468
-0.0453491
-0.00547791
-0.00167847
-0.00860596

[28]
-0.0176849
-0.000564575
-0.0179749
-0.0224609
-0.0339813
-0.0610352
-0.0557251
-0.0615387
-0.0959015
-0.134109
-0.0973053
-0.1483
-0.212433
-0.259628
-0.327377
-0.513596
-0.726913
-1.02101
-0.964233
-1.00319
-0.620956
-0.389786
0.0966797
0.682251
0.0658112
0.462234
0.711029
0.698792
0.643173
0.56723
0.535049
0.467758
0.373535
0.0943604
-0.198242
-0.475266
-0.862625
-1.10013
-1.14024
-1.04794
-0.772949
-0.596771
-0.569443
-0.437668
-0.373489
-0.198105
-0.883255
-0.311493
-0.512024
-0.0811005

[29]
-0.100494
-0.0425415
-0.0299683
-0.0441895
-0.0187225
-0.0180511
-0.023941
-0.0158539
-0.0235138
0.000793457
-0.00424194
-0.0504303
-0.0315399
-0.00912476
-0.0305176
-0.0614319
-0.0638275
-0.0966339
-0.145065
-0.189651
-0.211746
-0.271164
-0.307144
-0.363327
-0.554306
-0.853668
-1.03896
-0.748642
-0.891052
-0.554962
-0.305206
0.276016
0.361374
0.293304
0.684341
0.6707
0.706894
0.694992
0.630341
0.562317
0.458984
0.296127
-7.62939e-05
-0.31189
-0.673859
-1.04697
-1.11617
-1.15227
-0.801636
-0.668152

[30]
-0.571594
-0.4944
-0.475815
-0.296799
-0.70134
-0.357956
-0.324356
-0.000671387
-0.17131
-0.128784
-0.101913
-0.0982971
-0.0466309
0.0200958
-0.0291138
-0.0175629
-0.0370331
-0.0269318
-0.00770569
0.000152588
-0.000152588
-0.0332642
-0.0378571
-0.045639
-0.0367737
-0.0830536
-0.0729523
-0.126068
-0.193237
-0.240219
-0.330078
-0.426117
-0.69223
-1.05049
-1.06374
-0.92424
-0.921478
-0.297485
0.0161896
0.715408
0.427444
0.569397
0.577194
0.801926
0.802582
0.662018
0.581543
0.472885
0.440521
0.324982

[31]
0.00735474
-0.313583
-0.722565
-1.07733
-1.12213
-1.16347
-0.959
-0.706665
-0.664108
-0.489716
-0.480042
-0.161285
-0.720871
-0.29126
-0.158066
-0.153534
-0.263748
-0.146759
-0.06073
-0.102509
-0.0222931
0.0166473
-0.0166626
0.0144348
-0.0151062
-0.028183
0.0259705
0.0127563
-0.0147552
-0.0185394
-0.0423279
-0.0379333
-0.040329
-0.0770416
-0.127502
-0.118881
-0.203796
-0.248245
-0.314194
-0.409973
-0.572693
-0.934464
-1.06049
-0.924637
-0.967834
-0.48114
-0.18428
0.613831
0.266754
0.656219

