[1]
-0.0332336
-0.053421
-0.0515137
-0.0543823
-0.0423126
-0.0513306
-0.0670929
-0.0582886
-0.0432281
-0.0535889
-0.0477448
-0.0575409
-0.0610046
-0.05513
-0.0401154
-0.0582123
-0.0610046
-0.0536194
-0.0506439
-0.0479584
-0.00389099
-0.0793457
-0.053299
-0.0638733
-0.0556641
-0.0528107
-0.0285797
-0.0517731
-0.067215
-0.0628052
-0.0236664
-0.0415039
-0.0280151
0.0265045
0.0557709
0.00102234
-0.00660706
-0.0206146
-0.0370941
-0.0215607
-0.030777
-0.219757
-0.143784
0.166
0.274673
0.368439
0.368027
0.329727
0.247299
0.165329

[2]
0.143433
0.0870667
0.0111542
-0.0492096
-0.11792
-0.197296
-0.289902
-0.271194
-0.242081
-0.29863
-0.397339
-0.632385
-0.82901
-0.697403
-0.411011
-0.376511
0.553253
0.508591
0.196579
0.201492
-0.147842
-0.472763
-0.526367
-0.278076
-0.11557
-0.0209198
-0.0852356
0.00186157
-0.0666046
-0.0503693
-0.09552
-0.0927277
0.0115356
0.0532837
0.0141602
-0.0785065
-0.0917664
-0.0248718
0.0397491
0.00521851
-0.0535126
-0.0691681
-0.0141144
0.0159302
0.0399323
-0.000640869
0.0430908
0.0225525
-0.0232544
-0.0405273

[3]
0.0420227
0.126678
0.289734
0.392426
0.469589
-0.117355
-0.287018
-0.0404663
-0.247467
0.0405273
0.316513
0.331528
0.244492
0.288651
0.270203
0.213608
0.15538
0.127518
0.159195
0.270157
0.0185089
-0.172562
-0.44249
-0.447601
-0.695328
-0.714005
-0.915222
-0.967712
-1.13197
-0.974167
-0.57724
0.176254
0.551025
0.0974121
0.32312
-0.248337
-0.525192
-0.252762
-0.315247
-0.0803223
-0.112579
0.00590515
0.0186157
0.00773621
-0.0996399
-0.103592
-0.0336304
0.0209961
0.0232544
0.00340271

[4]
-0.043869
-0.0293427
0.0226898
0.0120697
-0.017746
-0.00291443
-0.0297546
-0.0164032
0.0161133
0.0523987
0.0915222
0.117233
-0.00167847
-0.0282745
-0.0559082
-0.010788
0.02034
0.268204
0.400467
0.383255
0.20163
-0.127121
-0.0757446
-0.0204926
-0.20369
0.179031
0.348663
0.315582
0.255981
0.249878
0.194885
0.121201
0.0674744
0.101334
0.0618286
0.017746
-0.00779724
-0.102539
-0.465469
-0.781754
-0.785019
-0.863358
-1.10849
-1.20683
-0.978683
-0.730087
-0.222992
0.575974
0.786789
0.0157318

[5]
0.00611877
-0.367462
-0.824844
-0.218323
-0.00830078
-0.0440369
-0.032196
-0.0443573
-0.0533752
-0.118713
-0.0511475
0.0358276
0.0209045
-0.0704956
-0.0401154
-0.00665283
-0.00967407
-0.00547791
-0.0232544
-0.0123749
0.0344696
0.0252991
-0.000762939
0.00312805
0.00602722
-0.0140076
0.0158081
0.052063
0.0290527
0.00341797
-0.00804138
0.0128937
0.26268
0.401047
0.468201
0.266113
-0.136658
0.0118866
0.0596008
-0.134384
0.134415
0.286957
0.284607
0.208755
0.217392
0.159698
0.121094
0.0540924
0.0252991
0.0423279

[6]
0.0027771
-0.0896149
-0.302872
-0.583038
-0.785065
-0.888351
-1.06586
-0.870422
-0.819351
-0.893906
-0.279739
1.13942
0.459976
-0.0104675
-0.118423
-0.437851
-0.600861
-0.102234
-0.0194244
-0.0896759
-0.0614319
-0.00154114
-0.0382233
-0.139465
-0.0684967
0.049942
0.0337677
-0.027771
-0.0645294
-0.0444336
-0.00813293
-0.00886536
0.000640869
0.00219727
-0.00468445
-0.0228882
0.00209045
0.0315857
0.0143127
-0.0166016
0.058136
0.0131683
0.0391388
0.034668
0.0456085
0.0550842
0.230408
0.355042
0.350632
0.182922

[7]
-0.171387
-0.00837708
0.11412
-0.202133
-0.0926056
0.246323
0.329956
0.285782
0.259308
0.269379
0.217789
0.125565
0.0585938
0.0770874
0.0960846
0.0870667
-0.387802
-0.831696
-0.939056
-1.31842
-1.6376
-1.29819
-0.847717
-0.912018
0.107681
1.28183
-0.0710907
-0.285843
-0.266022
-0.654602
-0.327789
0.0179901
-0.00486755
0.0187683
-0.00592041
-0.125992
-0.209457
-0.0254974
0.0870056
0.0218353
-0.0846252
-0.0775604
-0.021347
0.0210114
-0.0250244
-0.0148163
-0.0381927
-0.0447235
0.0105286
0.0485992

[8]
0.0470123
0.0507812
0.0343933
-0.00984192
0.00726318
0.0148468
0.00556946
0.0420685
0.118759
0.210449
0.33107
0.450333
-0.0189362
-0.144012
-0.00975037
-0.235611
-0.313293
0.293915
0.34523
0.313843
0.210907
0.165253
0.170471
0.134125
0.0704041
0.0539856
-0.00669861
-0.0856934
-0.11145
-0.405792
-0.694397
-0.85672
-1.24167
-1.17645
-0.660065
-0.693359
-0.420471
0.673981
0.723251
0.0427399
0.047699
-0.348602
-0.648087
-0.231583
-0.10025
-0.00408936
-0.0398254
-0.100342
-0.0951538
-0.125534

[9]
-0.0269623
0.0249939
-0.00389099
-0.0548553
-0.0662842
-0.0129852
0.00918579
-0.0115356
-0.0262756
-0.0289764
0.00840759
0.0367279
-0.00189209
-0.0147247
0.00158691
0.00924683
0.0621033
0.0727234
0.0338593
0.00111389
0.0188904
-0.021637
0.0382385
0.272064
0.370239
0.319778
-0.167206
-0.168045
0.115967
-0.163345
0.0725403
0.24794
0.325943
0.277832
0.200333
0.147827
0.140289
0.0856171
0.0184021
-0.0420837
-0.0582733
-0.117722
-0.495407
-0.816254
-0.862732
-0.992966
-1.21011
-1.03793
-0.981644
-0.781219

[10]
-0.11116
1.00058
0.232681
-0.0913086
-0.188065
-0.48848
-0.701508
-0.0998688
0.00798035
-0.0407257
0.00152588
-0.0321198
-0.168915
-0.178528
-0.050827
0.067749
-0.0150757
-0.118912
-0.107864
-0.00993347
0.0114594
0.00666809
-0.0445404
-0.0277557
-0.032608
-0.0137939
-0.0101776
0.0128937
-0.0300903
0.00306702
0.0378876
0.0292511
0.00717163
-0.00239563
0.00750732
0.112503
0.319199
0.436707
0.149048
-0.101334
0.00610352
0.148743
-0.260376
0.0153503
0.189255
0.269073
0.249176
0.229691
0.158264
0.0921936

[11]
0.0137329
0.0151978
-0.0137634
-0.0433502
-0.14064
-0.461212
-0.673523
-0.708328
-0.860168
-0.963287
-0.732605
-0.664459
-0.746017
0.982315
0.597275
0.00180054
-0.164642
-0.431061
-0.54332
-0.218246
-0.0672913
-0.0835266
-0.0852814
-0.0346222
-0.0548859
-0.106369
-0.142349
-0.053772
0.0606995
0.0130768
-0.0547943
-0.118484
-0.0817566
-0.0166016
-0.0233765
-0.039566
-0.0718384
-0.0478668
-0.0302887
-0.0143738
-0.0136261
-0.034668
-0.0721893
-0.000915527
0.0443268
0.0378723
0.0548401
0.0613098
0.137985
0.355423

[12]
0.529755
0.260818
-0.261078
-0.164917
0.0144653
-0.280899
0.107544
0.260162
0.321762
0.250946
0.204407
0.174347
0.137558
0.00790405
-0.0621338
0.0505676
0.0905609
-0.164795
-0.613708
-0.7108
-0.857407
-1.21072
-1.25031
-0.795746
-0.866013
-0.825729
0.432159
1.13876
0.00460815
-0.080307
-0.304718
-0.637497
-0.363937
-0.127472
-0.0502777
-0.0444641
-0.0712128
-0.0462189
-0.14032
-0.13855
0.0116425
0.0626678
-0.0117798
-0.0843048
-0.0731049
-0.0343781
-0.00256348
-0.0388947
-0.0633545
-0.037384

[13]
-0.0239716
-0.0183105
0.00784302
0.0120239
0.0144043
0.052475
0.0160065
0.0156403
0.0378265
0.0566101
0.226395
0.33667
0.421509
0.164383
-0.244965
-0.117447
0.0385284
-0.312439
0.189377
0.308273
0.31781
0.207748
0.183777
0.202362
0.15712
0.102448
0.100204
0.0937042
0.0454559
0.00537109
-0.342773
-0.667694
-0.945801
-1.1705
-1.12337
-0.855606
-0.849045
-0.630569
1.41814
0.459549
-0.302109
-0.133408
-0.760422
-0.344711
-0.0278473
-0.0230255
-0.0294189
-0.0139008
-0.0588684
-0.067688

[14]
-0.180756
-0.0674744
0.0334473
0.00918579
-0.0505676
-0.0722809
-0.0416718
-0.0360718
0.00334167
-0.0132599
-0.0591736
-0.109222
-0.00305176
0.0152435
0.0337677
0.0276337
0.0109863
0.0039978
0.0555115
0.0376892
0.0225067
0.040863
0.152588
0.389801
0.434982
0.0704041
-0.255661
-0.123535
-0.0545502
-0.287491
0.167419
0.249069
0.298889
0.20488
0.183228
0.139572
0.139252
0.0574188
0.0116425
-0.0128021
-0.0582123
-0.0380096
-0.498215
-0.752182
-0.998459
-1.10785
-1.20572
-0.924179
-0.798599
-0.87851

[15]
1.38129
0.332977
-0.260071
-0.284546
-0.488724
-0.219391
-0.0730896
-0.0821228
-0.0701904
-0.0462189
-0.0215759
-0.100876
-0.0862427
-0.00746155
0.0531464
-0.0254059
-0.0893402
-0.0813293
-0.0180817
0.00796509
-0.0206604
-0.0499725
-0.0453491
-0.0162811
-0.00114441
-0.00357056
-0.00532532
-0.00411987
0.114395
0.0124359
0.0112152
0.0104218
0.0386658
0.0956726
0.124939
0.448776
0.463699
0.192078
-0.209137
-0.252731
0.0534515
-0.346619
0.0914154
0.258316
0.295776
0.195328
0.145935
0.117798
0.113312
0.0858307

[16]
0.019577
-0.0608215
-0.0968781
-0.188477
-0.508041
-0.741272
-0.845352
-1.11041
-1.34439
-0.968582
-0.782654
-0.830673
0.141647
1.03033
-0.0536804
-0.0809021
-0.361954
-0.839478
-0.3349
0.0249786
-0.0397797
-0.0246887
0.00758362
-0.0304565
-0.152985
-0.196228
-0.0201416
0.122147
0.0283813
-0.0680542
-0.119385
-0.026947
0.00712585
0.0475922
-0.033432
-0.0508423
-0.0446014
0.00161743
0.0207672
-0.000854492
-0.0302277
-0.0515137
0.036972
0.0352173
-0.00263977
-0.0154724
0.0507507
0.352844
0.440887
0.407761

[17]
-0.171585
-0.145889
0.0919037
-0.179276
-0.262955
0.191696
0.346436
0.292206
0.279846
0.216721
0.161865
0.104599
0.0778351
0.069519
0.0166931
0.0200958
-0.2379
-0.601761
-0.74231
-1.1122
-1.42215
-1.18779
-0.856583
-0.760818
-0.0106201
0.991425
-0.0527649
-0.150009
-0.237869
-0.673874
-0.230484
-0.0445557
-0.0712891
-0.0692749
-0.0541687
-0.014389
-0.0458832
-0.113739
-0.0802002
-0.07547
-0.00367737
-0.00331116
-0.111572
-0.0999146
-0.0268707
-0.00907898
-0.01651
-0.0458679
-0.0209808
-0.022171

[18]
0.000198364
0.0146942
-0.00642395
-0.0117188
0.0594788
0.0398254
0.0448456
0.00364685
0.0451965
0.0782928
0.231888
0.364304
0.377747
0.0641785
-0.215332
0.020401
-0.116669
-0.452484
0.26915
0.391953
0.344727
0.241928
0.190262
0.139771
0.00604248
-0.0183868
-0.0400085
-0.0929718
-0.184113
-0.402023
-0.704407
-0.758896
-0.899139
-1.26704
-1.09116
-0.76532
-0.913315
-0.411987
1.23076
0.627411
-0.0291595
0.0200195
-0.410767
-0.691315
-0.219849
-0.13002
-0.052536
-0.00744629
-0.0232849
-0.0494385

[19]
-0.16243
-0.0293121
0.0235596
0.0196075
-0.103104
-0.0980835
-0.0202179
-0.0653381
-0.056076
-0.0493164
-0.0344391
0.00479126
0.0148926
0.0467987
0.0751038
0.0897675
0.0335083
0.0368347
0.0746155
0.0186768
0.089325
0.28627
0.577515
0.5354
0.105499
-0.349487
-0.115326
-0.361237
-0.504654
0.396576
0.346268
0.298492
0.180298
0.144913
0.113052
0.0933533
0.0274811
-0.0202026
-0.0762939
-0.104568
-0.266479
-0.665802
-0.892975
-1.03259
-1.33957
-1.15436
-1.02061
-1.05104
1.24144
0.012619

[20]
-0.0483856
-0.37265
-0.718109
-0.280518
-0.0543823
-0.0948181
-0.112061
-0.0570984
0.000320435
-0.0557709
-0.126663
-0.069809
0.00668335
0.0172424
-0.053009
-0.109772
-0.041275
-0.0141754
-0.0389252
-0.0645447
-0.038208
-0.0336914
-0.00317383
0.00460815
-0.000595093
0.0457153
0.062912
0.0815582
0.0267334
0.0254974
0.0462494
0.0883484
0.299133
0.466995
0.162857
-0.0865479
-0.0306854
-0.0348511
-0.436676
0.119949
0.336487
0.334808
0.343094
0.308411
0.2314
0.132156
0.105164
0.0890656
0.0988617
0.00764465

[21]
-0.0457611
-0.41925
-0.714508
-0.896423
-1.2506
-1.1942
-0.849243
-0.837006
0.316605
0.989029
-0.145386
-0.298706
-0.680634
-0.353989
-0.12941
-0.117981
-0.0910034
-0.0340729
-0.0411682
-0.0690918
-0.166779
-0.0852203
-0.0196075
0.00170898
-0.0749969
-0.0999146
-0.0401764
0.0032196
0.00698853
-0.0159149
-0.0861206
-0.0768738
-0.0684814
-0.0225372
0.0503998
-0.0187073
-0.0491943
0.0191803
0.094986
0.0224609
0.00805664
-0.00405884
0.252808
0.374161
0.473999
-0.0925751
-0.206009
0.0626373
-0.214752
-0.338531

[22]
0.151993
0.253403
0.22847
0.241592
0.169601
0.113205
-0.0164642
-0.0820923
-0.103378
-0.044693
-0.0222321
-0.117569
-0.321899
-0.640869
-0.744003
-0.589783
-0.76445
-0.908661
-0.836624
1.24875
0.426697
-0.00614929
-0.528152
-0.780396
-0.326889
-0.0862274
0.019989
-0.0786438
-0.0092926
-0.0370636
-0.0632324
-0.167831
-0.147217
0.0411377
0.0938416
-0.0606384
-0.145844
-0.0706787
0.000656128
-0.0140228
-0.025177
-0.0455017
-0.0555267
-0.0621185
-0.000701904
-0.00444031
0.0451202
0.100708
0.0304871
-0.00315857

[23]
0.0587311
0.0438995
0.0206451
0.263565
0.308807
0.0928802
-0.157288
0.0479126
-0.0477142
0.0408478
0.234573
0.26825
0.371201
0.305283
0.249237
0.143448
0.0949707
0.0874786
0.103043
0.0209808
0.00288391
-0.332245
-0.70929
-0.844589
-1.22183
-1.33856
-0.847763
-0.935822
0.212006
0.994217
-0.191376
-0.0741119
-0.387695
-0.668442
-0.387482
-0.0241852
-0.0413208
-0.0708923
-0.0305634
-0.0508728
-0.121063
-0.177551
-0.0809021
0.00357056
0.00395203
-0.0728607
-0.149368
-0.0614471
-0.0188599
-0.0183868

[24]
-0.0542297
-0.0581665
-0.0352631
-0.0440063
-0.00511169
-0.0205231
-0.04953
0.0336456
0.0749512
0.0536194
0.041626
-0.0072937
0.0187073
0.258224
0.483292
0.121353
-0.254303
-0.128998
0.0597534
-0.284851
0.0442047
0.21965
0.281418
0.212128
0.261887
0.236176
0.115097
0.0543823
0.0843048
0.0889282
0.0473633
-0.0593719
-0.254639
-0.690765
-0.904037
-1.30501
-1.32893
-0.936035
-1.06386
0.265244
0.813797
-0.109451
-0.16246
-0.506348
-0.390701
-0.225693
-0.123245
-0.152466
-0.0878754
-0.0510254

[25]
-0.0405579
-0.128235
-0.156891
-0.0131073
-0.00236511
-0.0389709
-0.0860596
-0.063324
-0.0580444
-0.0363159
-0.0335236
-0.0436859
-0.0690765
-0.068222
0.0194397
-0.0141907
0.0124969
0.000732422
0.0473328
0.0926056
0.0394745
-0.00764465
0.286316
0.475388
0.372818
-0.25119
-0.146423
0.0813446
-0.250015
-0.254028
0.218292
0.327087
0.286652
0.240372
0.190826
0.133942
0.0713501
0.0226898
-0.0161285
-0.0126953
-0.132095
-0.26825
-0.583603
-0.832504
-0.969345
-1.30801
-1.1398
-0.83551
-0.0995331
1.54037

[26]
-0.0542145
-0.020752
-0.398315
-0.729004
-0.391998
-0.0311432
-0.0442505
-0.0707092
-0.0341644
-0.0395355
-0.0909882
-0.159164
-0.0712738
0.0264282
0.0158539
-0.0654144
-0.108414
-0.0756531
-0.0192566
-0.021698
-0.0213623
-0.0558319
-0.0647888
0.00682068
0.00674438
0.0180511
0.0662994
0.130615
0.0442352
-0.0153351
0.0397186
0.290771
0.414474
0.333252
-0.219025
-0.245255
0.0482483
-0.334091
0.163284
0.248856
0.279221
0.244308
0.168045
0.13562
0.0608826
0.0249481
0.0377655
0.0122681
-0.0883331
-0.157837

[27]
-0.430862
-0.806061
-0.965027
-1.18504
-1.06021
-0.584244
-0.830185
-0.414536
0.888138
0.932343
-0.128235
-0.0851898
-0.574142
-0.385193
-0.0990601
-0.107956
-0.112228
-0.149429
-0.0543976
-0.133026
-0.094101
0.0142365
-0.0116425
-0.000961304
-0.0579224
-0.0655365
-0.0341492
-0.0115204
-0.00637817
-0.0191803
-0.0417328
-0.0149689
0.0261841
-0.0131226
0.000213623
0.0718689
0.116058
0.107559
0.0406952
-0.0166321
0.139771
0.419479
0.406052
-0.0475769
-0.243576
0.0388947
-0.312607
-0.50293
0.26236
0.37941

[28]
0.369385
0.353821
0.236801
0.200165
0.11528
0.104919
0.126602
-0.00488281
-0.0032959
-0.140518
-0.749008
-1.032
-0.919144
-0.977249
-1.01256
-1.06131
-0.271927
1.30592
-0.0800171
-0.0872345
-0.433746
-0.346909
-0.259293
-0.134155
-0.150208
-0.0901642
-0.0486755
-0.0243683
-0.0821075
-0.139221
-0.0601807
0.0347443
0.00875854
-0.0709991
-0.0735474
-0.0572205
-0.0389862
-0.00395203
-0.0102081
-0.0272827
0.004776
-0.00292969
0.0838623
0.162704
0.0709534
0.0509796
0.0787811
0.0704346
0.119537
0.3582

[29]
0.383118
0.332489
-0.252716
-0.19931
0.127686
-0.36348
-0.495956
0.131943
0.284088
0.277496
0.228043
0.12117
0.0352936
-0.0204163
0.00907898
-0.0183868
-0.133362
-0.14592
-0.29866
-0.698456
-0.976059
-1.03796
-1.24672
-0.922318
-0.974396
0.560532
0.840683
-0.0538177
-0.423401
-0.747009
-0.321747
-0.0695648
-0.074234
-0.0759583
-0.0184326
-0.0462646
-0.0520172
-0.146606
-0.11882
0.045105
0.0306091
-0.0404816
-0.108963
-0.0738068
-0.0341797
0.0191193
-0.00914001
-0.0280457
-0.0534821
0.0100098

[30]
0.0118866
0.0558014
0.0222015
0.0509186
0.0547943
0.100342
0.0571899
0.0986938
0.266144
0.373154
-0.14386
-0.102249
0.229019
-0.196609
-0.449905
0.170364
0.29541
0.258057
0.339279
0.236786
0.165863
0.0972443
0.0532379
-0.0087738
-0.0929413
-0.196182
-0.278915
-0.658875
-0.870834
-0.992874
-1.20653
-0.863937
-0.740372
0.187653
1.23041
-0.225845
-0.35405
-0.717407
-0.444397
-0.0888062
-0.106583
-0.0335388
-0.0484619
-0.0445404
-0.026825
-0.110962
-0.1315
-0.0261536
0.0364075
-0.00062561

[31]
-0.0685883
-0.0969849
-0.033371
-0.0122681
-0.0122223
-0.0653839
-0.0534515
-0.0178375
0.0423431
0.0373077
0.0133972
0.0701447
0.0340881
0.0312805
-0.000228882
0.0266571
0.274734
0.403961
0.327316
-0.342407
-0.147446
0.0635071
-0.194824
0.140015
0.19841
0.262314
0.284546
0.277664
0.261963
0.145752
0.0609894
0.0962524
0.123459
-0.0958862
-0.0856171
-0.284897
-0.578827
-0.799728
-1.05936
-1.12242
-0.844101
-0.767548
0.0432129
1.11087
-0.170578
-0.180679
-0.647888
-0.33342
-0.0639801
-0.0565796

[32]
-0.107895
-0.0674438
-0.0592499
-0.068512
-0.135788
-0.0401611
0.043457
-0.0265961
-0.139038
-0.0642242
-0.0133057
-0.04776
-0.024353
-0.0581512
-0.0223846
-0.0454254
-0.0415802
0.100739
0.0709991
0.0625
0.051178
-0.0200043
-0.0249023
-0.0202484
0.104813
0.351746
0.360794
0.147919
-0.368042
-0.0781708
-0.109818
-0.12236
0.249512
0.256622
0.20433
0.244476
0.239594
0.182617
0.169022
0.190247
0.163498
0.200378
0.160873
-0.221222
-0.44722
-0.576416
-0.783936
-0.77037
-0.448792
-0.257812

