[0]
-0.0189209
0.147705
0.133621
0.052475
-0.0420685
-0.113647
-0.154556
-0.189163
-0.236191
-0.280289
-0.308334
-0.28923
-0.308578
-0.286423
-0.219803
-0.186859
-0.152206
-0.150696
-0.126404
-0.124237
-0.0591125
0.0275879
0.103912
0.14119
0.161514
0.173309
0.159286
0.156799
0.21666
0.33136
0.439209
0.516632
0.523453
0.55423
0.595322
0.60498
0.629761
0.662888
0.616135
0.601913
0.609558
0.597214
0.591156
0.581345
0.545639
0.508331
0.488159
0.45137
0.420059
0.355026

[1]
0.302002
0.228882
0.170258
0.0751648
-0.0302429
-0.11528
-0.122757
-0.127686
-0.164078
-0.304276
-0.463989
-0.46608
-0.464981
-0.463089
-0.465424
-0.475876
-0.481308
-0.468536
-0.436035
-0.41124
-0.39801
-0.357895
-0.304901
-0.276566
-0.248886
-0.207413
-0.136139
-0.100708
-0.0505829
-0.0127258
0.0283813
-0.0326233
-0.115677
-0.00350952
0.183136
0.306091
0.394775
0.442307
0.465302
0.430649
0.439468
0.486786
0.481247
0.481934
0.497635
0.451889
0.448654
0.454819
0.487946
0.457733

[2]
0.422455
0.364014
0.361191
0.291122
0.190277
0.117523
0.0478973
-0.092865
-0.200333
-0.25795
-0.271439
-0.231995
-0.297302
-0.445312
-0.528168
-0.546555
-0.546661
-0.532166
-0.552643
-0.525589
-0.457214
-0.416077
-0.414825
-0.396805
-0.378937
-0.34613
-0.295441
-0.283279
-0.236618
-0.189011
-0.12883
-0.0736694
-0.0319061
-0.00485229
0.0162048
-0.0350037
-0.0784454
0.0087738
0.15509
0.299637
0.394852
0.36911
0.335114
0.298157
0.314484
0.314636
0.293961
0.266647
0.247742
0.279999

[3]
0.327515
0.37439
0.412003
0.406815
0.35144
0.282898
0.25647
0.231232
0.200516
0.136383
0.0828705
0.0296631
-0.0206299
-0.158279
-0.196716
-0.143066
-0.143997
-0.344894
-0.492264
-0.490143
-0.388687
-0.382278
-0.440125
-0.502426
-0.539612
-0.536194
-0.512466
-0.495682
-0.463165
-0.4151
-0.396332
-0.397537
-0.424301
-0.416855
-0.35556
-0.271149
-0.210098
-0.116745
-0.0698853
-0.0382385
-0.0322571
-0.0533752
0.0312195
0.134415
0.248337
0.335526
0.414612
0.432587
0.410278
0.428787

[4]
0.391556
0.367477
0.319656
0.295395
0.318771
0.369095
0.424789
0.393967
0.370087
0.325104
0.351501
0.306351
0.264252
0.22406
0.175812
0.119064
0.0597687
-0.000534058
-0.0729065
-0.0809784
-0.0930634
-0.106491
-0.261536
-0.432785
-0.439209
-0.424637
-0.384018
-0.378479
-0.448486
-0.469421
-0.45488
-0.422943
-0.397552
-0.378174
-0.382629
-0.378159
-0.375305
-0.36496
-0.323944
-0.275452
-0.217346
-0.145309
-0.0947876
-0.0591888
-0.0530701
-0.0658417
-0.0679779
0.0709991
0.184311
0.216232

[5]
0.227921
0.297241
0.333023
0.363953
0.345627
0.359085
0.382202
0.369583
0.314651
0.253326
0.236618
0.250168
0.291641
0.314697
0.302811
0.300873
0.325226
0.316879
0.292603
0.23349
0.145218
0.0754852
0.00823975
-0.065033
-0.183289
-0.160263
-0.152634
-0.191101
-0.33136
-0.406189
-0.422821
-0.38858
-0.42688
-0.482422
-0.515594
-0.516983
-0.493393
-0.44603
-0.422363
-0.402283
-0.403
-0.423645
-0.401123
-0.364731
-0.29126
-0.241501
-0.223053
-0.158203
-0.0885468
-0.0153198

[6]
-0.00950623
-0.0333099
0.0452423
0.106018
0.0942535
0.19278
0.392151
0.524109
0.478745
0.451218
0.459915
0.434235
0.365356
0.313278
0.301163
0.332428
0.375641
0.394989
0.42601
0.45668
0.417267
0.338226
0.280884
0.22612
0.168365
0.104324
0.0433044
0.00218201
-0.0255432
-0.127243
-0.116959
-0.0868225
-0.160202
-0.329773
-0.463638
-0.51004
-0.476135
-0.41629
-0.395447
-0.428299
-0.479996
-0.516449
-0.494492
-0.465576
-0.427917
-0.394836
-0.395309
-0.410812
-0.394257
-0.341232

[7]
-0.271759
-0.215317
-0.163666
-0.106918
-0.0783234
-0.112915
-0.0767059
0.0267639
0.125946
0.267075
0.390289
0.485123
0.445877
0.345108
0.313034
0.346863
0.303558
0.281403
0.283173
0.267746
0.298553
0.396072
0.437439
0.400665
0.33078
0.311417
0.276413
0.24202
0.205765
0.176941
0.110367
0.075058
-0.0410767
-0.17009
-0.15097
-0.0839844
-0.156921
-0.347656
-0.49913
-0.527878
-0.485077
-0.459518
-0.447525
-0.48494
-0.489227
-0.469635
-0.456726
-0.412674
-0.373047
-0.349976

[8]
-0.347946
-0.329422
-0.279617
-0.277695
-0.24704
-0.200562
-0.136841
-0.0609894
0.00837708
0.0540161
-0.0174408
-0.0197906
0.206467
0.205765
0.284714
0.358475
0.438004
0.402222
0.320663
0.323059
0.322113
0.280029
0.240814
0.223816
0.248703
0.267288
0.299698
0.347458
0.351624
0.334076
0.301758
0.253845
0.204941
0.168015
0.162216
0.115128
0.0553589
0.000228882
-0.109985
-0.0819244
-0.0749664
-0.032074
-0.323395
-0.490143
-0.518799
-0.48999
-0.42511
-0.415909
-0.433105
-0.499084

[9]
-0.511322
-0.473526
-0.426636
-0.383728
-0.376343
-0.362808
-0.36171
-0.340744
-0.309082
-0.260345
-0.220688
-0.171677
-0.122894
-0.0873718
-0.0317383
-0.0237274
-0.0779114
-0.0505981
0.085144
0.143997
0.238541
0.30162
0.376114
0.404099
0.362549
0.368805
0.387848
0.381165
0.294296
0.285858
0.315628
0.362488
0.384369
0.403198
0.361603
0.340195
0.291901
0.250366
0.20462
0.172073
0.144348
0.105988
0.0230713
-0.130753
-0.173004
-0.137253
-0.169861
-0.365494
-0.49498
-0.523453

[10]
-0.471725
-0.405334
-0.409698
-0.481018
-0.525131
-0.523376
-0.496506
-0.454605
-0.391083
-0.366974
-0.368073
-0.386124
-0.356796
-0.311691
-0.285263
-0.255188
-0.239334
-0.205673
-0.148727
-0.0479736
-0.022995
-0.0457764
-0.00654602
0.0620117
0.110321
0.231277
0.348923
0.439667
0.375473
0.317871
0.361816
0.373077
0.356796
0.329422
0.304794
0.303726
0.336853
0.348114
0.351562
0.356476
0.341003
0.334381
0.289368
0.227417
0.178711
0.134491
0.0886841
0.031723
-0.0579071
-0.0847168

[11]
-0.102249
-0.109055
-0.235901
-0.400513
-0.457474
-0.468689
-0.487228
-0.479996
-0.50824
-0.565216
-0.566772
-0.523514
-0.48436
-0.470352
-0.422028
-0.398743
-0.373886
-0.375153
-0.342514
-0.302399
-0.252121
-0.205444
-0.127975
-0.0914764
-0.0533905
-0.134232
-0.110199
-0.00509644
0.122177
0.221527
0.268463
0.347916
0.387039
0.395142
0.387878
0.390625
0.391342
0.331619
0.317856
0.325577
0.349533
0.425491
0.445923
0.431412
0.371384
0.334641
0.290604
0.242371
0.196014
0.130005

