[0]
-1.69086
1.88612
-2.2115
1.73329
0.442657
0.594437
0.214233
-0.0201874
-0.199646
-2.05623
-2.45848
0.501144
0.267151
-0.395462
-1.39285
-0.885513
-1.09036
-1.9641
-2.33037
-2.42026
-1.64091
-0.951981
-0.336365
-0.110153
-0.792053
-0.538895
-0.145645
0.665878
1.96336
2.06393
2.14355
2.2052
2.19498
2.11162
-2.01744
0.405823
-0.0695648
1.14034
0.949127
0.551788
-0.750015
-2.15045
-2.42313
1.38895
1.52621
-1.90775
-2.12524
-0.767548
-1.46889
-2.68073

[1]
-2.87242
-2.88361
-1.64122
-1.16689
-0.0368042
0.0158691
-1.5412
0.414108
-0.820786
0.333435
2.03627
2.14514
2.24939
2.33339
2.33232
2.2309
2.1006
-1.96844
1.16042
1.81023
1.36642
0.322357
-0.568787
-2.4205
-2.40802
1.56396
1.46129
-1.99321
-2.47284
-1.29295
-1.36609
-2.73373
-2.9343
-2.95447
-2.47455
-1.33571
-1.36551
0.228409
-0.901443
-0.0480499
-0.0595703
0.16716
1.14621
2.09842
2.2038
2.32222
2.39722
2.3474
1.9859
2.13887

[2]
-1.91492
-0.823486
0.532562
1.71161
0.689362
-1.34824
-2.45883
-0.544449
1.54443
-1.36104
-2.11934
-1.03696
-1.04659
-2.82349
-2.89526
-2.93097
-2.94547
-1.17401
-0.873718
-0.0355988
-0.944931
-0.317261
-0.159393
0.0574036
1.15758
1.96121
2.20212
2.31265
2.40329
2.36551
2.19504
0.785141
2.0872
-1.94243
-2.06392
-1.03517
0.835098
-0.242737
-2.40309
-2.41743
1.57881
1.52655
-1.34523
-1.85672
0.16243
-1.24007
-2.83344
-2.90671
-2.94539
-2.59006

[3]
-1.15027
-0.842041
-0.505585
-1.52892
-0.648819
-0.912811
-0.0483551
1.09363
1.84337
2.18794
2.28528
2.3567
2.29807
0.954712
2.09961
-1.87415
-2.02895
-0.255798
1.75179
0.67421
-2.41628
-2.44673
1.1333
1.53375
-1.91104
-1.9639
-0.158463
-0.387985
-2.73869
-2.83521
-2.88835
-2.91377
-1.34546
-0.726242
0.147034
-0.756943
-0.697052
-0.431412
-0.0628815
0.475967
2.08617
2.15361
2.23392
2.33472
2.31868
2.20322
-0.00862122
2.08592
-1.4584
-2.01707

[4]
0.361725
0.776138
-0.936295
-2.37576
-2.01495
1.56781
1.51933
-1.01292
-1.81973
-0.326874
-1.36432
-2.76332
-2.84543
-2.88766
-2.0854
-0.778183
-0.112808
-0.590256
-1.06668
-0.567017
-0.843414
-0.466278
1.25282
2.13239
2.22513
2.28958
2.32225
2.25078
0.930481
2.10921
-1.89148
-2.03253
0.299881
0.937317
0.280426
-2.3613
-2.38678
0.324463
1.59369
-1.42033
-0.899887
-0.179031
-0.114014
-2.12691
-2.75653
-2.83551
-2.87694
-1.93784
-1.61839
-0.225342

[5]
-0.926498
-0.633102
-0.709595
-0.800308
-0.781372
0.70314
2.24973
2.33206
2.43172
2.42662
2.33163
2.25969
-1.70503
-0.0928497
2.14243
2.07289
1.24057
-1.34955
-2.16876
-0.239487
1.80345
-0.0683899
-0.449936
-0.331146
0.234085
-1.88263
-2.59274
-2.68698
-2.74332
-2.57117
-1.06998
-0.556366
-0.0387421
-1.02686
-0.368286
-0.964722
-0.31543
0.56076
2.33713
2.40234
2.44266
2.46889
2.41798
2.18529
2.32645
-1.63782
-1.76219
1.71809
1.0394
1.13545

