[0]
1.24106
0.252243
0.735413
0.845795
1.18423
0.517059
1.19688
1.19232
1.18683
1.18259
0.974945
1.16743
0.0944061
1.20743
1.22749
1.26262
1.30949
1.35587
1.39581
1.40636
-0.0924683
-0.967789
-1.78798
-0.756882
-0.173172
-0.0207977
-0.383911
-0.573563
-0.6138
-0.65274
1.02371
1.28494
0.258026
0.741623
1.19127
-0.426315
-2.0625
-0.232834
1.14436
1.15163
1.1485
1.14519
1.13567
1.13908
-2.4929
1.19823
1.23813
1.30373
1.38319
1.45096

[1]
1.51309
1.56084
-0.0406494
-2.21274
-2.52983
-0.378647
1.05849
-0.46843
-0.260818
-0.3396
-1.36555
-0.292114
1.31216
1.35989
0.409012
0.539154
-0.814941
1.20474
1.16451
-1.84462
0.970306
1.15332
1.16237
1.16158
1.15439
1.16885
0.42009
1.23357
1.28825
1.37097
1.46446
1.55565
1.64554
1.72414
1.49562
-0.0866241
-2.27394
-2.12648
0.137436
0.73378
0.307373
-0.539215
-1.05914
-0.841064
1.35724
1.46475
1.52704
1.0786
0.657974
1.347

[2]
1.24516
-0.497696
1.17004
1.17191
1.18695
1.20053
1.19655
1.18716
0.274597
0.765747
1.25024
1.3111
1.39952
1.47844
1.56021
1.63585
1.23445
-0.233765
-2.34271
-2.42918
-0.0230865
0.634613
0.470337
-0.609116
-0.570358
-0.318146
1.44794
1.55969
1.62799
0.809296
1.06226
0.604507
1.42152
1.30154
1.24158
0.394836
1.20467
1.21779
1.22171
1.2153
1.22
-2.31889
1.25121
1.28661
1.35504
1.44073
1.51598
1.59805
1.67841
1.29443

[3]
-0.615768
-2.28314
-1.7222
0.214767
1.25638
0.771133
-0.157288
-0.647827
-0.897736
1.50682
1.62355
1.68463
0.907654
0.827896
1.50383
1.37468
0.815933
0.41481
1.24638
1.25938
1.27338
1.26648
1.25874
-2.64424
1.26605
1.27884
1.30658
1.37537
1.43658
1.49696
1.55696
1.1017
-0.414673
-2.42258
-2.52942
-0.311279
0.955185
1.00214
-0.0722046
-0.585999
-0.301346
1.55617
1.67685
1.75148
1.0331
0.818802
0.366913
1.55295
1.41632
0.73172

[4]
-0.278976
1.27676
1.28255
1.28662
1.28644
1.29039
0.336731
1.2832
1.29942
1.3369
1.40062
1.45544
1.51164
1.56084
0.62561
-1.59465
-2.42261
-1.22633
0.218063
0.739075
0.560577
-0.169098
-0.172241
0.1651
1.62869
1.74579
1.80634
0.684357
0.414902
1.6362
1.50101
-2.59615
1.28941
1.3287
1.30759
1.30595
1.26242
1.28572
-0.898941
1.26837
1.26596
1.27887
1.32799
1.37897
1.42618
1.48222
1.52985
0.300095
-2.06303
-2.5459

[5]
-0.757416
0.639099
0.591354
0.776505
0.495651
0.411774
0.634186
1.7308
1.85037
1.29211
0.751892
1.10216
1.59317
1.47379
-1.48199
1.31248
1.28568
1.27539
1.28128
1.27234
0.371658
1.21016
1.17024
1.15779
1.17743
1.21323
1.24884
1.29541
1.30042
0.704819
-1.05519
-2.63766
-2.60944
-0.0207062
0.670898
0.872818
0.600739
0.62674
0.573898
1.75255
1.89624
1.97585
0.313309
0.954849
1.80905
1.62273
-1.89856
1.35963
1.33524
1.30585

