[0]
-0.0114136
-0.00794983
-0.0137939
-0.00256348
-0.0128326
0.00325012
-0.0108948
-0.0104065
-0.00700378
0.000350952
-0.00601196
-0.00358582
-0.00843811
-0.00309753
-0.0118713
-0.00944519
0.00764465
0.00422668
-0.00601196
-0.00257874
0.00326538
-0.0138245
-0.0118561
-0.0225983
0.00231934
-0.0035553
-0.0230865
-0.00744629
-0.0137787
0.0121002
-0.0137787
-0.0122986
-0.00839233
-0.0108337
-0.00643921
-0.0132751
-0.0127869
-0.0132599
0.000427246
-0.0098114
-0.0215454
-0.00836182
-0.00300598
-0.0161896
-0.00495911
-0.0108032
-0.00836182
-0.0127563
-6.10352e-05
-0.0137329

[1]
-0.0181427
-0.0117798
-6.10352e-05
-0.0103149
-0.0147247
-0.00546265
-0.000595093
-0.0128021
-0.00791931
0.004776
-0.0103912
-0.00402832
-0.00987244
-0.00401306
-0.0172119
-0.0020752
0.000869751
-0.00648499
-0.00695801
0.0042572
-0.0142822
0.000869751
-0.00352478
-0.00791931
-0.0152283
-0.0166931
-0.011795
-0.00593567
-0.00349426
-0.00448608
-0.000106812
-0.00547791
-0.0108185
-0.00592041
-7.62939e-05
-0.00935364
-0.0118103
0.00578308
-0.000595093
-0.0015564
0.00187683
-0.00642395
-0.00448608
0.00285339
0.00675964
0.000411987
-0.0142517
-0.00791931
-0.0205994
0.00137329

[2]
-0.00645447
0.0038147
0.00138855
0.00138855
-0.0132751
0.00233459
-0.0157166
-0.0015564
-0.00740051
-0.0142212
-0.0137329
0.00482178
-0.003479
0.00871277
-0.018631
-0.011795
0.000900269
-0.00105286
-0.00204468
-0.011322
0.00282288
-0.0039978
-0.00497437
0.00038147
-0.00938416
0.00379944
-0.0108643
-0.00305176
-0.000610352
0.00280762
-0.0181885
-0.00158691
-0.00697327
-0.0157623
-0.00405884
-0.00163269
-0.0148163
-0.0040741
-0.00115967
-0.00312805
-0.00799561
0.00128174
-0.0104218
-0.0143127
-0.00648499
-0.015274
-0.00160217
-0.00257874
-0.00111389
-0.0113678

[3]
-0.02211
-0.00502014
-0.00404358
-0.0152893
-0.0133362
-0.00942993
-0.0152588
0.00474548
-0.0260315
-0.00550842
-0.00209045
-0.0133362
-0.00991821
-0.00701904
-0.0172882
-0.0148468
-0.00460815
-0.0104523
-0.00361633
-0.00801086
-0.017746
-0.0118866
-0.01091
-0.00553894
-0.0118866
-0.0118866
0.00227356
-0.014328
-0.00553894
-0.00798035
-0.00357056
-0.0167389
0.00375366
-0.0113678
-0.0211334
-0.00453186
-0.0103912
-0.0186768
0.000854492
-0.0177002
-0.0142822
-0.00549316
-0.014267
-0.00694275
-0.000106812
-0.00256348
-0.00256348
-0.0176849
-0.00352478
-0.0128021

[4]
-0.00253296
-9.15527e-05
-0.0162201
0.00624084
-0.0235443
-0.00158691
-0.00450134
0.00231934
-0.0142822
-0.00842285
-0.0133057
0.00769043
-0.0133057
-0.0162201
-0.00108337
-0.000610352
-0.0162354
0.000854492
0.000869751
-0.014267
-0.0030365
-0.00744629
-0.00111389
-0.0113525
0.00718689
-0.00746155
0.000335693
0.00132751
-0.0162659
-0.0143127
-0.00552368
-0.00405884
-0.0167542
-0.00405884
-0.025528
0.0018158
-0.0108643
-0.0128174
-0.0113831
-0.0138245
-0.017746
-0.0153198
0.00128174
-0.00799561
-0.00408936
-0.00119019
-0.00363159
-0.000213623
-0.0119476
-0.006073

[5]
-0.00605774
-0.0138702
-0.0070343
0.000793457
-0.0128937
-0.00166321
0.00466919
-0.0172882
-0.00654602
0.000778198
-0.00801086
-0.00947571
-0.00656128
-0.000198364
-0.00752258
0.00517273
-0.0109406
-0.00360107
-0.000671387
0.00372314
-0.013855
-0.00505066
-0.00309753
-0.0133362
-0.0191956
-0.0065155
-0.00213623
-0.014328
0.00566101
-0.0114136
-0.010437
-0.0153046
-0.00798035
0.00471497
-0.0040741
-0.00358582
0.000793457
-0.0114136
0.00128174
-0.0187378
-0.00750732
-0.01091
-0.00944519
-0.0158081
0.000320435
0.00765991
-0.00698853
-0.0211334
-0.00794983
0.00378418

[6]
-0.0147552
-0.000579834
-0.00740051
-0.00837708
0.000869751
-0.014267
-0.0132904
-0.00939941
0.0032959
-0.010849
-0.00157166
-0.0122986
-0.0152435
-0.00205994
-0.014267
-0.0191345
0.00233459
-0.0132904
0.00718689
-0.014801
0.000335693
-0.00160217
-0.00695801
-0.00793457
-0.0103912
-0.00840759
-0.00498962
-0.00500488
-0.000610352
-0.0030365
0.00622559
-0.0133209
-0.00306702
-0.0108795
-0.00843811
-0.00650024
-0.00991821
0.00718689
-0.00987244
-0.00498962
-0.0103607
-0.00987244
0.00231934
-0.00794983
-0.00993347
-0.00454712
-0.00505066
-0.00360107
-0.00700378
-0.00166321

[7]
0.00276184
-0.00602722
-0.00358582
-0.0109253
-0.0187225
-0.0108948
-0.00505066
-0.00556946
-0.00605774
0.00515747
-0.00267029
-0.0114441
0.000778198
-0.00506592
-0.00798035
-0.0197144
-0.00360107
-0.00947571
0.000762939
-0.00657654
0.00563049
-0.00756836
-0.0139008
0.010498
-0.0168457
-0.00415039
-0.000732422
0.00170898
-0.0168304
-0.00511169
-0.0119324
-0.0124207
0.00466919
-0.00460815
-0.00605774
0.000305176
-0.00604248
-0.00799561
0.00224304
-0.00263977
-0.00169373
-0.00119019
-0.00999451
-0.00950623
-0.00268555
-0.0100098
-0.00660706
0.000717163
-0.0105133
0.00267029

[8]
-0.0163574
-0.0163422
-0.0129547
0.00415039
-0.00610352
-0.00953674
-0.00613403
-0.0105286
-0.00367737
-0.0192871
-0.010025
-0.0114899
-0.0139313
-0.013916
-0.00559998
-0.000717163
-0.0329437
0.0065918
-0.00758362
-0.0144348
-0.0124817
0.00169373
-0.00267029
-0.00608826
-0.0202484
-0.0227051
-0.0148773
-0.00706482
0.000762939
-0.000686646
-0.0197144
0.00762939
-0.00309753
-0.0119019
-0.00361633
-0.0133972
-0.00167847
-0.00706482
-0.0065918
-0.0114746
-0.016861
-0.00953674
-0.0139313
-0.000747681
-0.0149078
-0.00660706
-0.00172424
-0.0080719
-0.00709534
-0.0105133

[9]
-0.00512695
-0.00559998
-0.00460815
-0.00997925
-0.00558472
-0.0197449
-0.00315857
-0.00949097
-0.006073
-0.0104675
0.00222778
-0.00996399
-0.0182648
-0.0070343
0.0173645
-0.006073
-0.0128937
-0.00460815
-0.00460815
0.000289917
0.00566101
-0.0119171
-0.00508118
-0.00752258
-0.0118866
-0.0148163
-0.0108948
-0.0201721
0.00375366
-0.00747681
-0.00843811
-0.000137329
-0.0147858
-0.0123291
-0.00354004
-0.0113525
0.00184631
0.00378418
-0.000610352
-0.00305176
-0.00305176
-0.0030365
-0.0147705
-0.00648499
-0.0113678
-0.00842285
-0.0137787
-0.00643921
-0.00741577
-0.018158

[10]
-0.000579834
-0.00204468
-0.00643921
-0.00447083
-0.00692749
-0.00299072
0.000411987
-0.00350952
-0.01474
-0.0039978
-0.0142365
-0.0151978
-0.0102997
-0.0122375
-0.0137024
-1.52588e-05
0.00193787
0.00241089
-0.0102692
-0.000991821
-0.011734
-0.0117188
-0.0131836
-0.00585938
-0.00341797
-0.0151367
-0.0092926
-0.00198364
0.00434875
0.00483704
-0.00639343
0.00726318
-0.00642395
-0.00300598
-0.00300598
-0.00692749
-0.00791931
-0.0171814
-0.0201263
-0.0201263
-0.00645447
-0.0030365
-0.00596619
0.00088501
-0.00741577
-0.00987244
-0.0137787
0.000366211
-0.00744629
-0.00987244

[11]
0.00184631
-0.00743103
0.000366211
0.00280762
-0.00402832
-0.00744629
-0.0152588
0.0042572
0.00521851
-0.0182037
-0.00845337
-0.0162964
0.00419617
-0.00848389
-0.00944519
-0.00944519
-0.00553894
-0.00163269
-0.00602722
-0.00405884
-0.00210571
-0.00746155
0.000350952
-0.00987244
-0.00450134
-0.0020752
0.000366211
0.00669861
0.00375366
-0.00360107
-0.00602722
-0.0172729
-0.00553894
-0.01091
-0.0138245
-0.00062561
-0.00747681
-0.00259399
-0.00846863
0.00811768
-0.00361633
-0.0045929
-0.0197144
-0.00408936
-0.000183105
-0.00457764
-0.00115967
-0.0187225
-0.00947571
-0.00411987

[12]
-0.025116
-0.0168152
-0.00460815
-0.00167847
-0.00216675
-0.00750732
-0.0172729
-0.00506592
-0.00260925
0.00762939
-0.00801086
-0.0119171
0.00222778
-0.00361633
-0.00265503
-0.00509644
0.0071106
-0.0231628
-0.0153503
0.00517273
0.00907898
-0.0119324
-0.00216675
-0.000213623
-0.00999451
-0.00413513
0.000747681
0.0148926
-0.0158691
-0.0119629
-0.00415039
-0.0178223
-0.00660706
-0.000747681
0.00218201
-0.00175476
-0.00564575
0.00509644
-0.0100555
-0.0173645
-0.0222321
-0.010025
-0.000244141
-0.0168304
-0.0148621
-0.00949097
-0.00117493
-0.0109558
-0.0109711
0.00856018

[13]
-0.0075531
-0.017334
-0.00854492
-0.0182953
0.00708008
-0.0012207
-0.0129395
-0.00268555
-0.00610352
-0.00511169
-0.0153656
-0.00559998
-0.00462341
-0.0109863
-0.0109863
-0.0163422
-0.00753784
-0.0119171
-0.0045929
-0.0104523
-0.00361633
-0.00506592
0.00715637
-0.0118866
0.0100861
-0.00650024
-0.00993347
0.00180054
-0.00552368
-0.00553894
-0.0123596
-0.00454712
-0.0133362
-0.00164795
-0.0153198
0.00224304
-0.0162964
0.00273132
-0.00849915
-0.000686646
-0.0124054
-0.0163116
-0.0192108
0.000320435
-0.0221252
0.00326538
-0.00114441
0.00177002
0.000793457
-0.00946045

[14]
-0.00653076
-0.00506592
-0.0119171
-0.0129242
0.00564575
-0.0134125
-0.00708008
-0.0182953
-0.00317383
-0.0134277
-0.0100098
-0.00802612
-0.0119476
-0.0197601
-0.00611877
-0.010025
0.000717163
-0.0110016
-0.0105133
-0.0080719
-0.00514221
-0.000732422
-0.0071106
-0.0188293
-0.0100403
0.000228882
-0.00758362
-0.00756836
-0.00610352
-0.013916
-0.00512695
-0.013916
-0.00318909
-0.0080719
-0.0192871
-0.0178223
-0.0222168
-0.00270081
-0.0148773
-0.0168304
0.00515747
-0.0148773
-0.0168304
-0.00997925
-0.0114594
-0.00364685
0.00222778
-0.00656128
-0.00511169
-0.00999451

[15]
-0.0168304
0.000747681
0.000732422
-0.00415039
-0.00854492
-0.00416565
-0.0149078
-0.00857544
-0.00416565
-0.0080719
-0.0178375
-0.00172424
-0.000762939
-0.00418091
-0.0149231
-0.00563049
-0.0168762
-0.0178528
-0.0110016
-0.0271149
-0.00561523
-0.0119476
-0.0134277
-0.00512695
-0.00805664
-0.00804138
0.00221252
-0.00656128
-0.00413513
-0.0187836
-0.00120544
-0.0158539
0.00172424
-0.00999451
-0.000228882
-0.0124207
-0.00218201
-0.00170898
-0.0129395
0.0148926
-0.014389
0.00170898
-0.0080719
-0.00660706
-0.0114746
-0.014389
-0.00608826
0.00857544
-0.0114594
-0.00559998

[16]
-0.0187683
0.00515747
-0.0138855
-0.0109406
-0.00410461
-0.0114288
-0.00215149
-0.0070343
-0.00605774
-0.00799561
-0.0167694
-0.00114441
0.00862122
-0.0035553
0.00863647
-0.00846863
-0.00799561
-0.00946045
-0.00749207
-0.00456238
-0.0221405
-0.0065155
-0.00456238
-0.00213623
-0.00361633
-0.00798035
-0.00259399
-0.00845337
-0.0123596
-0.00698853
-0.0138397
-0.00506592
-0.00701904
-0.000656128
0.00421143
-0.00115967
-0.00312805
-0.00164795
0.00178528
-0.000671387
-0.00408936
-0.013382
0.000289917
0.00125122
-0.00509644
0.00271606
-0.0158386
0.000762939
-0.00314331
-0.00411987

[17]
-0.00315857
-0.00706482
-0.00511169
-0.00950623
-0.00463867
-0.00169373
-0.000244141
-0.0075531
-0.0114288
-0.0109406
0.00614929
-0.013382
-0.00360107
-0.000701904
0.00222778
-0.00117493
-0.0172882
-0.00558472
0.000289917
-0.00312805
-0.0153351
-0.0070343
-0.0104523
-0.0109558
-0.00314331
0.0163879
-0.0114288
-0.0123901
-0.00361633
0.00175476
-0.00117493
0.000274658
0.000274658
-0.00654602
-0.00506592
0.00860596
-0.0128784
-0.00505066
-0.0162659
-0.0035553
-0.000167847
0.000320435
-0.014328
-0.00601196
-0.00747681
-0.00747681
0.0042572
-0.000640869
-0.0152893
-0.00941467

[18]
-0.00846863
-0.00213623
-0.00849915
0.00271606
-0.0085144
-0.00411987
0.00712585
-0.0113983
-0.00843811
0.000350952
-0.00747681
-0.0147858
0.000823975
0.000335693
-0.00796509
-0.0045166
0.0096283
-0.00259399
-0.00846863
-0.00602722
-0.00357056
-0.0113831
0.00521851
-0.0118713
-0.00796509
-0.0123444
0.0115662
-0.0113831
-0.00942993
-0.0133209
-0.00843811
-0.00354004
-0.0157471
-0.00744629
0.00230408
-0.0104065
0.00228882
-0.00843811
-0.00843811
0.00767517
-0.00939941
-0.010376
-0.00796509
-0.00259399
-0.0172424
0.00669861
-0.0167084
-0.00354004
-0.00840759
-0.0128174

[19]
-0.019165
-0.0167389
-0.00160217
-0.0113678
-0.00306702
-0.0147858
-0.00259399
0.00276184
-0.00552368
-0.00747681
-0.0118866
0.00469971
-0.00701904
-0.0275421
-0.0255585
-0.00357056
-0.00308228
0.00567627
-0.01091
-0.0104218
-0.00846863
-0.00505066
-0.0196838
0.000823975
-0.00846863
-0.0148315
-0.00556946
-0.000686646
-0.0118866
-0.014328
-0.00163269
-0.00166321
-0.0163116
-0.00408936
-0.00801086
-0.00262451
-0.0197144
-0.00262451
-0.014328
-0.00405884
-0.00698853
0.0037384
0.0022583
-0.00653076
-0.0070343
-0.0192108
-0.00991821
-0.00700378
0.00375366
-0.00845337

[20]
-0.0138092
-0.0059967
-0.0123291
0.000350952
-0.00601196
-0.00454712
-0.00161743
-0.0148163
0.00520325
-0.0109253
-0.0124054
-0.0114288
0.00128174
-0.00849915
-0.00654602
-0.00947571
-0.00508118
-0.0206909
-0.0114136
0.0022583
-0.00360107
-0.0118866
-0.00505066
0.00860596
0.00518799
-0.00799561
0.000305176
-0.0045929
0.00419617
-0.0177612
-0.00360107
-0.0109253
-0.00602722
-0.00798035
0.001297
-0.00799561
0.00518799
-0.0138397
-0.00553894
-0.0138397
-0.00650024
-0.0167542
0.000335693
-0.0138245
-0.00650024
-0.0103912
-0.00552368
-0.0113831
-0.00942993
-0.0050354

[21]
-0.0108948
-0.00453186
-0.00308228
-0.0211639
-0.00115967
-0.00314331
-0.00656128
-0.0192566
-0.00657654
-0.000228882
-0.000213623
-0.00997925
-0.00167847
-0.00460815
-0.00361633
-0.00166321
-0.0177612
-0.00163269
-0.0153046
-0.00163269
-0.00946045
-0.00212097
-0.0040741
-0.0153046
-0.0119019
0.00419617
0.0032196
-0.00605774
-0.00997925
-0.0104828
-0.00559998
-0.00949097
-0.021698
-0.0153351
-0.00312805
0.00810242
-0.00604248
-0.01091
-0.00552368
0.0106049
-0.00697327
-0.0123596
-0.000167847
-0.00505066
-0.00846863
-0.014328
-0.00259399
-0.0123596
-0.00845337
-0.00845337

[22]
-0.00698853
0.00375366
-0.00944519
-0.000183105
-0.0162811
-0.0113831
-0.00210571
-0.00209045
-0.0123444
-0.00941467
0.013504
-0.00062561
-0.00257874
0.00474548
-0.0035553
-0.00404358
-0.0177155
-0.0123596
-0.00454712
-0.0206604
-0.00796509
-0.0128479
-0.0108948
0.00762939
-0.00553894
-0.00210571
-0.00259399
-0.00454712
-0.00747681
-0.00942993
0.0105743
0.00178528
-0.0065155
-0.0123596
-0.00990295
-0.000137329
0.00376892
-0.0182037
-0.0221252
0.00570679
-0.00308228
-0.00454712
-0.0128632
-0.00114441
-0.00260925
-0.00552368
0.00912476
-0.00405884
-0.0059967
-0.00794983

[23]
-0.0118561
-0.00942993
0.00813293
-0.0118713
-0.0167542
0.00424194
-0.00796509
-0.0108795
-0.0123444
0.00183105
-0.015274
-0.00695801
0.00230408
-0.0059967
-0.00160217
-0.00402832
-0.00794983
-0.014801
-0.0138245
-0.00796509
-0.00114441
0.001297
-0.00700378
-0.0123749
-0.0157928
-0.0104065
0.0027771
-0.0035553
-0.0182037
-0.0142975
-0.000152588
-0.00358582
-0.014801
-0.000656128
-0.00404358
-0.00697327
0.00132751
-0.0045166
-0.0211182
-0.00209045
-0.0059967
-0.015274
-0.00209045
-0.0035553
0.00524902
-0.00402832
-0.022583
-0.015274
-0.00746155
-0.0152893

[24]
-0.00646973
-0.00744629
-0.00308228
-0.0104218
-0.0065155
-0.0133667
-0.00508118
-0.00605774
-0.0163116
-0.0113983
-0.00552368
0.00521851
0.00227356
0.00468445
0.00566101
-0.00311279
-0.01091
-0.0114288
-0.0119171
-0.00508118
-0.0187378
-0.00309753
0.00227356
0.00424194
-0.0118866
-0.0138397
-0.00260925
-0.0138092
-0.0235901
-0.0118866
-0.00750732
-0.0202026
-0.0114136
-0.00753784
-0.00167847
0.000747681
-0.00364685
-0.0124512
-0.00317383
-0.00854492
-0.000228882
-0.014389
-0.0168457
-0.0231781
-0.00952148
-0.00364685
0.000747681
-0.00511169
-0.0065918
-0.00364685

[25]
-0.00559998
-0.00511169
-0.0207367
-0.013916
-0.00317383
0.00172424
-0.00657654
-0.00952148
-0.0134277
0.00512695
-0.00804138
-0.00315857
-0.0109558
-0.0104675
-0.00119019
-0.000213623
-0.00119019
-0.00804138
-0.00366211
0.000747681
-0.0075531
-0.00805664
-0.0207672
-0.0114746
-0.013916
-0.0080719
-0.000274658
0.00267029
-0.0158844
-0.00708008
-0.00708008
-0.0104828
-0.00364685
-0.00120544
-0.0163269
-0.0075531
-0.00997925
-0.0129089
-0.0129089
-0.0133972
0.0032196
-0.0114441
-0.00167847
-0.00949097
-0.00509644
-0.00753784
-0.0070343
-0.0138397
-0.0114136
-0.00602722

[26]
0.00180054
-0.00747681
-0.0104065
-0.00942993
-0.000167847
-0.0172729
-0.00602722
0.00274658
0.00323486
-0.0138397
-0.00161743
-0.00944519
0.0037384
-0.0104218
-0.014801
0.00473022
0.0027771
0.00228882
-0.00796509
-0.0123901
-0.0055542
-0.00262451
-0.00361633
-0.000686646
-0.000213623
-0.0167847
-0.0177765
-0.0216675
0.00224304
-0.00604248
-0.013855
-0.0143433
-0.0045929
-0.00265503
-0.0148621
-0.0104675
-0.006073
-0.00511169
0.00271606
-0.00558472
-0.0134125
-0.00704956
-0.0236664
-0.00706482
-0.00610352
-0.0104828
-0.00120544
-0.00511169
-0.0129089
-0.00558472

[27]
-0.00314331
-0.0187378
-0.00942993
-0.0108948
-0.0133209
-0.00502014
-0.00648499
-0.00550842
-0.00939941
-0.00257874
-0.00502014
-0.022583
-0.000610352
-0.00697327
-0.00843811
-0.00744629
-0.0108643
0.00428772
-0.00549316
-0.0147705
-0.019165
-0.00502014
-0.00404358
-0.0108795
-0.00552368
-0.0138092
-0.00646973
0.000350952
0.00228882
-0.00700378
-0.0143127
-0.00212097
-0.0104065
-0.00111389
-0.00938416
-0.0108643
-0.00111389
-0.000137329
-0.00794983
-0.00549316
-0.00306702
-0.0103912
-0.00744629
-0.0142822
-0.00402832
-0.00108337
0.000869751
-0.000610352
-0.00498962
0.00622559

[28]
0.0032959
-0.000610352
-0.00402832
-0.0147705
-0.00743103
-0.00743103
-0.0113373
-0.0045166
0.00233459
-0.00402832
-0.0020752
-0.0020752
-0.00643921
0.000411987
-0.00448608
-0.00689697
-0.00495911
-0.0103302
-0.00398254
-0.00790405
0.00038147
-0.00402832
0.000350952
0.000854492
0.0096283
0.000823975
-0.00700378
-0.0167542
-0.00941467
0.0042572
-0.00352478
0.00379944
-0.0123138
0.000366211
-0.00941467
-0.00648499
-0.00695801
0.00375366
-0.00798035
-0.00114441
0.00814819
-0.0187073
0.0027771
0.00178528
-0.00553894
-0.00309753
-0.0182343
-0.0192413
-0.0148468
-0.0123901

[29]
-0.010437
-0.0143433
-0.00994873
-0.00798035
-0.0133362
-0.00257874
-0.00648499
0.00178528
-0.014801
-0.0104065
-0.00796509
-0.00749207
-0.0123901
0.0105591
-0.0104675
-0.00802612
-0.00361633
-0.00360107
-0.018219
-0.00700378
0.00274658
0.00518799
-0.0148315
-0.00799561
-0.0055542
-0.0124054
-0.0114136
0.00419617
-0.0045929
-0.0114136
-0.00117493
-0.00360107
-0.000640869
-0.0065155
0.00715637
-0.0040741
-0.0148163
-0.00601196
-0.00941467
-0.000656128
-0.00456238
-0.00993347
-0.00700378
-0.00553894
-0.00798035
0.00666809
-0.0104218
-0.00114441
-0.00505066
-0.00846863

[30]
-0.0050354
-0.0152588
-0.00695801
-0.0215912
-0.0030365
-0.00450134
-0.010849
0.00331116
0.000396729
-0.00839233
-0.00544739
-0.0108032
0.000915527
-0.0176392
-0.0039978
-0.000106812
0.00720215
-0.0167236
-0.0108643
-0.0113678
-0.0108795
-0.0123444
-0.0147858
-0.00552368
0.00961304
-0.0104218
0.001297
-0.0177612
-0.00846863
-0.0104218
-0.01091
-0.00846863
-0.00653076
-0.0167847
-0.0148315
-0.0114136
-0.00752258
0.00613403
0.00418091
-0.00706482
-0.00460815
-0.0197449
-0.0085144
-0.00558472
0.00418091
-0.0104523
-0.00656128
0.00953674
-0.0124207
-0.00363159

[31]
-0.00559998
-0.0148621
-0.000732422
-0.00708008
0.00366211
0.00366211
0.00416565
-0.00267029
-0.0124359
0.00170898
-0.00758362
-0.0119629
-0.0104828
-0.000244141
-0.00512695
-0.0114594
0.000732422
-0.0178223
-0.00364685
-0.0114441
-0.00656128
-0.00947571
-0.0124054
-0.0109406
-0.00947571
-0.00750732
-0.00312805
-0.0158386
-0.01828
-0.00804138
-0.000701904
0.00126648
0.00712585
-0.0143585
-0.0177765
-0.00558472
-0.00218201
-0.0100098
-0.00804138
-0.00511169
-0.0124359
0.00366211
0.000244141
0.00708008
-0.0183105
0.00415039
-0.0163574
0.00463867
-0.0124512
0.000732422

[32]
-0.0129547
-0.00563049
-0.0290527
-0.00561523
-0.00318909
-0.016861
0.00120544
-0.00561523
-0.0153809
-0.000747681
-0.0105133
0.00169373
-0.00611877
0.00363159
-0.0110168
-0.0119781
-0.0187988
-0.00511169
0.000747681
-0.00215149
-0.0177612
0.00370789
-0.0114136
-0.0143585
-0.00801086
0.00271606
-0.00704956
-0.00263977
-0.0128784
-0.00311279
-0.00408936
-0.0128632
-0.00749207
-0.00994873
-0.010437
-0.0133667
-0.0294647
-0.00213623
0.00421143
-0.00115967
-0.00213623
-0.014328
-0.000183105
-0.0104523
0.00418091
0.00564575
-0.000213623
0.000274658
-0.00508118
-0.0114136

[33]
-0.00506592
-0.00849915
-0.0055542
-0.0133362
0.00765991
-0.00163269
-0.0123749
-0.0153046
-0.00213623
-0.0119019
-0.0133667
-0.00164795
-0.00653076
-0.013382
-0.00799561
-0.00750732
-0.0109253
-0.0153198
-0.013382
-0.00265503
-0.00654602
-0.0119019
-0.0157928
-0.0109253
0.0022583
-0.00358582
-0.014328
-0.00602722
-0.0206757
-0.00357056
-0.0128479
-0.00700378
-0.0133667
-0.00946045
-0.00115967
-0.000183105
-0.01091
-0.00456238
0.00326538
-0.0108643
0.000366211
-0.00453186
-0.00842285
-0.00109863
-0.00697327
-0.0133209
-0.0123444
-0.00747681
-0.000640869
-0.00845337

[34]
-0.014801
-0.00453186
-0.00305176
-0.00402832
-0.00254822
-0.0113373
-0.00596619
-0.0147552
-0.00939941
-0.00453186
0.0110931
-0.000137329
-0.000137329
-0.0118713
-0.00993347
-0.000167847
-0.0201569
-0.0103912
-0.0206604
-0.0128479
-0.0103912
0.00914001
-0.0118256
-0.0157318
-0.0172119
-0.0103912
-0.00552368
-0.0113983
-0.0182495
-0.00410461
-0.0128632
0.00178528
-0.00456238
-0.00994873
-0.00653076
0.00715637
-0.00358582
-0.000183105
-0.00115967
-0.0187378
-0.00213623
-0.00846863
-0.0158081
-0.00408936
-0.0119019
-0.00553894
-0.0040741
-0.0158081
-0.0241241
-0.0128784

[35]
0.00125122
-0.0211945
0.000808716
-0.0211487
-0.0162659
-0.0118561
-0.00354004
-0.00842285
0.00183105
-0.00694275
-0.00205994
0.00479126
-0.00498962
-0.00741577
-0.0230255
-0.00788879
-0.00299072
-0.0117798
-0.0181274
-0.0122833
-0.0142365
-0.00105286
-0.0132294
0.00628662
-0.00982666
-0.00445557
-0.00398254
-0.00302124
-0.00157166
-0.0128174
-0.00256348
-0.00840759
-0.0171814
-0.00205994
0.000869751
-0.0157318
-0.0171967
-0.0210876
0.00187683
-0.000564575
-0.00447083
-0.0147247
0.00576782
-0.00596619
-0.00692749
-0.0113373
-0.00743103
-0.00498962
-0.0186462
-0.014267

[36]
-0.0132751
-0.0039978
-0.0025177
-0.0142365
-0.00302124
-0.014267
-0.0186462
-0.00938416
-0.0132904
-0.00793457
-0.0167236
-0.00256348
-0.00256348
-0.0103607
-0.0118103
-0.00105286
-0.0103455
0.00088501
-0.00645447
-0.00350952
-0.00106812
-0.0191193
-0.00297546
-0.00933838
-0.0142212
-0.00933838
0.00140381
-0.0132294
-0.00831604
0.000946045
-0.00782776
-0.00683594
0.000961304
-0.0107574
-0.0141754
-0.0156403
-0.00050354
-0.0131989
-0.00146484
-0.00634766
-0.0170898
-0.00245667
-0.0185852
-0.0083313
-0.00248718
-0.00834656
-4.57764e-05
-0.00738525
-0.0190735
-0.00050354

[37]
-0.000991821
0.00387573
0.000457764
-6.10352e-05
-0.0137482
-0.0103302
-0.00154114
-0.0122833
-0.00202942
-0.00788879
0.00189209
-0.0205688
-0.00689697
-0.0108185
-0.000106812
-0.00987244
0.00135803
-0.0118103
-0.00447083
-0.00741577
-0.00108337
-0.0137787
-0.0142517
-0.0103455
-0.00544739
-0.00302124
-0.0142517
-0.00935364
0.00576782
-0.00596619
-0.00012207
-0.0250397
0.000350952
-0.0152588
-0.0035553
-0.0118713
-0.0123444
-0.00454712
-0.0065155
-0.00602722
-0.00456238
0.0159302
-0.0162811
0.00422668
-0.00946045
-0.0162964
-0.0162964
-0.00262451
-0.00213623
-0.00604248

[38]
-0.00604248
-0.0206757
-0.00111389
-0.0157776
-0.00454712
-0.00602722
-0.0113831
-0.00161743
-0.00454712
-0.0118408
-0.0225677
-0.0147552
-0.0113373
-0.00645447
-0.00352478
-0.00646973
-0.00648499
-0.0133057
-0.0142822
-0.0118408
-0.0098877
-0.0157318
-0.00692749
0.00773621
-0.0146942
0.00189209
0.0101929
-0.00788879
-0.011795
-0.000564575
-0.00642395
-0.00691223
-0.00741577
-0.00398254
-0.00204468
-0.00498962
-0.0176849
-0.00352478
-0.00204468
-0.00935364
-0.00788879
-0.0128021
-0.0191345
-0.00108337
0.00231934
0.00183105
0.00669861
0.00132751
-0.00646973
-0.0167236

[39]
-0.00306702
-0.00209045
-0.00210571
-0.000671387
-0.00605774
-0.0133667
-0.0114136
0.00323486
-0.00506592
-0.0109253
-0.0119019
-0.00311279
-0.0114288
-0.00115967
-0.0148315
-0.00602722
-0.00750732
-0.00361633
0.00224304
0.00320435
-0.00656128
-0.0138702
-0.0123901
-0.0226288
-0.0157928
-0.00993347
-0.0128784
-0.0143585
-0.00508118
-0.0109253
-0.0128937
-0.000183105
-0.0123901
0.000274658
0.00421143
-0.0167847
-0.00505066
-0.00164795
-0.000183105
0.00175476
-0.00947571
-0.00460815
-0.00556946
-0.00753784
-0.0197449
-0.00605774
-0.00848389
-0.00115967
-0.000686646
-0.00947571

[40]
0.0110321
0.00810242
-0.0168152
-0.00656128
0.00714111
-0.0148163
0.00762939
-0.0153351
-0.00263977
-0.014328
-0.014801
-0.00358582
0.00131226
0.000320435
-0.00358582
-0.0182037
-0.0118561
-0.000640869
-0.00700378
0.0022583
0.000793457
-0.00846863
-0.00993347
-0.0113983
-0.00163269
-0.00260925
-0.0123749
-0.00700378
-0.00556946
-0.00947571
-0.00265503
-0.017807
-0.000228882
0.000274658
-0.0114288
-0.0085144
0.000274658
-0.00410461
0.0100555
-0.010437
0.00126648
-0.00312805
-0.0206909
-0.00700378
0.0120239
-0.0104523
0.0139465
0.00761414
-0.00508118
-0.0163269

[41]
-0.0158386
0.00222778
-0.00950623
-0.0148621
-0.0250854
-0.0196991
-0.00213623
-0.0157928
-0.00700378
-0.00213623
-0.00602722
0.00765991
-0.0133362
-0.0167542
-0.014801
0.00326538
-0.00942993
0.000823975
-0.00991821
0.00814819
-0.0020752
-0.0289307
-0.000137329
-0.000640869
-0.0118866
-0.00309753
0.00372314
-0.0177612
-0.0162964
-0.0128937
-0.0167847
-0.00410461
-0.00654602
-0.00262451
-0.000686646
-0.00216675
-0.0129089
-0.00410461
-0.0148468
-0.00508118
-0.00802612
-0.0128632
0.000320435
-0.00697327
-0.021637
-0.00405884
-0.0152893
0.00230408
0.00228882
0.00762939

[42]
-0.0143127
-0.00993347
0.00521851
-0.0104218
-0.00114441
-0.00506592
-0.0163116
0.00177002
-0.00361633
-0.000686646
-0.00994873
-0.00798035
-0.00114441
-0.00309753
-0.00846863
-0.00259399
-0.00746155
-0.00746155
0.004776
-0.00157166
-0.00645447
-0.00205994
-0.00354004
-0.0186768
-0.0177002
-0.00401306
-0.0118256
0.00720215
-0.000106812
0.00476074
-0.0167542
-0.018219
-0.00749207
-0.0108948
-0.00602722
0.000823975
-0.00846863
-0.0118866
-0.014801
-0.000152588
-0.0133209
-0.0177155
-0.0113831
0.00523376
-0.00111389
-0.00843811
-0.00405884
-0.0162811
-0.00747681
0.00325012

[43]
-0.00796509
0.000823975
-0.0113983
-0.00311279
-0.00408936
-0.00311279
-0.00799561
-0.00163269
-0.00260925
0.00813293
0.00131226
0.0027771
-0.0152893
-0.00796509
-0.0128326
-0.00160217
-0.0128326
-0.000610352
0.00378418
-0.00500488
-0.018692
-0.00305176
0.000350952
-0.0182037
-0.0113678
-0.018692
0.0018158
-0.014801
-0.00746155
-0.00209045
0.00523376
-0.00746155
-0.00502014
-0.00646973
0.0140381
-0.00402832
-0.0147858
-0.00698853
-0.0050354
-0.0138245
-0.0221405
-0.00846863
-0.00700378
0.000793457
-0.0119019
-0.00946045
-0.0148315
-0.0236206
-0.0133514
-0.00750732

[44]
-0.00114441
0.00714111
-0.00750732
-0.00996399
-0.00801086
-0.0109558
-0.00265503
-0.00752258
-0.0045929
-0.00750732
-0.00799561
-0.00848389
-0.00311279
-0.0196991
-0.00796509
-0.00405884
-0.021637
-0.00357056
-0.00257874
-0.000137329
-0.00453186
-0.014801
-0.00357056
-0.0123596
0.00228882
0.00569153
-0.00408936
0.00517273
-0.0119171
-0.013855
-0.0172577
-0.00991821
0.00131226
-0.00109863
-0.0113373
-0.00205994
-0.00744629
-0.0108643
-0.0113373
-0.00645447
-0.00012207
-0.0020752
-0.02211
-0.00257874
-0.00598145
-0.0157471
-0.00305176
-0.00305176
-0.010376
-0.0147858

[45]
-0.0098877
-0.00402832
-0.00256348
-0.00645447
-0.010376
-0.00352478
0.000854492
-0.0103607
0.00476074
-0.00840759
-0.00500488
-0.00987244
-0.00741577
-0.00106812
-0.0123138
-0.00257874
-0.00454712
-0.0172577
-0.00358582
0.000335693
-0.0123596
-0.0108948
-0.00454712
-0.0050354
-0.00404358
-0.00941467
0.00474548
-0.0177002
0.00572205
-0.00062561
-0.0206451
-0.0103912
-0.00453186
0.000839233
-0.0245514
-0.00160217
-0.0133209
0.000320435
-0.0133514
-0.0157776
-0.0123749
-0.00163269
-0.000656128
-0.00163269
-0.00698853
-0.0133362
-0.00259399
-0.000640869
-0.00749207
-0.00846863

[46]
-0.00941467
-0.0216217
-0.0118561
0.00230408
-0.00357056
-0.0123749
-0.00212097
-0.00358582
-0.00311279
-0.00213623
-0.0138702
-0.0148468
-0.00506592
0.00175476
-0.00167847
-0.0045929
-0.00508118
-0.0123901
-0.017746
-0.00796509
0.00572205
-0.0181885
-0.00354004
-0.00939941
-0.00354004
0.00233459
-0.0020752
-0.00990295
0.00720215
-0.0108643
-0.0172119
0.00134277
-0.000595093
-0.0118256
-0.00646973
-0.0132904
0.00038147
-9.15527e-05
-0.00987244
-0.0113373
-0.00450134
-0.00938416
-0.0118103
-0.00205994
-0.00549316
0.000335693
-0.0162506
0.000839233
0.00572205
-0.0191803

[47]
0.00619507
0.00422668
-0.0162659
-0.00552368
-0.00405884
-0.0065155
-0.0128784
-0.00215149
-0.0153351
-0.00363159
0.00221252
-0.00267029
-0.00608826
-0.0148926
-0.00660706
-0.0085907
-0.00860596
0.00164795
-0.0139771
0.00312805
-0.00123596
-0.00856018
0.00706482
-0.00465393
-0.00613403
-0.009552
-0.00270081
-0.00268555
-0.0100098
-0.00660706
-0.000228882
-0.00218201
0.0065918
-0.00852966
-0.0110016
-0.000274658
-0.00416565
-0.00759888
-0.0100403
-0.0110016
-0.0124664
-0.0178375
0.00462341
-0.0149231
-0.0134583
-0.0134735
0.00799561
-0.00663757
-0.0032196
-0.00273132

[48]
-0.00419617
-0.00810242
0.00216675
-0.0153961
0.00363159
0.000686646
-0.0164032
-0.00175476
-0.0085907
0.00119019
-0.00270081
0.000732422
-0.00660706
-0.00367737
-0.009552
0.00556946
0.000686646
-0.0178528
-0.0197906
-0.00366211
-0.00119019
-0.00167847
-0.0182953
-0.0246429
0.00172424
-0.0109711
-0.0124359
-0.014389
0.0012207
-0.0129242
-0.00263977
-0.00410461
-0.00166321
-0.00265503
-0.00408936
-0.0065155
-0.00114441
0.000808716
-0.00210571
-0.0108948
-0.0059967
-0.0123444
0.000335693
-0.00209045
-0.0196838
-0.0133362
-0.0240479
-0.010376
-0.010849
-0.0162201

[49]
-0.0132904
-0.00398254
-0.00593567
-0.00253296
-0.00204468
-0.00300598
-0.00985718
0.0052948
-0.00349426
-0.0025177
-0.00299072
-0.00688171
-0.0156708
-0.00982666
-0.00935364
-0.0132446
0.00334167
-0.00982666
-0.00642395
-0.00933838
-0.00398254
-0.00544739
-0.00642395
-0.0117798
-0.00445557
-0.00202942
0.00234985
-0.00106812
-0.00398254
-0.00640869
-0.00447083
-0.0127716
-0.00152588
-0.0215454
-0.0137482
-0.0151978
-7.62939e-05
0.000396729
-0.018631
-7.62939e-05
-0.00740051
-0.011322
-0.00643921
0.00430298
-0.011795
-0.000549316
-0.0142365
-0.000564575
-0.00839233
-0.00302124

[50]
-0.00692749
-0.0176697
-0.00791931
0.004776
-0.00205994
0.000396729
-0.00350952
-0.0108337
0.00627136
-0.0113068
-0.0186462
-0.00350952
-0.0205994
-0.0118103
0.000869751
-0.0030365
0.00526428
-0.0147552
-0.019165
0.000396729
-0.0039978
-0.00204468
-0.00498962
-0.000595093
-0.00352478
-0.0133057
0.00427246
-0.00502014
-0.0147705
-0.00500488
-0.0020752
-0.00498962
-0.0030365
-0.0122986
0.00088501
-0.0127869
-0.00691223
-0.0205994
-0.0157318
-0.00108337
-0.0211029
-0.014267
-0.00012207
-0.0152435
0.0101318
-0.00842285
-0.00401306
-0.00302124
-0.00596619
-0.00253296

[51]
-0.00645447
-0.000595093
0.00231934
0.0042572
-0.0020752
-0.00598145
0.00230408
0.000350952
-0.0147858
-0.00405884
-0.0133209
-0.0201569
0.00521851
-0.0108948
-0.0098877
-0.0113525
-0.0162354
-0.00646973
-0.00450134
-0.0137787
-0.000610352
0.00769043
-0.0186768
0.00720215
-0.0167542
0.0018158
-0.0128326
-0.00112915
-0.0118561
-0.0059967
-0.010376
-0.00744629
0.000366211
-0.00549316
-0.00743103
-0.0147705
-0.0186615
-0.022583
-0.0108795
-0.00062561
-0.00942993
-0.0133362
-0.000152588
-0.00308228
-0.0142975
-0.0133362
-0.00552368
-0.00500488
-0.0128021
-0.00987244

[52]
-0.00108337
0.00038147
-0.014267
-0.00498962
0.000900269
0.000900269
-0.0157013
0.00332642
-0.0039978
0.00088501
0.000869751
-0.0118103
-0.0162201
-0.0147552
-0.00646973
-0.00256348
-0.0133209
-0.00306702
-0.0133209
-0.00746155
-0.00502014
-0.0142822
-0.0113525
-0.00500488
0.00717163
-0.00799561
-0.00357056
-0.00650024
-0.0055542
0.00224304
-0.00752258
-0.0173035
-0.00314331
-0.00363159
-0.0177765
-0.0128937
-0.00947571
-0.00411987
-0.0085144
-0.00511169
-0.00708008
-0.0163574
-0.00364685
-0.0124359
-0.0075531
-0.00265503
-0.00119019
0.00221252
-0.0163422
-0.000732422

[53]
-0.00465393
-0.010498
-0.0124512
0.00413513
-0.00563049
-0.0178375
-0.000259399
-0.00805664
0.00415039
-0.0119781
-0.010025
-0.00758362
-0.000259399
-0.00123596
-0.00221252
0.00704956
-0.00465393
-0.00759888
-0.00514221
-0.0192871
-0.00463867
-0.0178223
-0.00415039
-0.0212555
-0.0193024
-0.0100098
-0.00363159
-0.00706482
0.01297
-0.0124054
0.00126648
0.00175476
-0.010437
-0.0138245
0.00132751
-0.00308228
-0.00357056
-0.00260925
-0.0113983
-0.00946045
0.000823975
0.00421143
-0.00358582
-0.0118713
-0.0138092
-0.00306702
-0.00845337
-0.0118713
-0.00601196
0.000793457

[54]
-0.00848389
-0.010437
0.0037384
-0.0133514
-0.0187225
-0.00849915
-0.00509644
-0.00949097
-0.00704956
-0.00363159
0.0173492
-0.00363159
-0.00656128
-0.0119476
-0.00170898
-0.00268555
0.00997925
-0.00611877
-0.00515747
-0.0158997
-0.00320435
-0.00952148
-0.0109863
-0.00512695
-0.00415039
-0.00170898
-0.0109863
-0.0231781
-0.00706482
-0.0114288
0.000778198
-0.0138397
-0.0162811
-0.00942993
-0.00646973
-0.00793457
-0.00646973
-0.015274
-0.0118561
-0.0113525
-0.00402832
-0.00743103
-0.00744629
-0.00793457
-0.0108643
-0.00500488
0.0032959
-0.00646973
-0.00305176
-0.00595093

[55]
-0.0128784
-0.0109253
-0.0045929
-0.0158081
-0.0128784
-0.00750732
-0.00115967
-0.0123901
0.00177002
-0.00508118
0.000305176
-0.0114136
-0.00213623
-0.017746
-0.0113983
-0.00114441
-0.0148315
-0.0113983
-0.0119019
-0.00848389
-0.00360107
-0.00553894
-0.00944519
-0.0104218
-0.00505066
-0.00505066
-0.00846863
-0.00944519
-0.010437
-0.000656128
-0.00605774
-0.0177612
-0.00848389
-0.00456238
-0.00848389
-0.00605774
-0.00311279
-0.0236206
-0.0128632
-0.0065155
0.000320435
-0.00701904
-0.00311279
-0.0172729
-0.000671387
0.000289917
-0.00263977
0.00419617
-0.00213623
-0.010437

[56]
-0.0177612
-0.00213623
-0.00654602
-0.00457764
-0.0104218
-0.00994873
-0.00698853
-0.0113831
-0.00991821
0.00227356
-0.00164795
-0.00846863
-0.00991821
-0.0108948
-0.00553894
-0.00456238
-0.00457764
-0.00408936
-0.00115967
0.000793457
-0.00311279
-0.00798035
-0.0050354
-0.000152588
-0.0133362
0.000350952
0.00427246
-0.00404358
-0.000137329
-0.00843811
-0.00062561
-0.00306702
0.00132751
-0.0123596
-0.0104065
-0.00259399
-0.0040741
-0.000640869
-0.0123596
-0.00210571
-0.00846863
0.00131226
-0.00552368
-0.014801
-0.00456238
-0.0055542
0.00128174
0.00712585
-0.0119019
-0.00408936

[57]
-0.0167847
-0.013382
-0.00753784
-0.00947571
-0.0138702
0.000289917
-0.00994873
-0.00846863
-0.0104218
0.00471497
-0.0118713
-0.0128479
-0.0118561
-0.00205994
-0.010849
-0.00645447
-0.0113373
0.00134277
-0.0118256
-0.0162354
0.0110779
0.00424194
-0.00212097
-0.00166321
0.000793457
-0.00848389
0.00665283
-0.00604248
0.00273132
-0.010437
0.000778198
-0.00653076
-0.00117493
-0.0143433
-0.00605774
-0.0119171
-0.0187225
-0.00112915
-0.00161743
-0.0245361
0.00132751
0.00132751
-0.00650024
0.000320435
-0.0192108
-0.00112915
-0.00698853
-0.00405884
-0.00941467
-0.0118561

[58]
-0.00454712
-0.0123596
0.000335693
-0.0128479
0.00471497
-0.00944519
-0.00309753
-0.00161743
-0.0050354
-0.00114441
0.00764465
-0.00163269
-0.0157928
-0.0138245
-0.00210571
-0.0104065
0.00912476
-0.014328
-0.00358582
-0.00114441
-0.00747681
-0.0133514
-0.00260925
0.00666809
-0.01091
-0.00747681
-0.00646973
0.00331116
-0.0152435
-0.00842285
-0.00990295
0.00132751
-0.00209045
-0.0128479
-0.000152588
-0.00796509
0.00567627
-0.010437
-0.0138702
-0.0133667
-0.014328
-0.000671387
-0.0104523
-0.0158081
0.00614929
-0.013382
-0.00752258
-0.0231476
-0.00215149
-0.00457764

[59]
-0.00361633
0.00810242
-0.0104523
-0.00508118
-0.00166321
-0.0104523
-0.00704956
-0.00656128
-0.0158386
-0.0109711
-0.006073
-0.0070343
-0.00315857
0.00514221
-0.00706482
-0.00413513
-0.00561523
-0.00318909
-0.0197906
-0.00758362
-0.0105438
-0.0022583
-0.0237579
-0.00422668
-0.00665283
-0.00518799
-0.00518799
-0.0154419
-0.000289917
-0.0100708
-0.0100555
-0.0188293
-0.0124817
-0.00271606
-0.00952148
-0.0158844
-0.00465393
-0.0114899
-0.00317383
-0.0109863
0.000732422
-0.00805664
-0.00169373
-0.0133972
-0.00119019
-0.00950623
0.010025
-0.00610352
-0.0119629
-0.00270081

[60]
-0.0144196
-0.0110016
0.00267029
-0.00273132
0.00462341
0.00559998
-0.010498
-0.0110016
0.00315857
-0.00221252
-0.0149231
0.00947571
-0.00177002
-0.0071106
-0.0227509
-0.00662231
-0.00514221
-0.0119629
-0.0173187
-0.00267029
-0.00997925
0.00123596
-0.00854492
-0.00852966
-0.00413513
-0.00167847
-0.00363159
-0.0173187
0.00369263
-0.00656128
-0.0109406
-0.0045929
-0.00263977
-0.0167999
-0.0104523
-0.00848389
-0.00508118
-0.00654602
-0.0114136
-0.00747681
-0.0138245
-0.00700378
-0.0104218
-0.00505066
-0.0226288
-0.00308228
-0.0123901
-0.00556946
-0.0124054
0.00468445

[61]
-0.0133667
0.00126648
-0.0202179
-0.0128937
-0.0202332
-0.0143585
-0.0133667
-0.00361633
-0.0187378
-0.00115967
-0.0065155
-0.00553894
-0.00799561
-0.00309753
-0.014328
-0.0133514
-0.0157928
-0.00260925
-0.00993347
-0.00747681
-0.00456238
-0.0206757
0.00860596
-0.0153351
-0.0133514
-0.00604248
-0.00262451
0.00175476
0.00372314
-0.00949097
-0.00558472
-0.00559998
-0.00511169
-0.00704956
-0.00802612
0.00660706
-0.0114441
-0.00804138
-0.0109711
-0.00267029
-0.0065918
-0.00219727
-0.00856018
0.00170898
-0.00804138
-0.00167847
-0.00752258
-0.0128784
0.00178528
-0.0226288

[62]
-0.00700378
-0.00262451
-0.00360107
-0.0182495
-0.0118866
-0.00506592
-0.00946045
-0.00360107
-0.0182343
-0.00601196
-0.00212097
-0.00698853
-0.00990295
-0.00697327
0.00279236
-0.000137329
-0.00842285
-0.0113525
-0.00550842
-0.0133362
-0.00942993
0.00280762
-0.0294342
-0.0123291
-0.00062561
-0.0035553
-0.00991821
0.001297
0.000305176
-0.000686646
-0.000213623
-0.00657654
-0.00462341
-0.00169373
-0.00267029
-0.00558472
-0.00216675
0.00564575
-0.00265503
-0.0173035
0.00421143
-0.0172577
-0.000640869
-0.000152588
-0.0050354
-0.0128479
-0.00700378
0.0022583
-0.00848389
0.00274658

[63]
-0.0158234
0.000778198
-0.013382
-0.0148315
0.00125122
0.000259399
-0.0139008
-0.00949097
-0.00950623
-0.00411987
-0.00265503
-0.00752258
-0.0114441
-0.0163116
-0.0075531
-0.00314331
-0.0221863
0.000747681
0.00123596
-0.0133972
-0.00605774
-0.00605774
-0.00215149
-0.0070343
-0.0114288
-0.00360107
-0.00115967
-0.00653076
-0.00508118
0.00320435
-0.00947571
-0.0197296
-0.0148468
-0.0104675
-0.000213623
0.00517273
-0.0153351
-0.0221558
-0.013855
-0.0119019
-0.00164795
-0.0211945
-0.0167847
-0.0143433
-0.0270386
-0.00163269
-0.00701904
-0.00801086
-0.00556946
-0.0133972

[64]
-0.00802612
-0.00949097
-0.00314331
-0.00361633
-0.0104523
-0.00753784
-0.000213623
0.000274658
-0.0177917
0.00369263
-0.00460815
-0.0168304
-0.0158691
-0.016861
-0.0119934
-0.00469971
-0.0149536
-0.00126648
-0.00712585
-0.00566101
-0.0110168
-0.0149078
0.00411987
-0.00613403
-0.00366211
0.00270081
-0.0129547
-0.0246735
-0.00170898
-0.00463867
-0.00320435
-0.00320435
-0.017868
-0.00468445
-0.0139618
0.0070343
-0.00515747
-0.013443
-0.0144196
0.00169373
-0.00709534
-0.00221252
-0.010498
-0.00463867
-0.0207825
-0.00222778
-0.0105438
0.00605774
-0.00520325
-0.00276184

[65]
-0.00325012
-0.0208282
-0.00227356
-0.00959778
0.00112915
-0.0101013
-0.00617981
-0.0154419
-0.0173798
-0.0124969
-0.00567627
-0.00421143
-0.00811768
-0.00956726
-0.00177002
-0.0125275
-0.0100861
-0.0178986
-0.0198517
-0.00370789
-0.0124817
0.0070343
0.00410461
0.00947571
-0.00515747
-0.000274658
-0.00418091
-0.00613403
-0.0237274
-0.00177002
-0.00518799
-0.00469971
0.000198364
0.00164795
0.000686646
-0.01297
-0.0114746
-0.00514221
-0.013443
-0.00611877
-0.0114899
0.00511169
-0.010025
-0.0110016
-0.0129089
-0.0153351
-0.00996399
-0.00994873
-0.00946045
-0.00119019

[66]
-0.0133972
-0.0129089
-0.0212097
-0.00704956
-0.0172882
0.00370789
-0.00411987
-0.0167999
-0.00263977
-0.00363159
-0.00706482
-0.00462341
-0.00218201
-0.006073
0.00759888
-0.00753784
-0.0207214
-0.00511169
-0.017807
-0.0109558
0.00469971
-0.0045929
-0.00360107
-0.00408936
0.00224304
-0.0153503
-0.00265503
-0.0124359
0.00953674
-0.0251465
0.00221252
-0.00605774
-0.013855
-0.000183105
0.00126648
-0.00994873
-0.00361633
-0.00653076
-0.00749207
-0.0201721
-0.00552368
-0.0113678
-0.018692
-0.00550842
-0.0147705
-0.00791931
-0.00743103
-0.0015564
-0.00741577
0.000411987

[67]
0.00820923
-0.00204468
-0.0122833
-0.00691223
-7.62939e-05
-0.0157013
-0.0161896
-0.00837708
0.000411987
-0.00836182
-4.57764e-05
-0.000518799
-0.00784302
-0.0102844
-0.00343323
-0.00149536
-0.00296021
-0.00297546
-0.0132294
-0.00588989
0.00682068
-0.00782776
0.00340271
-0.00442505
-0.0161438
0.00386047
-0.00979614
-0.00492859
-0.00445557
0.00283813
-0.0113373
-0.022583
-0.0108643
-0.00648499
0.00132751
-0.0103912
0.000823975
-0.0113678
-0.00746155
-0.0196686
-0.000640869
-0.00454712
-0.0128479
-0.0104065
-0.00843811
-0.000137329
-0.0142975
-0.00744629
-0.00012207
-0.00596619

