[1]
-0.336288
-0.0553589
-0.477921
-1.0081
-1.02106
-1.0423
-1.00038
-1.07652
-0.555222
-0.311569
-0.391495
-0.666672
-0.379333
-0.0610199
-0.296722
-0.0195465
-0.123352
0.0109558
0.00588989
0.013382
0.0435181
0.0451965
0.0518951
-0.0401764
-0.0168762
-0.0170593
0.0059967
-0.0144501
-0.0148468
-0.0401001
-0.0852966
-0.109192
-0.129456
-0.179489
-0.295258
-0.37738
-0.491196
-0.538315
-0.880127
-1.1394
-1.16527
-1.19354
-0.966385
-0.772629
0.38269
0.163879
0.233551
0.501892
0.88678
0.683395

[2]
0.67778
0.649017
0.605133
0.563629
0.492157
0.32666
0.131607
-0.142685
-0.646576
-1.04401
-1.07864
-1.11215
-1.0482
-1.14558
-0.603088
0.0223999
-0.272583
-0.88591
-0.172714
-0.262131
-0.130753
-0.0400238
-0.141556
-0.0177002
-0.00856018
0.00927734
0.0293427
-0.00588989
0.0484619
0.0352936
-0.0187378
-0.0339661
-0.00524902
0.00778198
-0.0429382
-0.0415802
-0.114044
-0.133652
-0.179703
-0.314484
-0.386871
-0.464127
-0.469116
-0.867523
-1.09862
-1.11711
-1.13765
-0.845978
-0.582535
0.357941

[3]
0.253372
0.0897522
0.383392
0.772995
0.646408
0.648773
0.640457
0.597382
0.553757
0.488266
0.363617
0.142395
-0.286789
-0.634583
-1.06754
-1.11342
-1.15492
-1.12248
-0.891174
-0.762085
-0.44725
-0.666077
-0.712418
-0.182663
-0.335114
-0.0522614
-0.160355
-0.0375366
-0.016571
-0.00608826
-0.0057373
0.0298615
0.00627136
0.0101624
-0.023468
0.00430298
-0.0214539
-0.051712
-0.0355682
-0.0578613
-0.103729
-0.187561
-0.161087
-0.198181
-0.270676
-0.358902
-0.511124
-0.516495
-0.953552
-1.10413

[4]
-1.12199
-1.14294
-1.11699
-0.355362
0.644608
-0.0280914
0.22966
0.818817
0.710678
0.743347
0.761337
0.67746
0.592041
0.530914
0.425797
0.173294
-0.195312
-0.711929
-1.07875
-1.12993
-1.17418
-1.07114
-1.08562
-0.758652
-0.334488
-0.299393
-0.937576
-0.29158
-0.294998
-0.183365
-0.0088501
-0.103104
0.0538483
-0.110413
-0.0284576
-0.0102692
0.0328369
-0.00318909
0.0348206
-0.0138855
-0.0115051
-0.0110474
-0.0744476
-0.0616608
-0.073822
-0.166458
-0.143845
-0.207916
-0.313507
-0.346069

[5]
-0.460373
-0.496658
-0.856369
-1.09251
-1.11012
-1.13406
-1.10448
-0.35817
0.753067
0.249771
0.297089
0.759979
0.696564
0.692001
0.685135
0.606491
0.536362
0.474487
0.378555
0.0528717
-0.368088
-0.878784
-1.09448
-1.14833
-1.19225
-0.991608
-0.632568
-0.898849
0.152512
-0.336166
-0.895645
-0.786377
-0.0375519
-0.473602
-0.114716
-0.142715
0.0341034
-0.106659
-0.089035
0.0544586
0.0444183
0.0237427
-0.000106812
-0.0229492
-0.0387726
-0.0181274
0.000152588
-0.0412598
-0.065094
-0.0884857

[6]
-0.149704
-0.15686
-0.229004
-0.335876
-0.42215
-0.535156
-0.526611
-1.04492
-1.09343
-1.11118
-1.10124
-1.03624
-0.0625458
0.685852
0.319138
0.404129
0.763351
0.710953
0.714157
0.698257
0.609818
0.522522
0.43869
0.261063
-0.023941
-0.447678
-1.04793
-1.11813
-1.16803
-1.14209
-1.05212
-1.21071
-0.370117
-0.680771
-0.4832
-0.760315
-0.163742
-0.200623
-0.112091
-0.0952606
-0.127579
-0.0236816
-0.118042
-0.00901794
0.0138855
0.0486603
0.039444
0.00489807
-0.0253754
-0.0305481

[7]
-0.0219727
-0.0414886
-0.0248566
-0.0877533
-0.105759
-0.110107
-0.226181
-0.333359
-0.379562
-0.468857
-0.543396
-0.987564
-1.08678
-1.10233
-1.11873
-0.894592
-0.492783
0.788422
0.0658264
0.121399
0.780273
0.775558
0.745193
0.726791
0.6651
0.595993
0.489471
0.404175
0.23349
-0.150192
-0.577896
-1.08238
-1.13351
-1.18069
-1.12827
-0.946609
-0.690842
0.24498
-0.252777
-0.75087
-0.53331
-0.113861
-0.403107
-0.125748
-0.250351
0.0451965
-0.123215
-0.0306244
0.0437012
-0.0124817

[8]
0.0357513
-0.02005
-0.00808716
-0.0232544
-0.0119934
-0.0349884
-0.0274811
-0.0551758
-0.0753326
-0.10701
-0.133041
-0.181488
-0.316422
-0.355591
-0.378098
-0.490479
-0.834793
-1.08192
-1.0972
-1.1124
-1.01624
-0.637619
0.510941
0.0531311
0.134308
0.783463
0.693542
0.746017
0.730927
0.701935
0.632187
0.554245
0.476837
0.310791
-0.00944519
-0.435852
-1.0318
-1.12827
-1.18129
-1.22145
-1.02266
-0.949722
-0.235382
-0.386917
-0.325119
-0.785202
-0.319611
-0.408691
-0.109543
-0.0271149

[9]
-0.0127716
-0.0298615
-0.110275
-0.020752
-0.0296326
0.0248871
0.0255127
0.0271301
-0.00842285
-0.0192108
-0.0444794
-0.0266266
-0.0355225
-0.0662994
-0.0724335
-0.105164
-0.0970459
-0.201248
-0.317688
-0.377243
-0.457443
-0.564194
-1.0394
-1.07767
-1.09349
-1.11534
-0.996216
-0.511658
0.699524
0.00227356
0.254532
0.838028
0.805832
0.816849
0.830215
0.75882
0.668793
0.580002
0.467468
0.337158
-0.0543365
-0.619247
-1.07903
-1.13031
-1.17703
-0.950073
-0.797913
-0.579391
-0.700363
-0.116577

[10]
-0.385117
-0.887604
-0.507431
0.0653229
-0.765366
-0.0917053
-0.0129547
0.0118103
-0.112488
-0.0386963
0.0085144
0.0107269
-0.00143433
0.0171356
0.00242615
-0.0189972
-0.0305481
-0.0464783
-0.0525513
-0.0765228
-0.0719147
-0.103592
-0.106918
-0.216431
-0.287918
-0.412384
-0.368301
-0.576767
-1.05794
-1.09425
-1.11075
-1.13071
-1.04198
-0.33667
0.709015
-0.186325
0.109009
0.791809
0.727173
0.698105
0.741714
0.690948
0.611847
0.578049
0.49321
0.277161
-0.0798645
-0.601379
-1.0773
-1.12665

[11]
-1.17026
-0.843582
-0.838394
-0.704544
0.214462
-0.497314
-0.837128
-0.608566
-0.184357
-0.570358
0.040329
-0.126709
0.0582733
-0.114304
0.0154724
-0.0264435
0.00915527
-0.0218048
0.0178833
0.0277557
0.012146
-0.0325928
-0.0775909
-0.0726624
-0.0785065
-0.0844116
-0.138306
-0.142075
-0.203278
-0.306168
-0.398239
-0.461029
-0.689163
-1.08568
-1.10028
-1.11516
-1.01241
-1.00969
0.326553
0.330353
0.512238
0.541016
0.832382
0.78447
0.807556
0.783508
0.684204
0.611313
0.51561
0.456924

[12]
0.166641
-0.21344
-0.742386
-1.09319
-1.14604
-1.19028
-1.16118
-1.21852
-0.796143
-0.475342
-0.37735
-0.959183
-0.477341
-0.0821228
-0.354431
-0.0639648
-0.0896606
0.0269623
-0.0814209
-0.0666656
-0.00865173
0.0290833
0.0501251
0.0343018
-0.00239563
-0.0138855
0.00422668
0.0042572
-0.0423279
-0.0708008
-0.182114
-0.144287
-0.132385
-0.270325
-0.333206
-0.407593
-0.502136
-0.680466
-1.07565
-1.09091
-1.10802
-0.865601
-0.911545
0.0794983
0.633102
0.486465
0.487778
0.770874
0.772141
0.804489

[13]
0.798782
0.710754
0.659164
0.555405
0.468048
0.20871
-0.170166
-0.620636
-1.08159
-1.13145
-1.17468
-1.20418
-0.888718
-0.722763
0.266083
-0.137405
-0.700684
-0.82457
-0.159042
-0.432068
-0.0152893
-0.0549316
0.0991058
-0.0425415
-0.0610504
-0.04599
-0.000350952
0.00819397
0.0190887
0.0101624
-0.0219879
-0.0289154
-0.0196075
-0.038208
-0.0858002
-0.106262
-0.159622
-0.103012
-0.182526
-0.300629
-0.384995
-0.509933
-0.546204
-1.07861
-1.09351
-1.1088
-1.04982
-1.00366
-0.120926
0.730515

[14]
0.396103
0.433151
0.740753
0.729691
0.802475
0.770569
0.722488
0.640518
0.578094
0.489044
0.205154
-0.0724945
-0.569946
-1.07469
-1.12216
-1.16234
-1.09842
-0.976456
-0.682693
-0.587906
-0.394089
-0.676514
-0.107361
-0.0661621
-0.2798
-0.0830231
-0.154129
-0.0562439
-0.0831299
-0.025177
-0.00341797
0.0232391
0.0351562
0.021286
-0.00865173
-0.0173645
0.00421143
-0.00871277
-0.0326538
-0.0521698
-0.098587
-0.132935
-0.117233
-0.188126
-0.299026
-0.439041
-0.439056
-0.727295
-1.08488
-1.10075

[15]
-1.11789
-1.04593
-1.00604
-0.227356
0.795761
0.109329
0.270752
0.854034
0.770477
0.794479
0.807281
0.732941
0.655304
0.567368
0.439499
0.200165
-0.17984
-0.73996
-1.0777
-1.12576
-1.16574
-1.0598
-0.798691
-0.765839
-0.0135193
-0.271088
-1.06403
-0.291992
-0.319351
-0.0874634
-0.0605621
-0.0333099
-0.0712891
-0.0629883
-0.0714111
0.0170288
0.0266724
-0.0152435
-0.0304108
-0.000915527
0.01474
-0.016571
-0.000457764
-0.0277252
-0.0905609
-0.142319
-0.141678
-0.185669
-0.263779
-0.339951

[16]
-0.425049
-0.461182
-0.899338
-1.08617
-1.10072
-1.12009
-0.900009
-0.647583
0.624496
0.219269
0.442566
0.467178
0.875275
0.749359
0.783249
0.768417
0.662537
0.583023
0.52417
0.413925
0.103683
-0.300217
-0.789093
-1.09624
-1.14273
-1.17868
-1.07028
-0.811493
-0.464279
-0.719833
-0.740036
-0.584335
-0.0200958
-0.21579
-0.0433197
-0.110092
-0.0300446
-0.050766
-0.0582275
-0.0215912
-0.0111542
0.0217743
-0.010498
-0.0297089
-0.02388
-0.00233459
-0.0304871
-0.0292664
-0.0567322
-0.10408

[17]
-0.127594
-0.169617
-0.239319
-0.331207
-0.402191
-0.464676
-0.568466
-1.08176
-1.09756
-1.11255
-1.06239
-0.980881
-0.149185
0.587997
0.123398
0.22551
0.766342
0.692917
0.723282
0.75502
0.685791
0.60849
0.514435
0.411987
0.213928
-0.230774
-0.609146
-1.07507
-1.12453
-1.17068
-1.20445
-0.945618
-0.655212
0.344086
-0.380447
-0.75589
-0.871384
-0.0903778
-0.371445
0.00559998
-0.109909
0.0374603
-0.0366211
-0.0644226
-0.0431213
0.0102386
0.0301514
0.0237427
0.00648499
0.00654602

[18]
-0.00242615
-0.0196686
-0.0184479
-0.0617981
-0.102234
-0.124451
-0.125366
-0.237564
-0.290192
-0.33876
-0.474152
-0.538452
-0.949234
-1.09108
-1.10574
-1.12636
-0.834763
-0.689056
0.555634
-0.176422
0.270172
0.683578
0.736679
0.741013
0.790985
0.743774
0.658768
0.589523
0.49292
0.368271
0.0052948
-0.471893
-1.02643
-1.1088
-1.16208
-1.20438
-1.22614
-0.743164
0.27298
-0.40123
-0.701935
-0.669449
-0.136887
-0.335403
0.0175171
-0.0320282
0.0234833
-0.101135
-0.113617
-0.0155029

[19]
0.00866699
0.0390015
0.0146332
-0.0319366
-0.0569305
-0.0151062
0.013031
0.00245667
-0.0496826
-0.0671387
-0.104355
-0.102905
-0.145187
-0.210327
-0.320282
-0.423767
-0.45488
-0.693054
-1.07939
-1.097
-1.11432
-0.963959
-0.946548
-0.0350189
0.538239
0.247559
0.407562
0.824814
0.74353
0.749451
0.76268
0.689575
0.619156
0.522934
0.374008
0.06987
-0.322449
-0.839706
-1.10071
-1.14854
-1.18623
-0.950287
-1.12975
-0.698135
-0.266571
-0.250992
-0.983032
-0.0557404
-0.297897
-0.208664

[20]
-0.140854
-0.0718079
0.0202789
-0.115234
-0.0208893
0.0171204
0.0588684
-0.00262451
-0.0083313
-0.0393219
-0.0269318
-0.0255737
-0.0500183
-0.0613251
-0.0775909
-0.110062
-0.161972
-0.198944
-0.304001
-0.354401
-0.443619
-0.512085
-0.836823
-1.08606
-1.10207
-1.1217
-0.871567
-0.589294
0.656311
0.0458374
0.0894318
0.732208
0.726013
0.730698
0.72052
0.684952
0.579636
0.467621
0.340866
0.0740967
-0.379059
-0.73938
-1.08978
-1.13782
-1.17816
-1.01135
-0.729172
-0.770828
-0.110626
-0.324692

[21]
-0.873077
-0.305496
-0.344223
-0.162979
-0.021637
-0.0721588
-0.0223999
-0.0713196
0.0100861
-0.0596466
0.0202179
0.000823975
-0.00756836
-0.00587463
-0.00804138
-0.0194092
-0.0360565
-0.0488129
-0.0636444
-0.128418
-0.110001
-0.178741
-0.271423
-0.34462
-0.468323
-0.479233
-0.841705
-1.0817
-1.10001
-1.12067
-0.962891
-0.496231
0.767746
-0.134689
0.111221
0.86116
0.694672
0.74649
0.744629
0.668991
0.555725
0.491287
0.34758
0.123566
-0.261017
-0.706467
-1.09259
-1.14055
-1.18159
-0.971878

[22]
-0.821091
-1.01015
-0.0826263
-0.565048
-0.85144
-0.897324
-0.0378723
-0.423035
-0.0802155
-0.199432
-0.00743103
-0.0485229
-0.0427246
-0.0113983
0.0328522
0.0564575
0.0254211
0.0222626
-0.0358124
-0.0352173
-0.0233765
-0.0238953
-0.0657043
-0.0934448
-0.142822
-0.146057
-0.276779
-0.335052
-0.499115
-0.553833
-0.839554
-1.08398
-1.10054
-1.11992
-0.860611
-0.580826
0.65593
-0.0246124
0.085083
0.738876
0.629013
0.701843
0.722824
0.669327
0.584702
0.524017
0.393295
0.140701
-0.239792
-0.618652

[23]
-1.082
-1.13004
-1.17329
-0.966904
-0.890335
-0.741547
-0.341583
-0.639969
-0.982605
-0.558746
-0.217896
-0.542221
-0.0535431
-0.108078
0.0261536
-0.0524292
0.0136871
-0.018631
0.0706482
0.0308075
0.0324097
-0.00260925
-0.0354004
-0.0128021
-0.0360718
-0.0699921
-0.10051
-0.144623
-0.121277
-0.246918
-0.347
-0.421097
-0.467804
-0.590607
-1.04953
-1.09367
-1.11151
-1.13513
-1.01373
-0.335236
0.690033
-0.0267792
0.224594
0.864288
0.731384
0.747971
0.780807
0.691391
0.62326
0.526779

[24]
0.424255
0.198792
-0.15889
-0.62532
-1.0795
-1.12802
-1.17093
-1.03409
-0.844513
-0.633499
0.17012
-0.446381
-1.0274
-0.40477
-0.21434
-0.154922
0.0739899
-0.0949249
0.0178986
-0.00289917
-0.0320435
-0.0503082
0.00379944
0.0149536
0.00801086
-0.00973511
-0.00622559
-0.0283051
-0.0588074
-0.0615845
-0.100037
-0.122787
-0.16214
-0.172958
-0.314316
-0.400894
-0.499573
-0.545868
-1.04153
-1.08284
-1.09862
-1.11642
-0.903595
-0.248642
0.792297
0.0467834
0.133682
0.811493
0.6819
0.708725

[25]
0.725189
0.65181
0.537247
0.466629
0.346497
0.0972748
-0.232422
-0.687347
-1.09439
-1.14348
-1.18541
-0.964218
-0.701035
-0.791138
-0.368698
-0.567734
-0.524261
-0.899963
-0.355164
-0.266312
-0.0787048
-0.136398
-0.0118408
-0.0148621
-0.0837402
-0.0209045
-0.00524902
0.0599213
0.0163574
0.0038147
-0.0162659
-0.0144653
-0.018631
-0.0243683
-0.0623779
-0.116486
-0.133347
-0.206009
-0.232651
-0.368515
-0.442581
-0.53685
-0.6241
-1.0753
-1.09256
-1.11063
-1.12984
-0.984482
-0.0628052
0.603165

