[1]
-0.000167847
-0.178665
0.0246582
0.0879211
0.0395203
0.0226135
-0.246902
0.161942
0.653961
-0.355621
0.671173
0.575851
-0.207138
-0.36853
-0.434891
0.259796
-0.0798798
-0.0171661
0.129013
-0.089798
-0.146759
-0.28862
-0.0832672
0.0387115
0.0761108
-0.0405579
-0.140121
-0.0611877
-0.0316315
-0.0264893
-0.022934
-0.0802002
-0.107758
-0.0713654
-0.0802307
-0.00698853
0.0908661
-0.112564
-0.332245
-0.566528
-0.907532
-0.149231
-0.612152
-0.755707
-0.538788
-0.351227
0.0195007
0.0791931
-0.328461
-0.142365

[2]
-0.088501
-0.108688
-0.0561371
-0.076004
-0.025116
-0.088501
0.0765533
0.0455017
0.170746
0.0871582
0.0977936
0.141312
-0.0133057
0.782471
0.431229
-0.346161
0.836166
0.0686646
-0.565094
-0.17984
0.130569
0.104294
-0.00624084
0.0285645
-0.0591736
-0.143555
-0.0136414
-0.104767
-0.064209
0.0765991
0.0913239
0.0119171
-0.101013
-0.0130005
0.040329
0.0129089
-0.0437927
-0.0345764
-0.0223236
-0.0195618
0.0341187
0.212311
-0.0292816
-0.294449
-0.552658
-0.949173
-0.112244
-0.618576
-0.65303
-0.440735

[3]
-0.449539
-0.115906
0.00631714
-0.0754089
-0.119614
-0.00123596
0.0219116
-0.0207062
-0.050293
-0.011261
0.0534515
0.122253
-0.0802612
0.0234528
0.0271301
0.0303497
-0.156509
-0.183899
0.695068
0.308975
0.117477
0.704498
-0.247879
-0.218735
-0.241348
0.263718
0.00468445
0.026001
0.17305
-0.0072937
-0.138412
-0.16066
-0.0180359
0.0713501
0.12822
0.0118561
-0.0323486
0.0559387
0.0366211
0.026001
-0.00653076
0.0434418
0.0469971
0.0617218
-0.02771
0.020874
0.14386
0.0266571
-0.206329
-0.84668

[4]
-0.295593
-0.230896
-0.538605
-0.578018
-0.211212
-0.324051
0.181442
-0.0363007
-0.0977325
-0.0886993
-0.0346985
-0.0267487
-0.0515289
-0.0583191
-0.0538177
-0.0549927
-0.00248718
0.0171051
0.136063
0.0214386
0.124298
0.160629
0.655273
0.211456
-0.120865
0.762543
0.0823212
-0.129028
-0.200806
0.0487671
0.00123596
-0.0858459
0.0883636
0.0140839
0.0498352
-0.163696
-0.160217
-0.0264893
0.0899811
0.0364532
-0.0463562
0.0764771
0.0622559
0.0885315
0.00759888
-0.0389404
0.0335388
0.115189
-0.0038147
-0.0530701

[5]
0.133728
0.0291748
-0.0769196
-0.686508
-0.387863
-0.18251
-0.507599
-0.839828
-0.311325
-0.476685
0.0242004
-0.0630798
-0.0881805
-0.0710449
-0.0689545
-0.0615692
-0.0953064
-0.0767365
-0.0713348
-0.143997
-0.111252
-0.0268555
-0.0513611
-0.164627
-0.211624
0.0948944
0.520554
0.322403
-0.199631
1.22009
0.350876
-0.345825
-0.157196
-0.0617676
0.1716
0.0344086
0.0645752
0.19931
0.00131226
-0.0574036
-0.221497
-0.0165253
0.0943146
0.0938263
0.0376129
-0.0463562
0.0366669
0.0505066
0.0449066
0.0346069

[6]
-0.0224915
0.0979614
0.0780334
0.00935364
0.081604
0.20874
0.0386353
-0.255859
-0.960602
-0.490372
-0.100586
-0.58316
-0.459625
-0.127899
-0.5392
0.0448456
-0.091217
-0.0481415
-0.0268555
-0.0689697
-0.0608978
-0.039566
-0.0480347
-0.0219116
-0.0713043
-0.114502
-0.165909
-0.156372
0.0675812
-0.105347
0.200348
0.165573
-0.0806122
0.669922
0.702469
0.070755
-0.127151
-0.847061
0.152283
0.00888062
-0.00688171
0.143799
0.127457
0.0837097
-0.105438
-0.15123
0.0161743
0.109131
0.122391
0.0124969

[7]
-0.020752
0.0338135
0.0423584
0.0545959
0.0606232
-0.0599976
0.00793457
-0.0065918
0.0641174
0.110306
-0.0429688
-0.123032
-0.63237
-0.642044
0.0363464
-0.489059
-0.881897
-0.423294
-0.280197
0.0916443
0.0236053
-0.0630493
-0.0406647
-0.0380096
-0.0156555
0.0175629
-0.00524902
0.0106354
0.0656128
-0.0103302
0.0373383
0.0162964
-0.0897064
-0.0751343
-0.475311
0.364822
0.504684
-0.0909119
0.98317
0.562805
-0.274826
-0.224411
-0.30011
0.244629
0.0404358
0.123993
0.275986
-0.0275269
-0.158081
-0.226074

[8]
0.0175476
0.113861
0.127335
-0.0272675
-0.0354004
0.065155
0.091156
0.0929108
-0.0330353
-0.0923309
0.0152283
0.0832977
-0.0467377
0.0648499
0.134872
-0.0935669
-0.236496
-0.525909
-0.620438
0.172394
-0.382172
-0.6539
-0.381073
-0.236847
-0.0573273
0.000732422
0.0129395
0.0236053
-0.0154724
0.00218201
0.0187378
0.0179596
0.0190887
0.0847168
0.0869293
0.119263
0.206543
0.190048
0.119232
-0.343994
0.231674
0.109711
-0.095932
0.49147
0.559509
0.113983
-0.170593
-0.623245
0.104279
0.0574036

[9]
-0.0351105
0.0381775
-0.0262604
0.0704651
-0.128418
-0.146973
0.00184631
0.0998535
0.0859528
0.0302734
-0.00205994
0.0640411
0.0622711
0.0752869
0.0153351
0.00411987
0.0559082
0.113556
-0.00311279
0.0812531
0.152435
0.0177155
-0.39595
-0.937729
-0.114166
0.0819855
-0.375015
-0.948212
-0.402893
-0.263733
-0.111908
-0.0235596
-0.00296021
-0.0375366
-0.113556
-0.0557251
-0.0351715
-0.0512848
-0.045929
-0.0317993
-0.0494843
-0.0766449
-0.0249023
-0.178345
-0.59111
-0.826172
0.58577
0.271072
0.538879
-0.0797729

[10]
1.19537
-0.186646
0.107407
-0.57634
-0.0502777
0.137085
-0.0519562
0.165604
-0.0368958
0.10524
-0.0576477
-0.122894
0.0128784
0.0460358
-0.014801
-0.0321808
-0.000717163
0.0907745
0.0786285
0.0733032
0.0336761
0.0806885
0.0797119
0.0144653
-0.0485992
0.106583
0.146576
-0.127045
-0.334534
-0.850586
-0.0974274
-0.0920715
-0.453751
-0.763351
-0.375748
-0.335449
0.10495
0.0946045
0.0258331
0.01828
-0.0561371
-0.0327148
-0.0559082
-0.116806
-0.0556641
-0.00666809
0.066391
0.0310669
-0.0231781
-0.00810242

[11]
-0.171509
-0.584183
0.100159
0.669586
-0.0923309
0.828369
0.573944
-0.275223
-0.274124
-0.187531
0.214035
-0.0504303
0.122681
0.0017395
0.0653534
-0.165405
-0.080246
0.0396729
0.072403
-0.00508118
-0.0327148
0.0389557
0.104309
0.125687
0.0840302
-0.0269775
0.0479736
0.0688171
0.008255
-0.0296173
0.115799
0.112076
-0.0447388
-0.235153
-0.761658
0.134201
-0.3936
-0.956299
-0.70726
-0.320724
-0.438599
-0.0565033
-0.110718
-0.0317841
-0.0728302
-0.0509186
-0.0454865
-0.0283203
-0.036026
-0.00595093

[12]
-0.0804901
0.0222015
0.0669556
0.136459
0.0875854
-0.137039
-0.0555878
0.726578
0.158508
-0.408478
0.938049
0.0110474
0.185516
-0.251053
-0.0547333
0.0346375
-0.0604553
0.0266266
-0.00605774
0.052948
0.0181427
-0.112915
-0.0616302
0.00563049
0.0632935
0.00866699
-0.0284271
0.0299072
0.0366974
0.0786133
0.0694427
0.0816498
0.0674133
0.0503082
-0.0842438
0.126328
0.0970154
0.0441284
-0.379974
-0.901749
-0.152145
-0.332733
-0.817566
-0.571243
-0.353714
-0.525177
-0.0579681
-0.0282135
0.00680542
-0.042984

[13]
-0.0614319
-0.052536
-0.0331116
-0.0120697
0.0444183
0.0318298
0.0970917
0.186081
0.200562
0.0340424
-0.0211487
-0.0544586
0.904053
0.017746
-0.926697
0.932846
0.596878
-0.0226746
-0.0773621
-0.123001
0.125748
-0.160172
-0.0486908
0.0137329
0.000656128
-0.00167847
-0.0683594
0.00216675
0.0283203
-0.000808716
0.00448608
0.0228729
0.0736847
0.0601501
0.0320129
0.039856
0.093689
0.0833588
0.0380402
-0.051239
0.073761
0.174362
0.0975342
-0.229797
-1.31586
-0.484406
-0.0903625
-0.665695
-0.480896
-0.418839

[14]
-0.392563
0.0543823
-0.0334625
0.00666809
-0.0405884
-0.0374451
0.0320892
0.00138855
0.0295868
0.0655365
0.0461426
0.184128
0.0396881
0.0483551
0.0977173
-0.000335693
-0.0909271
0.571869
0.0628204
-0.239807
0.732956
-0.00801086
0.0673218
-0.418152
0.0553131
0.126953
0.00392151
0.0506592
0.0337219
-0.0130615
-0.0810089
-0.14418
-0.00376892
0.0865936
0.0954437
0.0131378
-0.0200806
0.0267487
0.0550537
0.0657959
0.0434113
-0.0150757
-0.000518799
-0.00361633
-0.0715027
0.190994
0.106552
-0.101562
-0.330719
-0.969101

[15]
-0.196869
-0.211395
-0.586884
-0.424561
-0.239731
-0.404373
0.143661
-0.0215607
-0.0356598
-0.065918
-0.0903931
-0.0460052
-0.0567169
-0.0565491
-0.0155182
-0.0727997
0.00172424
-0.0345154
-0.00869751
-0.191544
-0.267624
-0.0193024
0.92688
0.650726
-0.614716
0.804764
0.157822
-0.412003
-0.0917206
0.100067
-0.0803986
0.0218048
0.0898438
0.0296478
0.0268707
-0.247299
-0.0698547
0.0927277
0.145386
0.0385132
-0.025116
0.00976562
0.0426636
0.0721283
0.0782623
0.061203
0.108337
0.0705261
-0.0747681
-0.0298767

[16]
0.160355
0.0663147
-0.139114
-0.718292
-0.399185
0.226837
-0.37352
-1.06795
-0.673401
-0.360504
-0.290436
0.135925
-0.121109
-0.100586
-0.092453
-0.0463104
-0.0469971
-0.109955
-0.141754
-0.13089
-0.152283
-0.112961
-0.0862274
-0.0449371
-0.0224304
-0.121933
0.119736
0.824432
0.237045
0.507019
0.708755
-0.0609894
-0.213104
-0.68631
0.213654
-0.0315094
0.0129242
0.127609
-0.0269318
0.030304
-0.158752
-0.0220337
0.0827789
0.120239
0.0257874
0.00965881
0.053772
0.0635071
0.0521851
0.0324707

[17]
-0.0472412
0.0296936
0.114212
0.0195465
0.125137
0.115372
-0.0860443
-0.290588
-1.17043
-0.184204
-0.0447388
-0.594055
-0.427628
-0.0978088
-0.266083
-0.0146942
-0.0715179
-0.0934448
-0.0252838
-0.0185089
-0.0185089
-0.000305176
-0.000289917
-0.0067749
0.0628967
-0.10553
0.040329
0.0648346
-0.152634
-0.13652
-0.169952
0.782928
0.490265
-0.420914
0.930878
0.731247
-0.0715637
-0.168732
-0.431213
0.173477
-0.0922089
0.0332489
0.0765076
0.010376
0.0469208
-0.176834
-0.073349
0.0569458
0.114059
0.0309448

[18]
-0.0649109
0.0105743
0.0604706
0.0974121
0.0744934
0.0374451
0.0765381
0.0993042
-0.0269012
0.0343781
0.20285
0.046524
-0.122559
-0.754761
-0.628738
0.151764
-0.456116
-0.935989
-0.442551
-0.0849915
-0.220535
-0.153976
-0.0126953
0.0563812
-0.0527954
-0.081955
-0.0459442
-0.00257874
0.0119324
0.0192719
-0.0733032
-0.0321808
0.0902252
-0.0493469
-0.109802
-0.725052
-0.088089
0.29863
-0.32457
1.06497
0.238235
-0.187469
-0.0119476
-0.502075
-0.0231628
0.0207977
0.0644379
0.164948
0.123245
0.000549316

[19]
-0.193268
-0.169769
0.0689545
0.215546
0.148834
-0.0289917
-0.138672
-0.00857544
0.162537
0.0905609
0.00376892
0.0141754
0.0537262
0.0199585
0.0104828
0.131256
0.0900269
-0.167847
-0.322891
-0.7323
0.134567
-0.266876
-0.521515
-0.505005
-0.182632
-0.539139
0.0391083
-0.0524597
-0.0516052
-0.0127716
-0.0254211
-0.0570831
-0.0383759
-0.0417938
-0.0102997
-0.0284729
0.0378876
0.120697
0.0478058
-0.0775452
-0.442627
-0.23114
0.639954
0.608795
-0.0324554
0.831223
0.00222778
-0.0108337
-0.433136
0.135437

[20]
0.107742
-0.0367279
0.118164
-0.0296478
0.118317
-0.176041
-0.0611725
0.012619
0.134338
0.0879364
-0.0642242
0.0058136
0.0739899
0.0825958
0.0179291
-0.0250244
0.0637665
0.0315857
-0.0587158
0.0572205
0.115723
-0.0421906
-0.20845
-0.742722
-0.473663
0.190933
-0.534241
-0.661957
-0.433746
-0.364258
-0.0635071
-0.0085907
-0.049408
0.0342712
0.024353
-0.0124512
0.0346527
0.0327911
0.0781097
0.139099
0.137802
0.275665
0.203659
0.0488739
-0.166321
-0.241486
0.274811
0.342896
0.0813599
0.341797

[21]
0.314484
-0.412018
0.0608826
0.0258942
0.118896
-0.00946045
-0.0209961
0.0288849
0.0640717
-0.15477
-0.130188
0.000915527
0.0673218
0.0743256
-0.0391235
-0.0137177
0.0447388
0.0482025
0.0237122
0.00770569
-0.0179291
0.0665741
0.0799866
0.00151062
0.160645
-0.0183716
-0.258926
-0.664368
-0.608078
0.0129852
-0.513611
-0.796478
-0.398483
-0.18927
0.0873871
-0.0185547
-0.0532684
-0.00190735
-0.0393524
-0.0618439
-0.0424194
-0.0701599
-0.099411
-0.074295
-0.0364838
0.114243
-0.0233307
0.0498962
0.0590057
0.113907

[22]
0.559662
0.328506
0.0657959
0.743851
0.753738
-0.265213
0.0201111
-0.159714
0.287781
-0.026535
-0.016037
0.0656586
-0.0157928
-0.00494385
-0.182556
-0.0299988
0.0639648
0.0690918
0.0442352
0.0316467
0.0542297
0.0367279
0.0377808
-0.00741577
0.0164337
-0.00234985
-0.0670929
-0.00450134
0.119675
0.0457306
-0.128189
-0.442657
-0.941055
-0.0688782
-0.569138
-0.773758
-0.335983
-0.274902
0.0494537
-0.0459442
-0.00546265
0.0145874
0.020462
-0.0208893
-0.0123749
0.0225372
0.0607452
0.109283
0.120987
0.259949

[23]
0.205032
0.0503845
-0.115082
-0.294342
0.0396729
0.377045
0.0758972
0.915604
0.498291
-0.113693
-0.225922
-0.285965
0.251022
-0.0721588
-0.0633087
0.132095
0.0113068
-0.149368
-0.191254
-0.00468445
0.093338
0.125793
0.0260162
-0.0315704
0.046463
0.0257111
0.059494
-0.0346985
-0.0594482
0.0615845
-0.0196228
0.15036
0.169128
-0.152084
-0.375565
-0.892151
-0.392212
-0.192749
-0.51207
-0.68512
-0.052124
-0.239151
0.0818939
0.0502625
-0.0586395
0.00088501
-0.0615845
-0.0546112
-0.0320282
0.00379944

[24]
0.0225677
0.0930786
0.194199
0.195389
0.240631
0.14595
0.0792694
-0.165787
0.262634
0.443161
-0.424728
0.649109
0.477249
-0.419403
0.134354
-0.0841522
0.0169067
-0.0730896
0.0125122
-0.00982666
0.050415
-0.0179291
-0.0576324
0.043335
0.144333
0.0195465
-0.078949
0.00901794
0.0733948
0.0473785
0.0360718
0.00642395
0.0913239
0.0751038
-0.00360107
0.0847168
0.154984
-0.0611725
-0.272049
-0.90715
-0.469727
-0.107437
-0.519943
-0.849533
-0.152237
-0.228592
0.101715
0.0030365
-0.0556183
-0.010376

[25]
-0.0489502
-0.0342712
-0.0309753
-0.00125122
0.0213623
0.0324554
0.0355835
0.021347
0.0182343
0.10762
-0.0151825
-0.1035
0.556992
-0.00538635
0.222565
0.413223
0.645325
-0.241745
-0.0406342
0.00366211
0.163666
0.00192261
-0.0892334
0.0137482
-0.047287
-0.016098
-0.144714
-0.0495148
0.0108185
0.0982056
0.0202332
-0.0164795
0.0278473
0.0424652
0.0189362
-0.0290222
-0.0326843
0.108505
0.0697174
-0.022934
0.0850677
0.113174
-0.115036
-0.267181
-0.771637
0.108109
-0.418488
-0.586548
-0.698151
-0.193192

