[1]
-0.00157166
0.118851
0.0480347
0.00724792
0.0565796
0.0536957
-0.306015
-0.0654755
0.146774
-0.308838
-0.375885
-0.511902
-0.337097
-0.160049
-0.084671
-0.0620117
-0.0861206
-0.0580902
-0.0211945
-0.0482178
-0.0686951
-0.105774
-0.131531
-0.132797
-0.0657806
0.0274963
-0.0136566
-0.0261078
0.0539703
0.115387
0.196533
0.62616
1.07338
0.949844
0.826736
0.763626
0.559937
0.0617676
-0.0549316
-0.793076
0.0633392
0.37175
0.354523
0.198975
0.0219879
-0.106903
-0.20459
0.0895233
0.314163
0.0986633

[2]
-0.0399017
0.0849304
0.114166
0.124023
0.0719757
0.0865936
0.0854187
0.0339508
0.0561218
0.0367737
0.0962219
0.143768
0.115936
0.0645447
-0.0969086
-0.113602
-0.247192
-0.778458
-0.138855
-0.353348
-0.209152
-0.65686
-0.015213
-0.348404
-0.161926
-0.05513
-0.0578156
-0.0479889
0.0475769
0.117477
0.156693
0.220642
0.24205
0.205063
0.273804
0.407623
0.3927
0.546539
0.805176
0.894043
1.1252
0.637451
-0.180756
0.745407
0.470078
0.236694
0.0573425
-0.158524
0.0979309
0.134216

[3]
0.0125427
0.0609283
0.068985
0.0364075
-0.011734
-0.0637665
0.0311127
0.121307
0.146759
0.100143
0.0488586
0.0513
0.0711517
0.122025
0.0713196
0.0803528
0.092041
0.0856171
0.0416718
0.0830078
0.0549622
-0.0977173
-0.166016
-0.191864
-0.575851
0.237854
-0.314331
-0.316269
-0.831009
-0.365112
-0.396469
-0.148636
-0.106979
-0.093811
-0.122192
-0.0619049
-0.0621338
-0.10051
-0.129745
-0.0280914
0.0639038
0.0265808
0.286057
0.427551
0.311081
0.225983
0.205826
0.893661
0.999283
0.311386

[4]
-0.223526
1.0601
0.736862
-0.0422516
0.211075
-0.385406
0.178162
0.0776672
0.0300293
0.229309
0.0654602
-0.0399475
-0.139725
0.0571747
0.165604
0.169052
0.0372162
0.0115662
0.0549622
0.124359
0.104828
0.10257
0.0622559
0.11647
0.0409393
0.0469513
0.0424805
0.121429
0.047699
-0.013092
-0.0719757
-1.03304
-0.250305
0.231339
-0.37262
-0.669952
-0.393616
-0.305008
-0.203339
-0.0791321
-0.0917816
-0.139633
-0.13504
-0.0659027
-0.0533447
-0.0548096
-0.067215
-0.0834503
-0.105301
-0.0539398

[5]
0.293091
0.334518
0.521576
0.719025
0.904373
0.92337
0.585358
0.105484
0.502411
0.689041
-0.0215454
-0.165573
-0.0895691
0.277161
0.027771
0.0139771
0.184036
0.0518951
-0.0299835
-0.108231
0.0895996
0.159317
0.0962982
0.0483246
0.0842285
0.111343
0.113678
0.0843658
0.0951538
0.0362244
0.0750122
0.0285645
0.01297
0.0716248
0.0914917
-0.0106201
-0.0531158
-0.223907
-0.758514
-0.0341949
-0.0997467
-0.407272
-0.837738
-0.282272
-0.306747
-0.0608978
-0.0386963
-0.103287
-0.114105
-0.0870972

[6]
-0.0554504
-0.0330811
-0.0787659
-0.0758362
-0.0702972
0.0974579
0.186264
0.179962
0.280045
0.39119
0.255005
0.520432
0.722473
0.537094
0.432556
0.363358
0.504303
-0.205994
-0.150116
-0.0484467
0.192673
0.102341
0.098877
0.0945435
-0.0192108
-0.086319
-0.107025
0.108673
0.165253
0.0923309
0.0198517
0.0601807
0.0707855
0.087616
0.0492096
0.0121918
0.0156708
0.0947876
0.106094
0.102814
0.14212
0.088974
-0.137756
-0.255417
-0.236084
-0.53569
0.0319061
-0.408951
-0.313126
-0.654068

[7]
-0.108307
-0.263931
-0.136749
-0.0270233
-0.0326691
-0.0256653
-0.0416718
-0.0822144
-0.06633
-0.0823364
-0.0776367
-0.0684052
0.0473633
0.0881195
0.0765381
0.310181
0.458374
0.667694
0.98204
1.14658
0.498505
0.101257
0.613251
0.0648041
-0.0174255
-0.0331879
0.0595703
0.102768
0.0721893
0.0773621
0.0859375
-0.0154877
-0.0767517
-0.0509033
0.0742798
0.174667
0.0953674
-0.00689697
0.0245667
0.0784912
0.063385
0.0506134
0.0544281
0.0297241
0.00701904
0.0812531
0.0415192
0.0930939
0.0542755
-0.138489

[8]
-0.17955
-0.339279
-0.718521
0.0968933
-0.529984
-0.316376
-0.739685
-0.0474243
-0.275681
-0.21524
-0.0735779
-0.121628
-0.0756683
-0.0579071
-0.013031
-0.0641174
-0.0536041
-0.08461
0.0424194
0.146286
0.124451
0.237366
0.44223
0.61113
0.893478
0.955704
0.778732
0.472321
-0.164001
0.777817
-0.200317
0.174179
0.0592041
0.108932
0.0339813
0.0864563
0.0687561
0.0102692
-0.108521
0.00593567
0.0974884
0.0424805
0.00718689
0.0263672
0.0512695
0.0610504
0.0760956
0.0538025
0.068985
0.0779114

[9]
0.141281
0.0729675
0.0546875
0.0463104
0.117355
-0.0533752
-0.138809
-0.367828
-0.937286
-0.0483704
-0.520493
-0.213593
-0.658463
-0.129013
-0.294647
-0.146393
0.00436401
-0.00462341
-0.0543518
-0.0474854
-0.00746155
-0.034317
-0.0152588
-0.0510101
0.0572815
0.155563
0.233017
0.264236
0.413254
0.391968
0.439041
0.854874
0.823929
0.305832
-0.0394135
0.713272
-0.26088
0.0131073
0.0375671
0.158295
0.0237274
-0.0173035
0.0520477
0.0608215
-0.0419769
-0.0830841
0.0749512
0.158051
0.117798
0.0605164

[10]
0.045929
0.0543518
0.0651398
0.0488892
0.064621
0.0516968
0.0346527
0.11116
0.0844421
0.078125
0.0869141
-0.0597687
-0.0547485
-0.343674
-0.629089
0.0809937
-0.557327
-0.523468
-0.627686
-0.273849
-0.269531
-0.134048
-0.145432
-0.171646
-0.130997
-0.0774841
-0.053421
-0.106522
-0.106583
-0.192871
0.0370483
0.217072
0.0536804
0.170578
0.291321
0.364594
0.512436
1.00447
0.850449
0.669632
0.213455
0.325363
0.630524
-0.126373
0.0619049
0.0248413
0.131409
-0.0304871
0.00750732
0.134689

[11]
0.0855865
-0.0440979
-0.0462036
0.0836639
0.0895233
0.0474701
0.0166473
0.0539246
0.062027
0.0636444
0.0531769
0.0458984
0.0260162
0.0648041
0.107224
0.0692902
0.0288544
0.0790558
0.0922546
-0.0151062
-0.220963
-0.558075
-0.600006
0.227173
-0.52124
-0.319565
-0.69281
0.0344849
-0.333633
-0.146988
-0.134399
-0.145721
-0.132217
-0.0683746
-0.0669556
-0.128235
-0.143158
-0.177261
-0.00314331
0.04776
0.0834961
0.0847015
0.0786438
-0.0651855
0.190521
1.08078
0.920837
0.436768
0.289688
0.763229

[12]
-0.201294
0.0259247
-0.0593719
0.177872
-0.0227051
0.0749817
0.171265
0.101196
-0.0523682
-0.0715179
0.0797882
0.112213
0.0341187
-0.0210114
0.0235596
0.0400085
0.046814
0.0474091
0.0785065
0.0508728
0.122986
0.0848541
-0.0375824
-0.0190887
0.088089
0.0961761
-0.0161438
-0.228882
-0.749084
-0.361298
0.242554
-0.380676
-0.685028
-0.321442
-0.333496
-0.157852
-0.12294
-0.127594
-0.165009
-0.132889
-0.108414
-0.0814667
-0.0760803
-0.0932617
-0.0280914
0.0930481
0.0443573
0.0830078
0.19426
0.328598

[13]
0.37471
0.716141
0.433609
0.286713
0.403305
-0.0674896
0.520737
-0.290939
0.0528259
0.0407257
0.0980988
0.052536
0.0344849
0.0691681
0.0541077
-0.0955505
-0.103622
0.0734863
0.139984
0.0777588
-0.0231018
0.0154266
0.0648956
0.055954
0.0737457
0.0371246
0.0065918
0.0323334
0.11998
0.0362549
0.0714874
0.00308228
-0.0522308
-0.0610809
-0.240158
-0.648727
-0.155197
-0.0149536
-0.382614
-0.779404
-0.479477
-0.400009
-0.222687
-0.069046
-0.0910797
-0.110992
-0.038147
-0.0335388
-0.0350647
-0.0993347

[14]
-0.105164
-0.0480652
0.0552521
0.0418854
-0.0331421
-0.00119019
-0.0593262
0.130264
0.797806
0.892532
0.626663
0.735794
0.299576
0.264938
0.0155029
-0.0427856
0.0176086
0.0309906
0.0775757
0.143387
0.0452881
-0.0988159
-0.155304
0.0358887
0.120438
0.0579987
0.0083313
-0.00300598
0.0950623
0.0857849
0.0610504
0.0630798
0.0773315
0.043808
-0.0273743
-0.0247803
-0.0306244
0.122253
0.126846
-0.0333557
-0.331772
-0.400513
-0.980591
0.0687256
-0.55722
-0.294479
-0.619415
-0.259338
-0.33255
-0.0893402

[15]
-0.000579834
-0.0253448
-0.0290222
-0.0343933
-0.0420532
0.021347
0.0249939
0.0519714
0.101318
0.26236
0.206711
0.0556488
-0.0146942
-0.0100403
0.126694
0.612198
0.597122
0.34111
0.469666
0.120148
0.431488
-0.206329
-0.0423584
-0.0833588
0.0266876
-0.00889587
0.148087
0.149139
0.0267181
-0.188126
-0.083847
0.0905762
0.155472
0.0505066
-0.0128326
0.0344696
0.0682831
0.0598755
0.0455322
0.0575104
-0.00411987
0.000534058
0.060791
-0.00669861
0.0318756
0.0374298
-0.0223846
-0.101227
-0.252548
-0.507248

[16]
0.135223
-0.216995
-0.412521
-0.8862
-0.397202
-0.445038
-0.208542
-0.173416
-0.203506
-0.188522
-0.158356
-0.0760651
6.10352e-05
-0.0284729
-0.0599976
-0.0304565
0.0519257
0.031662
-0.118164
-0.0783539
0.0151672
0.136124
0.737442
1.07083
0.646866
-0.126328
-0.0707397
0.82666
-0.415939
0.384384
0.0444336
0.0788879
-0.0419006
0.0662537
0.0945587
-0.0567169
-0.143707
0.00817871
0.0622559
0.0578766
0.0172882
0.0410309
0.0617676
0.0587158
0.0554657
0.063385
0.121094
0.0589142
0.0792694
0.0605927

[17]
0.0687714
0.0528259
-0.0071106
-0.0845032
-0.103699
-0.362091
-0.374924
0.205612
-0.509995
-0.566528
-0.608368
-0.298126
-0.347672
-0.144073
-0.151581
-0.200104
-0.176605
-0.16861
-0.120728
-0.0760193
-0.0544739
0.0442657
0.119568
0.195236
0.185318
0.0416718
0.192215
0.222092
0.397995
0.758224
0.854034
0.583023
0.519165
0.434967
0.172165
-0.203842
-0.00256348
0.0485992
0.0225983
0.0187073
0.0929108
0.0777283
0.0392914
-0.11702
-0.0872192
0.0973663
0.141724
0.0627441
-0.0116119
0.0278625

[18]
0.0591583
0.0611267
0.0443878
0.0153809
0.0265656
0.0321503
0.0453339
0.0852661
0.0584259
-0.126038
-0.136978
-0.424301
-0.849274
0.184937
-0.619308
-0.309738
-0.655426
-0.283401
-0.241913
-0.191055
-0.122894
-0.122314
-0.0532074
-0.0289917
-0.0335999
-0.0481567
0.0025177
-0.00167847
0.0502167
0.194427
0.28775
0.233841
0.400726
0.470688
0.592987
0.882645
0.870773
0.458405
-0.160675
0.305573
0.480133
0.0678253
0.134003
-0.0196228
-0.0167236
0.00323486
0.118546
0.0894775
-0.0356598
-0.101196

[19]
0.00062561
0.0914612
0.0458069
0.00769043
0.0119324
0.0718384
0.0782471
0.0681
0.0736237
0.0519409
0.0422821
0.0243835
0.0927887
0.0258026
0.0776367
0.024765
-0.0296936
-0.0837402
-0.218704
-0.628769
-0.302963
0.19072
-0.474686
-0.522964
-0.51535
-0.133163
-0.21669
-0.12529
-0.126068
-0.17337
-0.13179
-0.115189
-0.108963
-0.152435
-0.207443
-0.173965
0.0184174
0.0770721
0.0448456
0.138855
0.0821686
0.041626
0.462204
0.977554
0.719727
0.552765
-0.0289307
0.61734
-0.342377
0.136154

[20]
0.008255
0.0626373
0.0792389
0.147354
0.0925903
-0.0385895
-0.18071
-0.0228729
0.122437
0.124603
0.0156555
0.0220032
0.070694
0.0773773
0.0758057
0.0494385
0.0326538
0.046524
0.0444489
0.0730438
0.0278015
0.0855255
0.0634155
-0.00267029
-0.107758
-0.169189
-0.931503
-0.297409
0.0133362
-0.500092
-0.470963
-0.489426
-0.30397
-0.141785
-0.181885
-0.184235
-0.208786
-0.172577
-0.0706635
-0.121033
-0.0908051
-0.0816956
0.079834
0.253021
0.185501
0.0905609
0.0968323
-0.0039978
0.0479736
0.511688

[21]
0.618103
0.831131
0.418213
0.237701
0.757538
-0.0921326
-0.0632782
-0.0897522
0.0776367
0.0664062
0.12323
0.0694122
0.0279999
-0.0586548
-0.0782013
0.0217896
0.0954132
0.0952911
0.0582275
0.0401917
0.055191
0.0750427
0.0459442
0.0287018
0.0329437
0.046051
0.0508728
0.0289764
0.0797119
0.0774689
0.0171051
0.00198364
-0.312286
-0.764374
-0.299957
0.188522
-0.487854
-0.407791
-0.590027
-0.21315
-0.260834
-0.0902863
-0.12941
-0.175018
-0.120117
-0.0675507
-0.00868225
-0.11554
-0.154404
-0.128036

[22]
0.085495
0.100281
0.132446
0.10112
0.0844116
-0.0444946
0.351151
1.00128
1.09573
0.890656
0.057724
0.603653
-0.206497
0.296844
0.04422
0.073822
0.104691
0.0434113
0.0585175
0.031662
-0.0886536
-0.0401764
0.112488
0.0780487
0.0241394
0.00358582
0.0335693
0.0711517
0.0813446
0.0269928
0.0234375
0.0359955
0.024765
-0.031189
0.0706482
0.133316
0.0282898
-0.0249176
-0.13356
-0.338348
-0.74585
-0.351349
-0.381119
-0.338089
-0.651688
-0.306503
-0.147171
-0.149597
-0.134811
-0.11586

[23]
-0.0940399
-0.137253
-0.0547028
-0.0627747
-0.0202942
-0.0281372
0.191437
0.22168
0.227875
0.245239
0.187836
0.28833
0.485214
0.91095
0.534027
0.455505
0.179047
0.224869
0.439682
-0.12912
0.101395
0.096344
0.0907135
0.00317383
0.0334015
0.0258179
0.0110779
-0.0915375
0.0118256
0.0954132
0.0709229
0.0404358
-0.00761414
0.0450134
0.0862122
0.0617065
0.0524597
0.0631714
0.040451
0.0955505
0.0666199
0.000595093
0.039856
0.0391235
-0.101273
-0.132202
-0.355225
-0.527863
0.0400391
-0.369446

[24]
-0.385239
-0.787888
-0.247742
-0.27533
-0.145309
-0.131866
-0.179001
-0.106613
-0.0240631
-0.0890198
-0.115494
-0.120438
-0.0583038
0.0106659
0.101089
0.170746
0.0842285
0.036438
-0.141327
0.119492
0.559982
0.733124
0.619186
0.52092
0.165298
0.546616
-0.0424652
0.194092
-0.0966034
-0.0666504
0.0231018
0.104538
0.0916443
-0.101669
-0.166412
0.0010376
0.120392
0.106537
0.0365448
0.0132904
0.0282898
0.0546265
0.0762634
0.0233765
0.0524445
0.0169373
0.0841827
0.0465088
0.0638733
0.0948029

[25]
0.0610809
-0.117432
-0.15773
-0.41098
-0.54866
0.0905304
-0.478012
-0.636734
-0.601074
-0.283524
-0.180237
-0.186646
-0.130783
-0.15657
-0.11499
-0.118835
-0.0886078
-0.146545
-0.155655
-0.181381
0.0704041
0.172745
0.312729
0.495636
0.488312
0.498322
0.657867
0.739471
0.699127
0.442596
0.0622711
0.496338
-0.0273438
0.0520325
0.0948792
0.0645905
-0.0310364
0.000762939
0.0517883
0.075592
-0.00462341
-0.105637
-0.00350952
0.0653534
0.0906525
0.0336609
0.0197906
0.0541382
0.0843048
0.0567932

[26]
0.0360718
0.0265656
0.0644989
0.0771179
0.0213165
0.0279846
0.0403595
-0.0113831
-0.0570831
-0.096756
-0.559814
-0.310699
0.104858
-0.504852
-0.690033
-0.493729
-0.29364
-0.0574799
-0.12149
-0.147934
-0.06427
-0.0119934
-0.0224609
-0.15506
-0.172302
-0.114761
0.0383301
0.0772552
0.0431671
0.0679169
0.0469971
0.114197
0.377914
0.776642
0.726715
0.913147
0.00242615
0.584625
-0.0201569
0.296936
-0.190094
-0.0170288
0.050766
0.131104
0.108688
-0.0570831
-0.194641
-0.0505066
0.0831146
0.11377

[27]
0.0769348
0.0222321
0.0471191
0.060318
0.0883026
0.0711517
0.0731506
0.0287476
0.0461578
0.0578918
0.0221405
0.0706024
0.078949
-0.0579529
-0.0298004
-0.436722
-0.777802
0.0211945
-0.445374
-0.284393
-0.628571
-0.243347
-0.20253
-0.0688782
-0.0383759
-0.0484619
-0.0195618
-0.0163727
-0.00123596
0.0260162
0.031601
0.0329437
0.220184
0.173889
0.1073
0.166168
0.139633
0.117462
0.480545
0.768097
0.661163
-0.409225
0.4814
0.138535
0.321869
-0.0673828
-0.00296021
0.0569916
0.0608215
0.0828552

[28]
-0.0582123
-0.104568
0.0151672
0.056778
0.0451355
0.00186157
0.0592041
0.0796204
0.0577393
0.0639648
0.059433
0.0552826
0.0604401
0.0212097
0.0747833
0.0437469
0.0591583
0.0276642
-0.0106506
-0.0173645
-0.148453
-0.740234
-0.103073
-0.354843
-0.414871
-0.705353
-0.242218
-0.282654
-0.179657
-0.116653
-0.0849457
-0.0591125
-0.0183563
-0.0321655
-0.119324
-0.0271759
0.0159454
0.270752
0.321487
0.18985
0.279236
0.202377
0.155548
0.77832
0.572174
0.378296
0.300293
0.0919342
0.229416
-0.307922

