[1]
1.46045
-1.78455
0.721848
0.053772
0.706345
0.459869
-0.0548401
-0.0299835
-0.271957
-0.399689
-0.460129
-0.414383
-0.304337
-0.310852
-0.340668
-0.324081
-0.289871
-0.369278
-0.352112
-0.330963
-0.394547
-0.480026
-0.588928
-0.589386
-0.674911
-0.906113
-1.13271
-2.41426
-2.09198
-1.58673
-1.5293
-0.790192
0.574814
-0.766022
-0.988068
-1.23645
-1.02602
-0.759628
-0.544434
-0.406113
-0.333771
-0.284042
-0.289948
0.149841
0.584579
1.44926
2.33556
2.51093
2.51976
1.6498

[2]
-1.59206
1.3054
0.984558
1.52254
0.463745
0.705963
-0.273819
-0.186935
-0.262085
-0.187698
-0.137527
-0.120636
-0.21051
-0.224365
-0.165146
-0.162643
-0.175293
-0.240387
-0.276794
-0.366623
-0.484497
-0.520538
-0.650162
-0.884674
-1.13622
-2.33781
-2.03377
-1.15953
-1.64526
-1.03687
0.464737
-0.901047
-1.00061
-1.12463
-0.888
-0.615219
-0.408981
-0.322891
-0.232452
-0.119812
-0.141724
0.242371
0.812027
2.23151
2.60088
2.63641
2.62701
1.97287
-1.49867
0.600159

[3]
2.02472
1.47336
0.661728
0.764206
0.047287
-0.0927429
-0.149994
-0.210159
-0.153244
-0.0299683
-0.0355377
-0.0608978
-0.106781
-0.13237
-0.185928
-0.148712
-0.183029
-0.320847
-0.449097
-0.485855
-0.615799
-0.820999
-1.03308
-2.38109
-1.40709
-1.74002
-1.16682
0.739609
-0.270813
-1.03633
-1.03139
-0.790741
-0.564468
-0.312164
-0.211899
-0.1147
-0.0762634
0.0472717
0.356903
0.982773
1.67326
2.48572
2.7148
2.7299
2.70203
0.919846
-1.43115
1.94379
1.57497
1.65511

[4]
1.09975
0.625488
0.050354
0.0340576
-0.0982666
0.117081
0.0457764
0.0763702
-0.00878906
0.0224152
-0.0773621
-0.112488
-0.236313
-0.24353
-0.21051
-0.22821
-0.396988
-0.459412
-0.61911
-0.781189
-2.33253
-1.80592
-1.5755
-1.45793
-0.642014
0.364502
-1.13771
-0.740234
-0.517868
-0.343323
-0.25705
-0.140381
-0.109344
-0.126968
0.0501709
0.0582886
0.657776
1.62099
2.3011
2.72975
2.74883
2.7249
0.117111
-1.00298
2.54051
0.739655
1.5986
0.880905
0.387924
0.0657349

[5]
0.0609436
-0.0199432
0.145157
-0.000152588
0.0715637
0.00125122
0.0929565
-0.0537872
-0.0947876
-0.18541
-0.161621
-0.212189
-0.325073
-0.42366
-0.542557
-0.75145
-1.05243
-2.2979
-1.39136
-1.53978
-1.29059
0.906281
-0.399963
-1.14061
-0.950195
-0.732666
-0.411499
-0.221008
-0.119446
-0.106094
-0.049408
-0.0127869
0.324921
1.08235
2.0999
2.70386
2.74568
2.75531
2.72427
-1.33545
0.426147
2.37776
1.45392
1.02736
0.918365
0.0959473
0.130661
-0.0818787
0.0952148
0.0361176

[6]
0.171204
0.0454712
0.117905
0.0947418
0.094574
-0.110977
-0.0311432
-0.229462
-0.33075
-0.38678
-0.5159
-0.726318
-0.981598
-2.26714
-1.72249
-1.57402
-1.35469
0.16922
-0.0227661
-1.18469
-1.00674
-0.666122
-0.371826
-0.264587
-0.0967102
-0.100586
-0.0117493
0.125381
0.464813
0.962799
1.79587
2.73718
2.77422
2.7868
2.76064
0.660461
-1.21335
2.61235
1.56308
1.006
0.844391
0.481888
0.123657
0.0978394
0.00114441
0.0897064
0.217819
0.119064
0.223572
0.0785675

[7]
0.102264
-0.0680695
-0.0950165
-0.158554
-0.237823
-0.336258
-0.593353
-0.783737
-1.04665
-2.22665
-0.712509
-1.97333
-0.70752
1.49908
-0.712769
-0.646408
-0.860825
-0.29895
-0.205093
0.0101776
-0.0235596
-0.0391235
0.0832062
0.230026
0.823212
1.6657
2.77306
2.81526
2.83412
2.82269
2.78027
-1.26582
-1.04126
2.66817
1.12364
1.38327
1.05701
0.216614
0.346909
0.301453
0.109283
0.309509
0.0335236
0.0740051
0.153854
-0.00164795
0.000534058
0.122787
0.152176
0.129166

[8]
-0.0427551
-0.1633
-0.231323
-0.248077
-0.455811
-0.55394
-1.95895
-2.21939
-1.55931
-1.51813
-0.250504
1.34926
-0.939499
-0.88356
-0.94133
-0.664719
-0.279739
-0.123672
0.0862122
0.0815582
0.103149
0.181885
0.690369
1.37773
2.19855
2.7851
2.81352
2.80995
2.77029
-1.28021
-0.0119629
2.25035
1.77669
1.12244
0.914322
0.656036
0.132294
0.0902405
0.205673
0.157837
0.259583
0.0855865
0.129822
0.103226
0.120956
0.019928
0.027832
0.0233765
-0.0415497
-0.264343

[9]
-0.354248
-0.376617
-0.497696
-0.469879
-1.84741
-2.14694
-1.03029
-1.56328
-0.329712
1.41736
-0.535797
-1.05434
-0.920502
-0.586075
-0.260544
-0.0835114
0.065506
0.0670166
0.14946
0.0353851
0.672394
1.25281
2.01633
2.78583
2.81018
2.8008
2.75026
-1.29726
-0.787125
2.42802
1.28456
1.53351
0.640244
0.638626
0.125534
0.244919
0.222107
0.195343
0.284622
0.222015
0.274261
0.202545
0.174774
0.161774
0.0676575
0.0673065
-0.00360107
-0.148392
-0.335419
-0.339844

[10]
-0.41687
-0.692017
-1.20435
-2.19936
-0.983871
-1.19991
-1.05832
0.998672
-0.362244
-0.881714
-0.930435
-0.493668
-0.334412
-0.0914917
0.00471497
-0.00892639
0.115875
0.0348511
0.766602
1.58611
2.75934
2.80931
2.82767
2.81227
1.91946
-1.27696
1.54512
1.48096
1.39658
1.14403
0.645584
0.401672
0.300247
0.107925
0.204788
0.183533
0.298813
0.157715
0.168274
0.150696
0.146011
-0.00450134
0.0292053
0.0644684
-0.0848389
-0.212753
-0.324493
-0.405777
-0.4935
-0.653305

[11]
-2.02176
-1.81494
-1.43481
-1.39702
-0.529266
1.42946
-0.446732
-0.751007
-0.799316
-0.594223
-0.313675
-0.0801086
0.0793152
0.110794
0.151611
0.187637
0.635452
1.45987
2.05942
2.76189
2.78679
2.78084
2.74136
-1.29945
-1.31082
1.93967
1.25291
1.62756
0.695099
0.701492
0.16333
0.0275726
0.215546
0.14386
0.297287
0.26976
0.200958
0.0883026
0.0571136
0.0111542
-0.0493164
-0.0106201
-0.0704651
-0.215286
-0.282578
-0.390076
-0.49971
-0.590317
-2.22517
-1.4538

[12]
-1.85202
-0.828873
-0.895401
0.683273
-0.358078
-0.77832
-0.754623
-0.532486
-0.278397
-0.0984497
0.0476685
0.0871124
0.149506
0.196106
0.50502
1.20862
1.88229
2.7392
2.77104
2.7659
2.72102
-1.33488
0.824341
2.33044
1.2038
1.53101
0.64949
0.618439
0.17424
0.102188
0.133636
0.104263
0.20459
0.21524
0.110641
0.0560608
0.0301514
-0.00172424
-0.0787201
-0.0436096
-0.0618896
-0.219955
-0.336655
-0.474289
-0.66481
-0.867264
-2.2446
-1.29546
-1.85713
-1.34914

[13]
0.16983
-0.131622
-1.06325
-0.846619
-0.618805
-0.386429
-0.173218
-0.0750732
-0.0160828
0.0836487
0.316025
0.875305
1.20107
1.84181
2.75928
2.78494
2.78091
2.38794
-1.30496
1.56123
1.97743
1.68585
0.764725
0.71254
0.286682
0.157928
0.0964813
0.247467
0.162552
0.168472
0.155212
0.124268
0.115402
0.0904541
0.0118256
0.0174103
-0.113647
-0.353958
-0.342072
-0.494217
-0.730148
-1.21181
-2.25528
-0.988083
-1.76422
-0.509857
0.951996
-0.371902
-0.944
-0.885635

[14]
-0.562759
-0.307327
-0.105576
-0.080307
-0.0937958
-0.0568237
0.0809937
0.524368
1.01546
1.89252
2.73868
2.7791
2.78763
2.75815
-0.498672
-1.32701
2.61949
1.23395
1.43852
0.911438
0.474396
0.162125
0.0628967
0.198685
0.111664
0.261551
0.170914
0.173065
0.0100861
0.0223846
-0.0623474
0.0757599
0.0214539
-0.162598
-0.267166
-0.304565
-0.458878
-0.666916
-1.38301
-2.26903
-0.959274
-1.50433
-0.486923
1.24138
-0.896271
-0.943573
-0.793365
-0.447113
-0.172318
-0.0746002

[15]
-0.0493164
-0.0604706
0.0195923
0.0736237
0.682037
1.48729
2.49985
2.79988
2.82558
2.81761
2.774
-1.27998
0.197311
2.63403
1.44777
1.38525
0.505112
0.600189
0.132965
0.151703
0.139679
0.222565
0.312256
0.148697
0.231079
0.122177
0.164337
0.050705
-0.0745697
-0.0211792
-0.157501
-0.282791
-0.41153
-0.578094
-0.728119
-1.91632
-1.99971
-1.26749
-1.42236
-0.619049
0.564148
-1.16576
-0.910217
-0.661987
-0.387299
-0.0205536
-0.0187683
0.0404358
0.0354309
0.106689

[16]
0.216904
0.692886
1.41608
2.33339
2.79118
2.81476
2.80296
2.68767
-1.29407
1.78426
2.15741
1.51831
1.1965
0.79718
0.095108
0.245071
0.0389099
0.255371
0.203598
0.144455
0.148041
0.162964
0.192795
0.122345
0.0112457
-0.0833588
-0.0825043
-0.231735
-0.280045
-0.456818
-0.684006
-1.31981
-2.25084
-1.61987
-1.34631
-0.635223
1.17365
-0.524139
-1.15137
-0.825394
-0.616592
-0.335648
-0.118301
-0.0979004
-0.00222778
0.145172
0.275436
0.679871
1.30159
2.0498

[17]
2.74927
2.78233
2.783
2.74736
-0.450607
-1.35042
1.9395
1.1021
2.4617
0.378235
0.72757
0.0855713
0.0420685
0.147812
0.153381
0.293274
0.0836487
0.112045
0.00360107
-0.0267944
-0.0834961
-0.168488
-0.00967407
-0.195023
-0.290039
-0.375198
-0.630646
-0.674011
-1.87239
-2.30493
-1.56264
-1.18451
-0.838303
0.236176
-1.23941
-0.91478
-0.721207
-0.36232
-0.0802307
-0.0849762
-0.0385895
0.0908966
0.224945
0.581818
1.16127
1.97664
2.7693
2.7997
2.80016
2.76729

[18]
1.54987
-1.32423
2.62831
1.0607
1.58858
0.931519
0.556305
0.125397
0.125
0.143814
0.183792
0.247284
0.160492
0.171768
-0.0484772
0.144318
0.063385
-0.0592651
-0.0480194
-0.206848
-0.238617
-0.37999
-0.560104
-0.734375
-1.912
-1.95219
-1.59433
-1.44952
-0.567276
0.198822
-1.15483
-0.891708
-0.624283
-0.310654
-0.124237
-0.113663
-0.0569
0.0115662
0.125793
0.556259
1.15167
2.26216
2.7612
2.79393
2.79964
2.77164
1.1244
-1.30539
2.64908
1.16435

[19]
1.3055
0.915405
0.478104
0.187454
0.104263
0.175705
0.187546
0.336548
0.156311
0.17691
0.142975
0.15683
0.0766907
0.0120697
0.00431824
-0.201828
-0.315155
-0.363937
-0.4767
-0.588699
-1.61986
-2.1931
-1.24228
-1.59004
-0.278442
0.942657
-0.944473
-0.949326
-0.829269
-0.461349
-0.225296
-0.130463
-0.1008
-0.0765686
-0.015625
0.398041
0.81218
1.96692
2.70079
2.74281
2.75935
2.71019
1.09737
-1.34955
2.59389
1.27412
1.37009
0.7164
0.366974
0.0701752

