[1]
-0.697006
-0.0472717
-0.000534058
0.00888062
0.0304413
0.0379944
0.0242157
0.0784454
0.097229
0.0708771
0.178513
0.26738
0.478149
0.625275
0.739426
0.916656
1.13632
1.16367
1.02953
1.14056
0.874649
0.346603
0.344986
0.653198
-0.569748
-0.496582
-0.475128
-0.348938
-0.329208
-0.30426
-0.183197
-0.0428619
0.23349
0.800964
1.05055
1.09395
1.13739
0.846756
0.553497
1.14854
0.799011
0.3647
0.743469
0.455612
0.275284
0.340698
0.146164
0.137131
0.0700989
0.0451813

[2]
-0.00335693
-0.0163116
-0.0931244
0.0217743
0.0962982
0.168533
0.186249
0.196426
0.384125
0.363525
0.411041
0.625595
0.758621
0.821289
1.1489
1.18118
1.22021
1.27548
0.394318
1.03062
0.630463
-0.506241
-0.547226
-0.458099
-0.447372
-0.396225
-0.413803
-0.321335
-0.176743
0.058136
0.589111
1.04739
1.09489
1.14682
1.09535
0.517426
0.557938
1.15311
0.534286
0.902924
0.974182
0.142761
0.285919
0.292892
-0.016098
0.111771
0.0679626
0.00897217
-0.0197754
-0.010498

[3]
0.0132904
0.0480957
0.0376129
0.082077
0.166199
0.19635
0.220505
0.370346
0.568756
0.747025
0.841766
1.08952
1.15129
1.18159
1.22841
0.908676
0.463043
-0.288071
0.22435
-0.693954
-0.42894
-0.498718
-0.409653
-0.379684
-0.376068
-0.264847
-0.0867767
0.211319
0.99292
1.07727
1.13264
1.17958
0.495438
0.749496
1.17909
0.430618
0.345169
1.07367
1.02823
-0.0793152
-0.0139771
0.0493927
0.106735
0.0322571
-0.0239563
0.00680542
-0.0149994
0.0735931
0.0438843
0.170273

[4]
0.132797
0.290878
0.287048
0.236618
0.467117
0.712463
0.798447
0.964508
1.13774
1.16794
1.21533
1.22308
0.671738
0.0138245
0.265015
-0.59053
-0.354141
-0.498093
-0.394165
-0.430313
-0.29863
-0.145859
0.125519
0.591141
1.05696
1.11139
1.16826
1.20961
0.33699
0.435135
0.671143
0.913345
1.1096
1.0657
-0.583878
0.139053
0.241577
-0.0657043
0.157059
0.0312347
0.009552
0.0423889
-0.00364685
0.0756531
0.0977631
0.069458
0.182358
0.248184
0.26181
0.36795

[5]
0.580811
0.731277
0.823502
1.10869
1.13605
1.16914
1.21741
0.525757
0.937927
0.741028
-0.476425
-0.535767
-0.592331
-0.525635
-0.407959
-0.368393
-0.281952
-0.14978
0.117172
0.637939
1.0869
1.15024
1.21266
0.764389
0.811554
0.877563
1.12856
0.595123
1.1015
0.231827
0.141022
0.330124
0.162918
-0.0687561
-0.00894165
0.0559692
-0.020401
0.0221863
0.0233154
0.0487213
0.0567932
0.0308838
0.101257
0.154602
0.306412
0.40062
0.597992
0.7733
0.926178
1.08699

[6]
1.11174
1.1449
0.995834
0.343384
0.18454
0.759216
-0.853592
-0.50824
-0.546753
-0.402145
-0.398407
-0.305405
-0.200668
0.047699
0.429749
1.04196
1.14592
1.21211
1.26224
0.649445
1.11125
0.821259
1.18282
1.13049
0.219208
0.4608
0.405991
0.281906
-0.0638123
0.0903473
0.0120239
-0.046051
-0.0868073
-0.00714111
0.104645
0.0583496
0.103241
0.163208
0.199326
0.256317
0.473557
0.68811
0.825012
0.917633
1.07552
1.10004
1.13504
0.847733
0.899765
-0.377716

[7]
0.50264
-0.861496
-0.498367
-0.52771
-0.539719
-0.494095
-0.412979
-0.283218
-0.0234222
0.344101
1.0368
1.16852
1.242
1.29576
0.597336
0.653732
0.717499
0.840668
-0.457657
1.15152
0.365387
0.322067
-0.059494
0.321915
0.0925903
0.0995789
0.0485382
-0.00563049
-0.0223083
-0.0817871
-0.00132751
0.0727081
0.0809021
0.0632935
0.206467
0.19754
0.333099
0.60025
0.73909
0.813873
1.06572
1.08572
1.10829
1.14568
0.651764
-0.15152
-0.0855713
-0.18956
-0.706253
-0.511475

[8]
-0.558167
-0.407562
-0.374863
-0.360138
-0.179489
0.0614014
0.53038
1.05614
1.17763
1.24844
1.30054
0.688797
0.719574
0.718369
0.759689
1.1093
1.13319
0.615753
0.30986
0.161942
0.0571289
0.0123291
0.0188751
-0.00628662
-0.0232086
-0.022583
0.0210876
0.0435638
0.024231
0.0335846
0.145538
0.212692
0.226547
0.495544
0.674759
0.783722
0.919449
1.06015
1.07959
1.10519
1.13913
0.0801544
0.443756
0.561279
-0.430084
-0.55101
-0.590485
-0.615326
-0.510437
-0.489853

[9]
-0.398987
-0.241699
0.104614
0.650742
1.13399
1.20529
1.26579
0.883759
0.81485
1.16054
1.0594
0.74794
1.12494
-0.228409
0.301239
0.287079
0.0345764
-0.0171051
0.00163269
0.0390015
0.0193939
0.0188751
0.0362549
0.0751038
0.0972595
0.106384
0.154404
0.177292
0.256607
0.516068
0.694229
0.829071
1.04964
1.06548
1.08449
1.11586
0.569733
0.551071
1.06677
-0.58493
-0.582382
-0.508896
-0.580536
-0.478287
-0.451233
-0.262756
-0.0394135
0.333252
0.987228
1.16277

[10]
1.23582
1.29242
0.794647
0.842087
0.590363
0.172913
0.0496979
1.15608
1.1066
0.557816
-0.0497284
0.174225
0.0768127
0.0800629
0.0290985
-0.0162811
-0.0224609
-0.0134735
-0.0415039
0.0309448
0.0525513
0.122879
0.20343
0.263443
0.522156
0.723999
0.849609
1.02066
1.04753
1.06682
1.09258
1.04552
0.157852
-0.740326
0.529968
-0.754288
-0.527847
-0.581329
-0.565887
-0.46196
-0.428497
-0.328796
-0.110779
0.293472
1.02943
1.18791
1.2637
1.31886
0.719345
0.771271

[11]
1.28499
1.04411
1.19933
0.620224
0.422119
0.478867
0.16011
0.0599518
0.00498962
0.054718
0.0311279
-0.0683746
-0.033844
-0.0156555
0.028595
0.0313873
0.137344
0.172577
0.206787
0.431747
0.624634
0.811996
0.932465
1.047
1.06538
1.08925
1.12401
0.405884
0.448853
1.05449
-0.943558
-0.529251
-0.567825
-0.577148
-0.438568
-0.328262
-0.105942
0.122009
0.568161
1.12769
1.20525
1.2825
1.33777
0.441986
0.593842
0.934448
1.02113
0.60939
1.15247
0.810532

[12]
-0.0671082
0.17067
0.0267029
0.174103
0.0442352
-0.055603
0.0524902
-0.0018158
0.0246887
0.115128
0.140808
0.0862732
0.13266
0.268311
0.391983
0.618362
0.763123
0.917419
1.04483
1.05777
1.08101
1.11125
0.0198212
-0.315399
-0.109619
-0.538971
-0.521423
-0.624359
-0.485245
-0.472427
-0.332367
-0.117249
0.141479
0.629562
1.16676
1.2466
1.31619
0.877838
0.697556
0.716339
1.28232
0.0204773
1.20038
1.13988
0.776184
-0.392288
0.337906
-0.00205994
0.152557
0.0692444

[13]
-0.027359
0.0193939
0.0190582
0.0104523
0.0339355
0.0958405
0.151794
0.165329
0.154068
0.368439
0.606995
0.7267
0.93222
1.03442
1.0475
1.06821
1.09892
0.0813751
-0.898788
0.446243
-0.837357
-0.556915
-0.654984
-0.580322
-0.508667
-0.423401
-0.245697
0.0346832
0.540131
1.08908
1.22481
1.30098
1.35539
0.759628
0.837341
0.837372
1.25931
1.21896
0.499527
0.308441
0.242203
0.258148
0.0585785
0.0462189
0.0198822
0.038208
-0.00396729
-0.00668335
0.0385895
0.0794678

[14]
0.0579987
0.062973
0.155884
0.220474
0.279831
0.440216
0.615036
0.755386
0.864258
1.04266
1.05992
1.08392
1.04826
0.348785
-0.0246582
0.31395
-0.924332
-0.663757
-0.644882
-0.602325
-0.523117
-0.432999
-0.236816
0.0103607
0.442078
0.949463
1.20164
1.28152
1.34166
0.533051
0.769485
1.17343
1.14656
0.518997
0.828033
0.134567
0.384293
0.105148
0.0228119
0.0866394
0.099762
-0.037384
-0.0564423
0.0176392
-0.0404816
0.0201416
0.075531
0.185745
0.159912
0.187439

[15]
0.12883
0.395325
0.618652
0.687958
0.886429
1.04259
1.05739
1.08124
1.11121
0.0463867
-0.320129
0.425461
-0.810745
-0.523087
-0.607895
-0.50853
-0.42601
-0.398529
-0.252869
-0.0510559
0.27153
0.978729
1.22043
1.3042
1.36552
0.647247
0.792679
0.790619
0.389832
0.630264
1.21384
0.820755
0.608398
0.0437469
0.0652313
0.0932159
0.0936737
0.0193939
-0.0366364
-0.0838318
0.0183411
0.0636444
0.0720825
0.0512695
0.158508
0.167221
0.211548
0.395615
0.579666
0.675171

[16]
0.860031
1.0379
1.05179
1.06947
1.09492
0.459244
0.929779
0.614243
-0.728149
-0.65332
-0.598099
-0.655014
-0.472
-0.43248
-0.284515
-0.0735931
0.264557
0.856186
1.19748
1.28046
1.34752
0.821884
0.920563
1.28981
1.27115
0.498779
1.18924
0.134567
0.514542
0.208511
0.164841
-0.0192871
0.131073
-0.00204468
-0.035614
0.0344696
0.0027771
0.0601654
0.164017
0.0631409
0.0625458
0.210022
0.248688
0.298813
0.576462
0.700989
0.865936
1.0265
1.03821
1.05476

[17]
1.08189
0.146179
0.757217
0.786285
-0.663193
-0.718719
-0.583633
-0.582581
-0.496765
-0.47699
-0.358353
-0.0902557
0.391769
1.01837
1.22046
1.29477
1.34883
0.869507
0.871948
0.942627
0.977448
0.826279
0.608856
0.498779
0.330338
0.283661
0.0479736
0.0741577
0.0386353
-0.00460815
0.00912476
-0.02388
0.024765
0.0846558
0.0585175
0.0671387
0.20961
0.188065
0.322983
0.545593
0.649078
0.798172
1.02553
1.03745
1.05411
1.04688
0.24292
0.62558
0.625046
-0.611572

