[1]
-0.242233
-0.0700226
0.0488434
0.019455
0.0260773
-0.0521851
-0.0427704
0.0223846
0.00575256
-0.0278168
-0.0442352
-0.038269
-0.0764771
-0.0693359
-0.0480347
-0.186264
-0.253937
-0.333664
-0.464798
-0.492859
-0.824509
-1.04103
-1.0558
-1.07045
-0.748718
-0.325943
0.735291
0.137283
0.295502
0.900467
0.83699
0.77417
0.747482
0.6763
0.633636
0.56633
0.524948
0.373978
0.0859528
-0.193558
-0.610611
-1.10342
-1.16261
-1.21877
-1.23755
-1.16751
-0.879364
0.168732
-0.322617
-1.02397

[2]
-0.602509
-0.232788
-0.306244
-0.039093
-0.20549
0.0375366
-0.0298004
-0.0879974
-0.0181427
-0.0258636
0.0318756
0.00759888
-0.000259399
-0.0336609
-0.0347595
0.013855
-0.0164185
-0.0404816
-0.0811615
-0.0635071
-0.05896
-0.183487
-0.301392
-0.384445
-0.485703
-0.610229
-1.01439
-1.054
-1.06886
-1.08531
-0.786011
-0.0448456
1.08955
0.132782
0.26004
0.845337
0.747574
0.698059
0.694031
0.634415
0.590302
0.507629
0.361496
0.0873413
-0.25618
-0.740143
-1.11917
-1.17143
-1.21416
-0.986847

[3]
-1.24791
-0.690872
-0.143631
-0.358688
-0.972961
-0.332108
-0.197006
-0.325531
-0.0535278
-0.190338
-0.0528259
-0.0114136
-0.0825958
-0.00778198
-0.00233459
0.0617065
0.00845337
0.00653076
-0.0428314
-0.0391846
-0.00515747
-0.0273895
-0.0402069
-0.0752869
-0.079071
-0.107452
-0.298782
-0.347229
-0.444016
-0.463303
-0.801208
-1.0569
-1.07199
-1.08974
-0.776398
-0.745712
0.435989
0.23262
0.0205841
0.887589
0.776947
0.796768
0.757507
0.711456
0.588425
0.510452
0.356598
0.130081
-0.237671
-0.647797

[4]
-1.09953
-1.15105
-1.19469
-0.896362
-1.12854
-0.574448
-0.294113
-0.442184
-1.02548
-0.476486
-0.448425
-0.160553
-0.013031
-0.0248718
-0.0181274
-0.0460052
-0.0525055
0.000976562
0.0088501
0.0231171
-0.0233765
-0.0382538
-0.0359192
-0.019165
-0.00984192
-0.0306396
-0.0279541
-0.0747833
-0.0973969
-0.0860138
-0.153152
-0.262527
-0.342697
-0.441177
-0.50766
-0.769348
-1.0647
-1.07899
-1.09731
-0.890762
-0.749466
0.482742
0.288696
0.226761
0.80986
0.788864
0.78331
0.78334
0.727585
0.644806

[5]
0.537308
0.422684
0.210526
-0.146225
-0.541382
-1.08667
-1.13765
-1.18486
-1.08781
-0.840454
-1.19688
-0.467407
-0.593414
-0.417938
-0.918686
-0.0493774
-0.440308
-0.181015
-0.0724945
-0.0416107
-0.0195007
-0.110184
-0.00674438
-0.017746
0.0625
0.0307007
-0.0169067
-0.040863
-0.0366669
-0.0100861
-0.00701904
-0.00932312
-0.0611725
-0.105316
-0.0497437
-0.0866547
-0.244339
-0.300858
-0.402573
-0.440094
-0.614304
-1.0612
-1.07286
-1.08678
-1.0934
-0.865723
-0.431183
0.874969
0.0732574
0.158203

[6]
0.838608
0.762009
0.761002
0.767441
0.676025
0.595734
0.478134
0.352539
0.0539246
-0.297333
-0.704056
-1.10002
-1.15305
-1.19836
-1.10393
-0.842239
-0.660065
0.146774
-0.341171
-0.850937
-0.465652
-0.275696
-0.230103
-0.050415
-0.130905
0.0030365
-0.0137939
-0.0767365
-0.0263062
-0.0120087
0.0153656
0.0202637
0.00920105
-0.0318756
-0.0264282
-0.0119171
-0.00482178
-0.0202026
-0.0386505
-0.06987
-0.0637665
-0.175659
-0.238556
-0.411377
-0.486679
-0.65152
-1.04768
-1.06267
-1.08081
-1.09857

[7]
-0.564026
-0.211121
0.915512
0.317566
0.258713
0.774643
0.773514
0.735428
0.714523
0.670959
0.600739
0.5298
0.431503
0.231781
-0.0987091
-0.471527
-1.00504
-1.12532
-1.1754
-1.21379
-0.945053
-0.752731
-0.721436
-0.528946
-0.376083
-0.667313
-0.215958
-0.274078
-0.172714
-0.160141
-0.144089
-0.00616455
-0.0715027
-0.0414429
0.034668
0.0161133
0.0180969
0.0134735
-0.0127869
-0.0147095
-0.0232697
-0.0197601
-0.0117645
-0.0292511
-0.0452118
-0.0841522
-0.102509
-0.176239
-0.276199
-0.377975

[8]
-0.493225
-0.569717
-1.05833
-1.07143
-1.08693
-1.10289
-0.848068
-0.37944
0.755035
0.137756
0.182892
0.692444
0.818756
0.792496
0.77092
0.72963
0.670944
0.586945
0.494904
0.325867
0.024292
-0.372803
-0.939728
-1.11919
-1.17201
-1.21315
-1.23705
-0.655792
-0.46907
-0.549423
-0.814835
-0.450897
-0.27655
-0.279892
-0.0453033
-0.091629
-0.0806885
-0.021347
-0.0802155
0.0263824
-0.0201569
0.0292511
-0.0270081
0.00730896
-0.0125275
0.0114594
0.0124207
-0.0204315
-0.0350494
-0.0745544

[9]
-0.082428
-0.0720367
-0.135025
-0.292282
-0.347794
-0.474579
-0.489609
-0.716248
-1.06665
-1.08167
-1.09932
-1.00018
-0.942642
-0.238113
0.844482
0.09729
0.205063
0.966278
0.89827
0.831741
0.826233
0.722992
0.610657
0.54068
0.421646
0.161285
-0.250641
-0.742264
-1.09657
-1.1507
-1.19514
-0.962296
-1.0697
-0.679474
-0.0279236
-0.288635
-1.01776
-0.358185
-0.292358
-0.274734
-0.0466461
-0.123795
0.0165863
-0.0668793
-0.026062
0.000793457
-0.00463867
0.0294342
0.0045166
0.0124969

[10]
-0.0249329
-0.00654602
-0.00566101
-0.0352478
-0.0487061
-0.10965
-0.0855408
-0.0937958
-0.289078
-0.360107
-0.497299
-0.510361
-0.730606
-1.06577
-1.08116
-1.09637
-1.03098
-0.83461
0.232956
0.447876
0.353958
0.56514
0.84436
0.800385
0.835281
0.817337
0.715424
0.629013
0.522675
0.421097
0.0888062
-0.319092
-0.7948
-1.10272
-1.15486
-1.19875
-0.992111
-0.77388
-0.860275
-0.577179
-0.713348
-0.901733
-0.292114
-0.248108
-0.0713959
0.00282288
-0.0695343
-0.0627594
-0.120071
0.0295868

[11]
-0.0100098
0.106277
0.0211487
-0.0313263
-0.0422211
-0.0389099
-0.0448456
-0.0263977
-0.0701294
-0.0875702
-0.110596
-0.106232
-0.154602
-0.243469
-0.387115
-0.456345
-0.513
-0.773285
-1.07805
-1.09506
-1.11545
-1.04272
-0.530472
0.861694
-0.043869
0.116028
0.884949
0.780899
0.745468
0.735779
0.646835
0.580688
0.477264
0.355042
0.0415497
-0.24472
-0.667923
-1.09531
-1.14781
-1.19331
-0.975357
-1.23425
-0.645874
0.137268
-0.253937
-1.03424
-0.456177
-0.523315
-0.126358
0.0942078

[12]
-0.0325623
0.010498
-0.0984497
-0.0248413
-0.0545959
0.0608826
-0.0242004
-0.0294342
-0.0441742
-0.00570679
-0.0210266
-0.0486908
-0.0409851
-0.0893402
-0.0910492
-0.125214
-0.115326
-0.188782
-0.299866
-0.454605
-0.466599
-0.644989
-1.06442
-1.07692
-1.09161
-1.00932
-0.900726
0.270248
0.659241
0.286865
0.325104
0.882126
0.777283
0.786697
0.768768
0.681763
0.581558
0.499924
0.377518
0.0558777
-0.342224
-0.814072
-1.10649
-1.15593
-1.19446
-0.881714
-0.746078
-0.670105
-0.522675
-0.613571

[13]
-0.782471
-0.0932312
-0.411591
-0.00636292
-0.195145
0.0057373
-0.0776062
-0.106232
0.0177155
-0.00558472
0.0297241
-0.0227356
0.0124054
-0.0458832
-0.0196838
-0.0223999
-0.0297394
-0.0585632
-0.069397
-0.121414
-0.132263
-0.183029
-0.32103
-0.36969
-0.484222
-0.523148
-1.06682
-1.07951
-1.09415
-1.09325
-0.978867
-0.3181
0.791763
-0.0314789
0.259094
0.831192
0.789246
0.788071
0.778732
0.686935
0.597855
0.509735
0.402954
0.150406
-0.196747
-0.696564
-1.09132
-1.14404
-1.19057
-1.16216

[14]
-0.947601
-0.788193
-0.0314636
-0.534363
-0.880966
-0.420822
-0.264694
-0.120636
-0.00680542
-0.0882263
-0.0559235
-0.0586548
-0.00698853
-0.0490417
0.0146484
-0.00485229
0.00517273
-0.0217133
-0.0211487
-0.0313416
-0.0166626
-0.00872803
-0.0259399
-0.0584717
-0.0706024
-0.0778503
-0.157303
-0.289291
-0.34552
-0.438782
-0.470825
-0.860153
-1.06279
-1.07629
-1.09421
-0.72113
-0.738144
0.441025
0.319763
0.27095
0.742584
0.796173
0.77919
0.732101
0.720123
0.565598
0.45813
0.292999
0.0982056
-0.332718

[15]
-0.781662
-1.10603
-1.15849
-1.20282
-0.955353
-0.859985
-0.509491
-0.366364
-0.240372
-0.354065
-1.00737
-0.331955
-0.63533
-0.117401
-0.233627
0.0690155
-0.0239716
-0.036438
-0.0498657
-0.0183716
0.0297394
0.0502319
0.117386
0.171738
0.0346527
0.0205231
-0.0204163
-0.0100555
-0.00527954
-0.0869751
-0.203949
-0.248993
-0.312576
-0.426315
-0.49823
-0.625885
-0.906067
-1.07019
-1.08553
-1.10135
-0.78537
-0.556656
0.782104
0.414322
-0.013916
0.763092
0.680374
0.654617
0.647278
0.613541

[16]
0.51503
0.458115
0.317825
0.0513458
-0.268433
-0.623581
-1.10426
-1.15694
-1.20334
-1.06769
-0.827988
-1.16484
-0.612671
-0.379868
-0.40213
-0.939667
-0.522156
-0.332993
-0.102509
0.0593262
-0.0816345
-0.0840302
0.0243225
-0.0625458
-0.0140381
-0.0185394
-0.000717163
0.0157776
-0.0345459
-0.0198822
-0.00662231
-0.00938416
-0.00735474
-0.0764008
-0.113174
-0.127426
-0.163315
-0.259979
-0.332199
-0.485382
-0.551941
-0.728119
-1.05795
-1.07091
-1.08464
-0.818802
-0.683945
0.60376
0.0775757
0.0339355

[17]
0.780716
0.707397
0.756927
0.738129
0.687195
0.63446
0.544754
0.371231
0.103714
-0.177322
-0.634979
-1.11012
-1.16415
-1.20911
-1.14095
-0.880585
-0.681488
-0.116028
-0.530319
-0.966568
-0.476242
-0.332077
-0.154373
0.00405884
-0.0664978
-0.0153503
-0.0162201
-0.0188141
-0.0265045
-0.021225
-0.020813
0.0224304
-0.0383148
-0.03125
-0.035965
-0.0349121
-0.0428925
-0.106461
-0.122864
-0.148575
-0.196014
-0.335236
-0.393417
-0.486038
-0.614899
-1.04895
-1.06328
-1.07964
-0.988525
-1.01826

[18]
-0.0251617
0.744598
0.275665
0.456497
0.966141
0.841019
0.81192
0.791382
0.647522
0.540726
0.426498
0.310318
-0.0643311
-0.387909
-0.819153
-1.11728
-1.16922
-1.21342
-1.24692
-0.802856
-0.618896
-0.338181
-0.381775
-1.02534
-0.367935
-0.574722
-0.118378
-0.0489807
-0.0243073
-0.0245972
-0.109497
0.0572968
-0.0367737
0.0293427
-0.00242615
0.00358582
-0.0509033
-0.0192719
-0.014679
-0.0222778
-0.0519104
-0.0680389
-0.117874
-0.0836029
-0.226349
-0.361252
-0.409744
-0.506973
-0.639725
-1.03754

[19]
-1.06731
-1.08595
-1.10924
-0.969116
-0.0410767
1.02235
0.0756073
0.45343
1.01529
0.851044
0.780457
0.785355
0.698364
0.665482
0.527176
0.371201
-0.118576
-0.297272
-0.576447
-1.08749
-1.13284
-1.1727
-1.13855
-0.618103
-0.886169
-0.487656
-0.576385
-0.751389
-0.37027
-0.205841
-0.0468292
-0.10643
-0.0415497
-0.0669708
-0.0299225
-0.0586243
-0.0399323
0.0402374
0.0439453
0.000534058
-0.0215912
-0.03479
-0.033783
-0.0385132
-0.052597
-0.102402
-0.132553
-0.141022
-0.271561
-0.379776

[20]
-0.464569
-0.559921
-0.854889
-1.06639
-1.08244
-1.0988
-0.933899
-0.384659
1.02286
0.0475006
0.0795746
0.929871
0.783493
0.745422
0.737137
0.618423
0.514374
0.407974
0.219528
-0.0681305
-0.369446
-0.803894
-1.10107
-1.14484
-1.18198
-0.670486
-0.808823
-0.765991
-0.76532
-0.755844
-0.567551
-0.223343
-0.0492096
0.102005
0.0932617
-0.100662
-0.0942078
-0.0347137
-0.0305481
0.000701904
-0.0584564
-0.0187683
0.0130463
0.0062561
-0.00933838
-0.0165405
-0.0616913
-0.0949554
-0.172256
-0.194427

[21]
-0.184616
-0.269791
-0.345917
-0.422867
-0.537918
-0.63385
-1.06387
-1.08151
-1.09979
-1.12529
-0.598846
0.824738
-0.293457
0.26796
0.951706
0.830856
0.785416
0.82045
0.681473
0.665543
0.486984
0.356888
-0.0225372
-0.384827
-0.848587
-1.11409
-1.16187
-1.13927
-0.933228
-0.758957
-0.68985
-0.345016
-0.719589
-1.07133
-0.576675
-0.455231
-0.11058
0.110275
-0.107162
-0.133713
-0.0714111
0.0176392
-0.053772
0.0971069
0.025177
0.0270996
0.00485229
-0.00244141
-0.0739746
-0.0566254

[22]
-0.036438
-0.0373993
-0.0817108
-0.0877075
-0.18399
-0.322739
-0.368393
-0.430725
-0.470139
-0.618912
-1.07018
-1.08476
-1.10216
-0.94809
-0.867737
-0.0643005
0.511261
0.0845032
0.648376
0.612839
0.658539
0.655212
0.636322
0.579758
0.486755
0.354797
0.100388
-0.254028
-0.638718
-1.08748
-1.13658
-1.17958
-0.97699
-1.1423
-0.60257
-0.636429
-0.73732
-0.642807
-0.308578
-0.380554
-0.201263
-0.0122223
-0.104736
-0.0218353
-0.0274658
-0.0445251
-0.0292664
-0.00668335
0.0539398
7.62939e-05

[23]
-0.0170746
-0.000732422
-0.00370789
-0.0142212
-0.0429382
-0.0504913
-0.0977783
-0.154343
-0.325089
-0.348404
-0.452255
-0.541077
-0.802689
-1.06523
-1.08174
-1.10126
-0.686829
-0.649796
0.333847
0.182571
-0.377045
0.778015
0.64772
0.679459
0.630646
0.583527
0.476959
0.421097
0.248596
0.0193329
-0.312469
-0.608017
-1.09776
-1.14972
-1.19687
-1.02541
-0.803894
-1.03287
-0.548187
-0.729919
-0.369308
-0.673645
-0.184631
-0.122238
-0.158875
-0.268677
-0.00250244
-0.100739
-0.025528
0.00737

[24]
-0.00968933
0.0365601
0.0737915
0.0260925
-0.00541687
-0.0166473
-0.0316162
-0.116562
-0.10762
-0.0974426
-0.142639
-0.266571
-0.30304
-0.482758
-0.549454
-0.759201
-1.05479
-1.0699
-1.08553
-0.684402
-0.67038
0.418442
0.309845
-0.139572
0.740005
0.741882
0.770798
0.72348
0.664001
0.560364
0.478592
0.318207
0.0858612
-0.232788
-0.637939
-1.10379
-1.15782
-1.2063
-0.985565
-0.897308
-0.777237
-0.737183
-0.755814
-0.567108
-0.158478
-0.227982
-0.327896
-0.230392
-0.154938
0.0279236

[25]
-0.0428925
-0.0257568
0.0217438
0.0348206
0.015152
0.013092
-0.00965881
0.00791931
-0.0125427
-0.0362091
-0.0580444
-0.080658
-0.108185
-0.21907
-0.273956
-0.388397
-0.497498
-0.584473
-0.818893
-1.06209
-1.0784
-1.09467
-0.766769
-0.375168
0.930908
0.365021
-0.00521851
0.876099
0.719482
0.663803
0.685349
0.61087
0.53006
0.437897
0.257584
-0.0380859
-0.382767
-0.825485
-1.12599
-1.18053
-1.22472
-0.845428
-0.790787
-0.65863
-0.240204
-0.658447
-1.09035
-0.875916
-0.19754
-0.0556488

