[1]
-1.10852
-1.03343
-0.749344
-0.735886
-0.496902
-0.433273
-0.775009
-0.0457306
-0.268829
-0.0534821
-0.135101
-0.0478058
-0.11702
0.0201263
0.039505
0.0569
-0.0127411
-0.0466003
0.0218353
0.0378418
-0.00326538
-0.0547333
-0.0566406
-0.0603485
-0.072464
-0.0917358
-0.0928192
-0.169952
-0.286163
-0.282227
-0.440857
-0.483231
-0.733505
-1.09312
-1.11127
-1.12979
-1.07629
-0.699326
0.359039
0.264771
0.262421
0.4216
0.964844
0.784836
0.790207
0.781433
0.69783
0.670914
0.600433
0.562088

[2]
0.306625
-0.0830536
-0.578934
-1.07884
-1.13155
-1.18179
-1.22427
-1.24222
-0.826859
-0.0105591
-0.486282
-1.05531
-0.742279
0.0813904
-0.30098
0.00216675
-0.172791
-0.0232544
-0.0839233
-0.0993958
0.0174561
0.011261
0.049469
-0.0211487
-0.00679016
-0.0153198
-0.0209503
-0.000183105
-0.0166168
-0.053421
-0.10376
-0.127136
-0.125031
-0.235153
-0.332047
-0.337051
-0.448349
-0.504654
-0.760025
-1.07561
-1.08873
-1.09106
-0.88884
-0.762375
0.342712
0.0814362
0.171631
0.603683
0.835358
0.790771

[3]
0.799805
0.764893
0.71582
0.706497
0.622894
0.506699
0.289154
-0.0364532
-0.409302
-0.956635
-1.1633
-1.21783
-1.26053
-1.21051
-0.903976
0.208527
-0.491516
-1.07776
-0.682938
-0.107635
-0.1922
-0.0697479
-0.190598
0.0460968
-0.0931854
-0.154526
-0.0246887
-0.000595093
-0.0022583
0.0155487
-0.00871277
-0.0231934
-0.0275421
-0.0301971
-0.0235901
-0.047348
-0.0679779
-0.143509
-0.205414
-0.199997
-0.324081
-0.382599
-0.498566
-0.573792
-0.90596
-1.07904
-1.09431
-1.10306
-1.1154
-0.230835

[4]
0.643967
-0.0299377
0.180298
0.958862
0.92334
0.885849
0.878021
0.767685
0.735489
0.676392
0.628326
0.494278
0.169601
-0.258224
-0.779205
-1.13109
-1.18159
-1.22351
-1.1512
-1.18022
-0.607056
-0.681259
-0.792496
-0.831329
-0.0464783
-0.534744
-0.0413513
-0.214722
-0.0122986
-0.117706
0.0177917
0.0200043
0.0211182
0.0111237
-0.0213928
-0.039444
-0.0224304
-0.0175476
-0.0360718
-0.0507507
-0.0313721
-0.152664
-0.121506
-0.121964
-0.218628
-0.330658
-0.390701
-0.478989
-0.556717
-1.04138

[5]
-1.07623
-1.09344
-1.10153
-1.10674
0.12558
0.497498
0.138855
0.573929
0.893723
0.832626
0.833817
0.815781
0.723282
0.67511
0.579239
0.465607
0.237274
-0.186066
-0.704269
-1.10988
-1.16782
-1.21806
-1.11784
-0.858185
-0.892059
-0.146942
-0.346451
-1.1747
-0.516296
-0.0936737
-0.326141
-0.172272
-0.112045
0.0779724
-0.0486603
-0.0294189
0.0209351
0.043808
0.0228882
0.0183868
-0.0192566
-0.0200653
-0.014679
-0.0273438
-0.063797
-0.0831757
-0.135025
-0.0861511
-0.207642
-0.267303

[6]
-0.384094
-0.483917
-0.576477
-0.924957
-1.06108
-1.07349
-1.07646
-0.893539
-0.381744
0.722351
-0.094635
0.267502
0.805771
0.766052
0.805283
0.834579
0.783615
0.71611
0.649185
0.585968
0.413376
0.136963
-0.289185
-0.893829
-1.16074
-1.22408
-1.27367
-0.977097
-0.862122
-0.800552
-0.632858
-0.519501
-0.94957
-0.403183
-0.449051
0.0934906
-0.0294037
-0.00709534
0.0299835
-0.0827942
-0.0408173
-0.0289612
0.00340271
-0.0237885
-0.00718689
-0.00546265
-0.00709534
-0.0304565
-0.0434265
-0.052597

[7]
-0.0528107
-0.0365448
-0.168518
-0.214096
-0.295578
-0.368393
-0.436279
-0.48938
-0.791977
-1.05324
-1.06778
-1.07367
-0.920456
-0.565506
0.630524
0.358566
0.356644
0.698212
0.944611
0.824265
0.825104
0.808533
0.733841
0.644485
0.575562
0.44429
0.177719
-0.245468
-0.764038
-1.14673
-1.20695
-1.25711
-1.15886
-0.911163
-1.00766
-0.275299
-0.303329
-1.05173
-0.697815
-0.102066
-0.447189
-0.0787811
-0.100662
0.0289917
-0.157104
-0.0206299
-0.0371094
-0.00292969
-0.00520325
-0.00253296

[8]
0.00544739
0.00694275
-0.0345612
-0.0500488
-0.0363617
-0.0578308
-0.0684357
-0.074585
-0.0810394
-0.21962
-0.314545
-0.357697
-0.466934
-0.468842
-0.795639
-1.05441
-1.06442
-1.06784
-0.684723
-0.656647
0.494919
0.389648
0.426971
0.450348
0.931793
0.784409
0.802429
0.793045
0.658905
0.549164
0.420654
0.231857
-0.139099
-0.596069
-1.12576
-1.18542
-1.23906
-1.19247
-0.89212
-0.614975
-0.820755
-0.210251
-0.223923
-1.08557
-0.525818
-0.135712
-0.489197
-0.0569305
-0.103989
-0.0341644

[9]
-0.131653
-0.00939941
-0.0326538
0.0198212
-0.0142822
-0.0130768
-0.0050354
-0.0132141
-0.0306702
-0.0444489
-0.0555573
-0.0908356
-0.118423
-0.110733
-0.258865
-0.273605
-0.34761
-0.448669
-0.485947
-0.793808
-1.05118
-1.06276
-1.06725
-0.87471
-0.661972
0.623505
0.171234
0.359833
0.840073
0.865814
0.861649
0.891296
0.751282
0.663208
0.550674
0.419296
0.282852
-0.132812
-0.62294
-1.05339
-1.2002
-1.26506
-1.31602
-1.24953
-0.513077
-1.14212
0.361206
-0.43689
-1.16464
-0.743088

[10]
0.0780334
-0.885712
-0.140289
-0.158371
0.0688019
-0.172562
-0.0257111
-0.0111694
0.0135193
-0.00608826
0.0271606
-0.0266724
-0.0250854
-0.027771
-0.0347748
-0.0278625
-0.0812378
-0.131775
-0.212494
-0.160934
-0.259537
-0.345703
-0.466995
-0.511078
-0.811768
-1.05006
-1.06133
-1.06651
-0.996078
-0.474869
0.838684
-0.0702057
0.226807
0.880051
0.841629
0.81926
0.828659
0.72995
0.63887
0.525574
0.397491
0.123672
-0.350403
-0.783417
-1.15402
-1.21994
-1.27769
-1.11244
-1.20839
-1.31308

[11]
-0.29335
-0.464676
-0.770844
-1.04561
-0.141647
-0.679489
-0.183395
-0.214386
0.0965271
-0.191757
0.000366211
0.0717468
0.0092926
0.00167847
-0.00534058
-0.0312958
-0.0244446
-0.0281525
-0.0195465
-0.0192108
-0.0873566
-0.152878
-0.155716
-0.214569
-0.331848
-0.361221
-0.492172
-0.531494
-0.847198
-1.06438
-1.07889
-1.08754
-1.04303
-0.13414
0.625061
0.220062
0.600937
0.881744
0.790298
0.801743
0.714737
0.559143
0.485184
0.300308
0.137573
-0.317017
-0.680573
-1.11525
-1.17618
-1.23373

[12]
-1.08102
-1.08171
-0.874603
-0.817886
-0.201508
-0.470291
-1.18877
-0.499649
-0.22496
-0.114258
-0.0683594
0.0621338
-0.138199
-0.117844
-0.0301208
0.0509033
0.0197296
-0.0311584
-0.0251465
-0.024292
-0.0190277
-0.0425262
-0.0521393
-0.07724
-0.122864
-0.125931
-0.139526
-0.293564
-0.386902
-0.472275
-0.57193
-0.719437
-1.05743
-1.07195
-1.07832
-1.10051
-0.534027
0.752151
-0.104355
0.105011
0.900528
0.820343
0.787323
0.811966
0.734146
0.673859
0.547913
0.409348
0.115372
-0.240768

[13]
-0.701157
-1.13457
-1.19881
-1.2569
-1.29538
-1.19005
-0.715836
-0.0791473
-0.564026
-1.19701
-0.692795
-0.0111084
-0.519424
-0.048111
-0.0126343
0.00787354
-0.155273
-0.0297546
0.0098877
0.0539093
-0.0341644
-0.00987244
-0.00050354
-0.0238953
-0.0280609
-0.0593872
-0.091568
-0.146759
-0.111298
-0.132645
-0.277649
-0.409439
-0.537994
-0.556229
-0.701508
-1.05936
-1.07384
-1.08997
-1.06969
-0.792755
0.550079
-0.0517273
0.158493
0.893631
0.793793
0.777527
0.80069
0.694016
0.632858
0.53566

[14]
0.386917
0.166229
-0.40889
-0.801193
-1.11195
-1.17026
-1.21996
-1.04665
-0.90329
-0.965866
0.529526
-0.525009
-0.953537
-0.995819
-0.135727
-0.544098
0.126709
-0.124588
0.0994263
-0.0775452
-0.0299835
-0.0451965
0.039917
0.00686646
0.0117188
0.0258942
-0.0238342
-0.0366364
-0.0636139
-0.0543365
-0.0936432
-0.165695
-0.144348
-0.213028
-0.315536
-0.45285
-0.606369
-0.696121
-1.06528
-1.08051
-1.09697
-0.952927
-0.757156
0.735886
0.0949097
0.244034
0.858994
0.903854
0.785507
0.807083

[15]
0.707932
0.594086
0.485901
0.374741
0.137909
-0.346588
-0.718674
-1.13322
-1.1922
-1.24014
-1.17867
-1.26962
-0.73288
-0.31189
-0.408417
-1.18152
-0.316376
-0.646042
0.0931091
0.0633392
-0.0953979
-0.0706635
-0.0538788
-0.0662689
-0.0564117
0.0645447
-0.0172424
-0.0499573
-0.0137177
-0.00588989
-0.0188751
-0.0399017
-0.0708008
-0.16774
-0.222748
-0.166534
-0.264633
-0.28743
-0.403397
-0.516678
-0.623581
-1.06734
-1.08179
-1.09746
-0.953598
-1.06509
0.292862
0.447891
0.28392
0.401459

[16]
0.959641
0.77739
0.800705
0.780472
0.658218
0.602982
0.463608
0.342621
0.0784149
-0.373337
-0.974701
-1.15575
-1.21649
-1.26337
-1.19084
-0.770981
0.026886
-0.46521
-0.82663
-0.877899
-0.135193
-0.607681
0.0138092
-0.116089
0.0639954
-0.0934448
-0.0583191
0.0121155
0.0235443
0.013916
0.000106812
-0.0263062
-0.0136108
-0.0189667
-0.0482788
-0.0571442
-0.0694885
-0.113495
-0.203842
-0.146942
-0.241974
-0.344513
-0.50293
-0.573868
-0.738968
-1.06943
-1.08275
-1.08606
-0.857315
-0.534882

[17]
0.710007
0.0866852
0.255493
0.904984
0.79068
0.813126
0.859207
0.742371
0.649536
0.542679
0.40947
0.231705
-0.339645
-0.736359
-1.1368
-1.19841
-1.24887
-1.15903
-0.99147
-0.885101
-0.791931
-0.839676
-1.01926
-0.162247
-0.401917
0.0666199
-0.0730743
0.0605927
-0.0367432
-0.015686
-0.0180054
0.00088501
0.00668335
0.0253601
0.0124817
0.00474548
-0.0122833
-0.0310822
-0.0384369
-0.0625
-0.145264
-0.134445
-0.182404
-0.245544
-0.378372
-0.509003
-0.537323
-0.92038
-1.06728
-1.08008

[18]
-1.08464
-0.963898
-0.438538
0.835312
-0.138412
0.137589
0.958084
0.78862
0.79953
0.806473
0.710449
0.567657
0.381088
0.185745
-0.229156
-0.835464
-1.13547
-1.19931
-1.25507
-1.11371
-1.03493
-0.889359
-0.413666
-0.697647
-0.985229
-1.0399
-0.118195
-0.439041
0.0885773
-0.138535
0.0285034
-0.0995941
-0.0411682
-0.0395508
0.0400391
0.0162506
0.0202637
-0.0010376
-0.0154724
-0.0106201
-0.0265198
-0.0397491
-0.0696411
-0.207504
-0.231155
-0.21434
-0.320343
-0.417984
-0.553162
-0.611969

[19]
-1.00151
-1.06412
-1.07903
-1.07425
-0.885818
0.359833
0.274399
0.0237732
0.900391
0.79422
0.816193
0.788055
0.696274
0.588928
0.4823
0.35614
0.0391235
-0.397507
-0.936646
-1.15822
-1.22508
-1.28679
-1.20828
-0.835724
-0.991058
-0.341507
-0.679565
-1.10205
-1.01894
0.0149689
-0.515457
-0.0687103
-0.183105
0.0556946
-0.195816
-0.0422211
0.0770874
0.0502625
-0.00062561
-0.0103149
-0.0708466
-0.0362701
-0.0297852
-0.0392151
-0.0587921
-0.0841064
-0.136703
-0.163605
-0.175247
-0.300949

[20]
-0.394516
-0.529678
-0.544266
-0.88269
-1.05399
-1.06799
-1.08522
-1.01363
-0.390106
0.763336
0.28685
0.245041
0.980591
0.834976
0.808701
0.795303
0.693604
0.604919
0.504883
0.392838
0.104523
-0.403748
-0.964996
-1.15234
-1.21738
-1.272
-1.13768
-0.801178
-1.05711
0.0903168
-0.59169
-1.20901
-0.742355
-0.0888367
-0.284241
-0.0245514
-0.16478
0.000717163
-0.112366
-0.0929108
0.00526428
0.0221863
0.0402985
-0.0181122
-0.0636597
-0.0525208
-0.0121765
-0.0344391
-0.0776367
-0.100021

[21]
-0.144485
-0.206787
-0.272171
-0.395737
-0.508652
-0.594345
-0.831055
-1.06473
-1.0804
-1.0845
-1.0099
-0.551773
0.844666
-0.205811
0.0599213
0.931564
0.765701
0.805847
0.817169
0.725922
0.648758
0.553802
0.41748
0.240036
-0.153168
-0.678223
-1.13127
-1.19618
-1.25348
-1.27884
-1.15623
-0.887985
-0.217316
-0.333237
-1.18895
-0.408554
-0.188934
-0.335892
-0.127136
-0.0638275
0.0457458
-0.142654
0.0230408
0.0113373
0.0690155
0.0232697
0.00956726
0.00593567
-0.0228271
-0.019928

[22]
-0.0445251
-0.0690155
-0.144196
-0.13649
-0.169968
-0.27739
-0.348251
-0.460724
-0.54538
-0.670013
-1.05293
-1.0649
-1.07942
-1.00922
-0.627197
0.596527
-0.0305939
0.0786896
0.80304
0.803024
0.836136
0.828568
0.762939
0.670898
0.55809
0.401703
0.252563
-0.233856
-0.559677
-1.11848
-1.18051
-1.23743
-1.27983
-1.02925
-1.01477
0.103485
-0.489227
-0.736511
-0.930954
-0.203598
-0.484039
0.0227356
-0.186707
0.0565643
0.0130463
-0.0638733
-0.0110321
-0.00415039
0.0587769
0.0119476

[23]
0.0294189
-0.0357819
-0.052597
-0.0465546
-0.0341187
-0.0737
-0.110809
-0.138275
-0.3069
-0.332932
-0.473724
-0.568344
-0.755829
-1.05537
-1.06866
-1.08366
-0.95726
-0.78363
0.342331
0.396988
0.199219
0.527939
0.911209
0.771484
0.79483
0.772186
0.709579
0.635254
0.539612
0.425186
0.138794
-0.348389
-0.961868
-1.14516
-1.20401
-1.25049
-1.13205
-0.801804
-0.732742
-0.771469
-0.699234
-0.976181
-0.384567
-0.313919
0.228043
-0.0765533
-0.109787
-0.00151062
-0.0151062
-0.0687103

[24]
-0.0213623
0.0435638
0.00636292
0.0439301
0.0130005
-0.02005
-0.0389557
-0.0713501
-0.0956573
-0.106628
-0.133011
-0.211533
-0.283142
-0.441727
-0.543854
-0.645798
-1.05975
-1.07353
-1.08998
-1.11041
-0.890808
-0.0733337
0.825439
0.248505
0.301926
0.948502
0.855804
0.807251
0.791824
0.678604
0.611664
0.431198
0.309418
-0.0759583
-0.538223
-1.02007
-1.15329
-1.20717
-1.24916
-1.03583
-0.92482
-0.710342
-0.57016
-0.700653
-1.15385
-0.130539
-0.419998
0.0942993
-0.0390472
-0.0302124

