[1]
0.188599
-0.129913
0.597778
0.197296
0.790146
0.765869
-0.113129
0.00126648
-0.897858
0.159958
0.0469208
0.280975
0.255249
-0.145569
-0.225662
-0.118591
0.0461121
0.240341
-0.0294189
-0.08638
-0.0454865
0.061615
0.0389709
-0.028595
-0.0372162
-0.004776
0.07164
0.0278931
-0.0568848
-0.0661469
0.141953
0.127579
-0.189346
-0.344833
-0.865128
0.141449
-0.846756
-0.89711
-0.445786
-0.414871
-0.165085
0.0682831
-0.131607
-0.14949
-0.0281982
0.012207
-0.0512543
-0.0531921
-0.0209503
0.00169373

[2]
0.0271759
0.0116882
0.26622
0.289688
-0.0106201
-0.11412
-0.375595
1.08363
0.595291
-0.745453
1.20972
0.352341
0.175858
0.0516663
-0.604568
0.187683
0.101196
0.0847931
0.196198
0.0157471
0.00186157
-0.120605
0.0189056
0.0832672
0.144043
0.038559
-0.0300598
0.0447998
0.0671082
0.045166
0.0275421
0.0119629
0.0159149
0.0499115
0.0163879
-0.0812225
0.0787506
0.0393372
-0.0371246
-0.328171
-0.803696
0.0565338
-0.7099
-0.707016
-0.394196
-0.259079
-0.182175
0.089798
-0.0447693
-0.0488129

[3]
0.0384521
0.0202637
-0.00964355
-0.0027771
0.0286255
0.089798
0.130524
0.121429
0.119034
0.165054
0.115463
0.0037384
-0.686096
0.124176
0.893677
-0.890045
0.878952
0.570251
0.0112
-0.00137329
-0.393494
0.0700073
-0.0651398
0.0171509
0.177261
0.0525665
0.0751801
-0.112381
-0.0279846
0.128357
0.161926
0.101364
-0.0208893
0.0165253
0.0558319
0.0749512
-0.0555267
-0.0114441
0.110443
0.101074
0.0303497
0.0289612
0.13562
-0.0232391
-0.17691
-0.562546
-0.132568
-0.177261
-0.595856
-0.812134

[4]
-0.0956421
-0.29361
0.195129
0.0367126
-0.18541
-0.0182343
-0.0068512
0.020874
-0.00480652
0.0249023
0.0522156
0.00413513
0.128983
0.217392
0.105545
-0.150467
-0.101959
-0.750122
-0.952148
0.689575
0.885284
-0.27121
0.959381
-0.3396
-0.341461
-0.731369
0.395996
0.089447
0.108795
0.21402
-0.0466766
-0.197372
-0.197754
0.00457764
0.137924
0.101608
-0.0167999
0.0327911
0.0188293
0.0405121
-0.0414734
0.0735321
-0.00961304
0.0161285
0.0746613
-0.0638275
-0.0102844
0.221191
0.0401611
-0.203705

[5]
-0.721558
-0.100189
-0.34761
-0.619598
-0.662949
-0.402847
-0.248016
0.129593
-0.0244141
-0.060791
-0.0104675
-0.0122528
-0.0593109
-0.0667725
-0.0166779
0.0392151
0.0498657
0.0540619
0.138641
0.110809
0.0405884
-0.159409
-0.531265
0.625671
0.490707
-0.665527
0.924271
-0.0381165
-0.0148315
-0.31813
-0.0437927
0.172562
-0.0170593
-0.0212402
-0.0590515
-0.00679016
0.0274963
-0.125046
-0.0661469
0.0791626
0.125916
0.0087738
-0.0317535
-0.00831604
0.0142975
-0.0257416
-0.0231171
-0.0460663
-0.030014
-0.00479126

[6]
0.106461
0.198044
0.0567932
-0.196838
-0.518738
-0.678223
-0.00424194
-0.515976
-0.928909
-0.288055
-0.187729
-0.0138397
-0.0247192
0.0194397
0.0112305
0.00299072
-0.0254211
-0.0308075
-0.0323944
-0.0433197
-0.00698853
0.0192413
0.00170898
-0.015274
0.0284882
0.0490417
-0.37999
-0.384857
0.57637
0.343246
0.323593
0.818481
-0.270065
0.0105438
-0.600098
0.0866852
-0.0673065
0.00772095
0.0862885
-0.0244293
0.00579834
-0.152069
-0.0119629
0.106201
0.120789
0.00671387
-0.0609131
0.0356445
0.0556488
-0.00975037

[7]
-0.0688324
-0.0821533
0.0736389
0.0805206
0.0585938
0.0490417
0.100693
0.0478821
-0.207108
-0.548157
-0.79332
0.184647
-0.532776
-0.677475
-0.357651
-0.505417
-0.185837
0.103149
-0.0828857
-0.00978088
0.0137787
-0.0240784
-0.0159302
-0.0133972
0.0175018
0.0264893
0.0501099
0.0253601
0.199753
0.0658417
0.027298
-0.318085
-0.180344
1.04388
0.602051
-0.611557
1.07462
0.291046
0.145477
-0.515869
-0.131607
0.00541687
-0.045578
0.109314
0.00196838
0.0910034
-0.0388031
-0.0830841
0.0621796
0.120407

[8]
0.0602264
-0.0279388
0.0620575
0.105484
0.120438
0.0835724
0.0493317
0.0015564
0.0311279
0.0256348
-0.0390015
0.0270538
0.161301
-0.0135345
-0.144058
-0.469009
-0.6577
0.191101
-0.455475
-0.745392
-0.569229
-0.117859
-0.43338
0.244385
0.0495758
0.0315857
0.0427856
0.00715637
0.0184937
0.0911865
0.0792542
0.134918
0.178925
0.3022
0.24556
0.202728
0.00390625
-0.470963
-0.138245
0.438736
0.413284
-0.324539
0.703339
0.312561
-0.00570679
-0.362106
-0.170975
0.0918121
0.00462341
0.159958

[9]
-0.0106049
-0.00746155
-0.100433
-0.064209
0.0633698
0.112671
0.0780029
-0.0091095
0.00395203
0.0317078
0.0371094
0.0545349
0.0479126
0.0187988
0.07724
-0.112869
-0.0232391
0.207932
0.0755157
-0.109726
-0.557388
-0.645584
0.0677032
-0.679291
-0.869278
-0.479309
-0.355286
-0.243744
0.00195312
-0.0193329
0.0428772
0.0189972
0.00164795
0.0287018
0.0429688
0.0488892
0.146057
0.119537
0.181656
0.258499
0.168823
0.0557404
-0.582733
0.30484
0.48439
-0.321594
-0.467499
1.20085
0.311569
-0.195847

[10]
-0.208878
-0.202545
0.324417
-0.0742493
-0.0257416
0.0831757
0.100418
-0.133728
-0.13298
0.0572052
0.129807
0.130569
0.000610352
0.0249023
0.0839691
0.105911
0.0558014
-0.0269928
0.0539398
0.0639648
0.0543976
0.00421143
0.228683
-0.0191345
-0.237228
-0.547287
-0.756638
-0.00138855
-0.601776
-0.787155
-0.212784
-0.208191
0.118378
0.0684204
-0.0276947
-0.00257874
-0.00413513
-0.00372314
0.0351257
0.00968933
0.0431671
0.0534515
-0.0197296
0.220261
0.0750427
-0.136475
-0.279144
-0.291321
0.500397
0.015152

[11]
0.0146027
0.677078
0.657806
-0.29985
-0.381424
-0.309784
0.304749
-0.0312653
-0.0229187
0.245544
-0.0322266
-0.189575
-0.188461
0.0924072
0.197586
0.0836487
-0.0466919
-0.0102692
0.0526428
0.0370178
0.0470123
-0.0762177
-0.0149078
0.0723724
-0.0174866
0.076767
0.195297
-0.0694427
-0.319061
-0.928146
-0.386993
-0.304596
-0.680084
-0.70871
-0.272903
-0.346909
0.154663
-0.0737457
-0.0796204
-0.0290222
0.0291901
0.00662231
0.0078125
0.0027771
0.10614
0.0362091
0.266281
0.210358
-0.0235291
-0.176575

[12]
-0.58017
0.14592
0.350143
0.386963
0.0578308
0.879028
-0.127594
-0.167313
-0.56575
0.0413818
0.0374451
0.0966339
0.281754
0.0288849
-0.120102
-0.259415
-0.0170746
0.114273
0.100342
-0.00320435
0.00233459
0.00881958
0.0723114
0.0240021
0.0207977
0.0224457
0.0311432
-0.00361633
-0.0930786
0.0592194
0.0428772
-0.242599
-0.381943
-0.720016
-0.23378
-0.626373
-0.765549
-0.0704956
0.0301056
0.202286
0.0486908
-0.149063
-0.0143127
0.0115967
-0.063736
0.0379791
0.0722046
0.146439
0.126068
0.242767

[13]
0.295914
0.136841
-0.047287
0.0342712
0.513947
0.716873
0.195892
-0.60817
1.19734
0.454651
0.0462494
-0.24472
-0.151581
0.0839691
0.0193024
0.177231
-0.029953
0.102692
-0.196442
-0.0329132
0.0817871
0.0771942
-0.00579834
-0.00170898
-0.0209503
0.00515747
0.042511
0.0872803
0.0299683
0.0710907
-0.0359955
-0.0603943
0.155533
0.112854
-0.0944977
-0.340729
-0.937683
0.0632019
-0.856369
-0.911575
-0.379074
-0.336578
-0.0453186
0.0150452
-0.0739746
-0.0270233
-0.0319519
-0.0430145
-0.0335693
-0.00384521

[14]
0.0261383
0.0915985
-0.0441895
0.284637
0.272644
-0.0270844
-0.369125
-0.307846
0.572845
-0.252487
-0.348068
1.43582
0.470779
-0.21846
0.100052
-0.608185
0.106949
-0.0707092
0.0351562
0.0349426
0.0040741
-0.017807
-0.139801
1.52588e-05
0.0523376
0.047226
-0.0264587
-0.00390625
0.073349
0.115295
0.121429
-0.0218964
-0.0163116
-0.0399933
-0.0770874
0.06604
0.126511
0.0960236
-0.331375
-0.94754
0.177261
-0.642136
-1.10228
-0.507721
-0.539749
-0.0424652
0.0113525
-0.0807037
-0.0798492
-0.073288

[15]
-0.0426941
-0.0704803
-0.116684
-0.156372
-0.190063
-0.22554
0.13443
0.00726318
-0.254395
-0.120911
0.266006
0.567627
0.42012
-0.245438
1.43994
0.259766
-0.442001
-0.466385
0.191986
-0.0644226
0.240128
0.0844727
-0.0265198
0.212875
-0.19165
-0.0655212
0.0418701
0.187256
0.0753174
-0.0484161
0.0492859
0.0361328
0.071228
0.0750732
0.116028
0.157333
-0.0561066
-0.0591278
0.036972
0.139343
-0.00465393
-0.238449
-0.855606
-0.026825
-0.338272
-0.600983
-0.752106
-0.354279
-0.25061
0.329041

[16]
0.0738831
-0.101807
0.00292969
0.00254822
0.0071106
-0.036087
-0.0177612
0.0759583
0.0606537
0.0552673
0.0964661
-0.0728455
-0.0902405
-0.368881
0.544479
0.418015
-0.187119
1.29805
0.663269
-0.141418
-0.228561
-0.699677
0.243317
0.0117645
0.0914459
0.246017
-0.00700378
-0.148621
-0.170792
0.0631866
0.112106
0.118256
-0.0122833
-0.000961304
0.0912018
0.129089
0.126572
0.0767517
-0.0220184
-0.0128937
-0.0399475
0.0206757
0.271454
0.203323
-0.0747375
-0.711258
-0.935791
0.133865
-0.572174
-0.66394

[17]
-0.139557
-0.328339
0.187073
0.068985
0.0935364
0.119995
0.0487976
0.020401
0.0627747
0.101044
0.131699
0.189117
-0.102219
0.273834
0.296158
-0.0240784
-0.69487
-0.42305
0.769073
-0.458588
-0.00506592
0.729919
-0.0654297
0.274857
-0.47493
0.0884399
-0.192215
-0.10466
0.078476
-0.0150299
-0.0833893
-0.145508
-0.0509949
0.00405884
0.0812225
-0.0154419
-0.00517273
0.0624084
0.0780945
0.0847473
-0.00737
-0.00256348
-0.00689697
-0.0513611
-0.0445251
0.191513
0.0797577
-0.0734406
-0.681427
-0.526978

[18]
0.0493164
-0.548157
-0.605011
-0.366394
-0.231934
0.0835266
-0.0584869
0.02388
0.00283813
-0.0617371
-0.0584869
-0.00236511
-0.0015564
-0.0384521
-0.0611877
0.137451
0.215805
0.0847931
-0.298874
-0.334625
0.35643
-0.347198
-0.238678
1.25626
0.469116
-0.0352631
-0.240723
-0.516174
-0.0683899
-0.0904083
-0.0820312
0.194809
0.0561371
-0.0240021
-0.216125
-0.0476227
0.0684967
0.117615
0.00798035
-0.0692444
0.0881195
-0.0186005
0.00500488
0.00224304
0.0989075
0.0593109
-0.0410309
-0.0123444
0.124298
-0.0187531

[19]
-0.222748
-0.731842
-0.0327911
-0.501541
-0.725677
-0.570557
-0.0844269
-0.241333
-0.0665741
0.0970001
0.111877
0.0606842
-0.0426636
-0.0205841
-0.0183105
-0.0460815
-0.0670929
0.0866852
0.209549
0.0329895
-0.0274658
-0.164047
-0.236267
0.389099
0.249069
0.128723
0.94725
0.76535
-0.593231
-0.0161743
-0.436844
0.162125
0.0956879
0.0725708
0.114334
-0.0341644
-0.187088
-0.103394
0.104965
0.165283
0.0854797
-0.0275116
0.0230408
0.018158
0.0281372
0.0159912
-0.00537109
0.125641
0.0179901
-0.124664

[20]
0.00180054
0.246201
0.0442963
-0.224792
-0.668579
-0.48111
-0.0137787
-0.52536
-0.896729
-0.308075
-0.418808
0.151047
0.0178528
-0.0375671
-0.0201263
-0.00791931
-0.0304413
-0.0423889
-0.039093
-0.0212097
-0.0138397
-0.0209503
0.173187
0.171448
-0.165176
-0.481781
-0.0353241
0.937454
0.297821
-0.133133
1.38713
0.417145
-0.183716
-0.0900116
-0.186096
0.0422974
0.0985413
0.106659
0.228775
0.0518646
0.0335693
-0.204422
-0.0487213
0.129272
0.179703
0.0359344
-0.0449982
0.0204926
0.0957489
0.0648651

[21]
0.0236816
0.129105
-0.000823975
-0.0471497
0.176102
0.101013
-0.227921
-0.51236
-0.911957
-0.0118713
-0.685333
-0.797623
0.000823975
0.0827789
0.0399475
0.0450287
-0.0184174
0.0463715
-0.00886536
0.00622559
0.0587311
0.0799255
0.113998
0.142044
0.13179
0.160889
0.147202
0.0727081
-0.11792
-0.381149
0.915436
0.30513
-0.488998
0.93689
-0.00802612
0.0546265
-0.53244
0.156113
0.0512695
-0.0698242
0.0902863
-0.0252075
0.00488281
-0.132904
-0.0384979
-0.00050354
0.110199
0.0920563
0.000457764
0.0273895

[22]
0.0470123
0.0503693
0.0343628
-0.139267
-0.0194092
0.00747681
-0.0176239
0.125885
0.0486603
-0.0859375
-0.2957
-0.822922
0.181641
-0.710617
-0.904327
-0.534439
-0.274094
-0.177811
-0.0686798
-0.00804138
0.0370483
0.0039978
0.021286
0.010437
0.0523071
0.0619049
0.115631
0.0668793
0.228943
0.317764
0.291626
0.101822
-0.485413
0.506287
0.259338
-0.341446
0.523773
0.632278
-0.216431
-0.229401
-0.107956
0.186462
-0.0146332
-0.0753174
-0.00447083
-0.0361786
0.0632935
-0.1026
-0.0478363
0.0340424

[23]
0.0401459
0.0400848
0.0285339
0.0807953
0.0356598
0.0190582
0.0145111
0.0353546
0.00154114
-0.0519409
0.101349
0.112442
-0.167053
-0.276398
-1.04224
0.0809937
-0.664856
-0.787476
-0.442719
-0.345383
-0.361893
0.102722
-0.0128021
-0.0265503
0.0122986
-0.0424652
-0.0706329
-0.0405731
-0.0486755
0.00822449
0.0109863
-0.046524
0.0333405
0.0128784
0.196457
-0.230301
0.0439301
0.870865
0.366531
0.776962
0.742905
-0.0161591
0.157578
-0.407578
0.0292206
-0.0510406
0.0835724
0.0492249
-0.0382996
0.0147095

[24]
-0.0416107
-0.0246887
0.0852203
0.0943451
0.0182037
-0.0236664
0.0517883
0.0849762
0.052597
0.0209351
0.027298
-0.0372772
-0.0885468
0.0253448
0.0917969
-0.00700378
-0.230682
-0.774704
0.129745
-0.436356
-0.656113
-0.724045
-0.2565
-0.344757
0.270386
-0.00436401
-0.054245
-0.0440674
0.0139771
-0.0608673
-0.0533295
-0.00593567
0.0057373
0.0603333
0.110672
0.281021
0.287552
0.144882
-0.307373
0.372116
0.428802
-0.1138
0.29303
0.789261
-0.188995
-0.233719
-0.197617
0.0823059
-0.0826416
0.0468292

