[1]
0.0130615
-0.0414581
-0.0647125
-0.0183563
0.039505
0.00340271
-0.0231781
-0.0357208
-0.0213318
-0.0281372
-0.0214996
-0.0289917
-0.0591125
-0.0524292
-0.089859
-0.154572
-0.231064
-0.28299
-0.308228
-0.473618
-0.740463
-1.0524
-1.06523
-1.06819
-0.701035
-0.517532
0.381256
0.513748
0.531174
0.671356
0.751022
0.741653
0.686966
0.661163
0.612518
0.530197
0.434586
0.330078
0.0830994
-0.225906
-0.551239
-0.99765
-1.09323
-1.13286
-0.905777
-0.75705
-0.645126
-0.415894
-0.804169
0.396667

[2]
-0.333313
-0.453033
-0.926529
-0.344437
-0.103348
-0.179321
-0.105072
-0.0857086
-0.0395508
-0.0116577
0.0129547
0.0172882
0.0352936
0.0111542
0.0220795
0.0128326
-0.00674438
-0.0113678
-0.0262146
-0.0351257
-0.0458069
-0.0247955
-0.0305023
-0.0580139
-0.0648193
-0.152145
-0.163986
-0.151917
-0.269424
-0.336349
-0.476166
-0.723083
-1.07274
-1.08627
-1.10091
-0.800842
-0.660645
-0.158905
0.799683
-0.0913696
0.479065
0.680115
0.696091
0.668884
0.686646
0.644058
0.598969
0.526794
0.428162
0.264984

[3]
-0.0416565
-0.417984
-0.79335
-1.06848
-1.11086
-1.15054
-1.1826
-0.456741
-0.626984
-0.0458374
-0.34317
-0.487656
-0.484634
-0.413025
-0.0701447
-0.0155487
0.0325012
0.0193176
-0.0610809
-0.0502319
-0.0206909
-0.00726318
0.00480652
-0.0204468
-0.0241699
-0.00909424
-0.00312805
-0.0137329
-0.0128632
-0.0307465
-0.029007
-0.0315857
-0.0353241
-0.0609589
-0.0633545
-0.100754
-0.20668
-0.232285
-0.24025
-0.298828
-0.428772
-0.750458
-1.07494
-1.08763
-1.10298
-0.81424
-0.709503
-0.259415
1.01549
-0.000518799

[4]
0.412308
0.705322
0.649521
0.6716
0.637436
0.601547
0.520462
0.436722
0.303436
0.0679321
-0.214249
-0.563354
-0.961212
-1.09372
-1.13123
-1.01064
-0.714005
-0.537048
-0.4263
0.000656128
-0.557053
-0.400848
-0.875961
-0.291824
-0.277664
-0.147171
-0.0297394
0.0133362
-0.0451965
-0.0527344
-0.039093
-0.00927734
0.00750732
-0.00540161
-0.0225525
-0.0231476
0.00495911
0.00117493
-0.00430298
-0.0109558
-0.0239258
-0.0393524
-0.0510254
-0.0558929
-0.0754089
-0.177414
-0.188446
-0.241348
-0.266571
-0.316742

[5]
-0.488647
-0.871445
-1.06514
-1.03534
-1.03603
-0.521393
-0.613266
0.0490723
0.712006
0.324539
0.439484
0.664536
0.650742
0.659164
0.642136
0.597229
0.550415
0.477646
0.340347
0.13002
-0.191772
-0.52774
-0.900879
-1.10175
-1.13908
-1.0656
-1.14442
-0.549713
-0.538513
-0.301865
-0.309479
-0.477356
-0.489166
-0.103821
-0.143402
-0.0142517
0.0366516
-0.0348511
-0.0830231
-0.0115356
-0.0083313
-0.0365601
-0.0658722
-0.0716858
-0.0353851
0.00605774
-0.00392151
-0.017868
-0.0204468
-0.0243683

[6]
-0.027359
-0.050293
-0.0665588
-0.0815125
-0.124542
-0.227982
-0.244659
-0.333054
-0.336853
-0.515106
-0.977493
-1.06906
-1.08365
-1.01414
-0.607773
-0.444199
0.623611
-0.0640411
0.542267
0.634293
0.69165
0.712677
0.705414
0.681335
0.607407
0.550491
0.466919
0.311127
0.0700531
-0.23082
-0.665375
-1.07509
-1.11877
-1.15924
-1.00954
-1.02222
-0.603653
-0.512375
-0.442108
-0.410767
-0.601501
-0.397964
-0.0696564
-0.155563
-0.100555
-0.021225
-0.0633698
-0.0766449
-0.0404816
-0.0168457

[7]
0.015274
-0.0209808
-0.0238495
-0.000747681
0.00177002
-0.019516
-0.0428009
-0.0321655
-0.0388641
-0.0544281
-0.0863953
-0.108185
-0.18129
-0.204849
-0.241241
-0.319336
-0.368805
-0.483246
-0.934235
-1.06747
-1.03824
-1.02962
-0.587784
-0.478439
0.524429
0.0147095
0.472382
0.608505
0.627701
0.669647
0.641357
0.627823
0.552628
0.520508
0.430573
0.285263
0.0330048
-0.260422
-0.670563
-1.06961
-1.12997
-1.1705
-1.01837
-0.745773
-0.654541
-0.637238
-0.456894
-0.345261
-0.734573
-0.229355

[8]
-0.200027
-0.183609
-0.106079
-0.0937958
-0.032196
-0.070694
-0.0318604
0.0159912
-0.000686646
-0.0117645
-0.0362396
-0.0207214
0.00292969
-0.00213623
-0.0258026
-0.0278168
-0.0474701
-0.0722504
-0.0747681
-0.0655365
-0.128616
-0.204697
-0.239014
-0.283081
-0.323196
-0.396729
-0.659027
-1.03064
-1.07893
-1.09322
-0.703613
-0.85434
-0.210693
0.70285
-0.0998535
0.408386
0.657028
0.696289
0.700653
0.698822
0.680313
0.617599
0.53653
0.446884
0.256073
-0.00135803
-0.402649
-0.761093
-1.10384
-1.15007

[9]
-1.18707
-1.21114
-0.73175
-0.507843
-0.472458
-0.481339
-0.726105
-0.430984
-0.0319824
-0.116333
-0.0222778
0.0391541
-0.0428772
-0.065918
-0.0431824
-0.0461578
-0.0137787
-0.0131989
-0.0498047
-0.0233459
-0.0202789
-0.0127258
-0.0215454
-0.0344543
-0.0381317
-0.0384979
-0.0945435
-0.0970612
-0.124588
-0.171402
-0.255569
-0.303467
-0.368576
-0.568375
-1.01324
-1.06039
-0.918167
-0.861679
-0.641098
-0.133713
0.938278
0.0927887
0.250488
0.659317
0.620331
0.653366
0.636795
0.588867
0.538712
0.4655

[10]
0.298767
0.041687
-0.24472
-0.558395
-0.995316
-1.12401
-1.16521
-1.10963
-0.619781
-0.731918
-0.595932
-0.399643
-0.382965
-0.628586
-0.471115
-0.0464783
-0.165085
0.038147
-0.0345612
-0.0234222
-0.0157013
-0.00669861
-0.0140839
-0.0157776
-0.0338135
-0.0407562
-0.0106049
-0.0135498
-0.0314178
-0.0307617
-0.0465393
-0.0496674
-0.0841827
-0.0782013
-0.107315
-0.191818
-0.203629
-0.280136
-0.344742
-0.391769
-0.682526
-1.05606
-1.06795
-1.05334
-0.729095
-0.678299
0.0631256
0.760635
0.553802
0.500015

[11]
0.730469
0.708435
0.65361
0.631729
0.571899
0.46611
0.329681
0.0597992
-0.228668
-0.491989
-0.883301
-1.07967
-1.11627
-1.00253
-0.830795
-0.553238
-0.58699
-0.435349
-0.1866
-0.426575
-0.827576
-0.441711
-0.31485
-0.147736
0.000335693
0.00334167
-0.0382996
-0.0531311
0.00708008
-0.0162354
0.0237579
-0.00576782
-0.0332031
-0.0136261
-0.00688171
-0.0182648
-0.0281525
-0.0320282
-0.0369568
-0.0541534
-0.0631256
-0.0726166
-0.131973
-0.155167
-0.226135
-0.310226
-0.330566
-0.564865
-1.05989
-1.07118

[12]
-0.991043
-0.978653
-0.43541
-0.414154
0.872803
-0.0414276
0.258469
0.724243
0.636063
0.660919
0.614944
0.588928
0.465302
0.410797
0.203415
-0.0604095
-0.285019
-0.701859
-1.08383
-1.12985
-1.17337
-0.989899
-0.927521
-0.5784
-0.602615
-0.583603
-0.516006
-0.776733
-0.406326
-0.00672913
-0.0996857
0.0663452
-0.0068512
-0.0314941
-0.0355835
-0.000656128
-0.0124207
-0.0136108
-0.0388794
-0.0482483
-0.0183868
0.00987244
-0.0160675
-0.0182953
-0.028183
-0.0351105
-0.0425415
-0.081604
-0.0830536
-0.13385

[13]
-0.2005
-0.287125
-0.330399
-0.368011
-0.531509
-0.936798
-1.05707
-1.02141
-1.06912
-0.717239
-0.358368
0.770767
-0.211929
0.317062
0.832458
0.765564
0.755844
0.74736
0.68985
0.604568
0.508545
0.311096
-0.0105896
-0.30658
-0.702667
-1.08243
-1.12648
-1.1684
-1.20415
-0.765533
-0.682724
-0.613953
-0.526581
-0.448975
-0.920135
-0.331848
0.0537415
-0.0515289
0.0422974
-0.0318756
-0.0582275
-0.0893097
-0.0435791
-0.0232086
-0.0216827
-0.0570221
-0.0417938
-0.0143585
-0.00778198
-0.0043335

[14]
-0.0298309
-0.0349121
-0.0480347
-0.0517883
-0.165207
-0.110992
-0.157425
-0.229935
-0.26474
-0.423767
-0.644424
-1.00262
-1.04918
-0.908264
-0.874466
-0.70726
-0.008255
0.957428
0.207489
0.279175
0.663101
0.660095
0.658035
0.674744
0.648376
0.592087
0.500687
0.337341
0.10495
-0.153351
-0.575424
-1.08952
-1.14664
-1.19777
-1.23779
-0.995377
-0.887573
-0.550674
-0.578522
-0.669952
-0.738373
-0.281174
0.00196838
-0.110855
0.0251465
-0.0509186
-0.0166931
-0.0498199
-0.0172882
-0.0292664

[15]
0.00723267
-0.0266266
-0.0420532
-0.00953674
-0.0240173
-0.0222473
-0.0290833
-0.0310059
-0.0618896
-0.089798
-0.104385
-0.0811615
-0.112564
-0.22049
-0.33252
-0.344696
-0.672165
-1.054
-1.06769
-1.08426
-1.00935
-0.87178
0.043869
0.952591
0.0172272
0.271927
0.844513
0.76123
0.716171
0.702133
0.625595
0.57576
0.493713
0.36586
0.121368
-0.159363
-0.57515
-1.08931
-1.13591
-1.18031
-1.14377
-0.831375
-0.843521
-0.760422
-0.829514
-0.837204
-0.65596
-0.166336
-0.144913
0.0601654

[16]
0.0157776
-0.0510864
-0.0702667
-0.0378265
-0.0149231
-0.00737
-0.0495605
-0.0717926
-0.035141
-0.0261078
-0.0349579
-0.0229034
-0.0198975
-0.0426788
-0.0671539
-0.0794678
-0.11264
-0.149399
-0.195618
-0.288071
-0.340179
-0.381699
-0.551376
-1.01118
-1.07132
-0.973114
-0.983917
-0.916473
-0.193024
0.977951
0.365616
0.28035
0.696854
0.710144
0.73111
0.707458
0.649048
0.557816
0.460678
0.307022
-0.0898895
-0.381668
-0.721878
-1.10362
-1.14647
-1.18188
-0.939209
-0.69252
-0.690475
-0.515427

[17]
-0.543335
-0.508575
-0.529694
-0.502213
-0.0128784
-0.125183
-0.0630493
-0.0025177
-0.0325623
-0.0166168
-0.0148773
0.00559998
-0.00874329
-0.0232391
-0.0228119
-0.0133057
-0.0137024
-0.0289154
-0.032608
-0.0540314
-0.0751801
-0.083725
-0.130585
-0.199341
-0.211975
-0.292725
-0.353821
-0.381943
-0.539337
-0.960083
-1.07941
-1.05969
-0.97496
-0.931915
-0.296616
1.00995
0.0758362
0.24173
0.812881
0.749512
0.737198
0.682663
0.604599
0.499664
0.374252
0.168884
-0.160019
-0.402039
-0.729568
-1.11128

[18]
-1.15596
-1.19525
-0.946808
-0.836655
-0.653107
-0.635345
-0.471069
-0.595474
-0.596466
-0.523987
0.0336609
-0.166031
-0.0145264
-0.0460968
-0.0684662
-0.0354919
-0.00187683
-0.0187378
0.00358582
-0.0105438
-0.01828
-0.0176544
0.00314331
-0.0319214
-0.0178223
-0.0551453
-0.0611115
-0.11235
-0.120514
-0.184296
-0.230606
-0.275024
-0.389908
-0.472412
-0.587967
-1.05914
-1.07254
-1.09
-1.10201
-0.855591
-0.135391
0.930893
0.21199
0.214752
0.731659
0.742645
0.719955
0.705429
0.651489
0.569046

[19]
0.484329
0.339264
0.0612793
-0.29007
-0.690033
-1.10399
-1.15102
-1.18982
-0.92775
-0.91214
-0.535812
-0.745728
-0.722717
-0.777115
-0.530029
-0.222412
-0.105057
-0.0487518
-0.0513611
-0.0344849
-0.0387268
-0.0161133
-0.0204773
0.00408936
-0.0130768
-0.0449982
-0.0261841
-0.0218964
-0.0173798
-0.0327606
-0.0422058
-0.0525513
-0.0809631
-0.0652466
-0.121948
-0.171417
-0.2668
-0.316895
-0.386307
-0.495224
-0.736359
-1.06021
-1.07196
-1.07645
-0.891235
-0.423492
0.555069
-0.0602264
0.286011
0.777557

[20]
0.751007
0.753677
0.693542
0.65152
0.568634
0.476837
0.336182
0.0300903
-0.278748
-0.665009
-1.10533
-1.15884
-1.20784
-1.1908
-0.968124
-0.692642
-0.422501
-0.184158
-0.546997
-0.887878
-0.647354
-0.195801
-0.308533
-0.00088501
-0.0843658
-0.0380859
-0.066864
-0.0657043
-0.0627136
-0.0231171
-0.0015564
0.00534058
-0.0147247
-0.0172882
0.00627136
-0.0113525
-0.0264435
-0.0473022
-0.0626221
-0.068924
-0.0697937
-0.131805
-0.194077
-0.299255
-0.328583
-0.366913
-0.575821
-1.0574
-1.06812
-1.06097

[21]
-1.09851
-0.514984
-0.477768
0.756287
-0.0734558
0.292206
0.795822
0.735764
0.741959
0.702576
0.681091
0.593048
0.475189
0.245605
-0.157867
-0.487686
-0.890289
-1.09821
-1.1366
-1.04623
-1.07625
-0.624069
-0.574341
-0.670792
-0.584381
-0.596222
-0.459366
-0.0846558
-0.0744324
-0.0168762
0.00100708
-0.0767517
-0.104599
-0.0275421
-0.00390625
-0.00239563
-0.030304
-0.0375366
-0.0333862
0.0136414
0.0220184
0.00386047
0.0062561
-0.0259094
-0.0526886
-0.0719452
-0.0713959
-0.118332
-0.170029
-0.227707

[22]
-0.301651
-0.34108
-0.468689
-0.770935
-1.05983
-1.07193
-1.08649
-0.710327
-0.639908
0.0552979
0.647751
0.551773
0.518219
0.700195
0.707474
0.710556
0.697174
0.629074
0.568817
0.466904
0.233749
-0.0727081
-0.445068
-0.884796
-1.10022
-1.14354
-1.17865
-1.14061
-0.488449
-0.461777
-0.635254
-0.734329
-0.666077
-0.544662
-0.107437
-0.113861
-0.0668335
0.0450745
-0.036972
-0.097641
-0.0352478
-0.0219879
-0.0343018
-0.0611877
-0.046936
-0.0261536
0.00447083
-0.0309448
-0.00900269
-0.00906372

[23]
-0.0297699
-0.0589294
-0.146332
-0.0900574
-0.143799
-0.269485
-0.347275
-0.405304
-0.512283
-0.858078
-1.0544
-1.06749
-1.07108
-0.794342
-0.57016
0.572098
-0.163727
0.401535
0.837601
0.776962
0.818008
0.769012
0.71701
0.616913
0.53476
0.3461
0.0942078
-0.299911
-0.652008
-1.10611
-1.16139
-1.21114
-1.24641
-0.818741
-0.675354
-0.533188
-0.535263
-0.462357
-0.475723
-0.4561
-0.0555267
-0.134857
0.0192719
-0.0207977
-0.00811768
-0.0172729
-0.00663757
-0.0304565
-0.019165
-0.0108795

[24]
-0.00483704
0.0250092
0.0171356
-0.0098877
-0.0150909
-0.0165405
-0.0471191
-0.0922089
-0.102341
-0.147324
-0.215546
-0.264816
-0.354492
-0.44075
-0.537323
-0.896988
-1.06068
-1.07533
-1.08054
-0.887543
-0.376038
0.937012
-0.134247
0.364975
0.801315
0.765747
0.802658
0.776123
0.703476
0.615097
0.490234
0.278534
-0.0981903
-0.5336
-0.898651
-1.11952
-1.16783
-1.20778
-0.77594
-0.842346
-0.481522
-0.569412
-0.613968
-0.768875
-0.723877
-0.376434
-0.18483
0.033844
-0.056427
-0.00500488

[25]
-0.0326996
-0.0281677
-0.0313873
-0.0382843
-0.0302124
-0.0332489
-0.02034
-0.00280762
-0.0314026
-0.0584259
-0.0520325
-0.0688324
-0.165543
-0.135635
-0.12001
-0.170105
-0.226273
-0.29097
-0.420456
-0.411133
-0.678345
-1.05154
-1.06409
-1.07104
-0.913315
-0.429306
0.768646
0.0406952
0.209656
0.781326
0.676727
0.743317
0.71579
0.667023
0.600647
0.459976
0.256912
-0.0810547
-0.414581
-0.879074
-1.11995
-1.17111
-1.2149
-1.02289
-0.742844
-0.679535
-0.291199
-0.199844
-0.48201
-1.0006

[26]
-0.505981
-0.327209
-0.192047
-0.0393829
-0.0535278
0.0132141
-0.0108185
-0.0597534
-0.0306702
0.00849915
0.00793457
-0.00193787
-0.0283661
-0.0376892
-0.0169373
-0.0560455
-0.0641785
-0.0877686
-0.0980377
-0.122177
-0.21434
-0.261139
-0.332825
-0.425156
-0.528763
-0.811462
-1.05591
-1.06895
-1.07339
-0.76825
-0.479324
0.563309
-0.225281
0.214676
0.794495
0.708099
0.762817
0.727951
0.675812
0.575821
0.473267
0.316101
0.0085144
-0.31572
-0.676239
-1.10765
-1.16212
-1.21291
-1.14061
-0.881775

[27]
-0.657623
-0.613403
-0.521103
-0.528152
-0.939438
-0.530121
-0.159088
-0.143478
-0.0868835
-0.0193024
-0.0438385
-0.0302887
-0.0301514
-0.0387421
-0.0037384
-0.00950623
-0.0212097
-0.0027771
0.00209045
-0.00758362
-0.0295563
-0.0337982
-0.0353088
-0.0795135
-0.0778961
-0.0975494
-0.198013
-0.235168
-0.330597
-0.391724
-0.486298
-0.796738
-1.04462
-1.01967
-1.06053
-0.678284
-0.651169
0.15918
0.570496
0.532669
0.617645
0.762253
0.760193
0.737778
0.721252
0.672867
0.565323
0.434677
0.217606
-0.0892181

[28]
-0.43248
-0.880432
-1.12709
-1.17381
-1.15433
-1.02972
-0.526627
-0.678116
-0.72731
-0.616455
-0.576096
-0.270569
-0.275665
-0.0516357
-0.151505
-0.0858917
-0.102081
-0.0765381
-0.0502319
0.00697327
0.00521851
-0.0366058
-0.0317535
-0.0278015
0.0181427
0.0122375
-0.00671387
-0.0292664
-0.0372772
-0.0669403
-0.0762177
-0.0711365
-0.0957642
-0.189148
-0.235916
-0.320068
-0.381592
-0.449692
-0.808228
-1.0563
-1.05887
-1.07014
-0.619644
-0.49025
0.267273
0.342133
0.550339
0.625473
0.708603
0.717514

[29]
0.678879
0.643219
0.565002
0.471039
0.331085
0.0520935
-0.232056
-0.581757
-1.08687
-1.13301
-1.17516
-1.20886
-0.571518
-0.608459
-0.69101
-0.507706
-0.666153
-0.556534
-0.338287
0.00418091
-0.116608
-0.0564117
-0.0435486
-0.0426178
-0.0139313
-0.0290527
0.00259399
-0.00482178
-0.0301056
-0.0127258
0.000747681
-0.00236511
-0.00804138
-0.0111542
-0.033371
-0.0390778
-0.0685883
-0.0759277
-0.133514
-0.200607
-0.251633
-0.355316
-0.410095
-0.638489
-1.05301
-1.0648
-1.07854
-0.784668
-0.518692
0.103394

