[1]
-1.96729
-1.96729
-0.201691
-0.207794
-0.164688
-0.176743
-0.179306
-0.171432
-0.138168
-0.120132
-0.0756378
-0.0793762
-0.0699768
-0.0244751
-0.0855255
-0.0619049
-0.0165405
-0.0798187
0.146088
0.78064
0.96788
0.46315
0.386337
-0.0422974
0.00427246
-0.0871277
0.138031
0.605362
0.532394
0.480225
0.392426
0.312805
0.25058
0.181198
0.0594025
-0.0364227
-0.425964
-0.667755
-0.785278
-0.888321
-1.08672
-1.10562
-0.976868
-0.716843
-0.540695
-0.492569
-0.554794
-0.859177
-1.00266
-0.910339

[2]
-1.16916
0.163803
1.12177
0.0953979
-0.0702057
-0.0364227
-0.241425
-0.244156
-0.22995
-0.184113
0.0220337
0.00712585
0.155609
0.106552
0.0715027
0.123138
0.193573
0.179642
0.121399
-0.0149689
-0.0508118
-0.0241394
0.11557
0.0914917
0.0455933
-0.00471497
0.0645447
0.0906982
0.0972748
0.0626831
0.0914459
0.0831451
0.0384216
0.05513
0.124344
0.0684357
0.0670624
0.145355
0.151627
0.268341
0.489075
0.918976
0.729126
0.630722
0.613174
0.0944672
0.194931
-0.03862
0.144623
0.62825

[3]
0.781815
0.54245
0.437622
0.379959
0.387787
0.341919
0.292587
0.126663
0.130859
-0.0774231
-0.457474
-0.748993
-0.963226
-1.09808
-1.09064
-1.18761
-1.19176
-1.25146
-1.30362
-1.28595
-0.973709
-0.529022
1.72202
-0.186066
-0.0830383
0.00456238
-0.216858
0.0860291
0.00965881
0.190231
0.0452118
0.0817566
0.15593
0.120819
0.182373
0.236465
0.159607
0.141037
0.133713
0.181168
0.191971
0.149536
0.0999298
0.127274
0.175293
0.10614
0.145172
0.173401
0.166748
0.138336

[4]
0.136261
0.151917
0.158447
0.178009
0.192383
0.180923
0.216141
0.533142
0.858353
1.33145
0.709671
0.344116
0.439484
0.205353
-0.250336
0.455185
0.679138
0.829803
0.597198
0.527847
0.468781
0.39357
0.317581
0.240707
0.187408
0.0695648
-0.194061
-0.419785
-0.518799
-0.658783
-0.688873
-0.815445
-1.13068
-1.12671
-1.18077
-1.52512
-1.23364
-0.987549
-0.512268
1.86394
-0.462006
-0.268936
-0.153976
-0.101944
-0.24321
0.109467
0.294708
0.19841
0.253143
0.144119

[5]
0.0919342
0.223297
0.343445
0.231537
0.134628
0.145981
0.11908
0.172913
0.104218
0.147354
0.145584
0.151642
0.100677
0.135788
0.121841
0.238846
0.203293
0.157043
0.207428
0.245056
0.208511
0.269104
0.340256
0.383469
0.770691
1.3576
0.758881
0.703888
0.175354
0.181335
-0.12944
0.138824
0.746811
0.945724
0.625992
0.480728
0.452637
0.510117
0.423004
0.42778
0.35524
0.262833
0.0601501
-0.26593
-0.583542
-1.01144
-1.68668
-2.09386
-2.39624
-1.56593

[6]
-0.950623
-1.62137
1.02441
1.06555
-0.394775
-1.07889
-0.336212
-0.328751
-0.313187
0.0740662
0.0527191
-0.0666046
-0.0589447
-0.015976
0.0345612
0.0921326
0.108109
0.0452118
-0.035675
0.00587463
0.0154572
0.0386658
0.0655823
0.0382538
0.0168457
0.0211792
0.0155945
0.0719604
0.0682831
0.10083
0.125381
0.146057
0.104782
0.0969696
0.0992889
0.130753
0.163528
0.569595
1.27541
0.937317
0.648773
0.3526
0.121796
0.00367737
0.139038
0.553528
0.882919
0.615204
0.477493
0.351379

[7]
0.314194
0.287781
0.265656
0.188782
0.121323
-0.0291901
-0.285645
-0.69632
-1.07875
-1.38194
-1.43445
-1.51247
-1.56702
-1.61053
-1.60738
-1.23956
-0.971619
1.62401
-0.019928
-0.769455
-0.328995
-0.549454
-0.286346
-0.204742
0.00578308
-0.0388947
-0.0460358
0.0685577
0.0467072
0.03862
0.0993652
0.0945129
-0.0788116
-0.0822906
-0.0139313
0.0379486
0.0610352
-0.0350037
0.00653076
0.0556946
0.0150909
-0.00296021
0.0309143
0.0271759
0.0402832
0.0738983
0.104965
0.114777
0.0356903
0.0984497

[8]
0.220398
0.440002
0.816345
1.04109
0.512955
0.606689
0.067276
0.0680847
0.233841
0.389954
0.900391
0.670715
0.387253
0.27948
0.22319
0.257141
0.18898
0.135544
0.0275726
-0.0776672
-0.239609
-0.476883
-0.867889
-1.17714
-1.41695
-1.42355
-1.44691
-1.41669
-1.43459
-1.43561
-1.13104
1.38081
-0.282104
-0.855682
-0.578796
-0.621872
-0.399368
-0.18544
0.0193634
-0.0547333
0.000305176
0.0467224
-0.000320435
0.0433502
-0.00285339
-0.00849915
-0.0733185
-0.0517883
-0.0402985
-0.0296631

[9]
-0.0261536
-0.0166779
-0.0380096
-0.0781403
-0.0317535
0.0198059
-0.00038147
0.0676422
0.0673218
0.0766602
0.0239105
0.0524902
0.0603638
0.0906219
0.224442
0.546646
0.878143
0.914307
0.509201
0.404694
0.177124
0.143951
0.00646973
0.378647
0.756226
0.55864
0.399597
0.31987
0.227905
0.217941
0.245377
0.179703
0.101898
0.0102844
-0.15004
-0.315735
-0.908524
-1.36725
-1.79466
-1.8373
-1.86629
-1.80426
-1.54424
-1.39365
-0.9216
1.6048
-0.750992
-0.595474
-0.268372
-0.472885

[10]
-0.21489
-0.0884094
-0.113495
-0.114502
-0.0492401
-0.0184326
-0.0404663
-0.00923157
0.0375214
-0.0279999
-0.0811462
-0.0365601
-0.0176086
0.00947571
0.0361938
-0.010498
0.00971985
0.0211945
0.0283966
-0.00891113
0.0151978
0.0269012
0.0849762
0.0680542
0.0824738
0.0675201
0.121994
0.188889
0.532379
1.06027
0.951065
0.685776
0.312469
0.0335541
-0.00631714
0.0875702
0.525681
0.90062
0.556488
0.441605
0.389175
0.354324
0.336365
0.347107
0.212265
0.143204
-0.0504303
-0.285446
-0.572205
-0.880447

[11]
-1.39439
-1.89493
-2.11005
-2.14636
-1.47052
-1.59729
-0.667145
1.59535
-0.480743
-0.64769
-0.451569
-0.439667
-0.353958
-0.0310364
0.0962067
-0.0735474
-0.0884094
-0.0292816
-0.0291595
-0.0450287
0.0354614
0.0254364
-0.0452576
-0.0580444
-0.0314026
0.036972
0.0630646
-0.0396118
-0.023056
-0.0240784
0.0320282
0.0318604
0.0133057
0.0587616
0.0637207
0.0670319
0.0833588
0.0839386
0.0363007
0.0230713
0.52626
1.19238
1.04433
0.569229
0.491348
-0.0212097
0.0340118
0.391342
0.536987
0.764053

[12]
0.575424
0.530914
0.453461
0.339111
0.287247
0.207184
0.0857697
0.0679779
-0.241318
-0.480118
-0.602585
-0.716705
-0.861191
-1.10223
-1.40013
-1.29907
-1.42358
-1.70602
-1.24258
-0.921753
-0.0453186
1.17847
0.499115
-0.793289
-0.174316
-0.31958
-0.499863
-0.136047
0.0571899
-0.0254211
0.0257874
0.0384521
0.0357971
-0.00164795
0.167023
-0.0022583
0.0357056
0.0284576
0.0409088
0.0765076
0.0828094
0.0545044
0.043457
0.0419312
0.0489349
0.0474548
0.0799713
0.162582
0.178345
0.159073

[13]
0.168655
0.158417
0.154266
0.221039
0.268494
0.841736
1.50272
0.58345
0.364395
0.0784149
0.178009
0.298737
0.477325
0.929337
0.725449
0.517731
0.452881
0.393661
0.392242
0.326721
0.0303345
-0.0981903
-0.111084
-0.202759
-0.464828
-0.662628
-0.70372
-1.0032
-1.19713
-1.19518
-1.24146
-1.53065
-1.7458
-1.36514
0.730209
1.19545
-0.9664
-0.107895
-0.16098
-0.530869
-0.19838
-0.0907593
0.0387573
0.0439911
0.0721283
0.0975952
0.0731812
0.10466
0.132523
0.072113

[14]
0.0847473
0.059906
0.0587616
0.103378
0.0806427
0.067215
0.018219
0.0446167
0.0464935
0.0962067
0.156937
0.129425
0.186584
0.155777
0.148834
0.146179
0.177643
0.184586
0.423111
1.30093
1.08821
0.667755
0.227829
0.108627
-0.198135
0.205658
0.584656
0.908279
0.628983
0.521713
0.437302
0.441864
0.428665
0.351273
0.164871
0.0858765
-0.0659027
-0.403763
-0.750793
-0.78952
-0.957794
-0.903687
-1.15257
-1.20573
-1.4003
-1.55666
-1.5013
-1.10892
1.78821
-0.506516

[15]
-0.538437
-0.0817413
-0.230515
0.0205841
-0.0045929
0.00558472
0.0941162
0.148605
0.0669708
0.176178
0.119019
0.163559
0.103561
0.101181
0.101105
0.120743
0.106201
0.139008
0.106384
0.0621185
0.0871582
0.11351
0.106064
0.179581
0.221497
0.168732
0.174988
0.17662
0.183029
0.228134
0.143585
0.833054
1.32231
0.72258
0.641373
0.190598
0.171722
-0.040802
0.259613
0.687576
0.896774
0.617752
0.482697
0.416306
0.403519
0.431335
0.423813
0.280792
-0.0105133
-0.30864

[16]
-0.574921
-0.859024
-0.934662
-1.02518
-1.38251
-1.40109
-1.26421
-1.15442
-1.90971
-1.14461
1.73903
-0.927368
-0.439392
-0.357651
-0.0633087
-0.32518
-0.0411987
0.0934143
0.140656
0.18483
0.101913
0.0643311
0.109161
0.218887
0.0875244
0.0809326
0.133636
0.104355
0.0749207
0.0631561
0.0825043
0.0695038
0.0328674
0.0530243
0.124146
0.139755
0.139008
0.182129
0.196243
0.209274
0.189514
0.202957
0.240646
0.514053
1.23329
1.06473
0.705811
0.158035
0.119308
-0.114075

[17]
0.27803
0.711334
0.967178
0.659576
0.501053
0.391479
0.377304
0.307816
0.281509
0.150696
0.0188751
-0.221558
-0.408447
-0.582672
-0.874619
-1.16931
-1.37746
-1.46666
-1.48248
-1.71432
-1.61818
-1.41585
0.8423
0.864807
-0.954102
-0.332123
-0.392456
-0.525665
-0.364899
-0.0120544
0.0524445
0.0358276
-0.100281
0.0460663
-0.0368805
0.134796
0.0751953
0.0353241
-0.0130463
0.0336304
0.0139618
-0.00230408
0.0121613
0.0185699
0.00660706
-0.0145416
-0.0280457
0.0472412
0.0932007
0.120804

[18]
0.123383
0.08284
0.121094
0.0963287
0.0885468
0.179916
0.376587
0.950592
1.09453
0.690155
0.543381
0.136093
0.105209
0.123352
0.186646
0.893768
0.850403
0.519028
0.408646
0.327972
0.26973
0.190002
0.136932
0.0891418
-0.0520172
-0.277222
-0.569885
-0.877869
-1.27711
-1.67691
-1.72508
-1.4359
-1.32095
-1.46767
-1.45921
-0.813629
1.65749
-0.591187
-0.525955
-0.395264
-0.437241
-0.174942
-0.196075
0.0361481
-0.0866547
-0.0213318
0.0122528
0.00213623
0.0223389
0.0839386

[19]
0.0793762
0.024353
0.0164337
0.0578156
0.0245667
0.0363617
0.0278015
0.0535889
0.0213623
0.00717163
0.0424042
0.122269
0.132401
0.162277
0.17009
0.134659
0.187576
0.148651
0.559479
1.10005
0.993073
0.729385
0.572891
0.510941
0.261032
0.0888519
0.653641
1.04419
0.520676
0.412048
0.324234
0.195938
0.184525
0.191711
0.0439606
-0.203308
-0.414948
-0.68074
-1.06111
-1.4234
-1.63904
-1.69362
-1.44022
-1.45168
-1.74223
-1.41425
-0.790939
1.59782
-1.34018
-0.376205

[20]
-0.387878
-0.437714
-0.330826
-0.0543213
-0.0298615
-0.0462341
-0.090271
-0.114182
-0.022171
0.0301208
-0.00178528
-0.0527496
-0.0621796
0.00546265
0.0136719
-0.011673
0.00489807
-0.017395
-0.057785
-0.0458374
0.012146
0.01474
0.0520935
0.106979
0.0906372
0.121979
0.0780792
0.140182
0.151276
0.179108
0.544159
1.05283
0.757217
0.884827
0.177536
0.057724
-0.211609
0.115616
0.695343
0.881561
0.538223
0.468002
0.378357
0.368896
0.369598
0.264511
0.167404
0.10762
-0.091095
-0.420868

[21]
-0.694092
-1.08926
-1.49033
-1.64595
-1.73521
-2.15524
-1.51215
-1.51482
0.320358
0.855164
-1.49226
-0.428223
-0.453537
-0.391953
-0.31189
-0.103729
-0.131424
-0.0329742
-0.0963898
0.00900269
0.00920105
-0.0518951
-0.0773926
-0.125031
-0.0576782
-0.103836
-0.0705414
-0.0638123
-0.0238953
-0.0727692
-0.0936432
-0.0401917
0.000244141
0.039444
0.0379791
0.0508728
0.0368195
0.0569305
0.0712738
0.138474
0.0978546
0.456924
1.23108
0.820999
0.627411
0.60968
0.124878
0.0180817
0.0381317
0.208969

[22]
0.808914
0.693954
0.461029
0.326645
0.292404
0.271667
0.195816
0.0873718
-0.0685577
-0.113342
-0.288391
-0.57576
-0.724579
-0.946899
-1.31296
-1.44945
-1.5748
-2.03842
-1.71072
-1.49577
1.09418
-0.0311127
-0.652771
-0.40773
-0.684402
-0.445221
-0.269852
-0.0865936
-0.11235
-0.0445862
-0.00686646
-0.0263367
0.0251007
0.0520477
-0.0182037
-0.0220642
-0.0263977
-0.0115967
-0.0200958
-0.0140381
-0.0397491
-0.0407104
-0.0830688
-0.0257721
0.0075531
0.0313721
0.0545044
0.103058
0.0162201
0.0883026

[23]
0.121521
0.2061
0.167862
0.728561
1.25812
0.607819
0.605453
0.0176544
0.0559235
0.0389404
0.235947
0.788818
0.69046
0.522537
0.420883
0.346939
0.320068
0.278152
0.243805
0.129517
-0.0266266
-0.280807
-0.439819
-0.698929
-1.06544
-1.50624
-1.88222
-1.84666
-1.86377
-1.81262
-1.59525
-0.279434
1.55231
-1.27861
-0.413803
-0.629059
-0.519562
-0.441849
-0.119064
-0.115982
-0.128616
-0.0458679
-0.0417633
-0.143539
0.0398712
0.00131226
-0.0378113
-0.0566864
-0.0270996
-0.025589

[24]
-0.0245056
-0.034668
-0.0327911
-0.0393219
-0.0498962
-0.0600433
0.0291748
0.0145874
0.0949097
0.052887
0.102386
0.100967
0.103958
0.125366
0.199402
0.854111
1.39499
0.65802
0.515945
0.250824
0.235474
-0.238373
0.151215
0.641541
0.774246
0.505173
0.366714
0.283859
0.323074
0.299866
0.281494
0.0634003
0.0287476
-0.363235
-0.570938
-0.740738
-1.06526
-1.38837
-1.61832
-1.82959
-1.72382
-1.43025
-0.98912
-1.14151
-0.223251
1.66556
-1.20308
-0.663132
-0.0725098
-0.568192

[25]
-0.272873
0.0715637
-0.109634
0.00891113
-0.0142365
-0.00172424
0.0525818
0.118546
0.0561676
-0.0499115
-0.0194855
0.0192566
0.0137024
-0.031189
-7.62939e-05
-0.0039978
-0.0196381
0.0402985
0.0585175
0.102173
0.134583
0.107178
0.146835
0.143127
0.109634
0.141617
0.202759
0.83963
1.39975
0.714722
0.65361
0.335297
0.0942993
-0.0311584
0.141296
0.790939
0.920471
0.480331
0.391525
0.298676
0.32196
0.244507
0.200836
0.0931396
-0.0702972
-0.271286
-0.587265
-1.0217
-1.43652
-1.505

[26]
-1.57402
-1.77486
-1.77553
-1.65694
-1.54895
-0.743118
1.60133
-0.706284
-0.286621
-0.432877
-0.577545
-0.404358
-0.163895
-0.00120544
-0.0467377
0.0401154
-0.0553131
-0.0428009
-0.137283
0.0603943
0.128281
0.0125122
-0.0484161
0.0410614
0.0335388
0.0321503
0.0158234
0.00224304
0.00115967
0.0273743
0.0457764
0.0730743
0.169266
0.12619
0.120178
0.112396
0.0991516
0.216644
0.580093
0.91304
0.775513
0.662354
0.900635
0.0422211
-0.184265
0.0370483
0.699539
0.948441
0.589935
0.426926

[27]
0.339493
0.254288
0.241302
0.19046
0.0452728
-0.147415
-0.454941
-0.721237
-0.915009
-1.26006
-1.47928
-1.59651
-1.6264
-1.55821
-1.50824
-1.17683
-1.25395
0.749649
1.07011
-1.31064
-0.319305
-0.534439
-0.477982
-0.359482
-0.104462
-0.11853
-0.0426331
-0.0377808
-0.0709686
-0.133072
0.031601
0.02388
-0.0714874
-0.0727081
-0.00706482
0.0042572
-0.0269928
-0.0580444
-0.0501404
-0.025528
-0.0214233
-0.0560608
0.0200195
0.0707703
0.0844879
0.0578308
0.0835419
0.0868378
0.0948639
0.442993

[28]
0.953506
0.917526
0.902664
0.827591
0.0479889
-0.174988
0.250107
0.487534
0.979416
0.564407
0.434769
0.333939
0.252914
0.230347
0.185074
0.0376434
-0.31041
-0.395737
-0.602203
-0.950165
-1.00496
-1.09117
-1.12019
-1.22652
-1.48555
-1.58212
-1.76688
-1.70396
1.30087
-0.104935
-0.517609
-0.441757
-0.498932
-0.369797
-0.264725
-0.0575409
0.0296173
0.00341797
-0.0817261
0.0216522
0.0587616
0.0595551
0.0114746
-0.00450134
-0.00263977
0.017868
-0.0224915
-0.0646057
0.0198059
0.016098

[29]
-0.0199432
0.00518799
0.0493164
0.0969543
0.097229
0.108459
0.05867
0.0701904
0.085434
0.0787659
0.384293
0.826126
1.23543
0.789673
0.684601
0.104813
0.116562
0.118683
0.411789
0.855453
0.67662
0.483932
0.369431
0.280472
0.265305
0.129364
0.148788
0.0017395
-0.0713654
-0.40155
-0.739838
-0.912827
-1.10678
-1.20715
-1.30745
-1.32208
-1.29735
-1.4492
-1.4137
-1.22789
0.41713
1.67674
-1.36853
-0.232147
-0.445541
-0.33287
-0.199722
-0.116486
0.00367737
0.0129852

[30]
-0.0123596
-0.0437012
-4.57764e-05
0.0717621
0.0823364
-0.0221252
0.0866547
0.0354309
0.0544434
0.0277405
0.00756836
0.0208282
0.00268555
0.0337219
0.0846558
0.108765
0.146378
0.0955963
0.0929871
0.144379
0.166321
0.234573
0.381592
0.697189
1.20515
0.73996
0.681519
0.193924
0.202805
-0.131088
0.195694
0.720642
0.841873
0.495621
0.352829
0.300613
0.306732
0.304199
0.216339
0.19545
0.0558319
-0.116806
-0.365189
-0.695221
-1.19191
-1.72334
-1.81454
-1.91364
-1.99812
-1.90067

[31]
-1.49382
0.982086
-0.00180054
-1.26111
-0.277267
-0.618988
-0.482727
-0.0140839
-0.046402
-0.014389
-0.100113
-0.0530853
-0.0368805
-0.00784302
0.08461
-0.0165405
-0.103119
-0.0718384
-0.0556946
-0.0410614
-0.0109558
-0.0325317
-0.068161
-0.0502014
0.00650024
0.0450592
0.140167
0.101868
0.0957794
0.10611
0.112
0.106293
0.117554
0.440155
1.25781
1.03464
0.548935
0.165619
0.0878143
-0.0847321
0.1427
0.5271
0.888016
0.568893
0.412643
0.306778
0.263626
0.270187
0.242264
0.163391

[32]
0.0358887
-0.135315
-0.360168
-0.612625
-0.962219
-1.38356
-1.5636
-1.57687
-1.56728
-1.93384
-1.44617
-1.12039
1.59801
-0.140778
-1.01903
-0.439056
-0.610199
-0.462448
-0.307129
0.0830688
0.0348969
0.0343628
-0.115463
-0.115173
0.0693207
0.133514
-0.0234222
-0.0719757
-0.0249939
-0.0270233
0.00875854
0.0201721
-0.0501099
-0.0538483
-0.0225372
0.00366211
-0.0122375
0.035965
0.0992737
0.149261
0.140366
0.114548
0.102249
0.124557
0.150604
0.718842
1.25911
0.539658
0.533386
0.0589752

[33]
0.0377045
0.127106
0.284348
0.780014
0.688171
0.490051
0.391434
0.303314
0.326736
0.26799
0.201324
0.0711212
-0.0818176
-0.237518
-0.467987
-0.726608
-1.10234
-1.45291
-1.60706
-1.57925
-1.31241
-1.95357
-1.55205
-0.409668
1.59464
-1.45222
-0.543915
-0.582794
-0.485245
-0.404755
0.00370789
0.129639
0.0608368
-0.211777
-0.00582886
0.0539551
0.00799561
-0.0549774
-0.065155
-0.0496979
-0.0633392
-0.0540009
-0.015976
-0.0263977
-0.0818939
-0.0678101
-0.0453491
-0.0232849
-0.00559998
-0.00975037

