[1]
0.0800323
-0.0734711
-0.107452
0.177902
-0.013382
-0.0613861
0.00466919
0.119125
0.102966
0.0367584
0.107315
-0.126236
0.0890045
0.710098
0.201447
0.612335
0.968857
-0.221603
-0.254623
-0.720444
0.348389
0.0182953
0.0508423
0.253174
-0.0647888
-0.0628967
-0.163483
0.015564
0.0300751
0.109848
-0.0257568
-0.0228424
0.00709534
0.036972
0.00904846
0.016571
0.00540161
0.0389404
-0.0405731
-0.0379333
0.0232086
0.0594177
-0.080719
-0.291183
-0.851486
-0.366837
-0.373718
-0.555084
-0.635468
0.088028

[2]
-0.0420227
0.291946
0.318741
-0.534988
-0.125519
0.0348358
0.137375
0.0484467
0.0315857
0.12941
0.0476685
-0.0449066
-0.0450897
-0.126343
-0.200821
-0.0667877
-0.497803
-0.394241
0.49115
0.393295
0.647659
0.597382
-0.279541
-0.172302
-0.552002
0.215042
-0.10817
0.00527954
0.171295
0.020462
-0.187897
-0.159454
-0.0355682
0.0851746
0.0436859
-0.0502319
-0.011795
0.0412903
0.0699158
0.038208
-0.00813293
0.00572205
0.00610352
-0.0205841
-0.0270996
-0.00189209
0.120224
0.0215607
-0.146927
-0.571259

[3]
-0.834503
0.248611
-0.572952
-0.712158
-0.428635
-0.278702
-0.284683
0.194733
-0.0263672
-0.0275726
-0.0159149
0.0083313
0.00334167
-0.0131378
-0.00767517
0.0433197
0.0300446
0.0699615
0.272568
0.18219
0.107086
-0.187454
-0.288132
0.572006
0.243698
-0.282333
0.930313
-0.147293
0.0967865
-0.541428
0.117111
-0.0552826
-0.122986
0.0269928
0.0236206
0.000579834
-0.201385
-0.0394745
0.0218964
0.156509
0.0744019
-0.0246582
-0.040741
0.00709534
0.0167694
0.00918579
0.04776
0.027771
0.0227051
-0.0506287

[4]
0.0545807
0.139236
-0.0180054
-0.214752
-0.653793
-0.382294
-0.353745
-0.690231
-0.493347
-0.0976562
-0.333984
0.103317
0.0200348
-0.131363
-0.063736
-0.0597992
-0.0546112
-0.0625305
-0.046402
-0.0286102
0.0232239
-0.0632019
0.0612793
0.13208
0.108063
0.0662842
-0.145981
0.693756
0.567032
-0.232529
0.699402
-0.0362854
-0.527756
-0.140182
0.15448
0.0771179
-0.089447
0.054306
-0.0514832
0.00386047
-0.210297
-0.0679016
0.0586243
0.149246
0.0321198
-0.0461731
0.0531158
0.0492554
0.0348663
-0.00964355

[5]
-0.0523834
0.0228271
0.0676575
-0.0139008
-0.0289154
0.150711
0.0532532
-0.221527
-0.445267
-0.757233
0.189606
-0.447266
-0.629532
-0.505035
-0.249176
-0.143585
0.219269
0.0230865
-0.257889
-0.0450134
0.000610352
-0.00134277
-0.0372772
7.62939e-05
0.0477753
0.099884
0.0752716
0.0722809
0.0372925
-0.0578766
-0.165451
-0.363556
0.768478
0.264877
-0.498718
1.25836
0.561386
-0.295639
-0.0880432
-0.102097
0.116318
0.0301361
-0.0225677
-0.031723
0.120895
-0.137573
-0.142014
0.00190735
0.0947266
0.0816345

[6]
-0.00724792
-0.0145569
0.0078125
0.145126
0.202515
0.139786
0.0737152
0.0508118
0.0543823
0.00556946
0.0471954
0.136734
0.052124
-0.161469
-0.675659
-0.817169
0.08255
-0.445969
-0.535583
-0.33786
-0.149139
-0.321655
-0.0657959
0.00260925
0.122528
0.0659027
0.0626984
0.0574799
0.0290375
0.108475
0.123962
0.00744629
0.108627
0.0930634
0.0610504
0.144135
-0.0385895
0.347046
0.748566
-0.633057
0.382996
0.638565
-0.088089
0.0287781
0.0139008
0.326767
-0.137222
0.0179749
-0.0413055
-0.0243835

[7]
-0.0273132
-0.0745392
0.0217896
0.0728912
0.0290833
-0.0249634
-0.021759
0.0844727
0.12912
0.111954
0.091217
-0.000839233
0.0727844
0.0605316
-0.0229492
0.00881958
0.0785217
0.0151215
-0.18161
-0.785706
-0.456833
0.154404
-0.472015
-0.735992
-0.301315
-0.150925
-0.103149
-0.083786
-0.013855
-0.0154266
-0.0565796
-0.057251
-0.0526733
-0.0687714
-0.101791
-0.0662842
-0.0828552
-0.157669
-0.0814056
-0.043869
-0.0717773
-0.321793
0.428818
0.786469
-0.11055
1.07468
0.60141
-0.00753784
-0.0314941
-0.542557

[8]
0.0710754
0.0374756
-0.0161285
0.136322
0.0653229
0.00804138
-0.10141
-0.117569
0.00865173
0.128418
0.124023
0.013916
-0.0170593
0.075882
0.0639954
0.0451508
0.0583038
-0.00376892
0.00521851
0.0140839
0.0793304
0.145874
0.0157166
-0.203125
-0.453903
-0.762314
0.116394
-0.525909
-0.746796
-0.274887
-0.232056
-0.0892792
0.056778
0.0250549
-0.00267029
-0.015976
-0.00973511
-0.0865631
-0.110092
-0.0365143
-0.00442505
0.0128937
0.00801086
-0.0637817
0.0329742
-0.103973
-0.426071
-0.509796
0.376389
0.0543976

[9]
0.142868
1.17792
0.572128
-0.18161
-0.00286865
-0.783783
0.104736
0.120865
0.102448
0.244492
-0.0842896
0.104492
-0.282318
-0.0179443
0.167053
0.155136
-0.0276184
0.00689697
0.0413666
0.076416
0.0553589
-0.0149841
-0.0202942
0.0919495
0.0564575
0.0259552
0.0297089
0.00588989
-0.104904
-0.157806
-0.491745
-0.226517
0.170517
-0.408752
-0.863449
-0.471252
-0.193497
-0.135086
0.130676
-0.0138092
-0.0268097
-0.0572205
0.0559387
0.0488434
-0.0098877
0.0112
0.0177765
-0.00808716
0.00486755
0.201492

[10]
0.16713
0.00619507
-0.508133
-0.227234
1.01099
0.101501
-0.350861
0.703217
0.240509
-0.0876465
-0.103302
0.139465
0.121841
-0.116928
-0.101532
-0.0364227
-0.0208893
0.0158691
-0.0434113
-0.0062561
0.0118866
0.0133057
-0.0147552
0.0253143
0.0231476
0.00259399
0.0274811
0.0518341
0.0403748
0.0380402
0.0334015
0.0835266
0.170425
0.100159
0.103333
-0.00914001
-0.239502
-0.717972
-0.479889
0.250443
-0.311386
-0.711182
-0.313812
-0.251266
0.00192261
-0.0340271
0.0101166
0.00128174
-0.0132446
0.0435333

[11]
0.0925446
0.0481262
0.0369568
0.0761108
-0.00799561
0.112915
0.258148
0.301407
0.218338
-0.121643
0.342896
0.0973206
-0.255951
0.28418
0.250229
-0.4272
0.0958252
0.00177002
0.037796
-0.0796509
0.0430145
0.0414734
0.00976562
-0.0938263
-0.0463867
0.0435638
0.0919952
0.0106354
0.000991821
0.061615
0.0561676
0.0983734
0.0427246
0.08638
0.0246582
-0.0170746
0.0384216
0.0144196
-0.0181274
0.0944824
0.00804138
-0.0973969
-0.416504
-0.792343
0.129288
-0.542252
-0.738312
-0.518799
-0.212051
-0.0551758

[12]
-0.104126
0.0525055
0.00297546
0.0477142
0.0401611
0.0180054
-0.0096283
-0.00798035
0.054245
0.026825
0.15947
0.310867
0.114014
0.0736084
-0.229797
0.09021
0.406158
0.058197
0.000259399
0.562225
0.180817
-0.252716
0.00395203
-0.105972
0.0485229
-0.0237427
0.0748291
0.095459
-0.00627136
-0.184662
-0.0887299
0.0546112
0.103333
0.065155
-0.0415955
0.00488281
0.0347748
0.0350494
0.0447235
-0.0190887
0.0681152
0.0885773
0.0626221
-0.0142365
0.032547
0.0414734
-0.12291
-0.19014
-0.798706
-0.0786896

[13]
-0.399261
-0.555969
-0.527283
-0.219223
-0.582184
-0.0939331
-0.0807037
0.102585
0.0735779
0.0849304
0.0932922
0.0785522
0.0847321
0.171188
0.162018
-0.03125
0.342117
0.124939
-0.230453
-0.554932
-0.151199
0.757324
0.221756
-0.413666
0.933746
0.291824
-0.373108
-0.0786285
0.0811462
0.109344
-0.0448151
-0.0514984
0.0584869
0.0339203
-0.137573
-0.0903625
0.0294952
0.120544
0.0819855
-0.0229187
0.00811768
0.0708923
0.0331726
0.015976
-0.0279236
0.098465
0.0719452
-0.0610809
-0.00428772
0.156677

[14]
-0.0177155
-0.207031
-0.573196
-0.640442
-0.0948029
-0.65506
-0.740784
-0.172241
-0.207916
0.108841
0.0399628
-0.0704498
-0.0527191
0.0289001
0.022644
0.0235443
0.0085907
0.0647125
0.116684
0.0958405
0.215698
0.268402
0.0706177
0.0173798
-0.302826
0.0784149
0.374161
0.26622
0.185333
0.475662
-0.0252838
-0.131454
-0.294388
0.0625
0.121201
-0.0475159
0.0572815
-0.0848083
0.00323486
-0.155228
-0.109833
0.070694
0.0852203
0.0455627
-0.0539398
-0.0141449
0.055603
0.0600739
0.0511475
0.0267029

[15]
-0.0211487
0.043045
-0.0353394
-0.0723114
0.145462
0.134598
-0.0299988
-0.283386
-0.906158
-0.341156
-0.0444946
-0.596451
-0.434113
-0.30777
-0.301117
-0.0931854
-0.0537262
-0.0606384
-0.0462799
-0.132187
-0.0886536
-0.0520782
-0.0271912
-0.0845642
-0.108551
-0.0988007
0.114822
0.149323
0.0952606
-0.219803
-0.336655
0.600082
0.841827
-0.189301
0.882645
0.743698
-0.66124
0.071579
0.140396
0.0864563
0.0125732
0.0531311
0.120697
0.0341339
-0.0937958
-0.0893402
0.0302734
0.0988922
0.059494
-0.00547791

[16]
0.00886536
0.0495758
0.0837402
0.11319
0.0349731
0.0117645
0.0420074
0.00202942
-0.0137177
0.125931
0.226089
-0.0333862
-0.323715
-1.03433
0.0354767
-0.43129
-0.700699
-0.526382
-0.191269
-0.316193
0.185303
-0.020752
-0.0261383
-0.00559998
0.00837708
-0.0182495
-0.0221405
-0.0118408
0.0545959
0.0174713
0.0732269
0.227127
0.221985
0.160309
-0.187134
0.205032
0.575394
0.0844269
0.348862
0.59111
-0.241226
-0.219879
0.0214691
0.118973
-0.0859833
-0.0218048
0.0134125
0.112732
0.00740051
-0.0494995

[17]
-0.239655
-0.0367126
0.123672
0.112823
0.0475616
-0.0793304
0.0270538
0.0575867
0.036438
0.00535583
0.00422668
0.116455
0.00233459
0.0553741
0.107727
-0.0348816
-0.243362
-0.815475
-0.377136
-0.238373
-0.570175
-0.889252
-0.116745
0.050354
0.257492
0.0216522
-0.182419
-0.0228271
0.0271149
0.0374603
0.0325928
0.0282135
0.067688
0.114487
0.187225
0.230347
0.295319
0.288162
0.0225372
-0.489517
0.618637
0.527695
-0.179077
0.832596
0.649094
-0.154587
-0.30748
-0.132645
0.200775
-0.132126

[18]
0.0376892
0.131042
-0.0155029
-0.120956
-0.172546
-0.00512695
0.146988
0.071991
-0.016449
-0.0312042
0.0322418
0.0325775
-0.0190887
-0.0640411
-0.0152588
0.0373993
0.059967
-0.0521851
0.0751801
0.0886688
-0.13475
-0.455368
-0.987518
0.0221405
-0.690125
-0.909531
-0.514648
-0.45224
-0.00274658
0.0335236
-0.0656433
-0.0727081
0.0250549
-0.0119019
0.00613403
0.0246735
0.0601196
0.113449
0.187683
0.261215
0.210403
0.0650024
-0.0538483
-0.0795135
0.494064
0.715012
0.282852
0.442734
0.235916
-0.430222

[19]
-0.181458
0.0259552
0.0900421
-0.0113678
0.0259552
0.0740204
-0.0844727
-0.0679016
-0.0816193
0.0221252
0.053299
0.0556335
-0.0494843
-0.0625916
0.0582733
0.0369415
0.0252838
0.00117493
-0.00665283
-0.0388641
-0.0720215
-0.0518799
0.143661
0.0349274
-0.136597
-0.556885
-0.843658
0.120407
-0.457855
-0.708405
-0.652176
-0.284622
0.0670776
-0.0844421
0.0223083
-0.049408
-0.000839233
-0.00582886
-0.0296631
-0.0197144
-0.0116577
-0.0649872
-0.0725555
0.0485382
-0.0399323
-0.0522614
-0.273956
-0.46756
-0.0240173
0.426254

[20]
0.657425
0.206482
0.572449
0.340454
-0.609848
0.0981445
0.294724
0.201035
0.00469971
-0.0117493
-0.031189
-0.029892
-0.17749
-0.0250244
0.122147
0.117447
0.00590515
0.00427246
0.0572815
0.0722351
0.0654449
0.00125122
-0.0478363
0.0956268
0.0595551
0.0450592
0.152756
0.146027
-0.128876
-0.327011
-0.878601
-0.52301
-0.178131
-0.573441
-0.614639
-0.00308228
-0.0915985
0.19458
0.00959778
-0.0442963
0.0561523
0.0176544
0.0216217
0.0180359
0.0556946
0.0958557
0.198135
0.380615
0.354477
0.157944

[21]
0.11467
0.0218201
-0.0437164
0.231644
0.479218
0.374969
-0.00941467
0.491211
0.37941
-0.516449
0.208389
0.0635986
0.0647736
0.0285797
0.0744476
-0.0374908
-0.0745392
-0.106766
-0.0269623
0.0410004
0.120758
-0.0482941
-0.079071
0.0503845
0.0756683
0.0101013
-0.0523529
0.0400543
0.0664215
0.0718536
-0.0389862
0.0128174
0.152344
-0.045166
-0.343567
-1.0206
-0.093689
-0.622559
-0.777084
-0.617416
-0.548218
-0.229248
0.0849762
-0.0641479
-0.118561
0.00262451
-0.0101624
-0.0485535
0.0206299
0.078949

[22]
0.116302
0.0644531
0.166809
0.247543
0.0971985
0.0112762
-0.0947113
0.00431824
0.644623
0.351517
0.209061
0.482101
-0.0896454
0.00572205
-0.00166321
-0.0497742
-0.0113525
-0.06633
0.0208282
-0.032135
-0.0102539
-0.0307312
-0.021698
0.0206604
-0.0160828
-0.0486755
-0.00140381
0.0680237
0.0659485
0.0923615
0.0758057
0.083786
-0.0204773
-0.0245972
0.23378
0.0683441
-0.279404
-0.545258
-0.886475
-0.321136
-0.548874
-0.641037
-0.151627
0.139053
0.124695
0.0347595
0.0627136
0.229614
0.0611572
0.0475159

[23]
0.0889435
0.117523
0.137238
0.211334
0.164719
0.355164
0.254303
0.223846
-0.0333252
0.00346375
0.171112
0.252533
-0.250366
0.477417
0.387711
-0.368851
0.440567
0.0228424
-0.0168915
-0.1073
0.0479584
-0.0353394
-0.0992279
-0.114365
-0.00865173
0.068512
0.0399017
0.0199738
0.0284271
0.0199585
0.041214
0.060791
0.0130157
0.0339355
0.0596924
-0.0467682
-0.0987244
0.0989685
0.109985
-0.0831909
-0.347336
-0.785355
0.158844
-0.583572
-0.717743
-0.575134
-0.252686
-0.286575
-0.0828705
-0.037384

[24]
-0.0209656
0.00741577
-0.0210266
-0.0549469
-0.0633087
-0.0758972
-0.0276337
-0.0062561
-0.0154572
0.0666351
-0.145889
-0.149918
-0.223526
0.29274
0.654541
0.242142
0.562042
0.698822
-0.302521
0.0413513
-0.019104
0.165482
-0.0671844
-0.0214233
0.0293884
0.00970459
-0.110077
-0.0699005
0.0243988
0.100464
0.0331573
-0.00865173
0.0324554
0.0860138
0.0854034
0.0396576
0.0460968
0.114975
-0.104614
-0.116409
0.0812683
0.16037
-0.000595093
-0.255157
-0.783356
-0.0809479
-0.11618
-0.547211
-0.551117
-0.0347137

[25]
-0.568512
0.213333
0.0245819
-0.0886383
-0.0831146
-0.090683
-0.135086
-0.164825
-0.173706
-0.122879
-0.10495
-0.0159607
0.065567
-0.0877686
-0.194962
-0.550446
-0.48053
0.490173
0.803864
0.44075
0.944275
0.386581
-0.70723
-0.0110626
0.0340118
0.0458069
0.0284271
0.0661316
0.176331
0.0745239
-0.108505
-0.228897
-0.0325165
0.164658
0.187424
0.0720215
-0.0237732
0.0229492
0.0522461
0.0547333
0.0110168
-0.0297089
0.0582275
0.016449
0.119919
0.207672
-0.0580292
-0.274429
-0.803848
-0.548706

