[1]
-0.157501
-0.135391
-0.192215
-0.297028
-0.377701
-0.371918
-0.461548
-0.549744
-0.611938
-0.931366
-1.14304
-2.45689
-1.09163
-0.997498
-1.24236
-0.321747
0.376602
-0.357712
-0.929932
-1.11409
-1.08099
-0.795532
-0.572861
-0.489563
-0.396317
-0.346893
-0.31813
-0.120728
0.222931
0.750275
1.47418
2.12926
2.45172
2.46579
1.52225
-1.61237
0.753677
0.814056
1.06508
0.479156
0.129272
0.324387
-0.152084
-0.119049
-0.187515
-0.146332
-0.178986
-0.193787
-0.236206
-0.261749

[2]
-0.235855
-0.198303
-0.195374
-0.159866
-0.16983
-0.211121
-0.225677
-0.307022
-0.415939
-0.475433
-0.537674
-0.638687
-0.629272
-1.42912
-2.08023
-1.76424
-0.738861
-1.00218
-0.465714
0.547379
-0.68837
-0.953781
-1.19022
-1.1219
-0.752472
-0.479767
-0.369385
-0.207504
-0.322693
-0.340378
-0.00834656
0.451508
1.14584
1.8898
2.33553
2.45499
2.44002
-0.800049
-1.04211
0.793472
0.155518
1.27495
0.336105
0.131561
0.177109
-0.127899
-0.0772705
-0.179382
-0.170776
-0.273392

[3]
-0.279968
-0.31189
-0.28093
-0.181107
-0.0951691
-0.312988
-0.190689
-0.092804
-0.146378
-0.180161
-0.294586
-0.372803
-0.405884
-0.467484
-0.570602
-0.620453
-1.40366
-2.53635
-1.44151
-1.11391
-1.04965
-0.344131
0.568985
-0.178986
-0.882599
-1.02185
-1.12181
-0.939667
-0.653442
-0.446854
-0.292114
-0.164993
-0.151489
0.152878
0.661621
1.11572
1.94847
2.44678
2.4781
2.45851
-1.45256
-1.60609
0.0272369
0.165314
1.87546
0.481491
0.218018
0.250778
-0.18338
-0.0488739

[4]
-0.145096
-0.176971
-0.0489044
-0.220505
-0.283478
-0.324905
-0.183167
-0.0858154
-0.132401
-0.110641
-0.152328
-0.230515
-0.246017
-0.338913
-0.375
-0.420486
-0.518646
-0.59259
-1.00661
-2.49217
-1.24525
-1.19792
-1.15651
-0.586517
0.724884
-0.295319
-0.902817
-1.11948
-1.05801
-0.90744
-0.623657
-0.418213
-0.270172
-0.185532
-0.133499
0.199814
0.596619
1.14664
2.04097
2.46771
2.49982
2.48581
0.200134
-1.59399
1.00043
0.43309
1.4931
0.84906
0.290878
0.365524

[5]
-0.116211
-0.0330048
-0.14978
-0.238068
-0.124191
-0.294083
-0.265045
-0.246948
-0.112473
-0.0436859
-0.0436554
-0.0707855
-0.100266
-0.171387
-0.20047
-0.321899
-0.358765
-0.371811
-0.430511
-0.508408
-0.731888
-0.974121
-2.48593
-0.845123
-1.12619
-0.993729
-0.581757
0.611679
-0.346176
-0.80098
-1.08916
-1.06883
-0.736069
-0.469437
-0.308304
-0.201248
-0.15535
-0.107056
0.181839
0.60495
1.14587
1.94766
2.49706
2.52638
2.51372
0.999634
-1.58026
0.957138
0.806625
0.188919

[6]
1.42461
0.318573
0.283661
0.0943451
-0.0323334
-0.088089
-0.0715637
-0.128265
-0.127853
-0.256454
-0.243591
-0.15715
-0.0559998
-0.0198822
-0.054306
-0.0784912
-0.0930786
-0.140823
-0.264908
-0.321426
-0.281158
-0.376785
-0.501114
-0.602341
-0.732361
-2.04659
-2.16299
-0.795013
-1.38737
-0.65773
-0.0205231
-0.23465
-0.75412
-0.974274
-0.88884
-0.743149
-0.572784
-0.474167
0.187561
-0.202225
-0.23468
-0.0691071
0.408356
1.19753
1.9585
2.50575
2.54691
2.54538
0.147598
-1.52272

[7]
1.10507
0.833374
0.942612
0.322647
0.447052
0.232178
-0.0045166
-0.120758
-0.170944
-0.200027
-0.131638
-0.144241
-0.17804
-0.057373
-0.00852966
0.0146942
-0.0348663
-0.0285492
-0.0596924
-0.169464
-0.174835
-0.324936
-0.304626
-0.414703
-0.594437
-0.727859
-0.948624
-1.82356
-2.17099
-0.924164
-1.40932
-0.741516
0.562668
-0.295029
-0.937988
-1.13875
-1.10405
-0.772263
-0.449463
-0.0894318
0.301666
-0.260773
-0.199829
0.239639
0.807617
1.40005
2.24872
2.55392
2.58037
2.56184

[8]
-1.49007
-0.169662
1.17418
0.0429077
2.12004
-0.0146179
0.559845
0.247574
0.109131
0.033844
-0.0126801
-0.234573
-0.207901
-0.235825
-0.211975
-0.00561523
0.0533447
0.0167694
0.0163422
-0.0269318
-0.127365
-0.193161
-0.254181
-0.322708
-0.37645
-0.451477
-0.600769
-0.829819
-2.40897
-1.69693
-1.01068
-1.31718
-0.478378
0.626495
-0.503235
-0.939911
-1.02361
-1.02097
-0.83934
-0.523422
-0.312363
-0.193359
-0.105698
0.114975
0.41925
0.744019
1.69289
2.55194
2.60471
2.61729

[9]
1.85468
-1.45949
1.43568
0.596283
1.75092
0.669281
0.539215
0.229874
0.0366211
0.142242
0.0638275
0.0663147
-0.0731201
-0.066452
-0.199829
-0.185669
-0.0734253
0.0729523
0.0420532
0.032486
-0.142792
-0.244385
-0.269745
-0.230957
-0.370468
-0.479279
-0.633774
-0.987381
-2.40067
-1.02318
-1.35539
-1.23523
-0.917923
0.638275
-0.537872
-0.767532
-1.19647
-1.03951
-0.507904
-0.314011
-0.165436
-0.126541
-0.0247345
0.125351
0.496033
1.14189
1.85876
2.6259
2.66275
2.66168

[10]
2.49539
-1.43927
-0.0237579
2.12509
0.982468
1.25981
0.557266
0.329727
0.154053
0.0987701
-0.113602
-0.0263367
0.00726318
0.0575409
0.0575867
-0.00563049
-0.0229492
-0.0218048
-0.017868
-0.0368195
-0.0475769
-0.204697
-0.314636
-0.322113
-0.331604
-0.427002
-0.685577
-0.976196
-2.37448
-1.21297
-1.47165
-1.03033
-0.299942
0.268524
-0.927917
-0.992722
-1.07664
-0.818878
-0.43222
-0.205307
-0.118652
-0.0305939
0.0411835
0.192688
0.59671
1.36107
1.97102
2.53255
2.66255
2.658

[11]
2.37466
-1.43646
0.168716
2.01677
0.719742
1.07649
0.738892
0.343567
0.181961
0.117996
-0.030014
-0.000259399
0.0367889
0.0533447
-0.0292664
0.0234528
-0.134262
-0.0955048
0.0111237
0.0198059
-0.0250244
-0.126694
-0.294006
-0.276382
-0.293518
-0.398132
-0.440308
-0.734802
-2.36681
-1.33244
-1.25581
-1.59184
-0.442307
0.939819
-0.507324
-0.940384
-1.01401
-0.857269
-0.52359
-0.288452
-0.204758
-0.151382
-0.0993958
-0.0530243
0.12912
0.801712
1.35434
2.27632
2.64738
2.67206

[12]
2.64786
-1.41029
-0.0829773
1.25352
0.693604
1.14758
0.759705
0.537003
0.144394
0.0461884
-0.0551758
-0.0334473
0.0940247
0.0700989
0.110504
0.000793457
-0.00746155
-0.0382385
-0.0854797
-0.0901794
0.0222626
-0.00978088
-0.126907
-0.253845
-0.247665
-0.311249
-0.441528
-0.705856
-1.05212
-2.37793
-1.19202
-1.26987
-1.23737
0.182999
0.34816
-0.958237
-0.944641
-1.04657
-0.85585
-0.459702
-0.235016
-0.137726
-0.0730286
-0.0367432
-0.0736542
0.528091
1.25717
2.04922
2.66194
2.69232

[13]
2.68071
1.78119
-1.42793
0.352615
1.95935
1.12971
1.20526
0.687073
0.36702
0.140533
0.0844116
0.0130005
0.055481
0.161118
0.141083
0.103821
0.0449982
-0.00907898
-0.0536041
-0.0706787
-0.0773621
-0.0449371
-0.102631
-0.243958
-0.252716
-0.339142
-0.368576
-0.395264
-1.43687
-2.39371
-1.25766
-1.51511
-0.970154
0.446564
-0.14151
-1.10999
-1.02666
-0.804916
-0.595367
-0.290131
-0.20137
-0.180115
-0.112015
-0.0323334
0.245972
0.71019
1.4888
2.4361
2.68326
2.70134

[14]
2.67513
0.564636
-1.42354
1.9693
1.36655
1.56461
0.886993
0.55098
0.15625
0.052002
-0.0521698
0.0504608
0.0936432
0.14621
0.106781
0.0460052
0.0321503
0.00178528
-0.00947571
-0.0170593
0.0532684
-0.122833
-0.270752
-0.319473
-0.299316
-0.450714
-0.60611
-0.864807
-2.15082
-1.50246
-1.30435
-1.37469
-0.657684
0.4841
-0.628464
-0.831345
-1.12186
-0.794418
-0.397293
-0.214066
-0.0957184
-0.0834045
-0.024292
0.0244598
0.50972
1.08665
1.84695
2.62477
2.68039
2.68054

[15]
2.14343
-1.43298
-0.180649
1.42279
1.34059
0.939285
0.743149
0.462799
0.0780334
0.124237
-0.0738678
-0.0536041
0.0284424
0.171585
0.130859
0.106033
0.0151978
-0.0447845
-0.0578613
-0.0789032
-0.0312195
-0.0372467
-0.106552
-0.279022
-0.306793
-0.361206
-0.470764
-0.478424
-1.54935
-2.39409
-1.33473
-1.42596
-0.346176
0.902222
-0.0823212
-0.908768
-1.07227
-0.827164
-0.612778
-0.293396
-0.158066
-0.15033
-0.0897217
-0.0668488
0.097168
0.675247
1.38905
2.4953
2.64417
2.66505

[16]
2.64488
0.8116
-1.45184
0.778702
1.5584
1.39334
0.80986
0.840973
0.279221
0.100052
-0.0367126
-0.0493927
0.029129
0.0986786
0.0517273
0.0254364
-0.0111237
-0.0424957
0.0158539
0.0678101
0.0366669
-0.0535889
-0.275269
-0.290604
-0.258072
-0.374313
-0.533615
-0.574066
-1.81281
-1.80165
-1.56458
-1.41428
-0.167084
0.841995
-0.480927
-0.903351
-0.928528
-0.71524
-0.574753
-0.278824
-0.192719
-0.200378
-0.209427
-0.177094
0.123383
0.609161
1.6136
2.60507
2.65453
2.67549

[17]
2.65358
1.06282
-1.44844
2.35765
1.12187
1.097
0.905991
0.418259
0.112701
0.0662842
-0.031723
0.00845337
0.0662079
0.0169678
0.018692
-0.0181122
0.00218201
0.0165558
0.0357513
0.0743561
-0.00506592
-0.170074
-0.306015
-0.290497
-0.273773
-0.399612
-0.65509
-0.772705
-2.00563
-1.69301
-0.957382
-1.45593
-0.17662
0.703812
-0.600693
-1.01625
-1.06537
-0.896164
-0.521317
-0.312195
-0.261093
-0.175125
-0.105713
-0.0328064
0.316452
0.737808
1.42964
2.29884
2.66328
2.68384

[18]
2.65567
0.0163727
-1.38297
1.3391
0.861526
1.67938
0.638702
0.410599
0.289001
-0.0156097
0.021347
0.0783386
0.153534
0.0910034
0.130447
0.0756989
0.0482941
0.0211487
0.0378418
0.039444
0.0227356
-0.106094
-0.252243
-0.333939
-0.296432
-0.421005
-0.557053
-0.952057
-2.17543
-1.63901
-1.0645
-1.19949
-0.481934
0.663666
-0.717941
-0.963745
-1.01151
-0.816833
-0.43631
-0.189133
-0.0998688
-0.0543976
-0.0161591
0.0806885
0.366562
1.06033
1.64531
2.3887
2.67413
2.68561

[19]
2.54176
-1.40063
0.261734
1.34354
1.05801
0.990295
0.923004
0.314957
0.127869
0.0209656
0.00462341
0.0368652
0.228577
0.153214
0.0684357
0.0535736
0.0418091
0.0758514
0.0718689
0.00828552
0.00587463
-0.0862274
-0.150406
-0.231064
-0.230392
-0.354263
-0.435684
-0.531616
-1.52939
-1.81372
-1.16026
-1.12114
-0.784439
-0.0368652
0.343445
-0.71254
-0.938354
-1.06493
-0.735413
-0.37204
-0.155518
-0.106171
-0.0536194
0.00572205
0.0483704
0.517395
1.07225
1.82912
2.62715
2.66167

[20]
2.65924
1.64799
-1.42802
1.02711
1.59822
1.27721
0.83252
0.893051
0.304276
0.0350037
0.0292816
0.00718689
0.0850983
0.101761
0.0989685
0.0115356
-0.0160828
-0.0566101
-0.135315
-0.0605774
0.0536346
0.0621033
-0.098175
-0.231384
-0.252365
-0.25589
-0.384216
-0.46936
-0.882568
-2.15019
-1.1748
-1.16328
-0.819366
-0.338455
1.09181
-0.570267
-0.969162
-1.09532
-0.98053
-0.572601
-0.295319
-0.0483856
0.00566101
-0.000991821
0.0244598
0.304535
0.912872
1.64093
2.51532
2.65736

[21]
2.66467
2.08971
-1.42824
-0.406403
1.63269
0.679962
1.13531
0.649551
0.503387
0.204361
0.148071
-0.0197144
0.0458984
0.0509644
0.0890198
0.110764
0.045517
0.0414429
0.00683594
-0.0235138
0.0224915
0.0736847
0.0283203
-0.0603333
-0.199554
-0.182129
-0.193375
-0.341736
-0.501236
-0.587418
-1.83113
-1.64565
-1.19374
-1.20717
-0.610291
0.550674
0.176331
-0.851456
-1.06067
-0.905273
-0.410233
-0.28035
-0.0826263
-0.0980835
-0.0659485
-0.0919495
0.322189
0.739594
1.62772
2.53926

[22]
2.6535
2.66655
2.30991
0.106476
-1.44766
0.882675
0.65863
1.46271
0.759369
0.512115
0.191208
-0.00508118
0.0278625
0.0913239
0.141098
0.164017
0.0969391
0.0810394
0.0510712
0.0167236
0.0010376
-0.115417
-0.0181732
-0.00883484
0.0413971
-0.122421
-0.197586
-0.297943
-0.256195
-0.326401
-0.551941
-1.64372
-1.72206
-1.46312
-0.936615
-0.954025
-0.265671
0.700546
-0.805038
-0.890091
-0.848465
-0.655121
-0.306839
-0.151154
-0.103897
-0.0926666
-0.0792694
0.186127
0.741455
1.38678

