[1]
-0.0821991
-0.0821991
-0.0691223
0.181183
0.256775
0.162094
0.0388184
0.068512
0.17038
0.149704
0.112335
0.091629
0.116211
0.126038
0.105713
0.120941
0.110107
0.106216
0.119934
0.161652
0.122482
-0.00804138
0.0197754
-0.0484009
-0.275787
-0.643433
-0.410934
-0.259079
-0.252304
-0.461273
-0.150726
-0.00447083
-0.00994873
-0.105377
-0.0858154
0.011261
0.0178986
0.022934
0.0218964
0.055191
0.023056
0.141785
0.189667
0.115463
0.171844
0.103699
-0.0623779
-0.052063
0.260864
0.859329

[2]
0.638641
0.555252
0.718231
0.562363
0.307617
-0.0517578
-0.117569
-0.0722961
0.0301666
0.163803
0.241791
0.251007
0.0779114
-0.0989227
-0.13588
0.121521
0.276901
0.146042
0.0154724
0.00366211
0.0922699
0.145844
0.125931
0.0838928
0.0831299
0.0952148
0.10997
0.0947876
0.0802307
0.101486
0.16188
0.0511169
0.0373688
0.00421143
0.110153
-0.0691376
-0.298752
-0.293747
0.189346
-0.0708923
-0.28717
-0.593964
-0.346573
-0.196701
-0.00297546
0.00547791
-0.0450897
-0.0931396
-0.0237885
-0.0407867

[3]
-0.0600586
-0.171829
-0.1371
-0.116623
-0.0492859
0.0342712
-0.0110321
0.0632324
0.286514
0.33873
0.525284
1.00369
0.953125
0.456238
-0.0842743
0.456955
0.241837
-0.119827
0.143616
0.0583801
0.141022
0.0495453
0.00366211
0.046875
0.0165253
-0.0593872
-0.0389862
0.10376
0.167496
0.138596
0.0471954
0.0418243
0.0776978
0.125488
0.088974
0.0865479
0.0751648
0.0610046
0.0705719
0.0776672
0.139389
0.0909576
0.0662231
-0.0153046
-0.0288086
-0.051712
-0.360611
-0.380737
0.0634613
-0.665451

[4]
-0.613251
-0.538727
-0.402664
-0.13916
-0.109802
-0.126419
-0.116028
-0.0541382
0.00610352
0.00244141
-0.062149
-0.0017395
0.0534973
0.119141
0.185272
0.209366
0.252075
0.361023
0.398682
0.609756
0.926117
0.693649
0.318283
0.158844
0.0805664
0.426788
-0.143372
0.266098
0.151596
0.0373077
0.0150757
0.00759888
0.0875092
0.0374298
-0.0858307
-0.0511169
0.112381
0.133987
0.111526
0.0279694
0.0428009
0.0961151
0.0957794
0.102127
0.0690765
0.0813904
0.0695038
0.0722351
0.111679
0.082077

[5]
0.0677032
0.0475464
-0.00349426
-0.0643616
-0.224884
-0.571335
-0.148346
0.21875
-0.505493
-0.450851
-0.42865
-0.219299
-0.16272
-0.103516
-0.0807495
-0.111984
-0.0789185
-0.072113
-0.0511017
-0.0600739
-0.0685425
-0.00212097
0.00239563
0.0415649
0.106949
0.101227
0.0785065
0.140427
0.231506
0.471207
0.923569
0.810608
0.178543
-0.0027771
0.60318
-0.226196
0.212524
0.00814819
0.082428
0.0279388
0.0384674
0.07901
0.0502472
0.0202942
-0.0459442
0.0491486
0.106766
0.101044
0.062088
0.0183411

[6]
0.022583
0.0710449
0.0968933
0.0181122
0.0479889
0.0272522
0.0509033
0.0415497
0.0646973
0.0438843
0.0167236
-0.0973816
-0.177414
-0.212601
-0.452942
-0.381577
-0.105576
-0.301468
-0.635284
-0.394867
-0.10849
-0.0148315
-0.133392
-0.158615
-0.0723572
-0.0395966
-0.0847015
-0.0947723
-0.0717468
-0.0532227
-0.0392609
0.103195
-0.00817871
-0.0827332
0.00292969
-0.102295
0.0121307
0.484787
1.18179
0.959518
0.60022
0.658539
0.21492
0.275803
-0.155182
0.000808716
0.0324402
0.110382
0.118317
0.0825043

[7]
0.0804901
0.0115967
-0.0839691
-0.0651398
0.0425415
0.122971
0.0983429
0.00323486
-0.00386047
0.0372314
0.0614929
0.0644836
0.0403137
-0.000228882
0.0512085
0.033432
0.081543
0.0323639
0.0763245
0.0578003
0.00917053
-0.0720978
-0.0871735
-0.148468
-0.214279
-0.403564
0.162628
-0.322144
-0.429428
-0.564316
-0.325745
-0.219925
-0.142075
-0.140793
-0.146423
-0.076004
-0.0487061
-0.0981903
-0.13414
-0.160431
-0.166229
-0.137634
-0.0272369
0.0322571
0.0366211
0.11998
0.298065
0.320679
0.58403
0.793091

[8]
0.768265
0.791229
-0.121414
0.448212
0.335419
0.0238495
-0.0045166
-0.00575256
0.0133362
0.0162811
0.0899353
0.0790405
-0.0611725
-0.116043
0.0332031
0.138046
0.114258
0.00944519
0.00737
0.0855408
0.0862122
0.0634155
0.0724182
0.0487976
0.0579834
0.0505066
0.0950928
0.0323944
0.0103455
0.0572968
0.0875397
0.0671844
-0.0753632
-0.189957
-0.239273
-0.649414
0.244507
-0.255692
-0.382446
-0.635315
-0.404861
-0.168274
-0.0854645
-0.107788
-0.125473
-0.115387
-0.0727997
-0.0639343
-0.0889282
-0.175842

[9]
-0.13591
-0.117828
-0.0200653
0.0632629
0.0733185
0.164185
0.317291
0.130981
0.181122
0.621384
0.844513
1.02994
0.0158386
0.17981
-0.0374146
-0.00518799
0.0387268
0.0401917
0.131073
0.118027
0.0979004
0.047348
-0.0509949
-0.107178
-0.0110474
0.135773
0.118927
0.0198669
-0.0263367
0.0371094
0.11412
0.0921478
0.0724792
0.0628357
0.0736084
0.052887
0.0412292
0.0432739
0.107544
0.0875397
0.0716553
0.0301514
0.0118256
-0.218582
-0.461426
-0.694458
0.0491486
-0.501373
-0.404358
-0.488434

[10]
-0.220703
-0.115463
-0.113556
-0.127365
-0.114487
-0.0499878
0.000610352
-0.0206146
-0.0821533
-0.103195
-0.0668945
-0.03685
0.0128937
0.0365906
0.00408936
0.0325775
0.164795
0.31105
0.47052
0.559921
0.636093
0.770584
-0.0214996
0.51973
-0.0919342
-0.181854
-0.110016
0.111298
0.0996399
0.141159
0.0931854
-0.0101929
-0.15416
-0.139648
0.0884857
0.169937
0.0937195
-0.00393677
0.00505066
0.0499573
0.0658722
0.0666962
0.0661621
0.0320282
0.0138702
0.047226
0.0953064
0.0963135
0.0570679
0.00463867

[11]
-0.0037384
-0.0606079
0.0216522
-0.17067
-0.771881
-0.148285
0.0171967
-0.382385
-0.671799
-0.479813
-0.223251
-0.0374451
-0.06987
-0.121124
-0.125427
-0.0498199
0.00291443
-0.0166016
-0.068512
-0.0839996
-0.0451813
-0.0498962
0.0714569
0.015976
0.00282288
0.155563
0.170197
0.403046
0.762253
0.668274
0.646484
-0.198395
0.247406
0.0434113
0.179901
0.0491638
0.0118103
0.0381927
0.0344543
0.0580597
0.0415497
-0.00543213
-0.0842743
-0.0266418
0.0565948
0.10614
0.0517883
0.0432892
0.0626221
0.0527039

[12]
0.0509338
0.0881042
0.0361786
0.0280457
0.0311432
0.0844421
0.0409393
0.0296021
-0.00500488
0.0519867
0.00195312
-0.123779
-0.29599
-0.657181
-0.0287781
-0.121948
-0.37677
-0.6138
-0.334961
-0.118607
-0.115234
-0.117508
-0.129898
-0.128662
-0.0475922
-0.0151978
-0.0148163
-0.0707855
-0.0820923
-0.0513916
-0.0360718
-0.100815
-0.147263
-0.102249
0.0731354
0.0933838
0.251602
0.825699
0.829956
1.17294
-0.0239258
0.679291
-0.261353
0.147598
-0.0445709
0.0206299
0.0369568
0.0891418
0.113586
0.0421906

[13]
-0.0612793
-0.136215
-0.0101318
0.118134
0.117737
0.0269775
-0.0300293
0.0318756
0.0617523
0.00968933
0.004776
-0.00216675
0.0239868
0.0570831
0.0217896
0.0129242
0.169296
0.0470581
-0.106049
-0.185989
-0.254135
-0.396042
-0.429474
0.028244
-0.428177
-0.468369
-0.495468
-0.243729
0.00482178
-0.1427
-0.120071
-0.0108643
0.0104065
-0.0699005
-0.126953
-0.0641479
-0.0313721
-0.246826
0.06987
0.224655
0.128906
0.15213
0.177689
0.216766
0.474274
0.824112
0.691147
0.476547
0.74205
0.00909424

[14]
0.187729
-0.246826
0.223465
0.0637207
0.0493317
0.0173798
0.108124
0.0183563
-0.152374
-0.0906219
0.102936
0.106094
0.0357666
0.0227661
0.0128479
0.053833
0.069931
0.0693817
0.0549316
0.0178833
0.0159607
0.00694275
0.0561218
0.0292664
0.0355682
-0.00205994
-0.00105286
-0.0527649
-0.128281
-0.289505
-0.710587
-0.0373077
-0.105042
-0.479843
-0.665207
-0.443817
-0.130737
-0.0635223
-0.0900879
-0.111374
-0.05513
-0.0265656
-0.0629272
-0.175308
-0.272766
-0.0729675
0.103073
0.0911865
0.0477905
0.0124664

[15]
0.051178
0.166519
0.358398
0.618805
0.77121
0.741974
0.567505
0.238571
0.240662
-0.0201569
-0.0181274
0.149048
0.00279236
0.0293579
0.0699615
0.142975
0.0561981
-0.11972
-0.138855
0.0898285
0.130981
0.0399628
-0.00233459
-0.0140533
0.0476837
0.0993042
0.0817871
0.073349
0.0534515
0.0490723
0.0643768
0.0682068
0.0359192
-0.0187531
-0.00437927
0.0760193
0.0266571
-0.0111389
-0.11795
-0.415588
-0.667419
-0.0937958
-0.476349
-0.616898
-0.491089
-0.337967
-0.056778
-0.18544
-0.167007
-0.135605

[16]
-0.0588837
-0.0724945
-0.148605
-0.168503
-0.145111
-0.0775757
0.0517273
0.0773315
-0.132416
-0.236694
-0.157593
-0.237915
-0.0424652
0.381104
0.540451
0.666397
0.932846
-0.2034
0.555923
0.123764
0.208374
-0.130402
-0.251236
-0.0136108
0.101135
0.227356
0.00695801
-0.149872
-0.12973
0.0763245
0.090744
0.0497589
0.0122833
0.0599976
0.0349579
0.0398712
0.0507507
0.0441742
0.0332031
0.044693
0.0587463
0.0290222
0.0234528
0.0469513
0.00483704
-0.107651
-0.114594
-0.396866
-0.656204
0.113617

[17]
-0.242065
-0.462128
-0.6017
-0.386307
-0.163361
-0.0406342
-0.0654602
-0.114136
-0.102554
-0.0985107
-0.0780792
-0.119949
-0.137787
-0.0867157
-0.00790405
0.0609741
0.0413513
0.0586243
0.120743
0.18306
0.131226
0.222931
0.385757
0.574585
0.510712
0.891129
-0.0684509
0.373123
-0.0780487
0.200027
-0.0227661
-0.0811005
0.0404816
0.095993
0.153778
-0.0115509
-0.186234
-0.0375519
0.0865936
0.122787
-0.00108337
-0.0209808
0.0110016
0.0637054
0.0611725
0.0336914
0.0555115
0.0570068
0.0810699
0.0475922

[18]
0.0852203
0.00158691
0.0154877
0.0769653
0.049942
-0.00132751
-0.118713
-0.323273
-0.548782
0.00918579
0.107254
-0.345261
-0.86322
-0.389648
-0.241821
-0.107178
-0.105606
-0.159378
-0.196579
-0.147858
-0.136749
-0.132797
-0.154739
-0.167679
-0.0931702
-0.000701904
-0.0713348
-0.091629
-0.146484
-0.110672
-0.0530243
0.041687
0.749344
0.892349
0.978439
1.03685
0.0164948
0.659027
-0.0666199
0.14212
-0.0397491
-0.0274048
0.0783081
0.101486
0.106293
-0.0134277
-0.19133
-0.144073
0.0487671
0.128418

[19]
0.0843658
-0.0206604
-0.0265808
0.0501251
0.105453
0.0496979
0.0233002
0.0680542
0.0423889
0.0395203
0.00709534
0.0411682
0.0770874
-0.0297546
-0.170563
-0.0528717
-0.266693
-0.802032
0.0368195
-0.515045
-0.434372
-0.578064
-0.409241
-0.135391
-0.196182
-0.140594
-0.127167
-0.0310364
-0.030426
-0.120621
-0.100266
-0.097641
0.112442
0.0793762
0.081192
-0.0227203
-0.0345154
0.218796
0.414001
0.601547
0.878967
0.783005
0.254379
0.361008
0.850449
-0.274429
0.392502
-0.176178
0.26445
0.0620728

[20]
0.0619507
-0.00404358
0.0068512
0.0883789
-0.0315247
-0.17984
-0.08461
0.0636902
0.118927
0.0486908
-0.024765
0.0289764
0.0338135
0.071106
0.0660248
0.0431061
0.0568542
0.0418243
0.0411987
0.0662842
0.0497131
0.042984
0.0241699
-0.0107269
-0.0717163
-0.320709
-0.670471
-0.226883
0.0958405
-0.474442
-0.48494
-0.401566
-0.15773
-0.0837555
-0.0918884
-0.0601501
-0.0666809
-0.0390167
-0.0549011
-0.116226
-0.129562
-0.124466
0.00878906
0.0765686
-0.0511932
-0.124756
-0.0928802
-0.0702667
0.00939941
0.370255

[21]
0.744507
0.687225
0.496048
0.830551
-0.0728912
0.549545
-0.215652
0.288574
-0.0154877
-0.0969238
0.0228424
0.0696869
0.139267
0.0331268
-0.15715
-0.155396
0.0336761
0.152863
0.0792542
-0.052475
-0.0290985
0.051239
0.0811005
0.0601807
0.0230408
0.0323792
0.0376129
0.0403137
0.0150299
0.0520172
0.0501404
-0.000305176
-0.0207672
-0.0207672
-0.0105133
-0.287567
-0.652557
-0.0874634
-0.572388
-0.441208
-0.596893
-0.494614
-0.136917
-0.189056
-0.157883
-0.0982666
-0.00447083
-0.0678864
-0.140381
-0.141632

[22]
-0.0801697
-0.0604401
0.0580292
0.124512
0.0674591
0.0142365
-0.00689697
0.0803375
0.216431
0.588089
0.782364
0.657227
0.47345
0.632095
-0.234406
0.462494
-0.182388
0.411209
0.0128632
-0.0218506
0.00259399
-0.0529327
0.0388794
0.0354004
-0.0698242
-0.00987244
0.0342712
0.0667419
0.062439
-0.000564575
0.0214081
0.0231476
0.00691223
0.0317841
0.0393677
0.0409241
-0.00640869
0.00894165
0.0548401
0.138031
0.0661316
0.00312805
-0.0697784
-0.109299
-0.176086
-0.345276
-0.540985
0.0879517
-0.409317
-0.479218

[23]
-0.680649
-0.465164
-0.229294
-0.126984
-0.123535
-0.155411
-0.0720215
-0.0873413
-0.0844574
-0.152832
-0.112961
-0.066391
-0.00991821
0.00189209
-0.0628662
-0.111572
-0.0522308
-0.00238037
0.140564
0.453445
0.711273
0.704956
0.632507
0.835754
-0.0878754
0.432663
-0.0692444
0.246429
-0.0681
-0.12793
0.0103607
0.0223694
0.0292511
-0.0135956
-0.106659
0.0131683
0.0822754
0.0967102
0.0855103
0.0797424
0.0386047
0.0372009
0.0380707
-0.0179291
6.10352e-05
0.047821
0.0507965
0.0289764
-0.02005
0.0516357

[24]
0.030899
0.0175171
-0.0521698
-0.107239
-0.242889
-0.370697
-0.357376
-0.0657501
-0.225189
-0.27356
-0.732132
-0.257446
-0.42215
-0.222992
-0.174637
-0.118607
0.00952148
0.0817566
0.0315552
-0.0456085
-0.0180054
0.00697327
0.147171
0.136612
0.0960693
0.117065
0.0967712
0.0994568
0.425308
1.19312
0.760635
0.27562
-0.474976
-0.0345154
0.364212
0.387726
0.280182
0.0110626
-0.0671692
-0.0377197
-0.0639954
0.0210266
-0.0280914
-0.0701599
0.00570679
0.0526733
0.0684204
0.0492249
0.00839233
0.033371

[25]
0.063797
0.0606689
0.0214844
0.0318909
0.028595
0.0198822
0.0201874
0.0567322
0.116364
0.0472717
-0.0274658
-0.0516052
-0.0160675
-0.229843
-0.343597
-0.557007
-0.112213
-0.192917
-0.337372
-0.648987
-0.548035
-0.408218
-0.104416
-0.174103
-0.184296
-0.118988
-0.0424805
-0.0604553
-0.122147
-0.0722198
-0.0411835
0.0535431
0.126373
0.0131531
-0.0735474
-0.124542
-0.0659637
0.18248
0.659698
0.919205
0.677933
0.577133
-0.0424957
0.660446
-0.385742
0.334564
0.127701
-0.0145111
0.0223846
0.0224152

[26]
0.0727386
-0.00514221
-0.0804749
0.0293732
0.0925903
0.0745239
-0.00109863
-0.00604248
0.0305634
0.043457
0.00872803
0.00242615
0.0289612
0.0869141
0.0868073
0.0412598
0.042572
0.105194
0.0672302
0.0556183
-0.0501862
-0.074585
-0.059021
-0.386841
-0.555008
0.120438
-0.218094
-0.5784
-0.588547
-0.468872
-0.1866
-0.171249
-0.162125
-0.149353
-0.0862122
-0.0595398
-0.0783844
-0.114227
-0.109955
-0.0832977
0.10318
0.0905609
-0.0335693
-0.150894
-0.157913
-0.11351
0.0175323
0.268677
0.57338
0.645432

[27]
0.517685
0.599091
0.961624
-0.187347
0.297516
-0.177399
0.195572
-0.0966492
0.0576782
0.106415
0.093277
0.108185
-0.0595245
-0.164337
-0.0168457
0.103134
0.0579529
-0.0282898
0.0305176
0.0357819
0.0518951
0.0397644
0.0281525
0.0292053
0.0335236
0.00765991
0.0287018
0.0700378
0.0866547
0.0328979
-0.00563049
-0.0675201
-0.102448
-0.13063
-0.485184
-0.464447
-0.0310059
-0.641586
-0.5802
-0.467957
-0.194107
-0.0834808
-0.126022
-0.141968
-0.109879
-0.0443878
-0.0718231
-0.0766449
-0.0975342
-0.0904236

[28]
-0.0882568
0.0521851
-0.0582581
-0.0837555
-0.162857
-0.0488892
0.122223
0.415726
0.876389
0.964279
0.37886
0.499908
0.875931
-0.211288
0.44368
-0.134079
-0.00189209
-0.0421448
0.0384521
0.0932617
0.0830841
0.064682
0.0334625
-0.0131989
-0.0720367
0.0161133
0.0598755
0.0209045
-0.0289764
-0.016922
0.0326996
0.0481567
0.0422058
0.0223999
0.0533295
0.00120544
0.0103149
0.0233002
0.036972
0.108292
0.0427399
-0.0321503
-0.0310822
-0.0278625
-0.322876
-0.737976
-0.123901
0.0468445
-0.411423
-0.643799

[29]
-0.405945
-0.339279
-0.126907
-0.12677
-0.120621
-0.11348
-0.0471344
-0.0310059
-0.0628357
-0.127365
-0.0301361
0.0686951
0.0251617
0.0383453
0.0475006
0.0900116
0.0959167
0.220245
0.541351
0.800125
0.626328
0.210281
0.309464
-0.0237579
0.328522
-0.21431
0.296875
0.0427246
0.0209045
-0.0242615
0.0258789
0.0362701
0.00917053
-0.0730286
-0.0567932
0.0443115
0.0756531
0.022049
-0.0145569
0.0153809
0.0436401
0.0314178
0.00566101
0.0264893
0.0295258
0.0272675
0.029953
-0.00215149
0.0419312
0.132614

[30]
0.0495911
-0.0154877
0.0209808
-0.0601196
-0.400131
-0.531662
-0.352295
0.143173
-0.375046
-0.352203
-0.648468
-0.182419
-0.216141
-0.134659
-0.119949
-0.141663
-0.0898743
-0.0435028
0.0192413
-0.0635376
-0.0401764
0.015564
0.138412
0.090744
0.0565948
0.0604248
0.064621
0.0887451
0.324173
0.702515
0.280258
0.130585
0.0592957
0.0436554
0.32843
-0.151215
0.0256805
0.129822
0.0575256
0.0152893
-0.0223694
-0.0292816
0.071991
-0.0413666
-0.0634766
0.0292511
0.0376282
0.0489349
-0.0135803
0.0242462

[31]
0.00390625
0.0149231
0.0131989
0.0405121
0.0360565
0.045517
0.0113068
0.0391235
0.11084
0.132797
-0.0636444
-0.0835876
-0.0776062
-0.271118
-0.433044
-0.433105
0.156204
-0.357147
-0.392044
-0.839172
-0.334961
-0.371628
-0.00506592
-0.0849152
-0.112259
-0.144684
-0.059082
-0.0695801
-0.152496
-0.21907
-0.209839
-0.0486755
-0.0212402
-0.116577
-0.174973
-0.153992
-0.131256
-0.0255585
0.329239
0.722717
0.526093
0.676697
0.577667
0.345993
0.492462
-0.213043
-0.065506
0.00111389
0.201004
0.0902863

