[1]
0.118088
0.118088
-0.268936
-0.146301
-0.115936
-0.222656
-0.262482
-0.192581
-0.156464
-0.188599
-0.156662
-0.161133
-0.176956
-0.165741
-0.150604
-0.11441
-0.128693
-0.0681458
-0.0510864
-0.0371399
-0.0305939
-0.0478821
-0.0125122
0.0812378
0.387863
0.728622
0.811829
0.667328
0.325607
0.444443
-0.281174
-0.345947
0.485352
0.823456
0.763214
0.629883
0.455475
0.332458
0.257187
0.205185
0.174896
0.082428
-0.114532
-0.342514
-0.615829
-1.11751
-1.43738
-1.59467
-1.90285
-2.45689

[2]
-1.51193
-1.33829
-0.257034
1.38911
-1.05171
-0.63797
-0.369354
-0.655579
-0.485001
-0.184662
-0.11882
-0.166946
-0.176498
-0.234955
-0.179108
-0.0650635
-0.0514679
-0.193054
-0.175491
-0.147079
-0.139969
-0.137085
-0.0948792
-0.0861969
-0.118942
-0.117767
-0.0755768
-0.0498352
-0.057663
-0.0752106
-0.0146484
-0.00645447
-0.0751495
-0.0287628
0.0290833
0.203354
0.577606
1.08138
0.879623
0.529602
0.281189
0.345459
0.0309601
0.00970459
0.556396
0.840958
0.722504
0.530518
0.393219
0.268387

[3]
0.261963
0.171021
0.144974
0.0755615
-0.115067
-0.400208
-0.825699
-1.30919
-1.66307
-1.69504
-1.77765
-1.95946
-2.05379
-1.99402
1.36478
-0.413971
-0.68512
-0.616867
-0.316864
-0.5177
-0.347153
-0.110474
-0.148438
-0.162598
-0.116013
-0.108521
-0.117218
-0.108994
-0.101807
-0.132019
-0.15596
-0.152039
-0.117264
-0.0898285
-0.0774994
-0.118439
-0.0918884
-0.0719604
-0.0212555
-0.040802
0.00817871
-0.0216827
-0.0330505
0.0522003
0.0516357
0.169357
0.663559
1.28922
0.875793
0.703339

[4]
0.266113
0.547592
-0.285965
-0.26947
0.590454
0.906403
0.796906
0.640335
0.476913
0.311462
0.260208
0.295425
0.152771
-0.0421753
-0.18454
-0.544342
-1.05669
-1.43541
-1.72334
-1.86409
-1.60036
-1.65276
-2.26976
-0.582977
1.30095
-0.870697
-0.67392
-0.459732
-0.524094
-0.449493
-0.112488
-0.17131
-0.138275
-0.0422821
-0.0871735
-0.0235901
-0.0365295
-0.111649
-0.113495
-0.115082
-0.0881805
-0.0969849
-0.112991
-0.0821991
-0.0899048
-0.113632
-0.0353546
-0.0255585
0.0163879
0.0328827

[5]
-0.0118103
-0.0327301
-0.00457764
0.0550842
0.265305
0.635773
1.27156
0.865616
0.58075
0.145004
0.296249
0.100159
0.373001
0.888824
0.74707
0.58989
0.500839
0.367859
0.262177
0.199554
0.163467
0.149979
0.022049
-0.231155
-0.562195
-0.916245
-1.3215
-1.74783
-1.87936
-2.12418
-2.24179
-1.88
-0.691559
1.58174
-1.17374
-0.57196
-0.608734
-0.592773
-0.392075
-0.123276
-0.168472
-0.145325
-0.139633
-0.102448
-0.180542
-0.118805
-0.0236206
-0.0940704
-0.0800323
-0.0961304

[6]
-0.0817871
-0.03685
-0.0322876
-0.0839539
-0.0727081
-0.0210266
-0.046936
-0.0383453
0.0242157
0.0184631
0.0115967
0.093399
0.104202
0.194351
0.752182
1.05901
0.625259
0.845886
0.406204
-0.171921
-0.220032
0.598175
0.833252
0.772339
0.635315
0.461136
0.377884
0.385544
0.298492
0.173157
0.0461884
0.0384674
-0.365601
-0.822556
-1.04781
-1.56407
-1.80902
-1.78291
-1.62225
-1.73889
-1.65921
0.842484
0.0756531
-0.874603
-0.622849
-0.345505
-0.436462
-0.393219
-0.0855713
-0.165054

[7]
-0.202499
-0.126114
-0.0755463
-0.0951691
-0.102158
-0.0635681
-0.0954285
-0.133942
-0.124283
-0.114502
-0.0579071
-0.0585175
-0.0402374
-0.088913
-0.0534363
-0.0139008
-0.00411987
-0.0103149
-0.0517731
-0.0426941
-0.0145111
-0.0626526
0.0395203
0.137329
0.492844
1.19391
0.831772
0.790176
0.289642
0.232651
0.205261
0.000823975
0.807816
0.874893
0.666992
0.503693
0.327805
0.275681
0.270309
0.219162
0.124084
-0.0473022
-0.199539
-0.425674
-0.873901
-1.36285
-1.71886
-1.7861
-1.69553
-1.52145

[8]
-1.86931
-1.64452
1.61365
-0.749802
-0.839828
-0.508652
-0.425858
-0.367676
-0.266144
-0.0378571
-0.159073
-0.0702362
-0.0904236
-0.0891724
-0.072876
-0.0926819
-0.0695038
-0.137878
-0.132294
-0.0983124
-0.0599976
-0.0625763
-0.0843964
-0.0855255
-0.0749512
-0.0947266
-0.0762634
0.0151978
0.0144043
0.019516
0.0328064
0.0285034
0.0925293
0.239334
0.304138
1.01819
1.0511
0.750671
0.412659
0.263138
-0.130844
-0.0220032
0.613647
0.882721
0.740784
0.575058
0.39859
0.266251
0.316452
0.267181

[9]
0.192932
0.0724945
-0.0114899
-0.267929
-0.85556
-1.36163
-1.84892
-1.9406
-1.62151
-1.8765
-1.9572
-1.41693
1.63103
-0.487473
-1.00053
-0.37442
-0.433411
-0.352158
-0.195358
-0.0987549
-0.113327
-0.11499
-0.141052
-0.150604
-0.0515594
-0.0392303
-0.0695038
-0.110092
-0.128098
-0.107361
-0.0612946
-0.0624542
-0.0754089
-0.0775757
-0.0967712
-0.0742188
-0.00408936
0.0178986
0.0529327
0.0575256
0.0168762
0.0547333
0.0977936
0.209534
0.552414
1.34506
0.786652
0.679535
0.321716
0.302292

[10]
0.115829
0.200165
0.909668
0.835648
0.631165
0.496094
0.327301
0.280991
0.263428
0.212021
0.105957
-0.0211334
-0.245956
-0.624374
-1.08743
-1.60464
-1.92696
-1.80353
-1.75745
-1.55389
-1.87169
-1.09259
1.61421
-0.97261
-0.778473
-0.535645
-0.452484
-0.342346
-0.238174
-0.0708466
-0.132996
-0.0344543
-0.108475
-0.0900574
0.0025177
-0.0142822
-0.108582
-0.12439
-0.0736542
-0.0766602
-0.059021
-0.0755157
-0.0785065
-0.0760498
-0.0750732
-0.0609589
0.0145721
0.0573578
0.0747833
-0.00215149

[11]
0.0372925
0.0903625
0.0787811
0.281418
1.08276
1.30722
0.760895
0.259094
0.298279
0.212875
-0.0296326
0.289581
0.838608
0.850647
0.703918
0.563599
0.379791
0.345871
0.426682
0.32756
0.23024
-0.0428467
-0.197571
-0.729309
-1.25819
-1.68643
-2.02446
-1.89256
-1.50008
-1.45966
-1.78816
0.574112
0.120453
-1.21593
-0.268448
-0.442261
-0.298508
-0.210419
-0.0864868
-0.130875
-0.116714
-0.107117
-0.0705414
-0.0422668
-0.0291595
-0.033432
-0.0751495
-0.0823822
-0.0877075
-0.0818939

[12]
-0.0789795
-0.0338593
-0.0774384
-0.069046
-0.0229034
0.00984192
-0.0170441
0.0183411
0.00512695
0.0372467
0.0890503
0.0829468
0.282974
1.1689
1.21976
0.774338
0.36171
0.152252
0.0148926
-0.0475464
0.74411
0.939743
0.783112
0.596985
0.420334
0.276794
0.350174
0.32959
0.219955
0.0749359
-0.154404
-0.377686
-0.757309
-1.29019
-1.82289
-2.05917
-1.83073
-1.74132
-1.91522
-1.07654
1.63087
-1.07063
-0.706512
-0.313507
-0.479919
-0.381226
-0.128586
-0.128357
-0.027298
-0.0699158

[13]
-0.0921783
-0.132782
-0.0597534
0.0184937
-0.0511169
-0.116089
-0.0962219
-0.0531158
-0.015976
-0.0574646
-0.0503845
-0.0595703
-0.0531311
0.0103149
-0.00422668
0.0240784
0.106369
0.0491486
0.026474
-0.0529022
0.167145
0.637878
1.01035
0.646439
0.822495
0.420929
0.343506
-0.0852356
0.219269
0.951492
1.00111
0.758408
0.564651
0.341614
0.289429
0.261063
0.302353
0.120438
-0.0473785
-0.268234
-0.741699
-0.877029
-1.12267
-1.5602
-1.76993
-1.92868
-2.00594
-1.75294
-0.349274
1.22458

[14]
-1.07001
-0.934341
-0.436295
-0.505005
-0.0828552
-0.0766449
-0.0650787
-0.0695648
-0.200592
0.0161896
-0.00643921
-0.0110474
-0.120697
-0.0810394
-0.072113
-0.0837097
-0.0376282
-0.0578613
-0.0912933
-0.0943756
-0.103424
-0.000564575
-0.032486
0.0613098
0.059845
0.113083
0.0937805
0.102921
0.096817
0.242767
0.809265
1.20753
0.745163
0.605728
0.279633
0.0625763
-0.0389099
0.685791
0.96962
0.777435
0.570847
0.415405
0.377121
0.315247
0.197159
0.0633392
0.0370789
-0.232635
-0.621826
-0.722092

[15]
-1.00551
-1.41794
-1.54323
-1.66307
-1.75778
-1.85069
-1.63861
0.605942
0.0289459
-1.18056
-0.432907
-0.434387
-0.337402
-0.219849
-0.103271
-0.132431
-0.0523224
-0.182404
-0.0343781
-0.0393829
0.00822449
-0.065094
-0.100677
-0.083786
-0.0685883
-0.0838928
-0.0774536
-0.0666504
-0.0426788
-0.0794678
-0.0688171
-0.000488281
0.0169678
0.00395203
0.0186005
0.0686188
0.102707
0.105835
0.0952148
0.581467
1.72
0.877808
0.455414
0.373886
0.323654
-0.100586
0.381058
1.03081
0.867538
0.647659

[16]
0.518295
0.383026
0.309555
0.320221
0.204178
0.0462189
-0.0525055
-0.278397
-0.770157
-1.14279
-1.422
-1.76205
-1.80788
-1.72195
-1.4791
-1.47765
-1.29778
0.744171
-0.843414
-0.934738
-0.239594
-0.313553
-0.262451
-0.150864
-0.119858
-0.0420074
-0.0457001
-0.103745
-0.0801697
0.0172882
-0.0926208
-0.0954895
-0.104263
-0.100159
-0.084198
-0.0832825
-0.056488
-0.0856628
-0.0621338
0.0300446
0.0133667
0.0146942
0.0633087
0.142151
0.0787659
0.0281372
0.0758057
0.310211
1.10413
0.742081

[17]
0.530319
0.346207
0.318741
0.0272217
0.274246
0.765137
0.700363
0.64827
0.570023
0.417969
0.347534
0.307098
0.264557
0.191681
0.0567169
-0.0578156
-0.340591
-0.660019
-1.08934
-1.41464
-1.56311
-1.58353
-1.37564
-1.47856
-1.61343
-1.20793
1.21704
-0.654129
-0.801208
-0.0750732
-0.431976
-0.283066
-0.144043
-0.192764
-0.0740814
-0.0919189
-0.110367
-0.0957489
-0.0945129
-0.080307
-0.0870819
-0.114548
-0.089386
-0.0538635
-0.0115967
-0.0341949
-0.0388489
-0.0877228
-0.0608521
-0.00372314

[18]
-0.0142822
0.0394745
0.00875854
0.100525
0.0591125
0.051178
0.0736389
0.561111
1.23999
0.879684
0.639648
0.250992
0.216125
0.0290985
0.214081
0.660477
0.738235
0.634979
0.571075
0.442245
0.347595
0.321136
0.269119
0.209381
0.0968475
-0.123917
-0.424301
-0.634125
-1.04462
-1.48361
-1.63837
-1.52312
-1.57518
-1.5331
-1.38997
-1.12212
0.601364
-1.12614
-0.584045
-0.25029
-0.419815
-0.231003
-0.132477
-0.078537
-0.063446
-0.0288544
-0.0776825
-0.0970917
-0.0440216
-0.0161285

[19]
-0.0174255
-0.10257
-0.124908
-0.0604095
-0.0525208
-0.0147705
-0.0824432
-0.124878
-0.0372314
0.00956726
0.0272064
0.0904388
0.0570679
0.113144
0.0730438
0.0822449
0.40979
1.31523
1.03859
0.573502
0.151733
0.342606
-0.0196381
0.221924
0.870514
0.790207
0.642883
0.571136
0.408295
0.362701
0.447723
0.272415
0.163498
-0.0896759
-0.284256
-0.609222
-0.641052
-0.654633
-1.00064
-1.18448
-1.26547
-1.53345
-1.77213
-1.73856
-1.10927
1.25395
-0.99881
-0.677078
-0.27742
-0.479385

[20]
-0.365814
-0.110504
-0.0894318
-0.0692749
-0.0574646
-0.0898438
0.0392151
0.00170898
-0.0302734
-0.071701
-0.04599
-0.0630646
-0.0632782
-0.0526886
-0.0162201
-0.0331573
-0.0733948
-0.0294647
0.0065155
0.0555725
0.0855103
0.0961151
0.104691
0.0630035
0.0548096
0.359238
0.852325
1.15106
0.846497
0.359161
0.165543
0.0977631
0.063446
0.744446
0.967972
0.747971
0.543732
0.471527
0.417786
0.296967
0.28476
0.188141
0.0753326
-0.099411
-0.310623
-0.634872
-1.08055
-1.48834
-1.76814
-1.71259

[21]
-1.68471
-1.49176
-1.50269
-0.896194
1.47321
-1.244
-0.728775
-0.292618
-0.379791
-0.31427
-0.0627899
-0.0539703
-0.0734711
-0.0536499
-0.126923
-0.0309296
-0.0481567
-0.00117493
-0.0386658
-0.0764923
-0.0914917
-0.0525665
-0.0350494
-0.0314484
-0.0409241
-0.0790863
-0.0728149
0.0185547
0.0227814
0.0714111
0.0381775
0.114319
0.0455322
0.0908051
0.111206
0.531952
1.37953
0.805939
0.567902
0.333359
0.447891
-0.0424957
-0.180206
0.696793
0.950897
0.810425
0.641388
0.517593
0.426773
0.383499

[22]
0.312561
0.174255
0.00317383
-0.0918732
-0.457214
-0.880615
-1.2718
-1.71301
-1.77843
-1.63901
-1.35811
-1.45705
-1.746
-1.0414
1.63354
-1.27022
-0.822723
-0.194626
-0.401443
-0.202057
-0.0756836
-0.1371
-0.117218
-0.0618439
-0.0647583
-0.0237274
-0.0278931
-0.0326691
-0.0456238
-0.0577698
-0.0514526
-0.0704346
-0.035202
-0.01297
-0.0581055
-0.0550995
-0.0273285
0.0202484
-0.0165558
0.0720367
0.0616608
0.0189972
0.0413818
0.0483704
0.19075
0.53363
1.22939
0.980316
0.689453
0.221115

[23]
0.282745
0.264526
0.0506744
0.816208
0.820786
0.688492
0.559097
0.400436
0.345154
0.315704
0.30481
0.180634
0.0420837
-0.126144
-0.362885
-0.745132
-1.14664
-1.44864
-1.62196
-1.59299
-1.24707
-1.60841
-1.46346
-0.834656
0.869247
-1.57068
-0.577545
-0.126221
-0.342102
-0.208237
0.0111847
0.0136871
-0.0441284
-0.0667725
0.00775146
-0.0643768
-0.0396271
-0.187088
-0.159454
-0.105988
-0.167633
-0.154953
-0.0966339
-0.0940247
-0.0850372
-0.0258942
0.0521545
0.106583
0.0876923
0.0518951

[24]
0.0636444
0.0722961
0.0904388
0.150391
0.324295
0.570709
1.04002
0.976471
0.741379
0.427094
0.188675
0.0982361
-0.17868
0.949646
0.84346
0.664261
0.61171
0.558609
0.424652
0.305725
0.294922
0.138535
0.0211792
-0.267929
-0.507141
-0.68779
-1.02704
-1.50632
-1.79797
-2.00723
-2.01006
-1.69293
-0.511124
0.301025
-1.54071
-0.356415
-0.40947
-0.154953
-0.296768
-0.101944
-0.0957947
-0.0662231
0.0414429
0.0290375
-0.00865173
-0.0695038
-0.0846863
-0.101303
-0.0992432
-0.0848236

[25]
-0.0781097
-0.0700989
-0.039917
-0.0825958
-0.0762787
-0.0344238
0.0175018
0.0242157
0.0769196
0.0809479
-0.00283813
0.0244598
0.0488586
0.262939
0.488266
1.04366
0.887619
0.89592
0.721268
0.230377
-0.0583038
-0.388641
0.715622
1.07324
0.737885
0.529938
0.500778
0.337967
0.347748
0.370483
0.191467
0.00419617
-0.224838
-0.558304
-0.994827
-1.42577
-1.74409
-1.81358
-1.76173
-1.78166
-1.79239
-1.49091
1.59842
-1.20532
-0.981659
-0.432129
-0.458221
-0.399048
-0.0687256
-0.057312

[26]
-0.113129
-0.16304
-0.152405
-0.0518494
-0.0708923
-0.0825043
-0.125824
-0.102936
-0.0857086
-0.085083
-0.0700989
-0.0572357
-0.0592651
-0.0840454
-0.0395813
-0.00669861
-0.0304718
0.0392609
0.094986
0.016449
0.0183563
0.104309
0.127487
0.640976
1.10004
0.998184
0.453186
0.0867004
0.331146
0.0670166
0.184601
0.757736
0.785477
0.65892
0.573898
0.427795
0.406982
0.38678
0.337326
0.18544
0.106781
0.0113373
-0.37854
-0.622238
-0.677444
-1.1145
-1.53175
-1.7928
-1.91177
-1.83284

[27]
-1.28424
-1.57762
-0.584641
1.40062
-1.22952
-0.575394
-0.430527
-0.421051
-0.298508
-0.00492859
-0.10672
-0.067337
-0.147385
-0.0935059
0.0474396
-0.00306702
-0.0464172
-0.110107
-0.0523529
-0.0549622
-0.0931244
-0.0727997
-0.0624542
-0.0539246
-0.0771942
-0.0246735
0.0251617
0.0960693
0.060318
0.0597687
0.0757599
0.108841
0.127182
0.173294
0.70459
1.44106
0.751587
0.513168
0.316864
0.246811
0.102646
0.486328
0.813705
0.803894
0.64064
0.535492
0.401154
0.402374
0.357391
0.229492

[28]
0.0768127
0.0256042
-0.262863
-0.496994
-0.923157
-1.2672
-1.52623
-1.67882
-1.52753
-1.64064
-1.27853
-1.56921
-0.509125
1.52881
-1.45163
-0.498535
-0.343018
-0.402313
-0.324524
-0.128143
-0.103012
-0.16806
-0.128983
-0.0748444
-0.0900116
-0.0256195
-0.0145111
-0.0216827
-0.0463257
-0.0732574
-0.030426
-0.0526581
-0.0691376
-0.0672302
-0.0660095
-0.0437469
0.0112457
0.00508118
0.0308685
0.0484467
0.0368652
0.0396118
0.0503082
0.138367
0.475006
0.993744
1.10422
0.808945
0.393494
0.161026

[29]
0.222794
-0.0815735
0.854874
1.03191
0.716492
0.514954
0.453247
0.42038
0.391006
0.371078
0.237564
0.0981598
-0.164978
-0.34491
-0.769714
-1.17307
-1.54897
-1.63751
-1.56984
-1.38145
-1.77501
-1.87624
-0.993851
1.2169
-1.054
-0.702591
-0.216278
-0.420242
-0.326477
-0.122711
-0.0242157
-0.15242
-0.0630646
-0.0713806
-0.033844
-0.0135498
-0.0205994
-0.0625153
-0.0537109
-0.0668335
-0.0478363
-0.0847931
-0.0576477
-0.0811768
-0.0771179
-0.044281
0.036087
0.0339966
0.0274658
0.0935211

[30]
0.0314178
0.00715637
0.0885773
0.132828
0.327957
0.582428
1.03058
0.76535
0.782272
0.248978
0.269608
0.361115
0.00837708
0.948166
0.947906
0.595184
0.455093
0.418015
0.438507
0.317551
0.269424
0.143158
0.00587463
-0.228516
-0.55928
-0.971039
-1.5087
-1.86259
-1.98482
-1.85429
-1.74141
-1.70779
-1.37386
1.53783
-0.38559
-0.700912
-0.708069
-0.353256
-0.221008
-0.182785
-0.11026
-0.229645
-0.109161
-0.0258484
-0.0549011
-0.0310516
-0.0552216
-0.0783997
-0.0624542
-0.0716858

[31]
-0.0756683
-0.0452271
-0.041748
-0.0451355
-0.0881195
-0.0727081
-0.00149536
0.0326385
0.0901489
0.0192108
0.106522
0.0630035
0.0947571
0.199905
0.722214
1.2047
0.944473
0.931793
0.333435
0.428589
0.0901337
-0.330933
0.454987
0.947296
0.838745
0.615265
0.492691
0.283386
0.178406
0.167099
0.0756683
-0.0501709
-0.236694
-0.579117
-1.02417
-1.35674
-1.46013
-1.44608
-1.51437
-1.50578
-1.60052
-1.52118
-1.09235
1.62103
-0.620514
-0.567551
-0.476776
-0.702362
-0.391983
-0.196945

