[1]
0.159805
-0.102188
-0.0332947
0.0676575
0.0612488
0.121979
0.295532
0.510406
0.594269
0.960968
0.849075
0.572601
-0.5569
0.0601959
-1.28223
0.355118
-0.085083
0.224533
0.344803
0.230804
0.0865173
-0.219818
-0.165176
-0.106964
0.0712738
0.0581512
-0.0915527
-0.200409
-0.11969
-0.0504608
0.0175476
-0.00552368
-0.0207825
-0.0681763
-0.0357513
-0.063385
-0.0093689
-0.0434723
0.00105286
-0.0418091
-0.100555
-0.105652
-0.156754
-0.1008
-0.109406
-0.244217
-0.278015
-0.258667
-0.422928
-0.715378

[2]
-0.48732
-0.491302
-0.123001
-0.376083
0.492905
0.306458
-0.548279
-0.59552
-0.618759
-0.472763
-0.322342
-0.265747
-0.127853
-0.116531
-0.0360718
0.00868225
-0.126129
0.106506
0.468277
1.04564
1.28836
1.45541
1.62982
1.15984
0.92009
-0.183289
-1.62981
-0.208405
0.456543
-0.176498
0.514664
0.408569
0.3414
0.0118103
-0.163193
-0.109802
-0.0459137
0.0633087
0.0530396
-0.0817108
-0.1745
-0.0428009
0.0228882
0.0366364
-0.0491943
-0.045166
-0.0584717
0.00686646
0.0160065
-0.0502625

[3]
-0.140762
-0.239563
-0.192886
-0.210831
-0.289444
-0.213638
-0.142654
-0.383545
-0.652405
-0.34903
-0.651108
-0.443268
0.0747833
0.475632
-0.696121
-0.481415
-0.694244
-0.515427
-0.362534
-0.322632
-0.367508
-0.325165
-0.272766
-0.2202
-0.38739
-0.123077
0.613617
1.31189
1.92102
2.29428
2.2769
1.02919
-0.259125
-1.81761
-0.573196
1.15044
0.0715942
1.16037
1.52588e-05
0.380188
-0.244125
-0.149216
0.10199
0.0879669
0.23848
-0.123734
-0.145859
-0.00360107
0.140366
0.0396881

[4]
-0.0780792
-0.00613403
-0.0250549
0.0179443
-0.0834961
-0.167725
-0.235962
-0.0867004
-0.104752
-0.329132
-0.350159
-0.247482
-0.191238
-0.912811
-0.769318
-0.555237
-0.770966
-0.13945
1.37006
-0.915344
-0.52356
-0.810532
-0.731461
-0.481552
-0.351624
-0.393906
-0.348984
-0.328888
-0.300568
-0.317169
-0.344971
0.212524
1.29175
2.29471
2.32643
1.88048
1.44977
0.669861
-1.53252
-1.15277
1.03459
0.501083
0.223602
0.238525
0.280914
0.164139
0.00494385
0.00778198
-0.141937
0.0311584

[5]
0.0834961
0.0349579
0.0221863
0.0321045
0.0514832
0.0161591
0.0200348
-0.0302277
-0.0450287
-0.163879
-0.100525
-0.0948944
-0.10321
-0.220169
-0.280045
-0.286819
-0.186661
-0.621277
-1.31744
-0.564041
-0.566788
-0.125626
0.821121
0.639435
-0.478989
-0.477951
-0.644806
-0.491028
-0.341782
-0.286102
-0.160782
-0.165741
-0.261063
-0.0993958
-0.10379
-0.0992584
0.381546
1.13548
1.78398
2.1785
1.83812
2.24065
-1.51163
-0.107315
0.277924
0.253464
0.507858
0.415054
0.182022
0.228409

[6]
-0.0285187
-0.0672302
-0.109924
0.0761719
0.137634
0.0224457
-0.122864
-0.0414276
-0.0302124
-0.0203552
-0.0819855
-0.0260468
0.00335693
-0.000335693
-0.0918121
-0.212585
-0.232132
-0.0749969
-0.228348
-0.312454
-0.155014
-0.0170441
-0.759186
-0.7397
-1.01196
-0.756531
-0.158112
-0.0464172
-0.0355835
-0.462357
-0.360809
-0.311264
-0.352707
-0.373962
-0.335892
-0.218735
-0.257233
0.00369263
-0.0470276
-0.382507
0.486542
0.756866
1.22412
1.64641
1.81375
1.36823
1.26537
-1.61504
-0.505493
-0.762054

[7]
-0.728607
0.728226
0.431061
0.356216
0.309525
0.127182
-0.0395813
-0.0345459
0.0159607
0.0950623
0.0626221
0.00457764
-0.0812531
-0.0697632
-0.0851288
0.00346375
0.0109253
0.00234985
-0.169174
-0.143448
-0.114166
-0.0455933
-0.124954
-0.316193
-0.342255
-0.154922
-0.113556
-0.826096
-0.670624
-0.431259
-0.29509
-0.490112
0.542267
0.662109
-0.671478
-0.573547
-0.766464
-0.461472
-0.264557
-0.162689
-0.226303
-0.248047
-0.253372
-0.102753
-0.398849
0.000442505
0.651276
1.01256
1.64464
1.98611

[8]
1.34854
0.0516357
-0.519958
-1.42786
-0.0931702
0.670395
0.496826
0.240936
0.343628
0.239075
-0.11882
-0.052063
-0.196793
0.000396729
0.159607
-0.0556641
-0.146378
-0.119141
0.00367737
-0.0451965
-0.0901794
-0.039505
-0.0499878
-0.0302277
-0.0935974
-0.152161
-0.19371
-0.309692
-0.29184
-0.280853
-0.321793
-0.725067
-0.782043
-1.11464
-0.589188
-0.50412
0.241852
0.393463
-0.790054
-0.472946
-0.699265
-0.596329
-0.428192
-0.307129
-0.27977
-0.292404
-0.319336
-0.00509644
-0.38208
0.305115

[9]
0.735107
1.38904
2.23245
2.19833
1.26859
0.553467
-0.843323
-1.31763
-0.0452881
1.03474
0.652679
0.338501
0.245728
0.0797882
-0.154999
-0.127289
-0.0532379
-0.166855
0.164642
-0.0964508
-0.248352
-0.137878
0.0325317
-0.0349274
-0.0937347
-0.0276947
-0.0677185
-0.286591
-0.262024
-0.171112
-0.268356
-0.4151
-0.225174
-0.161484
-0.412231
-0.953903
-0.82518
-0.820374
-0.505554
0.103531
1.11723
-0.816879
-0.371185
-0.756256
-0.526398
-0.423019
-0.249023
-0.184875
-0.236664
-0.235825

[10]
-0.186539
-0.200531
-0.0808868
0.442825
0.806213
1.17729
1.59221
1.84718
1.36818
-0.35968
-0.861542
0.451431
0.0758057
0.217926
0.227417
0.356873
0.146378
0.111633
-0.0952759
-0.0808258
-0.100464
-0.0409088
0.0198517
-0.0150757
-0.12291
-0.097229
-0.118576
-0.0394135
-0.117386
-0.0187988
-0.0918121
-0.0773163
-0.124619
-0.179916
-0.0579987
-0.237152
-0.402008
-0.328476
-0.274338
-0.173355
-0.818771
-0.91568
-0.313156
-0.429199
-0.464783
0.931351
-0.427124
-0.536499
-0.696472
-0.755798

[11]
-0.490417
-0.35466
-0.250137
-0.214966
-0.1987
-0.220825
-0.0196838
-0.0378113
0.317871
1.04868
1.75421
2.17908
1.91054
1.42094
0.646515
-1.88728
-0.63826
0.394608
0.133987
0.502975
0.18515
0.250305
-0.129059
-0.0523682
-0.151093
0.149948
0.0213318
-0.0776978
-0.194443
-0.0965729
-0.0271912
-0.0261383
-0.0705872
-0.0737762
-0.0813599
-0.0627899
-0.200653
-0.210632
-0.128113
-0.321014
-0.393509
-0.243576
-0.148285
-0.726593
-1.03957
-0.867615
-0.4655
-0.178116
0.171494
0.464355

[12]
-0.696152
-0.482193
-0.732925
-0.549835
-0.38588
-0.267838
-0.243958
-0.216522
-0.199966
-0.146225
0.127533
0.292252
0.789154
1.37027
1.87155
2.20934
1.5101
1.81833
-1.74489
-0.630173
-1.58472
0.152176
0.249664
0.893692
0.416962
0.1371
-0.0407867
-0.0549164
-0.186874
0.0208435
0.0907745
-0.0904388
-0.213669
-0.1138
-0.0306091
-0.0756531
-0.121613
-0.105896
-0.105377
-0.138062
-0.238297
-0.248886
-0.12146
-0.235977
-0.340698
-0.361206
-0.27562
-0.588257
-1.26399
-1.03346

[13]
-0.504959
-0.468323
0.302521
0.888046
-0.672592
-0.496826
-0.670013
-0.499603
-0.378922
-0.253448
-0.273041
-0.282806
-0.274628
-0.226303
0.197845
-0.0783691
0.587677
1.24002
1.75232
2.23645
2.21809
1.10864
-1.85127
-0.435959
0.598007
0.25296
0.388107
0.290787
0.163559
-0.0246429
-0.0984497
-0.0950775
-0.0956116
-0.026123
-0.0667877
-0.133774
-0.142685
-0.0998077
-0.0374298
-0.0923615
-0.13002
-0.0633698
-0.109604
-0.101944
-0.218155
-0.24292
-0.213242
-0.429153
-0.438354
-0.299759

[14]
-0.0963745
-0.855194
-1.06593
-1.05791
-0.252319
-0.457825
0.204346
-0.336914
-0.524521
-0.517197
-0.52594
-0.404449
-0.281372
-0.150696
-0.0748444
-0.0995636
-0.0108643
0.0299835
0.126724
0.532181
1.03271
1.3091
2.16481
2.15593
1.10828
-0.71814
-1.93611
-0.907303
0.228455
0.706604
0.812027
0.128021
0.372894
-0.393143
-0.333496
-0.0968475
-0.0970306
0.101028
0.134796
-0.096405
-0.186264
-0.13028
-0.13559
-0.12178
-0.0897827
-0.0556488
-0.199326
-0.209564
-0.110367
-0.335693

[15]
-0.365753
-0.355713
-0.312225
-0.60585
-1.31406
-1.03668
-0.424377
-0.480515
0.744797
0.287933
-0.728043
-0.429779
-0.878464
-0.578949
-0.399338
-0.226395
-0.238632
-0.263062
-0.231476
-0.172073
0.13446
0.032196
0.67366
1.3403
2.01111
2.19958
1.48468
0.128647
-0.379105
-1.74721
0.417038
0.474411
1.07742
0.371689
0.200394
0.171631
-0.249863
-0.0988922
-0.228638
0.126465
-0.0319824
-0.141357
-0.168671
-0.113541
-0.0988617
-0.131668
-0.162338
-0.117691
-0.21936
-0.271011

[16]
-0.227417
-0.197067
-0.365463
-0.41452
-0.318146
-0.315384
-0.882065
-1.33847
-0.728821
-0.596848
-0.707275
0.870575
-0.301788
-0.715759
-0.348251
-0.650681
-0.413849
-0.34938
-0.279892
-0.227203
-0.274475
-0.234665
-0.04422
0.0665131
0.430649
1.28612
1.85417
2.20695
1.94788
2.01157
-1.92818
-0.531616
-1.91333
0.815094
0.397812
1.01309
0.100571
0.0778809
-0.130432
-0.105927
-0.140244
-0.114914
0.211212
-0.073761
-0.170975
-0.21994
-0.0793457
-0.0623474
-0.06604
-0.133759

[17]
-0.0795593
-0.137817
-0.253174
-0.17218
-0.407593
-0.413773
-0.300583
-0.276642
-0.893616
-0.934006
-0.625305
-0.66507
-0.603622
1.42087
-0.849655
-0.619858
-0.623093
-0.616028
-0.528534
-0.377792
-0.336014
-0.386185
-0.379227
-0.341782
-0.13298
-0.119446
0.351074
1.21667
2.03113
2.25487
2.18973
1.52531
-0.188766
-1.83388
0.410492
0.815567
0.631897
0.519928
0.207062
-0.0902405
-0.074173
-0.144272
0.056488
0.0298157
-0.0157013
-0.242905
-0.0446014
-0.0519409
-0.134125
-0.152756

[18]
-0.0914307
-0.137802
-0.230515
-0.247269
-0.136978
-0.171188
-0.351776
-0.330353
-0.325333
-0.25267
-1.08203
-1.31898
-0.916351
-0.487732
-0.659485
1.42224
-0.0723114
-0.624207
-0.651489
-0.643051
-0.326904
-0.314911
-0.307831
-0.310928
-0.300934
-0.292862
-0.19281
0.069809
0.21994
1.01442
1.60925
2.09213
2.04002
1.32069
0.086441
-1.45993
-0.733521
0.698715
0.403152
0.343613
0.22229
0.242157
-0.0868835
-0.167206
-0.0902252
0.00523376
0.123901
-0.172241
-0.203064
-0.142471

[19]
-0.0400391
-0.0935669
-0.119888
-0.0971222
-0.0309906
-0.258148
-0.276474
-0.262009
-0.215134
-0.408646
-0.462128
-0.38562
-0.352783
-0.996689
-0.950058
-0.650314
-0.609131
-0.331375
1.51968
-0.743378
-0.377792
-0.692337
-0.596298
-0.417191
-0.27034
-0.223984
-0.188492
-0.256332
-0.203888
-0.00764465
0.13855
0.288086
1.15353
1.70433
2.19482
1.93488
1.88266
-1.11095
-1.58478
-1.43579
0.416901
0.409576
0.846741
0.297318
0.169403
-0.0172577
-0.0693817
-0.182037
0.0288544
0.00408936

[20]
-0.0429382
-0.170334
-0.0932312
-0.0802002
-0.0894775
-0.0904236
-0.0664825
-0.0820618
-0.0621338
-0.216324
-0.196243
-0.278351
-0.407227
-0.257339
-0.120987
-0.105911
-1.07248
-1.13852
-0.686966
-0.366302
-0.708267
0.796906
-0.0988159
-0.817154
-0.303589
-0.882568
-0.480499
-0.332214
-0.182495
-0.149918
-0.166061
-0.173904
-0.0711517
0.107819
0.223328
1.02528
1.51878
2.20528
1.90724
1.31583
-1.73839
-0.672394
0.607666
0.21405
0.678955
0.398254
0.340775
0.0316467
-0.219086
0.0389709

[21]
-0.0804749
0.101501
0.0945435
-0.154755
-0.221725
-0.153015
-0.0385742
-0.0381165
-0.0285492
0.0260315
-0.0669098
-0.264084
-0.218048
-0.262589
-0.296204
-0.459869
-0.398422
-0.172684
-0.550278
-1.26161
-1.06235
-0.449509
-0.493103
-0.667648
-0.022644
-0.56633
-0.511124
-0.636078
-0.442673
-0.345047
-0.293518
-0.194763
-0.226746
-0.146713
-0.00526428
0.132507
0.234116
1.0164
1.70287
2.23174
2.22884
1.94638
-0.349777
-1.84932
-0.561035
0.675674
1.40027
0.45993
0.160233
-0.237137

[22]
0.249176
-0.149277
0.140884
0.0667877
0.0438385
-0.118088
-0.00572205
-0.0422974
-0.10022
-0.111389
-0.098526
-0.175323
-0.126099
-0.18602
-0.251114
-0.197144
-0.2509
-0.376617
-0.330963
-0.281174
-1.47885
-1.16548
-0.58609
-0.350861
-0.32222
1.237
-0.698334
-0.387482
-0.415024
-0.506485
-0.405151
-0.315094
-0.252167
-0.241211
-0.155258
-0.128265
0.189621
0.253128
0.835037
1.4494
1.77521
2.07248
1.82307
1.34207
-1.8506
-0.704239
0.822632
0.75769
0.182404
0.173798

[23]
0.473297
-0.208649
-0.266541
-0.0566559
0.177887
0.00830078
-0.165833
-0.178085
-0.0187988
-0.0764771
-0.0496216
-0.037735
0.0133514
-0.194641
-0.156204
-0.208832
-0.206207
-0.212738
-0.212158
-0.401642
-0.241791
-0.211151
-0.944839
-1.11159
-0.780533
-0.0690002
-0.644302
0.303177
0.16864
-0.624619
-0.468567
-0.789688
-0.579651
-0.338043
-0.12323
-0.114761
-0.227097
-0.11705
0.034729
-0.00914001
0.423996
1.30717
1.82057
1.94733
1.67834
0.80397
-0.083374
-1.90314
-0.215546
0.413803

[24]
0.493332
0.618164
0.0716248
0.241821
-0.140747
-0.129578
0.0184326
-0.012207
0.0367584
-0.0688629
-0.206909
-0.18544
-0.0326691
0.0292969
-0.102524
-0.102478
-0.132553
-0.0684052
0.0131226
-0.109177
-0.125946
-0.202347
-0.386871
-0.35965
-0.24231
-0.189774
-0.587875
-1.1664
-0.706329
-0.409454
-0.218765
0.365784
0.751892
-0.746979
-0.748383
-0.792572
-0.627777
-0.457382
-0.221008
-0.20163
-0.218933
-0.163086
0.000198364
-0.0875702
0.0512543
0.605423
1.10454
1.68694
1.71347
1.24164

