[1]
-0.0552216
-0.615692
-0.571121
-0.373779
-0.206604
0.103317
0.012207
-0.0989685
-0.216446
-0.13649
-0.0689545
-0.0500488
-0.0309753
0.0110931
0.00991821
0.00952148
0.00256348
0.00900269
-0.0157623
-0.0415955
-0.0405121
-0.0397034
-0.0390015
-0.0637054
-0.156784
-0.166061
-0.218201
-0.330048
-0.386978
-0.588043
-0.753464
-1.07031
-1.08275
-1.09682
-0.850403
-0.74762
-0.225876
0.757202
0.324631
0.225388
0.738708
0.739273
0.746094
0.689011
0.573578
0.531601
0.455475
0.330994
0.0664978
-0.341492

[2]
-0.879318
-1.11429
-1.17137
-1.21872
-1.17148
-0.866302
-0.755127
0.0879211
-0.30011
-1.17032
-0.824631
-0.12709
-0.458694
0.0835876
-0.129593
-0.0239258
-0.0409851
-0.0374908
-0.0654449
0.0134277
0.0149384
-0.00195312
-0.0146027
-0.00686646
-0.0519867
-0.0638123
-0.061142
-0.052948
-0.10939
-0.0984344
-0.145142
-0.287109
-0.359024
-0.452606
-0.515549
-0.782898
-1.08038
-1.09422
-1.10948
-0.935974
-0.805984
0.128448
0.144547
0.245209
0.523712
0.677292
0.811737
0.812332
0.698318
0.601288

[3]
0.544952
0.441589
0.215759
-0.23851
-0.770065
-1.10188
-1.15869
-1.20656
-1.05692
-0.829285
-1.10672
0.0945892
-0.284744
-0.896606
-1.05093
-0.153671
-0.0697174
-0.264893
-0.229187
-0.0424805
-0.10054
-0.0910187
-0.0498352
0.00511169
0.0372009
-0.0354919
-0.0244751
-0.0161591
-0.00256348
-0.0250549
-0.0293884
-0.124405
-0.141632
-0.128448
-0.245026
-0.360367
-0.383041
-0.487823
-0.638916
-1.0849
-1.10025
-1.11517
-1.13689
-1.00226
-0.171783
0.291046
0.430099
0.471756
0.742828
0.770935

[4]
0.812042
0.667465
0.545914
0.497437
0.430527
0.307693
-0.0544739
-0.513855
-0.978714
-1.1353
-1.18547
-1.1476
-0.98967
-0.891708
-0.479034
-0.552948
-0.992065
-0.719116
-0.137955
-0.103531
-0.0128632
-0.202637
-0.0254059
-0.110764
-0.0659943
-0.02211
-0.0042572
0.0326385
-0.0775146
-0.0606079
-0.0169525
0.00593567
-0.0389862
-0.0917358
-0.174377
-0.144165
-0.202164
-0.250351
-0.357635
-0.439392
-0.546494
-0.68718
-1.09196
-1.11235
-1.13225
-1.06352
-0.956894
0.297928
-0.103775
0.037323

[5]
0.782303
0.720581
0.73941
0.686111
0.580338
0.513672
0.466934
0.363739
0.177429
-0.207321
-0.737198
-1.09236
-1.14764
-1.1949
-1.08482
-0.909515
-1.0484
0.390488
-0.289825
-0.810959
-1.09811
-0.0625305
-0.412338
-0.053833
-0.179077
0.130035
-0.142273
-0.0887451
0.00904846
0.0858612
0.0527649
0.0129852
-0.0104828
-0.0085144
-0.0435028
-0.0142059
-0.0753784
-0.178329
-0.137238
-0.249649
-0.294617
-0.410309
-0.4776
-0.580826
-0.843933
-1.09238
-1.10909
-1.12755
-0.907227
-0.661819

[6]
0.706604
-0.180176
-0.0417328
0.744476
0.726089
0.737137
0.679733
0.605072
0.578293
0.484985
0.347595
0.0917206
-0.377838
-1.00835
-1.11688
-1.17195
-1.21503
-1.09509
-1.0795
-0.611359
-0.640457
-0.861282
-1.03276
-0.132858
-0.599091
0.0902252
-0.160172
0.0759888
-0.0808411
-0.039505
0.0155792
0.0308228
-0.00595093
-0.0119171
-0.0119476
-0.061203
-0.0533142
-0.0310516
-0.10318
-0.12854
-0.162277
-0.159927
-0.257736
-0.362061
-0.392715
-0.374268
-0.655273
-1.08206
-1.09932
-1.11623

[7]
-1.08134
-0.860626
-0.00660706
0.255524
0.416519
0.534607
0.797379
0.780121
0.81694
0.713074
0.598618
0.528763
0.446716
0.308197
-0.0379028
-0.613098
-1.08369
-1.14029
-1.19179
-1.00177
-0.960785
-1.2289
-0.22583
-0.671692
-0.861862
-1.05098
-0.26947
-0.288666
-0.088562
-0.0811615
-0.0366516
-0.10051
-0.066803
-0.0189056
0.0154266
-0.00608826
-0.0165405
-0.0283661
-0.0136719
0.00621033
-0.0124207
0.0131683
-0.0662842
-0.104324
-0.146164
-0.185211
-0.361649
-0.406876
-0.539185
-0.593048

[8]
-0.864151
-1.08614
-1.09872
-1.11647
-0.888901
-0.61467
0.736588
-0.0778046
0.168808
0.797791
0.702499
0.79747
0.825043
0.66629
0.60408
0.51004
0.393631
0.154953
-0.384415
-0.78627
-1.10793
-1.16083
-1.19997
-1.04889
-0.7724
-0.673019
-0.122772
-0.214813
-1.14015
-0.298523
-0.0858002
-0.45874
-0.241486
0.0868835
-0.130508
-0.0676575
-0.00427246
-0.00163269
0.0147247
0.0212555
0.0192871
-0.0141144
-0.0198212
-0.00656128
-0.0114899
-0.0291901
-0.105667
-0.128662
-0.190948
-0.298752

[9]
-0.368408
-0.438232
-0.520294
-0.728775
-1.08392
-1.09828
-1.11368
-1.04636
-0.916687
0.036438
0.0637512
0.226196
0.587906
0.75827
0.804611
0.85495
0.713654
0.56102
0.488144
0.363297
0.155853
-0.377365
-0.976608
-1.10843
-1.16565
-1.21088
-1.0829
-1.0457
-0.699097
-0.160278
-0.245422
-1.14207
-0.31572
0.0136719
-0.340118
-0.0222015
-0.102188
-0.0707092
-0.178802
0.000732422
-0.0220032
0.0611877
-0.00921631
-0.0501862
-0.0415955
-0.0481567
0.0104523
-0.0464478
-0.0276184
-0.100037

[10]
-0.188828
-0.178619
-0.291946
-0.405167
-0.537506
-0.62146
-0.863602
-1.07593
-1.08957
-1.10652
-1.01759
-0.434982
0.803131
0.293457
0.156479
0.826019
0.705307
0.798218
0.766129
0.630966
0.567993
0.403183
0.220444
-0.214279
-0.757019
-1.08812
-1.14359
-1.19312
-1.0401
-1.00615
-0.682739
-0.325256
-0.419083
-1.14398
-0.632645
0.103439
-0.412186
-0.0577087
-0.0761261
-0.0344543
-0.0755463
-0.0500793
0.00106812
0.0584259
0.0133362
-0.015625
-0.0229034
-0.0214691
-0.0502167
-0.0463562

[11]
-0.110352
-0.176025
-0.159653
-0.27182
-0.369324
-0.444321
-0.532776
-0.720917
-1.07961
-1.09799
-1.1178
-1.07103
-0.816498
0.496307
-0.248367
0.0790558
0.779404
0.766205
0.78772
0.748138
0.610931
0.535477
0.478394
0.327271
0.0929108
-0.43457
-0.767075
-1.10971
-1.16693
-1.21367
-1.17111
-0.740723
-0.807297
0.0975189
-0.511978
-1.15292
-0.64296
-0.106705
-0.121811
-0.0184479
0.0393829
0.0116119
-0.0275726
-0.067749
-0.0542603
-0.0241547
-0.0369873
-0.0202789
0.01091
-0.0361023

[12]
-0.0675049
-0.0526123
-0.0439301
-0.091217
-0.148773
-0.180481
-0.383072
-0.426224
-0.555206
-0.64946
-0.897079
-1.09032
-1.10809
-1.12962
-1.01726
-0.26149
0.725586
0.401825
0.388687
0.770096
0.779846
0.786743
0.707764
0.59494
0.574097
0.394363
0.246277
-0.180603
-0.722656
-1.09547
-1.15326
-1.20427
-1.2057
-1.13652
-0.795395
-0.429886
-0.68718
-0.983871
0.0524139
-0.274796
-0.0293884
-0.245865
-0.0325775
-0.0520325
-0.0515137
0.0270538
0.0193176
-0.00012207
-0.0591583
-0.0379486

[13]
-0.0266724
-0.035202
-0.0377808
-0.0560303
-0.112946
-0.120834
-0.177582
-0.231476
-0.369553
-0.445419
-0.507004
-0.671112
-1.07195
-1.08873
-1.10614
-1.12036
-0.89238
0.021759
0.105392
0.107971
0.603912
0.727158
0.792252
0.820206
0.733276
0.637756
0.588379
0.470795
0.309097
-0.0517731
-0.590179
-1.05153
-1.13844
-1.18813
-1.16507
-0.917664
-1.0164
0.127579
-0.600204
-1.09375
-0.693375
0.0980072
-0.900284
-0.104431
-0.145737
0.0113373
-0.106995
-0.0266876
0.0547638
0.0512085

[14]
0.0954895
0.0361938
-0.0439606
-0.0437469
-0.00395203
-0.0377502
-0.098587
-0.1483
-0.178253
-0.352936
-0.363632
-0.470886
-0.5522
-0.717422
-1.08423
-1.10306
-1.12035
-0.980652
-0.958023
0.142502
0.058197
0.109375
0.799973
0.768982
0.788208
0.782578
0.625259
0.520569
0.454681
0.307159
0.106918
-0.487183
-0.762787
-1.10783
-1.16466
-1.20857
-1.05556
-0.785187
-0.83667
0.0921783
-0.404343
-1.14754
-0.302704
-0.267731
-0.168701
-0.112701
-0.15184
-0.0178986
-0.0504913
-0.0367432

[15]
0.0440826
0.0581512
0.0188904
0.0115967
-0.00717163
-0.0495758
-0.0195465
-0.057785
-0.0900574
-0.159149
-0.153824
-0.240356
-0.364868
-0.449875
-0.555817
-0.653442
-1.07263
-1.09041
-1.10811
-1.1311
-1.06911
-0.0636292
0.51355
0.486572
0.437057
0.896194
0.819702
0.846252
0.762466
0.622864
0.519119
0.435562
0.338348
-0.0220795
-0.588165
-1.08594
-1.14171
-1.19344
-1.16945
-0.994766
-0.789978
0.0755463
-0.401016
-1.15871
-0.723312
-0.090271
-0.479095
0.129471
-0.143997
0.00939941

[16]
-0.0653534
-0.0817719
-0.036499
-0.0107269
0.0356293
-0.0184479
-0.0293579
-0.020462
-0.00398254
-0.0157776
-0.0659027
-0.107819
-0.136032
-0.160538
-0.240295
-0.354965
-0.445175
-0.551041
-0.683945
-1.08131
-1.09796
-1.11398
-0.966675
-0.950363
0.162735
0.200211
0.188492
0.587723
0.790924
0.786224
0.826935
0.723373
0.606583
0.557556
0.420059
0.24585
-0.158554
-0.751175
-1.09103
-1.14659
-1.19551
-1.19272
-0.993225
-0.750656
0.0291595
-0.26738
-1.15057
-0.517059
-0.21312
-0.267731

[17]
0.0577393
-0.132477
-0.0749512
-0.0707245
-0.0304871
-0.0343475
0.0509949
0.0196228
0.00802612
-0.0132141
-0.0387421
-0.0246735
-0.0241852
-0.0324402
-0.0827026
-0.143127
-0.177963
-0.261871
-0.365906
-0.482697
-0.554016
-0.797302
-1.07997
-1.09512
-1.11157
-0.766602
-0.789505
0.498947
-0.0855255
0.0831604
0.713074
0.756943
0.81337
0.865204
0.739273
0.617966
0.531601
0.375336
0.186478
-0.426956
-0.920029
-1.11394
-1.16843
-1.2088
-0.985077
-1.14789
-0.481445
-0.680878
-0.872574
-1.05231

[18]
-0.164536
-0.365967
0.0894775
-0.101334
-0.0270233
-0.0316772
-0.0541992
-0.0133514
-0.00325012
0.061676
-0.00540161
-0.0247192
-0.0140991
-0.0170135
-0.0180969
-0.0419769
-0.144135
-0.141098
-0.148895
-0.270157
-0.351334
-0.425339
-0.523361
-0.706253
-1.07272
-1.08789
-1.10419
-1.1189
-1.00256
-0.188766
0.650421
0.457779
0.246613
0.873062
0.823792
0.813263
0.786102
0.617844
0.535965
0.413864
0.285187
-0.108841
-0.619278
-1.0896
-1.14627
-1.19716
-1.23157
-0.90863
-0.693573
-0.0727081

[19]
-0.37117
-1.15167
-0.467377
-0.0348206
-0.264862
0.0312653
-0.221588
-0.0365295
-0.0796509
-0.0851288
0.032486
0.0040741
0.0457153
-0.00401306
-0.0238647
-0.0170593
0.0111084
-0.0271301
-0.0546265
-0.121582
-0.176193
-0.181213
-0.286179
-0.362137
-0.490784
-0.584335
-0.866394
-1.07744
-1.09778
-1.1205
-0.91716
-0.818481
0.449722
0.0806732
0.198792
0.704514
0.933685
0.816376
0.802032
0.729065
0.604034
0.524857
0.436951
0.292877
-0.042572
-0.600571
-1.09094
-1.14465
-1.1922
-1.09856

[20]
-0.972748
-0.722885
-0.221619
-0.389404
-1.11299
-0.328171
-0.516342
0.0466309
-0.104965
-0.0193176
-0.127365
0.0189819
-0.0271454
0.0317688
0.0290833
-0.00570679
-0.0305023
-0.0216827
-0.0391541
-0.020401
-0.035202
-0.0900116
-0.149185
-0.190552
-0.228867
-0.398895
-0.451904
-0.558197
-0.6586
-1.02873
-1.10051
-1.11639
-1.08334
-1.02689
0.100174
0.157959
0.165466
0.525665
0.842453
0.810349
0.835175
0.715073
0.59053
0.512833
0.36972
0.155182
-0.434845
-0.826065
-1.11261
-1.1696

[21]
-1.21515
-1.19518
-1.00159
-0.750412
-0.756363
-1.16188
-0.463028
0.0509186
-0.361389
-0.0373077
-0.207352
0.0316467
-0.0552521
-0.0406799
-0.0167847
0.013092
0.000610352
-0.0410309
-0.0282288
-0.00386047
-0.0374451
-0.0423431
-0.0623322
-0.131454
-0.139847
-0.246994
-0.293259
-0.435303
-0.510162
-0.609894
-0.94014
-1.08195
-1.09869
-1.11801
-0.948746
-0.380508
0.925339
0.296799
0.146591
0.865784
0.777588
0.780518
0.705673
0.596115
0.586533
0.428589
0.268234
-0.0973206
-0.835968
-1.0952

[22]
-1.15343
-1.20485
-1.20053
-1.06911
-0.756653
-0.0813446
-0.111435
-1.15587
-0.453552
-0.179672
-0.161026
-0.0882263
-0.0142975
-0.0675659
-0.0909576
-0.0756226
0.023056
0.0493469
0.0775604
0.00109863
-0.0106049
-0.0493622
-0.0682983
-0.0890961
-0.185989
-0.152588
-0.170547
-0.301086
-0.467026
-0.522919
-0.530487
-0.785599
-1.07643
-1.09235
-1.11172
-1.01102
-0.600311
0.743088
0.465744
0.182175
0.910141
0.746811
0.788528
0.728027
0.619492
0.582794
0.39743
0.253357
-0.106522
-0.726242

[23]
-1.10129
-1.16168
-1.21394
-1.05823
-0.949127
-0.757294
0.183975
-0.253418
-1.1593
-0.585815
-0.145401
-0.0545654
-0.175568
0.015625
-0.0017395
-0.0579834
0.0328522
0.029068
0.0662689
-0.0157166
-0.0904541
-0.0348663
-0.0276184
-0.0102539
-0.0766754
-0.164429
-0.194168
-0.13298
-0.304932
-0.396484
-0.48732
-0.579788
-0.725494
-1.07274
-1.09053
-1.11006
-0.914139
-0.701416
0.75148
-0.0743561
-0.141068
0.949753
0.758682
0.804062
0.76149
0.584579
0.534805
0.3479
0.158157
-0.134125

[24]
-0.678543
-1.09798
-1.15343
-1.20029
-1
-0.986694
-0.790115
0.196213
-0.338699
-1.00508
-0.736267
-0.0686035
-0.76297
-0.0271454
-0.145508
0.0346527
-0.180832
-0.023407
0.0334778
0.0755463
0.0346527
0.0210419
0.0379486
-0.0218353
-0.00881958
-0.0601349
-0.113556
-0.0763855
-0.13327
-0.30162
-0.419189
-0.483688
-0.634995
-0.723892
-1.02223
-1.09282
-1.10918
-1.13268
-0.988434
-0.175873
0.341003
0.0811157
0.572754
0.984253
0.871902
0.867142
0.771332
0.62764
0.493698
0.327698

