[1]
-0.060791
0.231918
0.0584259
-0.104919
-0.199478
0.0711517
0.176666
0.107925
0.00177002
-0.00923157
0.0601959
0.067688
0.0573578
0.0252075
0.0281677
0.0483093
0.072998
0.0447693
0.049942
0.0381622
0.0272827
0.0633392
0.0563507
0.0329132
-0.0983429
-0.114456
-0.20253
-0.525146
-0.129196
0.174698
-0.400604
-0.511078
-0.492691
-0.268585
-0.198288
-0.087677
-0.0780029
-0.107605
-0.0772247
-0.0523834
-0.0174561
-0.0832062
-0.214203
0.0974884
0.172867
-0.0107574
0.109497
-0.00254822
0.0223846
-0.0417023

[2]
0.0782166
0.226288
0.497498
0.887466
0.587067
0.515274
0.248749
0.0740814
0.15834
0.125885
0.094635
-0.0688934
-0.133392
0.124542
0.0979004
-0.0693207
-0.0224609
-0.0556335
-0.120407
-0.107269
0.0285492
0.0310974
0.0112152
-0.000946045
-0.00561523
0.0132294
0.0250397
-0.0148468
0.0298004
0.0159149
-0.0139771
-0.0114746
-0.0115662
0.020752
0.0147705
0.0482178
-0.0371857
-0.127533
-0.165359
-0.147202
-0.28035
-0.549591
-0.125381
0.102463
-0.335297
-0.355118
-0.468018
-0.284851
-0.139999
-0.072464

[3]
-0.0785065
-0.113174
-0.0886993
-0.0905457
-0.0549622
-0.102112
-0.100754
-0.0678711
0.072998
0.0504913
-0.0354156
-0.147705
-0.157715
-0.227509
-0.243088
-0.078476
0.309113
0.556732
0.446091
0.617569
0.591446
0.0340118
0.0771637
-0.0125122
-0.146027
-0.141754
-0.00401306
0.0757751
0.13887
0.109131
-0.0685425
-0.107544
-0.0322876
0.082489
0.0330505
-0.0435486
-0.0480194
-0.004776
0.028717
0.017395
-0.0252075
-0.0107574
0.0439301
0.0718994
0.0604706
0.0834045
0.0721588
-0.032074
-0.0732422
-0.0348358

[4]
-0.0508728
-0.113373
-0.135422
-0.2314
-0.379913
-0.257034
0.108871
-0.10672
-0.446915
-0.721039
-0.460556
-0.14772
-0.00617981
-0.0163422
-0.0950012
-0.1492
-0.0781708
-0.00941467
0.0300293
-0.033432
-0.0620117
-0.0452118
-0.0637207
-0.111252
-0.239182
-0.373306
-0.390961
-0.277969
-0.0797729
0.430344
0.795349
0.736252
0.768463
0.226303
0.08815
0.538177
-0.238708
0.201508
-0.130341
-0.0756683
0.0334015
0.0747375
0.0706329
0.0673981
-0.0196228
-0.0813293
-0.0945282
0.0275726
0.0908508
0.0682831

[5]
0.0269165
0.0140839
0.0372467
0.0490723
0.0371399
0.0213165
-0.00465393
0.0256042
-0.0020752
0.0543365
0.045929
0.00744629
-0.0395508
-0.00241089
-0.00344849
-0.10965
-0.176773
-0.24295
-0.488968
-0.433258
0.202682
-0.307434
-0.382889
-0.489853
-0.276276
-0.130203
-0.0897369
-0.0813751
-0.0953674
-0.0436096
-0.0080719
-0.0439301
-0.0121765
-0.00897217
0.0388031
0.0733643
-0.00186157
-0.101578
-0.26268
-0.3703
-0.222076
-0.0666656
0.135834
0.522522
0.742538
0.476639
0.894226
0.25354
0.168182
0.415054

[6]
-0.0478973
-0.108932
-0.0643311
0.120316
0.0554199
0.038147
-0.0312805
-0.0129089
-0.0513611
-0.0349579
0.0829926
0.0383911
-0.00184631
0.0366974
0.0385895
0.0767975
0.0617218
0.00233459
0.0116272
0.00616455
0.0331116
0.0527191
0.0471802
0.0395813
-0.051651
-0.0100555
0.0844727
0.0453796
-0.0869446
-0.166916
-0.225388
-0.455856
-0.226379
0.263947
-0.191345
-0.427536
-0.479156
-0.241592
-0.24939
-0.0703583
-0.0605621
-0.078949
-0.0991516
-0.0806274
-0.100571
-0.0787048
-0.132874
-0.130447
-0.0607605
0.0367889

[7]
-0.039444
-0.119553
-0.116364
-0.0270844
0.107925
0.313065
0.438904
0.697372
0.793915
0.952255
0.563278
0.173843
0.245972
-0.0957642
-0.313354
0.0176392
0.163773
0.14032
0.148041
0.0391693
-0.0294342
-0.132889
-0.0939484
0.0665588
0.0694427
-0.000137329
-0.0646515
-0.0280914
0.0506592
0.0803833
0.0711517
0.0615387
0.0352325
0.00959778
0.0106964
0.0114136
0.0117645
-0.0216827
0.0354767
0.0513916
-0.0249176
-0.109558
-0.195999
-0.153839
-0.17511
-0.309906
-0.135773
-0.00350952
-0.320007
-0.399429

[8]
-0.488861
-0.141449
-0.146057
-0.059967
-0.0817413
-0.0447083
-0.0456543
-0.0458069
-0.104645
-0.122879
-0.14801
-0.0657196
-0.0409088
-0.0380707
-0.0885468
-0.0880432
-0.0711212
0.0509033
0.29303
0.393494
0.490448
0.790512
0.660706
0.422806
0.279388
0.426422
0.0852051
-0.027832
-0.300644
-0.0613556
0.0283813
0.0483093
0.0798187
0.157455
-0.0198669
-0.125153
-0.115631
0.0740051
0.123718
0.0570068
-0.0397186
0.0195007
0.0585175
0.0442657
0.0196533
0.0396729
0.0437317
0.0112152
-0.00798035
-0.000274658

[9]
-0.0258331
0.0123749
0.0742798
0.0708008
-0.0550385
-0.314575
-0.290405
-0.271729
-0.401886
-0.23024
-0.0370789
-0.288376
-0.468704
-0.436371
-0.216003
0.051712
0.105774
-0.130234
-0.117203
0.00752258
0.0208282
-0.0893097
-0.111618
-0.108749
-0.0426331
0.0198212
0.0107574
-0.0234833
-0.0976868
0.0884705
0.343094
0.525986
1.19341
1.23561
0.509216
0.19838
0.300293
0.329269
0.369537
0.0647583
0.0119476
-0.187622
-0.0370331
0.0419769
0.0566101
0.0550079
0.0368805
-0.0331421
-0.116928
-0.0667267

[10]
0.0092926
0.0570831
0.0362091
0.0453949
0.0569305
0.0466766
0.0180664
0.0342102
0.0471497
0.0493011
0.026062
-0.00331116
0.0266724
0.0366211
0.0571136
0.0553741
-0.0163116
-0.129868
-0.186249
-0.208069
-0.317261
-0.324692
-0.0526886
0.221924
-0.165634
-0.476776
-0.542542
-0.293884
-0.218643
-0.14888
-0.0948029
-0.112625
-0.0908051
-0.0694275
-0.0368652
-0.118881
-0.107162
-0.0806427
-0.0426788
0.0201721
0.0115204
-0.0946045
-0.0105286
-0.174973
-0.277084
0.0953064
0.519196
0.644379
0.764709
0.460556

[11]
-0.095459
0.359924
-0.258469
-0.259308
0.00222778
0.21344
0.0891113
0.069046
0.0186157
-0.0335388
-0.048233
0.0135651
0.0742035
0.0570831
0.0131226
0.0258179
0.0241699
0.0462189
0.0354156
0.0198669
0.0153198
0.0501556
0.0172729
0.0211639
0.0475922
0.0481873
0.0436249
0.0106201
-0.116562
-0.26947
-0.172775
-0.151123
-0.424103
-0.113419
0.0203705
-0.230606
-0.468735
-0.478836
-0.248276
-0.207397
-0.157745
-0.181946
-0.13974
-0.111221
-0.0715179
-0.0764618
-0.099762
-0.101791
-0.0326538
-0.00453186

[12]
0.0747833
0.0920868
0.010025
-0.0354767
-0.134399
-0.191986
0.135147
0.692993
0.832016
0.290634
0.632797
-0.161652
0.361115
0.43219
0.0442047
-0.265869
-0.123901
0.183975
-0.0144653
0.0608063
0.0273743
0.0371094
0.0017395
-0.0518646
0.00846863
0.0134277
0.0238037
-0.000991821
0.00215149
0.00297546
0.00250244
0.0159149
0.0284119
0.0368195
0.021698
0.0124817
0.00698853
0.00619507
0.029129
0.0326538
0.0588379
0.0367279
-0.129761
-0.265778
-0.326904
-0.492111
-0.0944214
0.14035
0.0943604
-0.302689

[13]
-0.516571
-0.469162
-0.225067
-0.0237732
-0.0183411
-0.0836945
-0.146225
-0.121445
-0.0439148
-0.057251
-0.119583
-0.152618
-0.11644
-0.13147
-0.145493
-0.174545
-0.250549
-0.32695
-0.139847
-0.0600281
0.160553
0.532776
0.703888
0.558441
0.259064
0.24762
0.386398
0.245193
-0.264832
-0.150162
0.0124664
0.0873413
-0.0231323
0.0289154
0.0301666
-0.0232697
-0.0292206
-0.106796
-0.0130157
0.0219879
0.0343475
-0.00556946
-0.0269165
-0.00395203
0.0400543
0.0380554
-0.0159912
-0.0124817
-0.00050354
0.000549316

[14]
-0.0147552
0.0118866
0.0380402
0.0098877
-0.0446167
-0.170197
-0.124405
-0.0983276
-0.301956
-0.287842
0.255692
-0.162994
-0.352997
-0.525436
-0.480301
-0.16008
-0.0749512
-0.022171
-0.0916595
-0.0831451
-0.0471344
-0.0942841
-0.0888519
-0.107101
-0.101868
-0.0767517
-0.0520172
-0.0489349
-0.192245
-0.22316
-0.131912
0.0608978
0.315186
0.714188
0.917938
1.00426
0.0441589
0.265366
0.144547
-0.156998
-0.0909271
-0.00534058
0.0585632
0.0829315
0.211823
0.0175323
-0.11377
-0.20575
0.0350189
0.175751

[15]
0.0809631
-0.024704
0.0176086
0.0229492
0.0163116
0.0417938
0.0444336
0.0480499
0.0257111
0.0345764
0.0183105
0.0767059
0.0565033
0.0330353
-0.0474701
-0.0759583
-0.117188
-0.157043
-0.239639
-0.421661
-0.102203
0.244446
-0.314804
-0.351639
-0.542145
-0.376328
-0.137436
-0.106506
-0.00840759
-0.0503235
-0.0697327
-0.0274506
-0.0375519
-0.0302734
-0.0683289
-0.071167
-0.0343323
-0.0102081
-0.0293579
-0.163361
-0.264771
-0.28389
-0.167145
0.158432
0.711349
0.460297
0.591721
0.42067
0.545883
0.16748

[16]
0.0163422
-0.229767
-0.059845
0.0667267
0.0769196
0.0908661
0.116821
0.0576019
-0.0210114
-0.162888
-0.179184
0.0305481
0.144363
0.0654602
-0.0406189
-0.0337372
0.0429382
0.0333405
0.0474091
0.0185089
0.013092
0.0449829
0.0206604
0.0022583
-0.00289917
0.0449066
0.0238037
-0.00820923
-0.0724792
-0.146118
-0.152451
-0.242981
-0.641525
-0.211273
-0.135651
-0.369293
-0.501007
-0.425873
-0.185989
-0.118057
-0.069809
-0.130829
-0.103058
-0.0559998
0.00178528
0.0113068
-0.0180054
-0.0378113
-0.0204773
-0.0156708

[17]
0.166641
0.170746
0.201706
0.281387
0.411377
0.440994
0.633423
0.804688
0.387405
0.408524
-0.217133
0.613464
-0.0501556
-0.0443878
0.0809174
0.0184937
0.00215149
-0.0269623
0.0177917
0.057251
-0.0595093
-0.12117
-0.0804749
0.0507965
0.129074
0.0223846
-0.0135956
-0.00358582
0.040863
0.0394897
0.02005
0.0209503
0.0284882
0.0191498
-0.0218048
0.0137024
0.0302429
-0.0088501
0.0166931
-0.0238647
-0.128952
-0.201721
-0.168671
-0.318527
-0.301636
0.0317688
-0.292358
-0.525681
-0.558853
-0.439377

[18]
-0.162476
-0.0456848
-0.0656128
-0.120987
-0.0744324
0.0137482
-0.0396576
-0.052063
-0.0987549
-0.0804443
-0.0580292
-0.0495911
-0.00494385
-0.00408936
0.0112762
0.108047
0.350082
0.448822
0.479813
0.584641
0.664902
0.337433
-0.0726166
-0.201416
0.630997
-0.125595
0.224487
-0.241135
0.0582123
0.0904236
0.020752
-0.0467072
-0.00221252
0.0185547
-0.056427
-0.066391
0.00993347
0.0159149
0.00395203
-0.0185547
-0.0236359
-0.00280762
-0.0320435
-0.0508423
0.0182648
0.0200958
0.0065918
-0.00740051
-0.0186615
0.0287781

[19]
-0.00146484
0.004776
-0.0270691
-0.20163
-0.266037
-0.17424
-0.357971
-0.551056
0.0143738
-0.427628
-0.437103
-0.55188
-0.383438
-0.209366
-0.113403
-0.0487671
-0.0753021
-0.0402374
-0.0124664
0.0220642
-0.037674
-0.0551605
-0.0747986
-0.0275116
0.100418
0.154602
0.175781
0.181946
0.253632
0.356064
0.430603
0.542023
0.839386
0.419449
0.167984
0.223419
0.105942
0.639481
-0.338837
0.0104523
-0.109619
0.133163
0.0386353
-0.00675964
-0.00486755
0.0161285
-0.0356903
-0.184769
-0.0727997
0.0426788

[20]
0.0615997
-0.0116577
-0.0877533
-0.00149536
0.0300903
-0.0092926
-0.0363922
-0.0163574
-0.0109406
0.000167847
-0.0174408
-1.52588e-05
-0.0150757
-0.008255
-0.0149994
-0.116394
-0.194656
-0.158752
-0.340302
-0.533066
-0.246353
0.0262756
-0.406876
-0.440674
-0.492691
-0.224716
-0.0995636
-0.0897675
-0.129684
-0.0850983
-0.00680542
-0.0295715
-0.0229645
-0.0878601
-0.0870056
-0.0811005
0.00747681
0.0662689
-0.00102234
-0.197571
-0.27356
-0.27948
-0.30571
-0.0990295
0.28833
0.48114
0.548523
0.814331
0.587357
0.0480957

[21]
0.284912
-0.234818
-0.279907
-0.0135345
0.0984497
0.0509949
0.180679
0.0265808
-0.162338
-0.149567
0.0380707
0.0844727
-0.0189056
-0.0518341
0.00137329
0.0413971
0.0329895
0.0232239
0.0213928
0.0293427
0.0473938
0.0276947
0.00752258
0.0244293
0.00596619
0.0222626
0.0316315
0.0218353
-0.0986023
-0.244064
-0.230865
-0.390686
-0.511353
-0.0250549
0.159683
-0.306259
-0.562027
-0.477478
-0.250885
-0.246338
-0.0160828
-0.0334015
-0.0600586
-0.0413666
0.0134583
-0.00674438
-0.0248718
-0.00358582
0.018158
0.0620422

[22]
-0.0324097
-0.21167
-0.229248
-0.0511169
0.120667
0.170639
0.247345
0.419449
0.449768
0.532425
0.837662
-0.123032
0.672424
-0.668884
-0.0121155
-0.0453491
0.078064
0.215286
0.205872
0.022049
-0.199463
-0.143494
0.125076
0.109726
0.00563049
-0.0230865
0.00611877
0.0660553
0.0670319
0.0484161
0.00971985
0.046402
0.0381775
-0.0125122
0.00808716
0.0184326
0.0643463
-0.00419617
0.0273743
-0.0286865
-0.0999451
-0.220184
-0.244385
-0.578445
-0.280685
0.0601501
-0.363754
-0.418594
-0.399292
-0.11499

[23]
-0.139236
-0.0746765
-0.12677
-0.108887
-0.100861
-0.0617676
-0.03302
0.00567627
0.00613403
0.0195465
0.0267334
0.082489
0.0148926
-0.135971
-0.156586
-0.0654755
0.00538635
0.299026
0.522278
0.629929
0.51532
0.420578
0.227905
0.257599
0.277252
-0.0369568
0.0542755
-0.269226
0.019928
0.153427
0.0513
0.0488586
0.0634613
-0.015152
-0.059433
-0.0834198
0.0364685
0.0622406
-0.000732422
-0.0586395
-0.0290527
0.0248413
0.00749207
0.0105743
0.0120697
0.0166626
0.034317
0.0120544
0.00100708
0.0295258

[24]
0.0692596
0.019577
-0.0197449
-0.0243378
-0.0866852
-0.228485
-0.27533
-0.294357
-0.203247
0.0372925
-0.164352
-0.452133
-0.651932
-0.398972
-0.168274
-0.154831
-0.0850372
-0.126816
-0.0879517
-0.0144958
0.0163116
-0.0575409
-0.0777893
-0.172043
-0.0696259
-0.0955658
-0.17157
-0.235535
-0.20993
-0.183121
-0.0313263
0.153992
0.474991
0.536911
0.581924
0.616974
0.811249
0.286926
0.270981
-0.227112
-0.204102
-0.0881348
0.0382843
0.0418854
0.0896759
0.0411224
-0.0261078
-0.0778046
-0.121796
-0.097168

[25]
0.10849
0.110641
0.0241547
-0.0375671
-0.0137024
0.0338898
0.0300903
0.00552368
0.0215149
-0.0447083
-0.000778198
0.0211792
0.0134277
0.00340271
-0.00938416
-0.0127258
-0.0171356
-0.065979
-0.179428
-0.253403
-0.366821
-0.222748
0.162872
-0.260071
-0.37204
-0.571686
-0.451324
-0.219025
-0.166504
-0.0634003
-0.0781708
-0.0795593
-0.0833893
-0.0625916
-0.0559387
-0.133774
-0.102585
-0.0535278
-0.0713348
-0.0777435
-0.126678
-0.197632
-0.0583191
0.140564
0.437683
0.725235
0.568436
0.343414
0.421661
0.541428

[26]
0.237534
0.354935
-0.135574
-0.309875
-0.200821
0.139725
0.0739288
0.0486908
0.0829773
0.0146179
-0.0309906
-0.0879517
-0.055954
0.0716095
0.134171
0.0493164
-0.00695801
-0.00102234
-0.0195465
0.0450287
0.0382538
-0.0135345
-0.0465393
0.0234375
-0.00218201
0.0358887
0.0508118
0.0279388
0.0180664
-0.04245
-0.124084
-0.150726
-0.112961
-0.194901
-0.557495
0.113052
-0.288956
-0.33136
-0.48671
-0.395859
-0.17395
-0.131363
-0.0502625
-0.119385
-0.111511
-0.109695
0.00514221
0.0845032
0.016098
-0.0572968

[27]
-0.0150604
-0.0349274
-0.0180969
0.0786591
0.0225677
0.0563812
0.181824
0.25885
0.448807
0.832703
0.80426
1.10056
-0.136719
0.495453
-0.213211
0.122986
-0.0430145
0.0091095
0.0465698
-0.0137939
0.0748901
0.0189209
-0.161194
-0.138992
0.056076
0.147522
0.0836792
0.0179749
0.015976
0.0570221
0.0670319
0.0461273
0.0643768
0.0523071
0.0296021
0.041687
0.0311279
0.0251312
0.0386963
0.0234833
0.0390778
0.0153961
-0.055069
-0.0874939
-0.31366
-0.744888
-0.0830536
0.0727692
-0.393631
-0.598221

[28]
-0.417114
-0.168655
-0.12001
-0.0297241
-0.0887604
-0.0984497
-0.094162
-0.0730133
-0.0418396
-0.0727234
-0.0788574
-0.168228
-0.0210876
0.0280609
-0.0241241
-0.0451202
-0.0481262
0.0131989
0.0818634
0.488571
0.819473
0.746613
0.632339
0.188919
0.463409
0.163742
-0.204407
-0.209229
0.136139
0.128433
0.0211639
0.0287476
-0.0338287
0.00413513
-0.0184631
-0.0992889
0.0328369
0.113449
0.098877
0.0218048
-0.0358734
0.022522
0.0364532
0.0179138
0.0119019
0.0512238
0.0357971
-0.0219727
-0.0045166
0.00421143

[29]
0.131805
0.0436096
0.0516052
-0.117126
-0.130951
-0.131363
-0.231064
-0.556732
-0.0437927
0.195236
-0.271347
-0.350662
-0.557068
-0.291702
-0.213181
-0.150635
-0.108154
-0.135254
-0.122833
-0.08284
-0.0385895
-0.0426178
-0.0433197
-0.0490723
-0.0772552
0.0179749
-0.00486755
-0.09198
-0.111053
-0.0533905
-0.0258636
0.268143
0.397598
0.598373
0.540558
0.556931
0.0236664
0.498886
-0.303894
-0.0776825
-0.0262146
0.164612
0.0765228
0.108612
-0.0190735
-0.0505219
-0.0939941
-0.145935
-0.0301056
0.145309

[30]
0.149841
0.0167236
-0.025589
-0.0245361
0.0333252
0.0676422
0.0528107
-0.0263062
-0.0202332
0.0428772
-0.000183105
0.048584
0.10173
0.0791168
-0.0644379
-0.111877
-0.120407
-0.212967
-0.36499
-0.206131
0.169464
-0.224258
-0.310349
-0.566391
-0.395279
-0.18811
-0.0614471
-0.113815
-0.121658
-0.096283
-0.0422058
-0.0840607
-0.109604
-0.147949
-0.118912
-0.0823975
-0.000442505
0.0132904
-0.0178528
-0.0483093
0.0250244
0.15477
0.373322
0.629257
0.602478
0.806152
0.722946
0.254013
0.478729
0.0165863

[31]
-0.0372772
-0.15802
-0.0115509
0.128799
0.0836487
0.0844574
0.0630035
-0.00265503
-0.109558
-0.0707855
0.0245972
0.14386
0.0437469
-0.0445099
-0.034256
0.0480347
0.0705109
0.0433044
0.020401
0.0224152
0.0235901
0.0389862
0.0265961
0.0232086
-0.0160065
0.0595093
0.0686798
-0.0858154
-0.220474
-0.321075
-0.403198
-0.564346
0.169022
-0.375259
-0.325577
-0.597305
-0.369415
-0.0867767
0.0456238
-0.055603
-0.108566
-0.0412598
0.0295868
-0.0299377
-0.0463409
-0.0986938
-0.099823
-0.0352783
-0.0235443
-0.0613403

[32]
-0.0765533
-0.0582733
0.00125122
0.0730591
0.311569
0.557602
0.819656
0.622574
0.672623
-0.209045
0.628815
-0.234665
0.208878
0.0189362
0.112595
0.0501099
-0.00421143
0.0619659
0.051712
-0.0487976
-0.0896606
0.0068512
0.0793762
0.0366821
0.014267
-0.0207367
0.044754
0.0589447
0.0908661
0.0656433
0.0417786
0.0322723
0.055481
0.0642853
0.0699005
0.133652
0.0419006
-0.00732422
0.0262909
-0.0116119
-0.123306
-0.394333
-0.646164
-0.368698
0.229126
-0.213669
-0.259247
-0.438339
-0.159302
-0.300476

[33]
0.00875854
0.105331
0.0250092
-0.0455475
-0.0807495
-0.0527039
-0.0634155
-0.0498657
-0.0356445
0.257812
0.0556793
-0.197311
-0.567368
-0.248154
0.0297089
0.0743408
-0.0589905
0.119614
0.5457
0.381607
0.667282
0.504105
-0.0742645
0.446671
-0.554276
0.141312
-0.010376
0.0894775
0.0658417
0.00765991
0.0525513
-0.0136566
-0.150314
-0.12677
0.110199
0.152237
-0.0180511
-0.0404205
-0.00535583
0.0137787
-0.00340271
-0.00526428
-0.0261841
-0.00364685
0.0238495
-0.00219727
-0.0270691
0.0113983
0.00747681
-0.0272827

