[1]
-0.0466461
-0.13855
-0.182419
-0.266983
-0.315216
-0.257568
-0.208878
-0.127228
-0.0858002
-0.210785
-0.267807
-0.278412
-0.0832214
0.12645
0.191284
0.107742
0.0106506
-0.0815125
-0.13916
-0.139648
-0.175705
-0.146805
-0.0936737
-0.129288
-0.141632
-0.186203
-0.0203247
-0.198349
0.116409
0.0500793
-0.0236664
-0.0364227
-0.0399017
-0.0725403
-0.0877686
-0.127426
-0.177231
-0.250427
-0.400085
-0.506424
-0.602539
-0.638077
-0.633362
-0.639877
-0.483459
-0.437851
-0.557266
-0.507126
-0.460922
-0.226486

[2]
-0.244186
0.31955
0.18161
0.268097
-0.235443
-0.493439
-0.35817
-0.170685
-0.209564
-0.231995
-0.116714
-0.0870972
-0.162094
-0.164413
-0.108521
-0.082962
-0.152679
-0.124634
-0.0836639
-0.0865936
-0.098114
-0.138321
-0.109055
-0.081665
-0.0670929
-0.0973663
-0.09935
-0.0817566
-0.0428009
-0.0774689
-0.000274658
-0.0365295
-0.0741119
-0.104034
-0.152939
-0.092926
-0.0684967
0.130859
0.205383
-0.191284
-0.441284
-0.295425
-0.214417
-0.208374
0.193176
0.192917
0.114105
0.0699158
0.0482941
0.020752

[3]
0.0187836
-0.0116119
-0.049469
-0.063858
-0.0497284
-0.142776
-0.371109
-0.458435
-0.569504
-0.80809
-0.835159
-0.678406
-0.570145
-0.592514
-0.097702
0.0246735
0.409363
0.430847
0.0568237
-0.125717
-0.448517
-0.313232
-0.20491
-0.168564
-0.0365906
-0.105347
-0.085022
-0.137375
-0.167984
-0.112595
-0.0372009
-0.0154419
-0.0743713
-0.12619
-0.0991364
-0.0814056
-0.065979
-0.0462189
-0.07547
-0.0839233
-0.102875
-0.114304
-0.106796
-0.0752258
-0.0969086
-0.0209656
0.060318
0.155441
0.133911
0.0422363

[4]
-0.099762
-0.0555115
0.160233
0.244736
-0.155701
-0.320328
-0.193161
-0.445114
-0.0834503
0.122177
0.177658
0.13353
0.00628662
0.0173798
-0.0144196
-0.0130615
-0.031311
-0.0367279
-0.0606079
-0.0837708
-0.214554
-0.371948
-0.577423
-0.974319
-1.04636
-0.460297
-0.644638
-0.0346375
0.304092
0.848251
0.3311
-0.198944
-0.65535
-0.303009
-0.190231
-0.0208435
-0.0694122
-0.0256348
-0.111237
-0.223145
-0.0836639
-0.0624542
-0.0495605
-0.0768585
0.10701
-0.0681305
-0.0409546
-0.201706
-0.0505676
-0.0232239

[5]
-0.0523682
-0.00761414
0.027298
-0.0131226
0.0393524
-0.0146332
-0.00686646
0.0312653
0.0413208
-0.233185
0.266052
0.108337
-0.36554
-0.52153
-0.273422
-0.485764
-0.143661
0.0899658
0.200485
0.136276
0.0645752
0.0705261
0.0953827
0.126205
0.0932007
0.0727539
0.0342712
-0.0183105
-0.222778
-0.397476
-0.786011
-1.21536
-0.903793
-0.594788
-0.290741
0.0461121
1.08821
0.0581665
-0.232056
-0.646179
-0.259995
-0.140503
-0.254059
-0.0648346
-0.0498962
-0.0588531
-0.0642853
-0.148636
-0.0808411
0.0220032

[6]
0.0138397
-0.0729675
-0.098587
-0.0635834
-0.0221863
-0.0278473
-0.0232544
-0.0370636
-0.0446167
0.00172424
0.0195465
0.00747681
-0.0158691
-0.00863647
0.0176392
0.0672455
0.0448303
0.00476074
-0.0209351
0.0972137
0.260269
-0.149338
-0.371155
-0.231812
-0.290436
-0.393021
0.0498199
0.137436
0.0483704
-0.00752258
0.0192871
0.0522919
0.0353394
-0.00831604
-0.0505829
-0.0845337
-0.139145
-0.298676
-0.432205
-0.541794
-0.655533
-0.910309
-0.995758
-0.684082
-0.620865
-0.621506
-0.217651
0.0400085
0.221237
0.389099

[7]
0.0670166
-0.146133
-0.489624
-0.26767
-0.0150604
-0.0901947
-0.0986633
-0.0587006
-0.0702057
-0.097641
-0.125473
-0.06633
-0.040741
-0.0292053
-0.05336
-0.0815277
-0.0791626
-0.0579681
-0.0341339
-0.0390625
-0.0554199
-0.0560608
-0.00891113
-0.0115967
-0.0581055
-0.0632019
-0.0544586
-0.0420227
-0.0363464
0.0152893
0.0737
0.0967255
0.00572205
-0.0353851
-0.0578918
-0.0996246
0.276474
0.428543
-0.0285187
-0.311844
-0.20903
-0.149841
-0.228134
0.114151
0.174194
0.16507
0.0768127
0.076004
0.096344
0.0683136

[8]
0.0500641
0.00245667
-0.0280762
-0.0511932
-0.130356
-0.337646
-0.440567
-0.534958
-1.00137
-1.49748
-1.07622
-0.416946
-0.079483
0.43129
0.131516
0.0408478
-0.135712
-0.413818
-0.291504
-0.211884
-0.12326
-0.104813
0.0182343
-0.016037
-0.0929718
-0.159714
-0.0788574
-0.04422
-0.0217743
-0.0545654
-0.0588837
-0.0608978
-0.0168915
-0.0116882
-0.0220795
-0.0218201
-0.0381012
-0.0317841
-0.00482178
-0.0324402
0.0387726
0.0353699
0.0720367
0.0684204
-0.0847168
-0.0469208
0.00297546
0.235428
0.333359
-0.235992

[9]
-0.599884
-0.284485
-0.240051
-0.0938416
0.173996
0.306137
0.24556
0.204086
0.193878
0.176819
0.0447235
0.115768
-0.0943146
-0.157684
-0.215332
-0.358871
-0.770523
-0.738907
-1.00635
-1.3112
-0.953278
-0.953308
-0.18103
0.319214
1.21225
-0.185928
-0.594086
-0.381531
-0.239151
-0.13588
-0.129181
0.0425873
-0.00398254
-0.0660858
-0.204895
-0.0939941
0.00874329
0.012085
-0.0644226
-0.0422363
-0.0109711
-0.0100555
-0.0205231
-0.0500488
-0.0400391
-0.0384216
-0.0223846
-0.0279694
0.0122833
0.014267

[10]
0.0188599
-0.0306854
0.0251007
0.0540161
0.0112152
-0.0965729
-0.0637817
-0.236145
0.150818
0.353043
-0.219742
-0.355011
-0.155685
-0.085083
0.0493774
0.250061
0.245911
0.192123
0.130875
0.101669
0.03125
-0.0014801
-0.0459747
-0.0918121
-0.0933228
-0.123001
-0.179871
-0.382233
-0.586029
-0.524704
-0.543182
-0.323105
-0.669342
-0.362137
0.0650482
0.616791
0.575317
-0.00219727
-0.417313
-0.379807
-0.302826
-0.15979
-0.0631561
-0.0288239
-0.062149
-0.0906982
-0.1185
-0.182922
-0.00138855
0.0711365

[11]
0.0100098
-0.0903473
-0.0639038
-0.00727844
-0.0138397
-0.0322723
-0.0558319
-0.0457916
-0.0372009
-0.0364227
-0.0431976
-0.0301208
0.0428772
0.0506897
-0.00296021
-0.0445862
-0.0662842
0.0270233
0.0484009
0.106277
0.456818
-0.0583344
-0.462936
-0.329086
-0.176178
-0.0709381
0.182877
0.22728
0.150528
0.0687561
0.118652
0.0899506
0.034668
-0.0122681
-0.00431824
-0.0580139
-0.130295
-0.187698
-0.387451
-0.561523
-0.540344
-0.700241
-0.816986
-0.693634
-0.390274
0.0344849
0.555038
0.824936
-0.0714874
-0.147736

[12]
-0.52417
-0.367828
-0.142853
-0.0410919
-0.0226288
0.0332031
-0.0527191
-0.182999
-0.119522
0.0265198
0.00352478
-0.0519257
-0.0582581
-0.0210876
-0.00619507
-0.000991821
-0.0219116
-0.0205994
-0.0173187
0.00790405
0.00561523
0.0107117
0.0479584
-0.0135193
-0.00164795
0.0162659
0.0386505
0.0344086
-0.0478821
-0.0869446
-0.0648346
0.493149
0.0316772
-0.507584
-0.223694
-0.282806
-0.250336
0.204956
0.208206
0.237152
0.145447
0.142532
0.151154
0.153442
0.117081
0.115524
0.118454
0.0474091
0.109177
-0.217728

[13]
-0.448929
-0.670624
-1.06209
-0.877991
-1.11569
-0.847733
-0.288528
0.688614
-0.0945282
-0.160767
-0.228806
-0.251282
-0.192413
-0.121078
-0.124146
0.0258179
-0.00363159
-0.0660706
-0.142288
-0.0755615
0.0217438
-0.00265503
-0.0462494
-0.0514526
-0.0368805
-0.0109406
-0.0240021
-0.0389404
-0.0157471
-0.010498
-0.00805664
0.00984192
0.0374908
-0.000473022
0.0143433
0.0299835
0.0405273
0.00132751
-0.0392151
-0.0473633
0.0933075
0.2565
0.480118
-0.0168152
-0.346268
-0.300217
-0.226608
-0.343994
0.113083
0.117676

[14]
0.114639
0.0232391
0.0300751
0.0437012
0.0231476
-0.0149689
-0.0283966
-0.0270233
-0.0239105
-0.136627
-0.309692
-0.393555
-0.497406
-1.03134
-1.32324
-0.911194
-0.222168
1.25835
0.170166
-0.225113
-0.536667
-0.206528
-0.224457
-0.0745239
-0.0374298
0.149948
0.056366
-0.155701
-0.320938
-0.0121002
0.168716
0.0220032
-0.10173
-0.103577
-0.0267487
-0.00837708
-0.0145569
-0.0312653
-0.048233
0.00404358
0.0184479
0.0187378
0.0198059
0.0424042
0.0577087
0.0808258
0.0648346
0.00956726
-0.0180664
-0.0102539

[15]
0.0401764
0.101639
0.410828
-0.0909729
-0.289139
-0.167831
-0.42337
-0.227158
0.227219
0.272278
0.207321
0.0836792
0.0670166
0.0796051
0.0923462
0.052063
0.00379944
-0.0886993
-0.112793
-0.131393
-0.30925
-0.471313
-0.531815
-0.764847
-0.657852
-0.382782
-0.284973
-0.130234
0.457764
1.17601
0.137589
0.0924988
-0.57077
-0.410385
-0.144394
-0.084549
-0.0315399
0.00505066
-0.0616608
-0.0660706
-0.0988159
-0.0490112
-0.00445557
-0.0110016
-0.0210266
-0.0332642
-0.0368652
-0.0291138
-0.0278473
-0.038147

[16]
-0.0432434
-0.0383911
-0.0238953
-0.0436249
-0.0201569
0.0534058
0.108536
0.0858459
0.0253906
-0.0279846
-0.112045
-0.00285339
0.291183
0.32608
-0.18663
-0.347305
-0.202301
-0.0457306
0.128769
0.303558
0.233704
0.212753
0.117798
0.0930939
0.0746307
-0.0142517
-0.0655212
-0.0640869
-0.076004
-0.137726
-0.310989
-0.456345
-0.523132
-0.493668
-0.600754
-0.509277
-0.473785
-0.0640869
0.776749
0.985977
-0.0687866
-0.105331
-0.548706
-0.314056
-0.192413
-0.0123596
-0.00172424
0.0431366
-0.121552
-0.160309

[17]
-0.13028
0.0733337
0.0412292
-0.059433
-0.0911407
0.0999451
-0.0528717
-0.00343323
-0.0158691
-0.00267029
-0.01091
-0.0249329
0.0107422
0.00593567
0.0276031
0.034317
0.0466614
0.0587311
0.0428772
0.0262451
0.0145874
0.0305939
-0.0735931
0.250351
0.123444
-0.165146
-0.607849
-0.220367
-0.188477
-0.132706
0.186676
0.184784
0.12886
0.0460052
0.0569458
0.0779724
0.082901
0.0448151
0.0309448
-0.010376
-0.0372009
-0.218704
-0.238205
-0.450821
-0.429245
-0.73703
-0.459274
-0.28035
-0.18071
0.265198

[18]
1.12105
0.116211
-0.132339
-0.519272
-0.1996
-0.110077
-0.11554
-0.021225
-0.0395355
-0.0639191
-0.0442963
-0.0675354
-0.0472565
-0.015274
0.0125122
-0.0338593
-0.0305481
-0.0269775
-0.0131531
0.0308838
0.0112457
0.0161896
-0.00411987
0.00968933
0.0195923
0.0392761
0.0425873
0.0325012
0.0610962
0.0157471
-0.019577
-0.125412
-0.219406
0.189377
0.6353
0.118637
-0.429703
-0.400284
-0.168457
-0.107712
-0.00645447
0.236649
0.247864
0.154861
0.0665131
0.0660858
0.0869141
0.0455475
-0.00616455
-0.0544586

[19]
-0.094162
-0.116837
-0.298767
-0.504745
-0.450424
-0.493729
-0.690338
-0.862976
-0.59198
-0.177826
0.11557
0.991348
0.249054
-0.084198
-0.196152
-0.535721
-0.263733
-0.0543518
-0.0304871
-0.0150299
0.017868
-0.0694733
-0.10025
-0.0900726
-0.0286865
0.0341034
0.0128784
-0.0333252
-0.0660248
-0.0141602
0.0126801
-0.00311279
-0.0291138
-0.0297394
-0.0210266
-0.00820923
-0.00440979
0.00109863
-0.0125732
0.00805664
0.052475
0.0317841
0.0319519
0.0120087
-0.112473
-0.111694
0.432236
0.48526
-0.0694885
-0.436417

[20]
-0.357178
-0.339661
-0.10556
0.249344
0.176697
0.142258
0.0416718
0.0961761
0.098938
0.0943756
0.056427
-0.0465851
-0.0872498
-0.128891
-0.172897
-0.212234
-0.291885
-0.447525
-0.600098
-0.941193
-0.701828
-0.656601
-0.105698
0.217148
0.913254
0.283676
-0.0629578
-0.314987
-0.517685
-0.17775
-0.0292358
0.0481415
0.0445251
-0.0244446
-0.0739136
-0.107254
-0.0970154
0.0391693
0.0552673
0.00622559
-0.0693054
-0.0310974
0.0150604
0.0296478
-0.0248108
-0.0420074
-0.043457
0.00880432
-0.00947571
-0.0192261

[21]
-0.0117035
0.0612488
0.123901
0.112885
0.0445251
-0.0686493
-0.123383
-0.115585
0.0520325
0.424835
0.230118
-0.0688171
-0.375504
-0.486191
-0.214569
0.233994
0.190048
0.203049
0.0937347
0.105698
0.101654
0.101517
0.104721
0.114059
0.107834
0.0832367
0.0407104
-0.0664978
-0.203903
-0.579208
-1.18369
-1.03458
-0.961288
-0.363434
0.492523
0.424271
0.0474548
0.207657
-0.289749
-0.295319
-0.155365
-0.100052
-0.0407104
-0.0513916
-0.0331573
-0.0372314
-0.0841217
-0.114853
-0.0164642
0.00663757

[22]
0.0010376
-0.0470123
-0.0435638
-0.0298462
-0.0282745
0.0547485
0.0576324
0.00524902
-0.0209961
-0.0349274
0.00300598
0.0228577
0.0206757
0.0231018
0.0656128
0.0777893
0.0335693
-0.128754
-0.244446
-0.0852509
0.488342
0.53334
-0.105972
-0.320221
-0.257019
-0.236191
-0.158478
0.198456
0.235443
0.20369
0.147278
0.124634
0.129013
0.123672
0.0605469
0.0580444
0.0196075
0.0275116
-0.21283
-0.265869
-0.441605
-0.610565
-1.10374
-0.78923
-0.713623
-0.362671
0.557236
0.746964
0.0938873
-0.216217

[23]
-0.249771
-0.192154
-0.158752
-0.085022
-0.0253448
0.00202942
-0.0410004
-0.143387
-0.12587
0.018219
0.0488434
-0.0329437
-0.0466919
-0.00524902
0.00131226
1.52588e-05
-0.0518646
-0.0268402
0.00634766
0.0138092
0.00605774
0.019043
0.0258179
0.0457153
0.0902405
0.106766
0.112747
-0.0299225
-0.15657
-0.369095
0.151154
0.439667
-0.0610504
-0.438171
-0.0922394
-0.262939
-0.14418
0.179352
0.173233
0.189056
0.1371
0.0738983
0.049942
0.153473
-0.0146637
-0.130157
-0.154831
-0.187744
-0.512482
-0.697021

[24]
-0.7686
-0.832275
-1.08751
-0.735931
-0.303223
0.346634
1.28018
0.231369
0.112015
-0.732773
-0.441437
-0.103363
-0.146439
0.0608215
0.120224
-0.0475006
-0.123199
-0.222137
0.0823975
0.0926056
-0.0192261
-0.0693207
-0.037674
-0.00506592
0.022522
0.0136566
0.009552
0.00228882
0.022522
-0.0111389
0.0117645
0.0118408
0.0367737
0.048584
0.046051
0.0443573
0.0210266
-0.0655212
-0.0554504
-0.0353546
0.369781
0.441299
-0.0494537
-0.451401
-0.317062
-0.221313
-0.110535
0.187668
0.177292
0.186905

[25]
0.0841827
0.0262451
0.0692749
0.0469818
-0.000991821
-0.0521851
-0.100815
-0.104126
-0.134308
-0.272614
-0.384445
-0.34903
-0.387039
-0.623489
-0.680405
-0.239227
0.122253
0.422409
0.779755
0.122574
-0.0183105
-0.435257
-0.277496
-0.103699
-0.0648956
-0.0126648
0.0111084
-0.0545654
-0.0768127
-0.131927
-0.0197601
0.0525665
0.00514221
-0.0372925
-0.0577087
-0.041687
-0.00175476
0.0115051
-0.021286
-0.00326538
-0.0195312
-0.0140533
-0.00338745
0.00149536
0.00170898
-0.0319366
-0.0150909
0.0200195
0.0305176
0.0210419

[26]
-0.0208435
-0.0670471
-0.0219574
0.0609741
0.0643005
0.407867
0.335709
-0.0691681
-0.479065
-0.20015
-0.188202
-0.129532
0.106339
0.16214
0.181961
0.103851
0.0357666
0.0310974
0.0154724
-0.00636292
-0.0705109
-0.116989
-0.11235
-0.143188
-0.322418
-0.394318
-0.384262
-0.507385
-0.716904
-0.661636
-0.280273
0.0975037
0.274124
0.105911
0.950623
0.0514221
-0.120956
-0.236267
-0.211868
-0.169037
-0.126617
-0.0214691
-0.0307159
-0.0190277
-0.07724
-0.079483
-0.0406342
0.0374146
-0.0032196
-0.0383453

[27]
-0.0581055
-0.0224152
-0.0565186
-0.0133514
-0.0143433
-0.0440826
-0.0313568
0.0282135
0.0150909
0.000701904
-0.0123749
-0.0112152
0.0356598
0.0782623
0.0440826
-0.0957489
-0.0688629
-0.151566
0.0332489
0.455994
-0.0467987
-0.414795
-0.303726
-0.263611
-0.00488281
0.226974
0.218185
0.185516
0.0722809
0.0811615
0.0474243
-0.00801086
-0.0798645
-0.100235
-0.136002
-0.185364
-0.167816
-0.26561
-0.451721
-0.383347
-0.638199
-0.974411
-0.575958
-0.44783
-0.159973
0.200668
0.918381
0.678024
-0.166351
-0.365051

[28]
-0.42865
-0.199448
-0.0917206
-0.00337219
0.0370941
-0.0042572
-0.0796204
-0.173645
-0.0476837
0.0282135
0.0114594
-0.0583496
-0.0237274
0.0113678
-0.0263824
0.00643921
0.0125885
-0.0271606
-0.0200348
-0.0447083
-0.019104
-0.0251007
0.0189209
0.0279083
0.0575409
0.0657196
0.0116272
0.0460205
0.00630188
0.0702667
0.218765
0.416702
0.104538
-0.215317
-0.423584
-0.395447
-0.225662
0.241318
0.222061
0.241272
0.162277
0.142136
0.129868
0.0846558
0.0371094
-0.00263977
-0.0569305
-0.127716
-0.177109
-0.415543

[29]
-0.546265
-0.614517
-0.685043
-0.640427
-0.503647
-0.121399
0.27095
0.510498
0.883362
0.000167847
-0.114258
-0.456299
-0.200592
-0.108902
-0.0815125
0.0560303
0.0140991
-0.0701294
-0.0750275
-0.0877991
0.0176544
0.00447083
-0.0464172
-0.049881
-0.00837708
0.00299072
-0.00654602
-0.0170441
-0.0141602
0.00700378
0.00549316
0.00343323
-0.0155487
0.0242767
-0.00492859
0.0224457
0.0133972
0.0462646
0.0889282
0.0457001
-0.0509949
-0.0344086
0.102615
0.605728
0.126923
-0.389252
-0.38446
-0.164825
-0.0855865
0.0446472

[30]
0.165009
0.216156
0.0923309
0.0347443
0.0334015
0.0347137
0.0111084
-0.0370483
-0.106766
-0.135101
-0.110535
-0.265793
-0.46521
-0.643951
-0.596405
-0.24437
-0.513199
-0.358917
-0.195206
0.335724
0.620743
0.0890045
-0.0832977
-0.364426
-0.220154
-0.161469
-0.0480347
-0.0276031
0.00895691
-0.012085
-0.0169373
-0.0833588
-0.0986786
0.0037384
0.0485229
0.0193024
-0.0532227
-0.0551605
-0.00921631
-0.000305176
-0.00782776
0.00454712
4.57764e-05
-0.00364685
-0.0150452
0.0257263
0.0318451
0.0380249
0.0920868
0.0987701

[31]
0.0557404
0.0447845
-0.136475
0.0278168
0.429535
0.611633
0.0296936
-0.373016
-0.28833
-0.377747
-0.321396
0.255692
0.248703
0.185638
0.0869293
0.0698853
0.0511017
-0.000900269
-0.113159
-0.208954
-0.245163
-0.311096
-0.633682
-0.856415
-0.793686
-0.678879
-0.517746
-0.543945
-0.339523
0.257172
1.44926
-0.23996
-0.235474
-0.301682
-0.236603
-0.297455
-0.0769348
0.135117
0.0934448
0.00834656
-0.12233
-0.21312
-0.00453186
0.0785217
-0.0108948
-0.0532532
-0.0185547
0.0300598
0.0440674
0.0112762

[32]
0.0492249
0.0564423
0.0831757
0.0854034
0.0516968
0.0391235
0.0453186
0.098526
0.113144
0.0920258
0.0721588
-0.0177612
-0.155869
0.30751
0.337418
-0.164642
-0.582642
-0.237762
-0.13768
-0.214996
0.189713
0.256104
0.173538
0.0419159
-0.011322
-0.0223236
-0.0296021
-0.0227966
-0.0825195
0.19696
-0.316055
-0.713638
-0.822525
-0.886429
-1.10211
-0.853424
-0.345551
-0.250885
0.462173
0.433807
0.541565
0.243347
0.502884
0.130234
-0.442245
-0.283524
-0.0923309
-0.0695953
-0.0565338
-0.0360107

