[0]
0.70694
0.762924
0.88472
0.460648
0.981171
0.672211
0.184464
-0.110184
-0.433411
-0.406189
-0.329559
-0.138458
-0.191528
-0.14325
-0.0874176
-0.199097
-0.421692
-0.345749
-0.645462
-0.146179
1.03954
0.649185
0.432083
-0.715775
-0.688904
0.146271
0.29184
0.415161
0.732239
1.2323
1.23009
1.21304
1.18819
0.413666
1.21036
1.26627
1.32918
1.38573
1.43423
1.47102
0.99382
-0.255615
-0.522827
-1.12627
-0.463303
-0.260803
-0.801163
-1.33455
-1.54138
-1.49667

[1]
-0.200943
-0.0787201
-0.801392
-1.38803
1.04494
0.871948
-2.82574
0.374329
1.14557
1.16594
1.16571
1.15863
1.13437
1.12766
-1.14345
1.24574
1.30568
1.39087
1.47137
1.53568
1.58081
0.615326
-0.835449
-2.1546
-0.977554
-0.163376
-0.341904
-1.14427
-1.2946
-1.61356
-0.922653
1.08916
1.13805
1.15971
0.932037
0.709488
0.520569
1.07874
-2.92856
-0.407349
1.12836
1.16306
1.18614
1.18677
1.1674
1.15623
-0.650833
1.27483
1.35025
1.45412

[2]
1.56676
1.6689
1.76346
1.83492
0.459549
-1.39586
-2.21252
-0.996002
-0.253372
-0.123093
-0.304047
-0.876099
-0.959671
0.0680847
1.18066
1.24886
1.27534
0.118835
1.1909
1.12502
-1.48779
1.12683
0.801071
1.1644
1.17645
1.17952
1.15572
1.15135
-1.06384
1.25325
1.32127
1.41208
1.51578
1.6187
1.71323
1.78886
0.927872
-0.970947
-2.22052
-1.36131
-0.272247
0.0380554
-0.0121918
-0.75856
-0.690338
-0.134979
1.22682
1.31693
1.36505
0.369934

[3]
1.31403
1.21825
1.209
-2.84264
0.21611
1.16426
1.17827
1.19797
1.19376
1.18306
1.19821
0.767456
1.29652
1.3631
1.44537
1.53293
1.61736
1.69759
1.56226
-0.252899
-2.19772
-2.36133
-0.489685
0.00686646
0.136841
-0.234344
-0.546478
-0.805984
1.27501
1.37059
1.43869
1.09203
1.24254
0.81395
1.28955
-2.76898
0.749344
1.20461
1.20224
1.20021
1.1985
1.18515
1.1907
0.421677
1.28008
1.35075
1.43388
1.5284
1.61838
1.69745

[4]
1.62164
0.556793
-1.51311
-2.29703
-1.35066
-0.413895
0.0939484
-0.163757
-0.552002
-0.647034
-0.345306
1.30516
1.41815
1.49275
1.2825
1.43567
1.37349
1.28781
-2.778
1.19276
0.450424
1.15141
1.14388
1.14343
1.13922
1.14246
0.322998
1.19897
1.24521
1.31351
1.39484
1.47972
1.56918
1.64569
0.965347
-0.925079
-2.30992
-1.80524
0.0737762
-0.0290222
-0.231857
-0.676346
-0.428314
0.0721436
1.35315
1.4846
1.57516
1.34477
1.51266
1.4668

[5]
1.39255
1.30508
-2.77948
1.18581
1.16908
1.15991
1.16563
1.16273
1.15988
1.16623
1.04549
1.20671
1.24814
1.30734
1.37553
1.45088
1.52232
1.11636
0.400833
-2.396
-2.4749
-1.15298
-0.0948486
-0.278259
-0.423615
-0.459778
-0.0714111
0.393799
1.41956
1.54572
1.62061
0.86557
1.58177
1.48445
1.37137
-2.72064
1.21909
1.19737
1.18588
1.175
1.1761
1.1701
1.16698
-0.210312
1.18172
1.19917
1.23615
1.29153
1.35866
1.42769

[6]
1.49179
1.10341
-0.656982
-1.80064
-2.49326
-1.33691
-0.584335
0.253143
0.288223
0.080307
-0.137573
0.561356
1.46962
1.58536
1.64366
0.925659
1.02669
1.15289
1.42207
-2.6996
-0.502762
1.20488
1.18771
1.17659
1.17255
0.626648
1.17346
-0.682938
1.17815
1.18292
1.20081
1.23033
1.26395
1.3015
1.33669
0.623199
-0.861984
-2.20494
-1.47298
-0.676819
-0.137512
0.214828
0.0288086
0.217484
0.448181
1.42285
1.51909
1.57823
0.20845
0.423706

