[0]
-0.474197
-0.854065
-0.0587311
-0.175812
-0.547562
-0.757355
-0.202026
-0.28595
-0.688354
-0.793243
-0.504654
-0.474289
-0.311127
0.515457
1.39915
1.8781
1.91841
1.93411
1.90852
1.84634
1.75154
-2.29921
0.815323
1.16949
0.343292
0.320007
0.609283
0.401886
-2.60944
-0.162598
-0.50206
-2.00214
-2.15598
-1.87579
-0.548904
0.538467
-1.42778
-1.29878
-1.29279
-1.88557
-1.6825
-1.1797
-0.228973
0.00157166
-0.209564
-0.564545
0.0599213
1.13388
1.84038
1.92645

[1]
1.98865
2.00401
1.9637
1.89912
1.76425
-1.09015
-0.365967
0.712921
0.962006
0.308411
-0.671494
-2.37772
-2.47739
-1.26369
0.847382
-2.11322
-2.66974
-1.04289
-1.89462
-2.46788
-2.78407
-1.9736
-0.861526
0.192581
0.470612
-0.643631
0.0858459
0.25238
0.551056
1.8775
2.08521
2.17999
2.26476
2.30902
2.28076
2.17877
-0.0304108
1.93634
1.77095
1.35059
1.29503
0.515945
-0.66272
-2.23955
-2.55344
0.259949
1.39568
-2.67552
-2.52782
-1.30791

[2]
-1.60097
-2.85953
-2.91446
-2.89711
-2.06302
-1.10065
-0.408493
-0.566437
-0.932098
-0.536118
-0.770477
-0.539932
0.869858
1.97577
2.11392
2.23682
2.28004
2.21016
1.72798
-2.08041
1.7493
1.6274
1.5441
0.4478
-0.106537
-1.85406
-2.53307
1.474
1.39828
-2.39767
-2.5966
-1.77876
-1.74791
-2.61073
-2.92532
-2.92403
-2.03445
-1.36006
-0.384933
-0.065155
-0.888916
-0.432922
-0.652344
-0.555222
0.678375
2.02039
2.13376
2.27634
2.37941
2.35983

[3]
2.26318
1.9209
2.01663
0.520111
1.68582
1.58614
0.249161
-1.4946
-2.55708
-2.12492
1.42758
1.34471
-1.64557
-1.81181
-1.26849
-2.38545
-2.91982
-2.93089
-2.83478
-1.48167
-0.887115
0.146652
-0.855804
-0.368164
-0.774033
-0.431168
0.267136
1.77515
2.07161
2.20235
2.34085
2.364
2.30246
2.19258
-0.738266
1.9062
0.53511
-0.875015
0.439713
-0.38945
-2.52921
-2.51851
1.46941
1.38052
-1.88652
-2.23802
-1.48634
-2.01999
-2.82256
-2.93567

[4]
-2.94106
-1.7973
-1.41516
-0.698547
-0.0484161
-0.872864
-0.356567
-0.984787
-0.671783
0.627823
1.53883
2.13873
2.31493
2.43266
2.43689
2.37679
2.26445
1.00269
1.99413
0.677078
-1.3548
1.17329
-0.26947
-2.3902
-2.3916
1.59535
1.50122
-1.99825
-1.39383
-1.01234
-1.80614
-2.85364
-2.89481
-2.91205
-2.3844
-1.33871
-0.768738
-0.118454
-0.764023
0.275925
-0.601837
-1.17226
-0.585373
1.65781
2.08867
2.3539
2.48024
2.49463
2.44194
1.83513

[5]
0.250214
2.17139
0.621597
0.806076
1.68721
0.453354
-1.42352
-2.38953
-1.89246
1.58455
-0.0764923
-1.16487
-1.33287
-1.22871
-2.42502
-2.70731
-2.86914
-2.82385
-1.63533
-1.12067
-0.387421
-0.527283
-0.574158
-0.0485229
-0.236679
-1.03696
0.159149
1.81987
2.25903
2.40211
2.51645
2.49997
2.42126
1.91521
-1.7903
2.07597
1.59355
1.14967
1.14035
0.0704041
-1.49617
-2.35175
0.942719
1.62119
-1.5377
-1.22035
-1.18137
-0.969971
-2.218
-2.72086

[6]
-2.858
-2.73482
-1.58197
-0.620926
-0.09375
-0.889404
-0.564255
-1.22835
-1.09483
-0.406464
0.185104
1.33763
2.26334
2.38683
2.48941
2.48006
2.41071
1.62743
2.27864
-0.562561
2.0107
1.46581
0.274933
-0.980331
-1.93268
-0.863083
-1.78378
1.51846
-1.01762
-1.0554
-1.22519
-1.3969
-2.29593
-2.21841
-2.30984
-1.89894
-0.66835
-0.427429
0.315231
-0.456192
-0.405777
-0.634277
0.118301
0.457504
2.15028
2.21611
2.28593
2.39229
2.43446
2.36533

