[1]
0.968323
-0.112915
-0.0599213
-0.0279694
-0.0150452
0.0490112
0.153641
0.22139
0.282745
0.471741
1.64246
0.800339
0.947388
0.66156
0.677277
-0.691452
-0.26506
0.465454
0.743958
0.685837
0.575317
0.280472
0.13266
0.0177002
-0.0263062
-0.0358582
-0.159042
-0.391617
-0.580185
-1.13263
-1.81136
-2.11064
-2.67737
-2.6734
-2.17081
1.39722
0.548538
-1.29483
-0.302521
-1.16193
-0.826141
-0.523956
-0.450699
-0.0984802
-0.165573
-0.115128
-0.206284
-0.0377502
0.00578308
0.0413971

[2]
-0.148972
-0.180786
-0.103516
-0.0897217
-0.12233
-0.14061
-0.0937653
-0.0749664
0.0354156
0.0536041
0.0457153
0.120987
0.229065
0.223099
0.286392
0.556854
1.85362
0.859207
0.894104
0.595306
0.310608
-0.43782
0.0928802
0.605835
0.737488
0.63179
0.465714
0.284637
0.193848
0.100388
0.0347595
0.0478973
-0.101089
-0.329666
-0.711395
-1.39604
-2.21442
-2.36591
-2.67064
-2.65781
-1.65361
1.42238
0.338928
-0.996414
-0.470734
-1.16937
-0.587601
-0.462585
-0.238007
-0.14035

[3]
-0.0809937
-0.124817
-0.122879
-0.13353
-0.00482178
-0.0497437
-0.107712
-0.118851
-0.105774
-0.103973
-0.116241
-0.0299683
-0.0398102
0.00576782
0.0891418
0.080246
0.119385
0.165588
0.212555
0.217468
0.618164
1.56219
0.746536
1.28532
0.75209
0.743301
-0.496384
-0.341446
0.566544
0.974045
0.833496
0.698822
0.404892
0.241241
0.182922
0.104355
0.154465
0.0892487
-0.256821
-0.410843
-1.04832
-1.82904
-2.32843
-2.63226
-2.6311
-1.65631
0.444992
0.994492
-1.56195
-0.643921

[4]
-0.836319
-0.658875
-0.452667
-0.244751
-0.0626221
-0.0539856
-0.130508
-0.177292
-0.00566101
0.0501556
-0.0405579
-0.127884
-0.0502777
-0.0826416
-0.0749817
-0.10965
-0.0809174
-0.0558014
0.0180054
0.158463
0.119522
0.115234
0.196457
0.271332
0.303726
0.749481
1.93874
1.03584
1.15741
1.09743
0.219086
-0.498199
0.34729
1.00838
0.812866
0.588425
0.481323
0.285095
0.236542
0.115204
0.145218
0.152496
-0.389221
-0.634445
-1.38864
-2.13353
-2.58365
-2.64636
-2.64258
-2.28452

[5]
-0.250351
1.45911
-1.06294
-0.950974
-0.987671
-0.651367
-0.18692
-0.258255
-0.0717621
-0.111099
-0.122696
-0.0514679
0.00447083
0.129364
0.0191193
-0.0838776
-0.082962
-0.054657
-0.0362549
-0.0536652
-0.0748444
0.000869751
0.128769
0.0866394
0.121964
0.103134
0.216003
0.271378
0.335388
0.704773
1.77974
1.20937
0.920212
0.741104
0.45726
-0.821686
0.453476
0.939972
0.79454
0.725037
0.462814
0.273605
0.209244
0.169357
0.137115
0.0740662
-0.364929
-0.464905
-1.06439
-1.98779

[6]
-2.54907
-2.63065
-2.63464
-2.2177
-1.18744
1.49776
0.452316
-1.13272
-0.592316
-0.72139
-0.508713
-0.38089
-0.348801
-0.0776825
0.0783539
0.0139771
-0.181625
-0.0680542
0.0686035
0.0111542
-0.0740967
-0.0679474
-0.0217438
-0.0412292
-0.0825043
-0.0580292
-0.00222778
0.129623
0.158676
0.219818
0.226944
0.157761
0.251694
0.430145
0.737473
1.88301
0.917892
0.785187
0.827454
0.157425
-0.635208
0.00401306
0.785233
0.886871
0.797852
0.595657
0.34166
0.237625
0.138794
0.0747833

[7]
0.130341
-0.210922
-0.395706
-0.724243
-1.49379
-2.46869
-2.64407
-2.6584
-2.63373
-1.18213
1.46747
0.15181
-0.88974
-0.663773
-0.866364
-0.552811
-0.461655
-0.0321198
-0.109787
-0.0249176
-0.0649109
-0.205292
0.0884552
0.167618
-0.0848389
-0.122177
-0.057251
-0.00257874
-0.0275574
-0.0171661
-0.0214844
0.0200806
-0.0496216
0.102463
0.199066
0.162827
0.202682
0.259216
0.239288
0.300339
1.5833
1.50641
0.928833
0.752304
0.869354
-0.567902
-0.741653
0.325653
0.832062
0.888947

[8]
0.814606
0.531174
0.388275
0.240646
0.137238
0.129105
0.0420227
-0.379852
-0.692566
-1.00401
-1.87038
-2.37103
-2.58551
-2.58334
-1.87759
-0.144775
1.51859
0.133224
-0.719315
-0.456375
-0.815964
-0.563049
-0.343033
-0.15152
-0.0240631
-0.057251
0.0131531
-0.114838
0.10817
0.0839691
0.0672302
-0.0233612
-0.0453491
-0.0140839
-0.0200195
0.00508118
0.0362701
-0.00334167
-0.0231018
0.00558472
0.11763
0.161438
0.118546
0.13414
0.206177
0.28334
0.42926
1.52887
1.69336
0.88089

[9]
0.679092
1.02023
-0.52861
-0.555573
0.195114
0.751205
0.784119
0.770386
0.605988
0.390259
0.306488
0.1492
0.0980377
0.130219
-0.172928
-0.464828
-0.725082
-1.35718
-2.21324
-2.43422
-2.57666
-2.55791
-1.03172
1.53831
0.146942
-0.768234
-0.39534
-0.863968
-0.633224
-0.369507
-0.161087
-0.00941467
0.100067
0.000457764
-0.0439606
0.0693665
0.13765
0.0925903
-0.0264893
-0.020401
0.0309601
0.0102081
-0.0132751
0.0234985
-0.0358582
0.0341187
0.167755
0.15831
0.178833
0.188797

[10]
0.216873
0.261932
0.250275
0.822495
2.1516
0.90033
0.663345
0.920197
0.771011
-0.323654
-0.350006
0.594788
0.78978
0.760971
0.681564
0.448929
0.294434
0.181488
0.071701
0.100433
-0.108414
-0.344116
-0.671371
-1.30399
-2.2532
-2.60817
-2.62872
-2.60764
-1.18919
1.49567
-0.549606
-0.797531
-0.587051
-0.897385
-0.601669
-0.304962
0.0343628
0.0948181
0.0494843
-0.141174
-0.0814819
0.0617676
0.120407
-0.0342255
-0.0453186
0.0556793
-0.0236664
-0.0385742
0.021286
0.0375061

[11]
0.05513
0.0751953
0.147644
0.144012
0.230194
0.304947
0.28479
0.259064
1.3727
1.75867
1.09146
0.830704
1.17159
-0.143204
-0.554764
-0.183075
0.618195
0.907379
0.886871
0.750412
0.527542
0.327164
0.114014
0.112747
0.144318
-0.0563812
-0.343567
-0.634827
-1.45277
-2.25185
-2.30042
-2.55701
-1.86258
-1.02316
1.5712
-0.11618
-0.98407
-0.701904
-0.674805
-0.54332
-0.313797
-0.0168304
0.0479584
0.276962
0.0887146
-0.158829
0.111542
0.24852
0.156067
-0.0305023

[12]
0.0224152
0.0467224
0.0390778
0.0116882
0.0611572
0.0852661
0.213226
0.183182
0.195038
0.237503
0.319061
0.299164
0.350494
0.970337
1.74985
0.955978
1.06004
0.956268
0.567902
-0.38089
-0.484528
0.478806
0.902695
0.950882
0.894928
0.517609
0.372772
0.207855
0.189651
0.188507
0.179062
-0.310104
-0.507416
-1.11214
-2.21085
-2.43591
-2.54485
-2.53059
-0.833496
0.766296
1.53169
-0.853348
-0.317871
-0.525513
-0.966675
-0.305542
-0.117218
0.168625
-0.00582886
0.0535431

[13]
-0.0834198
0.101868
0.164566
0.0757751
-0.0155182
0.0191803
0.0659637
0.0384521
0.0289459
0.0215607
0.0868683
0.129486
0.118317
0.234222
0.175446
0.203308
0.278305
0.350662
0.418564
0.963272
1.82579
0.852112
0.96283
0.88768
0.5065
-0.423355
-0.0186615
0.773529
0.942078
0.872498
0.708481
0.398376
0.242599
0.143646
0.0942535
0.0762634
-0.0454102
-0.338837
-0.79538
-1.48663
-2.31175
-2.42253
-2.56744
-2.2869
-1.27209
1.57216
0.725891
-1.08418
-0.314529
-0.673538

[14]
-0.747543
-0.254501
-0.269928
0.163025
0.144974
-0.0114594
0.0139923
-0.163559
0.00553894
0.0910339
-0.00608826
-0.0296936
-0.0020752
0.0675354
0.132919
0.0752563
0.0690308
0.00595093
0.169006
0.141998
0.241592
0.248581
0.305176
0.324203
0.315323
0.693588
1.63268
0.909363
1.08571
0.774841
0.994415
-0.146484
-0.613388
0.390793
0.82695
0.975952
0.795273
0.362991
0.163605
0.109024
0.0804749
0.0306702
0.0542297
-0.152451
-0.590012
-1.40013
-2.04149
-2.52452
-2.6577
-2.27649

[15]
-0.517761
1.06805
0.720154
-1.13399
-0.757339
-0.774216
-0.62439
-0.271011
-0.299866
-0.178436
-0.150208
-0.0363159
-0.14328
-0.14624
-0.0291138
-0.0959625
-0.0520172
-0.0411224
-0.0477448
-0.0326385
-0.0367584
-0.0534058
-0.0264282
0.00376892
-0.00233459
0.0896606
0.132416
0.147522
0.160599
0.166443
0.760452
1.71095
1.05191
0.991714
0.712067
0.791107
-0.274597
-0.686844
0.313843
0.809464
0.820282
0.638641
0.423401
0.169678
0.0241699
-0.0540771
-0.144791
-0.302124
-0.611115
-0.923813

[16]
-1.51253
-2.13348
-2.114
-2.62602
-2.60799
-1.08479
1.48178
-1.40639
-0.377335
-0.578415
-0.651566
-0.420258
-0.570312
-0.0510254
-0.101364
0.0518341
0.00959778
-0.118134
0.0334778
0.111588
-0.0294037
-0.110229
-0.0501404
-0.00366211
-0.104065
-0.0740356
-0.0195923
0.0115356
0.0718536
0.0742645
0.22847
0.210205
0.279861
0.336319
0.325821
0.653275
1.78711
0.908463
1.03189
0.848053
0.791275
-0.365921
-0.481583
0.571274
1.06224
0.948456
0.672226
0.289719
0.0610199
0.039032

[17]
-0.013916
-0.0203094
-0.372269
-0.555618
-1.04883
-1.88403
-2.4763
-2.63722
-2.63481
-1.93929
-0.373199
1.47302
-0.946014
-0.61113
-0.530334
-0.936325
-0.2854
-0.349487
0.0207367
0.0297699
-0.0488129
-0.12944
-0.0808258
-0.0382538
0.0417633
-0.0676422
-0.0886383
0.0469818
0.0391388
-0.0736847
-0.0226898
0.0411224
0.0474548
0.0757599
0.102402
0.127487
0.210281
0.262436
0.261169
0.249451
0.804352
1.96616
0.829803
0.802551
0.91185
0.653061
-0.479355
-0.434113
0.53392
0.804367

[18]
0.830002
0.734375
0.367233
0.147949
0.0237732
0.00740051
-0.0232544
-0.00790405
-0.285767
-0.588043
-1.1841
-1.84872
-2.0739
-2.649
-2.63596
-1.70518
1.43837
0.379761
-1.27769
-0.500732
-0.931107
-0.703369
-0.40686
-0.258163
-0.117554
-0.0291443
-0.0932617
-0.174255
-0.0457764
0.0306549
-0.0439911
-0.129913
-0.120316
-0.0787201
-0.0801086
-0.0823059
-0.087204
0.0243378
-0.052475
0.0283203
0.100586
0.131805
0.191895
0.225479
0.295166
0.295349
1.43748
1.52815
0.881912
0.859344

[19]
0.796158
-0.510406
-0.472275
0.689682
0.969452
0.732407
0.585281
0.388504
0.185028
0.117645
0.129105
0.126175
-0.106766
-0.472244
-0.865585
-1.47034
-2.40152
-2.52916
-2.60316
-2.45505
-2.11853
1.20465
0.381317
-1.3774
-0.52562
-0.613205
-0.534439
-0.4375
-0.175034
-0.168015
-0.13678
-0.112778
-0.0691833
-0.0183563
-0.00431824
-0.107224
-0.0836792
-0.103317
-0.132339
-0.0819702
0.00250244
0.0434418
-0.0787811
-0.0585022
0.0237427
0.170303
0.205795
0.270828
0.307114
0.325134

[20]
1.2762
1.86855
0.781448
0.682693
0.763535
-0.572235
-0.506424
0.59346
0.932587
0.749863
0.636032
0.404465
0.203018
0.191803
0.144058
0.121002
-0.211227
-0.401764
-0.789948
-1.39557
-2.29523
-2.58086
-2.59215
-2.62149
-1.92351
0.414062
1.35497
-1.57446
-0.542191
-0.97374
-0.61702
-0.456757
-0.2444
-0.0909119
0.0090332
-0.134674
-0.167953
-0.0185394
0.00932312
-0.0236359
-0.0606842
-0.00961304
-0.0346985
-0.0840912
-0.123016
0.000518799
-0.00740051
0.02771
0.0805664
0.126846

[21]
0.170654
0.200775
0.201263
0.251236
0.996384
1.76555
0.964905
0.898117
0.695786
0.478195
-0.735809
0.3535
0.834915
0.750412
0.593796
0.41684
0.191132
0.0891266
0.230347
0.0482941
-0.0322418
-0.16629
-0.64859
-1.25343
-1.38397
-1.55946
-2.64098
-2.65926
-2.40526
-1.54591
1.0296
1.2252
-1.614
-0.903519
-0.911163
-0.578796
-0.377594
-0.0505524
-0.0435181
-0.163406
-0.214828
-0.103882
-0.00402832
-0.0102844
-0.106827
-0.20961
-0.146988
-0.0875244
-0.111328
-0.0523987

[22]
-0.038681
-0.0428009
0.0235443
0.0546112
0.121109
0.173782
0.288635
0.317856
0.506668
1.60652
1.54297
0.785583
0.869827
0.57309
-0.451584
0.236771
0.869492
0.811142
0.572998
0.464508
0.255051
0.13028
0.0923004
0.126999
0.0869598
-0.0246429
-0.586945
-1.01782
-1.58586
-2.31253
-2.714
-2.71794
-2.46342
-0.854431
1.16225
0.883957
-1.19728
-0.905045
-1.36435
-0.460251
-0.570724
-0.0802917
-0.216522
-0.110626
-0.144409
-0.166748
-0.00408936
0.0161133
-0.133789
-0.177521

[23]
-0.151077
-0.154633
-0.0724792
-0.0220642
-0.0424652
-0.0551605
0.127472
0.00971985
0.0993958
0.119354
0.250183
0.237549
0.360657
1.82242
1.14427
0.848572
0.862564
0.84642
-0.529144
-0.328735
0.630127
0.838776
0.746872
0.636337
0.30191
0.168594
0.0675354
0.0413361
0.0681915
-0.180939
-0.421219
-0.941345
-1.67996
-2.47665
-2.57951
-2.65883
-2.62428
-1.10315
1.46683
-1.24422
-0.93187
-0.748352
-0.811676
-0.39389
-0.124466
-0.0322418
-0.0266876
-0.161652
-0.0792847
0.026535

[24]
0.139252
-0.0275574
-0.113663
-0.0653381
-0.0741272
-0.102661
-0.0526886
0.00132751
0.0336914
-0.0010376
0.11499
0.149231
0.202698
0.268173
0.321762
0.354156
0.566742
1.80652
0.929184
0.710144
0.706573
0.5616
-0.277222
0.404465
0.73877
0.631042
0.4505
0.327286
0.222656
0.149139
0.0345764
-0.032486
-0.00105286
-0.164795
-0.504959
-0.994583
-1.63412
-2.24467
-2.42471
-2.6414
-2.58289
-1.04338
1.48163
-1.00906
-0.960663
-0.685913
-0.581665
-0.569489
-0.402557
0.0145874

[25]
-0.0611267
0.100647
-0.0101013
-0.0124664
0.0351715
0.0390472
0.0449829
-0.00575256
-0.0359344
-0.0356293
-0.0370789
0.0495605
-0.0435181
-0.00857544
0.150696
0.102798
0.178528
0.214081
0.30806
0.300049
0.501678
1.70636
1.30852
0.878235
0.86879
0.864532
-0.347687
-0.301239
0.707031
0.901367
0.750885
0.645721
0.349777
0.274811
0.230865
0.235062
0.0669556
-0.142197
-0.431076
-0.924194
-1.79547
-2.51822
-2.59529
-2.59833
-1.75563
-1.40593
1.54005
0.120117
-1.12375
-0.841446

