[1]
-0.098938
-0.503754
-0.19812
0.7733
0.196869
0.318985
0.807159
0.828506
0.803619
0.758331
0.689941
0.646301
0.575577
0.481308
0.323929
0.024292
-0.252151
-0.62822
-1.14255
-1.19574
-1.24187
-1.09447
-0.888931
-0.746811
-0.446457
-0.676987
-0.762817
-0.771469
-0.262695
-0.249725
-0.103195
0.043335
-0.129623
-0.0787201
-0.159973
-0.0749207
-0.058075
-0.0291748
-0.0229034
-0.047699
-0.0301666
-0.0508575
-0.0512848
-0.0346222
-0.0298157
-0.0424652
-0.0677948
-0.0549774
-0.0801239
-0.0905151

[2]
-0.165146
-0.271881
-0.312408
-0.429596
-0.461929
-0.805496
-1.06615
-1.07716
-1.08864
-0.760468
-0.728607
-0.06073
0.719818
0.41655
0.481766
0.703964
0.757782
0.724655
0.701279
0.59906
0.511612
0.465988
0.357452
0.115448
-0.190216
-0.531067
-1.08597
-1.13174
-1.17352
-1.07089
-1.10828
-0.646576
-0.550522
-0.422897
-0.50032
-0.439941
-0.210846
-0.310623
-0.134735
-0.176193
-0.0038147
-0.0318756
-0.143448
-0.0175171
-0.0200348
-0.00328064
-0.00874329
-0.0424194
-0.00320435
0.0147705

[3]
-0.0272217
-0.0331726
-0.0303192
-0.0514984
-0.0767517
-0.0669098
-0.128586
-0.206924
-0.288696
-0.319077
-0.400986
-0.48526
-0.896179
-1.0717
-1.08899
-1.10643
-0.800873
-0.617722
0.479736
0.28447
0.157913
0.679352
0.810516
0.776459
0.730179
0.712967
0.633835
0.555786
0.475204
0.353424
-0.0274963
-0.0696716
-0.712814
-1.09019
-1.1412
-1.18808
-1.0676
-0.817169
-0.991684
0.604706
-0.195908
-0.620422
-1.1129
-0.179413
-0.38945
-0.20047
-0.0660248
0.0970917
-0.0492096
-0.0854034

[4]
-0.0337219
0.00294495
0.0267944
0.0144958
0.00631714
-0.0213623
-0.0262451
-0.0282135
-0.0367889
-0.0543213
-0.0781097
-0.114975
-0.0883636
-0.0778503
-0.157822
-0.248932
-0.336243
-0.443954
-0.42894
-0.78476
-1.07602
-1.09152
-1.10648
-0.807053
-0.566925
0.108856
0.48703
0.416092
0.502609
0.720337
0.761673
0.727554
0.706818
0.608917
0.559982
0.502838
0.40744
0.172287
-0.125153
-0.537537
-1.03152
-1.11261
-1.15393
-0.927505
-1.12645
-0.605011
-0.463196
-0.491898
-0.499191
-0.592957

[5]
-0.0685425
-0.29274
-0.138351
-0.131561
-0.0513763
-0.0487061
-0.120377
0.0298309
-0.0137634
0.0199585
-0.0301514
-0.0264893
-0.0115204
0.0255432
-0.00526428
-0.0150146
-0.0270996
-0.0633545
-0.0631561
-0.0309143
-0.065033
-0.157257
-0.208939
-0.277039
-0.332718
-0.364288
-0.526886
-1.08264
-1.09604
-1.11024
-1.12653
-0.797424
-0.625061
0.516708
0.155838
0.441101
0.602524
0.705261
0.716766
0.699432
0.671204
0.586655
0.49823
0.417084
0.299011
-0.094223
-0.361038
-0.749283
-1.07796
-1.11934

[6]
-1.15385
-0.782227
-0.741425
-0.530853
-0.101608
-0.50972
-0.868439
-0.20192
-0.324265
-0.142273
-0.0951691
-0.0353088
-0.00614929
-0.0729065
-0.0328369
0.00675964
0.0379639
0.0240479
-0.0185547
-0.0435944
-0.00280762
0.0012207
-0.0146332
-0.0243988
-0.0379944
-0.0546112
-0.0898895
-0.06073
-0.141541
-0.182526
-0.257095
-0.343719
-0.378174
-0.540848
-0.974075
-1.07956
-1.09544
-1.11002
-0.743042
-0.601547
0.41507
0.241669
0.158875
0.67424
0.704254
0.745636
0.673141
0.653549
0.584396
0.50412

[7]
0.405838
0.267853
-0.0363922
-0.319214
-0.772064
-1.09232
-1.14009
-1.17987
-0.91684
-1.06496
-0.500336
0.115463
-0.393143
-0.765182
-0.368027
-0.249191
-0.231415
-0.0867157
-0.0849609
0.0166321
-0.0801392
-0.102936
0.0378265
-0.0517578
0.0138397
0.00138855
-0.0292358
-0.0174103
0.000183105
-0.000320435
-0.015274
-0.0360565
-0.0318604
-0.0529633
-0.04422
-0.0485687
-0.132721
-0.193634
-0.329453
-0.413773
-0.46524
-0.805481
-1.06595
-1.07826
-1.09308
-0.974762
-0.650909
-0.306854
0.925507
0.214417

[8]
0.299973
0.658844
0.696747
0.731918
0.709167
0.677597
0.633682
0.562622
0.494049
0.357315
0.0445862
-0.239975
-0.685272
-1.08821
-1.13588
-1.17424
-1.1505
-0.758911
-0.299042
-0.67366
-0.701111
-0.44339
-0.244553
-0.111237
-0.0778961
0.00300598
-0.0828857
-0.046402
-0.0873566
0.00369263
-0.000534058
0.0085907
0.0127869
-0.0134277
-0.0310211
-0.00386047
0.0230103
0.0177307
-0.0139465
-0.0558929
-0.0537872
-0.0539398
-0.0548096
-0.0876465
-0.194565
-0.261612
-0.363968
-0.39801
-0.566254
-1.01556

[9]
-1.0753
-1.08788
-1.10419
-0.648743
-0.717133
-0.070694
0.738312
0.381424
0.364227
0.676193
0.688721
0.724976
0.732422
0.666809
0.604523
0.529312
0.432892
0.240784
-0.0661774
-0.49733
-0.998764
-1.10335
-1.14624
-1.17772
-0.820206
-0.696991
-0.175415
-0.505661
-0.456299
-0.551651
-0.218369
-0.120407
-0.146088
-0.069397
-0.099411
-0.0686493
-0.0919952
-0.0365448
0.0282288
-0.00131226
0.0170746
-0.0167084
-0.0231628
0.00038147
0.0169373
0.000305176
-0.00366211
-0.0472565
-0.0595551
-0.072052

[10]
-0.0632477
-0.111511
-0.185181
-0.270981
-0.373474
-0.446274
-0.624237
-1.07033
-1.08287
-1.09897
-1.11929
-0.557999
-0.527298
0.608978
0.16629
0.340836
0.703705
0.712479
0.765366
0.753311
0.712372
0.640198
0.558487
0.475433
0.343369
0.069519
-0.325089
-0.819656
-1.08331
-1.12907
-1.16577
-0.826859
-1.04631
-0.66008
-0.316544
-0.266708
-0.77858
-0.159714
-0.462967
0.0696869
-0.0350037
-0.095459
-0.0724792
-0.129074
-0.0670929
0.0205536
0.000534058
0.0615692
0.00115967
-0.0121155

[11]
-0.0379181
0.00396729
0.00300598
-0.0344086
-0.0549316
-0.0666809
-0.0861053
-0.0914917
-0.136353
-0.27449
-0.343369
-0.445709
-0.437866
-0.798309
-1.08545
-1.099
-1.11559
-0.786469
-0.709793
0.0167389
0.59314
0.504196
0.462952
0.685684
0.729309
0.727707
0.705948
0.642212
0.585358
0.527695
0.439529
0.219543
-0.0808563
-0.447769
-1.0051
-1.10344
-1.14748
-1.02586
-0.87706
-0.673874
-0.329895
-0.600922
-0.62793
-0.736511
-0.108093
-0.176346
-0.0906982
-0.0204163
-0.13974
-0.0392151

[12]
-0.0704346
-0.0520477
0.0163116
-0.0185699
0.0377502
-0.00514221
-0.000320435
-0.0238953
0.00476074
0.0162659
-0.0230865
-0.0236969
-0.0447693
-0.0859375
-0.082077
-0.146896
-0.223511
-0.313461
-0.349228
-0.445053
-0.588806
-1.08476
-1.09804
-1.11375
-1.13101
-0.703781
-0.495865
0.751587
0.149155
0.180191
0.703964
0.67485
0.724823
0.689178
0.650543
0.55043
0.44133
0.328186
0.126373
-0.200607
-0.626343
-1.07167
-1.11707
-1.15884
-1.03464
-0.971146
-0.676163
-0.0871582
-0.37767
-0.808762

[13]
-0.347244
-0.348129
-0.0564423
-0.0596619
0.0191345
-0.0177612
-0.0353241
-0.0798035
-3.05176e-05
-0.0299683
0.0140533
-0.00491333
-0.0261841
-0.0330048
-0.00454712
-0.012558
-0.0149841
-0.0293884
-0.041748
-0.0867615
-0.0772552
-0.0932617
-0.192673
-0.231842
-0.342438
-0.395615
-0.504593
-1.04369
-1.08104
-1.09712
-1.11107
-0.609604
-0.380096
0.497696
0.161606
0.256409
0.663559
0.711533
0.769836
0.714996
0.687653
0.597031
0.567337
0.47496
0.338409
0.0905304
-0.256805
-0.742569
-1.08093
-1.12868

[14]
-1.17044
-0.979294
-0.933441
-0.650162
-0.41835
-0.417877
-0.624664
-0.477005
-0.177002
-0.0862885
0.0878754
-0.0591125
-0.0392456
-0.0785828
0.00549316
-0.0305176
0.0101166
-0.0262756
-0.0163727
-0.0137482
0.0149384
0.0104523
-0.0106049
-0.0135498
-0.0507202
-0.0723114
-0.0334778
-0.0802307
-0.103821
-0.198593
-0.297272
-0.378952
-0.483658
-0.632111
-1.06882
-1.08246
-1.09636
-1.00774
-0.793884
-0.25769
0.867889
0.119995
0.25296
0.619507
0.669937
0.696106
0.701691
0.70108
0.669785
0.621857

[15]
0.582397
0.427948
0.19931
-0.15773
-0.709488
-1.08699
-1.13826
-1.18275
-1.19647
-0.92601
-0.663818
-0.60939
-0.639938
-0.316833
-0.201508
-0.256729
-0.159454
-0.0223541
-0.0991058
-0.0181122
-0.0548553
-0.00337219
-0.0160217
0.00114441
0.0282135
-0.00132751
-0.0258179
-0.0190887
-0.0115814
0.00556946
-0.00189209
-0.00608826
-0.0458374
-0.0667419
-0.0750427
-0.133667
-0.200012
-0.284576
-0.378494
-0.444275
-0.780792
-1.06932
-1.0843
-1.10164
-0.935471
-0.584702
-0.0577393
0.730301
0.524124
0.505508

[16]
0.731567
0.797913
0.755661
0.73288
0.608826
0.545044
0.411423
0.263992
-0.0359802
-0.358536
-0.805695
-1.0824
-1.12578
-1.16115
-0.898651
-0.713699
-0.654968
-0.0191956
-0.198318
-0.696655
-0.441879
-0.395813
-0.0502167
0.00172424
-0.0252533
-0.0773926
-0.0796814
-0.0812836
0.00726318
-0.0432281
0.0279541
-0.00613403
-0.0273285
-0.0383301
0.0018158
-0.000213623
-0.0169678
-0.0499725
-0.0873718
-0.0789795
-0.113785
-0.183258
-0.226959
-0.273697
-0.419952
-0.516495
-0.715836
-1.07646
-1.09125
-1.10991

[17]
-0.820648
-0.779022
0.26387
0.235672
0.263763
0.676132
0.639465
0.715576
0.687897
0.676712
0.608368
0.521057
0.432159
0.240387
-0.10437
-0.493149
-0.961288
-1.10889
-1.15504
-1.14433
-0.821991
-0.865982
-0.541214
-0.126816
-0.227127
-0.84082
-0.142853
-0.413147
-0.223022
-0.120117
-0.0544281
0.0275116
-0.0573578
-0.0917053
0.067749
-0.000717163
0.0507355
-0.00183105
-0.00686646
-0.036911
0.00332642
-0.003479
-0.0264282
-0.0657349
-0.0547638
-0.0874481
-0.0704346
-0.157608
-0.332977
-0.369217

[18]
-0.430695
-0.529968
-0.903168
-1.07079
-1.08595
-1.09991
-0.63559
-0.495163
0.594498
0.175995
0.0454102
0.678528
0.679626
0.737778
0.708313
0.685516
0.610367
0.52327
0.413803
0.219345
-0.162445
-0.451828
-0.914108
-1.11232
-1.15582
-1.12076
-0.849213
-0.666763
-0.719177
-0.435287
-0.35202
-0.679977
-0.148376
-0.273163
-0.0870972
-0.071991
-0.0348358
-0.0611267
-0.046402
-0.0421906
0.00177002
-0.0228424
0.0258636
-0.0206757
-0.025116
-0.00808716
-0.00843811
-0.02388
-0.0288239
-0.0302582

[19]
-0.0740204
-0.0812225
-0.0875549
-0.230682
-0.28746
-0.411102
-0.483734
-0.562286
-1.03395
-1.07935
-1.09554
-1.11246
-0.834747
-0.22142
0.943008
0.171814
0.183456
0.809052
0.775894
0.726669
0.689117
0.617554
0.484589
0.388794
0.225052
-0.0197601
-0.278732
-0.669617
-1.08908
-1.13232
-1.16908
-0.753418
-0.869827
-0.651474
-0.449112
-0.559174
-0.864838
-0.296967
-0.407562
-0.00178528
-0.0680847
-0.119507
-0.0644836
-0.0601654
-0.0904083
0.0343475
0.00471497
0.0533142
-0.0185547
-0.0259094

[20]
-0.0279541
0.0102081
0.00810242
-0.020401
-0.0387878
-0.0580902
-0.055191
-0.063736
-0.179626
-0.25621
-0.304642
-0.398773
-0.479401
-0.927658
-1.07468
-1.08882
-1.10498
-0.658386
-0.571716
0.482025
0.392365
0.0790253
0.444153
0.800079
0.708511
0.647293
0.649994
0.600723
0.476364
0.40744
0.205643
-0.0683746
-0.395233
-0.913254
-1.1156
-1.16202
-1.19153
-0.804092
-1.18956
-0.608902
-0.397354
-0.412674
-0.987808
-0.283218
-0.292007
-0.0769958
0.136093
-0.070282
-0.036911
-0.0957336

[21]
-0.0219574
-0.0684814
-0.00314331
-0.00839233
-0.00830078
-0.0263977
-0.00761414
-0.0331573
-0.0217896
-0.00895691
-0.0382233
-0.0871124
-0.0874176
-0.131271
-0.234955
-0.300232
-0.388123
-0.462753
-0.539841
-0.860107
-1.06949
-1.08647
-1.10301
-0.881546
-0.375366
0.858505
0.17424
0.207855
0.798309
0.834869
0.801575
0.760361
0.709656
0.596603
0.503418
0.431641
0.221588
-0.130676
-0.452759
-0.93161
-1.12057
-1.16331
-0.884567
-0.828125
-0.719131
-0.57222
-0.618912
-0.467514
-0.87146
-0.261642

[22]
-0.244476
-0.122452
-0.0217743
-0.0755463
-0.0680847
-0.0780029
-0.00527954
-0.0239105
0.0169678
0.0307007
-0.00140381
-0.0129547
-0.0368652
-0.0412903
-0.0190582
-0.0328217
-0.0729218
-0.0687408
-0.0803375
-0.0976105
-0.178406
-0.292389
-0.313843
-0.433701
-0.501175
-0.875183
-1.07048
-1.07867
-1.09653
-0.766373
-0.525787
0.587021
0.153915
0.375198
0.612289
0.711472
0.75769
0.762924
0.736816
0.642944
0.559891
0.487061
0.319214
-0.0125885
-0.368835
-0.885925
-1.11203
-1.15585
-1.1187
-0.876785

[23]
-0.646515
-0.67952
-0.616043
-0.924728
-0.383087
-0.453537
-0.124985
0.0447845
-0.0122833
-0.0309296
-0.102249
0.0210571
-0.032959
0.0142975
-0.0302734
-0.0214996
-0.0473022
-0.0115967
-0.0203705
-0.0490875
-0.0391388
-0.0517578
-0.113876
-0.117905
-0.14389
-0.154282
-0.227783
-0.400116
-0.537308
-0.559448
-1.06642
-1.07877
-1.09274
-1.06772
-1.07288
-0.246582
0.824036
-0.0290222
0.356689
0.833176
0.910461
0.864532
0.838821
0.760651
0.686417
0.606384
0.512192
0.392609
0.0773163
-0.332748

[24]
-0.829056
-1.11743
-1.1658
-1.19998
-1.03262
-0.992264
-0.192322
-0.582825
-0.62915
-0.383606
-0.105896
-0.19722
0.00856018
-0.0667877
-0.0648804
-0.0772095
0.0519867
-0.0478058
0.00531006
-0.00744629
-0.0200043
-0.0279083
-0.0247498
-0.0388489
-0.0259399
-0.0187683
-0.0611267
-0.103622
-0.0818329
-0.144333
-0.23671
-0.287933
-0.426315
-0.49118
-0.63356
-1.0625
-1.07484
-1.08914
-0.827087
-0.654495
0.210709
0.284256
0.299118
0.697372
0.705643
0.749405
0.685745
0.656235
0.527939
0.428223

[25]
0.332886
0.107498
-0.230179
-0.590118
-1.07773
-1.13251
-1.17654
-0.968933
-0.633621
-0.777908
-0.709427
-0.590591
-0.69165
-0.491867
-0.365341
-0.213364
-0.0896606
-0.0203552
-0.101212
-0.0297089
-0.0991211
-0.0067749
-0.0353241
0.0483093
-0.0246429
0.00311279
-0.0196686
-0.0162964
-0.0197906
0.00587463
-0.0277405
-0.0826569
-0.108231
-0.131012
-0.210327
-0.255188
-0.345062
-0.483704
-0.467239
-0.754684
-1.0712
-1.08484
-1.09851
-0.897247
-0.547134
0.605347
0.157608
0.207169
0.70607
0.778305

[26]
0.777435
0.749435
0.69696
0.593307
0.510391
0.355865
0.111618
-0.224869
-0.653214
-1.03587
-1.13696
-1.18274
-1.21722
-0.853134
-0.764832
-0.619354
-0.571747
-0.783798
-0.609848
-0.117615
-0.101257
0.0250397
0.0238953
-0.0969238
-0.045166
-0.00531006
-0.0148315
-0.026123
-0.013031
-0.00593567
-0.0307159
-0.032135
-0.00708008
-0.00354004
-0.0215607
-0.0372162
-0.0646057
-0.0676422
-0.120697
-0.18718
-0.281387
-0.346924
-0.404388
-0.481476
-0.831161
-1.06322
-1.07451
-1.08681
-0.84259
-0.587463

[27]
0.532822
0.518204
0.543076
0.56337
0.918518
0.833008
0.795868
0.722168
0.575714
0.512711
0.368713
0.186279
-0.172241
-0.577179
-1.04353
-1.12949
-1.17262
-0.863403
-0.782562
-0.692108
-0.556595
-0.356537
-0.305679
-0.825562
-0.248611
-0.387436
0.0343018
-0.0142517
-0.130524
-0.128052
-0.113571
-0.0045929
-0.00152588
0.00511169
0.0566864
0.00419617
-0.0471954
-0.041275
-0.0235291
0.00971985
-0.0227966
-0.0594635
-0.120911
-0.114456
-0.157242
-0.234879
-0.411575
-0.512985
-0.538116
-0.796341

