[1]
-0.714615
0.0265808
-0.0122375
-0.0235901
-0.0137329
0.00244141
-0.0214691
-0.0303192
0.0505219
0.0459137
-0.0115662
0.10318
0.245865
0.349854
0.420761
0.389023
0.35585
0.266449
0.173889
0.0604401
0.00268555
-0.0418396
-0.0987701
-0.15303
-0.216217
-0.271606
-0.32251
-0.337875
-0.421249
-0.432037
-0.40451
-0.483749
-0.523468
-0.597473
-0.46843
0.634232
0.452377
0.167755
0.0747528
-0.387619
-0.462433
-0.439499
-0.0970459
-0.0402832
0.0359344
-0.00923157
-0.0390472
-0.161896
-0.119034
0.00767517

[2]
0.110611
0.0577087
-0.039505
-0.078598
-0.0330811
0.0257721
0.00390625
-0.010376
-0.0248871
-0.00871277
0.0209503
0.0146942
0.0130157
-0.00650024
0.0334167
0.0556488
0.0802307
0.036972
-0.0353699
-0.0706024
0.0435486
0.154007
0.220306
0.276489
0.273758
0.230209
-0.0895996
-0.247879
-0.0794525
-0.111496
-0.0309143
0.260483
0.322418
0.311646
0.297119
0.264359
0.206268
0.158508
0.136261
0.135849
0.0656891
0.0459137
-0.12149
-0.375107
-0.659134
-0.745651
-0.863922
-0.784073
-0.306625
-0.543747

[3]
-0.820984
-0.294495
1.12263
0.202194
-0.199158
-0.0223999
-0.448959
-0.25882
0.0251312
0.0251923
-0.048645
-0.0654907
-0.0271454
-0.0995026
-0.0131836
0.0835571
0.0392456
-0.0279999
-0.027359
-0.022583
0.0299072
0.0248718
0.0380707
0.00222778
0.0168915
0.0196075
0.0474548
0.0412598
0.0747528
0.133453
0.103592
0.0844727
0.0720215
-0.0117493
-0.00804138
0.051651
0.098175
0.144455
0.246445
0.382965
-0.163559
-0.173691
0.186172
-0.119583
-0.0556946
0.316711
0.36026
0.310837
0.2397
0.185364

[4]
0.161606
0.109756
0.0514832
-0.0140381
-0.115356
-0.242645
-0.397217
-0.688675
-0.939163
-0.933365
-0.972061
-1.0103
-0.937424
-0.688599
0.786972
0.798935
-0.000457764
0.021347
-0.563614
-0.579346
-0.0650482
-0.0529022
-0.0734863
0.0258179
-0.0354767
-0.0453491
-0.146301
-0.0579987
0.0783844
0.0627747
0.00611877
-0.0235138
-0.0118866
-0.0199738
0.0161133
0.0275726
0.00656128
-0.0196838
0.00631714
0.079361
0.0855865
0.110107
0.0782623
0.0327301
0.0566254
0.0744019
0.0455017
0.194717
0.432816
0.297684

[5]
0.192459
-0.275208
-0.141266
-0.156891
-0.225464
0.368515
0.381805
0.323257
0.220154
0.190964
0.167923
0.117737
0.040863
-0.0154877
-0.0777893
-0.199615
-0.305557
-0.536636
-0.860779
-0.946136
-1.05481
-1.05092
-0.708633
-0.778641
-0.229599
1.194
-0.0681458
-0.120865
-0.118805
-0.56041
-0.307709
0.000305176
-0.0577698
-0.0776062
0.0454254
-0.0278473
-0.111496
-0.0938568
0.0705872
0.079422
-0.0170746
-0.0748291
-0.0196533
0.00469971
0.00692749
0.0153198
-0.0173492
-0.0299225
-0.00460815
0.0140381

[6]
0.0653076
0.0611115
0.099472
0.106583
0.146255
0.0906677
0.0249481
0.0604553
0.35611
0.498764
0.298553
-0.258286
-0.210648
0.0584564
-0.182968
0.0600281
0.263992
0.311707
0.273132
0.269302
0.238525
0.165344
0.058075
0.0237122
0.00808716
-0.0745544
-0.250748
-0.375183
-0.68811
-0.832047
-1.06947
-1.23912
-0.799301
-0.849625
-0.472931
1.34691
0.553024
-0.0804443
-0.0290222
-0.558975
-0.260818
-0.156693
-0.0760345
-0.0427094
-0.0724487
0.0110016
-0.135681
-0.100418
0.0374146
0.0807343

[7]
0.0209961
-0.0211639
-0.0573578
0.0405273
0.057785
0.0601959
-0.015213
-0.0559692
0.00196838
0.0478363
0.0711365
0.127121
0.096344
0.0258484
-0.00679016
-0.0188141
0.0761566
0.0840759
0.296875
0.482391
-0.112167
-0.300308
0.0506897
-0.12735
-0.196274
0.333954
0.336288
0.333618
0.284103
0.279404
0.210663
0.0877686
-0.016922
-0.0845795
-0.0778351
-0.154678
-0.318405
-0.624451
-0.970856
-1.11
-0.789886
-0.853424
-0.917542
-0.66066
0.257355
1.37354
0.0741119
0.0083313
-0.415497
-0.605194

[8]
-0.125061
-0.117294
-0.0950317
-0.00222778
0.0272675
-0.0539246
-0.146103
-0.0778961
0.0842743
0.0970917
0.000457764
-0.0698853
-0.0317078
0.0148773
0.0110779
-0.00138855
-0.00993347
-0.0231171
-0.0123138
0.0736542
0.0544739
0.0462189
0.0797882
0.0768585
0.060257
0.0527649
0.0252991
0.202423
0.347061
0.37149
-0.21962
-0.199768
0.129654
-0.262512
-0.270462
0.284103
0.323624
0.270477
0.263092
0.206543
0.0732727
0.0464935
-0.0571747
-0.0862579
-0.0482941
-0.10997
-0.307419
-0.686646
-0.912369
-0.877686

[9]
-1.01833
-1.0499
-0.661758
-0.413971
1.4034
0.543564
-0.141556
-0.306305
-0.547562
-0.407257
-0.0399323
-0.024292
-0.0177307
0.0265961
0.0210266
-0.0410919
-0.14682
-0.0769348
0.0323792
0.111176
0.0201111
-0.086792
-0.0745392
0.0233765
0.0335541
0.00518799
-0.0151062
-0.0303192
-0.0125122
0.0300293
0.0685272
0.0840149
0.0476837
0.0946198
0.022934
0.0551605
0.0125732
0.158676
0.337234
0.505157
-0.0390015
-0.382858
-0.0567169
-0.20256
-0.191605
0.339111
0.380661
0.348312
0.253036
0.224457

[10]
0.172775
0.154709
0.104111
0.0416718
0.0332184
-0.0247192
-0.112091
-0.383987
-0.683853
-1.02682
-1.38339
-1.21082
-0.748413
-0.732468
0.776733
0.118347
-0.431931
-0.526398
-0.276321
-0.0882111
-0.083725
-0.0349731
-0.0349884
0.00543213
-0.0281219
-0.167236
-0.101532
0.0718994
0.0714417
-0.0457764
-0.0629272
-0.0265808
-0.00598145
-0.00756836
-0.0136414
-0.00804138
-0.0515137
-0.0326233
0.00512695
0.0457306
0.0781555
0.159775
0.146606
0.0740509
-0.0577545
-0.0461731
0.0638885
0.213333
0.494751
0.460327

[11]
-0.184113
-0.355453
-0.026825
-0.324646
-0.246155
0.309097
0.361282
0.305252
0.23465
0.21843
0.190063
0.130432
0.117584
0.114456
-0.106415
-0.104156
-0.254822
-0.663803
-0.922134
-1.16505
-1.37123
-0.972504
-0.778488
-0.398926
1.5322
0.119003
-0.236237
-0.461014
-0.467651
-0.118027
-0.0644379
-0.047699
0.0358124
0.0198669
-0.0407257
-0.175385
-0.0726776
0.113159
0.10437
-0.0753784
-0.0709229
0.00930786
0.0438385
0.0223541
0.00648499
-0.0209961
-0.00946045
-0.011795
0.0737305
0.0850525

[12]
0.0636902
0.0480652
0.0882416
0.074707
0.0706787
0.0833282
0.163498
0.384247
0.393005
-0.147568
-0.300583
0.124405
-0.292862
-0.15509
0.37323
0.39769
0.332977
0.245544
0.221802
0.159042
0.108047
0.0670013
-0.0158539
-0.060791
-0.181595
-0.397995
-0.778336
-1.03152
-1.22597
-1.36838
-0.996658
-0.673416
0.0562897
1.2187
-0.0740356
-0.730377
-0.418793
-0.138397
-0.0705109
-0.0787048
-0.0852661
-0.0180817
-0.00523376
-0.119781
-0.111664
0.0350342
0.069397
0.0107269
-0.0435181
-0.00395203

[13]
-0.00457764
-0.00212097
0.0179443
-0.0319061
-0.0415649
0.0340881
0.0205994
0.130478
0.10907
0.0999756
0.140808
0.121887
0.0205078
-0.0132599
0.0810699
0.286362
0.396942
-0.067688
-0.267899
0.0087738
-0.315857
-0.261795
0.282547
0.3367
0.312988
0.298813
0.251694
0.156219
0.0559082
0.0147705
-0.0626068
-0.0640259
-0.0863037
-0.371292
-0.81456
-0.902878
-1.10374
-1.25853
-0.820297
-0.628494
-0.731415
0.556854
0.849808
0.0208588
-0.119644
-0.577179
-0.41478
-0.102997
-0.0145264
-0.10434

[14]
0.0278931
-0.0578308
-0.0863495
-0.195114
-0.0391083
0.0826721
-0.00241089
-0.0997162
-0.0716095
-0.0124512
0.000488281
0.0065918
0.00866699
-0.00993347
-0.0208435
0.00128174
0.0087738
0.00402832
0.0804749
0.085968
0.0472107
0.0648346
0.0174866
-0.0104523
-0.00640869
0.139603
0.407288
0.4711
-0.0877075
-0.292206
-0.0420074
-0.148163
-0.121643
0.26387
0.323914
0.293427
0.271866
0.210114
0.137573
0.0619965
-0.000549316
-0.0428772
-0.0755005
-0.138611
-0.266708
-0.556061
-0.858337
-1.03502
-1.06747
-0.974945

[15]
-0.713043
-0.780731
-0.278976
0.807251
0.642914
-0.241653
-0.315506
-0.434708
-0.256256
-0.0368195
-0.0272064
-0.169266
-0.0433807
-0.0228424
-0.0757446
-0.122894
-0.0860443
0.0332794
0.0231018
-0.0296631
-0.0712433
-0.0465393
0.00892639
0.00827026
-0.0125275
-0.00865173
-0.0370941
0.0176086
-0.00175476
-0.00642395
0.0130768
0.0184784
0.118912
0.0595245
0.0171661
-0.0127106
0.00572205
0.19841
0.442062
0.581284
0.245743
-0.370636
-0.300476
-0.122421
-0.130493
0.250717
0.281418
0.279282
0.180603
0.181717

[16]
0.160629
0.102524
0.03125
-0.0608368
-0.0996704
-0.131424
-0.301331
-0.56633
-0.808075
-1.17467
-1.58067
-1.26791
-0.766556
-0.554779
0.571838
1.02795
-0.127975
-0.785568
-0.0882874
-0.0798035
-0.228317
-0.0623474
-0.0687714
-0.0665131
0.0439148
0.00262451
-0.169693
-0.133072
0.0254517
0.0820465
0.00642395
-0.0857697
-0.0768738
0.0215912
0.0241241
-0.00888062
-0.0155182
0.00950623
-0.0117645
0.00793457
0.00401306
-0.0100098
0.0285339
0.12146
0.107361
0.150299
0.0340881
0.0493011
0.185883
0.42337

[17]
0.146118
-0.332626
-0.0984192
0.0492554
-0.0935516
0.159973
0.269272
0.310471
0.232635
0.199249
0.164719
0.0785065
-0.0145111
-0.0600281
-0.0609741
-0.110901
-0.240158
-0.391525
-0.689682
-0.892471
-1.03658
-1.13257
-0.864075
-0.769135
-0.427765
1.06194
0.118927
-0.160492
-0.244537
-0.232697
-0.190857
-0.152252
-0.0478363
-0.094635
-0.0104828
-0.00511169
-0.069458
-0.147766
-0.0435333
0.0783386
0.0624542
-0.0454254
-0.0596161
-0.045166
-0.0340424
0.00256348
-0.0155334
-0.0475922
-0.0205078
0.00305176

[18]
0.0977478
0.0511322
0.0617981
0.0853577
0.101669
0.12146
0.0732117
0.134094
0.256454
0.466187
0.352249
-0.342056
-0.586182
0.00320435
-0.290771
-0.0724945
0.325073
0.321396
0.287796
0.160126
0.150742
0.115067
0.075058
0.0218506
-0.0596466
-0.128342
-0.244934
-0.498093
-0.771194
-0.886734
-1.1873
-1.56303
-1.28235
-0.564255
-0.286758
1.3369
0.300262
-0.370117
-0.685165
-0.232269
-0.183258
-0.192276
-0.0614014
-0.075531
0.0140991
0.0465851
-0.0447235
-0.179092
-0.0614471
0.0787659

[19]
0.0694427
-0.0019989
-0.095108
-0.0626984
0.000457764
0.0167542
-0.0244751
-0.0496063
-0.0263214
0.0101929
0.0224304
0.00959778
0.0966949
0.0998077
0.101227
0.0961914
0.0548706
0.0643616
0.151169
0.252884
0.292786
0.00190735
-0.147064
0.0161896
-0.133896
-0.33931
0.284622
0.327591
0.279221
0.315659
0.283096
0.21048
0.102509
0.00335693
-0.0171204
-0.116577
-0.25032
-0.439468
-0.759781
-1.07477
-1.39041
-1.57854
-1.26918
-0.73494
-0.722534
-0.285126
0.48941
1.18816
0.15329
-0.55629

[20]
-0.597412
-0.351639
-0.148834
-0.0422821
-0.0928192
-0.0214691
-0.0221558
-0.0575714
-0.11879
-0.0986633
0.0604248
0.0770416
0.00975037
-0.0610809
-0.0655212
0.00830078
0.0287476
0.00653076
-0.0325317
-0.0187836
-0.0303802
0.0406494
0.0424042
0.0445557
0.0929718
0.0320129
0.00892639
-0.0363159
0.137772
0.367294
0.616928
0.369461
-0.20961
-0.1362
0.0937653
-0.147949
0.119019
0.359024
0.346405
0.258377
0.209671
0.214203
0.153717
0.0856171
0.0439301
0.00689697
-0.0234222
-0.157898
-0.422043
-0.7164

[21]
-0.807312
-1.07286
-1.25499
-1.04515
-0.958832
0.0346069
1.18239
-0.0946655
-0.285278
-0.171661
-0.194595
-0.126923
-0.135834
-0.100189
-0.0539856
-0.0363312
-0.0565186
-0.093338
-0.0533142
0.0369263
0.0625
-0.0106506
-0.0240173
-0.022583
-0.0110779
-0.0431976
-0.0300598
0.00378418
-0.00169373
0.0240021
0.0501404
0.0393524
0.0558472
0.100754
0.0676422
0.0188446
-0.0597839
-0.0297699
0.0689545
0.528351
0.537872
0.00195312
-0.346542
-0.0279999
-0.261292
-0.199036
0.341965
0.308884
0.270508
0.22789

[22]
0.274597
0.197922
0.100327
0.00337219
-0.0650177
-0.0718689
-0.188538
-0.371246
-0.621826
-0.896881
-1.03885
-1.0107
-0.946518
-0.739792
-0.684647
1.26657
0.0937347
-0.237442
-0.481705
-0.418503
-0.0881042
0.0375671
-0.0631561
-0.119339
-0.038147
-0.0180359
-0.070282
-0.126526
0.0196686
0.0778351
-0.0405273
-0.0821228
-0.0407867
-0.000244141
0.0116882
-0.0096283
-0.0163269
-0.0166321
-0.023468
-0.024826
0.0846252
0.0900269
0.119385
0.108688
0.0517426
0.0101013
-0.0254059
0.0348969
0.145264
0.504745

[23]
0.291397
-0.344437
-0.15712
0.0489044
-0.175674
0.00114441
0.231094
0.302109
0.22966
0.222748
0.173706
0.131165
0.039505
-0.0443726
-0.0609741
-0.0848694
-0.181885
-0.432037
-0.841995
-1.12839
-1.37326
-1.30659
-0.823547
-0.53476
-0.57431
0.443497
1.14496
-0.0835724
-0.238052
-0.453201
-0.33313
-0.0973816
-0.135651
-0.0948334
0.039856
-0.0441895
-0.0469208
-0.169342
-0.0860291
0.072937
0.0395966
-0.0277557
-0.0531006
-0.0155334
0.0195923
0.0299988
0.00418091
-0.0155334
-0.022995
-0.0102997

[24]
0.011261
0.0310364
0.0904694
0.0779724
0.0392761
0.0223694
-0.00601196
0.000259399
0.0110779
0.198517
0.51947
0.417572
0.292511
-0.23436
-0.252655
-0.0162811
-0.109222
0.265549
0.328918
0.312256
0.237762
0.209015
0.154129
0.107986
0.0301361
-0.058197
-0.134277
-0.185349
-0.308395
-0.513092
-0.724518
-0.874817
-1.09732
-1.19913
-0.87677
-0.74437
-0.655243
1.19574
0.145493
-0.2005
-0.594818
-0.342178
-0.126389
-0.14505
-0.000152588
-0.0798035
-0.0196381
-0.00152588
-0.0719757
-0.185745

[25]
-0.0529785
0.0865173
0.0676727
-0.0679779
-0.108841
-0.0456696
0.020462
0.0423279
-0.0236053
-0.036377
-0.0285492
-0.0068512
0.0216064
-0.0242615
0.0112152
0.116165
0.0804443
0.0437927
-0.017746
-0.0310974
0.0228882
0.0976257
0.314728
0.363632
-0.113663
-0.306381
-0.0725098
-0.202408
-0.148285
0.272568
0.356842
0.30867
0.285782
0.250748
0.211029
0.0877533
0.0160522
0.0281219
0.0569153
0.0522614
-0.316437
-0.663086
-0.83696
-1.12166
-1.26419
-0.827469
-0.582672
-0.747375
-0.63504
0.706131

[26]
0.749023
-0.125366
-0.546967
-0.337585
-0.0393066
-0.0367737
-0.134094
-0.138016
-0.0307617
-0.0288696
-0.0827789
-0.129562
0.0214539
0.0853119
0.00590515
-0.0527191
-0.0409851
-0.0209351
-0.0045929
-0.0222626
-0.0133514
-0.0179138
-0.0166626
0.000701904
-0.0172577
0.00811768
0.0105133
0.0530853
0.0126038
0.05336
0.0181427
0.0189362
0.0253296
0.0882568
0.365005
0.467758
0.392105
-0.155914
-0.33342
0.0247498
-0.247437
-0.219818
0.276779
0.356354
0.345886
0.277618
0.238693
0.203369
0.131409
-0.0211334

[27]
-0.085495
-0.132507
-0.226822
-0.549576
-0.896011
-1.08466
-1.41814
-1.38637
-0.995483
-0.850769
-0.652756
-0.321075
0.943924
0.26619
-0.479111
-0.493652
-0.277222
-0.0950165
-0.114716
-0.0887909
-0.0484161
0.00398254
-0.0426331
-0.115402
-0.16864
-0.0480042
0.0401611
0.0167389
-0.0708618
-0.114868
-0.0325012
0.00627136
-0.00848389
-0.0338593
-0.0326843
0.00112915
-0.0379333
-0.0144958
0.00343323
0.101105
0.0617981
0.0292053
0.0103607
0.0568237
0.100189
0.15033
0.338577
0.429504
0.229523
-0.368423

[28]
-0.230118
0.0275574
-0.116028
0.170654
0.321533
0.324982
0.247864
0.22612
0.161209
0.140442
0.0605927
-0.0133667
-0.0459442
-0.0643005
-0.161636
-0.333389
-0.627029
-0.861542
-1.14243
-1.20166
-0.94371
-0.7939
-0.662796
-0.11673
1.17494
0.178085
-0.399612
-0.318741
-0.23082
-0.142349
-0.140503
-0.0745697
-0.0189514
-0.0265656
-0.059906
-0.134277
-0.0366516
0.0516052
0.0297394
-0.0482635
-0.0554504
-0.04245
-0.0160675
-0.0166473
-0.0213776
0.00753784
-0.00692749
-0.0143433
0.00306702
0.00880432

[29]
0.0966034
0.0870819
0.0660858
0.0341187
-0.00498962
0.0165558
0.0860443
0.152863
0.408234
0.454086
0.14386
-0.283234
-0.237564
-0.153625
-0.17662
0.243759
0.30719
0.327972
0.224197
0.198227
0.157959
0.0422211
-0.0699921
-0.155685
-0.199539
-0.2845
-0.510559
-0.829269
-0.953735
-1.18321
-1.37221
-1.24733
-0.875793
-0.656494
0.0580597
1.22351
0.171829
-0.128876
-0.699448
-0.295944
-0.235168
-0.131729
0.0490417
-0.0383301
-0.00750732
0.0329742
-0.096756
-0.197159
-0.0722961
0.0643616

[30]
0.0338593
-0.0748749
-0.115845
-0.0785065
0.0318756
0.0153351
-0.0210724
-0.0443726
-0.0465393
-0.02565
-0.00112915
0.0522461
-0.0115814
0.0570831
0.0935516
0.0964508
0.0354767
0.00494385
-0.02742
0.0905304
0.317932
0.413666
-0.194183
-0.272568
0.0271454
-0.225021
-0.134247
0.29747
0.362808
0.268509
0.206482
0.185562
0.153259
0.102951
0.0842438
0.0544891
0.0442505
-0.0753632
-0.244476
-0.503601
-0.735352
-1.14116
-1.32381
-1.05917
-0.830017
-0.758148
0.832535
0.241531
-0.226791
-0.170425

[31]
-0.273407
-0.239227
-0.108871
-0.0593109
-0.1353
-0.0859985
-0.0217896
-0.0354004
-0.0771942
-0.0967712
-0.0284119
0.00158691
0.00112915
-0.0317535
-0.0476074
-0.0085144
-0.0247803
-0.0330658
-0.0171356
-0.0466766
-0.058136
-0.00683594
0.021698
0.0368042
0.0554962
0.0680237
0.00224304
-0.0190735
0.0259705
0.111267
0.307739
0.43689
0.341568
-0.0857391
-0.317581
-0.134689
-0.203339
0.0533295
0.374481
0.379059
0.273331
0.219131
0.163864
0.15596
0.111252
0.0453491
-0.0153809
-0.0770111
-0.145813
-0.376617

[32]
-0.714615
-0.921631
-1.12512
-1.1852
-0.930176
-0.619186
-0.772888
-0.530899
0.708939
0.713135
0.0171204
-0.46077
-0.464615
-0.213989
-0.140091
-0.0847321
-0.137466
-0.00463867
-0.0494995
-0.0922089
-0.150513
-0.046402
0.0441437
0.00552368
-0.0733185
-0.0749512
-0.0401459
-0.0141449
-0.0205841
-0.0345764
-0.0582123
-0.0487366
-0.0191345
0.0108948
0.00672913
0.0104065
0.0327148
0.019165
0.0430603
-0.000549316
-0.0174103
-0.0646515
0.0886078
0.283295
0.519043
0.292038
-0.28923
-0.219696
0.032074
-0.174637

[33]
0.00161743
0.264847
0.302063
0.228851
0.17453
0.122452
0.0794983
0.0506897
0.0184479
-0.0152893
-0.0591888
-0.148605
-0.335709
-0.58548
-0.730774
-1.00273
-1.04961
-0.752426
-0.689194
-0.638092
-0.801743
-0.101852
0.537018
-0.0232391
-0.150894
-0.257721
-0.244431
-0.149353
-0.0680695
-0.117523
-0.0270233
-0.00526428
-0.0641479
-0.13533
-0.074707
-0.00114441
0.00604248
-0.0704193
-0.0529938
-0.0327911
-0.0120392
-0.0300293
-0.0371246
-0.0354919
-0.0246735
-0.0298767
-0.0266724
-0.0233002
0.0265198
0.0105896

