[1]
-1.50874
-0.144897
-0.0970001
-0.0794067
-0.0330505
-0.021759
0.0743866
0.130142
0.237946
0.117188
0.236053
0.490173
0.234619
0.499649
0.499481
0.344513
0.24913
0.176071
0.0726318
-0.0658569
-0.190521
-0.255554
-0.2948
-0.375
-0.468506
-0.557404
-0.611191
-0.605164
-0.664368
-0.728546
-0.745132
-0.792313
-0.837006
-0.566605
-0.59816
0.598602
-0.0570068
-0.517838
-0.330505
-0.116699
-0.178909
-0.213379
-0.45665
-0.317795
-0.202011
-0.0608521
-0.0525055
-0.00804138
-0.00904846
-0.0854187

[2]
-0.165939
-0.141327
-0.0617218
-0.0449219
-0.132385
-0.179611
-0.0902863
-0.065033
-0.0614624
-0.0879669
-0.0457611
0.0233765
-0.0421906
-0.0355835
-0.0818787
-0.113297
-0.0700378
-0.0783691
0.00392151
0.0782623
0.114059
0.167603
0.116562
0.401779
1.25299
0.486404
0.487106
0.676849
0.682129
0.340363
0.00117493
0.195969
0.532715
0.640884
0.669159
0.644485
0.412445
0.286835
0.241882
0.270264
0.0957642
-0.0166168
-0.431396
-0.815002
-1.07283
-1.3439
-1.23389
-1.69455
-1.79373
-1.60124

[3]
-1.8786
-0.87027
1.52055
-0.814148
-0.474228
-0.270905
-0.354446
-0.381851
-0.400513
-0.103546
-0.00157166
-0.0580597
-0.0896606
0.115479
0.0533295
-0.0118256
-0.041626
-0.102798
-0.12085
-0.0969696
-0.0671844
-0.0362091
-0.0508575
-0.0457916
-0.0271149
-0.0393982
-0.0399628
-0.00389099
-0.041214
0.020874
0.00643921
-0.036911
0.0974426
0.14621
0.173187
0.31958
0.58374
1.14958
1.10542
0.288239
0.659332
0.817307
0.724289
-0.0375824
-0.15358
0.414551
0.768127
0.771622
0.654465
0.523682

[4]
0.303421
0.157364
0.160416
0.137573
-0.0120087
-0.285004
-0.535263
-0.849197
-1.37445
-2.03552
-1.6658
-2.04649
-2.20628
-1.18013
0.980988
0.169022
-0.320038
-0.236481
-0.291901
-0.371353
-0.598526
-0.26384
-0.0725403
-0.158768
-0.0944519
-0.0480042
-0.017807
-0.00791931
-0.0420837
-0.100632
-0.0626526
-0.0265503
-0.00868225
-0.0556641
-0.0568848
-0.0426483
-0.0325165
-0.0383911
-0.0366821
0.0317535
0.0357056
-0.014801
0.0106506
0.00575256
0.10498
0.151749
0.245438
0.443344
1.52658
0.957016

[5]
0.444168
0.675568
0.938065
0.0085144
-0.100693
0.465149
0.652817
0.731766
0.615692
0.50914
0.37561
0.287796
0.205536
0.19223
0.0802612
-0.176941
-0.294434
-0.702744
-1.2494
-1.89925
-1.58015
-1.62021
-2.01279
-1.68898
-0.555359
1.0583
-0.488892
-0.479691
-0.180038
-0.26355
-0.593597
-0.539093
-0.071701
-0.0616302
-0.0231628
-0.0935211
0.0681152
0.0127411
-0.0308533
-0.0829926
-0.0575867
-0.0296326
-0.0281372
-0.0523529
-0.0215149
0.0065918
-0.0533905
-0.0873871
-0.0558624
-0.00413513

[6]
0.0251923
0.0144196
-0.00752258
0.0218506
0.123596
0.165619
0.218674
-0.0489655
0.691391
1.76451
0.684601
0.970978
0.750397
0.838715
-0.117645
-0.163666
0.344955
0.781403
0.748291
0.673233
0.525223
0.299088
0.191254
0.167648
0.138947
-0.0297241
-0.306931
-0.655991
-1.06517
-1.86916
-1.65117
-1.79977
-2.57906
-1.62909
-0.500336
1.46242
-0.239365
-0.650742
-0.409714
-0.4823
-0.593475
-0.328964
-0.173019
-0.0225983
-0.117752
-0.0488586
-0.0243225
-0.014389
-0.0145416
0.00296021

[7]
0.0470886
0.0884552
-0.078125
-0.167862
-0.129135
-0.0553741
-0.0248871
-0.0298157
-0.0190735
-0.0471191
-0.00489807
0.0312347
0.0106201
0.117142
0.115738
0.21904
0.175018
0.728607
1.34708
0.403854
0.913269
0.80629
0.966736
0.130264
-0.236832
0.0062561
0.501343
0.789673
0.697311
0.63414
0.372375
0.183746
0.165283
0.0517426
0.0684662
-0.160858
-0.490692
-0.793945
-1.10626
-1.68842
-1.94928
-1.67679
-2.28032
-1.14604
0.208023
0.792328
-0.380493
-0.529526
-0.300995
-0.282745

[8]
-0.624298
-0.385391
-0.0412445
-0.112671
0.0177765
-0.0431824
0.0505219
-0.0705414
-0.0812073
-0.105118
-0.0945282
-0.061676
0.0105133
-0.0241547
-0.0125427
-0.00128174
-0.0727539
-0.10556
-0.0737457
0.0306244
0.086853
0.0414734
0.0614624
0.0856171
0.0640411
0.190536
0.0639343
0.87854
1.45856
0.326157
1.12425
0.638168
0.953217
0.0440521
-0.322845
0.030014
0.55777
0.789703
0.712952
0.618835
0.285767
0.11586
0.0930939
0.142044
0.0986176
-0.14212
-0.397598
-0.766785
-1.20183
-1.76517

[9]
-1.51743
-1.8799
-2.38541
-1.25575
1.05193
0.13855
-0.781998
-0.258545
-0.132385
-0.148315
-0.539169
-0.338455
-0.209961
-0.118042
-0.0258942
0.0263367
0.0318298
-0.0696564
-0.023407
-0.11235
-0.100418
-0.0333252
-0.0374603
0.00378418
-0.0672455
-0.104706
-0.0610657
-0.0380554
-0.0164795
0.0148163
0.0413055
0.0769501
-0.0262146
0.0728607
0.11615
0.189194
0.0800781
0.240372
1.57997
0.590759
0.892151
0.743561
0.772308
-0.0294342
-0.238266
0.265594
0.617035
0.732361
0.669952
0.568039

[10]
0.368835
0.202133
0.211823
0.230499
0.12825
-0.0419159
-0.289963
-0.582901
-1.09033
-1.62282
-1.69322
-1.85144
-2.51126
-1.19865
0.71315
0.112427
-0.940857
-0.194046
-0.413666
-0.410049
-0.574249
-0.0372925
-0.00415039
-0.039566
-0.0496979
0.0310364
0.0351715
-0.0954742
-0.0873413
-0.0365143
-0.032074
-0.071106
-0.0966644
-0.0807343
-0.0641785
-0.072464
-0.0632935
-0.0269775
0.0434723
0.0436096
-0.0376892
-0.0167694
-0.00942993
0.0513916
0.216888
0.1427
0.00897217
0.461685
1.54854
0.607422

[11]
1.10265
0.72821
0.848114
-0.263474
-0.297974
0.399429
0.741837
0.708542
0.581131
0.505249
0.361252
0.200226
0.200806
0.257156
0.0252838
-0.235321
-0.47345
-0.824753
-1.60629
-1.66335
-1.64484
-2.54056
-1.1949
-0.768463
0.769424
-0.0433502
-0.65654
-0.259674
-0.32962
-0.524963
-0.459183
-0.11055
0.0181427
-0.0803833
-0.143967
0.064682
0.0391693
-0.0890808
-0.119995
-0.0146332
-0.0364685
-0.0687256
-0.0770111
-0.0479431
-0.0606689
-0.0682831
-0.0614014
0.0269012
0.0685425
0.0289917

[12]
0.025238
0.0544128
0.0638885
0.115601
0.0934601
-0.000259399
0.601547
1.94775
0.681534
0.876022
0.708435
0.907089
-0.196289
-0.296936
0.388504
0.763031
0.732162
0.62944
0.51535
0.318161
0.165512
0.165268
0.174606
0.0578766
-0.263474
-0.538818
-0.817871
-1.64546
-1.80972
-1.75566
-2.18735
-1.84109
-0.392792
1.51251
-0.602722
-0.462677
-0.518234
-0.349686
-0.706558
-0.177643
0.106995
-0.0374603
-0.0809784
-0.000350952
0.0999146
-0.0636597
-0.0862579
0.00309753
-0.0126953
-0.0674438

[13]
-0.079422
-0.0771637
-0.00764465
-0.059494
-0.12439
-0.0252075
-0.0144348
0.0684814
0.0815125
0.0578461
0.0398865
0.0713501
0.193573
0.124863
0.599136
1.6153
0.589294
1.01434
0.812225
0.98262
-0.130768
-0.469055
0.0208435
0.643082
0.893158
0.763916
0.579346
0.353638
0.196808
0.129608
0.0883179
-0.00839233
-0.18306
-0.557312
-0.913116
-1.3615
-1.40752
-1.44104
-2.13461
-1.99098
-1.26675
0.76004
0.455444
-0.889862
-0.359589
-0.0365753
-0.156738
-0.628296
-0.404953
-0.135605

[14]
-0.12854
-0.0100555
-0.0713043
0.0554504
-0.0236969
-0.12352
-0.0977325
-0.0403595
-0.0146484
-0.0446014
-0.0587311
-0.0435944
-0.0430603
-0.0901794
-0.0556335
-0.0171051
0.0163574
-0.0105286
0.0567932
0.00248718
0.0198975
0.0505676
0.153885
0.129578
0.0615692
0.34404
1.61627
0.272659
0.946503
0.713898
0.768127
0.0562592
-0.202087
0.187927
0.672424
0.742432
0.67749
0.508957
0.358841
0.2939
0.242416
0.195358
0.0475006
-0.107834
-0.25563
-0.58403
-1.00792
-1.65074
-1.67479
-1.70688

[15]
-2.09573
-1.47029
-1.05443
0.802673
0.378433
-0.659454
-0.239151
-0.160202
-0.477737
-0.606644
-0.307541
-0.0463715
-0.145264
-0.121384
-0.0207367
0.0839081
-0.0132294
-0.0754089
-0.0826111
-0.0788269
-0.060318
-0.0325928
-0.0753174
-0.0309143
-0.0260925
-0.0295868
-0.0795441
-0.027298
0.0594482
-0.0641479
-0.0173645
-0.00202942
0.0927429
-0.0236816
0.059021
0.155548
0.25621
-0.0778351
0.835556
1.23322
0.765625
0.894577
0.807739
0.242966
-0.182159
0.147629
0.539108
0.781799
0.687714
0.58197

[16]
0.428131
0.310394
0.281464
0.290314
0.148575
0.0522308
-0.0444183
-0.610336
-0.974106
-1.51416
-1.65524
-1.96066
-2.38423
-0.9888
-0.39119
1.2211
-0.702148
-0.550369
-0.437561
-0.381165
-0.504074
-0.161194
-0.00463867
-0.0590363
-0.0920105
-0.045105
0.0579529
0.00308228
-0.0818176
-0.0971069
-0.0493469
-0.0271606
-0.0427094
-0.0473785
-0.06633
-0.0638275
-0.0461273
-0.0634918
-0.0518646
-0.0112915
0.0260468
0.0522614
-0.0434418
0.00202942
0.081665
0.123871
0.188004
0.0138092
0.91333
1.35733

[17]
0.644821
0.907959
0.588196
0.473999
-0.0652771
-0.00238037
0.420532
0.760971
0.732285
0.618668
0.440659
0.290726
0.235291
0.23085
0.150101
0.00415039
-0.228302
-0.491959
-0.964752
-1.64421
-1.59282
-1.64023
-2.40469
-1.34717
-0.821014
0.61145
-0.215363
-0.698593
-0.321106
-0.383118
-0.36525
-0.457397
-0.0144043
0.0511627
-0.0857849
-0.100372
-0.00657654
0.111298
0.0130768
-0.099884
-0.0730438
-0.0692291
-0.0894928
-0.103195
-0.0489655
-0.0406799
-0.0473938
-0.0548553
-0.0623016
-0.00434875

[18]
0.0495758
-0.00672913
-0.0173492
0.0140228
0.0679626
0.131042
0.0904236
-0.103119
0.111649
2.05647
1.05856
0.813293
0.82872
0.933899
-0.0579529
0.0249481
0.320892
0.507782
0.649567
0.623169
0.573242
0.418091
0.255417
0.102631
0.106461
0.0428925
-0.182312
-0.604111
-1.11111
-1.58949
-1.52879
-1.24568
-1.79025
-1.71359
-1.11751
0.611725
0.288071
-1.0611
-0.423431
-0.405548
-0.363449
-0.637024
0.0104523
-0.0567017
-0.0582275
-0.0720673
-0.0255432
0.0672302
0.0120087
-0.0260925

[19]
-0.10231
-0.0556946
0.021286
-0.0324707
-0.0875549
-0.0618286
-0.0767975
-0.0658264
-0.0643463
0.004776
-0.0164642
0.0260468
0.100998
0.0312958
0.0139771
0.0367737
0.141876
0.162109
0.295776
1.71397
0.885086
0.57605
0.613434
0.717865
0.266617
-0.208267
-0.0743256
0.413651
0.902649
0.869415
0.646622
0.361298
0.203522
0.266418
0.137604
0.197327
-0.0487823
-0.36412
-0.685165
-1.01863
-1.463
-1.43407
-1.61635
-1.74814
-1.46678
-0.943146
-0.190048
1.22159
-0.76088
-0.329636

[20]
-0.0183105
-0.350876
-0.5961
-0.2229
-0.105652
-0.108139
-0.0579987
-0.00706482
0.0674896
-0.0307465
0.00479126
-0.0753784
-0.124603
-0.0691528
-0.00250244
0.0184784
-0.0387115
-0.0710144
-0.0379333
-0.037674
-0.0682678
-0.0317078
0.0391388
0.0425873
0.0558929
0.0125885
0.114731
0.235199
-0.0123596
1.06033
1.30635
0.509369
1.00511
0.589035
0.831284
-0.153198
-0.0538177
0.456207
0.749619
0.698944
0.583374
0.439987
0.295319
0.153717
0.168182
0.157227
0.0325775
-0.235794
-0.490891
-0.974487

[21]
-1.82571
-1.76112
-1.83351
-2.11783
-1.51439
-0.44075
1.55272
-0.7341
-0.630249
-0.535736
-0.242874
-0.371277
-0.225861
0.0618591
-0.0765839
-0.0784302
-0.0936279
0.0396881
0.00038147
-0.0254822
-0.0496826
-0.0749969
-0.0590515
-0.070694
-0.0206604
-0.033905
-0.0754395
-0.0632019
-0.0787659
-0.030777
0.0238342
0.061615
-0.00512695
-0.0363159
-0.0153046
0.0892792
0.18959
-0.00224304
0.528976
1.60257
0.86644
0.772537
0.652649
0.958542
0.0630035
-0.204086
-0.0237122
0.362
0.760406
0.742249

[22]
0.64064
0.437576
0.261047
0.202408
0.203659
0.125458
-0.0930328
-0.310303
-0.751694
-1.20245
-1.87105
-1.73006
-1.60214
-2.19437
-1.44377
1.36617
-0.541077
-0.795868
-0.187561
-0.369156
-0.294342
-0.658997
-0.140854
0.0670929
-0.0193329
0.00524902
-0.017334
-0.0145874
-0.0759888
-0.0762787
-0.0627136
-0.0821381
-0.090683
-0.0743408
-0.048996
-0.0336456
-0.0939636
-0.0994415
-0.0433197
0.0106812
0.0275421
0.057312
0.0799103
-0.0133209
-0.00888062
0.105286
0.148148
0.104828
0.759598
1.36397

[23]
0.648071
1.29631
0.51622
0.741989
-0.0601807
-0.191956
0.288651
0.733307
0.799347
0.720581
0.485657
0.2948
0.210449
0.215424
0.202789
0.0797119
-0.203262
-0.550323
-0.964569
-1.42894
-1.63832
-1.54912
-1.99022
-1.85664
-1.1429
0.329803
0.861771
-0.716217
-0.590561
-0.140442
-0.16716
-0.550781
-0.289703
-0.0687408
-0.18956
-0.121063
-0.0826416
-0.0205841
-0.0194244
-0.0796967
-0.0589142
-0.062439
-0.04039
-0.0157318
-0.0594482
-0.0551147
-0.0568237
-0.0639801
-0.0397186
-0.0265961

[24]
-0.0448303
-0.0654602
0.00918579
0.0374908
0.0594635
0.00904846
0.0710907
0.159897
0.188828
0.147034
1.20483
1.0668
0.366913
0.592758
0.984421
0.489044
-0.130249
-0.0200043
0.306152
0.655685
0.696823
0.648376
0.47821
0.25032
0.173294
0.233673
0.166214
-0.0293427
-0.220215
-0.500153
-0.838226
-1.41702
-1.41124
-1.51517
-2.31427
-1.29855
-1.16153
0.595886
0.107971
-0.983124
-0.326492
-0.326248
-0.268051
-0.56105
-0.106415
-0.0333862
-0.112839
-0.0627289
-0.00971985
0.0701294

[25]
-0.04422
-0.07547
-0.080719
-0.0731812
-0.0602264
-0.0764008
-0.0556335
-0.0167847
-0.0431976
-0.0695038
-0.0600891
0.0307312
0.0255432
-0.0491486
0.0428314
0.0599976
-0.0294037
0.0187531
0.121246
0.169785
0.0460358
0.4953
1.07973
0.500122
1.19205
0.809784
0.727478
0.0462341
-0.367218
0.13887
0.701385
0.797424
0.673248
0.461319
0.273346
0.199173
0.182434
0.119797
-0.0039978
-0.319138
-0.612167
-0.948883
-1.18195
-1.29535
-1.51103
-1.78915
-1.71603
-1.29735
-0.915192
0.963379

[26]
0.48555
-0.661469
-0.206421
-0.212479
-0.404556
-0.458084
-0.108704
0.0428467
-0.108093
-0.0790253
-0.0202789
0.0222931
-0.0522308
-0.0825348
-0.152496
-0.10379
-0.0870514
-0.0462189
-0.0645599
-0.0339508
-0.032486
-0.0740967
-0.0687103
-0.085434
-0.0748901
-0.026886
0.00424194
0.0401764
-0.0146332
0.0536194
0.0542145
-0.000717163
-0.00665283
0.0540924
0.935989
1.01704
0.696838
0.756531
0.607697
0.909225
-0.0130768
-0.227417
0.103683
0.516663
0.701614
0.64888
0.603912
0.330902
0.141647
0.167114

[27]
0.215073
0.101166
-0.134903
-0.541656
-0.853119
-1.24739
-1.26181
-1.33658
-1.69078
-1.57927
-0.744202
-0.753265
0.578354
-0.0532684
-0.667007
-0.209305
-0.221863
-0.488449
-0.424637
-0.00952148
-0.0618896
-0.104065
-0.0726013
-0.030899
-0.00692749
-0.0407867
-0.0243988
-0.0814819
-0.0926666
-0.00770569
-0.0643921
-0.0923615
-0.113663
-0.0947266
-0.097229
-0.0998535
-0.0183105
-0.0236206
-0.0349579
-0.00357056
-0.0327148
0.0396423
0.0652313
0.0477142
0.190887
0.00379944
0.721924
1.34805
0.497253
0.769409

[28]
0.597549
0.560501
-0.00413513
0.118286
0.407974
0.683517
0.63208
0.564804
0.394241
0.237213
0.215973
0.189484
0.146973
0.00227356
-0.21669
-0.421143
-0.946274
-1.51897
-1.67616
-1.6756
-1.87773
-1.5177
-1.12363
-0.297714
1.26062
-0.364288
-0.69783
-0.59404
-0.193039
-0.321136
-0.234756
0.0234985
-0.0865326
-0.123627
-0.0944519
0.0425568
0.0617828
-0.0212555
-0.0713043
-0.117294
-0.124191
-0.0908203
-0.0396576
-0.0481567
-0.0473785
-0.0694427
-0.0631409
-0.0666199
-0.0196381
0.00285339

[29]
0.0135345
0.0195312
0.0554962
0.0498352
0.0997314
0.0712585
0.0661469
0.485489
1.49437
0.894928
0.463226
0.577744
0.973267
0.255569
-0.197021
0.0498199
0.4198
0.745239
0.70517
0.639755
0.39975
0.240829
0.27182
0.291428
0.142365
-0.053894
-0.344315
-0.859604
-1.24284
-1.43259
-1.1064
-1.49405
-1.88251
-1.47293
-0.972229
0.398193
0.216095
-0.501709
-0.347595
-0.191452
-0.33728
-0.507462
0.0159607
-0.112366
-0.0496063
-0.113617
-0.0303192
0.0469208
-0.0286102
-0.0457001

[30]
-0.0802612
-0.0786591
-0.0341949
-0.0636444
-0.0891571
-0.108551
-0.0551605
-0.049942
-0.071167
-0.062439
-0.0055542
0.0281677
0.0158234
0.053772
-0.038208
0.0234528
0.0701599
0.202881
0.100601
0.329529
1.64742
0.604233
0.837845
0.591476
0.665512
-0.0354309
-0.151031
0.376633
0.665756
0.685745
0.571899
0.475098
0.307495
0.2164
0.240616
0.200058
0.0758972
-0.129913
-0.385239
-0.742996
-1.5432
-1.84038
-1.80391
-2.0363
-1.72421
-1.26035
0.84639
0.0527954
-0.672363
-0.394913

[31]
-0.299545
-0.205338
-0.516235
-0.188232
0.0134735
-0.0610504
-0.0754395
-0.0135498
0.105423
-0.00875854
-0.0701294
-0.115662
-0.164108
-0.142059
-0.103821
-0.0567627
-0.0446625
-0.0523376
-0.0532227
-0.0422516
-0.0669708
-0.0437317
0.00680542
-0.0133972
-0.0260162
-0.0247345
0.050705
0.106705
0.08815
0.121338
0.955704
0.771484
0.817795
0.714554
0.541107
0.712265
-0.212402
-0.105194
0.442322
0.710342
0.655762
0.577667
0.435471
0.292984
0.19313
0.143967
0.170975
0.0362396
-0.162598
-0.495346

[32]
-0.869797
-1.26819
-1.42191
-1.21983
-1.49115
-1.90358
-0.956665
-1.08179
0.807419
0.450409
-0.687622
-0.360565
-0.25325
-0.273026
-0.503128
-0.210907
0.0508575
-0.0851288
-0.103348
-0.0679016
0.0361023
-0.0388794
-0.140213
-0.105606
-0.0509338
-0.0172882
-0.0811768
-0.0973511
-0.0677185
-0.0133362
-0.0931244
-0.150177
-0.108887
-0.0437927
-0.0113831
0.0102844
0.0441589
-0.00126648
-0.00411987
0.0440826
0.0812531
0.0218506
0.12439
1.04262
0.792877
0.464615
1.13745
0.484741
0.660355
0.0311279

[33]
-0.0165253
0.320831
0.624405
0.649902
0.589584
0.435852
0.271729
0.178238
0.189148
0.158234
0.0188599
-0.296097
-0.529465
-0.827164
-1.19859
-1.07657
-1.31223
-1.8773
-1.84637
-0.669052
-1.01131
0.177032
0.47023
-0.154922
-0.637253
-0.388901
-0.310379
-0.370193
-0.223419
0.0270844
0.0209656
-0.0413513
-0.0934143
-0.00756836
-0.0128784
-0.092392
-0.0794525
-0.0818024
-0.0774384
-0.098877
-0.0692444
-0.08078
-0.07341
-0.0641174
-0.0573578
-0.0470734
-0.0597076
-0.0475922
-0.00967407
0.0251465

