[1]
0.16037
-0.0314789
-0.0314026
-0.0235138
-0.0485992
-0.0100098
-0.0151825
-0.00798035
0.0268707
0.0298615
0.00210571
-0.0444794
0.0916138
0.0649261
0.0386047
-0.0487671
-0.228149
-0.203857
0.0491943
0.161377
0.221542
0.260742
0.29097
0.258804
0.206772
0.190063
0.118362
0.0719604
0.0012207
-0.0775909
-0.116165
-0.170532
-0.213638
-0.244049
-0.26741
-0.297958
-0.305573
-0.362228
-0.477463
-0.506516
-0.5327
-0.524643
-0.617035
-0.654434
0.231003
0.273972
0.0886078
0.119202
-0.223236
-0.692749

[2]
-0.410568
-0.118423
-0.0105133
-0.0241089
0.0158691
-0.0472107
-0.135712
-0.164871
-0.0522461
0.0432739
0.0213928
-0.0531921
-0.0870209
-0.0571442
-0.0224457
-0.000106812
-0.0279236
-0.0571747
-0.0604706
-0.022644
0.0474091
0.00938416
-0.0255585
-0.0389404
-0.00990295
0.0863037
0.159653
0.0873108
0.00524902
-0.026535
0.0746613
0.231873
0.344055
0.321915
0.218536
-0.216202
-0.135132
0.110718
-0.322952
0.0914917
0.275024
0.265884
0.187637
0.118103
0.0747223
0.0910339
0.080719
0.0932007
0.0271454
-0.100174

[3]
-0.100388
-0.349686
-0.702988
-0.846405
-0.892212
-0.952728
-0.794998
-0.746155
-0.855606
0.164383
1.1676
-0.024704
-0.193619
-0.346344
-0.724426
-0.2164
-0.0701447
-0.0315247
0.00654602
-0.0205231
-0.0644073
-0.17189
-0.057312
0.0436554
-0.00257874
-0.0601196
-0.0853729
-0.04039
-0.0193329
-0.0162506
-0.0385895
-0.0346069
-0.00714111
-0.0212402
0.0211792
0.0653839
0.0850677
0.0284119
0.0358429
0.0761871
0.0609589
0.00692749
-0.0147552
0.128326
0.299377
0.45575
0.0381165
-0.193878
0.0514832
-0.0639801

[4]
-0.256027
0.300339
0.392044
0.313873
0.191772
0.164642
0.158554
0.131363
0.0952454
0.104416
0.0565338
-0.10556
-0.200531
-0.335495
-0.629425
-0.80687
-0.907181
-1.03458
-0.932022
-0.897614
-0.742188
1.13387
0.573425
-0.0839233
0.0159302
-0.470093
-0.669754
-0.139221
-0.0836792
-0.0498047
-0.0602722
-0.0822601
-0.0758972
-0.12796
-0.0301208
0.0451508
-0.00242615
-0.0674286
-0.0773163
-0.0205994
-0.0104828
0.0125885
0.00283813
0.00332642
-0.00267029
0.00619507
0.0559387
0.0105591
0.0787811
0.115189

[5]
0.16153
0.0970306
0.0405579
0.0857849
0.361847
0.384003
0.317123
-0.190903
-0.229248
-0.00250244
-0.296555
0.452423
0.4785
0.339401
0.206009
0.123306
0.0927429
0.118149
0.0866394
-0.00927734
-0.178391
-0.22731
-0.217697
-0.758011
-1.22856
-1.06229
-0.948563
-0.984787
-0.913849
-0.865829
0.343948
1.1824
-0.408127
-0.04776
-0.410568
-0.529541
-0.087204
-0.0306091
-0.0415649
-0.0606232
-0.0612183
-0.0583038
-0.0790405
0.00930786
0.0372009
-0.0362244
-0.0978699
-0.0378113
-0.0176544
-0.00675964

[6]
-0.0174408
-0.0348358
-0.0330963
-0.0142212
0.0565491
0.0823669
0.0958252
0.0958862
0.10228
0.107574
0.0547485
0.136444
0.401443
0.406708
0.350357
-0.282486
-0.282181
0.0543518
-0.268372
-0.0569763
0.272598
0.287079
0.188812
0.0964203
0.0710602
0.0421906
-0.0531921
-0.0964661
-0.102753
-0.186264
-0.25209
-0.422607
-0.67865
-0.83757
-0.752136
-0.870712
-0.721802
-0.543365
-0.588333
0.462723
1.12138
0.00402832
0.230835
-0.302612
-0.685654
-0.343033
-0.133682
0.0295715
-0.074707
-0.13089

[7]
-0.0386353
-0.0751648
-0.120163
-0.0592346
0.00286865
0.0289307
0.0111694
-0.0068512
-0.00332642
-0.0249176
-0.0245514
-0.025177
0.023056
0.0129547
-0.0535583
-0.0510406
0.0611572
0.0882416
0.170349
0.173538
0.0223389
0.11055
0.24585
0.336136
-0.174683
-0.125122
0.113495
-0.135635
0.190338
0.323959
0.344711
0.28949
0.227524
0.182632
0.10054
0.0586548
0.0354767
-0.0085144
-0.0661774
-0.129654
-0.239304
-0.63501
-0.909775
-0.854355
-0.923691
-0.88446
-0.967804
-0.599609
0.566833
0.884323

[8]
-0.0417328
-0.0709381
-0.856094
-0.456543
-0.0174866
-0.0935211
-0.0586853
-0.137756
-0.0967407
-0.0436859
-0.106949
-0.0825653
0.0032959
0.0108185
-0.0139008
-0.0140533
-0.0251312
-0.132568
-0.0421753
-0.0217896
-0.00672913
0.0039978
0.0130463
-0.0116577
-0.0286102
0.0127258
0.053009
0.0475311
-0.0117035
-0.0385132
0.0528412
0.238739
0.486176
-0.0698547
-0.200714
0.0496521
-0.187363
0.0270844
0.234161
0.316605
0.25705
0.254501
0.218842
0.163849
0.086792
0.0495605
0.0638428
0.0414581
-0.0936127
-0.180634

[9]
-0.320755
-0.81665
-0.918716
-1.11812
-1.06709
-0.924164
-0.698242
1.3101
0.446045
-0.109619
-0.198624
-0.584534
-0.392761
-0.0873108
-0.0758209
-0.0971527
-0.0484924
-0.0584564
-0.0678406
-0.150208
-0.0926666
0.0213165
0.0432587
-0.0402832
-0.0944977
-0.0484467
-0.00494385
-0.0140533
-0.0375671
-0.0455475
-0.0196838
0.00770569
0.0100098
0.0158997
0.0552826
0.00183105
0.000244141
0.0489044
0.0812225
0.230927
0.247086
0.345901
-0.0739288
-0.260773
-0.0164185
-0.228378
-0.348724
0.267334
0.369293
0.330383

[10]
0.2621
0.24176
0.190308
0.123138
0.0896301
0.102676
0.123856
-0.182358
-0.120255
-0.515656
-0.861572
-1.20322
-1.66959
-1.32678
-0.692871
-0.418655
1.51651
0.0720215
-0.161697
-0.487015
-0.557037
-0.162598
-0.0925751
-0.0549774
-0.053833
-0.0423584
-0.0702972
-0.119385
-0.137299
-0.0015564
0.0641022
3.05176e-05
-0.0463562
-0.0500793
-0.0131073
-0.0159302
-0.0254517
-0.0332947
-0.0242767
-0.00260925
0.0325012
0.0394897
0.00447083
0.0749512
0.0783997
-0.0351868
-0.0458679
-0.0167542
0.212906
0.429443

[11]
0.528839
0.0686188
-0.387527
-0.101364
-0.240417
-0.30368
0.24765
0.29834
0.282974
0.174652
0.140839
0.0918884
-0.019165
-0.0979919
-0.112946
-0.103027
-0.142227
-0.302658
-0.684235
-0.720337
-1.01123
-1.41786
-1.26405
-0.575439
-0.404892
0.368896
1.08919
0.013855
-0.125488
-0.453568
-0.507751
-0.343048
-0.0644073
-0.0773773
-0.0307007
-0.0788727
-0.0565186
-0.106033
-0.117981
0.0629578
-0.00283813
-0.0365753
-0.0639343
-0.0284119
-0.0384216
-0.015564
-0.0204773
-0.022049
-0.0534515
-0.00787354

[12]
0.0231628
0.0971069
0.0690308
0.0878448
0.0662384
0.066864
0.101822
0.160782
0.309799
0.308533
-0.0847626
-0.296082
0.0299683
-0.412872
-0.434402
0.350693
0.381241
0.323502
0.272888
0.268341
0.189484
0.100082
0.0183868
-0.00744629
-0.0301971
-0.0105743
-0.19046
-0.738571
-0.855164
-1.16045
-1.73413
-1.26987
-0.972916
-0.335281
1.62321
0.0423584
-0.270248
-0.365784
-0.738113
-0.328812
-0.0327301
-0.00192261
-0.0753784
-0.00228882
-0.0515442
-0.129562
-0.176788
-0.00572205
0.0768433
-0.0382233

[13]
-0.128433
-0.0802002
0.00196838
0.00164795
0.0362549
-0.0318756
-0.0332336
-0.00961304
0.00820923
0.0565186
0.0274811
0.106293
0.104492
0.115341
0.115097
0.266174
0.44783
0.382416
-0.148315
-0.407959
0.101257
-0.266815
-0.316528
0.268906
0.31279
0.287903
0.234116
0.189697
0.124588
0.094986
0.0572052
0.0427399
0.0209503
-0.0475006
-0.135818
-0.511749
-0.890457
-1.0477
-1.42105
-1.2121
-1.29663
-0.619843
0.525681
1.04668
-0.239639
-0.114395
-0.932648
-0.519653
0.0210876
-0.0363617

[14]
-0.0819092
-0.0939178
-0.0461884
-0.158142
-0.0828857
0.0133514
0.0157318
-0.0559998
-0.0931702
-0.0550385
-0.0139465
0.0042572
0.00553894
-0.0368958
-0.020874
-0.00344849
0.068634
0.0169373
0.0448151
0.124283
0.151428
0.0630798
0.0787048
0.118088
0.446442
0.373474
0.153275
-0.326233
-0.0261841
-0.19574
-0.29953
0.28418
0.367523
0.358215
0.264847
0.203873
0.21019
0.183884
0.108566
0.0362549
0.0378265
-0.104233
-0.202347
-0.401428
-0.786011
-0.907913
-1.18849
-1.28271
-0.89711
-0.914948

[15]
0.0792236
0.936371
-0.0510101
-0.21756
-0.274597
-0.504379
-0.186676
-0.0750732
-0.0781708
-0.0629578
-0.0254517
-0.0415039
-0.150436
-0.024704
0.0252991
0.0140839
-0.045929
-0.0592651
-0.0417328
-0.0114594
-0.00469971
-0.0288239
-0.0245056
-0.0214691
0.0162506
0.0743103
0.0719299
0.0919952
0.121033
0.0917511
0.123367
0.126755
0.324951
0.311157
0.245483
-0.298721
-0.225876
0.0445862
-0.212982
0.242767
0.358032
0.366028
0.238052
0.145889
0.123657
0.0876007
0.025528
-0.0642548
-0.107773
-0.21524

[16]
-0.303162
-0.63028
-1.05447
-1.13664
-1.38156
-1.19905
-0.787323
-0.59874
1.44069
0.491211
-0.214981
-0.454697
-0.725464
-0.22644
-0.0155487
0.0357513
0.0206757
-0.0896454
-0.0491791
-0.170792
-0.133362
0.0385132
0.0267029
-0.0710144
-0.0839386
-0.0332336
0.00154114
-0.0189056
-0.0220947
-0.0127869
-0.0196228
-0.0308533
-0.0110016
0.0658417
0.0281067
0.0194855
0.0518799
0.101135
0.0989685
0.0303192
0.128342
0.364532
0.424484
0.158646
-0.289047
-0.0434265
0.138
-0.249863
0.099884
0.31131

[17]
0.343246
0.252579
0.164322
0.128555
0.0586548
0.0127106
0.00662231
-0.0345306
-0.0924683
-0.133759
-0.360916
-0.724792
-0.994003
-1.04106
-1.0472
-0.835464
-0.769974
-0.540878
0.857803
0.771912
-0.166046
0.0361786
-0.501389
-0.671143
-0.105377
-0.0654907
-0.0543976
-0.0825043
-0.0652618
-0.0319366
-0.138458
-0.025116
-0.0149231
-0.0265503
-0.0657654
-0.0426941
-0.0253296
0.00236511
0.018219
0.0126495
-0.0293732
-0.00534058
0.0198669
0.0548859
0.0423431
0.072403
0.0801544
0.102722
0.13475
0.187881

[18]
0.401382
0.375443
0.234985
-0.239822
-0.0703125
-0.0960083
-0.331787
0.308487
0.414291
0.338577
0.206558
0.153397
0.143738
0.121094
0.0934601
0.0742035
0.0144501
-0.0879822
-0.212692
-0.701065
-0.98381
-1.12614
-1.47575
-1.28004
-0.985428
-0.209961
1.22726
0.052597
-0.500717
-0.395889
-0.422821
-0.195511
-0.0321503
0.0290985
-0.0464325
-0.0686951
-0.0757446
-0.227493
-0.0546417
0.087204
0.0202789
-0.0772552
-0.116989
-0.00280762
0.0141602
0.00395203
-0.0148926
-0.0155029
-0.0231171
0.0108643

[19]
0.0348358
0.0289307
0.106644
0.132065
0.0496368
-0.0430145
-0.0380249
0.178314
0.390564
0.360413
-0.267502
-0.134659
0.214828
-0.290482
-0.114975
0.252777
0.299362
0.301498
0.249557
0.210083
0.114136
0.0597229
0.00247192
0.0113373
-0.0440826
-0.186844
-0.403275
-0.65889
-0.82933
-0.846436
-1.05853
-1.04977
-0.835876
-0.144577
1.34271
-0.00175476
-0.235062
-0.511551
-0.468399
-0.127396
-0.0615082
-0.00314331
0.00344849
-0.0359497
-0.00386047
-0.168732
-0.108368
0.0591125
0.0513
-0.0334473

[20]
-0.0676117
-0.0153198
0.00991821
-0.00215149
-0.0123901
-0.0260315
-0.0327454
0.00137329
0.00361633
0.0523834
0.0857697
0.0942993
0.0627899
0.0245056
0.0227509
0.144562
0.344208
0.42482
0.143707
-0.361847
-0.0816498
0.0696259
-0.171295
0.0738678
0.234146
0.30719
0.281876
0.256454
0.197067
0.15509
0.0965881
0.0823822
0.116501
-0.000213623
0.0966797
-0.394333
-0.847321
-0.947922
-1.16283
-1.06288
-0.771317
-0.913925
0.00947571
0.90242
0.101212
-0.105606
-0.214996
-0.564667
-0.214233
-0.0795593

[21]
-0.0415039
-0.053894
-0.0823364
-0.0578918
-0.0573425
-0.107819
-0.0370178
0.0393372
-0.0032196
-0.0543823
-0.0807495
-0.0108337
0.0205841
-0.000137329
-0.006073
-0.0192261
-0.0248108
-0.0218201
-0.020401
0.0205383
0.0890045
0.0400696
0.0303802
0.053772
0.0366974
0.069809
0.190399
0.280548
0.411697
-0.0993195
-0.220825
0.0656433
-0.121262
-0.448273
0.241867
0.358276
0.295471
0.197189
0.16301
0.119415
0.083786
0.0563202
0.0321198
-0.0379333
-0.0807343
-0.151962
-0.681763
-0.862274
-1.05168
-1.16048

[22]
-1.01419
-0.877594
-0.366257
0.849854
0.67305
-0.234756
-0.192993
-0.464142
-0.46196
-0.11116
0.0223999
-0.0450439
-0.0455627
-0.0431366
-0.0550079
-0.134048
-0.112457
0.0210419
0.0442047
-0.0244598
-0.0905762
-0.0841522
-0.0379028
0.0213928
-0.0214844
-0.0414581
-0.0215607
-0.00935364
-0.000991821
-0.0043335
0.016861
0.115829
0.0761871
0.0244141
-0.0454102
-0.0201416
0.0338745
0.192337
0.311661
0.1194
-0.0162811
-0.0118866
-0.123993
0.178833
0.28978
0.245407
0.194946
0.241013
0.142944
0.0460205

[23]
-0.0166321
-0.0893555
-0.159744
-0.200119
-0.353363
-0.816193
-0.98407
-0.912567
-0.941498
-1.12863
-0.746597
-0.521469
-0.520355
0.298538
0.943298
0.593704
0.00608826
-0.0733643
-0.496872
-0.322495
-0.167145
-0.0429077
-0.0829468
-0.158371
-0.0683594
-0.0863953
-0.0853424
-0.0503998
-0.0275574
-0.0494232
-0.0671387
-0.0475311
-0.0387726
-0.0327148
-0.0206604
-0.0186005
-0.00610352
-0.0184937
-0.0437469
-0.0722961
0.0587616
0.0189209
0.0201111
-0.001297
0.022934
0.0281525
0.117706
0.283676
0.415619
-0.0732269

[24]
-0.214645
0.0476227
-0.152588
-0.333359
0.303207
0.343369
0.309753
0.293304
0.267593
0.225174
0.161697
0.124649
0.14473
0.0995941
-0.135788
-0.0892944
-0.495132
-0.802628
-0.932724
-1.24982
-1.0072
-0.969849
-0.489609
1.0421
-0.152878
-0.348083
-0.326614
-0.313675
-0.177216
-0.0815887
-0.0390625
-0.106934
-0.0675201
-0.074646
-0.110291
-0.0927277
0.0183868
0.0150146
-0.0464935
-0.0748749
-0.0314636
-0.0254211
-0.0440063
-0.0313721
-0.0221252
-0.0575867
-0.0651703
0.0118713
0.0929718
0.0917511

[25]
0.11908
0.0936432
0.0371857
-0.0443726
-0.000427246
0.233124
0.498276
0.454742
-0.0910187
-0.141739
-0.0296021
-0.313049
0.0402527
0.212936
0.166718
0.201965
0.23233
0.158218
-0.0287476
-0.169434
-0.222595
-0.254868
-0.369614
-0.534912
-0.808426
-0.869934
-0.962387
-1.04462
-0.989929
-0.621674
-0.434219
0.0207214
1.61058
0.280838
-0.0885925
-0.230103
-0.58725
-0.342789
-0.109543
-0.0134277
-0.00588989
-0.0747681
-0.0761566
-0.10817
-0.12326
0.0129852
0.0331116
-0.0217285
-0.0913544
-0.0494995

[26]
-0.00256348
0.0158539
0.00299072
-0.0172882
-0.0485535
-0.0310059
0.0173187
-0.000137329
0.0725555
0.124252
0.109848
0.103455
0.0526276
0.118469
0.186478
0.364456
0.328979
-0.200806
-0.172958
0.0853119
-0.137589
0.057663
0.286911
0.377213
0.3396
0.288284
0.248535
0.142212
0.111938
0.100449
0.0381927
-0.125031
-0.0551453
-0.290512
-0.727905
-0.882477
-0.930908
-0.834991
-0.603226
-0.701157
0.191437
1.07065
-0.0297699
-0.193069
-0.501053
-0.369751
-0.0573883
-0.0695343
-0.0546875
-0.0614319

[27]
-0.0795288
-0.0349121
-0.144928
-0.0547333
0.0354156
0.00799561
-0.0619965
-0.0686798
-0.0248718
0.0127411
0.0246582
0.0219727
-0.021347
-0.0472107
0.00592041
0.0304565
0.077301
0.0783234
0.126556
0.126617
0.105164
0.0444489
0.162949
0.335327
0.407455
-0.145203
-0.315475
0.0175171
-0.257538
-0.410019
0.360764
0.381516
0.316635
0.183685
0.141266
0.1008
0.0192719
0.00918579
0.00149536
-0.104645
-0.221207
-0.397446
-0.691254
-0.979492
-1.08521
-1.18207
-0.882675
-0.707855
-0.449432
1.82483

[28]
0.264465
-0.381012
-0.272049
-0.451752
-0.156952
-0.087204
-0.0434418
-0.0314789
-0.0397491
-0.0148315
-0.123276
-0.0222931
0.0639343
0.00730896
-0.0537262
-0.0673065
0.00265503
0.0183105
0.02211
-0.0192566
-0.0289154
0.0144501
0.0438538
0.0558014
0.0258636
0.0914459
0.121277
0.109268
0.0711212
0.116409
0.210495
0.306976
0.219681
-0.143448
-0.0136719
0.112213
-0.459442
0.307785
0.398849
0.379288
0.307785
0.227142
0.167603
0.130508
0.123398
0.123596
0.0252991
-0.0579224
-0.200592
-0.572784

[29]
-0.885544
-1.05524
-1.25728
-1.07025
-0.769424
-0.790085
1.00771
0.471481
-0.37999
-0.209763
-0.727814
-0.307205
-0.0289154
-0.0566864
-0.0663147
-0.100189
-0.0624237
-0.0781708
-0.0846252
-0.00782776
0.0146027
-0.0249023
-0.0500183
-0.0459595
-0.0196533
-0.00228882
-0.0337372
-0.0341492
-0.00524902
0.018158
0.0130615
0.0362091
0.102844
0.0958557
0.0876617
-0.0192413
-0.00813293
0.120972
0.311859
0.5177
0.0514221
-0.321899
-0.0835571
-0.187408
-0.370834
0.259476
0.26181
0.227448
0.184296
0.167923

[30]
0.115845
0.000549316
-0.0561218
-0.0726013
-0.0478363
-0.17952
-0.256683
-0.404343
-0.79158
-0.96019
-1.24522
-1.12317
-0.757156
-0.671295
0.559143
0.790588
-0.288437
-0.200562
-0.628891
-0.286942
-0.0809326
-0.112183
-0.104996
-0.0749207
-0.0689392
-0.0742188
-0.146454
-0.0344696
-0.0845184
-0.00491333
-0.0960999
-0.0749969
-0.044281
-0.0227966
-0.0116272
-0.0402527
-0.0396118
-0.0272064
0.00823975
0.0661469
0.100616
0.113556
0.043808
-0.0264435
0.025528
0.176453
0.29895
0.277924
-0.243835
-0.191986

