[1]
0.520523
-0.0195618
-0.00418091
-0.0248413
-0.014679
-0.034256
-0.00827026
-0.0118408
-0.0322113
-0.10141
-0.154495
-0.262161
-0.58046
-0.70578
-0.544388
-0.309052
-0.0409546
0.2173
0.407791
0.309296
0.41629
0.390381
0.365082
0.352264
0.265106
0.105698
0.00564575
-0.108536
-0.18782
-0.229477
-0.254089
-0.313995
-0.299622
-0.254929
-0.210526
-0.184128
-0.195984
-0.18631
-0.158081
-0.112274
-0.0641632
-0.254349
-0.127136
-0.207108
-0.224121
-0.160873
-0.358826
-0.406036
-0.123749
0.0362701

[2]
-0.184921
-0.0514984
-0.167938
-0.143234
-0.134201
-0.100952
-0.037674
-0.0134583
-0.00704956
-0.00875854
-0.0186768
-0.00863647
0.00431824
-0.0149536
-0.0107422
-0.0110931
-0.0105591
0.00561523
0.000778198
-0.0496674
-0.0310211
-0.0329742
-0.0491028
-0.0727997
-0.0984497
-0.18605
-0.200378
-0.275726
-0.332367
-0.424973
-0.643677
-0.930771
-0.816269
-0.846024
-0.712479
-0.702499
-0.379517
0.502701
0.0709686
0.162552
0.461212
0.525238
0.587784
0.575699
0.555038
0.517014
0.457993
0.383835
0.171051
-0.134933

[3]
-0.500122
-0.853302
-1.07901
-1.12029
-0.964035
-0.768921
-0.428452
-0.361969
-0.255402
-0.24295
-0.44136
-0.523392
-0.49707
-0.170761
-0.0754242
-0.0940552
-0.178162
-0.0899811
-0.0900726
-0.124252
-0.0203247
0.0120697
0.00143433
0.00569153
-0.0228577
-0.0106812
-0.0125732
-0.00170898
-0.00543213
0.00605774
-0.0254517
-0.00848389
-0.00216675
-0.0391846
-0.0319824
-0.105118
-0.179535
-0.210724
-0.186356
-0.216782
-0.293625
-0.396393
-0.709534
-0.989548
-0.817703
-0.993866
-0.793686
-0.7453
-0.287033
0.482605

[4]
0.0442505
0.0791016
0.471069
0.546539
0.612549
0.586227
0.541992
0.49086
0.450592
0.339279
0.153625
-0.125916
-0.462234
-0.804535
-1.08528
-1.1266
-1.03055
-0.758743
-0.467346
-0.313492
-0.277008
-0.407059
-0.363113
-0.665161
-0.426819
-0.0230865
-0.159302
-0.161987
-0.162079
-0.0907745
-0.0748444
-0.0640411
-0.00271606
-0.00384521
-0.0133209
-0.0105133
-0.0123138
0.0169525
-0.0059967
-0.030014
-0.00733948
0.00605774
-0.0175476
-0.0102386
-0.00965881
-0.0588226
-0.085907
-0.156616
-0.190247
-0.227402

[5]
-0.280258
-0.391006
-0.657562
-1.07829
-1.08987
-1.10194
-0.961288
-0.799072
-0.262497
0.494049
0.184738
0.278076
0.51564
0.58136
0.606628
0.595535
0.57132
0.490738
0.439316
0.262482
-0.0227356
-0.325974
-0.741974
-1.0757
-1.11609
-1.02103
-0.668915
-0.45755
-0.3078
-0.272629
-0.285812
-0.518555
-0.839706
-0.381927
-0.00340271
-0.218201
-0.0948486
-0.16687
-0.0509949
-0.0747681
-0.0281982
-0.0121002
0.000518799
-0.0171661
-0.0342255
-0.0103455
0.00245667
-7.62939e-05
-0.0163574
-0.00241089

[6]
-0.0392151
-0.0203094
-0.0472412
-0.0406036
-0.106293
-0.163254
-0.177917
-0.209808
-0.2798
-0.337067
-0.488068
-0.917816
-1.08014
-1.03435
-1.04509
-0.878296
-0.490479
0.366058
-0.0269775
0.173874
0.436905
0.540726
0.623642
0.653717
0.591263
0.513702
0.474472
0.450882
0.24585
-0.0775452
-0.461029
-0.828995
-1.08879
-1.13536
-1.05595
-0.74678
-0.440063
-0.37822
-0.216736
-0.300995
-0.536957
-0.760696
-0.613953
-0.0232849
-0.0839081
-0.103897
-0.140366
-0.119217
-0.0982819
-0.0330811

[7]
-0.0474854
0.00299072
0.0433197
0.0563049
0.0343781
0.00813293
0.0148315
0.0032196
0.00550842
-0.0234222
-0.0228729
-0.0127563
-0.0398712
-0.0924988
-0.125397
-0.162643
-0.269547
-0.294647
-0.458664
-0.615707
-0.892014
-1.07767
-0.840408
-0.966919
-0.65802
-0.443619
0.295212
-0.0645599
-0.0259094
0.394653
0.484436
0.544739
0.546463
0.524979
0.525131
0.480927
0.40448
0.231552
-0.0411224
-0.438217
-0.882004
-1.0838
-1.12776
-1.11134
-0.758621
-0.40387
-0.747696
-0.103531
-0.195694
-0.309784

[8]
-0.586014
-0.567917
-0.0345612
-0.36348
-0.0288391
-0.106964
-0.0490417
-0.0829468
-0.0582733
-0.0244751
0.0207214
0.019989
0.019104
0.0240173
0.00805664
0.0196838
-0.00892639
0.0166016
-0.000427246
-0.0299072
-0.021347
-0.000610352
-0.0370789
-0.105835
-0.131119
-0.197495
-0.287125
-0.446976
-0.615295
-0.864044
-1.07306
-0.995987
-0.964401
-0.653793
-0.610916
0.102539
0.190353
0.194321
0.389038
0.531982
0.616379
0.589127
0.554337
0.521011
0.501801
0.459137
0.343887
0.152634
-0.0898132
-0.52359

[9]
-0.954437
-1.09445
-1.13562
-0.886856
-0.539917
-0.297806
-0.284958
-0.598999
-0.29921
-0.548981
-0.270996
0.0715485
-0.164902
-0.0770569
-0.140579
-0.0758209
-0.0883179
-0.0773163
-0.0135193
-0.00276184
0.0043335
0.00563049
0.00715637
0.0115204
0.0207825
0.011261
0.0227966
0.00172424
-0.040451
-0.029892
-0.00369263
-0.0549622
-0.150482
-0.141693
-0.235748
-0.255447
-0.326813
-0.518829
-0.859131
-1.07399
-0.952362
-0.912003
-0.743866
-0.722229
-0.0704803
0.53038
0.317963
0.233475
0.529251
0.626221

[10]
0.639526
0.593185
0.536118
0.485458
0.430771
0.310608
0.0606232
-0.277054
-0.638229
-1.04353
-1.09929
-1.13599
-0.649185
-0.580368
-0.456573
-0.214172
-0.749756
-0.306717
-0.607819
-0.12973
-0.187943
-0.0657043
-0.0973206
-0.112823
-0.0613098
-0.0714417
-0.0187225
0.0198059
0.0350189
0.03302
-0.000701904
0.00305176
0.00422668
0.0174713
-0.0083313
-0.0120087
-0.0129547
-0.0173645
-0.032486
-0.0358124
-0.0819702
-0.113266
-0.131699
-0.194321
-0.183838
-0.312195
-0.517303
-0.888367
-1.07944
-0.991074

[11]
-1.01942
-0.827225
-0.736954
-0.121674
0.644775
0.214828
0.16127
0.530853
0.647507
0.677322
0.662201
0.573395
0.54039
0.494476
0.391525
0.155685
-0.170853
-0.533691
-1.02487
-1.08954
-1.12871
-0.735275
-0.662033
-0.309921
-0.354248
-0.185501
-0.381912
-0.462387
-0.528015
-0.0961151
-0.0708771
-0.219696
-0.0413971
-0.12468
-0.0744934
-0.128204
-0.0492096
-0.0125122
0.00271606
-0.00323486
-0.01297
0.0257111
0.0165863
0.00120544
-0.000762939
-0.0129089
-0.0118713
-0.0347748
-0.0436249
-0.0597382

[12]
-0.119553
-0.196899
-0.22876
-0.258331
-0.329727
-0.455368
-0.796326
-1.08267
-1.08759
-1.04906
-0.785522
-0.834671
-0.009552
0.417969
0.29953
0.250595
0.626175
0.679199
0.684982
0.601944
0.532684
0.480194
0.417374
0.340073
0.078064
-0.201569
-0.701141
-1.06799
-1.11214
-1.15796
-0.830688
-0.579224
-0.309738
-0.330231
-0.535645
-0.324265
-0.87677
-0.241531
0.122055
-0.320801
-0.0853882
-0.131027
-0.0393829
-0.0660858
-0.00941467
0.0273438
0.0321198
0.0145416
-0.012619
-0.0100861

[13]
0.0157471
0.02005
-0.0169373
-0.0244293
-0.0110931
-0.0398865
-0.0384827
-0.03125
-0.107422
-0.213043
-0.205688
-0.274643
-0.333893
-0.442093
-0.694458
-1.0732
-1.08414
-0.99556
-0.871765
-0.772064
-0.187897
0.487503
0.247101
0.193802
0.535385
0.635788
0.668228
0.620377
0.571548
0.512512
0.416885
0.315598
0.0792389
-0.207581
-0.767181
-1.07019
-1.11609
-1.16173
-0.863205
-0.60141
-0.763779
-0.228592
-0.152206
-0.521774
-0.903595
-0.593155
0.0420837
-0.465225
-0.0910034
-0.237427

[14]
0.035965
-0.0872955
-0.00183105
-0.00593567
0.0494995
0.0315857
0.0221252
0.00852966
0.0062561
-0.00608826
-0.00144958
-0.0524139
-0.0316315
-0.0452118
-0.0451508
-0.013382
-0.112503
-0.173889
-0.199661
-0.246033
-0.269958
-0.400299
-0.668274
-1.07915
-1.09094
-1.04146
-0.88089
-0.942795
-0.293884
0.664261
0.0905457
0.189697
0.571045
0.623825
0.68396
0.643372
0.570786
0.520966
0.45697
0.379227
0.161057
-0.138336
-0.552399
-0.985397
-1.09285
-1.13676
-1.03575
-0.646545
-0.583267
-0.200684

[15]
-0.19249
-0.437027
-0.618896
-0.526291
-0.121475
-0.25293
-0.00357056
-0.179993
-0.0293121
-0.076767
-0.0540771
-0.0289001
0.0260468
0.0478973
0.0137634
-0.0125122
-0.00292969
0.01297
-0.00840759
-0.0149078
-0.0120544
-0.0339203
-0.0722656
-0.0588684
-0.0684357
-0.181961
-0.189529
-0.222168
-0.244537
-0.329147
-0.534058
-1.07045
-1.0817
-0.969788
-0.999771
-0.878571
-0.455765
0.578156
-0.0507965
0.146149
0.547256
0.593826
0.672943
0.658813
0.607971
0.51828
0.458344
0.384811
0.151413
-0.194016

[16]
-0.57579
-0.960693
-1.08376
-1.12012
-0.74292
-0.63797
-0.433578
-0.25206
-0.550079
-0.234985
-0.618683
-0.104309
-0.0406952
-0.14743
-0.128632
-0.131165
-0.0588074
-0.0878906
-0.00874329
-0.00535583
0.0120392
-0.0144501
-0.0278015
0.00382996
0.015564
0.0196991
-0.0126038
-0.00187683
-0.0087738
-0.0286407
-0.0395355
-0.0478668
-0.056076
-0.137299
-0.15007
-0.159088
-0.22847
-0.258698
-0.390549
-0.680984
-1.07732
-1.05382
-0.995956
-0.896988
-0.849564
-0.340744
0.494324
-0.00610352
0.151199
0.510071

[17]
0.55983
0.643845
0.651169
0.588577
0.540512
0.470566
0.40123
0.234879
-0.0790863
-0.531006
-0.886688
-1.07811
-1.1205
-1.0096
-0.679367
-0.662186
-0.224503
-0.165283
-0.25116
-0.479462
-0.772812
-0.396423
0.0452728
-0.21347
-0.0407104
-0.193314
-0.0526428
-0.0651398
-0.0568085
-0.0279846
-0.000701904
0.0158691
0.000610352
0.00276184
0.0172119
0.0289764
0.00386047
-0.00190735
-0.0265808
-0.0455017
-0.0723877
-0.0656433
-0.0612946
-0.160202
-0.166306
-0.211884
-0.309525
-0.365631
-0.571503
-1.08231

[18]
-1.09538
-1.08884
-1.01312
-0.953369
-0.401184
0.552216
0.253357
0.288452
0.524048
0.612625
0.624481
0.596893
0.5681
0.522476
0.481934
0.360306
0.141846
-0.252106
-0.760803
-1.04388
-1.0786
-1.11269
-1.03973
-0.57048
-0.310898
-0.47435
-0.745392
-0.476105
-0.251633
-0.0435638
-0.0781403
-0.0426331
-0.0528717
-0.105759
-0.129105
-0.0479431
0.0248108
0.00262451
0.00704956
-0.0326233
-0.0265808
0.0144958
0.022522
-0.0062561
-0.00875854
-0.00146484
-0.0254669
-0.0266724
-0.0654907
-0.0480194

[19]
-0.0895996
-0.201019
-0.243744
-0.264328
-0.282349
-0.546738
-0.966293
-1.08742
-0.975113
-1.09027
-0.791656
-0.489258
0.155701
0.15976
0.182007
0.407059
0.554169
0.635452
0.614105
0.58606
0.515778
0.470581
0.37735
0.220551
-0.00169373
-0.335983
-0.819061
-1.06235
-1.10251
-1.13846
-0.648056
-0.742233
-0.153
-0.105042
-0.657333
-0.646912
-0.403885
0.0270538
-0.0589142
-0.0587311
-0.120224
-0.127106
-0.0982666
-0.0526886
-0.012146
0.0332489
0.0257416
0.00515747
-0.0162048
0.00143433

[20]
0.0128937
0.00869751
-0.010788
-0.0322418
-0.0237732
-0.0216675
-0.0385132
-0.0151825
-0.0845795
-0.183105
-0.188843
-0.21611
-0.24617
-0.387527
-0.671143
-1.08081
-1.09293
-0.916946
-0.886154
-0.711105
-0.320389
0.512177
0.14418
0.0606689
0.445633
0.60849
0.677185
0.670029
0.587677
0.512115
0.41684
0.355743
0.10817
-0.255005
-0.679611
-1.04269
-1.07756
-1.11371
-0.789673
-0.576874
-0.521393
-0.242004
-0.164322
-0.195831
-0.380035
-0.586746
-0.131409
-0.0180664
-0.0805206
-0.121902

[21]
-0.0894012
-0.04953
-0.0736542
-0.0409088
-0.0294037
0.0296478
0.0101166
0.0209503
0.0187073
0.0187225
0.0208435
0.00733948
-0.0184937
-0.0281067
-0.0142822
-0.0195007
-0.0149536
-0.0475769
-0.0928192
-0.121857
-0.160645
-0.194366
-0.237488
-0.356812
-0.555069
-0.909363
-1.07947
-0.809982
-0.953156
-0.707611
-0.675522
-0.0363922
0.465454
0.328918
0.208969
0.497726
0.58696
0.634735
0.612167
0.540314
0.48259
0.37648
0.253296
-0.0226746
-0.421021
-0.976807
-1.07034
-1.11259
-1.15483
-0.777283

[22]
-0.537689
-0.182648
-0.321686
-0.267105
-0.369263
-0.680923
-0.437805
0.00534058
-0.142212
-0.00170898
-0.141937
-0.0936584
-0.0666809
-0.0771484
-0.0393066
0.0265656
0.0174866
0.00141907
-0.0187225
-0.00421143
0.026123
0.0325317
0.0273438
-0.0235291
-0.0274353
-0.0148163
0.0143738
-0.0193939
-0.075531
-0.100922
-0.15062
-0.273041
-0.264267
-0.412903
-0.56575
-0.936798
-1.08142
-1.07127
-1.02945
-0.762726
-0.629745
0.345963
0.048111
0.0220947
0.567276
0.659225
0.724503
0.630081
0.556
0.511063

[23]
0.478302
0.40036
0.229568
-0.09552
-0.401443
-0.871964
-1.06105
-1.09877
-0.883148
-0.731583
-0.407333
-0.212372
-0.750793
0.0996704
-0.208832
-0.541763
-0.794418
-0.350174
-0.0658417
-0.159927
-0.0552368
-0.132065
-0.113632
-0.0452118
-0.0570068
0.0114136
0.0421448
0.0443268
0.0373688
0.029541
0.0140686
0.0340424
0.00308228
0.0106964
-0.0385742
-0.0532074
-0.0591736
-0.0404205
-0.086319
-0.0948792
-0.190704
-0.21637
-0.201813
-0.328796
-0.476685
-0.797638
-1.08032
-0.88147
-0.990417
-0.772278

[24]
-0.683548
-0.0157776
0.527237
0.279404
0.170639
0.490616
0.563095
0.591568
0.564133
0.508881
0.474777
0.410614
0.225342
-0.0621338
-0.411346
-0.743851
-1.06871
-1.10988
-1.14827
-0.578629
-0.540894
-0.28746
-0.263596
-0.533539
-0.4729
-0.3965
-0.185318
-0.109512
-0.0963898
-0.152023
-0.0521698
-0.0432434
-0.0197601
-0.00650024
-0.0317841
0.00776672
0.0212402
-0.0294037
0.0071106
0.0227356
0.00514221
-0.015152
0.00665283
-0.0126953
-0.0217896
-0.00799561
-0.0030365
-0.0644226
-0.182526
-0.200195

[25]
-0.250397
-0.253525
-0.363724
-0.529617
-0.857834
-1.08743
-1.10349
-1.12073
-0.796356
-0.493835
0.331146
0.202988
0.0151825
0.426743
0.727524
0.706467
0.653992
0.575012
0.453735
0.440002
0.333969
0.0970917
-0.249039
-0.5289
-0.937637
-1.07707
-1.09853
-0.589005
-0.537033
-0.71524
-0.231003
-0.305527
-0.625443
-0.418121
-0.579849
-0.175018
0.0900269
-0.251114
-0.0401764
-0.142395
-0.12796
-0.0765533
-0.0440826
-0.00137329
0.0215759
0.0209351
-0.0101624
0.00958252
0.0373688
0.0101776

[26]
0.0131531
0.00250244
-0.024353
-0.0396423
-0.0511169
-0.0492554
-0.0788269
-0.159714
-0.240875
-0.245438
-0.306046
-0.393677
-0.514664
-0.909714
-1.09262
-0.976685
-0.97554
-0.803162
-0.538132
0.373215
0.0799103
0.0698853
0.448395
0.598785
0.641907
0.615524
0.532257
0.481857
0.371796
0.302475
0.0758972
-0.235596
-0.617249
-0.955063
-1.09102
-1.13087
-0.870956
-0.790558
-0.502136
-0.291702
-0.205994
-0.408401
-0.641129
-0.37648
-0.0469055
-0.128006
-0.101669
-0.110336
-0.113129
-0.0322723

[27]
-0.0366364
-0.0341644
-0.000595093
0.0134125
-0.00234985
-0.0186462
0.00137329
0.0182037
-0.00135803
0.00325012
-0.0263214
-0.0391541
-0.0326691
-0.0220032
-0.0532684
-0.124756
-0.222076
-0.227432
-0.282379
-0.338577
-0.453369
-0.777817
-1.08134
-1.00401
-1.04178
-0.817184
-0.749969
-0.0355377
0.516846
0.251389
0.197296
0.563461
0.628189
0.646515
0.594116
0.519104
0.44928
0.363846
0.214264
-0.0844879
-0.443207
-0.838516
-1.06819
-1.10963
-1.09361
-0.645142
-0.529617
-0.163147
-0.258057
-0.796051

[28]
-0.442825
-0.705673
-0.149979
-0.126053
-0.0902557
-0.044693
-0.0782776
-0.068222
-0.0595245
-0.0250702
0.0168762
0.0091095
-0.000457764
-0.0271606
-0.00604248
-0.00714111
-0.00856018
-0.0113525
-0.0245361
-0.0289307
-0.0586548
-0.0462189
-0.0540771
-0.159515
-0.190201
-0.221954
-0.302811
-0.385635
-0.607605
-1.05226
-1.08781
-1.05251
-1.05038
-0.816086
-0.363068
0.531342
0.121277
-0.0932465
0.562317
0.559723
0.62384
0.569565
0.51738
0.47139
0.357941
0.226822
-0.0310974
-0.318314
-0.77742
-1.07259

[29]
-1.11401
-1.15057
-0.661148
-0.380966
-0.411758
-0.210251
-0.547043
-0.309341
-0.786697
-0.310486
-0.0358582
-0.203262
-0.107101
-0.127411
-0.0445251
-0.0571747
-0.0249176
-0.020752
0.0104523
0.0237427
0.0183716
0.0185699
0.0123291
-0.00695801
-0.0109863
-0.00956726
-0.0108032
-0.0339813
-0.0380096
-0.0355988
-0.0990753
-0.146591
-0.268616
-0.275925
-0.29483
-0.469299
-0.764603
-1.06714
-0.999435
-1.09204
-0.837662
-0.760574
-0.129059
0.678772
0.29007
0.0570068
0.567245
0.691452
0.705139
0.674103

[30]
0.563705
0.483963
0.419479
0.331482
0.0952301
-0.213623
-0.580276
-0.978394
-1.08997
-1.1257
-0.757385
-0.422409
-0.528259
-0.194397
-0.307678
-0.274857
-0.646393
-0.336884
-0.0844727
-0.181671
-0.14151
-0.190109
-0.0415497
-0.0379028
-0.0292511
-0.0121307
0.00621033
0.0174713
0.01297
-0.00267029
0.0198517
0.0163727
0.00759888
-0.014267
-0.0438995
-0.0670929
-0.054657
-0.0525208
-0.157181
-0.185425
-0.230743
-0.258133
-0.294403
-0.478943
-0.922852
-1.08258
-0.996567
-1.01903
-0.786774
-0.462204

