[1]
0.0272064
-0.247406
0.0201263
-0.0649414
0.0371857
-0.00582886
-0.120697
-0.142303
-0.174744
-0.0390625
0.0236664
0.00921631
-0.0466156
-0.0648651
-0.0291748
0.0312195
-0.00675964
-0.0096283
-0.00946045
-0.0350189
-0.0137177
-0.0284729
-0.00514221
0.0292358
0.0774689
-0.139587
-0.484375
-0.843887
-0.0508423
0.153137
-0.666794
-0.656403
-0.592834
-0.0220337
0.104248
0.101532
0.0518646
-0.100922
-0.0643158
0.0268097
0.0766296
-0.0470886
-0.181625
-0.0166626
0.0342102
-0.0906982
0.209366
0.00892639
0.234329
0.98877

[2]
0.350159
0.00230408
0.112534
0.416977
0.851654
0.0762787
-0.0607147
-0.473419
0.0207062
-0.0161285
0.0883636
0.0634155
0.00111389
-0.0988007
-0.118073
-0.0153961
0.0752869
0.107147
0.0130157
-0.041626
0.0496674
0.013092
0.0363159
0.0388184
0.0302582
0.013916
0.0524292
0.0135956
0.049408
0.059967
0.00331116
-0.111053
-0.213257
-0.500931
-0.638657
0.38385
-0.155655
-0.533447
-0.284286
-0.200912
-0.0621185
0.0731354
0.030899
0.0508728
-0.0671539
0.0217285
0.0621338
0.0245819
0.0072937
-0.0907288

[3]
0.193741
0.0240936
-0.0357819
0.254059
-0.0300751
0.112991
0.406586
0.268478
0.132202
0.341309
-0.0960693
0.723022
0.223251
0.265732
-0.288025
-0.362717
-0.146057
0.0184174
0.120697
-0.000411987
-0.0289459
-0.0198822
-0.0890045
-0.0940247
0.0112457
0.105896
0.0866394
0.0197449
-0.0320587
0.00236511
0.0173798
0.0218658
-0.0027771
-0.0555267
-0.0304871
-0.0807953
0.0817413
0.126633
0.0978088
-0.0927124
-0.239761
-0.466843
-0.483444
0.264496
-0.249802
-0.654373
-0.411285
-0.427551
0.11731
0.323883

[4]
0.164078
0.00408936
-0.0010376
0.133072
0.185364
0.0374756
-0.0362701
0.149368
0.149765
-0.0710144
-0.0149689
-0.0565948
-0.247849
-0.117493
0.271576
-0.353851
-0.0015564
-0.134995
0.904221
-0.112106
0.143936
-0.353989
-0.0671692
0.0344543
-0.0395203
0.0847015
0.0619507
-0.0554047
-0.0502777
-0.06427
-0.0274658
0.0289459
0.0817261
0.0634918
-0.0020752
0.0229034
0.025116
0.0334778
0.00128174
0.00582886
0.0378113
-0.031189
0.050705
0.165955
0.167542
-0.0634918
-0.209503
-0.370148
-0.587433
0.187851

[5]
-0.180511
-0.412399
-0.627411
-0.457443
-0.101318
0.0994415
0.0655518
0.0690918
-0.0597687
-0.0444183
0.0774536
0.0792999
0.00299072
-0.0176849
0.080658
0.271851
0.231583
0.276505
0.015213
-0.124146
0.281494
0.306091
-0.255386
0.0612335
0.655136
0.30835
0.161041
-0.329498
-0.10376
-0.0486603
-0.0584564
-0.00808716
0.0115204
-0.0537262
-0.0350037
-0.0345917
-0.0310059
0.0432739
0.0808258
0.0497742
-0.0135193
0.0278625
0.0440979
0.0799713
0.039917
0.017334
0.0112
0.0296936
0.135269
0.171219

[6]
0.0505676
-0.269699
-0.432556
-0.8582
0.2444
-0.119598
-0.63179
-0.630234
-0.359589
-0.120224
0.141663
0.148987
0.0913849
-0.0394592
-0.0278778
0.0684662
0.0484467
-0.0509796
-0.137863
-0.17807
-0.0542603
-0.000518799
0.113815
0.0641785
-0.0369415
0.0491028
0.510056
0.338913
0.256699
0.643341
-0.0325775
-0.0767975
-0.367737
0.0579834
0.0888062
0.126175
0.103073
0.010437
-0.0809784
-0.0535889
-0.0699615
-0.00585938
0.0471649
0.0197906
-0.0196686
-0.0108185
0.0830688
0.0679321
0.0649567
0.028656

[7]
0.0105591
0.0404968
0.043045
0.0640564
0.0633545
0.0807953
-0.0401917
-0.141846
-0.442734
-0.290665
0.443115
-0.214401
-1.03818
-0.71254
-0.373627
-0.0181122
0.068573
0.039505
0.0295105
-0.0711823
-0.0632629
-0.0101166
0.0318756
-0.0781403
-0.0954437
0.0832672
0.0724792
0.00706482
-0.0937958
-0.169083
0.143173
0.598831
0.522247
-0.419662
0.507599
1.09187
0.074707
0.131744
-0.243073
-0.0352783
0.0188599
-0.0119781
0.0435028
0.0592346
0.00614929
-0.0157471
-0.0411682
0.0435486
0.0337524
0.067749

[8]
0.0410767
0.0682526
0.0582733
0.0859222
0.0639648
0.0423737
0.0355377
0.0915222
0.00570679
0.0772858
0.0608978
0.0182495
-0.0776672
-0.182968
-0.740005
0.0576477
-0.169601
-0.45015
-0.329483
-0.331879
-0.229553
0.0307922
0.0662842
0.0824738
0.0157776
-0.0279999
0.0305023
0.0308075
0.0367432
0.006073
-0.0815735
-0.00952148
0.0141602
0.0231018
-0.0397339
-0.141434
0.115051
0.234314
0.224792
0.0955811
0.384628
0.552567
0.0304718
-0.208252
-0.338577
0.0455627
0.138718
0.0213928
0.171295
0.00605774

[9]
-0.0986938
-0.0532684
-0.0399628
0.112015
0.105438
0.0481415
0.0017395
0.0487518
0.0173492
0.0588074
0.0402222
-0.0232391
-0.0536957
0.0694122
0.115082
0.0855255
0.152069
0.0112
-0.15451
-0.191452
-0.517166
-0.585693
0.270523
-0.0907898
-0.97258
-0.619293
-0.284454
0.18425
0.0788574
0.102631
0.0518494
-0.0703278
-0.00201416
0.108521
0.184311
-0.00260925
-0.105774
0.244125
-0.00585938
0.147141
0.136139
0.265381
0.77475
0.705292
0.176407
0.248657
-0.229599
1.20937
0.213699
0.439453

[10]
-0.393341
-0.099762
-0.0195465
-0.0612488
0.0829926
0.102448
-0.00891113
0.0574493
-0.0338135
-0.0162048
0.0957642
0.0965424
0.00364685
-0.00311279
0.0768585
0.0936737
0.0449066
0.0145569
0.00698853
0.0134735
0.0140381
0.0867004
0.102417
-0.0315399
-0.12233
-0.380859
-0.621628
0.166534
-0.168915
-0.821121
-0.401093
-0.212021
0.0156555
0.0802612
0.0830688
-0.00323486
-0.0599365
0.0132904
0.0581818
0.0659027
-0.0727539
-0.212082
0.0585632
0.0422668
0.124207
0.166794
0.032547
0.143906
0.699036
0.405746

[11]
1.24014
0.0139313
-0.0104218
-0.0743713
-0.22583
-0.131134
0.0644226
0.157257
0.0963593
0.093399
0.0361023
-0.0351715
-0.0753937
-0.0256042
0.131165
0.133652
0.082962
-0.0166016
0.00512695
0.068222
0.107483
0.041748
-0.019928
-0.00695801
0.0367126
0.0580292
0.0808411
0.059967
0.0922699
-0.0201416
-0.253204
-0.439545
-0.610901
0.253616
0.00175476
-0.640518
-0.69516
-0.34198
0.205109
0.137634
-0.0158997
-0.00050354
-0.0555115
-0.0381012
0.114059
0.0623016
-0.0299988
-0.100601
-0.090744
0.039917

[12]
0.126251
0.118195
0.0625916
0.167435
0.474792
0.19783
0.13504
0.689194
0.469513
-0.0318146
-0.153778
-0.0776825
0.132431
-0.00938416
-0.0100403
0.178207
0.00891113
-0.1035
-0.0808868
0.0315552
0.0899048
0.0832367
0.00750732
-0.0109406
0.0406952
0.0652924
0.0770416
0.072403
0.0605164
0.057785
0.0527649
0.101288
0.0955658
0.0600891
0.0118256
-0.0178528
-0.210831
-0.896164
-0.120026
0.0374298
-0.750565
-0.393555
-0.344055
-0.20694
0.0962219
0.0662689
0.0608673
0.0119019
-0.0562134
0.00160217

[13]
0.0170441
0.0305176
-0.0726318
-0.106094
-0.177094
-0.00947571
0.102097
0.288879
0.335709
0.480911
0.390518
-0.0618439
0.47525
0.627899
0.213303
0.18634
-0.353409
-0.171204
0.0960999
0.00857544
0.0473175
0.200226
0.0756836
-0.0272369
-0.0203247
-0.0279999
0.0631714
0.094986
0.0353394
-0.0067749
0.0519409
0.104218
0.0925751
0.0537872
0.00140381
0.0166779
0.0431213
0.0904694
0.0450134
0.0683594
0.134048
0.0890961
-0.00418091
-0.296982
-0.862427
-0.201004
0.0516968
-0.685501
-0.789963
-0.472336

[14]
-0.274216
0.0381775
-0.0180664
0.0473633
-0.0391388
-0.0506897
0.0068512
0.0687866
0.128113
0.0252533
-0.0530701
0.212173
0.103592
0.0654144
-0.115143
-0.0409393
0.263748
0.489471
-0.0359802
1.31395
0.244217
-0.0128937
0.11618
-0.205597
0.00624084
-0.0489502
0.0617371
0.134476
0.0937805
-0.0661774
-0.113708
-0.0038147
0.131821
0.139725
0.0553436
0.0249481
0.0444794
0.050415
0.0719604
0.0260162
0.0375671
0.0592194
0.0595245
0.0690613
0.0654755
0.0706482
0.0989685
0.0484467
-0.0765076
-0.286926

[15]
-0.533707
-0.605911
0.2379
0.0316467
-0.382202
-0.684631
-0.415939
0.146469
0.180939
0.131531
0.0136108
-0.0336456
0.0956421
0.149429
0.0871429
-0.0045166
0.0341797
0.0677643
0.00970459
-0.0911255
0.000335693
0.0305176
0.418701
0.118713
0.0927277
0.01651
0.837463
0.368484
-0.168427
-0.464371
-0.147552
0.0913391
-0.116119
0.0593872
0.0716248
0.0175629
-0.0414124
-0.039917
-0.0852814
0.0230103
0.0756989
0.0742035
0.0355072
0.0146027
0.0299683
0.0720367
0.051178
0.00857544
-0.00180054
0.0387268

[16]
0.069931
0.088913
0.112045
0.0235596
-0.151581
-0.168243
-0.398895
-0.224365
0.238464
-0.373856
-0.536423
-0.255707
-0.315598
-0.139938
0.0625458
0.130325
0.0120697
-0.0490417
0.0522003
0.0984192
0.128143
0.0696106
0.0163269
0.12085
0.255737
-0.012619
-0.126755
-0.138382
0.358383
0.382782
-0.461533
0.651199
0.835388
0.0897064
0.121124
-0.409653
0.0218506
0.0150757
0.0274506
0.0717773
0.0614166
-0.0253754
-0.0459747
-0.0655823
-0.0275269
0.0817719
0.0583649
0.0307007
0.00550842
0.0540619

[17]
0.0699158
0.049881
0.0969238
0.110596
0.0068512
0.0362091
0.062027
0.0470123
0.0865021
0.079071
0.00193787
-0.264374
-0.814728
-0.149841
0.0440521
-0.532928
-0.630722
-0.327271
-0.205185
0.103973
0.109299
0.12236
-0.0166168
-0.00714111
0.0559845
0.113205
0.0841064
0.0482178
-0.0268707
-0.00753784
0.0515289
-0.0453949
-0.0795746
-0.168137
0.321259
0.0640259
-0.534897
0.213226
0.422073
-0.171661
-0.292892
0.0151062
0.18251
-0.079071
-0.0137482
0.0139465
-0.0348511
-0.00389099
-0.00354004
-0.0462341

[18]
0.0166168
0.0350342
0.0527954
0.0250244
0.0292969
0.0372009
0.0826416
0.062912
0.0565033
0.0689545
0.073822
-0.00743103
0.127396
0.136795
0.0131378
-0.128494
-1.19797
0.0818939
-0.0989075
-0.779816
-0.528778
-0.325424
-0.399002
0.000106812
0.0304108
0.0480804
-0.0476685
-0.104645
-0.0373077
0.0338135
0.00492859
-0.130585
-0.197693
-0.110748
0.105637
-0.0398712
-0.387131
-0.412918
0.229263
0.433914
0.243881
-0.239304
0.985306
-0.0174408
-0.245239
-0.0935211
0.0622711
-0.119324
-0.0140381
0.0980682

[19]
-0.000656128
-0.0499878
-0.107315
0.0212097
0.0398712
0.0392761
0.0445862
0.0244598
0.0377045
0.069458
0.0486908
0.0403748
0.0546417
0.0375671
0.076889
0.0210876
0.0651398
0.0980225
0.0483398
0.0648956
-0.339951
-0.572342
0.242905
-0.436981
-0.858627
-0.574722
-0.229263
-0.0852661
-0.0800629
0.0881653
0.0524292
0.0239716
0.03125
0.11058
0.086792
-0.0308075
-0.116455
0.050705
-0.0018158
-0.100204
-0.139908
-0.08815
0.229156
0.406738
-0.00215149
-0.576385
0.732529
0.547836
0.213135
-0.173157

[20]
-0.222244
0.104523
-0.0400848
-0.090744
-0.0132751
0.0286255
0.0252686
0.00740051
-0.0744934
0.0275116
0.0762177
0.0138702
0.0282288
0.0373993
0.0559998
-0.00245667
-0.0328674
0.00857544
0.110184
0.127182
0.0313416
0.0773315
0.0367279
-0.0908813
-0.14299
-0.625412
-0.229507
-0.0910645
-0.402893
-0.341736
-0.661057
-0.108658
0.107132
0.167252
0.124817
-0.010025
0.0123138
0.126801
0.147354
0.146011
0.178589
0.045639
0.258957
0.177216
0.131073
0.0627289
0.0575714
0.511124
0.237457
0.268829

[21]
-0.425461
1.55534
0.0723114
0.147476
-0.584457
0.0568085
-0.0493622
-0.0752563
0.037735
-0.00561523
0.00392151
0.00234985
-0.0845337
0.0245819
0.143387
0.214294
0.0805664
-0.0142517
-0.0406647
0.0188904
0.062439
-0.0115814
0.0717316
-0.0217743
-0.00483704
0.0968933
0.0433807
-0.147064
-0.479813
-0.583862
-0.0156403
-0.183701
-0.263168
-0.312103
-0.325287
-0.280533
0.120743
0.142395
0.124649
-0.0247345
0.0421448
0.168625
0.173172
0.0791779
-0.0070343
0.271454
0.370132
0.0773163
0.314041
0.101151

[22]
0.242401
0.324478
-0.102951
-0.681259
-0.215073
1.14783
0.232529
0.181534
-0.275085
-0.0443726
-0.0973663
-0.180099
-0.00294495
-0.0486298
-0.00236511
0.0276031
-0.0408936
-0.0071106
0.0222168
0.0817261
0.0490723
0.02771
0.0148926
-0.00126648
0.00526428
0.0110626
0.0223389
0.0827637
0.0940247
0.0839233
0.119247
0.129318
0.0402832
-0.0526733
-0.480072
-0.802567
-0.0519257
0.204163
-0.398895
-0.757156
-0.308304
-0.142685
0.0929871
0.151321
0.171219
0.0184326
0.0092926
0.134491
0.157639
0.111694

[23]
-0.0129242
0.0576782
0.185242
0.153259
0.0457001
-0.11087
-0.221191
0.021347
-0.00378418
-0.628372
-0.079895
0.188873
0.411453
0.184265
-0.187698
-0.0462189
-0.0147705
-0.11528
-0.12854
0.0040741
-0.0653076
-0.0092926
-0.0645294
-0.0546112
0.00904846
0.0121155
-0.00215149
0.0146637
0.0280609
-0.0317688
-0.0297394
0.0470581
0.104233
0.127502
0.107208
0.0050354
-0.0155029
0.0254211
-0.00318909
-0.0603943
-0.234329
-0.50737
-0.352844
0.279648
0.368011
-0.433044
-0.698349
-0.508698
-0.436554
-0.0410614

[24]
-0.0479126
0.0329132
-0.00587463
-0.0698395
-0.00582886
0.0682831
0.0513458
-0.116196
-0.0944214
-0.0796661
0.0147552
-0.130493
-0.222214
-0.214218
-0.222534
0.0803528
0.380936
0.243378
0.247833
-0.026474
0.060257
0.0556183
-0.0186615
-0.0643768
-0.0765991
-0.0667572
-0.090683
-0.126083
-0.0612335
0.000320435
-0.0303497
0.0240173
0.0148621
0.0344238
0.0597076
0.0252533
0.0896149
0.134247
0.0332031
0.0358582
-0.0471039
-0.0119019
0.118759
0.113937
-0.00840759
-0.406601
-0.82338
0.352509
-0.420319
-0.806259

[25]
-0.502686
-0.48671
-0.231064
0.00357056
0.0776672
0.0718994
-0.063736
-0.042984
0.0919189
0.157578
-0.00180054
-0.106506
0.00109863
0.02388
-0.0164032
0.0198212
-0.307846
-0.105759
0.288177
0.0991821
0.3806
0.677139
-0.00247192
-0.274323
-0.000335693
0.0905151
-0.202927
0.147568
0.098526
-0.0106354
0.0578156
-0.0644226
-0.0275879
0.00267029
-0.00230408
0.0185699
0.0417633
0.0398407
0.0267487
0.0510101
0.0613556
0.0591888
0.0524902
0.0491333
0.0562744
0.154251
0.0181122
-0.0747375
-0.32486
-0.813995

[26]
-0.0277863
-0.318466
-0.678238
-0.319046
-0.327621
0.00593567
0.128311
0.100342
0.102692
-0.0769653
-0.00917053
0.0945587
0.143295
0.108307
0.0463715
0.00117493
0.234512
0.124054
-0.0845184
-0.472015
-0.392365
0.375137
0.204849
-0.779434
0.663773
0.179459
-0.0137482
-0.265656
0.00450134
-0.0424805
-0.0847015
-0.0480042
-0.00421143
-0.00721741
0.061615
-0.0192261
-0.0903931
-0.0500183
0.0508881
0.120453
0.106262
0.0426483
-0.0133972
0.0359802
0.038269
0.130676
0.0342712
-0.00967407
0.0651855
0.0204926

[27]
-0.0717621
-0.143417
-0.844727
0.00506592
0.146469
-0.670517
-0.92485
-0.54628
-0.336426
0.1147
0.0477295
0.0870514
-0.0153656
-0.00726318
0.138123
0.107147
0.0116425
-0.0883636
0.0904388
0.260681
0.114273
0.0362549
-0.0399475
-0.215347
0.0361633
0.207764
0.138153
-0.384201
0.653168
0.93335
-0.160187
-0.0256958
-0.139496
0.100067
-0.160339
0.073822
0.0658112
-0.0794983
0.00421143
0.0120087
0.0513763
0.0466003
0.0703278
0.0712585
0.0774384
0.107315
0.0164032
-0.0180206
0.0104218
0.0438232

[28]
0.0893707
0.0206604
0.071106
0.0682373
-0.0139771
-0.0596771
-0.153931
-0.61499
-0.225449
0.128479
-0.388916
-0.944107
-0.909073
-0.42041
0.0697632
0.00283813
0.0287933
-0.0584412
-0.123047
-0.0503082
0.0128174
-0.100967
0.613922
0.0400696
-0.127213
-0.147751
0.0508728
-0.0706787
-0.290024
0.244995
0.51062
0.36113
0.251404
0.539291
0.328873
-0.0882416
-0.237289
0.0273438
0.00653076
0.0239563
0.103973
0.0145264
-0.103851
-0.0594177
-0.0820923
0.0203247
0.126877
0.129776
0.00949097
-0.0419769

