[1]
-0.0487366
-0.119644
-0.0604401
-0.0606689
-0.00814819
-0.0681
0.01474
0.0616455
0.0297546
0.0348969
0.0248413
0.0190582
0.0219879
0.00537109
-0.0229187
0.00540161
-0.0314178
-0.0522919
-0.0684509
-0.0755768
-0.133743
-0.203827
-0.289551
-0.40274
-0.438705
-0.679977
-1.09395
-1.11575
-1.1384
-1.14291
-0.527786
-0.113373
0.473389
0.108322
0.457245
0.758102
0.765213
0.709351
0.635361
0.589005
0.509506
0.381378
0.0612793
-0.404053
-0.834381
-1.04974
-1.08514
-1.12221
-1.15352
-0.592361

[2]
-0.594772
-0.813309
-0.302338
0.11412
-0.968933
-0.416367
-0.287735
-0.116959
0.0727386
-0.26416
-0.107468
-0.0480652
-0.0214844
0.0572662
0.0236816
0.0186615
0.0138245
-0.0207367
-0.0202637
-0.0169373
-0.00895691
-0.048111
-0.0680084
-0.0697632
-0.0876007
-0.105698
-0.146378
-0.232452
-0.323456
-0.405228
-0.422012
-0.542816
-0.935608
-1.10408
-1.10283
-1.12708
-0.624817
-0.446701
0.347656
0.170898
0.436615
0.622849
0.788651
0.750595
0.685532
0.60527
0.504807
0.441315
0.276337
-0.0193634

[3]
-0.481949
-1.01402
-1.10008
-1.14409
-1.18544
-0.912796
-0.670639
-0.371277
-0.480621
-0.292709
-0.109131
-0.495331
-0.655396
-0.282089
0.0191803
-0.0848846
-0.117996
-0.10463
-0.173721
-0.0586243
-0.0552673
0.00775146
0.018219
0.0159912
0.0435944
0.00289917
-0.0300446
0.000274658
-0.00146484
-0.0175781
-0.0557861
-0.0409393
-0.0606537
-0.063446
-0.0595703
-0.138458
-0.255264
-0.351395
-0.390793
-0.558777
-0.987183
-1.08412
-1.10226
-1.12196
-0.744553
-0.189743
0.468552
0.103867
0.410141
0.618988

[4]
0.836121
0.785858
0.722702
0.635834
0.582733
0.514954
0.215851
-0.110825
-0.519348
-1.05525
-1.09377
-1.13742
-1.1767
-0.883499
-0.44722
-0.788315
-0.251099
0.112747
-0.782547
-0.586273
-0.365601
-0.1138
-0.0175171
-0.0693512
-0.122452
-0.125381
-0.072113
-0.032608
0.014328
-1.52588e-05
0.0214539
0.0225525
-0.000732422
-0.0170593
-0.00128174
0.00408936
-0.0442657
-0.0382996
-0.0704498
-0.0830231
-0.107773
-0.186081
-0.285858
-0.413162
-0.428909
-0.482132
-0.685013
-1.08032
-1.09573
-1.11157

[5]
-0.668335
-0.532883
0.120956
0.295074
0.211121
0.516693
0.775574
0.796967
0.768448
0.663773
0.620743
0.533875
0.386368
0.0527954
-0.454971
-0.863266
-1.10994
-1.15704
-1.19525
-0.975189
-0.747925
-0.957977
-0.481461
-0.0685577
-0.669861
-0.688095
-0.127731
-0.264114
-0.0785675
-0.0660095
-0.149033
-0.0898743
-0.0487671
-0.0295715
-0.0337524
0.024765
0.0442352
0.0361328
-0.00907898
-0.0173798
0.00088501
-0.00738525
-0.0556183
-0.0699768
-0.0894012
-0.0724792
-0.126526
-0.207642
-0.292038
-0.378632

[6]
-0.385986
-0.716064
-1.07188
-1.08464
-1.09721
-0.653641
-0.615219
-0.0706329
0.446548
0.190536
0.455856
0.691315
0.820328
0.7453
0.715775
0.650299
0.598206
0.441025
0.155487
-0.331757
-0.837601
-1.09666
-1.14304
-1.18263
-0.918915
-0.676071
-0.612457
-0.506943
-0.41333
-0.734924
-0.428024
-0.157578
-0.170731
-0.11351
-0.161346
-0.109009
-0.0878754
-0.0398712
-0.026825
-0.00823975
-0.0252686
-0.000549316
0.0130463
0.013382
-0.00132751
-0.00994873
-0.0516205
-0.0540466
-0.090744
-0.0702209

[7]
-0.102356
-0.143158
-0.204498
-0.284088
-0.368958
-0.431458
-0.548843
-0.896622
-1.07768
-1.09155
-1.00665
-1.0119
-0.349411
0.270142
0.317841
0.497055
0.674149
0.915665
0.880753
0.832809
0.768814
0.686401
0.48349
0.312347
-0.127258
-0.558167
-1.03003
-1.12334
-1.16975
-1.17415
-0.738281
-0.625275
-0.570709
-0.272476
-0.253708
-0.840607
-0.47168
-0.224579
-0.101288
-0.20488
-0.184998
-0.176514
-0.066803
-0.0570831
0.00730896
-0.00483704
0.0111389
0.0315247
-0.0138245
-0.0529938

[8]
-0.0593109
-0.0430908
-0.0464478
-0.0818176
-0.0796204
-0.057785
-0.109512
-0.147034
-0.241745
-0.314682
-0.34613
-0.36084
-0.557648
-1.08153
-1.09364
-1.10806
-1.12704
-0.715103
-0.165085
0.392014
0.259354
0.656296
0.738525
0.871323
0.743469
0.749374
0.704056
0.616608
0.495346
0.137131
-0.216522
-0.774643
-1.07829
-1.12442
-1.16599
-1.06882
-0.604568
-0.507324
-0.517838
-0.403824
0.143829
-0.817123
-0.335693
-0.283203
-0.276581
-0.0533295
-0.128464
-0.0554962
-0.053894
-0.0583344

[9]
-0.0140686
0.0191345
0.00778198
0.0133667
-0.0163422
-0.0286255
-0.0335846
-0.0326996
-0.0410004
-0.0401001
-0.0488281
-0.0761871
-0.078598
-0.115494
-0.211685
-0.291321
-0.36853
-0.364563
-0.531586
-0.979507
-1.08099
-1.09814
-1.01595
-0.676666
-0.24942
0.365021
0.283768
0.70491
0.853226
0.852798
0.869171
0.786728
0.700668
0.584732
0.406082
0.19252
-0.288742
-0.728317
-1.09471
-1.14297
-1.18697
-1.10468
-0.796921
-0.451706
-0.496567
-0.39537
0.199539
-0.875031
-0.644608
-0.316238

[10]
-0.108261
-0.288147
-0.0945892
-0.125229
-0.083374
-0.0498962
-0.0382385
-0.0112457
-0.0145111
0.0362091
-0.00456238
-0.0453033
-0.0296783
-0.0325623
-0.061554
-0.0603638
-0.0555878
-0.0762177
-0.0975037
-0.175034
-0.265198
-0.331268
-0.45488
-0.503006
-0.942245
-1.07445
-1.08887
-1.10284
0.436691
-0.203354
0.375534
0.114258
0.385834
0.58075
0.845413
0.787628
0.736496
0.642685
0.618988
0.498245
0.273102
-0.147888
-0.698288
-1.08829
-1.13564
-1.17961
-1.04276
-0.756699
-0.34874
-0.62262

[11]
-0.693848
-0.426743
-0.421844
-0.326401
0.0537415
0.0262146
-0.124573
-0.0950165
-0.0529938
-0.0696869
-0.0411224
-0.0245056
-0.0446014
0.000869751
0.0330505
-0.0138855
-0.026474
-0.0312042
0.00798035
-0.0262451
-0.0415955
-0.0142822
-0.0529175
-0.087326
-0.0968781
-0.182388
-0.228729
-0.276932
-0.397537
-0.572067
-0.986603
-1.06941
-1.08253
-1.09471
0.106705
-0.118118
0.507507
0.387024
0.17775
0.505783
0.759293
0.757797
0.773117
0.729736
0.657425
0.597275
0.440369
0.0745087
-0.297943
-0.810013

[12]
-1.09177
-1.13483
-1.16986
-0.966965
-0.623947
-0.439529
-0.398468
0.242065
-0.84967
-0.544205
-0.428665
-0.0101166
-0.139893
-0.0480347
-0.0771179
-0.115616
-0.0230865
0.00961304
-0.0388184
-0.00656128
-0.0493164
-0.0386658
-0.00952148
0.00556946
-0.0278625
-0.0415955
-0.0473633
-0.0727692
-0.0703735
-0.0853882
-0.13797
-0.223068
-0.283188
-0.388931
-0.492371
-0.621399
-1.07767
-1.09058
-1.10428
-0.660126
-0.631134
-0.0465088
0.519287
0.200394
0.567642
0.750763
0.849365
0.759491
0.790359
0.71904

[13]
0.644272
0.501511
0.260345
-0.141006
-0.729919
-1.10272
-1.15845
-1.20824
-1.14204
-0.777985
-0.609116
-0.556488
-0.123993
-0.780655
-0.578445
-0.313049
-0.11264
-0.00193787
-0.0748444
-0.086731
-0.0642395
-0.0865936
-0.0694427
-0.0258636
-0.0304871
-0.0180817
-0.0241852
-0.0131378
-0.00914001
-0.00880432
-0.0259094
-0.073288
-0.0400391
-0.0427856
-0.0833435
-0.0883026
-0.116974
-0.217636
-0.275772
-0.352249
-0.419388
-0.453354
-0.617874
-1.07697
-1.09186
-1.1093
-0.678497
-0.59407
0.0337677
0.528351

[14]
0.125778
0.825104
0.857605
0.917862
0.80275
0.79567
0.690216
0.598495
0.454422
0.191574
-0.194214
-0.812439
-1.11163
-1.16324
-1.2075
-0.945114
-0.921921
-0.565842
-0.611221
-0.276169
-0.963211
-0.758774
-0.137329
-0.0200958
0.00579834
0.0173492
-0.117966
-0.112549
-0.0243835
0.00413513
-0.00593567
-0.0227814
-0.0296631
-0.0431366
-0.0283508
-0.0259857
-0.0167389
-0.0262909
-0.0458679
-0.0495758
-0.062851
-0.056427
-0.141739
-0.153702
-0.208313
-0.338058
-0.405899
-0.42627
-0.584991
-0.948837

[15]
-1.07233
-1.08676
-0.934433
-0.522415
-0.304504
0.353317
0.189972
0.4897
0.771179
0.814957
0.856293
0.783508
0.713135
0.696747
0.555283
0.290009
-0.072998
-0.688782
-1.10188
-1.15593
-1.20749
-1.24373
-0.769455
-0.785645
-0.341461
-0.582397
-0.19989
-0.587189
-0.533325
-0.361053
-0.0943756
-0.0966949
-0.0638123
-0.0161743
-0.0871735
-0.0435638
-0.0408783
-0.0337524
0.0329285
0.0270691
-0.0153656
-0.0380402
-0.0167389
-0.0144348
-0.031723
-0.0617218
-0.0493774
-0.0635223
-0.0885162
-0.129623

[16]
-0.218506
-0.31572
-0.431564
-0.476944
-0.609283
-1.06503
-1.0701
-1.08359
-0.788177
-0.923813
-0.274094
0.430954
0.167572
0.717407
0.839844
0.980286
0.847855
0.88829
0.808029
0.712723
0.588516
0.377289
-0.0529938
-0.680405
-1.09517
-1.15169
-1.20515
-1.24214
-0.870697
-1.13028
-0.379669
-0.0361176
-0.953751
-0.575546
-0.382431
-0.102493
0.00479126
-0.130585
-0.128738
-0.13414
-0.108078
-0.0362549
0.00106812
-0.02034
0.000900269
0.0225067
-0.013382
-0.0121155
-0.0370789
-0.0207977

[17]
-0.0359344
-0.0751495
-0.0621643
-0.0845337
-0.1073
-0.17128
-0.27533
-0.365479
-0.455582
-0.475983
-0.621994
-1.07434
-1.08855
-1.1042
-0.734512
-0.83551
0.0186005
0.492371
0.0311584
0.816971
0.832993
0.8965
0.811401
0.773895
0.732727
0.626526
0.490204
0.189362
-0.289886
-0.963028
-1.12863
-1.1871
-1.23534
-1.07861
-0.571228
-0.451645
-0.581924
0.129517
-0.934036
-0.408859
-0.512711
-0.167953
-0.0583801
-0.136719
-0.0523529
-0.0774994
-0.0787048
-0.0449829
-0.022522
-0.00886536

[18]
-0.0119934
-0.040863
-0.0307007
-0.00422668
-0.0351257
-0.0606384
-0.0836334
-0.0673981
-0.0702667
-0.144775
-0.188797
-0.313934
-0.395386
-0.465866
-0.522034
-1.06326
-1.07561
-1.08879
-0.992264
-0.203293
-0.0254211
0.468689
0.208298
0.713608
0.742996
0.933289
0.852081
0.840363
0.772446
0.669403
0.556488
0.318771
-0.107925
-0.623428
-1.08591
-1.13628
-1.18523
-1.18465
-0.787979
-0.470001
-0.410782
-0.433456
-0.129593
-0.972275
-0.607391
-0.237961
-0.154282
-0.0926514
0.0410156
-0.123444

[19]
-0.0459595
-0.00621033
-0.00596619
0.00299072
-0.0301971
-0.0483704
-0.0431366
-0.055069
-0.0644226
-0.0427704
-0.0693207
-0.0862579
-0.0962524
-0.122711
-0.163208
-0.241089
-0.30217
-0.389389
-0.462143
-0.769196
-1.07494
-1.08696
-1.10147
-0.935944
-0.45488
0.345779
0.18367
0.493912
0.597748
0.866211
0.844788
0.81282
0.709442
0.677551
0.473206
0.194
-0.24498
-0.760086
-1.09386
-1.14423
-1.18909
-1.00453
-0.694504
-0.495453
-1.0047
-0.19548
0.00582886
-1.07814
-0.470154
-0.321762

[20]
-0.253815
-0.0947876
-0.115311
-0.139725
-0.039566
-0.0576172
-0.011261
0.0135193
0.0157776
0.0334625
0.0149994
-0.0447693
-0.0264893
-0.0386658
-0.0402374
-0.0484467
-0.0900269
-0.109116
-0.143326
-0.213074
-0.356842
-0.403458
-0.485077
-0.61348
-1.06293
-1.07686
-1.09328
-0.842117
0.188004
-0.147934
0.408661
-0.0422516
0.59642
0.787491
0.89035
0.793259
0.720688
0.65947
0.551773
0.382278
0.0496826
-0.404572
-0.929184
-1.13965
-1.20003
-1.24852
-0.941132
-0.642365
-0.630463
-0.237793

[21]
-0.116684
-0.830673
-0.883881
-0.288177
-0.365738
0.0197906
-0.135452
-0.108032
-0.0152588
-0.035202
0.0203094
0.0587769
0.0895996
0.0323334
-0.0137787
-0.10556
-0.0600128
-0.0445557
-0.0317688
-0.0666046
-0.074295
-0.105316
-0.18486
-0.23027
-0.350922
-0.468948
-0.473389
-0.743622
-1.06673
-1.08321
-1.1011
-0.756989
-0.594208
0.379593
0.464798
0.537491
0.519012
0.861267
0.854965
0.795776
0.714447
0.569199
0.456039
0.300507
-0.177795
-0.694016
-1.08794
-1.14014
-1.18782
-1.22063

[22]
-0.738541
-0.603027
-0.82196
-0.221451
0.163696
-0.87262
-0.679077
-0.200256
-0.169388
-0.124985
-0.0680695
-0.113525
-0.0560455
-0.0358582
-0.0162048
-0.0158539
0.00216675
0.0326843
0.00291443
-0.0112762
-0.00183105
0.0111542
-0.00331116
-0.0158691
-0.0253906
-0.0357819
-0.110107
-0.12027
-0.154816
-0.229691
-0.306854
-0.396866
-0.428223
-0.79599
-1.06328
-1.07581
-1.09013
-0.0567169
-0.522369
0.24379
0.481049
0.39299
0.567444
0.814072
0.811356
0.857391
0.788834
0.720459
0.595062
0.425568

[23]
0.098114
-0.332565
-0.816986
-1.09116
-1.1378
-1.17834
-1.04257
-0.582321
-0.953491
-0.446106
-0.139984
-0.725128
-0.61554
-0.33049
-0.104431
-0.092392
-0.105316
-0.125015
-0.106766
-0.0738068
-0.0478058
-0.0108948
-0.00332642
0.0115356
0.0354156
-0.00971985
-0.0153809
0.00376892
-0.0138855
-0.00306702
-0.0387268
-0.0652466
-0.0905762
-0.0701141
-0.098877
-0.162384
-0.225006
-0.246735
-0.368469
-0.374512
-0.663132
-1.07089
-1.08324
-1.09779
-0.846985
-0.877594
-0.105225
0.352264
0.323105
0.635773

[24]
0.707672
0.896103
0.895782
0.810577
0.749039
0.62265
0.440811
0.164795
-0.223267
-0.765686
-1.09119
-1.13911
-1.1797
-1.04361
-0.331238
-0.565598
-0.685883
-0.0895538
-0.685333
-0.616684
-0.0837402
-0.0976105
0.09021
-0.075119
-0.0965729
-0.0589752
-0.00386047
-0.0497284
-0.0235748
-0.00234985
-0.0383453
-0.0101013
-0.00334167
-0.0150909
-0.0224152
-0.0052948
-0.0735626
-0.0864258
-0.110016
-0.118317
-0.212326
-0.314636
-0.443359
-0.510452
-0.729523
-1.05724
-1.07039
-1.08633
-0.789749
-0.538895

[25]
0.166031
0.247879
0.401398
0.580597
0.908905
0.898605
0.833801
0.773132
0.622116
0.605392
0.380692
0.036438
-0.573792
-1.09464
-1.15073
-1.20486
-1.24272
-0.750748
-0.554291
-0.793579
-0.382004
-1.1389
-0.57457
-0.412979
-0.0787048
-0.0258026
-0.104492
-0.0897064
-0.10907
-0.0447388
-0.0193939
-0.0132751
0.00418091
0.0163727
-0.0251923
-0.0175323
-0.013092
-0.0327759
-0.0604553
-0.0292511
-0.0526428
-0.131653
-0.170242
-0.309982
-0.370255
-0.483658
-0.513397
-0.710754
-1.06946
-1.08287

[26]
-1.09996
-0.87738
-0.541351
0.092804
0.363373
0.0142212
0.691193
0.904144
0.908508
0.875137
0.77919
0.72261
0.598663
0.420929
0.0454865
-0.484787
-0.997482
-1.134
-1.18945
-1.23448
-0.987991
-0.699509
-0.380081
-0.535507
0.258408
-1.17827
-0.419083
-0.239441
-0.0657501
-0.122192
-0.109634
-0.0796509
-0.0380707
-0.0447845
-0.0118408
0.022644
0.0333862
0.020874
-0.0411682
-0.0694122
-0.0456085
-0.0528717
-0.0662537
-0.0915985
-0.0959625
-0.131821
-0.206818
-0.270279
-0.348465
-0.43071

[27]
-0.578369
-1.06169
-1.07327
-1.08679
-0.701279
-0.57753
-0.148026
0.516586
0.320663
0.649155
0.753601
0.805435
0.83136
0.7388
0.660339
0.572189
0.432693
0.0456848
-0.346405
-0.621536
-1.08904
-1.13568
-1.1799
-1.18161
-0.774734
-0.597839
-0.538147
-0.352509
-0.250305
-0.868454
-0.669647
-0.175827
-0.159897
-0.0274506
-0.185974
-0.056015
-0.0729065
-0.0251923
-0.0196991
-0.0238037
0.00971985
-0.00012207
0.000152588
-0.0164642
-0.0702362
-0.0269775
-0.0673981
-0.0647583
-0.0981293
-0.0962524

[28]
-0.141983
-0.215225
-0.295532
-0.373474
-0.43457
-0.585495
-1.0672
-1.08034
-1.09647
-0.826431
-0.73735
-0.111786
0.524582
0.224976
0.695663
0.779221
0.953461
0.920502
0.793671
0.727264
0.56749
0.416824
-0.300964
-0.203064
-0.728149
-1.07947
-1.12018
-1.15511
-0.825287
-0.675217
-0.939804
-0.374146
-0.347321
-0.395737
-0.552536
-0.488205
-0.0349884
0.00689697
-0.108658
-0.085022
-0.0954437
-0.0221863
0.0149384
0.00770569
0.024704
0.0312958
-0.0110931
-0.0404663
-0.00881958
-0.0162354

