[1]
-0.044632
1.10559
0.898788
0.856049
0.498352
0.323456
0.461853
-0.232147
-0.279877
0.392212
0.767776
0.705841
0.662903
0.452789
0.253448
0.122177
0.0640259
0.00871277
-0.081955
-0.343872
-0.557495
-0.959229
-1.63748
-1.82822
-2.03868
-2.52304
-1.48766
-1.09737
1.03481
0.858978
-1.01735
-0.644913
-0.473251
-0.523026
-0.39299
-0.120209
-0.0618439
-0.12999
-0.101593
-0.166534
-0.0476379
-0.0128632
-0.0135193
-0.0991669
-0.193451
-0.182144
-0.130829
-0.119308
-0.0799103
-0.0882111

[2]
-0.114136
-0.0690308
-0.0388031
-0.0361328
0.0018158
0.0321808
0.062088
-0.0206451
0.0358124
0.0902863
0.290421
1.00319
1.02357
1.10359
0.53273
0.410141
0.549591
-0.116928
-0.369751
0.314819
0.75148
0.738007
0.703552
0.562958
0.37059
0.258026
0.20253
0.171326
0.0932922
-0.177338
-0.478851
-0.774277
-1.51959
-1.97539
-2.12906
-2.52242
-1.96654
-0.106674
1.51265
-0.871246
-0.536621
-0.536545
-0.474228
-0.468079
-0.131409
-0.029892
-0.0223083
-0.143188
-0.163254
-0.0501099

[3]
0.0199432
0.0386658
-0.0680695
-0.134705
-0.0680389
-0.0889587
-0.0776978
-0.0505524
-0.0852051
-0.0881653
-0.0550537
-0.014267
-0.00158691
0.0238647
0.0475006
0.052536
0.0903778
0.0757599
0.160004
0.221466
0.76355
1.23447
0.704819
0.73407
0.254578
0.872772
0.367783
-0.0191803
-0.319138
0.243698
0.615067
0.800217
0.759903
0.659409
0.450699
0.256516
0.119797
0.062851
0.0131378
-0.194138
-0.493042
-0.960892
-1.64162
-2.00056
-2.16675
-2.51596
-1.68575
0.585312
1.0354
-0.708847

[4]
-0.568481
-0.81221
-0.3013
-0.466705
-0.162994
-0.0404968
0.0256042
-0.0517883
-0.062973
-0.0602875
0.00224304
0.00796509
0.0102539
-0.173248
-0.144836
-0.0758362
-0.0458832
-0.0911407
-0.103363
-0.0793762
-0.0290985
0.00579834
0.0528564
0.108322
0.115173
0.10791
0.1185
0.0744476
0.311234
1.10234
1.47514
1.04311
0.633911
0.46347
0.229507
-0.319427
0.330154
0.832108
0.746964
0.568649
0.533859
0.432999
0.370255
0.292847
0.230515
0.233597
0.145966
-0.110153
-0.443909
-0.757553

[5]
-1.54039
-1.88934
-2.53172
-2.52249
-0.619492
1.55104
-0.599594
-0.807236
-0.854675
-0.616333
-0.513779
-0.250626
-0.0289612
0.0444489
-0.0473022
-0.157043
-0.102463
0.0357666
0.0613098
-0.00247192
-0.0988922
-0.0853424
-0.0608368
-0.0807495
-0.0590057
-0.00184631
-0.0470886
-0.0645752
-0.0281525
0.0443573
0.0773773
0.0681152
0.112457
0.111557
0.150391
0.0945587
0.200653
1.05258
1.51006
1.01625
0.583435
0.401718
0.725082
-0.082489
-0.195984
0.300598
0.702927
0.756348
0.725983
0.599152

[6]
0.41568
0.268311
0.22821
0.156601
0.0773468
-0.16069
-0.428436
-0.829788
-1.38939
-2.01665
-2.00745
-2.17654
-2.14322
-1.02708
1.11588
0.692902
-0.725647
-0.626999
-0.388657
-0.599915
-0.522461
-0.0202637
-0.0171509
-0.0987854
-0.0643768
-0.110428
-0.107056
-0.00257874
0.0450592
-0.00413513
-0.0514221
-0.0824585
-0.0771942
-0.0402222
-0.0193329
-0.0266876
-0.0346527
-0.0211182
-0.0117035
0.0384827
0.0118713
0.040451
0.0404053
0.0227051
0.0517426
0.0937958
0.0641632
0.325943
1.20096
0.951035

[7]
0.739716
0.355804
0.366684
0.605438
0.031601
-0.021637
0.36525
0.698685
0.711166
0.656708
0.484344
0.321152
0.174911
0.166183
0.140594
0.0644379
-0.113327
-0.291245
-0.625504
-1.08144
-1.58768
-1.73526
-1.77782
-1.90236
-1.62617
-0.854538
1.63686
-0.097229
-1.1364
-0.50322
-0.272949
-0.504791
-0.282242
0.0163422
-0.00335693
0.0588379
-0.0363007
-0.108871
-0.0733337
0.0441742
0.0763397
0.0244751
-0.102768
-0.121765
-0.0675354
-0.0215149
-0.0610962
-0.0500946
-0.0929718
-0.0941467

[8]
-0.0379639
0.0521698
0.115295
0.0626831
0.177002
0.0849609
0.104874
0.161621
0.250305
0.519699
1.32408
0.810059
0.719482
0.266296
0.545319
0.0920563
-0.225647
0.0796051
0.655502
0.817627
0.763596
0.629684
0.421432
0.210449
0.140259
0.10141
0.0230408
-0.0931854
-0.102066
-0.459976
-1.0731
-1.48151
-1.55943
-1.62834
-2.02025
-1.62456
-1.1411
1.62883
-0.520096
-0.853928
-0.350266
-0.432327
-0.460373
-0.284042
-0.0140839
0.0522766
0.0782013
0.00817871
-0.0622406
-0.062851

[9]
-0.037323
0.0383606
-0.0123901
-0.072113
-0.060257
-0.0288849
-0.0070343
-0.00541687
-0.0276184
-0.0628967
-0.0439148
-0.00236511
0.0426636
0.062973
0.0752411
0.075943
0.111649
0.109955
0.115234
0.127472
0.29631
0.890152
1.07776
0.699173
0.654068
0.233871
0.66954
0.277161
-0.102554
0.0374298
0.489243
0.71524
0.655624
0.585663
0.421097
0.263138
0.211685
0.173828
0.109756
-0.0158386
-0.329468
-0.590164
-1.11154
-1.57558
-1.82907
-1.59901
-1.79147
-1.67961
-1.08987
1.64835

[10]
-0.0426636
-0.939224
-0.576904
-0.282272
-0.47084
-0.186874
0.00257874
0.00239563
6.10352e-05
-0.0569305
-0.132736
-0.0124207
0.0277405
0.0314484
-0.065506
-0.083847
-0.0727539
-0.00447083
0.0163116
0.00741577
-0.0326233
-0.0568542
-0.0380707
0.0273285
0.0158081
0.087326
0.0507355
0.10997
0.109634
0.191605
0.238113
0.219437
0.629333
1.14168
0.72229
0.626053
0.203064
0.640808
0.432571
-0.0410767
-0.0968323
0.370651
0.697128
0.734619
0.691803
0.605057
0.4021
0.232193
0.210526
0.142883

[11]
-0.0312195
-0.270615
-0.613571
-0.956085
-1.72215
-1.9433
-1.84361
-2.28879
-1.85249
1.1283
0.250717
-0.663635
-0.72348
-0.191284
-0.44339
-0.252304
-0.0406342
-0.0280914
-0.0654297
-0.0594788
-0.0628052
-0.056076
-0.0278625
-0.0239868
-0.0463409
-0.0819092
-0.0825043
-0.0572357
-0.0598297
-0.018219
-0.0207977
-0.058075
-0.0404205
-0.0237579
0.0419464
0.0834656
0.0991974
0.0896454
0.0465698
0.145828
0.128433
0.308838
0.540421
1.21457
0.876114
0.49382
0.172974
0.641968
0.375153
-0.127594

[12]
0.173386
0.505341
0.685959
0.68042
0.635788
0.480881
0.30983
0.23024
0.218353
0.142059
-0.050827
-0.384476
-0.682281
-0.991302
-1.60664
-1.8396
-1.67685
-2.05473
-1.76286
-1.12035
1.62186
-1.18971
-1.00114
-0.0847168
-0.57164
-0.224869
0.0075531
0.0241241
-0.0937347
-0.0272675
-0.135635
-0.0335083
0.0554504
-0.0289917
-0.0716858
-0.121735
-0.0868073
-0.0846863
-0.058609
-0.0374298
-0.0756836
-0.0637512
-0.0336914
0.0424042
0.102448
0.118561
0.178238
0.0905457
0.140472
0.116638

[13]
0.178986
0.541718
1.21739
1.09001
0.703842
0.179306
0.623138
0.0166321
-0.101044
0.19902
0.64122
0.746292
0.668121
0.608276
0.454102
0.341446
0.282578
0.248291
0.183548
-0.0237274
-0.291229
-0.683029
-1.17793
-1.90211
-2.13692
-1.75809
-2.05881
-1.66795
0.417801
1.06195
-1.36824
-0.549927
-0.280304
-0.50708
-0.248749
0.00819397
-0.0538788
-0.128311
-0.0567322
-0.0536804
-0.0020752
0.0183411
-0.00654602
-0.0701141
-0.106262
-0.105316
-0.082016
-0.0395355
-0.0351868
-0.0624695

[14]
-0.0722351
-0.0847626
-0.0329895
0.0917664
0.0710144
0.0519562
0.0333557
0.0822601
0.157852
0.169525
0.420212
1.31041
0.838638
0.728195
0.237839
0.420639
0.446167
-0.0538483
0.170105
0.496826
0.668777
0.638458
0.598923
0.469818
0.35643
0.282791
0.241867
0.21344
0.0915833
-0.208771
-0.544342
-0.996185
-1.63789
-2.05099
-2.23579
-2.33363
-1.71999
0.0144501
1.54773
-1.23267
-0.826981
-0.319504
-0.541626
-0.205002
-0.0186005
-0.0980835
-0.0872803
-0.0415192
-0.0401306
0.0261383

[15]
0.0178375
-0.0484924
-0.124222
-0.105743
-0.0786591
-0.0667419
-0.0824738
-0.0661926
-0.0406647
-0.0658875
-0.0144501
0.0211945
0.0467224
0.077774
0.0713043
0.030777
0.101028
0.0650024
0.261902
0.825348
1.25351
0.95726
0.592148
0.1875
0.402496
-0.130875
0.0144653
0.464523
0.71312
0.693115
0.656189
0.542465
0.39299
0.318298
0.280685
0.19632
0.126724
-0.158783
-0.500137
-0.801453
-1.40179
-1.99808
-2.18011
-2.16273
-1.94165
-1.25912
1.61816
-0.644287
-1.09018
-0.159943

[16]
-0.550308
-0.365082
-0.103882
-0.0293732
-0.0931244
-0.0502167
-0.0977783
0.0401154
0.0343781
-0.00965881
-0.117554
-0.12915
-0.0635376
-0.0647583
-0.112656
-0.0662384
-0.0494843
-0.0391846
-0.0789032
-0.0514984
0.0166931
0.0345001
0.0824738
0.0167847
0.0392761
0.0828247
0.10585
0.194138
0.539108
1.4417
1.11296
0.76091
0.142975
0.519394
0.106934
-0.100296
0.000259399
0.486313
0.711365
0.715988
0.645737
0.52243
0.354721
0.245605
0.231506
0.16362
-0.00653076
-0.298172
-0.619659
-0.976196

[17]
-1.81715
-2.03842
-2.02826
-2.32233
-1.48318
-0.0830231
1.59457
-0.936523
-0.906525
-0.19838
-0.51297
-0.469803
-0.147141
-0.0339966
-0.0647125
-0.0365753
-0.0881348
-0.109909
-0.0834656
-0.0169525
-0.00292969
-0.0910645
-0.111069
-0.0649261
-0.0550537
-0.062149
-0.0848846
-0.0906372
-0.0754395
0.00663757
0.0479584
0.0654449
0.1297
0.0548248
0.0867462
0.109039
0.0893707
0.149323
1.0632
1.33556
0.794861
0.613968
0.338806
0.650101
-0.0377808
-0.219406
0.329285
0.730255
0.72612
0.667465

[18]
0.565582
0.413849
0.295883
0.249069
0.198456
0.155701
-0.0634308
-0.411575
-0.854126
-1.53604
-1.93875
-2.21411
-2.38013
-1.87167
-0.271088
1.60719
-0.753036
-0.81694
-0.341949
-0.426422
-0.412842
-0.124557
-0.0153809
0.00883484
-0.0485687
-0.0955048
-0.0608063
0.0113525
0.0187225
-0.0526123
-0.115829
-0.127258
-0.0914612
-0.0641327
-0.0224304
-0.0239105
-0.0542297
-0.0402985
-0.0205841
0.021637
0.0479431
0.0668488
0.109558
0.104065
0.0589142
0.0867615
0.162796
0.518372
1.41759
1.16335

[19]
0.733093
0.218262
0.317764
0.243774
-0.129211
0.334763
0.593765
0.675735
0.624084
0.544434
0.439911
0.318649
0.246399
0.22345
0.2229
0.07341
-0.195129
-0.552658
-1.02539
-1.61256
-1.88261
-2.10258
-2.03519
-1.78114
-0.79039
1.64264
-0.753662
-1.26552
-0.17128
-0.441086
-0.275909
0.0520935
0.0192108
-0.100632
-0.0834808
-0.0708466
0.0623474
0.0604553
-0.0879822
-0.11261
-0.0524292
-0.0796661
-0.105804
-0.0660248
-0.0133057
-0.0444641
-0.050827
0.0155487
0.0508118
0.139481

[20]
0.0896912
0.100189
0.179413
0.185593
0.209549
0.587006
1.61296
0.985046
0.544922
0.129715
0.483444
-0.0503082
0.278427
0.561478
0.6082
0.65538
0.639252
0.559631
0.460663
0.385345
0.310318
0.276489
0.203049
-0.0252228
-0.277969
-0.744614
-1.26782
-1.86739
-2.09653
-1.87376
-1.84366
-1.41074
-1.12964
1.67564
-0.103165
-1.46295
-0.122116
-0.453033
-0.430481
-0.108597
0.0452423
-0.020462
-0.0171814
-0.0785065
-0.103409
-0.0727234
0.0104675
-0.00883484
-0.0462952
-0.117325

[21]
-0.0639191
-0.0343018
-0.0209961
-0.0111694
0.00158691
-0.0385437
0.0152435
0.0529785
0.14006
0.0813141
0.12323
0.144882
0.308853
0.376434
0.832916
1.16676
0.48613
0.882034
0.367737
0.389771
-0.0796967
0.0144958
0.65358
0.937714
0.810577
0.673447
0.506973
0.343292
0.31456
0.302246
0.244446
0.0854187
-0.0840454
-0.3983
-0.967728
-1.66931
-1.97697
-2.28415
-2.49947
-1.78217
-0.334457
1.58647
-0.71022
-0.594116
-0.574249
-0.458481
-0.322815
-0.0709076
-0.0155792
-0.0984039

[22]
-0.149323
-0.148758
-0.0198364
0.0142212
0.0336304
-0.0234375
-0.0745239
-0.0729828
-0.0163269
-0.0292358
-0.0211945
0.00965881
-0.0437775
-0.0730896
0.0115662
0.0427856
0.0329132
0.004776
0.013031
0.0930328
0.0976257
0.181854
0.144073
0.653061
1.25073
0.836365
0.864456
0.394119
0.596664
0.39682
-0.116119
-0.0524597
0.588852
0.820358
0.723862
0.645905
0.529236
0.319839
0.278259
0.297241
0.145203
-0.177704
-0.441025
-0.791092
-1.2455
-1.92859
-1.77457
-2.34227
-2.46338
-1.22992

[23]
1.59396
-1.38588
-0.965591
-0.061203
-0.438904
-0.160919
-0.102966
-0.0192261
-0.116943
-0.0801697
0.0237427
0.0173645
-0.00976562
-0.0751343
-0.0801392
-0.0798492
-0.101364
-0.0973358
-0.0922546
-0.0537872
-0.0718079
-0.0789185
-0.0789185
0.0346222
0.107666
0.117477
0.145172
0.0953217
0.153854
0.118484
0.439758
1.25473
1.24718
0.645401
0.457031
0.296417
0.355896
-0.214432
0.181229
0.689743
0.839233
0.782776
0.639267
0.433517
0.330261
0.2798
0.271851
0.158173
0.0676117
-0.121948

[24]
-0.376663
-0.868958
-1.57916
-1.99219
-2.13834
-2.36101
-1.61627
-0.81868
1.47661
-1.10316
-0.9534
-0.0841217
-0.439545
-0.374802
-0.176224
0.00271606
0.0602722
0.0955658
-0.065506
-0.0745697
-0.0753784
-0.0132599
-0.00523376
-0.0792694
-0.136414
-0.0739441
-0.0539551
-0.0780945
-0.0399933
-0.067627
-0.0272369
0.0315247
0.108704
0.144089
0.15451
0.18959
0.226776
0.166245
0.533829
1.45326
1.28766
0.786743
0.37326
0.557404
0.237061
-0.243744
0.52153
1.0322
0.964813
0.823929

[25]
0.562988
0.286621
0.213547
0.174545
0.106888
-0.11496
-0.357559
-0.712845
-1.26675
-1.89392
-2.02484
-2.08868
-2.29369
-1.63988
-0.0427551
1.40283
-1.17471
-1.00163
-0.153625
-0.580276
-0.263611
-0.0875397
0.0236359
-0.0530548
-0.0788727
-0.0806885
-0.0558167
-0.0461578
-0.0122528
0.00523376
-0.0498047
-0.0691681
-0.0684509
-0.0571442
-0.0345306
-0.0554199
-0.0617828
-0.0272827
0.0240784
0.0481415
0.13147
0.0972595
0.102936
0.151901
0.0990143
0.384567
1.24289
1.12869
0.929779
0.63028

[26]
0.464859
0.687332
-0.0883179
-0.429947
0.200195
0.689835
0.792297
0.751038
0.610214
0.421371
0.263901
0.208847
0.162292
0.0847168
-0.136749
-0.46521
-0.822464
-1.3821
-2.01057
-1.8362
-2.33984
-2.15813
-0.500702
1.59834
-0.761887
-0.792603
-0.485764
-0.572845
-0.504837
-0.120239
0.000610352
0.043045
0.00468445
-0.0587311
-0.0227203
-0.0277252
0.0303345
-0.0123596
-0.0800323
-0.0940399
-0.0823059
-0.095108
-0.021225
0.017807
0.00408936
-0.0532074
-0.00666809
0.0417175
0.11264
0.0932922

[27]
0.200851
0.184036
0.158493
0.235916
1.03085
1.49998
1.22145
0.688766
0.252548
0.260086
-0.239258
-0.0783081
0.712921
0.865799
0.782623
0.689682
0.479645
0.334335
0.300934
0.260178
0.193619
0.0884857
-0.157745
-0.422012
-0.829514
-1.4801
-1.66905
-2.06815
-2.47029
-1.59993
-0.452301
1.61687
-1.13754
-1.04361
-0.331299
-0.509827
-0.279938
-0.0467224
0.0474243
-0.0650177
-0.0805969
-0.0676422
-0.00111389
0.0218658
0.055481
0.00811768
-0.0376892
-0.103577
-0.0647888
0.00126648

[28]
-0.0379486
-0.010788
-0.0338135
-0.0058136
-0.00679016
0.0907745
0.132385
0.105743
0.162979
0.202286
0.248886
0.233963
0.667343
1.59943
1.05513
0.750641
0.357498
0.72757
-0.183136
-0.322372
0.385696
0.796936
0.813751
0.721054
0.615524
0.429825
0.302002
0.279343
0.231415
0.0753784
-0.218323
-0.485764
-0.91272
-1.63058
-1.95178
-2
-2.41319
-1.99808
-0.431458
1.39642
-0.950607
-0.93718
-0.293182
-0.428192
-0.300095
-0.150772
-0.0304871
-0.0160065
-0.0835571
-0.0199127

[29]
0.00286865
-0.0155029
0.0197144
-0.0205994
-0.0566406
-0.0699005
-0.0775299
-0.0934448
-0.0529175
-0.0125122
-0.00900269
-0.0381622
-0.00419617
0.0903168
0.103363
0.114502
0.145676
0.182388
0.228989
0.33548
0.908112
1.36903
1.11848
0.560226
0.236328
0.365738
-0.0969543
-0.10759
0.519348
0.781006
0.74971
0.682983
0.550751
0.358994
0.271759
0.301193
0.255951
0.14212
-0.0971527
-0.388443
-0.79068
-1.48807
-1.97063
-1.76547
-2.33536
-2.11571
0.163361
0.958572
-1.297
-0.691437

[30]
-0.431808
-0.566406
-0.183197
0.0037384
0.0110016
0.00292969
-0.0810242
-0.000839233
0.00413513
-0.0402679
-0.0299835
-0.040863
-0.0776978
-0.111603
-0.074173
-0.0645599
-0.0551453
-0.0703583
-0.0523071
-0.0199127
-0.00341797
0.0657349
0.119507
0.101044
0.165161
0.127274
0.160965
0.253021
0.660187
1.43999
0.726151
0.814499
0.213074
0.707199
0.384644
-0.161407
0.0872803
0.687912
0.870041
0.772202
0.589249
0.400024
0.262619
0.245209
0.189011
0.123657
-0.0649414
-0.324509
-0.669891
-1.2738

[31]
-1.92183
-2.14171
-2.44089
-1.94676
-1.28384
1.60326
-0.343399
-1.46964
-0.276779
-0.635971
-0.375031
-0.145279
0.0792389
-0.0293121
-0.0208282
-0.0603638
-0.00209045
0.0553131
-0.00932312
-0.0304108
-0.10379
-0.0932007
-0.106125
-0.120819
-0.0474243
-0.0330811
-0.0611725
-0.0521088
0.0406036
0.116028
0.105408
0.0816956
0.113953
0.200134
0.137375
0.443359
1.36063
1.12804
0.816803
0.267929
0.27533
0.202362
-0.214249
0.311234
0.739243
0.794067
0.724915
0.603745
0.446823
0.345154

[32]
0.351273
0.309616
0.218994
-0.00924683
-0.274567
-0.59549
-1.24141
-1.99329
-1.96895
-2.36069
-2.29929
-1.33261
1.59428
-1.13063
-1.34619
-0.0778656
-0.593384
-0.248367
-0.0709534
-0.0308228
-0.0925598
-0.0879669
-0.0794983
0.0236664
-0.0487518
-0.0572815
-0.0655975
-0.0853882
-0.0863953
-0.0939484
-0.0894775
-0.0372162
-0.0338287
-0.0785522
-0.0359497
-0.0283051
0.0587921
0.0782166
0.0860138
0.107971
0.181335
0.0985565
0.466553
1.06241
0.993332
0.929382
0.619186
0.281479
0.653931
0.180267

[33]
-0.53717
0.376434
0.731125
0.736298
0.677856
0.547745
0.324387
0.210953
0.192871
0.17659
0.0118713
-0.292435
-0.63446
-1.00655
-1.89749
-2.13028
-2.22592
-2.22278
-1.7457
0.724365
1.00462
-1.40741
-0.763535
-0.450455
-0.52713
-0.359177
-0.078598
-0.0450439
-0.124969
-0.134003
0.00872803
-0.0208282
-0.0322571
-0.0676727
-0.0802612
-0.114151
-0.106445
-0.12439
-0.121597
-0.0543213
-0.0405579
-0.0513306
-0.0140228
-0.00108337
0.0769958
0.0221405
0.0829315
0.0558472
0.115906
0.213898

