[1]
0.00346375
-1.25391
0.213333
-0.178345
-0.837067
-0.837204
-0.770065
-0.662933
-0.442947
-0.304764
-0.371582
-0.469482
-0.433334
-0.394089
-0.205231
0.0745697
0.462616
0.871796
1.41107
1.56999
1.87276
1.9837
1.02231
-0.232071
-1.67848
0.365173
0.401062
0.0935822
-0.0580902
0.0471649
-0.197098
-0.046463
-0.0994873
-0.185211
-0.222305
-0.248688
-0.253372
-0.192169
-0.250504
-0.295288
-0.2603
-0.275208
-0.260086
-0.262817
-0.272476
-0.105927
-0.274567
-0.321671
-0.264832
-0.428391

[2]
-0.750229
-1.04491
-2.32816
-0.935211
-1.25667
-1.39522
-0.968033
0.441147
-0.571381
-0.988251
-0.899673
-0.817825
-0.640259
-0.539505
-0.45929
-0.406723
-0.32666
-0.238937
-0.0611877
0.404388
0.911041
1.2789
1.60443
2.42451
2.53358
0.380417
-1.2877
-0.147171
0.354706
0.416794
0.0135498
-0.1362
-0.108185
0.0669861
0.228226
-0.1091
-0.138306
-0.206284
-0.105301
-0.0635681
-0.140427
-0.181107
-0.0905304
-0.0494537
-0.14801
-0.232788
-0.267838
-0.308609
-0.233261
-0.24382

[3]
-0.207428
-0.207001
-0.421997
-0.751099
-0.995148
-1.8651
-0.998108
-1.14122
-1.6255
-0.43129
0.8246
-0.525543
-0.863831
-0.743027
-0.688858
-0.529846
-0.395218
-0.289642
-0.265274
-0.171371
-0.0762177
0.212051
0.532593
0.841797
1.14914
1.5282
2.60846
2.61685
1.23058
0.0617828
-1.48958
1.35429
-0.0778961
0.967957
0.499252
0.194855
-0.12587
-0.0852509
0.0585938
0.0627136
-0.184998
-0.233673
-0.0803223
-0.00126648
-0.0532227
-0.114731
-0.116638
-0.0549927
-0.0093689
-0.195557

[4]
-0.16568
-0.141327
-0.186203
-0.184189
-0.111298
-0.416977
-0.704086
-1.46158
-1.61295
-1.34846
-1.34846
-0.101379
-0.0862427
-0.00364685
-0.146652
-0.162445
-0.22081
-0.451126
-0.858704
-2.03183
-0.540375
-1.4846
-1.6169
-0.320831
0.660004
-0.569962
-0.859604
-0.667709
-0.556854
-0.464249
-0.357498
-0.276657
-0.144089
-0.08255
-0.0209198
0.183929
0.724823
1.09799
1.88554
2.13132
2.70384
1.65288
-1.05028
0.0715332
1.07556
0.589584
0.493332
0.176422
0.190826
0.187714

[5]
0.314148
-0.0300751
0.0202637
-0.0866547
0.0452576
0.0532227
0.0114746
-0.071106
0.0126953
0.0143127
0.0330811
0.0591583
-0.0177917
-0.0467987
-0.0339203
-0.105789
-0.136581
-0.0466309
-0.386536
-0.531097
-2.10896
-0.704559
-1.37828
-1.87718
-0.188492
0.728409
-0.639557
-0.939957
-0.667542
-0.574249
-0.440201
-0.324097
-0.219101
-0.121735
-0.0900421
-0.0209351
0.163345
0.634598
0.879135
1.59404
1.87361
2.71971
2.08214
0.4245
-1.35493
1.12604
0.885574
0.489578
0.171616
0.072937

[6]
0.238617
0.407104
0.128998
-0.000213623
0.00131226
0.00645447
0.106705
0.0908203
-0.0063324
-0.134781
-0.108643
0.034317
0.053772
-0.0440063
-0.0179596
0.00419617
-0.144165
0.035965
-0.115128
-0.361847
-0.699341
-1.9006
-1.46643
-1.38847
-1.00967
-1.10609
0.350052
-0.386993
-0.850189
-0.612106
-0.605179
-0.450165
-0.303055
-0.149078
-0.0735931
0.00512695
0.036087
0.124039
0.447327
0.947037
1.30737
1.91115
2.53111
2.76637
1.59497
-0.722168
-0.11525
0.703629
0.727402
0.564301

[7]
0.286362
0.279007
0.155365
0.337296
0.329163
0.0789032
0.0210114
0.01651
0.0883636
0.136673
0.0859985
-0.0201569
-0.0105896
0.0583801
0.0367279
0.00305176
0.00889587
0.0283356
-0.0643921
0.00605774
-0.135635
-0.483536
-0.764526
-1.69589
-0.831238
-1.39728
-1.24455
-1.13986
0.248871
-0.361649
-0.886047
-0.622116
-0.563309
-0.333908
-0.220901
-0.110703
-0.0337067
0.0100403
0.0966797
0.289291
0.745239
0.910965
1.51416
2.60843
2.76863
2.07628
0.476425
-0.971771
0.201767
1.67281

[8]
0.562469
0.556015
0.309235
0.187927
0.238388
0.143173
0.0289307
-0.0334473
-0.0325012
0.0451965
0.0769958
0.0533905
0.0380249
0.0424652
0.0609894
0.0257568
0.0231476
0.0467682
-0.0156403
-0.100327
-0.0514832
-0.158417
-0.477692
-0.793289
-2.02588
-0.827988
-1.41925
-1.55104
0.0299988
0.094223
-0.758896
-0.711716
-0.559677
-0.41777
-0.34021
-0.198639
-0.128662
-0.069931
0.00856018
0.208725
0.685501
0.968033
1.2305
1.69514
2.72916
2.71895
1.29268
-1.33453
-0.15065
1.22998

[9]
0.513748
0.481903
0.417084
0.217117
0.278732
0.190781
-0.0656281
-0.121872
-0.067276
0.0324707
0.17952
0.19603
0.0185242
-0.00112915
-0.00740051
0.0400696
0.0317383
0.00993347
-0.043457
-0.137909
-0.0756836
-0.0427399
-0.281265
-0.562592
-2.04182
-0.850922
-1.41177
-0.921173
-0.976852
0.694687
-0.338654
-0.869278
-0.56636
-0.445847
-0.302734
-0.200836
-0.148499
-0.0635071
-0.0228424
0.0365601
0.202942
0.588028
0.958237
1.65434
2.5387
2.73647
1.46848
0.33017
-0.776825
1.67273

[10]
0.350983
0.51123
0.511856
0.419937
0.13385
0.160751
0.0568848
-0.0639801
-0.203445
-0.195496
0.00912476
0.0980682
0.0331726
0.0745087
0.133316
0.0231628
0.0203705
-0.118958
-0.0134735
-0.0566864
-0.088089
-0.0887909
-0.34108
-0.906906
-2.02083
-0.598999
-1.52113
-1.73288
0.165909
-0.104904
-0.97995
-0.780045
-0.646545
-0.486221
-0.36203
-0.237
-0.17276
-0.0741425
-0.00570679
0.146545
0.52771
0.936691
1.50146
1.87621
2.66162
2.71706
0.924377
-1.29227
1.99701
0.308914

[11]
0.665955
0.298676
0.236191
0.44075
0.106247
-0.0251465
-0.0862732
-0.144028
0.0795898
0.134323
0.0534973
-0.105057
-0.0294037
0.0553741
0.184753
-0.00816345
-0.00852966
-0.0257568
-0.152191
-0.0970001
-0.188995
-0.55806
-0.773773
-2.09898
-0.874466
-1.3553
-1.54388
-0.0225983
0.437759
-0.819244
-0.740921
-0.546585
-0.398483
-0.314651
-0.182724
-0.137497
-0.040329
0.0582886
0.112915
0.379379
0.837204
1.25754
1.83382
2.66656
2.70607
1.78894
0.105331
-1.40613
-0.23526
1.48227

[12]
0.605576
0.62558
0.191742
0.0414276
0.231308
0.112427
0.0675201
0.0392761
-0.0859985
-0.0317993
-0.000320435
0.0183258
-0.0478058
-0.0648193
0.0491943
-0.120468
0.0548248
-0.110168
-0.135529
-0.0266876
-0.248169
-0.514191
-1.04214
-1.88509
-0.985901
-1.53242
-1.57094
-0.238144
-0.293243
-0.939011
-0.687027
-0.53981
-0.387848
-0.365143
-0.253647
-0.248459
-0.151413
-0.0591888
0.0451813
0.351746
0.770279
1.13898
1.66803
2.46672
2.73167
2.68658
-0.522507
-0.234497
2.40533
-0.12291

[13]
0.746933
0.369461
0.242996
0.231812
0.0168304
0.0559387
0.0388794
-0.000976562
0.0121918
0.0487366
0.0399475
0.0025177
-0.0318756
0.013504
-0.0122986
-0.0144653
0.0276337
-0.113205
-0.0987854
-0.0485687
-0.234436
-0.535233
-0.933456
-1.84846
-1.00888
-1.48178
-1.52905
-0.0644836
0.616898
-0.713638
-0.793762
-0.635132
-0.496201
-0.399307
-0.244232
-0.19014
-0.0920715
-0.0131989
0.0796814
0.362427
0.848129
1.22252
1.70659
2.41922
2.72697
1.30508
-0.177948
-0.865494
1.04591
0.777863

[14]
0.449341
0.61319
0.236801
0.211182
0.224823
0.0164948
-0.046814
-0.0593414
0.0878906
0.0735474
0.0644073
-0.0197601
-0.0560608
-0.00177002
-0.00828552
0.0414429
0.00863647
0.0173492
-0.149612
-0.0595856
-0.199387
-0.40567
-0.629456
-1.58025
-1.12357
-1.04355
-1.14481
-1.02574
1.10522
-0.457321
-0.857147
-0.529007
-0.418961
-0.299637
-0.252731
-0.23819
-0.150986
-0.102539
-0.015976
0.308594
0.745178
1.16559
1.73019
2.14087
2.73203
2.66978
1.83936
-0.899948
-0.946793
0.526825

[15]
0.852036
0.654404
0.778824
-0.00669861
0.369263
0.203918
0.207062
0.171219
0.051712
0.0419006
0.0636444
0.0659027
0.0270386
-0.0123138
0.0429535
0.0310211
-0.0104675
0.0154724
-0.0534973
-0.152954
-0.0610199
-0.149612
-0.382935
-0.813324
-1.33347
-1.0116
-1.1579
-1.72014
-0.569534
0.750488
-0.823135
-0.710709
-0.426682
-0.289536
-0.170776
-0.133591
-0.0990906
-0.0986481
-0.000305176
0.110886
0.385056
0.684402
1.0607
1.76842
2.71182
2.75653
2.06329
0.642334
-1.33562
1.48334

[16]
0.424683
0.867386
0.605606
0.224289
0.308273
0.0382385
0.159073
0.049942
0.0395508
0.0326691
0.0912018
0.132233
0.0774536
-3.05176e-05
0.0385895
-0.013382
0.0624237
0.0748444
-0.0512543
-0.120102
-0.0712128
-0.214218
-0.320557
-1.25041
-1.51257
-1.33791
-1.49649
-1.63889
0.0787811
-0.582153
-1.00728
-0.591965
-0.490448
-0.330948
-0.26442
-0.197845
-0.138962
-0.106979
-0.00341797
0.186035
0.693024
1.22707
1.69464
2.07095
2.74115
2.58009
1.59464
-1.34039
0.0533295
1.77193

[17]
0.345673
0.426575
0.565414
0.0694885
0.278061
0.192703
0.134262
0.143188
-0.0482941
0.0254059
0.0927124
0.0660095
0.0406342
0.0265808
0.0242004
0.0203705
0.0676422
0.0684814
-0.0747833
-0.0612335
-0.0651398
-0.266891
-0.505447
-1.39641
-1.55237
-1.26469
-1.18883
-1.72174
-0.152161
-0.408813
-0.939804
-0.570663
-0.481247
-0.296829
-0.21405
-0.13681
-0.0650482
-0.0669861
0.0465851
0.245407
0.665359
1.11729
1.42337
2.01732
2.74654
2.01862
1.84262
-1.35098
1.26369
1.03215

[18]
0.384537
0.783188
0.453613
0.278183
0.100067
0.0674896
0.093399
0.152527
0.0739441
0.0480042
0.108475
0.102982
0.0261993
-0.0514984
-0.0786438
-0.0361023
-0.0263062
-0.0591125
-0.0911713
0.0534058
-0.0127716
-0.207306
-0.494888
-1.41287
-1.53857
-0.899353
-1.54233
-1.83276
-0.680328
-0.681076
-1.14212
-0.755112
-0.592484
-0.40094
-0.337936
-0.232574
-0.202042
-0.201492
-0.0971527
0.055542
0.275238
0.969589
1.38895
2.01643
2.75081
2.71115
2.3177
-1.33968
0.983459
1.1449

[19]
0.876419
0.815628
0.383469
0.289398
0.188736
0.0823517
0.119415
0.0206604
0.025116
0.0160065
0.0230255
-0.0161133
-0.0449524
-0.0276031
0.0235748
0.0296021
0.0267181
-0.0687408
-0.167175
-0.0810242
-0.134598
-0.413757
-0.908203
-1.67905
-0.935654
-1.4351
-1.51164
0.299683
-0.289078
-0.831436
-0.688217
-0.486526
-0.355194
-0.303116
-0.238113
-0.199219
-0.110672
-0.0533752
0.0263824
0.266769
0.720367
1.23064
1.5988
1.91705
2.71921
2.06059
1.38097
-0.984879
-0.1483
1.27608

[20]
0.541183
0.532578
0.435623
0.123169
0.0945282
0.213608
0.0574951
0.0161743
-0.0651855
-0.0127258
0.0105591
0.0488281
-0.0137634
-0.0427399
0.0391083
-0.0308075
-0.0251923
-0.014389
-0.0953217
-0.0977478
-0.14212
-0.335297
-0.65564
-1.79095
-1.08395
-1.61652
-1.04813
-1.09853
0.889755
-0.422272
-0.80542
-0.511826
-0.4366
-0.298782
-0.271072
-0.186722
-0.114441
-0.0713043
0.0116577
0.245117
0.754807
1.13541
1.24838
1.72624
2.75813
2.50145
1.65042
0.434921
-0.945465
0.212143

