[1]
0.037323
-0.895508
-1.25082
0.0216827
-0.743195
-0.594284
-0.667572
-0.786621
-0.727554
-0.711319
-0.741821
-0.602219
-0.58577
-0.506744
-0.540009
-0.437561
-0.00299072
0.672989
1.12975
1.52379
1.44699
1.45317
1.498
0.502243
-1.40784
-1.16455
0.290085
-0.0267181
0.595428
-0.00413513
0.214066
-0.359024
-0.379959
-0.234558
-0.176712
-0.030365
-0.121536
-0.233185
-0.214508
-0.191177
-0.320343
-0.271164
-0.280548
-0.191071
-0.173538
-0.337585
-0.32988
-0.341599
-0.527618
-0.464294

[2]
-0.394775
-0.332184
-1.0188
-0.737427
-0.59671
-0.500137
-0.191345
1.0701
-0.893631
-0.524857
-0.753647
-0.654434
-0.432404
-0.269775
-0.29361
-0.284973
-0.317719
-0.265442
0.0497742
-0.243622
0.401199
1.08131
1.76903
2.18373
1.55614
1.18399
-0.168381
-1.91216
-0.519897
0.712753
0.587875
0.6371
0.545349
0.0196381
-0.545853
-0.285797
-0.0187531
0.165451
-0.0974884
-0.21196
-0.085907
-0.0208435
-0.0700378
-0.0576324
-0.0778503
-0.256287
-0.239273
-0.13121
-0.340073
-0.291412

[3]
-0.393478
-0.436447
-0.317078
-0.257324
-0.267456
-0.960815
-1.02486
-0.386719
-0.423996
0.0656281
1.34534
-0.721283
-0.233078
-0.626831
-0.536865
-0.359695
-0.263626
-0.272278
-0.219315
-0.289871
-0.294174
-0.126724
0.00515747
0.335449
1.03561
1.89822
2.27461
1.86482
2.06186
-0.553329
-1.85876
-1.34459
0.345612
0.242432
1.22656
0.219009
0.381149
0.036438
0.00805664
-0.182419
0.0171814
0.0878754
0.0245667
-0.0866241
-0.0841522
-0.00450134
-0.00941467
-0.0887909
-0.110321
0.0206909

[4]
-0.167969
-0.176544
-0.277298
-0.195602
-0.475647
-0.301041
-0.273712
-0.420624
-0.901917
-0.915619
-0.915619
-0.0317535
-0.107895
-0.222092
-0.154495
-0.19545
-0.382523
-0.323853
-0.265427
-1.09225
-1.14049
-0.4104
-0.107513
0.204651
0.908188
-0.797745
-0.144882
-0.545197
-0.385864
-0.119507
-0.0404205
-0.00154114
0.0282288
0.0487823
0.0516357
0.395309
0.543152
1.12999
1.37091
2.28644
2.1683
1.25121
-0.0437012
-1.76271
0.562775
0.448853
0.982361
0.3703
0.585373
-0.04039

[5]
-0.138184
0.164429
0.122589
0.180115
0.0868378
-0.0402374
-0.0934296
-0.0447235
0.0154877
-0.0198669
-0.00088501
0.0285034
-0.0856476
-0.0982971
-0.227325
-0.249313
-0.261276
-0.470505
-0.324448
-0.244003
-1.27499
-1.01479
-0.14386
-0.0692596
0.408966
1.28008
-0.626068
-0.275894
-0.632141
-0.476395
-0.348404
-0.185379
-0.105728
-0.0976257
-0.0700073
-0.0186768
0.250092
0.385056
1.06863
1.60429
2.26926
2.26128
0.911972
0.610306
-1.82568
0.319443
1.14926
0.360977
0.603271
0.273376

[6]
0.176041
-0.202286
-0.181778
0.16864
0.1026
0.28125
0.0440063
-0.0973206
-0.0159912
0.013504
-0.0547943
-0.148972
-0.0789642
0.0804749
-0.00151062
-0.263748
-0.140518
-0.328674
-0.326416
-0.255203
-0.133469
-0.593155
-0.914658
-0.956421
-0.580872
-0.437576
1.65092
-0.72406
-0.290924
-0.503693
-0.431564
-0.256897
-0.176315
-0.150131
-0.135757
-0.146423
-0.122238
-0.0149384
0.208481
0.515366
1.17194
1.54643
2.24657
2.1073
2.05942
-0.742661
-0.566788
-1.08176
0.662552
0.273453

[7]
1.33946
0.275482
0.47319
-0.035553
-0.0384979
0.0874176
0.0934601
0.3022
0.207001
0.0718231
-0.0201874
-0.00260925
-0.000564575
-0.0156708
0.0244904
0.0139923
-0.0106506
-0.151077
-0.173584
-0.301682
-0.223938
-0.083252
-0.0836029
-0.850815
-1.1684
-1.07367
-0.508621
-0.461105
1.63496
-0.883499
-0.143982
-0.500473
-0.430374
-0.261612
-0.204056
-0.181625
-0.194305
-0.128784
-0.0440979
0.322769
0.545227
1.08679
1.69827
2.33324
1.87216
2.06639
-0.110184
-0.950806
-1.11507
1.19373

[8]
0.555405
1.04944
0.493042
0.592987
0.0627594
0.0979462
0.0451965
0.113251
0.2771
0.144791
0.0722809
0.0505524
0.0979309
0.0589447
-0.00862122
-0.0703888
0.0492249
-0.021637
-0.0944672
-0.108627
-0.229416
-0.297882
-0.250046
-0.258987
-1.08485
-1.0215
-0.671799
-0.366287
0.267136
0.239975
-0.813019
-0.440765
-0.606995
-0.411041
-0.224396
-0.22963
-0.183151
-0.164536
-0.147461
-0.062973
0.102371
0.598907
1.17368
2.24118
2.35997
1.94986
1.04166
-0.492416
-1.38911
0.991745

[9]
0.792801
1.03262
0.586777
0.536469
0.0429535
-0.0276794
0.0736542
0.136826
0.22258
0.176834
0.0521851
0.0087738
0.077179
0.0691376
-0.0688477
-0.0420074
0.0456085
0.0260925
-0.0954132
-0.168396
-0.168869
-0.329742
-0.28923
-0.188217
-0.81308
-0.911743
-0.848175
-0.438828
-0.429672
1.66011
-1.11534
-0.490799
-0.628571
-0.426682
-0.263855
-0.0717316
-0.0520782
-0.0401001
-0.0457611
-0.0398407
0.0634766
0.397446
0.994095
1.62085
2.36076
2.38095
1.95192
-0.303848
-1.63609
0.264648

[10]
1.25015
0.701233
0.66861
0.392609
0.203079
0.0207672
-0.0322113
0.111649
0.350784
0.140289
0.085495
-0.0619049
-0.0955048
0.0849457
0.0895386
0.0996552
-0.00682068
-0.0648499
-0.226624
-0.218674
-0.233917
-0.395447
-0.287796
-0.119659
-1.45306
-1.4657
-0.1017
-0.389297
-0.686188
0.197388
-0.401001
-0.205719
-0.465515
-0.291092
-0.268478
-0.187851
-0.0849457
-0.0747681
-0.0184784
0.214127
0.428848
0.844727
1.46776
2.27853
2.36548
1.56509
-0.314453
-1.58731
0.874542
1.54988

[11]
0.701248
0.862167
0.55278
-0.456558
0.141724
0.234055
0.108154
0.450211
-0.113998
-0.0541534
0.0526276
0.183395
0.0941162
0.0543671
-0.128525
-0.0464172
-0.14238
-0.209915
-0.0804749
-0.236877
-0.290451
-0.209854
-0.145462
-1.22993
-0.7771
-0.537521
-0.412384
0.48468
0.220886
-0.844315
-0.445221
-0.649277
-0.49733
-0.262863
-0.261215
-0.232758
-0.260208
-0.217682
-0.202209
0.0198975
0.36557
1.07304
2.11183
2.37065
2.23592
2.25586
-0.434158
-1.70769
-0.842651
1.45831

[12]
0.64505
0.956116
0.321884
0.296753
-0.134445
0.102127
0.242783
0.0627899
0.301697
0.139877
0.135788
0.0298309
0.0242615
0.035141
0.0267944
0.132401
-0.212646
-0.107239
-0.118713
-0.265778
-0.218719
-0.127563
-0.260635
-1.0558
-1.17421
-0.438599
0.0837708
0.307129
0.2603
-0.618027
-0.540482
-0.5401
-0.365891
-0.135391
-0.149597
-0.0242462
-0.111099
-0.130005
-0.0930786
0.0769806
0.291931
1.03685
1.83987
2.32756
1.96994
1.1801
-0.165039
-1.71632
1.45795
0.797043

[13]
1.08252
0.464783
0.46933
-0.162277
0.120453
0.110382
0.0866241
0.231995
0.00358582
0.00590515
0.0467072
0.114609
0.0658112
-0.00984192
-0.134338
-0.0719299
-0.246262
-0.176086
-0.128616
-0.285889
-0.190979
-0.174377
-0.176437
-0.680786
-1.18433
-0.712341
-0.379105
0.353058
0.47789
-0.766159
-0.412888
-0.566406
-0.3759
-0.149017
-0.143127
-0.0894775
-0.145432
-0.156525
-0.187256
0.0657654
0.267426
0.95932
1.69527
2.28873
2.05562
1.68074
0.121292
-1.78029
0.185196
1.21136

[14]
0.787888
0.484314
0.575699
0.174866
-0.100204
0.00404358
0.100464
0.215729
0.173859
0.0282898
-0.0599365
-0.0131683
0.0301056
-0.0320892
-0.000564575
0.052948
-0.0731049
-0.293564
-0.160278
-0.216476
-0.21254
-0.130203
-0.239761
-0.910172
-1.22206
-1.14583
-0.105148
-0.0816193
1.52902
-0.65477
-0.376846
-0.527496
-0.439468
-0.234375
-0.103455
-0.0420532
-0.11998
-0.186569
-0.106888
-0.0328522
0.0144196
0.791611
1.42857
2.00185
2.05482
1.68469
1.71581
-1.64435
-0.712769
-0.932037

[15]
1.78606
0.844437
0.297668
0.602341
0.142181
-0.013382
0.205109
0.154938
0.27652
0.209259
0.114456
0.0465088
0.0528107
0.0220337
-0.0132904
-0.0426636
0.0080719
-0.0990143
-0.162445
-0.121384
-0.272263
-0.238846
-0.173874
-0.503143
-0.917709
-1.41251
-0.465256
-0.0444336
0.263199
0.892029
-0.711868
-0.312256
-0.554962
-0.457733
-0.284119
-0.168915
-0.144043
-0.135483
-0.178848
-0.019455
0.113953
0.441177
1.14465
1.96437
2.3512
1.7206
1.54082
1.35818
-1.72409
0.232651

[16]
1.33615
0.160446
0.630035
0.527939
-0.104935
0.278183
0.0662537
0.150299
0.268494
0.106949
0.119675
0.0691071
3.05176e-05
0.0267792
-0.0483398
0.0126648
-0.0128174
-0.177628
-0.128693
-0.0717926
-0.245834
-0.253433
-0.105652
-0.856827
-1.15193
-0.980179
-0.341354
-0.228928
1.61475
-0.499481
-0.259872
-0.418427
-0.494919
-0.21347
-0.158646
-0.103775
-0.052475
-0.0938721
-0.103622
0.14267
0.253662
0.896591
1.50085
2.13574
2.13603
1.89993
0.927917
-0.250839
-1.70619
0.995453

[17]
0.999725
0.885712
0.623856
0.485611
-0.0569305
0.0999756
0.133316
0.0554352
0.275467
0.165726
0.0187531
0.0439911
0.0805511
-0.0163574
-0.0180206
-0.0292511
-0.107513
-0.176117
-0.151947
-0.147079
-0.308884
-0.198761
-0.121155
-0.662399
-1.11456
-1.00467
-0.327332
-0.266922
1.2403
-0.503021
-0.400726
-0.511017
-0.57341
-0.290527
-0.231979
-0.247681
-0.241119
-0.249313
-0.272064
-0.226547
-0.105682
0.571091
1.46227
2.33669
2.1833
1.61566
1.97243
-1.70168
0.071228
1.2037

[18]
1.40594
0.313629
0.572357
0.217499
0.0815125
0.123169
0.0875397
0.114441
0.165649
0.109985
0.0914001
0.0934448
0.113571
-0.0347443
-0.137054
-0.0670166
0.0025177
-0.0233917
-0.0447845
-0.310028
-0.285187
-0.251251
-0.178284
-0.655411
-1.04883
-1.17949
-0.279434
-0.258865
0.813034
-0.441406
-0.382019
-0.498383
-0.503769
-0.203079
-0.0418549
-0.0187378
0.0265198
0.043045
0.0119629
0.141541
0.41246
1.06642
1.56989
2.27817
2.16983
1.75169
1.35013
-1.0919
-1.27859
1.90749

[19]
0.749191
0.659225
0.555801
-0.142105
0.0694122
0.12056
0.115906
0.234726
0.176437
0.0511322
0.0331421
0.0411987
0.0544739
-0.0270844
-0.134827
-0.0657349
-0.0597229
-0.212631
-0.118958
-0.296219
-0.362167
-0.143372
-0.411346
-1.09656
-0.987625
-0.869843
-0.155045
-1.9012
0.0424652
-0.654846
-0.434418
-0.565125
-0.364548
-0.15007
-0.12645
-0.0604248
-0.174683
-0.150238
-0.126389
0.0833588
0.174179
0.762604
1.63976
2.36099
2.32095
1.88972
1.23656
-1.48183
-0.858124
0.919968

[20]
1.2252
1.02425
0.618759
0.398926
0.0476685
-0.146072
-0.0332947
0.132889
0.277725
0.149979
0.0432587
-0.0387573
0.00985718
-0.00161743
-0.0597229
0.0195465
0.0228729
-0.220978
-0.19487
-0.18576
-0.264694
-0.164581
-0.0821991
-0.728729
-1.20441
-0.842865
-0.209412
-0.0937042
1.57736
-0.710831
-0.51683
-0.650314
-0.532059
-0.269882
-0.0992737
-0.106537
-0.136414
-0.180649
-0.138779
-0.00428772
0.0484772
0.650482
1.3965
2.09344
2.22238
1.5504
1.86258
-0.882599
-0.575958
-1.55135

