[1]
0.497543
0.898575
1.42458
-0.755219
0.372452
-0.597031
-0.555511
-0.565598
-0.437912
-0.385483
-0.378067
-0.357422
-0.22641
0.0250702
0.257172
0.577255
1.02301
1.0406
1.06715
1.08705
0.77684
0.705597
1.06937
-0.611801
0.356003
0.486191
1.02632
-0.060318
0.127884
-0.0513458
0.0736389
-0.0245972
0.0731201
0.00811768
0.00221252
0.012558
0.000946045
0.0368347
0.049118
0.0526123
0.045578
0.0523834
0.0863495
0.12114
0.208389
0.23848
0.353699
0.467926
0.641769
0.765121

[2]
1.03238
1.13928
1.16902
1.20033
0.894073
0.775589
-0.914856
-1.73747
0.287994
-0.704605
-0.769913
-0.785492
-0.669312
-0.640167
-0.573578
-0.450577
-0.336014
-0.058548
0.445221
1.0386
1.07835
1.12915
1.16661
1.183
0.911667
1.13739
-1.26273
0.64386
0.864212
0.881409
-0.176208
0.498886
0.33522
-0.243408
0.153061
-0.0519714
-0.0585632
-0.037323
-0.0298004
0.00674438
-0.00534058
-0.0152588
-0.00666809
0.0219269
0.0610504
0.104736
0.115143
0.163055
0.287399
0.413223

[3]
0.500961
0.604065
0.697113
0.929428
1.08601
1.10831
1.13391
0.841507
0.5233
-0.798386
-2.44562
0.212967
-0.796356
-0.877304
-0.865875
-0.767899
-0.687546
-0.607086
-0.518219
-0.378265
-0.133011
0.399765
0.923096
1.12617
1.1924
1.2462
1.271
0.928925
1.02831
0.155899
-1.17931
1.16116
0.887634
0.713531
0.389648
0.0957947
0.340149
-0.327499
0.0312195
0.0236511
0.0312042
-0.0917206
-0.0658264
-0.0389709
0.0134735
0.0364075
0.0516663
0.065094
0.0949249
0.110901

[4]
0.221497
0.194092
0.32634
0.449158
0.563583
0.637527
0.944351
1.06889
1.08926
1.11676
1.11676
0.162582
0.186356
0.289032
0.440948
0.619553
0.640915
0.817123
1.03214
1.04471
1.06146
1.08313
0.645447
-0.912186
-2.25294
0.0730591
-0.942825
-1.02185
-0.940353
-0.85379
-0.7659
-0.643936
-0.458374
-0.304428
0.0814819
0.705521
1.16583
1.24529
1.31377
1.34914
1.29718
1.31154
-0.727264
0.588531
1.25041
0.657394
0.373627
0.105911
0.136612
0.0766907

[5]
0.00788879
-0.0141296
0.019104
0.0296783
-0.00398254
0.0210419
0.05159
0.046051
0.0472412
0.0382843
0.0729065
0.129715
0.18663
0.193085
0.225494
0.384033
0.540482
0.622879
0.770142
1.03935
1.05151
1.06589
1.08888
0.734619
-1.07176
-1.97113
0.0545197
-0.989929
-0.983551
-0.90361
-0.857361
-0.782455
-0.658249
-0.536835
-0.388931
-0.0330658
0.519623
1.13855
1.22055
1.29599
1.34352
1.35684
1.33194
-0.0684967
0.920563
1.23499
0.879913
0.341858
0.194992
-0.253586

[6]
0.314697
-0.106812
0.112244
0.0498962
-0.0179901
-0.0207367
0.0281372
0.0312042
0.0661316
0.0375671
0.0292358
0.0396271
0.0964508
0.179886
0.147522
0.295853
0.405716
0.528366
0.563141
0.75351
1.03371
1.04755
1.06464
1.08736
0.494232
-0.252274
-1.87024
0.275772
-0.888809
-0.934784
-0.957977
-0.854691
-0.761002
-0.661896
-0.539185
-0.357666
-0.148453
0.278702
0.989029
1.24071
1.32864
1.39676
1.42795
1.30779
1.36519
-1.16501
0.551819
1.29732
1.25027
0.0475922

[7]
0.352371
0.199203
0.346222
-0.116562
0.142563
0.0903778
-0.0682373
-0.0428925
0.00128174
0.0189972
0.0555267
0.0818939
0.0815582
0.0605164
0.1185
0.167328
0.179794
0.304672
0.425018
0.490265
0.536972
0.794617
1.03517
1.0472
1.06288
1.0825
0.412552
-0.522217
-1.89877
0.197205
-0.951782
-1.01543
-0.934082
-0.757278
-0.59906
-0.45874
-0.277252
-0.0913239
0.319397
0.95668
1.23288
1.32745
1.40799
1.45253
1.2805
1.39891
0.420593
0.40242
0.612656
1.2422

[8]
0.514755
0.218689
-0.124557
0.224548
0.0232849
-0.00196838
0.0722656
0.0408173
3.05176e-05
-0.00209045
0.0530701
0.0456848
0.0479736
0.0243073
0.0196991
0.0892334
0.165131
0.214752
0.271652
0.417252
0.561066
0.701248
0.948196
1.03061
1.04247
1.05862
0.813232
0.484711
-0.646744
-1.56789
-0.218277
-1.07706
-0.915771
-0.833862
-0.741226
-0.596191
-0.448334
-0.259933
-0.0110168
0.531891
1.16345
1.24757
1.33359
1.39587
1.37703
1.17302
1.2381
-0.470413
0.318665
1.26318

[9]
0.463989
0.20639
0.116837
0.153305
0.177368
0.116821
0.0185242
-0.0554962
0.00796509
-0.0185089
0.0363007
0.0682678
0.0633392
0.0432281
0.0442047
0.0768127
0.178329
0.209961
0.222137
0.357651
0.512115
0.623047
0.775223
1.02539
1.03592
1.04816
1.04572
0.511597
-0.935165
-2.41595
0.365402
-1.02533
-0.912415
-0.899658
-0.772507
-0.674622
-0.5914
-0.436783
-0.190216
0.114563
0.72554
1.22513
1.31747
1.39938
1.4451
1.30434
1.40024
0.236801
0.389664
1.27458

[10]
0.349991
0.473602
0.316833
0.155777
0.0930176
0.136078
0.0353241
-0.0165253
0.0435638
-0.0716705
0.0225067
0.0364838
0.0608063
0.110229
0.0626831
0.0801849
0.198944
0.137466
0.224075
0.449295
0.576691
0.651443
0.809097
1.02744
1.03828
1.05269
1.073
0.540802
0.139191
-1.2644
-0.197983
-1.06367
-1.03188
-0.886276
-0.852493
-0.643524
-0.519211
-0.26178
-0.0631409
0.531876
1.16777
1.25385
1.33868
1.39505
1.41393
1.38916
1.06221
0.787201
1.24977
0.638123

[11]
0.154449
0.0198364
0.302582
-0.0405884
-0.00717163
0.022522
0.0235443
0.00993347
-0.00117493
0.0931854
0.0705261
0.0218964
0.0329132
0.0822906
0.223801
0.216049
0.23436
0.253571
0.449814
0.513214
0.544601
0.798294
1.02846
1.04115
1.0574
0.77742
0.566193
-0.629913
-1.98799
-0.157974
-1.02032
-0.881027
-0.871704
-0.710846
-0.612442
-0.499023
-0.32991
-0.0817719
0.2771
1.03262
1.22093
1.30635
1.37465
1.40475
1.32019
1.28813
0.468201
0.312393
0.417419
1.19856

[12]
0.269089
0.746292
-0.152008
0.0842438
-0.0352783
0.0858917
-0.0247192
-0.00430298
-0.015625
-0.0260315
-0.00959778
0.039917
0.0299225
0.0251923
0.0498199
0.0926208
0.189423
0.320358
0.447754
0.562149
0.637192
1.00787
1.03285
1.04707
1.06517
0.726181
0.369873
-0.549164
-0.68187
-0.523422
-0.911621
-0.870956
-0.816406
-0.750473
-0.617493
-0.557755
-0.365509
-0.131027
0.245697
0.942703
1.20735
1.29547
1.36749
1.40363
1.29123
1.15536
0.153778
1.03758
1.22649
0.268631

[13]
0.380173
-0.110092
0.264252
-0.106628
0.0733185
-0.00862122
-0.0251923
0.0439758
-0.0413361
0.0111389
0.0334473
0.0369263
0.0330658
0.0335693
0.115936
0.131546
0.202347
0.363647
0.492584
0.585419
0.667313
0.936371
1.03206
1.04597
1.06354
0.955978
0.319778
-0.854019
-1.86438
-0.199295
-1.01994
-0.918335
-0.88942
-0.753998
-0.659546
-0.542145
-0.355164
-0.140121
0.226074
0.975769
1.20052
1.28204
1.3504
1.38141
1.24873
1.32845
-0.605331
0.524414
1.24545
0.827454

[14]
0.139252
0.48233
0.101974
-0.00614929
0.0791168
0.0503387
-0.0139771
-0.00289917
-0.039917
0.0120697
0.0787811
0.0860138
0.0353241
0.0378876
0.0810089
0.197266
0.180435
0.219772
0.39473
0.522202
0.570206
0.817963
1.03595
1.04903
1.06552
1.05519
0.366989
-0.83194
-2.3539
0.328049
-0.961792
-0.881958
-0.905991
-0.77858
-0.708847
-0.643661
-0.487289
-0.22554
0.170029
0.75618
1.20139
1.28622
1.35941
1.40067
1.22823
1.17279
0.976868
-0.323502
0.631653
1.25629

[15]
1.21483
0.331558
0.138397
0.0282593
-0.0288086
0.0949554
0.0340729
-0.03125
0.0446777
0.0296783
-0.000488281
0.0190582
0.0434113
0.0528107
0.031723
0.0518646
0.211334
0.233444
0.291367
0.395523
0.4776
0.63588
0.819336
1.03453
1.04628
1.06281
0.862717
0.461639
-0.542206
-2.19031
0.0310364
-0.987747
-0.84523
-0.786545
-0.665588
-0.525955
-0.450714
-0.297256
-0.00210571
0.36528
1.04178
1.25797
1.3492
1.42163
1.45335
1.04251
1.23973
0.700089
0.874222
1.274

[16]
0.494965
0.289642
0.191208
0.155975
-0.0240631
0.0780182
0.108536
0.000701904
0.0427551
-0.00372314
0.0131378
0.050705
0.0388031
-0.00737
0.0419617
0.122864
0.289597
0.2229
0.338913
0.483246
0.552277
0.691666
1.02298
1.03247
1.04454
1.06317
0.473083
-0.204468
-1.11476
0.163574
-0.602676
-0.92244
-0.96492
-0.810501
-0.771942
-0.599731
-0.438889
-0.223099
0.121353
0.756805
1.20709
1.29594
1.37445
1.41685
1.2775
1.21788
1.32007
-0.366989
0.420654
1.25662

[17]
0.567856
0.411942
0.0272675
0.251984
-0.0305176
0.0622711
0.0515137
0.0307922
0.0189362
-0.0104523
-0.00668335
0.0366058
0.0479584
0.0493011
0.0335999
0.150467
0.204636
0.232849
0.394104
0.468994
0.565445
0.703415
1.02782
1.03912
1.05151
1.07085
0.363953
-0.207489
0.122986
0.0332642
-0.589798
-0.94812
-0.91301
-0.791626
-0.717056
-0.580063
-0.396393
-0.180511
0.148743
0.739807
1.20726
1.29662
1.37976
1.43031
1.1978
1.41074
0.693802
0.483246
1.283
0.691605

[18]
-0.0646057
0.302551
0.280624
0.0744934
0.0175629
0.0603333
0.00308228
0.00100708
-0.00354004
0.0159149
0.00692749
0.045929
0.0725555
0.0562134
0.049881
0.157288
0.221619
0.234451
0.415985
0.518036
0.600204
0.69603
1.02202
1.03267
1.04578
1.06516
0.467819
-0.0391388
1.11714
0.163376
-0.596878
-0.928741
-0.931702
-0.795105
-0.759323
-0.597763
-0.48732
-0.240234
0.125992
0.661179
1.18895
1.28162
1.36313
1.41415
1.29416
1.21092
0.917175
0.215195
0.732941
1.21706

[19]
0.217026
0.454178
0.0485077
0.0923309
-0.0225677
0.0567017
0.0129547
0.0205841
0.0143738
0.00904846
0.0722504
0.0595093
0.0561523
0.0657501
0.103043
0.221909
0.254532
0.249329
0.44545
0.528854
0.580994
0.838272
1.03377
1.04544
1.06244
0.746887
0.346909
1.11386
-0.716873
-0.343948
-0.954376
-0.891022
-0.838776
-0.766449
-0.630081
-0.563171
-0.415222
-0.176743
0.156647
0.855347
1.2028
1.2896
1.36469
1.40585
1.29785
1.10495
1.22466
0.363037
0.26683
1.21593

[20]
0.242584
0.475586
0.0776367
0.135162
0.057785
0.0614014
0.00871277
-0.0570984
-0.0188904
-0.0221252
-0.00740051
0.026123
0.0816803
0.044632
0.067337
0.120789
0.211227
0.246124
0.435852
0.513626
0.570038
0.753998
1.03175
1.04515
1.06065
0.950409
0.185699
-0.777451
-1.94473
0.184647
-0.981873
-0.928207
-0.884949
-0.831741
-0.700119
-0.590088
-0.420395
-0.196701
0.148727
0.80098
1.19826
1.28297
1.36192
1.41208
1.29535
1.16652
1.12267
0.0650177
0.425476
0.669373

