[1]
0.665283
0.493607
0.458374
0.433548
0.303497
0.209152
0.113373
-0.071167
-0.301376
-0.565521
-0.927002
-1.24184
-1.20026
-1.15193
-1.08595
-1.53993
-1.13843
-0.940659
0.653183
1.27946
0.208923
-0.304413
0.134109
-0.224442
-0.290909
-0.00883484
-0.000717163
0.0482941
0.172592
0.124786
0.176239
0.0993347
0.131088
0.208344
0.147232
0.135513
0.108948
0.129211
0.182404
0.147705
0.112167
0.112335
0.134537
0.130432
0.121323
0.124054
0.171021
0.16301
0.147705
0.203522

[2]
0.13884
0.139069
0.182541
0.165436
0.243637
0.714584
1.47356
1.00549
0.626526
0.173386
0.248215
-0.2146
0.083725
0.503799
0.970139
0.753021
0.581589
0.452316
0.462524
0.430603
0.423431
0.122849
0.141159
-0.211639
-0.435425
-0.664154
-0.769928
-0.6996
-0.783249
-0.759735
-1.00146
-1.30147
-1.58997
-1.58429
-1.16971
-0.946854
1.42677
0.719009
-0.650238
-0.0312805
-0.559189
-0.385498
-0.135971
-0.0379944
0.116867
0.129608
0.178665
0.213943
0.187271
0.193787

[3]
0.0992126
0.118896
0.082428
0.039566
0.11618
0.160858
0.142059
0.115692
0.0357971
0.0731049
0.0898895
0.100281
0.0886536
0.130829
0.119156
0.136307
0.153595
0.123199
0.138
0.200882
0.0898895
0.563156
1.45192
0.670547
0.764755
0.285217
0.274734
0.410339
0.107254
0.107376
0.506516
0.710266
0.699097
0.631332
0.410126
0.347275
0.327698
0.237411
0.148987
0.00201416
-0.186935
-0.383545
-0.587204
-0.959518
-1.16483
-1.34097
-1.44518
-1.45073
-1.83601
-1.4425

[4]
-1.19446
1.07251
0.515991
-0.854111
-0.0628815
-0.451508
-0.591537
-0.355774
-0.0216217
0.119843
0.012558
0.0471039
0.0119781
0.161621
0.118225
0.11467
0.0354309
0.116211
0.0342712
-0.0416412
-0.00186157
0.0708008
0.0304718
0.0465088
0.0316162
0.073288
0.0718689
0.107803
0.102905
0.0947113
0.0483704
0.134125
0.0996246
0.13942
0.194595
0.450348
0.800293
1.05673
0.636902
0.756149
0.322128
0.232681
-0.309982
0.22197
0.549438
0.799286
0.577179
0.339813
0.304443
0.332764

[5]
0.339905
0.26973
0.136841
0.0279083
-0.0975037
-0.321609
-0.534882
-0.899567
-1.23317
-1.35588
-1.70053
-1.74345
-1.94897
-1.68927
-1.24942
-0.496521
1.50168
-0.258179
-0.543427
-0.383591
-0.712646
-0.189957
-0.0397034
-0.189575
-0.0529022
-0.00534058
0.0505066
0.0601196
0.0355072
0.0432281
0.0225677
-0.0708466
0.015274
0.010788
-0.0254822
0.0578918
0.0234833
-0.000854492
-0.000946045
0.0157776
0.0103149
0.0441132
0.0437775
0.0343628
0.0681915
0.0458069
0.118317
0.0685272
0.115799
0.202026

[6]
0.702011
1.21783
0.975967
0.508835
0.235382
0.337997
0.0491333
0.0432892
0.365387
0.780899
0.676025
0.480576
0.394394
0.374756
0.341797
0.252853
0.204895
0.0682831
-0.0361023
-0.296356
-0.491409
-0.852142
-1.24156
-1.49297
-1.58598
-1.50311
-1.86906
-1.584
-1.62555
-0.583237
1.59038
-0.304398
-0.561584
-0.269318
-0.537125
-0.478271
-0.228363
-0.0370178
0.010437
-0.0901337
-0.0775757
-0.100769
0.032486
0.0905609
-0.0766754
-0.0894318
-0.0289001
-0.00662231
-0.0125732
-0.0168152

[7]
0.00714111
0.0110626
-0.0507355
0.00567627
0.0112457
0.0523987
0.0956726
0.109009
0.0484314
0.0873108
0.0943909
0.0735016
0.0871277
0.191528
0.508041
1.11418
1.02527
0.610825
0.187897
0.168945
-0.346512
0.166107
0.492249
0.791809
0.504776
0.43663
0.377914
0.410019
0.317047
0.279297
0.145233
0.116638
0.0419159
-0.137909
-0.399246
-0.734268
-1.06316
-1.26419
-1.55399
-1.81137
-2.28781
-1.34386
-1.44458
0.522705
1.4507
-1.46269
-0.572968
-0.22789
-0.583282
-0.517212

[8]
-0.0539093
-0.027832
0.0248413
-0.0753937
-0.0527344
-0.0773315
0.100571
0.0608063
-0.0342865
-0.0769653
-0.0459442
-0.0671997
-0.0444183
0.00646973
-0.0364838
-0.0576172
-0.0414581
0.0220642
0.0361938
0.0511017
0.11026
0.0886688
0.125671
0.0954132
0.0789337
0.0890503
0.129227
0.236252
0.573944
1.22385
0.804718
0.426544
0.138016
0.15976
-0.201782
0.142502
0.624664
0.745453
0.55632
0.422607
0.345398
0.28598
0.277374
0.261887
0.100159
-0.033844
-0.289017
-0.619141
-0.779327
-1.00427

[9]
-1.19098
-1.22928
-1.24472
-1.42039
-1.72684
-1.64062
-1.60165
0.71701
1.1781
-0.855972
-0.127457
-0.270325
-0.781494
-0.417374
-0.244812
-0.137421
-0.125519
-0.0764771
-0.0248413
-0.00946045
-0.0575256
-0.0502167
0.0188599
-0.0071106
-0.0231781
-0.0622406
-0.0234375
0.00318909
0.0100708
-0.00532532
-0.0122223
-0.0663147
-0.0101776
0.0148315
0.0125885
0.0334625
0.0576324
0.0469818
0.0599518
0.0774994
0.0282898
0.0990143
0.208984
0.602249
1.16519
0.761566
0.584244
0.0737457
0.054245
-0.152939

[10]
0.152481
0.660492
0.756958
0.475372
0.375458
0.368881
0.373154
0.267166
0.165619
0.0363464
-0.194397
-0.391266
-0.462036
-0.609528
-0.967422
-0.737503
-1.26891
-1.7048
-1.86897
-1.70953
-1.33232
-1.17226
-0.485504
1.69257
-0.803513
-0.430984
-0.285751
-0.299728
-0.237839
-0.102402
0.0439301
-0.0712738
0.0661316
0.0839386
0.101898
0.113449
0.110458
0.0849609
-0.010025
0.0207977
0.0151672
0.012619
0.0202179
0.042572
0.0625
0.0199585
0.0432129
0.0592041
0.0694427
0.0943146

[11]
0.137085
0.0930023
0.0892639
0.100281
0.111938
0.158615
0.162506
0.526657
0.927628
0.868118
0.547363
0.573792
0.0959778
0.122269
0.132523
0.290085
0.80246
0.753693
0.441345
0.387222
0.302612
0.273987
0.234573
0.162048
0.0877686
-0.00483704
-0.256088
-0.402527
-0.879379
-1.24959
-1.58159
-1.66934
-1.61308
-1.76831
-1.67661
-1.39273
0.0980072
1.45372
-0.90097
-0.368256
-0.274155
-0.623077
-0.433105
-0.198212
0.0186005
-0.117722
0.0153198
-0.116058
-0.048233
-0.0712433

[12]
0.0884705
-0.0387573
-0.0593262
-0.0748596
-0.0193939
-0.0382385
-0.00392151
-0.00567627
-0.0266266
-0.0437622
-0.052475
0.00314331
0.0561066
0.085556
0.0654907
0.0982666
0.0938873
0.113113
0.112534
0.0969849
0.271393
0.761642
1.3564
0.767151
0.470886
0.3629
0.560547
-0.336914
-0.000442505
-0.00509644
0.716049
0.746765
0.559265
0.404984
0.264099
0.22818
0.209595
0.157242
0.0629425
-0.18837
-0.403839
-0.653458
-1.01521
-1.32027
-1.44917
-1.49007
-1.4957
-1.61725
-1.82344
-1.22388

[13]
-0.600128
1.62866
-0.351669
-0.55162
-0.17009
-0.56163
-0.226242
-0.271957
0.00109863
-0.117004
0.030777
-0.0607605
0.0167694
0.086792
0.0860291
0.0351105
-0.0310364
0.0325928
0.00891113
0.0193329
0.0319366
-0.0114594
0.0119019
0.0129395
0.0252533
0.0768433
0.0984039
0.105743
0.125214
0.0891418
0.155807
0.133957
0.143097
0.277191
0.6492
1.19984
0.816208
0.512772
0.231674
0.189926
-0.100555
0.166763
0.525681
0.759872
0.520584
0.365509
0.322067
0.375824
0.358749
0.31546

[14]
0.191162
0.0696411
-0.282745
-0.377106
-0.687607
-1.04865
-1.63283
-2.09581
-2.15915
-1.93332
-1.49088
-1.58238
-1.27713
1.63327
-0.179337
-0.913284
-0.417023
-0.250961
-0.488663
-0.435379
-0.0101471
0.0204773
0.169083
-0.126007
-0.0184174
0.0917664
0.0487518
-0.0468903
-0.0570221
-0.027298
-0.0052948
0.00352478
-0.0218048
-0.00559998
-0.00996399
-0.0259552
0.019928
0.0345612
0.113785
0.133011
0.115219
0.115845
0.0860901
0.0827637
0.111816
0.203979
0.614624
1.41473
1.0238
0.668289

[15]
0.0223083
0.307846
-0.315857
0.147964
0.436279
0.793991
0.623322
0.482819
0.381027
0.401611
0.383209
0.355774
0.298782
0.066803
-0.0921326
-0.5522
-0.737381
-1.02592
-1.39363
-1.54739
-1.493
-1.54713
-1.80841
-1.63947
-1.13853
1.57863
0.0767059
-0.742996
-0.282471
-0.543472
-0.372345
-0.24501
-0.138779
0.0222168
-0.054184
-0.0195312
0.0431213
-0.0455627
-0.00544739
0.0460052
-0.00256348
0.0391846
0.011261
0.046936
0.0326996
0.0658569
0.0361176
-0.0218048
-0.0131683
0.00727844

[16]
0.0621338
0.0454712
0.0236511
-0.035202
0.00837708
0.0275116
0.0337677
0.0065918
-0.0185089
0.0128174
-0.0122986
-0.00216675
0.00245667
0.0117493
0.0687866
0.108994
0.105347
0.139496
0.0994873
0.0838928
0.106461
0.103058
0.600006
1.36127
0.779373
0.576706
0.182617
0.258301
-0.0341187
0.210266
0.357971
0.821854
0.676254
0.524139
0.41272
0.306808
0.32933
0.268219
0.174072
0.104904
-0.00428772
-0.265594
-0.590424
-0.871613
-1.26848
-1.50038
-1.7865
-1.78185
-2.01318
-1.66942

[17]
0.0396881
0.100174
0.111679
0.119095
0.0886383
0.0750732
0.0777435
0.0685425
0.091095
0.598801
1.242
0.933533
0.586349
0.0731354
-0.0541992
-0.00282288
0.0317841
0.548218
0.941849
0.665344
0.531754
0.429413
0.379868
0.368332
0.348312
0.231018
0.12645
-0.0411224
-0.329071
-0.592651
-0.821335
-1.07018
-1.39915
-1.75043
-1.70807
-1.5701
-1.64386
-1.36859
-0.346405
1.63019
-1.03616
-0.389435
-0.478531
-0.660843
-0.279373
-0.166367
-0.108841
-0.0378571
0.0940552
-0.0808411

[18]
-0.0529022
0.989319
-1.11142
-0.532394
-0.414612
-0.445023
-0.421967
-0.0528412
0.0236511
-0.0445251
-0.0490875
-0.0674591
-0.0608063
0.0578003
0.0684967
-0.0260315
-0.0474396
-0.0402222
-0.0102234
-0.0432281
-0.00492859
-0.0209961
-0.0713501
-0.0715485
0.000900269
0.0185394
0.0747986
0.111389
0.110703
0.141037
0.058075
0.0648346
0.0417023
0.380142
1.24806
0.972015
0.552078
0.212753
-0.0124359
0.0447235
0.221222
0.667679
0.876358
0.581528
0.480667
0.37793
0.352951
0.345398
0.300735
0.121521

[19]
0.0602112
-0.211075
-0.63649
-0.673615
-0.952454
-1.08571
-1.38583
-1.19809
-1.41335
-1.73442
-1.41968
-1.53348
-0.140656
1.31934
-0.397995
-0.526306
-0.473007
-0.798798
-0.154053
-0.293213
0.0478668
0.00132751
-0.0482788
-0.0288849
-0.0511017
0.0749054
0.0566711
-0.100677
-0.0237427
0.0152283
0.0590363
0.034256
-0.00309753
-0.022171
-0.0143738
-0.0157623
0.0312195
0.035202
0.115631
0.146027
0.0760803
0.12558
0.128525
0.159683
0.156036
0.6091
1.13116
0.934158
0.552521
0.0133209

[20]
0.0473328
0.0522919
0.0728607
0.581055
0.777206
0.531479
0.398193
0.332794
0.238754
0.263184
0.242798
0.0915527
-0.0576172
-0.268478
-0.580917
-0.883209
-1.20729
-1.2861
-1.49734
-1.24928
-1.39055
-1.77931
-1.48563
-1.4323
0.909241
0.710052
-0.99353
-0.328964
-0.606171
-0.588379
-0.332657
-0.190079
-0.0375671
-0.108749
-0.154831
-0.0960236
-0.0738525
-0.00723267
-0.0179901
-0.0765991
-0.072052
-0.0495911
-0.0831604
-0.0658875
-0.0423126
-0.0386505
-0.0524292
-0.0438843
-0.0318298
-0.00701904

[21]
0.00680542
0.017868
0.0941467
0.102692
0.0181427
0.0669098
0.0205688
0.33078
0.710144
0.9561
0.726685
0.651291
0.216721
0.18573
-0.208755
0.0591278
0.47113
0.806808
0.539322
0.374756
0.250702
0.22963
0.256821
0.144943
0.0764923
0.0516663
-0.08992
-0.358154
-0.85614
-1.34436
-1.79512
-1.86298
-1.87263
-1.74953
-1.59087
-1.55136
-1.17426
1.20457
0.278183
-1.16954
-0.375061
-0.58345
-0.464096
-0.305511
-0.143524
-0.231369
-0.16835
-0.139938
-0.133911
-0.105667

[22]
-0.022995
0.01651
-0.094223
-0.110123
-0.12085
-0.068985
-0.0283051
-0.0619049
-0.0862579
-0.0570374
-0.0276031
-0.0476532
-0.00120544
0.00164795
0.0474396
0.00132751
0.0315247
-0.0192413
0.001297
0.223404
0.658936
0.992065
0.884232
0.62352
0.33226
0.115509
-0.122314
0.00271606
0.456894
0.70993
0.51886
0.348999
0.297455
0.240829
0.175735
0.142212
0.105957
0.0393524
-0.0224152
-0.179169
-0.568146
-1.00763
-1.56027
-1.87358
-1.76093
-1.92558
-1.7373
-1.57445
-1.27718
-0.0199738

[23]
1.56956
-1.36049
-0.698944
-0.360748
-0.464615
-0.345978
0.0361176
-0.151962
-0.133499
-0.0674591
-0.112183
-0.0353699
0.074707
-0.0237579
-0.0995026
-0.0838013
-0.0471954
-0.0487366
-0.0699921
-0.0760498
-0.0482025
-0.0331421
-0.0546417
-0.0317993
-0.015152
0.0114288
0.0466766
0.0149689
0.00895691
0.0479279
0.035141
0.126312
0.187607
0.516724
1.1404
0.932434
0.611679
0.0587769
0.147659
-0.285172
0.175644
0.59314
0.811722
0.59079
0.439804
0.296021
0.237686
0.313858
0.247849
0.138931

[24]
0.0497742
-0.0238953
-0.244064
-0.609695
-0.925735
-1.47737
-1.62703
-1.50436
-1.54027
-1.58717
-1.54771
-1.39597
-0.732254
-0.0476685
1.61089
-0.277512
-0.385544
-0.199768
-0.860031
-0.540436
-0.234543
-0.216553
-0.0279236
-0.0386505
0.00619507
-0.0834351
-0.053299
0.102722
0.0565033
0.0875854
0.0228424
0.0679626
0.0423279
0.0116119
0.0185394
0.0293732
0.00753784
0.0134277
0.0419159
0.0524292
0.0528564
0.0817413
0.057785
0.0691223
0.097702
0.120438
0.14006
0.514481
1.2002
0.904922

[25]
0.76828
0.295822
0.204666
0.00233459
0.169617
0.512238
0.893204
0.615768
0.467667
0.425537
0.371643
0.416382
0.313629
0.271713
0.0220184
0.00132751
-0.521683
-0.877838
-1.07269
-1.61223
-1.73654
-1.53416
-1.25887
-1.21924
-1.33861
-1.41983
-0.178909
1.67531
-1.0322
-0.223312
-0.104462
-0.413727
-0.319443
0.00357056
0.00843811
-0.00856018
0.0786896
0.0632629
0.0502167
0.0188141
0.131271
0.090271
0.0467072
-0.00186157
0.0545197
0.115173
0.102188
0.042572
0.0298004
0.0591431

[26]
0.0830383
0.0761108
0.0966644
0.1604
0.178101
0.139175
0.0861053
0.0787048
0.14978
0.192444
0.300491
1.29784
1.26807
0.701431
0.347046
0.2155
0.29924
0.0659332
0.246063
0.711014
0.75946
0.588898
0.456528
0.371002
0.371689
0.428909
0.343399
0.142166
0.0876617
-0.0380402
-0.46283
-0.69809
-0.829315
-1.18069
-1.6619
-1.69157
-1.47801
-1.48471
-1.21643
-1.30342
0.819077
1.17485
-0.611862
-0.172531
-0.169479
-0.36528
-0.0922241
-0.0874939
0.0151825
-0.0567627

[27]
-0.0199432
0.101379
0.0166931
0.0778198
0.101944
0.0137939
0.0765686
0.0434418
0.00875854
0.0435638
0.0709534
0.0410767
0.0554199
0.0614929
0.110779
0.10228
0.142487
0.133057
0.145706
0.127914
0.0714569
0.108017
0.0546112
0.343521
0.802826
1.172
0.816757
0.624374
0.257614
0.152069
-0.00880432
0.393112
0.690018
0.725082
0.495651
0.467133
0.456039
0.45842
0.41774
0.186066
0.201721
0.0237427
-0.362061
-0.477844
-0.588898
-1.00134
-1.29211
-1.7247
-1.63176
-1.66388

[28]
-1.76187
-1.33246
-1.46049
0.44957
1.08633
-1.20349
-0.250809
-0.329132
-0.622574
-0.189926
-0.159943
0.00396729
-0.0727692
-0.150803
-0.0839386
-0.00418091
0.0269165
-0.091629
-0.105453
-0.0897217
-0.0305176
-0.0568237
-0.062561
-0.0380554
0.00463867
-0.0147858
0.0262909
0.0462799
0.0430145
0.0697327
0.0992432
0.0387726
0.071106
0.0824738
0.0942993
0.104126
0.335754
1.0697
1.15558
0.611908
0.301865
0.0380402
-0.00950623
0.183075
0.494537
0.889832
0.650803
0.460922
0.362518
0.349747

[29]
0.353195
0.277603
0.0358429
-0.0471191
-0.199402
-0.527466
-0.739563
-0.927689
-1.19576
-1.25157
-1.26167
-1.21974
-1.20566
-1.2348
-1.20795
-1.06628
1.18301
1.01581
-0.69725
0.0957947
-0.0603485
-0.524323
-0.169937
0.101761
0.042099
0.096344
0.102203
0.131836
0.147751
0.121338
0.177109
0.189087
0.0935211
0.0366669
0.102509
0.139984
0.0957184
0.10051
0.0766296
0.106934
0.103683
0.144806
0.154633
0.191254
0.189499
0.134766
0.17955
0.218765
0.227173
0.362701

[30]
0.666855
1.13434
0.71199
0.942719
0.101669
0.157242
0.258148
0.208389
0.922409
0.8797
0.547195
0.417358
0.297546
0.275894
0.299805
0.0793457
-0.0178375
-0.261703
-0.448639
-0.697906
-1.06042
-1.27643
-1.35947
-1.66965
-1.67259
-1.5936
-1.2708
-1.02943
-0.771454
1.72935
0.518951
-1.08566
-0.131134
-0.444031
-0.297516
-0.176804
0.123062
-0.0180664
0.100113
0.039093
-0.0415344
0.182571
0.0757446
0.0850677
-0.0428009
0.0214691
0.0838013
0.0499573
0.0341339
0.0315247

[31]
0.0453644
0.0292664
0.0644989
0.0668335
0.10701
0.118683
0.187332
0.172409
0.2108
0.257172
0.16713
0.412811
1.19888
0.884247
0.621109
0.444595
0.0478363
0.0525513
0.188904
0.375931
0.932693
0.662445
0.501511
0.410492
0.419861
0.397003
0.351456
0.236389
0.1026
-0.256012
-0.468033
-0.721832
-1.07664
-1.41075
-1.48889
-1.61964
-1.71738
-1.42191
-1.21494
-1.35452
0.314621
1.09143
-1.02858
-0.27037
-0.400467
-0.446487
-0.233414
-0.116638
-0.00514221
0.000671387

[32]
-0.0184631
-0.0803375
0.0732117
0.0858612
0.0315094
-0.00341797
-0.0187073
-0.0111542
-0.00442505
0.0304565
-0.0179596
0.00167847
-0.00695801
0.00311279
0.0155334
0.0551758
0.111755
0.12883
0.111572
0.0724487
0.0916901
0.12114
0.110031
0.153992
0.55365
1.34831
0.580002
0.697113
0.168945
0.157196
-0.183212
0.184616
0.432449
0.806396
0.606339
0.432526
0.306625
0.314484
0.302933
0.239166
0.16214
0.0388184
-0.129166
-0.353928
-0.625229
-0.982803
-1.36533
-1.6144
-1.69124
-1.67688

[33]
-1.71991
-1.6373
-1.35213
1.58557
-0.100388
-0.602417
-0.269028
-0.597717
-0.297318
-0.259506
-0.0383606
-0.106262
-0.160568
-0.0948334
-0.0570221
-0.0192108
-0.00473022
-0.0378418
-0.0365143
-0.0453339
-0.0134277
-0.0317841
-0.0185242
-0.0190887
-0.0192719
-0.0606842
-0.0137024
0.0225525
0.0775146
0.0573578
0.112198
0.0585785
0.0702667
0.0588379
0.024292
0.124527
0.404175
1.03719
1.18666
0.919693
0.318344
0.208588
0.0154572
-0.143173
0.428467
0.823227
0.656876
0.461243
0.351578
0.3013

[34]
0.270248
0.186401
0.119995
0.0231934
-0.123001
-0.286636
-0.560028
-0.961288
-1.27274
-1.43745
-1.52896
-1.48813
-1.56274
-1.56795
-1.34547
-0.428864
1.62477
-0.997894
-0.533691
-0.409622
-0.586288
-0.23616
-0.033783
0.14386
0.0774384
-0.0103149
-0.0742645
0.0994568
0.0662994
0.0640564
-0.0371857
-0.0446777
0.0310211
0.0243683
-0.0264587
-0.000274658
0.0271759
-0.0149994
-0.0204315
-0.021759
0.0511475
0.0937958
0.104843
0.115677
0.0744019
0.111313
0.121521
0.0823669
0.0753479
0.350006

