[1]
-0.2043
-0.0663757
-0.0812378
-0.158127
-0.192169
-0.182861
-0.0980835
-0.122757
-0.151154
-0.147827
-0.0930634
-0.0786285
0.0329437
0.277832
0.635849
0.744873
0.288147
0.576996
-0.144653
0.546722
0.330338
0.0552521
0.0236816
-0.285904
-0.256073
-0.0203247
0.0136414
0.0399475
0.0581818
0.00218201
-0.10878
-0.174515
-0.0881348
0.0147095
0.0343018
-0.0360565
-0.0875092
-0.0783997
-0.0288391
-0.0184174
-0.0409698
-0.0570221
-0.0744476
-0.0701904
-0.0692444
-0.0420227
-0.0363312
-0.0530853
-0.0791168
-0.0803375

[2]
-0.0574188
-0.139618
-0.144516
-0.116348
-0.139633
-0.476044
-0.392731
-0.0962524
-0.256027
-0.503616
-0.703384
-0.369492
-0.253296
-0.317383
-0.120682
-0.133423
-0.113892
-0.070816
-0.0191193
-0.0534515
-0.0639343
-0.0989075
0.185379
-0.0172119
-0.085495
-0.109024
0.0019989
0.0501099
-0.00863647
0.231873
0.30365
0.288605
0.34993
0.372177
0.299164
0.291656
0.125351
0.237808
0.0401154
0.00382996
-0.239548
-0.0745239
0.160812
-0.0821991
-0.0153351
0.0199738
-0.12999
-0.22879
-0.158615
0.00250244

[3]
0.0243683
-0.0527954
-0.125824
-0.0655518
0.0415802
0.0810242
0.0298615
-0.00389099
-0.0602417
-0.0492096
-0.0428772
-0.0226746
-0.0126648
-0.0383606
-0.0954132
-0.0404358
-0.059082
-0.0438538
-0.135223
-0.130508
-0.152237
-0.281326
-0.448227
0.130249
-0.370392
-0.432053
-0.690735
-0.449585
-0.275833
-0.054718
0.0579529
-0.106552
-0.0820007
-0.0317535
-0.0346832
-0.0499878
-0.238708
-0.297302
-0.203781
-0.092865
-0.151932
-0.23291
-0.299286
-0.315765
-0.248718
-0.120773
0.2798
0.671005
0.679626
0.570084

[4]
0.64389
0.743088
0.074646
0.300003
-0.232803
-0.189102
-0.0100403
0.145203
0.0112762
0.047226
0.0614166
-0.033783
-0.198425
-0.184219
-0.0521851
0.0208435
-0.0654144
-0.101501
-0.0632172
0.0362549
0.0604706
0.0645599
0.00572205
-0.0019989
0.00712585
0.0338745
0.00352478
0.049057
0.0353394
0.0388031
0.0173492
-0.0155029
-0.041748
-0.115829
-0.18718
-0.421982
-0.511459
-0.193634
-0.0534058
0.052948
-0.277466
-0.648209
-0.333359
-0.163681
-0.0657959
-0.0309296
-0.0780945
-0.108093
-0.0785828
0.00550842

[5]
0.000152588
0.00318909
-0.0171967
0.0340576
0.0561829
0.017334
-0.0334625
-0.0932617
-0.0617371
-0.00469971
0.124496
0.532654
0.763992
0.366943
0.22113
-0.042923
0.300247
0.361008
0.113754
0.112961
-0.296265
0.0684052
0.0249176
0.0113525
0.0372925
0.0403748
-0.0211029
-0.0892181
-0.0722504
0.0200195
0.0309906
0.00994873
0.0392456
0.0190277
0.0283051
0.0226135
0.0187225
0.00456238
0.0257874
0.0481873
0.0284882
-0.0113983
-0.000366211
-0.0117035
0.0478363
0.0606384
-0.0298309
-0.110214
-0.128418
-0.163147

[6]
-0.38916
-0.464096
-0.105545
0.0736237
-0.337875
-0.532379
-0.436783
-0.175278
-0.0836639
-0.0711212
-0.0889893
-0.115707
-0.105438
-0.0761566
-0.0490875
-0.0869293
-0.12616
-0.14386
-0.0285797
-0.0950317
-0.192657
-0.241241
-0.186493
-0.0631409
0.165436
0.671692
0.860062
0.32428
0.231583
0.286606
0.495712
0.0884094
0.169052
-0.271591
-0.296875
0.0855865
0.158707
0.0176697
0.185989
0.0131378
-0.033432
-0.197693
-0.0107574
0.199554
0.130966
-0.000579834
-0.0253448
0.0341492
0.048111
0.0493774

[7]
0.028656
0.00221252
0.0358276
0.0341492
0.043335
-0.012619
0.039505
0.0396729
0.00535583
0.0159454
-0.0272369
-0.0925598
-0.0961761
-0.155579
-0.308075
-0.499435
0.0208893
-0.190247
-0.459167
-0.526199
-0.383209
-0.227417
-0.214737
-0.138611
-0.169662
-0.0700226
-0.0740204
-0.0429993
-0.0811157
0.00508118
-0.0413208
0.00474548
0.13327
0.128571
0.0472565
-0.013382
0.0127716
0.0568848
0.0710144
0.472443
0.979523
0.685303
0.673569
0.530426
0.343964
0.40123
-0.419952
0.0585938
-0.0872803
0.1008

[8]
0.106445
0.0634613
0.137009
0.0119781
-0.111847
-0.202484
0.0573578
0.210159
0.0553436
-0.0565338
-0.000930786
0.062088
0.0501862
0.0305328
-0.0274048
0.0433655
0.0546265
0.0464783
-0.0306854
0.0167389
-0.0119934
0.0383911
0.0332336
0.0368042
-0.0131531
-0.133255
-0.120667
-0.214966
-0.484802
-0.382477
0.0846863
-0.403351
-0.459503
-0.475052
-0.209763
-0.127319
-0.0885162
-0.105194
-0.0745544
-0.056427
0.00102234
0.0181885
-0.0811768
-0.090332
-0.163025
0.0604553
0.0408936
-0.00987244
0.0535126
0.111374

[9]
0.141449
0.409485
0.740875
0.835617
0.765823
0.4991
0.482529
-0.0928192
0.40361
0.459061
-0.00177002
-0.00584412
-0.315155
0.0811462
0.0833282
0.106064
0.103867
0.0518799
0.0065918
-0.0752563
-0.10939
-0.0519867
0.0457153
0.0789185
0.0654449
0.0264893
-0.0325165
0.0194855
0.0463257
0.0425262
-0.00283813
-0.0123596
0.00819397
0.0162354
0.0164337
-0.0100403
0.0045166
0.053833
-0.0241241
-0.0421143
-0.112564
-0.0734406
-0.224808
-0.395172
-0.320572
0.0746918
-0.324203
-0.425766
-0.475464
-0.315338

[10]
-0.241501
-0.190048
-0.0937347
-0.0962524
-0.078125
-0.114136
-0.128006
-0.108902
0.0543671
0.0756378
-0.010376
0.0484467
0.0225067
-0.00616455
-0.0921631
0.14653
0.215775
0.428253
0.670151
0.80481
0.392685
0.471741
-0.0120544
0.217224
0.542068
-0.106888
0.159973
-0.0622711
0.0187683
0.03125
0.00221252
0.0381317
0.0456848
-0.0543518
-0.180313
-0.0775452
0.0401154
0.0458832
0.0366364
-0.0316925
-0.0103302
0.0261383
0.0202026
0.0304565
0.016922
0.008255
0.0307922
-0.0217285
0.0166779
0.0366516

[11]
0.0690918
0.0618591
0.00791931
-0.0884552
-0.114029
-0.168198
-0.3293
-0.432022
-0.620499
0.0547485
0.132675
-0.291718
-0.411804
-0.447021
-0.169495
-0.178772
-0.0750275
-0.00862122
-0.00419617
-0.0304718
-0.0256958
-0.0740356
-0.0874329
-0.153
-0.0174103
0.0687103
-0.0266724
-0.0299835
-0.0459747
0.0213928
0.0153198
0.0840454
0.367722
0.514191
0.413406
0.502609
0.38179
0.430405
0.427795
-0.308578
-0.0331268
-0.202087
0.0289307
0.149796
0.13295
0.109329
0.0508118
-0.0782013
-0.136002
-0.0428162

[12]
0.134933
0.106644
0.0144348
-0.0248566
0.0274048
0.0569916
0.0514374
0.0411682
0.00576782
0.055481
0.0657959
0.0273438
0.0501404
0.00901794
-0.0137939
-0.017746
0.00431824
-0.0205383
-0.054184
-0.0686188
-0.212082
-0.449875
-0.413452
0.0347748
-0.39537
-0.467743
-0.543777
-0.299149
-0.198364
-0.094635
-0.0245056
-0.139969
-0.120377
-0.0696716
-0.0479889
0.0275421
-0.00518799
-0.116608
-0.120468
-0.0543823
-0.0709229
-0.135208
-0.135284
0.010376
0.0847168
0.203064
0.55571
0.920258
0.72319
0.48378

[13]
-0.379105
0.0543823
0.808502
-0.0146179
0.206009
-0.0932159
0.0920258
-0.0192261
0.0691986
0.0651245
0.0984802
-0.051651
-0.106262
0.00447083
0.00224304
-0.0431213
-0.0341797
0.0135956
0.0257111
0.00157166
-0.0107574
0.00494385
0.0614471
0.0752411
0.0426025
0.0239258
0.0930786
0.0681305
-0.0342865
-0.0462646
0.00218201
-0.0718384
-0.120285
-0.353073
-0.454575
-0.482819
0.142975
-0.328796
-0.390656
-0.602982
-0.369858
-0.208511
-0.0867157
-0.0664673
-0.135956
-0.0929413
-0.0360413
0.039444
-0.0727386
-0.124756

[14]
0.113251
0.161865
0.0267181
-0.0598907
-0.164917
-0.0496368
0.026062
0.18895
0.383133
0.358185
-0.147491
0.362976
0.403519
0.33165
0.337723
-0.202911
-0.096405
-0.10733
0.0192413
0.150665
0.147858
0.222488
0.0148163
-0.272522
-0.123886
0.115311
0.164001
0.0367737
-0.0401306
0.0111237
0.0477753
0.0529327
0.0402374
0.0146942
0.0291595
0.0368195
0.0332794
-0.0107422
0.0569763
-0.00265503
0.00888062
-0.0144348
-0.0450897
-0.0954285
-0.0265961
-0.0866394
-0.296921
-0.529404
-0.0832672
-0.175537

[15]
-0.479004
-0.546844
-0.393127
-0.205002
-0.0956116
-0.0655823
-0.151962
-0.100906
-0.0536652
0.018219
-0.0465393
-0.0953827
-0.108124
0.0718842
0.226578
-0.0014801
-0.113129
-0.127579
-0.080368
0.177277
0.53067
0.748505
0.770508
0.575195
0.318024
0.103149
0.654205
0.244339
-0.163193
-0.139587
0.0897064
0.116425
-0.0477295
0.0427856
0.0131226
-0.00534058
0.0155334
-0.126038
-0.00527954
0.103714
0.0334625
0.0068512
-0.0294952
0.00404358
0.0177765
0.0141296
0.00509644
0.00967407
0.0239868
0.0157776

[16]
-0.0156708
0.0679321
0.0795288
0.0178528
0.0345612
0.0390778
0.0622711
0.0459595
0.0496216
0.026123
0.0377502
0.0769653
0.0276489
0.0294647
-0.0166168
0.0211945
0.000762939
0.0498199
0.00900269
-0.105499
-0.168152
-0.20668
-0.439545
-0.621994
0.0515137
-0.404617
-0.378265
-0.51712
-0.339218
-0.138214
-0.0239563
0.00958252
-0.0745544
-0.0187378
0.0100098
0.013092
0.0481567
-0.037674
-0.0483093
-0.0289307
0.0762939
0.068985
-0.0351257
-0.0520935
0.0231171
0.308731
0.487289
0.976822
0.78154
0.53096

[17]
-0.000579834
0.0242615
0.00338745
-0.0453491
0.0280762
-0.0114136
-0.0626068
-0.0470886
-0.156662
-0.332474
-0.575623
-0.0621338
-0.127853
-0.373642
-0.542664
-0.331528
-0.441666
-0.358521
-0.0272675
0.0283661
-0.0436554
-0.0896606
-0.069397
-0.0375061
0.0253906
0.00149536
0.068634
0.00579834
-0.0593567
-0.215546
-0.320328
-0.293213
-0.174698
0.0328674
0.431259
0.90834
0.806229
0.64711
0.0529785
0.157257
0.781235
-0.152084
-0.0532074
0.00253296
0.22612
0.0498047
0.039978
0.118881
0.00669861
-0.118515

[18]
0.17984
0.165695
0.31662
-0.406219
0.0604553
0.00447083
0.0168915
0.0879669
0.056839
0.0959015
0.0291748
-0.103546
-0.169342
0.016098
0.163864
0.0956421
-0.00985718
-0.030304
0.0450897
0.0545807
0.0341187
0.00111389
0.0282898
0.0232391
0.0565643
0.00260925
0.03479
0.0208435
0.0448151
0.0123901
-0.0352936
-0.110214
-0.0840607
-0.338806
-0.735611
-0.0670776
-0.083252
-0.5009
-0.518326
-0.452057
-0.187973
-0.176483
-0.0928345
-0.0624695
-0.031601
-0.0382233
-0.0373383
-0.0379333
-0.0706024
-0.0612793

[19]
0.103516
-0.0216217
-0.169952
-0.229507
-0.196045
-0.0857697
0.196609
0.807877
1.0618
0.731064
0.340057
0.2883
0.353378
0.390411
0.31308
0.016098
-0.368805
-0.245163
0.22258
-0.0133514
0.0452576
0.0816803
0.0285492
-0.100174
-0.0936432
0.0649872
0.0938263
0.00656128
0.000961304
0.0299835
0.0434875
0.0203094
-0.00292969
0.017395
0.0178986
0.0488892
0.011261
0.0302887
0.0545807
0.0101624
-0.00526428
-0.0314636
-0.0613098
-0.111145
-0.186554
-0.436569
-0.487518
0.0386047
0.0150909
-0.412338

[20]
-0.601364
-0.486237
-0.30838
-0.12677
-0.0576935
-0.0870056
-0.0765533
-0.0182343
0.0110321
-0.0746307
-0.117477
-0.125626
-0.0406952
-0.0251465
-0.163284
-0.287735
-0.284058
-0.0702972
0.278015
0.797165
0.874054
0.835617
0.748199
0.466888
0.183594
0.285416
0.458237
-0.0859375
-0.132614
0.0328827
0.140472
0.0420074
0.120026
0.0626984
-0.0072937
-0.0905151
-0.0683289
0.0731354
0.0809784
0.00502014
-0.0292053
0.0234833
0.0699921
0.0500031
0.0291443
0.0368195
0.0537567
0.0461578
0.018219
-0.00563049

[21]
0.0174103
-0.00233459
0.0820007
0.0892944
0.0160675
-0.131821
-0.187363
-0.365021
-0.336975
-0.276688
0.165375
-0.354614
-0.28804
-0.568542
-0.313416
-0.24913
-0.153305
-0.0332489
-0.0996094
-0.108704
-0.101501
-0.0958405
-0.046814
-0.105957
-0.115936
-0.106247
-0.0404816
-0.0212555
-0.170761
-0.300583
-0.265533
-0.415649
-0.322357
0.0114594
0.494263
0.621841
0.878036
0.729279
0.254501
0.036438
-0.344269
-0.329208
0.00759888
0.13147
0.173569
0.183136
0.0904541
-0.00785828
-0.127426
-0.135468

[22]
0.0480499
0.115616
0.0697784
-0.0232239
-0.0296326
0.0454712
0.0857849
0.0480804
0.00657654
0.0314484
0.0455017
0.0314941
0.046936
0.00979614
0.0635529
0.0256348
-0.00297546
-0.101944
-0.119293
-0.327881
-0.366287
-0.13324
0.316971
-0.0506744
-0.153488
-0.604492
-0.356323
-0.24295
-0.0582123
-0.0473175
-0.0817108
-0.134445
-0.116379
-0.0890198
-0.114075
-0.0959015
-0.115128
-0.131775
-0.110947
-0.00376892
-0.0604248
-0.129776
-0.138474
-0.205475
-0.232285
-0.235596
0.131058
0.409683
0.584457
1.15532

[23]
0.0348663
0.600494
-0.482346
0.0561829
-0.195953
-0.0830994
0.0697327
0.14183
0.121429
0.000518799
-0.215424
-0.144531
0.074707
0.11702
0.0360413
-0.0141907
0.067627
0.039444
0.0188293
0.0449829
0.0385284
0.042038
0.0434113
0.0251465
0.0293121
0.0164948
-0.0112915
-0.0441742
-0.0551147
-0.0157471
-0.0221405
-0.0562897
-0.0759888
-0.284073
-0.5448
-0.0422058
-0.107117
-0.346909
-0.446136
-0.406464
-0.273453
-0.170807
-0.0863953
-0.109024
-0.112122
-0.116837
-0.125427
-0.0857697
-0.143448
-0.16832

[24]
-0.144257
-0.0457764
-0.0408783
-0.154373
-0.092865
-0.0773468
-0.125656
-0.17395
0.036377
0.336853
0.381241
0.48317
0.770218
0.490875
0.562546
0.34523
-0.103607
-0.0618439
-0.678452
0.110062
0.306305
0.116104
0.136505
-0.013382
0.00624084
-0.104431
-0.111252
-0.000244141
0.0137634
0.0247345
-0.0270386
-0.0232697
0.0426483
0.0455933
0.0129089
-0.0292816
-0.0361023
-0.0173645
-0.00123596
0.0018158
-0.0277252
0.0276947
-0.0260468
-0.026062
-0.0922546
-0.121567
-0.17923
-0.335907
-0.438568
0.0470886

[25]
-0.163757
-0.313446
-0.552063
-0.4431
-0.207306
-0.102036
-0.00236511
-0.0466309
-0.030014
0.059082
0.0836182
0.0523987
-0.0474396
-0.0434265
0.0847626
0.113205
-0.047699
-0.261536
-0.304352
-0.358261
-0.299789
0.028656
0.509384
0.496094
0.452698
0.386627
0.695679
0.0111084
0.491287
-0.278427
-0.123383
-0.252426
-0.00405884
0.0269928
0.0197601
0.0602264
0.037262
-0.107742
-0.175201
-0.101822
0.0401611
0.0681915
0.000259399
-0.0927429
-0.0727997
0.0245667
0.042511
-0.0516205
-0.0266113
-0.0100403

[26]
-0.0228119
-0.0504303
-0.0154724
-0.00395203
0.0362701
-0.027298
-0.0579071
-0.118378
-0.167358
-0.145233
-0.277267
-0.648727
0.0982361
-0.178375
-0.379684
-0.677277
-0.462723
-0.203949
-0.0789337
-0.0340424
-0.0834503
-0.118851
-0.0870514
-0.0270691
0.0119171
-0.0804901
-0.11087
-0.0224457
0.139465
0.126114
0.0323639
-0.0848236
-0.114075
-0.147125
0.0177307
0.397797
0.633591
0.467148
0.301941
0.351318
0.0133057
0.287064
0.311737
-0.170029
-0.052124
-0.232895
0.036087
0.0296478
0.0398102
0.0186768

[27]
-0.0206451
-0.0622406
-0.134247
0.0391998
0.0664215
-0.017334
-0.0294952
-0.0243988
0.00180054
0.0067749
0.00306702
-0.0055542
-0.017395
-0.00860596
-0.063446
-0.00288391
0.0131073
0.0388489
0.0587311
-0.0271912
-0.0750122
-0.163727
-0.17485
-0.378769
-0.542709
0.0243378
0.274155
-0.232224
-0.429947
-0.703949
-0.349197
-0.190094
-0.128815
-0.0614166
-0.122253
-0.0850983
-0.0779572
-0.110504
-0.0687561
0.0157166
0.167511
0.0915985
0.0798492
-0.120743
-0.159882
-0.069046
0.0245361
0.10051
0.240677
0.423813

[28]
0.397949
0.3918
0.460327
0.342606
-0.0574646
0.237122
-0.0661774
-0.0334625
-0.238373
0.0254669
-0.00737
0.0646667
0.0856171
-0.0248718
-0.0619659
-0.0556335
0.041748
0.0563965
0.0464935
0.0563049
0.0419006
0.0232544
0.0176544
0.0134888
0.0251312
0.0269165
0.000717163
-0.043335
-0.00177002
0.0125122
0.0861816
0.0359955
-0.00874329
-0.0588837
-0.141388
-0.107651
-0.282333
-0.724731
-0.0149231
0.00390625
-0.41124
-0.586304
-0.455383
-0.180923
-0.144592
-0.0784149
-0.110291
-0.0587769
-0.0556488
-0.0531158

[29]
-0.0983124
-0.216904
-0.126907
0.00880432
-0.10408
-0.136642
-0.185791
-0.0753326
0.0564728
0.132645
0.280884
0.482559
0.598343
0.58403
0.597397
0.546967
0.13089
0.149582
0.131866
-0.178833
-0.271759
-0.185684
0.0407867
-0.0102386
0.0184784
0.0702057
-0.0304108
-0.129501
-0.195496
-0.106064
0.00140381
0.0216675
-0.0448761
-0.053772
-0.0473022
-0.00869751
0.000579834
-0.045639
-0.0567017
-0.0584106
-0.0356903
-0.0391998
-0.0332642
-0.0533447
-0.0392914
-0.10791
-0.0741577
-0.0737152
-0.0807037
-0.36026

[30]
-0.748489
-0.371582
-0.0261688
-0.536118
-0.610535
-0.559418
-0.242737
-0.0991364
-0.0224457
-0.0919647
-0.0761871
-0.0569
-0.0514526
-0.200897
-0.233124
-0.270172
-0.0494995
-0.0227509
0.0148315
0.0233154
-0.0112
-0.0435791
-0.264282
-0.241425
0.254013
0.446991
0.511444
0.633118
0.75882
0.426559
0.407013
0.163925
-0.0512085
-0.430679
-0.0823975
0.123322
0.0907898
0.0413513
-0.0105133
-0.104889
-0.246902
-0.0368347
0.0530853
0.0434875
0.0131531
0.0130615
0.0147552
-0.0219727
-0.011795
-0.0209045

[31]
-0.0020752
-0.00691223
-0.0265808
-0.0366364
-0.00617981
-0.00520325
-0.0408783
-0.0350189
-0.0691376
-0.169159
-0.268326
-0.485062
-0.916061
-0.139664
-0.363297
-0.341995
-0.485672
-0.238968
-0.100922
-0.0865173
-0.0404968
-0.18541
-0.12291
-0.0791321
-0.00952148
0.00942993
0.0165863
-0.0358734
0.0381165
0.0282898
-0.0505371
-0.213852
-0.265427
-0.237244
-0.196426
-0.0655212
0.248093
0.466003
0.58667
0.617004
0.354218
-0.0401459
0.242325
-0.443665
-0.146545
-0.0794373
0.144455
0.0811615
0.15593
0.0715942

[32]
-0.114151
-0.21962
-0.0611115
0.089325
0.0601654
-0.0532532
-0.0769043
0.00387573
0.00846863
-0.000747681
0.0108032
-0.00718689
0.00311279
0.0018158
0.00280762
-0.000946045
0.0210419
0.0127411
0.0135498
-0.00375366
-0.0442352
-0.132324
-0.16275
-0.316711
-0.47403
-0.286163
0.172028
-0.369598
-0.349564
-0.54866
-0.284286
-0.160141
-0.0547638
-0.00695801
-0.101395
-0.0977173
-0.100662
-0.0909271
-0.0766449
-0.116577
-0.136612
-0.105942
-0.0140076
-0.0344086
-0.08284
-0.119354
-0.0339508
-0.0404358
-0.0677795
0.149414

[33]
0.604599
0.723221
0.832214
0.123032
0.59848
-0.21698
0.0922089
-0.33757
-0.0158691
0.0190125
0.099762
0.147278
0.041748
-0.0168152
-0.0702057
-0.0144196
0.0986481
0.0723114
-0.0106354
-0.00622559
0.0127563
0.0550537
0.0440826
0.0272675
0.0152588
0.027832
0.0173035
0.0297852
0.0376892
0.0230408
0.0652771
0.00631714
-7.62939e-05
-0.0561218
-0.094696
-0.245712
-0.256531
-0.385147
-0.0105286
0.139938
-0.260406
-0.611267
-0.460724
-0.209351
-0.0894318
-0.0635834
-0.0985718
-0.107986
-0.0849762
-0.0404816

[34]
-0.0174713
-0.0624542
-0.123215
-0.0960846
-0.0180511
-0.0523071
-0.152832
-0.148422
-0.102158
-0.171127
-0.0985718
0.268738
0.796249
0.53537
0.453842
0.347656
0.136215
0.5746
-0.314987
0.117035
-0.0818939
0.00291443
0.030304
0.131577
0.11705
-0.0582581
-0.191437
-0.0632629
0.108643
0.0919495
0.00883484
-0.00497437
0.0440674
0.0507355
0.00917053
0.0133057
0.0108185
0.0289307
0.0253754
0.016571
0.0234833
0.0120392
-0.00849915
-0.0160675
-0.0138855
-0.0457153
-0.0469055
-0.0537262
-0.0935211
-0.241989

