[1]
0.173004
-0.0305176
0.0142212
0.0225525
0.0176086
0.0634613
0.0348358
0.0198212
0.0983887
0.0896301
0.183151
0.260086
0.382507
0.430023
0.520569
0.689972
0.853577
1.11487
1.15057
1.17537
0.82132
0.70079
0.0929718
-0.0565491
-0.72554
-0.321579
-0.711594
-0.786789
-0.746964
-0.661591
-0.589859
-0.550583
-0.51091
-0.389801
-0.125809
0.120026
0.560684
1.03514
1.06149
1.09607
1.13055
1.0394
0.777206
1.10416
-0.131897
0.138306
0.108276
0.998138
0.751938
-0.331238

[2]
0.245468
-0.0723267
0.0756531
0.223221
0.0606995
-0.0268097
-0.0379944
-0.0600739
-0.0287781
-0.0139923
0.0219116
0.00308228
0.0245819
0.0208435
0.0418091
0.0310669
0.0487671
0.0284576
0.0763245
0.0950928
0.188751
0.240692
0.300629
0.329391
0.391998
0.569962
0.806808
1.11893
1.13718
1.16176
0.586655
1.19023
-0.138596
0.0921631
-1.31815
-0.0236511
-0.73912
-0.674072
-0.758438
-0.665771
-0.607819
-0.532074
-0.450012
-0.319183
-0.0708313
0.304474
0.667343
1.0544
1.09842
1.13976

[3]
1.16673
0.952896
1.16122
0.117706
-0.172867
0.623993
0.707306
0.20575
0.435944
0.0823364
0.063324
-0.0516815
0.028656
-0.00726318
0.00860596
-0.0720062
-0.0154724
-0.0147247
-0.00224304
-0.0221558
-0.0156555
-0.000915527
0.0318298
0.0293884
0.0162048
0.0367584
0.0487061
0.127365
0.180618
0.19725
0.267593
0.342514
0.366776
0.482635
0.626175
0.911606
1.10216
1.11934
1.05058
0.692093
0.674606
-0.729568
-0.177078
-0.29245
-0.648865
-0.73259
-0.807831
-0.713715
-0.620239
-0.559204

[4]
-0.535187
-0.474625
-0.321533
0.0866241
0.433395
0.892075
1.08501
1.12888
1.16214
0.814743
0.821182
1.16248
-0.565048
0.280716
0.585648
0.806412
0.459747
0.14534
-0.00894165
0.128632
-0.0568695
-0.0469055
0.0435791
0.0442657
-0.0202789
-0.0134888
0.0182343
0.0244598
-0.0092926
0.000167847
0.0146027
0.0158386
0.00723267
0.0775299
0.0673828
0.0597839
0.0855408
0.165298
0.219437
0.274368
0.394943
0.447159
0.540314
0.925186
1.08989
1.1097
1.11574
1.0327
0.0902557
-0.789276

[5]
-0.414368
-0.21666
-0.730057
-0.834198
-0.825699
-0.764526
-0.637817
-0.55426
-0.484848
-0.396515
-0.132721
0.267914
0.858948
1.08121
1.12976
1.16988
1.03484
0.96199
1.16759
-0.0252533
0.398178
0.307312
0.751053
0.150421
0.38121
-0.134933
0.0679626
-0.108994
0.0338745
-0.0164948
0.0470581
-0.0263672
0.0231934
0.00439453
0.0235901
0.0078125
0.0256348
0.0184326
0.0392914
0.0572052
0.0795135
0.0926361
0.104523
0.167694
0.232697
0.271957
0.338043
0.374863
0.450516
0.727905

[6]
1.08018
1.09689
1.11626
0.544754
0.957489
-0.120163
-0.0105591
-0.469559
-0.341904
-0.726425
-0.860687
-0.815109
-0.751083
-0.628799
-0.605606
-0.508545
-0.280914
0.0402374
0.30481
0.910706
1.07512
1.1176
1.1622
1.19963
1.15221
0.590393
0.695831
-0.0188446
0.306946
0.606277
0.601883
0.137924
0.249374
0.152496
0.127686
-0.0791931
0.0296936
0.0285034
0.00486755
-0.0391998
0.0185699
0.00515747
0.00201416
-0.00814819
0.00965881
0.0113525
-0.00273132
0.0323029
0.0441742
0.0309448

[7]
0.040802
0.084198
0.0757751
0.10881
0.192734
0.228149
0.300156
0.327576
0.41925
0.552017
0.770309
1.06648
1.08167
1.01619
0.721588
0.543106
-0.221512
-0.0789185
-0.626709
-0.393295
-0.806381
-0.868713
-0.866684
-0.788818
-0.708755
-0.621246
-0.495468
-0.383896
-0.0812836
0.27153
0.700058
1.08206
1.1293
1.17395
1.11546
0.987625
0.696564
1.09691
-0.375427
0.297653
0.985367
1.03125
0.492218
0.362686
0.0549164
-0.0295868
0.0199585
0.0310364
0.00947571
0.0718384

[8]
0.0132141
-0.012146
-0.00828552
0.00631714
-0.0184631
0.00498962
0.0276947
0.016922
0.0423431
0.055954
0.05513
0.0380249
0.0639954
0.0593414
0.140625
0.204971
0.246765
0.282883
0.345123
0.522339
0.820587
1.06422
1.07866
1.09348
0.608978
0.640945
-0.2742
-0.269394
-0.635101
-0.450867
-0.839035
-0.899139
-0.840515
-0.741806
-0.691727
-0.578888
-0.529755
-0.399414
-0.134979
0.226242
0.640671
1.09535
1.15103
1.20125
1.23892
1.02962
0.754395
0.823257
-0.401688
0.0399933

[9]
1.18628
0.664978
0.233932
0.179779
0.236801
0.132401
-0.0146484
0.0517578
0.0593262
0.0385742
0.0322418
0.0208588
0.0332489
0.00256348
0.020462
0.0356903
0.0159149
0.015564
0.0221863
0.030899
0.0566254
0.0535583
0.0645599
0.0782928
0.166199
0.264069
0.367203
0.358612
0.426346
0.607971
1.02016
1.06448
1.0775
0.906235
1.11693
0.279831
-0.760529
-0.155869
-0.656616
-0.477005
-0.992386
-1.00064
-0.857071
-0.815308
-0.72229
-0.616241
-0.496689
-0.355103
0.077713
0.462219

[10]
1.0854
1.13737
1.1871
1.22784
0.854706
0.859695
1.1393
-0.458511
0.471909
0.748856
0.510483
0.601456
0.0836792
0.156631
0.0945892
-0.0417786
0.124557
0.0606842
0.0638123
0.0037384
0.00672913
-0.00038147
0.0406342
0.0314789
0.0035553
0.0373077
0.0346375
0.0253448
0.0536041
0.0774384
0.08992
0.100311
0.192291
0.25296
0.326096
0.425308
0.481354
0.838165
1.04181
1.05432
0.934128
0.828476
0.274414
-0.214096
-0.12764
-0.547775
-0.346237
-0.772522
-0.813416
-0.736679

[11]
-0.622925
-0.607788
-0.532272
-0.364426
-0.117416
0.29895
0.647125
1.12331
1.17879
1.22826
1.26418
1.01694
0.77742
0.708786
0.936951
-0.453476
1.22708
0.886459
0.60582
0.22583
-0.0947266
-0.0867157
-0.0617218
0.163025
0.0935516
0.0618591
0.0500031
0.0600128
0.0392303
0.0440521
0.0526581
0.0601807
0.0525055
0.0352631
0.0518036
0.0616913
0.0344086
0.040863
0.071701
0.161514
0.274231
0.324173
0.40921
0.458267
0.716934
1.03661
1.04965
1.06348
0.991852
0.275742

[12]
0.0163269
-0.472
-1.23154
-0.315155
-0.808105
-0.892044
-0.875671
-0.73761
-0.658157
-0.589828
-0.453293
-0.240067
0.137253
0.461304
1.10904
1.16702
1.22739
1.27846
1.30524
0.951401
1.18684
-0.733032
0.663071
1.17685
0.840424
0.22287
0.359375
0.0120392
0.116653
0.00540161
0.0743408
0.0152893
0.100983
0.00109863
-0.010025
0.0313263
0.0349121
0.016449
0.0157471
0.0499573
0.0529938
0.0684662
0.0833893
0.0921021
0.103745
0.184494
0.254639
0.324203
0.381241
0.465485

[13]
0.603287
0.945419
1.05473
1.0674
0.660233
0.946442
0.150894
-0.589996
-1.20891
-0.215454
-0.575546
-0.918289
-0.937393
-0.820694
-0.750748
-0.619171
-0.513077
-0.40889
-0.117355
0.309219
0.98587
1.14749
1.21184
1.26364
1.05078
0.849869
1.27219
0.232315
0.0510254
0.638977
0.502655
0.776108
0.221161
0.20433
0.329239
0.0305328
0.0292206
0.0658264
0.00167847
0.0395355
-0.0100708
0.00956726
0.0516815
0.027771
0.0370636
0.0361786
0.0394287
0.0448303
0.0565643
0.0410309

[14]
0.0786896
0.140442
0.1716
0.254288
0.294449
0.393845
0.338913
0.707184
1.04591
1.058
1.06972
0.676025
1.07483
-0.255112
-0.413773
-1.90195
-0.147049
-0.974472
-0.871964
-0.980026
-0.810715
-0.720459
-0.591949
-0.489243
-0.382584
-0.0739746
0.385361
0.962479
1.13165
1.19174
1.24568
1.24786
1.2999
0.875275
0.109177
0.438934
0.699249
0.781006
0.427917
0.105652
-0.0315552
0.0345154
-0.0663605
0.0572205
0.0978546
0.120834
0.0643005
0.0243988
0.0277863
0.0239868

[15]
0.0443726
0.00561523
-0.015686
0.0270386
0.00752258
0.0348969
0.0129547
0.0581665
0.0812225
0.120621
0.124786
0.248795
0.346802
0.42569
0.485657
0.707321
1.03932
1.05055
1.06326
1.02824
0.561752
0.413742
-0.744034
-0.624359
-0.225555
-0.757294
-0.756332
-0.885284
-0.789795
-0.79715
-0.703125
-0.647766
-0.534668
-0.327362
0.00772095
0.508759
1.04846
1.16687
1.224
1.26544
1.02986
0.842789
0.766846
0.53212
-0.345306
0.57869
1.20291
0.867188
0.0674438
0.330826

[16]
0.0574036
0.105301
0.0593262
0.0782013
0.0316925
0.0425262
-0.0191956
0.0155182
0.030899
0.0388336
0.0498505
0.0391693
0.0323639
0.0241699
0.0468597
0.077301
0.0846863
0.0984802
0.220322
0.24411
0.333405
0.345978
0.435776
0.618423
0.935104
1.05504
1.06657
0.999771
1.10936
0.171814
-0.897705
-0.127167
-0.625992
-0.652252
-0.855331
-1.04485
-0.86142
-0.781708
-0.706314
-0.641724
-0.541275
-0.377335
-0.0436554
0.470474
1.03217
1.14476
1.20148
1.24939
1.17769
0.980606

[17]
1.26007
-0.292847
0.43396
0.683151
1.04057
0.171082
0.651535
0.138809
0.133545
-0.0536957
0.118927
0.0525208
0.0440979
0.0133362
-0.00874329
0.0262451
0.0307312
0.00708008
0.00782776
0.0290375
0.0671234
0.0487976
0.043869
0.0454712
0.0828705
0.113602
0.169586
0.238312
0.307907
0.388428
0.434464
0.493149
0.807816
1.04871
1.0592
1.07178
0.717514
0.800674
-0.543182
-0.163605
-0.458481
-0.619186
-0.832016
-0.940948
-0.844833
-0.783493
-0.684662
-0.616745
-0.484711
-0.26886

[18]
0.198334
0.63858
1.11812
1.18129
1.23976
1.28487
1.2084
1.30614
0.460922
-0.120316
0.674469
1.09909
0.783844
0.20369
0.171524
0.0613403
0.163239
0.12027
0.052948
0.0187683
0.0681
0.0201416
0.0178833
0.0372925
0.0612946
0.0327148
0.00721741
0.0199432
0.0253296
0.0482483
0.072876
0.145462
0.145004
0.0998535
0.18988
0.254288
0.391327
0.409225
0.551834
0.781952
1.05142
1.06308
1.07509
0.798737
0.518188
-0.805893
-0.105316
-0.228165
-0.805969
-0.821747

[19]
-0.992935
-0.817276
-0.755783
-0.636505
-0.55014
-0.392151
-0.0444489
0.428604
0.935944
1.16188
1.22403
1.27647
1.25485
1.12398
1.29878
-0.075882
0.319092
1.037
0.888016
0.281036
0.28476
0.0574951
0.131622
0.0348816
0.0780487
0.0119781
0.0759125
0.0229492
0.0409851
0.0239868
0.0516968
0.0401611
0.0415192
0.0500946
0.0183105
0.0334778
0.0640869
0.0940247
0.152039
0.14505
0.189819
0.268951
0.342834
0.402588
0.44075
0.691818
1.04088
1.05095
1.06239
0.61705

[20]
0.792572
-0.3685
-0.137894
-1.55324
-0.242325
-0.942993
-0.854355
-0.98407
-0.820251
-0.730621
-0.613037
-0.503387
-0.306366
0.132462
0.671783
1.08502
1.18742
1.24588
1.28662
1.02959
1.30202
0.612488
-0.103729
0.75531
0.876434
0.660919
0.250717
0.146133
0.0793915
0.015976
0.0999451
0.0427551
0.0678711
0.0722809
0.0268555
0.0457153
0.0630493
0.047348
0.030365
0.0421906
0.0441742
0.0473938
0.0648346
0.0772705
0.0569763
0.131348
0.134842
0.180466
0.194504
0.268372

[21]
0.371811
0.411163
0.648834
0.99234
1.04126
1.05284
1.00664
0.486145
0.0289612
-0.211517
-2.02617
-0.345383
-0.67569
-0.842621
-0.923584
-0.712601
-0.743332
-0.65741
-0.595932
-0.453781
-0.22525
0.257645
0.710999
1.15248
1.21637
1.2718
1.3098
1.18436
0.784637
0.452576
0.331299
1.03307
0.902802
0.206848
0.222595
0.333923
0.181351
0.0745087
0.0586395
0.104843
0.0581207
0.10228
0.0237732
0.00900269
0.0564117
0.0576782
0.0450897
0.0343018
0.0407867
0.0442505

[22]
0.0415192
0.0496674
0.041214
0.0943909
0.108124
0.151108
0.220291
0.2798
0.311798
0.380951
0.499023
0.683685
1.04199
1.05205
1.0649
0.403534
1.04573
-0.30896
-0.213608
-0.36676
-0.560287
-0.830368
-0.939102
-0.844299
-0.782745
-0.690186
-0.568634
-0.398315
-0.0457611
0.274261
0.841385
1.1581
1.22295
1.28323
1.32726
1.01866
0.812683
0.864014
-0.0873108
0.205597
0.180817
0.886566
1.08217
0.0231323
0.460663
0.203735
0.00585938
0.11734
0.131836
0.110352

[23]
0.0466309
0.017868
0.00291443
0.0105743
0.0257874
0.0301666
0.0451508
0.0591125
0.0602264
0.0500641
0.0686035
0.076889
0.137848
0.195358
0.233871
0.267685
0.329041
0.37291
0.393585
0.904892
1.04443
1.05598
1.07195
0.815308
0.33252
-0.788498
-0.212479
-0.213882
-0.887695
-0.942322
-0.910507
-0.856583
-0.795837
-0.679718
-0.590881
-0.505051
-0.297745
0.12236
0.553391
1.13748
1.20422
1.26587
1.3094
1.19803
0.959915
0.92894
-0.176788
0.570099
0.705917
1.23718

[24]
0.5233
0.0940857
0.363083
0.130737
0.0396729
0.0870667
0.0812836
0.0465698
0.0757446
0.0042572
0.0311432
0.033783
0.0420837
0.0218964
0.0232086
0.0610962
0.0603638
0.0849915
0.093399
0.0511932
0.0968018
0.2052
0.322189
0.362885
0.406403
0.467407
0.831985
1.0383
1.04849
1.06004
0.795609
0.73288
-0.622208
-0.0888672
-0.986206
-0.540176
-0.93396
-0.993637
-0.878326
-0.770523
-0.688309
-0.610184
-0.511398
-0.329697
0.065918
0.426132
1.0051
1.17134
1.23097
1.27991

[25]
1.1895
0.975296
1.27635
-0.640137
0.504639
0.930557
0.950562
0.191772
0.398666
0.124649
0.170395
0.00666809
0.0602112
0.0540924
0.121353
-0.00846863
0.0128021
0.0450897
0.0322571
0.0187073
0.0424957
0.0565643
0.031662
0.0431213
0.0740967
0.0647888
0.104935
0.136459
0.160919
0.209549
0.315781
0.354279
0.491684
0.728119
1.03523
1.04547
1.05487
0.615479
0.509399
-0.101593
-0.423203
-1.18799
-0.32962
-0.747284
-0.826996
-0.972656
-0.812073
-0.749603
-0.635818
-0.530472

[26]
-0.321106
0.106873
0.378326
1.10228
1.15762
1.21404
1.26875
1.2749
0.993317
1.09822
0.429413
0.280945
0.679092
0.894272
0.47229
0.0953979
0.224014
0.0944214
0.142471
0.0978699
0.0737305
0.0689087
0.0685272
0.0576477
0.0327606
0.0344238
0.019516
0.0194702
0.00170898
0.0431671
0.0488281
0.0395508
0.0472717
0.0849304
0.0920258
0.113953
0.129074
0.201401
0.263855
0.291824
0.336731
0.474762
0.860641
1.02524
1.03328
0.829666
0.484756
0.476227
-0.274216
-0.588913

[27]
-0.736069
-0.470673
-0.724487
-0.852936
-0.88092
-0.77713
-0.730133
-0.640488
-0.538513
-0.369736
-0.0352783
0.424393
0.76474
1.1373
1.19121
1.23441
1.16452
0.810944
1.03395
0.313217
0.335312
0.431381
0.962723
0.476868
0.22467
0.0309448
0.0775146
0.0231781
0.0759583
0.0471497
0.10054
0.0170441
0.0349274
0.0602722
0.0512238
0.0118256
0.0166168
0.0290375
0.0364838
0.0284271
0.042038
0.0589752
0.0916901
0.123749
0.188232
0.197906
0.349899
0.418365
0.465775
0.630661

[28]
1.03032
1.04155
1.05392
0.796906
0.483704
-0.0397339
-0.655746
-0.829361
-0.524155
-0.686401
-0.921509
-0.983826
-0.833069
-0.765732
-0.660782
-0.521835
-0.303833
0.0906219
0.402313
1.10881
1.16408
1.21425
1.22948
1.12769
0.704773
0.990326
0.233261
0.437714
0.812592
0.694778
0.316101
0.108124
0.061554
0.164627
0.0402832
0.148956
0.103149
0.0476837
0.0256653
0.0323944
0.052597
0.0644989
0.0427551
0.0213318
0.0281067
-0.00550842
-0.016449
0.0100708
0.0510406
0.0846252

[29]
0.0943604
0.115341
0.180771
0.26091
0.271271
0.354813
0.436096
0.631424
1.03534
1.04311
1.05078
0.646561
0.79071
0.137939
-1.04091
-0.574997
-0.474503
-0.857376
-0.923859
-0.946228
-0.848602
-0.778885
-0.656555
-0.511246
-0.318008
-0.0416107
0.380966
0.759888
1.12787
1.17838
1.22096
1.13748
0.868149
1.13712
0.0967712
0.48027
0.490051
0.700989
0.555466
0.0631561
0.0210724
0.186172
-0.0462189
0.0856934
0.0784912
0.0961761
0.0476379
0.02388
0.0322113
0.0326233

