[1]
0.00338745
-0.207581
-0.697266
-1.16727
-1.58557
-1.87273
-2.28996
-1.50922
-0.5345
1.33179
1.21999
-0.739944
-0.255737
-0.0454254
-0.72139
-0.0436859
-0.0417175
0.132004
0.172592
0.148407
0.183395
0.0468292
0.10173
0.184311
0.14444
0.103241
0.052124
0.143585
0.178848
0.167297
0.154053
0.165176
0.147675
0.212173
0.219269
0.23291
0.356628
0.349091
0.496902
0.502289
1.28278
1.70918
0.976532
1.25974
0.764786
0.138168
-0.358261
0.859924
1.0177
1.01147

[2]
0.873383
0.69104
0.536255
0.455887
0.388718
0.315582
0.0830078
-0.174393
-0.275055
-0.740204
-1.59335
-2.37964
-2.51976
-2.507
-2.30318
1.59656
0.391129
-1.08733
-0.193375
-0.731079
-0.332962
-0.423691
0.00588989
-0.0604401
0.0938873
0.146027
0.00689697
0.107971
0.119308
-0.038681
-0.0516968
-0.0880737
0.0305634
0.0731506
0.0718994
0.0776978
-0.0572815
0.171326
0.125946
0.226181
0.269135
0.380722
0.431091
0.618546
1.90428
1.44365
1.16457
1.10826
1.0321
-0.249725

[3]
-0.0519409
0.821075
1.01219
0.950333
0.768219
0.460022
0.283066
0.234543
0.101501
0.00558472
-0.144897
-0.440948
-0.900391
-1.54022
-2.06026
-2.30043
-2.55081
-2.51512
-0.429535
1.56665
-0.216248
-0.903915
-0.360245
-0.907776
-0.62175
-0.365875
-0.00257874
-0.0490723
0.0121155
0.0233307
-0.0714722
0.0301361
0.0218506
0.0493164
-0.0102539
0.00209045
0.013031
-0.042511
0.0874023
0.12059
0.149719
0.175888
0.207275
0.326309
0.456589
0.514725
1.17238
1.99532
1.10039
1.15706

[4]
1.51955
0.986252
1.36882
0.766785
-0.654022
0.0708771
0.616196
0.76387
0.972473
0.861877
0.417221
0.357086
0.239685
0.182999
0.186752
-0.180298
-0.420532
-0.910431
-1.6371
-2.34508
-2.61945
-2.61554
-2.42339
0.547607
1.49965
-1.01343
-0.956512
-0.876877
-0.981888
-0.420517
-0.188171
-0.125443
-0.0306244
0.100937
-0.124832
-0.107544
-0.0312958
-0.0140228
-0.035614
-0.00842285
0.0236511
0.00135803
0.0407562
0.0957184
0.210968
0.0835571
0.171738
0.233673
0.350403
0.507629

[5]
0.696304
1.9706
1.49982
1.07278
1.19774
0.906082
-0.389145
0.0343018
0.734238
0.843887
0.907913
0.856766
0.428192
0.355713
0.227341
0.0977631
0.0738983
-0.0826569
-0.392471
-0.717117
-1.19754
-2.16772
-2.5692
-2.58618
-2.56438
-1.5757
1.52144
0.59407
-1.51111
-0.21228
-0.769745
-0.670425
-0.352371
-0.133896
-0.100113
-0.0219421
0.014389
0.0494385
0.0891876
0.113144
0.0561981
-0.0720062
-0.158905
-0.0671692
-0.109299
0.0261841
0.075531
0.129395
0.171524
0.243591

[6]
0.0733948
0.130356
0.303711
0.4375
0.462143
0.652985
1.88406
1.72591
1.07103
1.21367
0.881744
-0.472656
-0.149719
0.752502
0.993744
0.951385
0.816513
0.441437
0.344742
0.281982
0.185516
0.128235
-0.0633087
-0.316132
-0.480759
-0.96315
-1.82443
-2.54869
-2.58398
-2.5782
-2.53146
1.51761
1.10876
-1.05174
-0.380829
-0.914551
-0.637878
-0.580002
-0.255981
-0.139404
-0.050415
-0.0104523
0.012207
-0.154114
-0.0815887
0.101898
0.144424
0.160248
-0.0230255
-0.0466461

[7]
-0.0449371
0.0852509
0.092392
0.112732
0.186813
0.206512
0.383713
0.472427
0.578629
1.40668
2.24762
1.10223
1.02306
0.943375
-0.516754
-0.0254669
0.879822
0.978485
0.806412
0.851395
0.455978
0.339737
0.290771
0.222473
0.202881
0.041748
-0.291763
-0.570465
-1.02206
-1.96608
-2.53593
-2.57619
-2.56339
-1.57507
1.51372
1.54018
-1.2757
-0.392181
-0.948212
-0.991913
-0.236893
-0.0622253
-0.146164
-0.0888672
0.0391998
-0.127396
-0.0342255
0.072998
0.17775
0.138138

[8]
0.154953
0.029953
-0.00369263
-0.047287
-0.10643
-0.050705
0.0591888
0.104553
0.0275269
0.145569
0.168518
0.216858
0.34375
0.494141
0.537704
1.75517
2.00488
0.974808
0.861206
0.747375
-0.612396
-0.0301971
0.734787
0.921829
0.825897
0.767105
0.438126
0.343918
0.297165
0.214661
0.155807
-0.0263824
-0.280487
-0.569473
-0.892166
-1.64221
-2.4357
-2.33189
-2.50352
-2.47377
1.42667
1.16815
-1.2328
-0.068161
-1.00452
-0.601318
-0.435318
-0.126724
-0.099411
-0.0489655

[9]
1.12311
-0.256775
-0.794113
0.365356
0.688339
0.937683
0.962708
0.73526
0.357758
0.247681
0.175934
0.168716
0.102646
-0.0127258
-0.323715
-0.816849
-1.51021
-2.2672
-2.57982
-2.57788
-1.82376
1.05893
1.5296
-1.10422
-0.571014
-0.795685
-0.970291
-0.308151
-0.241837
-0.0510406
-0.0245209
0.0604858
-0.10231
-0.0610352
0.00520325
0.0554657
0.0184479
0.00314331
-0.0334167
0.0179291
0.0251617
0.182297
0.129456
0.124725
0.184967
0.326462
0.439362
0.549026
0.903809
2.11276

[10]
0.325745
0.492096
0.672867
0.930176
2.17947
1.28282
1.02155
1.18898
-0.302231
-0.859558
0.698685
1.08295
0.798325
0.871002
0.637711
0.391632
0.311279
0.168243
0.0802765
-0.079483
-0.326706
-0.668381
-1.119
-2.0943
-2.56801
-2.59532
-2.5807
-1.8788
1.26428
1.52852
-1.54427
-0.452454
-0.728821
-1.14922
-0.271332
-0.140884
-0.208267
-0.047287
0.0521698
-0.00894165
-0.00648499
0.197479
0.105209
0.0530548
-0.0692444
-0.0787659
-0.0322113
0.00100708
0.053772
0.152481

[11]
-0.0800171
-0.0597839
-0.0683746
0.0494385
0.0909882
0.137604
0.219711
0.316513
0.421417
0.475571
0.529984
0.833588
2.21494
1.49574
1.15804
0.939087
-0.564316
-0.312622
0.695221
0.953796
0.76535
0.677246
0.427536
0.389725
0.330475
0.189255
0.0557556
-0.149979
-0.429138
-0.708069
-1.14142
-2.04539
-2.52924
-2.55438
-2.5401
-2.49307
1.22127
1.56575
-0.446121
-1.17204
-0.697159
-0.665573
-0.391556
-0.389359
-0.19931
-0.30304
-0.0840607
0.095459
0.144043
0.16684

[12]
0.0263214
0.0319977
0.156128
0.169342
-0.0338745
-0.000411987
-0.0515442
-0.0539856
0.00735474
0.0262756
0.123779
0.107254
0.170807
0.146118
0.248947
0.381607
0.453552
0.558533
1.25285
2.16876
0.983185
0.911224
0.78685
-0.526825
-0.117889
0.866364
0.98349
0.804321
0.70488
0.42717
0.286774
0.290298
0.169571
0.0834961
-0.00413513
-0.27739
-0.546432
-0.981262
-1.78665
-2.31114
-2.52757
-2.52521
-2.21147
1.12773
1.51109
-1.37389
-0.267746
-0.791428
-0.756073
-0.304993

[13]
-0.0914001
-0.0950165
-0.0765839
0.0319061
-0.119339
0.0156097
0.0232086
0.126495
0.0780182
-0.00128174
0.00401306
-0.0696411
-0.0309906
0.07724
0.147247
0.183456
0.192108
0.281113
0.435593
0.572067
0.598862
1.70325
1.8885
1.05099
1.00688
0.668243
-0.518982
0.355988
0.785202
0.710297
0.677307
0.709015
0.479752
0.422745
0.393005
0.299957
0.138977
0.0275421
-0.415802
-0.624832
-1.27617
-2.22963
-2.54065
-2.56566
-2.54915
-1.50662
1.54257
1.52719
-1.55832
-0.309097

[14]
-0.831253
-0.972717
-0.368713
-0.192535
-0.108398
0.0101318
0.0528412
0.00595093
0.00169373
0.104675
0.0982666
-0.0485077
-0.0754395
-0.00837708
-0.0367432
0.0368805
0.171219
0.114014
0.208435
0.232925
0.318069
0.440048
0.625
0.647766
1.83492
1.48862
1.22246
0.97612
-0.0321198
-0.699524
0.386368
0.876007
0.850296
0.802536
0.670319
0.482224
0.392761
0.274384
0.185532
0.152618
-0.0620575
-0.390625
-0.565247
-1.03456
-2.06252
-2.52815
-2.55363
-2.53697
-1.87212
1.5531

[15]
1.56039
-1.50888
-0.36496
-1.03703
-0.704315
-0.348953
0.0409851
-0.157471
-0.101166
-0.0637054
0.00762939
0.0961456
0.148392
-0.032608
-0.0131531
0.0347137
-0.0332947
-0.00990295
0.0717621
0.0858917
0.0210724
0.119278
0.178497
0.203156
0.325928
0.528473
0.58606
0.999069
2.29279
1.24631
1.07323
1.17979
-0.185043
-0.560135
0.673431
1.06351
0.83725
0.81221
0.538651
0.316833
0.257812
0.221985
0.105942
-0.0991364
-0.381409
-0.79895
-1.50096
-2.25917
-2.45651
-2.58807

[16]
-2.56743
-1.58148
0.987137
1.35825
-1.45544
-0.571564
-0.882339
-0.695938
-0.435287
-0.0254822
-0.106628
0.127182
-0.0582123
-0.167282
0.0995789
0.0569611
-0.0588989
-0.142822
-0.0250244
0.00358582
-0.0394135
-0.0451965
0.168793
0.131088
0.179535
0.2099
0.28595
0.407364
0.523529
0.536057
1.77232
1.59296
1.10608
1.1962
0.643707
-0.296173
0.533401
0.984055
0.907837
0.760468
0.617584
0.443146
0.394821
0.284683
0.0956879
0.0333252
-0.215698
-0.534164
-1.00555
-1.67247

[17]
-2.42006
-2.58504
-2.58408
-1.99107
-0.613464
1.54404
-0.80864
-1.54865
-0.399078
-1.2795
-0.164749
-0.140457
-0.0332031
-0.0988312
-0.0402527
-0.213715
-0.0280151
-0.00428772
-0.0193634
-0.127899
-0.10762
0.0170593
0.128708
0.03508
-0.0319214
0.117691
0.0742035
0.178818
0.25
0.299255
0.347733
0.486954
0.876099
2.06985
1.28337
0.99736
0.984085
0.016449
-0.633759
0.748535
1.07143
0.868744
0.775253
0.569702
0.3918
0.302979
0.234467
0.18074
-0.0596313
-0.312561

[18]
-0.607941
-1.00989
-1.84067
-2.42757
-2.60173
-2.59743
-2.33005
1.5051
0.711502
-1.55122
-0.221176
-0.776169
-0.845947
-0.570786
-0.0903931
-0.0951233
0.145844
-0.0150299
-0.193466
-0.0435028
0.0314331
0.103912
-0.0382996
-0.11731
-0.0685425
-0.0681152
-0.0347443
-0.00595093
0.0626373
0.133972
0.190231
0.239243
0.370468
0.387924
0.344833
1.43765
1.97124
1.18265
1.05043
0.920013
-0.512009
-0.522812
0.619278
1.01765
0.911484
0.8134
0.552155
0.388519
0.273148
0.165359

[19]
0.0841064
-0.083252
-0.367401
-0.74852
-1.11952
-2.04446
-2.47096
-2.55763
-2.54015
-1.64317
1.54892
1.08464
-1.51747
-0.346008
-1.31599
-0.691666
-0.469894
0.0468292
-0.136337
0.0892181
-0.0605011
-0.14978
-0.00848389
0.13504
0.063385
-0.0198517
-0.0165863
-0.022522
-0.0838318
-0.0298157
0.126801
0.111191
0.191635
0.210953
0.373398
0.361099
0.468323
0.690369
1.72029
1.76648
1.1037
1.12329
0.856171
-0.444244
0.176941
0.817627
0.944214
0.829315
0.742401
0.422897

[20]
0.358063
0.221603
0.115845
0.0648346
-0.188797
-0.562256
-0.961288
-1.74492
-2.53253
-2.57079
-2.57126
-2.29408
0.967941
1.44368
-1.48538
-0.40239
-0.913177
-0.945969
-0.529785
-0.121338
0.0562286
0.120499
0.0175171
-0.173264
-0.049118
0.0713654
0.0502319
-0.0297546
-0.112961
-0.0525055
-0.0822296
-0.0466156
0.00935364
0.137589
0.160965
0.188965
0.20697
0.347153
0.489044
0.528397
1.07484
1.83601
1.16272
1.23514
1.09497
-0.434753
-0.651398
0.655472
0.989548
0.918167

[21]
0.922409
0.551758
0.326431
0.319534
0.202972
0.177109
-0.039978
-0.29808
-0.68364
-1.38203
-2.11989
-2.57559
-2.59129
-2.38989
0.723343
1.50951
-1.68254
-0.653854
-1.05371
-0.746689
-0.347488
-0.0973206
-0.00134277
-0.0726471
-0.0693207
-0.197662
0.027832
0.0712128
0.0224915
-0.0881653
-0.0795135
0.00593567
-0.0562439
-0.0539703
0.0604401
0.0327148
0.16153
0.15686
0.287277
0.372452
0.526688
0.590134
1.6463
1.39058
1.27943
1.17081
1.0804
-0.180267
-0.281403
0.648422

[22]
1.00085
0.97403
0.891449
0.413239
0.215027
0.137817
0.0536194
0.00285339
-0.0918732
-0.426804
-0.806366
-1.54604
-2.32648
-2.57924
-2.58121
-1.83311
1.51181
-0.22963
-1.48013
-0.543839
-0.953522
-0.424484
-0.458496
0.140427
-0.0778503
-0.0396729
-0.113937
-0.173019
-0.0625
-0.022583
-0.0209351
-0.0880737
0.0257263
0.0727692
0.0205841
-0.025116
-0.0375519
0.054306
0.145798
0.151276
0.201569
0.300781
0.434006
0.598312
1.57208
1.58475
1.30348
1.0777
0.989426
-0.294098

