[0]
0.0795593
0.125748
0.134979
-0.0201111
-0.0964661
-0.135406
0.0581512
0.146942
0.196945
0.00814819
-0.0162354
0.0417175
0.16449
0.0821381
0.174911
0.228882
0.144348
0.116318
-0.102875
-0.39212
-0.648956
-1.39557
-0.373123
-0.925125
-0.97522
-0.220978
-0.148285
-0.330673
-0.335129
-0.149689
-0.200592
-0.176208
-0.0933228
-0.0461731
0.00827026
0.0703888
0.122314
0.111023
0.354675
0.562592
0.836075
0.679504
1.50507
1.34106
0.0157318
0.0745087
1.13527
0.0890961
0.145538
0.626831

[1]
0.0908966
0.120178
0.0664215
0.124817
-0.0158844
-0.0525055
-0.036972
0.0668182
0.172256
0.138626
0.0986328
0.127487
0.113342
0.119156
-0.00733948
0.0680847
0.0250702
0.193832
0.155334
-0.147614
-0.430984
-0.848831
-1.55122
-0.443359
-0.881058
-1.0318
-0.332672
0.106857
-0.227921
-0.429611
-0.232635
-0.193466
-0.153
-0.107742
-0.0466614
0.0135803
0.0733795
0.132141
0.112671
0.314117
0.454559
0.589462
0.58519
1.4789
1.4967
0.616989
0.600876
1.3409
0.179398
0.0452271

[2]
0.702515
0.0578766
0.124435
0.165756
0.117966
-0.0504761
-0.00358582
-0.0659485
0.0173187
0.0576477
0.164932
0.182816
0.0821381
0.0334778
0.123749
0.0988922
0.0860596
-0.0728149
0.0121155
0.0980377
-0.156494
-0.330276
-1.21446
-1.06406
-0.486084
-0.934418
-0.616028
-0.103226
-0.0339203
-0.295761
-0.365479
-0.179657
-0.214798
-0.180893
-0.0996552
-0.00950623
0.0483704
0.0766602
0.147247
0.186295
0.44278
0.386658
0.683441
0.708679
1.89743
1.02655
-0.249039
0.586472
1.3387
-0.307861

[3]
0.232788
0.912979
-0.119461
0.198776
-0.0298157
0.107086
0.0964813
0.061554
0.0760956
0.0573883
0.0271912
0.0674896
0.104004
0.0848389
0.0857239
0.110123
0.0643158
0.0346222
0.0117035
-0.114761
0.0564117
0.0957184
-0.108795
-0.283234
-0.990677
-1.17937
-0.433273
-0.967377
-0.708801
6.10352e-05
-0.0274811
-0.246063
-0.290604
-0.140854
-0.192932
-0.132141
-0.11351
-0.0654602
-0.0311737
0.0175018
0.0839386
0.063324
0.261566
0.524704
0.49585
0.725433
1.17685
1.27142
0.605408
-0.158157

[4]
0.794388
0.808823
-0.0118256
0.273651
0.33432
-0.0916443
0.128708
0.131821
0.100876
-0.0623169
-0.0967255
-0.0713806
0.0562286
0.117645
0.0734406
0.00834656
0.00408936
0.0220947
0.153854
0.131195
0.0625
0.0666351
0.0231934
0.0135651
0.00291443
-0.21405
-0.374283
-1.01756
-1.19122
-0.799072
-1.02835
-0.748886
0.105438
-0.148483
-0.369751
-0.207306
-0.225647
-0.28775
-0.187271
-0.0869598
-0.0170288
0.0257721
0.0593872
0.100632
0.0814209
0.371933
0.589874
0.541962
0.876694
1.68483

[5]
1.06294
-0.324219
0.754639
0.96759
0.134857
0.161285
0.591904
0.11528
0.194092
0.125595
0.00686646
-0.106079
-0.0307312
-0.0713501
0.0606232
0.0746613
0.0727844
-0.0125885
-0.0710754
0.0869598
0.192703
0.13176
0.0980072
0.0283966
-0.0599976
0.0674591
0.0757141
-0.146347
-0.512726
-1.48822
-0.392654
-0.895386
-1.27148
-0.149765
-0.104446
-0.483826
-0.479736
-0.136841
-0.224335
-0.267792
-0.212204
-0.146622
-0.113235
-0.0772247
-0.0501709
-0.0226898
0.0342407
0.407516
0.417938
0.779953

[6]
1.23111
1.30295
0.889069
-0.977051
1.14346
0.743973
0.225327
0.179153
0.504349
-0.242447
0.192276
0.170868
0.0939484
-0.0154266
-0.110596
-0.179306
-0.087265
0.0427246
0.082901
0.0978394
0.136261
0.268356
0.166229
0.0113831
-0.035965
-0.0254059
0.162018
0.118713
-0.170074
-0.387863
-1.60088
-0.947769
-1.00035
-1.25981
-0.334808
-0.118958
-0.226334
-0.456757
-0.231354
-0.19278
-0.243576
-0.190491
-0.085022
-7.62939e-05
0.0450592
0.0713348
0.132278
0.382355
0.57196
0.590591

[7]
0.655975
1.54747
1.12709
0.596634
0.471848
0.824265
0.24324
-0.0991821
0.685745
0.0802002
0.108734
0.116058
0.046524
-0.0834045
-0.00157166
-0.00837708
0.0320587
0.0855103
0.0953979
0.10611
0.0346527
0.0349884
0.0982971
0.0694275
-0.0595398
-0.0234375
-0.0198212
0.0504303
-0.212708
-0.484436
-1.09631
-1.47757
-0.796555
-0.986481
-0.788895
-0.363556
-0.0547333
-0.276566
-0.353119
-0.141235
-0.18515
-0.141922
-0.0739136
-0.0510712
-0.00575256
0.0657349
0.119888
0.23819
0.525131
0.394363

[8]
0.738098
0.910782
1.62871
0.210815
-0.369003
0.686188
0.972504
0.183884
0.0141907
0.480164
-0.10054
0.0611877
0.121216
0.0946655
-0.0254364
0.0190125
-0.00706482
-0.0689392
-0.076416
0.0421295
0.148834
0.046051
-0.00740051
0.165298
0.113281
0.00244141
0.011734
-0.0656281
0.0317688
-0.215546
-0.482712
-1.11206
-1.35844
-0.671204
-0.812531
-0.492264
-0.137146
-0.181564
-0.366959
-0.344696
-0.160461
-0.168762
-0.0829773
-0.0300446
0.0105896
0.105667
0.141159
0.127075
0.404083
0.522964

[9]
0.448105
0.5383
1.20364
1.69167
-0.932251
0.174255
0.9664
0.209351
0.257492
0.304245
0.25798
0.125641
-0.0104218
-0.0268555
-0.0321198
0.00286865
-0.0585938
0.0834656
0.00843811
-0.0380096
-0.0389252
0.0209656
0.0778046
-0.012085
0.0635529
0.00959778
-0.0210266
0.0293579
-0.142593
-0.541046
-0.823105
-1.62811
-0.729462
-1.23015
-0.954269
-0.141098
0.274002
-0.330032
-0.623459
-0.293335
-0.240677
-0.15802
-0.0908966
-0.0716095
0.0319366
0.111252
0.185913
0.451431
0.71524
0.656799

[10]
0.654358
1.15541
1.46245
0.804733
-0.455933
0.957611
1.38341
0.143539
0.305756
0.452866
-0.275299
0.152832
0.0350342
0.182297
0.00691223
0.0606689
-0.162262
-0.0399323
0.0192871
0.138336
0.0565948
0.066925
0.0528564
0.0399933
0.0507202
-0.142456
-0.0626068
-0.0895081
-0.398392
-0.591049
-1.39041
-0.633804
-1.23466
-1.50771
-0.339035
0.128738
-0.311188
-0.547089
-0.247543
-0.187698
-0.0788422
-0.0326843
-0.00262451
0.0662384
0.126556
0.200821
0.195557
0.39325
0.286972
0.500183

[11]
0.678055
1.83423
0.676743
-1.02551
0.386856
1.56474
-0.100433
0.42511
0.263916
0.100418
0.0561829
0.072937
0.216705
0.00306702
0.0227203
0.000717163
-0.0848846
-0.00750732
0.0287323
0.0159302
-0.00801086
0.0195465
-0.00738525
0.0393219
0.00260925
-0.0654602
-0.106354
-0.393158
-0.496109
-1.47867
-0.784225
-1.09161
-1.27425
-0.449814
0.105347
-0.369003
-0.56192
-0.320953
-0.246033
-0.170135
-0.169144
-0.124802
-0.052124
0.000411987
0.0592499
0.0722198
0.494919
0.551132
0.480957
0.432175

[12]
1.27415
1.42885
1.12892
0.292816
1.19608
0.276489
-0.368195
0.797333
0.0914459
0.135086
0.11879
0.176926
-0.00292969
0.104736
-0.155212
-0.129639
0.00289917
0.0516968
-0.012207
-0.00413513
0.0786591
0.0531311
0.2164
0.0129089
-0.145035
-0.117218
-0.3591
-0.532425
-0.919266
-1.30676
-0.928787
-1.08418
-0.798691
-0.755753
-0.390564
-0.533524
-0.429169
-0.279434
-0.159576
-0.0461426
-0.0155182
0.0176849
0.073761
0.174896
0.353989
0.782623
0.605392
0.611237
1.05527
1.63104

[13]
0.895233
1.06729
-0.119934
0.878616
-0.244995
0.578018
0.379456
-0.0193024
0.03508
0.0959625
0.12944
-0.0230865
0.088501
-0.0876923
-0.158127
-0.0106659
0.0649719
0.055603
-0.0228882
0.0169678
0.00834656
0.123184
0.0308533
-0.038208
-0.0156555
-0.405655
-0.699982
-1.75943
-1.12312
-0.966248
-0.942017
-0.167267
0.246597
-0.396255
-0.457733
-0.190247
-0.151962
-0.0187531
0.0825958
0.0923462
0.0908813
0.122604
0.187378
0.247482
0.584763
0.685638
0.875015
1.14148
1.63591
0.862274

[14]
-0.935303
-0.377289
1.61504
-0.302597
0.682831
0.447433
-0.0692902
0.114731
0.00959778
0.0456085
0.0263672
-0.0435333
-0.0749664
-0.0774231
-0.0908203
-0.0455627
-0.0184479
0.0245514
0.0273743
0.141113
0.13205
-0.039978
0.0796051
-0.188644
-0.508789
-0.904297
-1.62906
-0.793625
-0.960922
-0.765915
0.0573883
-0.221909
-0.385742
-0.255707
-0.199402
-0.168961
-0.119781
-0.0600586
-0.0334015
0.0238342
0.0775146
0.132812
0.342285
0.468536
0.358261
0.682938
1.45132
1.06892
0.156311
0.0631104

[15]
1.30553
-0.260208
0.645325
0.308304
0.220459
0.00987244
0.0458679
-0.0819092
-0.140213
-0.0582733
-0.0337982
-0.00743103
0.0102844
-0.0103149
0.0362244
0.00700378
0.0679932
0.100082
0.0633545
-0.0949554
0.0100708
0.0505371
-0.272781
-0.495956
-1.31635
-1.43094
-0.842804
-0.938843
-0.722626
-0.587936
-0.195587
-0.413818
-0.361847
-0.201019
-0.173584
-0.11908
-0.0453491
-0.00918579
0.0681305
0.0948334
0.0490417
0.405823
0.331299
0.544662
0.618622
1.59361
1.31355
0.110733
0.63649
1.42378

[16]
-0.309784
0.184952
0.472183
0.101425
0.0805359
0.0982056
0.11525
0.0262756
0.119385
0.00897217
-0.0129852
0.0260315
-0.0252075
-0.0319977
-0.0569458
-0.0168304
0.0230408
-0.00624084
-0.0458832
0.0626831
-0.0228271
-0.350143
-0.484802
-1.06947
-0.71907
-0.780579
-1.69078
-0.617996
-0.281937
-0.458588
-0.492371
-0.300812
-0.23027
-0.168167
-0.162552
-0.133789
-0.0579987
0.0127563
0.0725098
0.170914
0.450867
0.529678
0.79985
0.894852
1.53021
1.15288
-0.596527
0.378036
1.13667
-0.212448

[17]
0.620621
0.218063
0.0777893
0.125275
0.0285645
0.0410919
-0.0100708
-0.0982513
-0.0623627
-0.0801544
-0.0563202
0.00817871
0.0169983
0.0524292
0.0797424
0.162567
-0.0304871
-0.0784149
-0.10817
-0.245239
-0.382538
-0.967102
-1.69795
-1.11566
-1.36018
-0.356979
-0.353226
-0.444504
-0.413849
-0.194687
-0.168594
-0.15036
-0.0820007
-0.00814819
0.0122528
0.0425873
0.0939484
0.106079
0.367203
0.348938
0.504822
0.795181
1.50258
0.930527
-0.163818
0.358597
1.24405
-0.242157
0.556351
0.33287

[18]
0.0942535
0.111465
0.0643463
0.0686188
-0.0573273
-0.0262909
-0.150925
-0.139618
-0.119537
0.0860138
0.106903
0.0726471
0.103394
-0.00349426
0.0383301
-0.00775146
-0.0469513
-0.0301361
-0.339233
-0.530243
-1.58635
-1.06081
-0.780777
-1.1042
-0.916367
-0.552872
-0.186859
-0.386154
-0.427338
-0.234375
-0.245392
-0.120758
-0.101715
-0.0387268
-0.0181427
0.109528
0.373947
0.540192
0.52565
1.05554
1.29788
1.33295
0.962906
-0.656555
1.16324
0.778717
-0.118195
-0.0193481
0.417374
0.0890503

[19]
0.243637
0.178284
0.0493927
-0.0303497
0.0622711
-0.139923
-0.0838623
-0.00628662
0.0729675
0.0232697
-0.094986
0.020462
0.0818939
0.186035
0.0841522
-0.0688934
-0.174622
-0.384125
-0.577911
-1.37646
-0.748901
-0.824036
-1.31342
-0.63678
-0.367554
-0.180939
-0.352646
-0.309982
-0.272491
-0.275513
-0.233612
-0.214447
-0.185822
-0.128494
-0.0316925
0.10556
0.297546
0.24881
0.823273
0.811386
1.53514
0.781769
-0.44017
0.78688
1.11119
-0.136139
0.296402
0.358261
-0.00260925
0.213318

[20]
0.158875
0.0766602
-0.022049
-0.158463
0.00283813
-0.0513153
0.00627136
0.119858
0.0296173
0.0675049
0.0659027
0.00340271
-0.0266418
-0.118668
-0.0205841
-0.0206604
-0.220703
-0.441925
-1.35829
-1.35648
-0.616669
-0.823181
-0.684937
-0.388992
-0.217361
-0.386826
-0.300842
-0.15358
-0.142227
-0.0346985
0.0363464
0.111862
0.126434
0.227066
0.378998
0.64032
0.778854
1.60263
1.84673
0.989014
0.821854
-0.624817
0.577515
0.555359
0.698227
0.518631
0.0583191
-0.0137787
0.109695
-0.0169525

