[1]
0.0827332
0.417114
0.534698
0.168091
-0.127365
0.00335693
-0.0867767
0.0650482
0.438644
0.521378
0.384262
0.272278
0.239166
0.22142
0.152405
0.0885773
0.00323486
-0.0857086
-0.185974
-0.497879
-0.802505
-1.02089
-1.22783
-1.16133
-0.961502
-1.03142
-0.874634
0.262909
0.761444
-0.020874
-0.166443
-0.246216
-0.380463
-0.302002
-0.0275726
-0.127258
-0.0639954
-0.0741119
-0.0801239
-0.0787659
-0.0264435
0.0285187
0.0484467
0.0121918
-0.0283813
-0.0144653
-0.00579834
-0.00158691
-0.00318909
0.000473022

[2]
-0.00296021
0.0176697
0.0148926
0.0186157
0.0660248
0.0582275
0.063797
0.0209503
0.0243073
0.0235748
0.00927734
0.122971
0.169098
0.460983
0.453751
0.163193
-0.197128
-0.208893
-0.31282
-0.0133514
0.270645
0.375702
0.285736
0.163315
0.106216
0.0945435
0.0675507
0.0119476
-0.0968323
-0.219971
-0.306976
-0.436157
-0.723969
-0.950531
-1.04584
-1.21547
-1.04181
-0.916229
-0.94278
-0.459869
1.04495
0.342834
-0.307053
-0.296844
-0.529953
-0.218811
-0.0222778
-0.0833435
-0.106384
-0.0478363

[3]
-0.0505219
-0.091095
-0.110428
0.032547
0.0173492
-0.0431366
-0.0242767
-0.00994873
0.0137787
0.012207
-0.030014
-0.0439911
-0.0441284
-0.0153198
0.0171814
0.0437622
0.0223083
0.030365
0.153641
0.067215
0.00892639
-0.0455627
0.0268097
0.179382
0.397766
0.398224
0.0512848
-0.136581
-0.00457764
-0.33342
-0.091095
0.275772
0.417526
0.332748
0.203583
0.159561
0.131546
0.0988007
0.0805664
0.0323944
-0.0687103
-0.194397
-0.355347
-0.688202
-1.08723
-1.23044
-1.28215
-0.986481
-1.09477
-0.837234

[4]
0.286011
1.0385
-0.07901
-0.492493
-0.327713
-0.746735
-0.119324
-0.0828094
-0.0827026
-0.0786438
-0.0745087
-0.0996246
-0.145798
0.0364532
0.0181274
-0.075943
-0.103973
-0.0525208
-0.0260162
-0.0132141
-0.0328674
-0.0336151
-0.0116119
-0.0373688
-0.0213776
0.02742
0.0704956
0.0625916
0.0382233
0.00454712
-0.0423584
-0.0315704
0.0684509
0.22319
0.4487
0.439255
-0.00485229
-0.272461
-0.0647278
-0.362335
-0.184738
0.341736
0.445862
0.34903
0.2565
0.213409
0.168915
0.132416
0.133347
0.0756683

[5]
-0.0806274
-0.242401
-0.454346
-0.845032
-1.09665
-1.37073
-1.48055
-1.08134
-0.950333
-0.890671
1.37744
-0.114792
-0.358917
-0.36496
-0.249207
-0.118484
-0.124802
-0.106873
-0.0592804
-0.021759
-0.0359955
-0.106003
-0.0204773
0.0344391
0.0380707
-0.0250702
-0.0603027
-0.0275879
0.0121307
0.00912476
0.00950623
-0.0292664
-0.0394287
-0.0128937
0.0480347
0.104126
0.129364
0.0302124
0.00306702
-0.0450287
-0.0183868
0.0692444
0.195099
0.492355
0.401489
-0.319031
-0.242645
-0.0161438
-0.211227
0.0113525

[6]
0.400696
0.401321
0.279099
0.182312
0.133179
0.15062
0.0966644
0.0106354
-0.0674438
-0.181671
-0.236526
-0.457947
-0.761475
-1.04733
-0.807632
-0.934662
-1.0312
-1.09872
0.731445
0.555725
-0.254578
-0.397659
-0.317032
-0.0956116
-0.0955811
-0.186707
-0.119904
-0.0960693
-0.0138092
-0.155579
-0.0936737
0.02771
0.0185699
-0.01474
-0.0661163
-0.0670776
-0.0457153
-0.0138092
-0.016098
0.00141907
-0.0343781
-0.0176086
0.00845337
0.0121155
0.0435944
0.053299
0.0020752
-0.0718079
-0.089859
-0.0110779

[7]
0.204681
0.549393
0.535706
0.00012207
-0.550858
-0.20311
-0.242828
0.0407562
0.165771
0.309479
0.239899
0.139572
0.13736
0.15184
0.11496
0.0229797
-0.0303345
-0.0945587
-0.202942
-0.338257
-0.516098
-0.812286
-1.09119
-1.01726
-1.06516
-0.744995
-0.676559
0.620422
0.672318
-0.176788
-0.438278
-0.420731
-0.490799
-0.115387
-0.0108032
0.0137939
-0.0515594
-0.00186157
-0.107285
-0.214005
-0.0625763
0.0805359
0.0318298
-0.074585
-0.127411
-0.0773621
0.0157928
-0.0118561
-0.0113373
-0.0367584

[8]
-0.0371704
0.029007
0.00996399
0.0322113
0.0252228
0.053833
0.0431366
-0.0625305
-0.0545502
0.0249329
0.171066
0.398315
0.332474
-0.322769
-0.148102
0.163254
0.000411987
0.0920868
0.210922
0.182693
0.185867
0.119171
0.139206
0.15097
0.151169
0.0996857
0.0785065
0.0448151
-0.0817413
-0.270569
-0.625961
-0.826004
-1.02547
-0.968689
-0.971725
-0.917068
-0.663864
0.869156
-0.20993
-0.407913
-0.287796
-0.259262
-0.234924
-0.0623016
-0.0733337
-0.116638
-0.0475769
-0.0114899
-0.0733948
-0.131287

[9]
-0.305359
-0.408844
-0.199936
-0.180176
-0.163696
-0.0861206
-0.0999451
-0.0718536
-0.0849915
-0.0710144
0.00898743
0.00636292
-0.0655823
-0.0542603
-0.016861
0.00294495
0.011795
-0.0108643
-0.0397644
-0.0427094
-0.0108185
-0.00993347
0.0228119
0.0463257
0.0939484
0.0065918
-0.0087738
0.000900269
0.0521393
0.145142
0.310425
0.337753
-0.161194
-0.272873
-0.0701447
-0.113724
-0.00891113
0.453049
0.430511
0.280853
0.232391
0.216675
0.215866
0.151398
0.0756531
-0.00300598
-0.0891266
-0.194687
-0.516739
-0.932236

[10]
-1.22968
-1.33832
-1.09297
-0.895081
-0.893555
-0.466324
1.0714
0.174728
-0.424896
-0.0471649
-0.276886
-0.138412
-0.148407
-0.169754
-0.161926
-0.0765991
-0.102051
-0.075058
0.0204773
0.011795
-0.0323944
-0.0279083
-0.0395813
-0.0414429
-0.021759
-0.0201721
-0.014801
-0.00427246
0.0137177
0.00445557
0.0287628
0.0399323
0.107635
0.0358276
-0.00543213
0.00418091
-0.0039978
0.0598907
0.118713
0.449951
0.472168
0.0500946
-0.327209
-0.151184
-0.312912
0.0293884
0.307587
0.4478
0.373718
0.229309

[11]
-0.0628052
-0.0124054
-0.0185089
-0.0541229
-0.0780334
-0.0748444
-0.0445557
-0.0065918
-0.00372314
-0.0233765
-0.0294189
0.00271606
-0.00088501
0.0129242
0.0152435
0.0232697
0.0111694
-0.0327759
0.0120392
0.029953
0.170486
0.390915
0.440781
-0.229721
-0.260681
-0.0357208
-0.235931
0.0576782
0.465744
0.329819
0.226028
0.183533
0.172348
0.116699
0.0223541
-0.0159912
-0.0540314
-0.14856
-0.279282
-0.523331
-0.789047
-1.06476
-1.35837
-1.07751
-0.80452
-1.07602
-0.618805
1.04942
0.481659
-0.325348

[12]
0.355621
0.274414
-0.165359
-0.316956
-0.0454559
-0.102036
0.0887756
0.386002
0.323975
0.230087
0.211014
0.210495
0.163925
0.142624
0.126511
0.0897369
-0.0213318
-0.153183
-0.379105
-0.732544
-1.00743
-1.26537
-1.2585
-0.888
-0.942886
-0.963211
0.331299
0.697159
-0.241394
-0.248367
-0.296356
-0.4944
-0.182556
-0.116974
-0.165756
-0.105316
-0.0370941
-0.0926971
-0.108231
-0.043396
-0.0211334
-0.0143738
-0.0695496
-0.0727081
-0.0305176
-0.0156403
-0.0228119
-0.0373383
-0.0475922
-0.0257721

[13]
0.173935
0.1362
0.0538788
-0.110153
-0.187607
-0.269379
-0.370026
-0.598221
-0.912018
-1.03056
-1.16025
-1.17268
-0.945343
-0.635132
-0.618347
-0.286804
0.561066
0.760254
-0.0381927
-0.214569
-0.333344
-0.627243
-0.166779
0.0244141
-0.0694275
-0.0526733
-0.0337372
-0.118378
-0.134613
-0.0666046
0.0569916
0.0357513
-0.0193787
-0.0823975
0.00526428
0.0382996
0.00535583
-0.00907898
-0.0277405
-0.043457
-0.0324249
0.0226898
0.0518799
0.081604
0.0365601
0.087738
0.0405121
0.0411377
0.0301971
0.199982

[14]
-0.0348053
-0.00340271
0.0685577
0.10968
0.121811
0.0149384
-0.0930634
-0.156021
-0.00761414
0.292938
0.590897
0.485641
-0.0844879
-0.397934
-0.122009
-0.191269
0.205933
0.464355
0.396988
0.23082
0.107285
0.0972595
0.0903778
0.0103607
-0.0752869
-0.00123596
-0.0507965
-0.203705
-0.342148
-0.69809
-0.831284
-0.844208
-0.950211
-1.13837
-1.11993
-0.920685
0.701157
0.164948
-0.329712
-0.527267
-0.373825
-0.129196
-0.0462341
-0.144363
-0.0824127
-0.0592651
-0.0299225
-0.130493
-0.0917969
0.0326538

[15]
-0.378769
0.00769043
-0.0761871
-0.0898132
-0.0214996
-0.0522919
-0.0967407
-0.0895233
0.00285339
0.0677643
0.0229645
-0.0410156
-0.0353851
0.0157166
0.0137329
-0.0109711
-0.0223083
-0.00946045
-0.0230865
-0.0270844
0.0111542
0.0398407
0.123184
0.105423
0.0252991
0.0345612
0.021347
0.0914001
0.307953
0.419052
0.306885
-0.281509
-0.293411
0.0232391
-0.090332
0.139221
0.428421
0.378815
0.271378
0.194946
0.118484
0.0790558
-0.00883484
-0.132202
-0.252548
-0.350632
-0.505249
-0.729004
-0.969177
-1.04715

[16]
0.0216827
-0.0375977
-0.0510254
-0.0413666
-0.0254669
-0.0113983
0.00785828
-0.0192108
-0.0260925
-0.0241394
0.00512695
0.0497742
0.0721893
0.0907135
0.036087
-0.0209961
-0.0554047
-0.0027771
0.156509
0.445801
0.513382
0.0994415
-0.277817
-0.0264893
-0.238861
-0.152359
0.0588684
0.394394
0.354401
0.229446
0.164032
0.120712
0.114029
0.0312653
-0.0149231
-0.0767822
-0.164566
-0.364288
-0.57399
-0.980942
-1.47569
-1.56778
-1.03685
-0.803162
-0.673401
-0.216125
1.18614
0.0885315
-0.370239
-0.323669

[17]
-1.07826
-0.924896
-0.607742
-0.561813
-0.556625
1.35336
0.396225
-0.347351
-0.164886
-0.449722
-0.17543
-0.126678
-0.0592194
-0.108139
-0.0774841
-0.0883942
-0.0644989
0.0314941
0.0448456
-0.0351257
-0.0802917
-0.0589294
-0.014389
-0.0205078
-0.00622559
0.00306702
0.00160217
-0.00419617
0.00869751
0.000595093
-0.00466919
0.0302734
0.0909119
0.0502777
0.0370789
-0.0635223
-0.0633392
0.14386
0.390594
0.514511
0.293427
-0.335831
-0.107391
0.0295563
-0.214661
0.0301514
0.417252
0.314102
0.270645
0.231934

[18]
0.180756
0.103302
0.0384827
0.00361633
-0.0529938
-0.218887
-0.403473
-0.630417
-0.922302
-1.44353
-1.56836
-1.07304
-0.658844
-0.475418
0.804688
0.263214
-0.344711
-0.590668
-0.32019
-0.0159302
-0.0480804
-0.134766
-0.137939
-0.128174
-0.101959
-0.123123
-0.0607758
0.0390778
0.00901794
-0.0638733
-0.0716248
-0.0322876
-0.0254059
-0.0265503
-0.0209808
-0.034256
-0.0446625
-0.0154114
0.0276489
0.040329
0.105759
0.170959
0.0743256
0.0335083
-0.0163879
0.141891
0.410431
0.247681
0.0440521
-0.507294

[19]
-0.167725
-0.234573
0.06427
0.329971
0.444443
0.272232
0.132492
0.0800629
0.090332
0.0636597
-0.0549774
-0.147156
-0.20755
-0.236588
-0.490829
-0.755432
-0.874054
-1.0365
-1.05394
-0.766418
-0.61882
-0.666092
-0.556824
1.18826
0.392136
-0.287735
-0.285797
-0.548569
-0.269455
-0.0339813
-0.0246429
-0.00964355
-0.0564575
-0.0630493
-0.105835
-0.10144
0.0331879
0.0606537
-0.0406799
-0.104126
-0.0346069
0.0267487
0.0107269
-0.0458374
-0.0475006
0.00146484
-0.0039978
-0.000534058
0.00784302
0.0210114

[20]
0.115768
0.0533447
-0.000854492
-0.0413361
-0.0387268
0.124054
0.317535
0.461838
-0.141159
-0.329666
-0.0580902
-0.0945435
0.146622
0.435211
0.383514
0.294891
0.233871
0.22905
0.200867
0.0350189
0.0267334
-0.0566559
-0.160812
-0.256577
-0.525757
-0.82019
-1.02582
-1.19156
-0.993622
-0.671432
-0.606018
-0.60704
1.15746
0.885437
-0.404922
-0.641068
-0.531952
-0.168427
-0.120987
-0.0507507
-0.165176
-0.111084
-0.170029
-0.17157
0.0101013
-0.0184174
-0.107178
-0.089859
-0.0500946
-0.0346222

[21]
-0.0429688
-0.0500488
-0.0354156
-0.024826
-0.0410004
-0.0410461
0.0415955
0.0409393
0.0573425
0.0832825
0.043335
-0.00192261
-0.00697327
0.10437
0.324493
0.300125
-0.353958
-0.218964
0.060257
-0.13649
0.0196991
0.412323
0.370728
0.266312
0.173111
0.158096
0.130325
0.116959
0.0761871
-0.0222931
-0.152802
-0.279053
-0.474487
-0.776932
-0.813309
-0.851013
-0.905106
-0.798523
-0.921707
-0.811188
1.14177
0.0397186
-0.439133
-0.16124
-0.258514
-0.115967
-0.130905
-0.105453
-0.121475
-0.0719299

[22]
-0.105682
-0.135696
-0.00971985
0.0583191
-0.0342712
-0.0689392
-0.0754242
-0.0409851
-0.00170898
-0.00505066
-0.0169525
-0.020752
-0.0138397
0.0308228
0.0698547
0.058548
0.0307465
0.0282898
0.0381927
0.0352325
0.196091
0.441452
0.428818
0.350021
-0.14003
-0.201309
-0.163101
-0.0887756
0.319016
0.449234
0.265518
0.127655
0.0530548
0.0593719
0.0578461
0.00538635
-0.13562
-0.182541
-0.258148
-0.495224
-0.877563
-0.878891
-1.05707
-1.23431
-1.17778
-0.955154
-0.894272
-0.874969
1.12752
0.102341

[23]
-0.491577
-0.469543
-0.303329
-0.0950775
-0.117996
-0.149963
-0.093811
-0.0609283
-0.0818939
-0.0562744
0.0276642
-0.00102234
-0.0621643
-0.0556946
-0.0465393
-0.0202942
-0.0296021
-0.0223999
-0.0341034
-0.0315094
-0.00704956
0.0340729
0.0487213
0.0607452
0.0783539
0.0352478
0.0411224
0.018631
0.0942688
0.267624
0.436111
0.457672
-0.0774078
-0.302994
-0.0901947
-0.142288
0.0384369
0.477463
0.403519
0.197281
0.119522
0.0926971
0.0491486
-0.0310822
-0.120544
-0.194595
-0.284424
-0.422775
-0.718597
-0.828552

[24]
-0.99826
-1.15257
-0.905121
-0.648361
-0.682144
-0.568665
0.303619
0.875595
-0.0267639
-0.251251
-0.525726
-0.271057
-0.0847321
-0.0902557
-0.0944977
-0.0894623
-0.00688171
-0.0582275
-0.0721893
-0.0025177
0.0165863
-0.0127563
-0.0410004
-0.0182648
-0.00413513
0.0085907
-0.032074
-0.0508423
-0.03125
-0.0242004
0.0584564
0.0674744
0.0791626
0.100952
0.051651
-0.0071106
-0.02034
0.089035
0.355698
0.489288
0.332626
-0.251373
-0.184967
0.00546265
-0.226089
0.0404968
0.501236
0.413422
0.232849
0.191177

[25]
0.200485
0.155731
0.110977
0.0735779
0.0335388
-0.0358276
-0.0405121
-0.199371
-0.413193
-0.660019
-0.692551
-0.908844
-1.10982
-1.49948
0.188461
0.196884
-0.552826
-0.272324
-0.151413
-0.122437
-0.199615
-0.180939
-0.167679
-0.0839539
-0.023468
-0.0487976
-0.0486755
-0.0336151
-0.0467529
-0.0581512
-0.0473785
-0.0627899
-0.0461426
-0.0315704
-0.0080719
-0.00662231
0.00216675
0.0180511
0.071106
0.0521088
0.0207825
0.0358582
0.0210724
0.0159912
0.00939941
0.11412
0.355392
0.490616
0.356644
-0.169907

[26]
-0.2211
-0.127563
-0.142914
0.0969086
0.431351
0.332108
0.130371
0.0827789
0.0905762
0.0232849
-0.109192
-0.174057
-0.238571
-0.335236
-0.399445
-0.581787
-0.959061
-0.935623
-0.70192
-1.06677
-1.22127
-1.07327
0.168411
0.897369
-0.0939331
-0.355881
-0.52594
-0.331085
-0.116821
-0.050354
-0.157532
-0.0540924
0.0128479
-0.109726
-0.173431
-0.0522003
0.0437775
-0.0226135
-0.0653839
-0.0389404
-0.00502014
-0.00846863
-0.024292
-0.0471039
-0.0195465
0.00666809
0.0857544
0.0579529
0.0596466
0.0802155

[27]
0.0612335
0.0538635
0.0913239
0.224716
0.515717
0.412979
-0.194733
-0.282822
-0.0410614
-0.0933533
0.0243378
0.367615
0.311523
0.173111
0.129562
0.138306
0.146591
0.0807495
-0.0375061
-0.11618
-0.13176
-0.314529
-0.564011
-0.780701
-1.02122
-1.21788
-1.05081
-0.989059
-0.950943
-0.669754
1.30476
0.137085
-0.578064
-0.345764
-0.20166
-0.163116
-0.156052
-0.0946045
-0.0726929
-0.00924683
-0.014801
-0.101318
-0.0078125
0.0476837
0.00440979
-0.0331268
-0.03302
-0.0122223
-0.0153503
0.0141754

[28]
0.00250244
-0.0237732
0.0193329
0.101929
0.0882568
0.0474243
0.0305328
0.0932465
0.140808
0.131744
0.23822
0.378464
0.429794
-0.0191345
-0.40123
-0.181976
-0.148682
0.00408936
0.37149
0.423019
0.307175
0.17926
0.0913544
0.113571
0.0354614
-0.03862
-0.0822754
-0.15625
-0.274628
-0.445572
-0.794479
-0.927063
-1.15265
-1.09448
-0.975937
-0.972351
-0.693329
-0.292969
1.08658
0.125473
-0.46312
-0.605576
-0.27832
-0.0841217
-0.105927
-0.0980225
-0.0687408
-0.00482178
-0.0532532
-0.0498352

[29]
0.0491028
0.0172424
-0.0216064
-0.0374298
0.00927734
0.00923157
0.0109406
0.00489807
-0.0432129
0.0199127
0.0155334
0.090271
0.121735
0.135315
0.076889
0.0111847
0.0147552
0.102936
0.386063
0.430679
0.0388794
-0.23558
0.0443726
-0.441422
0.134628
0.557983
0.360245
0.320297
0.267532
0.312653
0.24321
0.177353
0.166306
0.163315
0.0874786
-0.0554962
-0.347687
-0.719498
-1.0177
-1.30214
-1.25212
-0.973984
-0.98642
-0.980713
0.832535
0.324554
-0.516861
-0.57164
-0.322159
-0.109848

[30]
-0.128433
-0.18129
-0.14357
-0.0894012
-0.106964
-0.122131
-0.0243683
-0.0353394
-0.101486
-0.119965
-0.0654907
-0.0490265
-0.0491486
-0.0661316
-0.0499725
-0.0477753
-0.0588379
0.0589905
0.0838165
0.128723
0.0844116
-0.0431213
-0.143906
0.00463867
0.220764
0.336838
0.225754
-0.21608
-0.243515
-0.120895
-0.0111847
0.403763
0.393204
0.270248
0.177277
0.200974
0.174255
0.136993
0.124939
0.13443
0.0431519
-0.0207062
-0.236511
-0.490463
-0.74826
-0.99942
-1.18689
-1.16154
-0.924683
-0.666779

[31]
-0.0875702
0.889633
-0.298264
-0.251709
-0.387787
-0.199265
-0.183563
-0.101547
-0.193222
-0.14624
-0.110168
-0.0853577
-0.0327759
-0.0043335
-0.0434723
-0.0722504
-0.0695496
-0.0600586
-0.0307007
-0.021698
-0.0240021
-0.0240784
-0.0162048
0.00212097
-0.00428772
0.0314331
0.0814667
0.0556183
0.04039
0.0148315
0.0072937
0.11322
0.44252
0.629837
0.117783
-0.212845
-0.274353
-0.14563
-0.186188
0.466888
0.417328
0.181458
0.116516
0.148972
0.107773
-0.000244141
-0.0491333
-0.152435
-0.205872
-0.305038

[32]
-0.557846
-0.823044
-0.951096
-1.08879
-1.28487
-1.20721
-0.99263
-0.826126
0.851746
0.185287
-0.617645
-0.169113
-0.544327
-0.188751
-0.121429
-0.121078
-0.178604
-0.174866
-0.114761
-0.0911255
-0.0490112
-0.0570221
-0.0751953
-0.0776062
-0.0170593
-0.0424194
-0.0335388
-0.0533295
-0.0533295
-0.0591278
-0.0534515
-0.00300598
-0.00460815
0.0247955
0.098999
0.0582886
0.00642395
-0.0792694
0.0927124
0.32872
0.516876
-0.315216
-0.253189
0.0884399
-0.352219
-0.124054
0.410675
0.330734
0.260178
0.146591

