[1]
-0.0161591
1.23877
0.192703
0.783112
0.827255
0.748856
0.14769
0.0229492
0.192276
0.716949
0.6147
0.440735
0.32695
0.142044
0.144699
0.14592
0.0528717
-0.168793
-0.51532
-0.749039
-1.03403
-1.41762
-1.37875
-1.70038
-2.40662
-1.57227
-1.21741
0.642044
0.130402
-0.430008
-0.646729
-0.108398
-0.293594
-0.283051
-0.110901
-0.0268555
-0.0567017
-0.0741425
-0.0567322
0.00418091
0.0295868
-0.117447
-0.140015
-0.0403748
0.013916
0.0297546
-0.0134277
0.00572205
0.0191345
-0.00567627

[2]
0.00325012
0.00830078
0.0158691
0.0172424
0.0278015
0.0187225
0.0432129
0.10025
0.0490875
0.0354309
-0.0736237
0.258987
0.743118
1.11447
0.77005
0.483688
0.745361
0.80809
0.0222931
0.0253601
0.219086
0.632965
0.619766
0.555878
0.429016
0.263412
0.133209
0.132599
0.148605
-0.0198822
-0.273605
-0.488983
-0.79332
-1.13078
-1.29903
-1.30905
-1.86879
-2.4397
-1.37869
-1.05359
0.671371
-0.00636292
-0.700439
-0.259583
-0.0848083
-0.467667
-0.349548
0.0262299
-0.0996552
-0.113571

[3]
-0.0339508
0.0916748
0.083725
0.0609283
-0.0301056
-0.0119171
-0.0245361
-0.115753
-0.029068
-0.00965881
-0.0641785
-0.026825
-0.0585632
-0.0316925
-0.0381317
0.0144043
0.102234
0.017395
0.0241699
0.0416412
0.172638
0.236298
0.152267
0.550232
1.11841
0.562424
0.634964
0.785309
0.81543
-0.0546112
0.045578
0.134613
0.604645
0.625824
0.508118
0.365494
0.215332
0.103622
0.154526
0.113144
-0.0355377
-0.238647
-0.541077
-0.681122
-1.25449
-1.67725
-1.84209
-2.34357
-1.85246
-1.31471

[4]
-0.182663
0.465973
-0.477737
-0.680237
-0.209808
-0.310776
-0.460464
-0.168976
-0.0587311
-0.10585
-0.0879517
0.0153961
-0.00422668
-0.0973663
-0.17923
-0.104401
-0.0206909
-0.0461884
-0.0109406
0.0160065
-0.0408936
-0.0465851
-0.0585022
-0.0461273
-0.016098
-0.00598145
0.0264587
0.0623322
0.00305176
0.0661163
0.0518036
0.0590973
0.104736
0.714325
1.38622
0.652481
0.609756
0.800934
0.62381
-0.0412903
-0.137924
0.391678
0.750259
0.568497
0.431656
0.344559
0.231781
0.121078
0.0913544
0.0648499

[5]
-0.117737
-0.352982
-0.713638
-1.06487
-1.65611
-1.759
-1.75494
-2.2859
-2.03026
-1.15309
1.50244
-1.02451
-0.146149
-0.377487
-0.376083
-0.558792
-0.12973
-0.142441
-0.110977
0.0027771
0.0521851
0.0898132
0.0258484
-0.0257263
-0.0897675
-0.0740204
-0.0461426
-0.0270386
-0.00802612
-0.0285034
-0.0142822
-0.0269775
0.00656128
-0.00987244
-0.0188904
0.0329895
0.00213623
-0.00680542
0.0484009
0.130722
0.101364
0.212646
0.939743
1.21141
0.579239
1.01358
0.876831
0.650787
-0.149277
-0.0556641

[6]
0.480865
0.718338
0.590012
0.458252
0.318176
0.15683
0.0907898
0.116257
0.0932617
-0.195206
-0.481339
-0.652588
-1.03908
-1.66544
-1.96579
-2.04272
-2.52602
-1.67024
0.554565
0.0394745
-1.04442
-0.0891113
-0.498322
-0.576294
-0.465103
0.0253143
-0.052002
-0.0672302
-0.0527802
0.0687256
0.0152435
-0.0724792
-0.0971222
-0.0788727
-0.0370941
-0.0311127
-0.0381317
-0.0649414
-0.10968
-0.0847473
-0.0617371
-0.0164642
0.00810242
0.00296021
-0.0140381
0.0378723
0.0209045
0.0576019
0.0429993
-0.0547485

[7]
0.075943
1.49918
0.637054
1.30278
0.549942
0.599319
-0.176788
0.0830383
0.142426
0.557114
0.697876
0.643173
0.469757
0.28476
0.170135
0.145508
0.200195
0.0747986
-0.201874
-0.464157
-0.621841
-1.03236
-1.60904
-1.91693
-1.60985
-2.17009
-1.89577
-0.650665
0.972443
-1.01894
-0.381287
-0.149384
-0.136902
-0.548264
-0.238205
-0.125824
-0.0847473
-0.0485535
0.0283051
-0.0413818
-0.0737915
-0.0556335
-0.109467
-0.055481
-0.0216675
-0.0449524
-0.0858917
-0.0816498
-0.0262909
-0.0435333

[8]
-0.0217285
-0.056839
0.0178986
0.0655365
0.0527496
0.0204163
0.0983734
0.114777
0.232529
0.00921631
0.705872
0.869766
0.396881
1.34874
0.410141
0.610947
0.231277
0.0519257
0.00823975
0.417999
0.542953
0.516006
0.398941
0.135712
0.0262146
0.0188446
0.0443878
-0.0174408
-0.142746
-0.518753
-0.92662
-1.21857
-1.49196
-1.85046
-2.51219
-1.61641
-1.24232
0.941574
-0.763657
-0.699341
-0.366516
-0.205841
-0.339096
-0.272522
-0.031723
0.00656128
-0.113022
-0.0763092
0.00143433
-0.00682068

[9]
-0.344391
-0.346619
-0.540375
-0.225967
-0.0401611
-0.136246
-0.0974731
-0.0085907
0.0922394
0.0498047
-0.0425873
-0.046402
-0.113525
-0.0805054
-0.102661
-0.0328979
-0.0670776
-0.0830231
-0.0640717
-0.0821075
-0.0450745
-0.0128937
-0.00984192
0.0475464
-0.0170135
0.0370178
0.0539703
0.102798
0.164246
0.694458
1.51122
0.580292
0.81897
0.730911
0.414276
0.0493317
0.0109558
0.54158
0.730255
0.596283
0.425415
0.251068
0.120178
0.145828
0.142136
0.0120544
-0.369293
-0.69725
-0.772156
-1.34097

[10]
-1.71933
-1.78203
-1.84784
-2.12383
-1.21588
-0.760422
1.48926
-0.427383
-0.675552
-0.392349
-0.498428
-0.420731
0.0141602
-0.0526123
-0.107193
-0.0480652
0.0257416
0.0191803
-0.0641479
-0.070282
-0.0341034
-0.0398407
-0.0090332
0.00642395
-0.0572205
-0.0849609
-0.0315094
-0.0101013
-0.0205536
-0.00357056
0.020401
0.0101166
0.00657654
0.00541687
0.0279083
0.0463715
0.0330811
0.0614929
0.597733
1.18513
0.894852
0.600479
0.673386
0.740723
-0.0306549
0.0534668
0.100479
0.520111
0.620667
0.589859

[11]
-0.0845947
-0.132782
-0.154007
-0.0947418
-0.0962067
-0.0696716
-0.0608826
-0.0648041
-0.0788879
-0.0396881
0.0156097
-0.00942993
0.0174713
0.0356903
-0.0461884
-0.008255
-0.0247803
-0.00141907
0.0432129
0.123779
0.695129
1.32214
0.451447
1.23444
0.522507
0.704575
0.0112152
-0.0932617
0.284927
0.745804
0.7052
0.503342
0.316803
0.171646
0.174347
0.192276
0.0993195
-0.0859528
-0.393723
-0.657837
-1.1631
-1.44217
-1.63972
-1.95271
-2.49828
-1.34625
-1.39479
0.760132
-0.0345612
-0.914719

[12]
1.8158
0.667938
0.853241
0.624893
0.464127
0.162933
0.0796204
0.556427
0.713226
0.608017
0.433594
0.253754
0.200394
0.25
0.213806
0.0800934
-0.142365
-0.312271
-0.607025
-0.95929
-1.60777
-1.74574
-1.86533
-2.07468
-1.91408
-1.59781
0.627289
0.383621
-0.892761
-0.449112
-0.257492
-0.385803
-0.392227
-0.159027
-0.184799
-0.145676
-0.0296021
0.0117645
-0.031601
-0.0549927
-0.102188
-0.101715
-0.0914917
-0.0542603
0.00395203
-0.0405731
-0.081604
-0.0667267
-0.0764008
-0.0530548

[13]
0.415222
0.196014
0.0726471
0.077713
0.122421
-0.11348
-0.373749
-0.533966
-0.852448
-1.18802
-1.30992
-1.11508
-1.31476
-1.71893
-1.65981
-0.862335
0.071106
0.649963
-0.412949
-0.570557
-0.0222015
-0.0105438
-0.390976
-0.312576
-0.179047
-0.180771
-0.0947876
0.0616913
0.00788879
-0.0451965
-0.0256042
-0.0534973
-0.06073
0.0012207
0.0627136
0.00509644
-0.0708313
-0.0597229
-0.0294647
-0.0163574
-0.0085144
-0.00164795
0.0330963
0.0884247
-0.00354004
0.0230713
0.0671997
0.125793
0.0126495
0.42746

[14]
-0.0361786
-0.0171051
0.0027771
0.0223236
0.0124207
-0.0137482
0.164474
0.166321
-0.000305176
0.50296
1.48323
0.716812
0.93544
0.775192
0.5867
-0.0524139
-0.0204315
0.303848
0.60556
0.626648
0.417664
0.182632
0.0429993
0.149902
0.15831
0.178055
-0.0295563
-0.394821
-0.822418
-0.900497
-1.28096
-1.70921
-1.46136
-1.86818
-2.12209
-1.81709
0.293533
0.45993
-0.932449
-0.00038147
-0.607758
-0.557465
-0.442825
-0.00289917
-0.0737152
-0.0533905
-0.0581207
0.0557251
-0.00445557
-0.076355

[15]
-0.393997
-0.396851
-0.135529
-0.156387
-0.0597382
-0.0158539
-0.00546265
-0.0163116
0.0141754
-0.0308228
-0.0124817
0.0453186
0.0644073
0.0257111
-0.0110779
-0.0262299
-0.0121002
-0.015274
-0.0302124
0.00338745
0.0317993
0.0632935
0.0550232
0.0879669
0.0759277
0.0997009
0.181259
-0.00236511
0.942993
1.2088
0.477798
0.804642
0.763245
0.562485
0.108246
0.12709
0.162537
0.508072
0.585968
0.549271
0.384033
0.144531
0.089447
0.0947723
-0.00141907
-0.238571
-0.439407
-0.876984
-1.13248
-1.48624

[16]
-0.130798
-0.0829468
-0.0290985
-0.0030365
-0.0364075
-0.0623169
-0.0542297
-0.0386353
-0.0411682
-0.03479
-0.00595093
0.0314484
0.0648041
0.0497589
0.0156403
0.0592194
0.0718231
0.0404053
0.393402
1.26747
0.634399
0.610153
0.800583
0.832687
0.296478
-0.0996246
-0.00643921
0.573822
0.707657
0.558136
0.401596
0.187469
0.0913696
0.140411
0.144943
-0.0276489
-0.342529
-0.698959
-0.787766
-1.24731
-1.48271
-1.5936
-1.92551
-1.97697
-1.0887
-0.564529
1.4068
-0.513855
-0.591537
-0.279526

[17]
-1.33228
-1.66621
-1.88148
-1.83185
-1.65611
1.15413
-0.381226
-0.898926
-0.0498505
-0.506119
-0.459702
-0.295883
-0.154694
-0.195663
-0.0242157
0.0713806
0.0667877
0.00125122
-0.100601
-0.115662
-0.0585785
-0.0283356
-0.0473633
-0.0416107
-0.0550995
-0.0295563
-0.0480957
-0.0326691
-0.0183868
0.0131683
0.0412292
0.032135
0.0141602
-0.0471039
0.0644836
0.13205
0.0727692
0.468903
1.40288
0.375351
0.712524
0.867615
0.763947
0.563431
0.0302277
-0.15654
0.0600281
0.577515
0.655273
0.553726

[18]
0.39592
0.166824
0.0239105
0.0973816
0.0333405
-0.391769
-0.727768
-1.04469
-1.44553
-1.56493
-1.52667
-2.05193
-1.84978
-1.25188
0.64711
0.201294
-1.00418
-0.129944
-0.357513
-0.618256
-0.308945
0.0154419
-0.121826
-0.129547
-0.0806122
-0.0240784
-0.0213013
-0.071228
-0.0782776
-0.0264282
0.0181732
-0.0484467
-0.0362091
-0.0580292
-0.0665741
-0.0123138
-0.0422516
-0.017395
0.00956726
0.0303802
0.0306549
0.0427856
-0.0231018
0.0610504
-0.0600739
0.232498
2.18076
0.710373
0.58992
0.555695

[19]
0.666306
0.215897
0.133957
0.170349
0.528015
0.590775
0.586456
0.411682
0.26535
0.176041
0.243347
0.178162
-0.0625916
-0.359375
-0.435287
-0.839096
-1.22607
-1.32617
-1.2598
-1.41078
-1.87738
-1.5396
-1.36673
0.263321
0.00959778
-0.896103
-0.107208
0.00279236
-0.455078
-0.23703
-0.0840607
-0.0906372
-0.125488
-0.0585327
0.0494995
-0.0124817
-0.0239258
-0.0738831
-0.0582123
-0.0166931
-0.0475311
0.0171814
-0.0270386
-0.0368042
-0.0264893
0.0107422
0.019043
0.0435028
0.0400391
0.073822

[20]
0.00482178
-0.0129089
0.120255
0.145477
0.0854645
0.28009
1.74194
0.22435
1.40242
0.522812
0.587265
0.228729
0.189377
0.228729
0.623184
0.723129
0.586227
0.376007
0.186447
0.181274
0.203552
0.0523987
-0.266708
-0.603699
-0.680832
-1.03406
-1.45093
-1.61095
-1.75484
-1.7971
-1.49187
-1.81421
0.339371
0.441498
-1.53229
-0.0710754
-0.391235
-0.412628
-0.342819
-0.128784
-0.107285
-0.121063
-0.0800323
0.0518951
-0.0575867
-0.105331
-0.0453186
-0.0781555
-0.0910187
-0.0426941

[21]
-0.0437012
-0.078537
-0.0804443
-0.0855103
-0.061142
-0.0298157
0.021698
-0.00787354
0.0284424
0.0566711
0.0838165
0.0631714
-0.000854492
0.488449
1.51402
0.576233
1.23955
0.479752
0.450439
0.00372314
0.0322876
0.454315
0.689285
0.598816
0.462387
0.267441
0.122223
0.102066
0.10672
-0.0432739
-0.45665
-0.526031
-0.794373
-1.41626
-1.91548
-1.6837
-1.7215
-1.80028
-1.6544
-1.66371
1.52724
-0.955353
-0.464371
-0.214249
-0.338226
-0.417831
-0.176285
-0.127411
-0.0564117
-0.0462189

[22]
-0.00193787
0.0213776
-0.114532
-0.094986
-0.0480804
-0.0313416
-0.0614166
-0.0493927
-0.0762024
-0.0635681
-0.072525
-0.0729218
0.00299072
-0.00494385
0.000488281
0.0737457
0.0901031
0.0707092
0.109909
-0.0365753
0.390091
1.368
0.86557
0.425079
0.763474
0.616882
0.122757
0.0410614
0.438217
0.694351
0.538696
0.488068
0.344147
0.208588
0.148651
0.193207
0.116058
-0.154327
-0.357269
-0.572952
-1.07962
-1.22304
-1.33041
-1.4592
-1.57419
-1.80119
-1.96747
-1.39413
1.49548
-0.934021

[23]
-0.366684
-0.335144
-0.564758
-0.396622
-0.204758
-0.110504
-0.0998077
-0.0460815
0.0115509
0.0432434
-0.0519104
-0.132782
-0.0515594
-0.0542908
-0.0340729
-0.0438385
-0.0478668
-0.0467072
-0.0565033
-0.0545349
-0.0285492
-0.0427551
0.00375366
0.00758362
0.0286102
0.0375061
0.0658722
0.104828
0.128052
0.622406
1.22284
0.497101
1.01955
0.790741
0.617493
0.118896
0.200378
0.686996
0.680954
0.470016
0.355606
0.240051
0.155273
0.112122
0.0973511
-0.0968018
-0.425446
-0.565399
-0.791794
-1.18739

[24]
-1.40242
-1.44954
-1.75829
-2.04729
-1.87746
-1.32727
0.169815
0.688202
-1.41508
-0.207382
-0.237534
-0.543518
-0.408813
-0.209488
-0.0618896
-0.0607605
-0.0759735
-0.023056
-0.0380096
-0.0650024
-0.10289
-0.0974884
-0.0531311
-0.0670013
-0.0759888
-0.0379028
-0.0671844
-0.0887756
-0.0477295
-0.0529022
-0.0108948
6.10352e-05
-0.0222931
-0.0231323
0.03685
0.0886688
0.137177
0.235428
1.16414
0.798492
0.440643
1.27979
0.699753
0.681992
-0.128052
-0.121124
0.453201
0.684891
0.541473
0.340485

[25]
0.153107
0.0802765
0.143951
0.109299
-0.19899
-0.354431
-0.652405
-0.763947
-1.18579
-1.26472
-1.89931
-1.94363
-2.60075
-1.53407
0.4272
-0.0111542
-0.832474
-0.641479
-0.76265
-0.296875
-0.189438
-0.000534058
-0.0174561
-0.0381622
-0.00759888
0.0320129
-0.0314636
-0.0426636
-0.0830536
-0.0855103
-0.0513153
-0.0250397
-0.0193787
-0.0326385
-0.065094
-0.0244446
-0.0823059
-0.100281
-0.136917
-0.0667419
0.0324554
0.116379
0.049408
0.133148
0.0795898
0.568909
1.07396
0.742676
0.462402
1.17313

[26]
0.723083
0.507553
-0.0820465
0.0905457
0.637619
0.72644
0.561203
0.354889
0.143738
0.1147
0.175171
0.143997
-0.0391998
-0.380875
-0.659866
-0.682449
-1.04091
-1.74432
-1.71512
-2.623
-2.08881
-1.33673
0.0999756
0.214905
-0.921082
-0.541824
-0.334885
-0.38588
-0.541306
-0.11705
-0.0643005
-0.0853729
-0.00727844
0.00740051
-0.0235596
-0.0573273
-0.0990143
-0.119568
-0.0738678
0.00856018
-0.0337982
-0.0535583
-0.0519867
-0.0415802
-0.0674591
-0.069046
0.00196838
0.0804596
0.0171051
0.0729828

[27]
0.108368
0.12384
0.083847
0.672562
1.47643
0.522491
1.12805
0.760315
0.513443
0.141525
0.0556946
0.55864
0.707214
0.59935
0.421051
0.178146
0.094101
0.123764
0.134079
-0.0755005
-0.359619
-0.689209
-0.879807
-1.35356
-1.45201
-1.45091
-1.79541
-2.58846
-1.37503
-1.14226
1.20769
-0.8582
-0.380173
-0.428558
-0.41687
-0.420288
-0.171906
0.00933838
-0.0868073
-0.0211334
-0.00631714
0.0402069
-0.0119019
-0.084259
-0.0280457
0.0185852
-0.0258331
-0.022934
-0.0174255
0.010788

[28]
-0.0381775
-0.0755463
-0.00865173
0.0370941
0.0803986
0.0664062
0.0650787
0.0821381
0.0700989
0.00587463
0.357056
1.605
0.672684
0.771713
0.841248
0.659073
0.239868
0.0748749
0.314423
0.665909
0.641022
0.501007
0.309021
0.123032
0.183823
0.249619
0.189896
-0.000534058
-0.297256
-0.738434
-1.10516
-1.56433
-1.60278
-1.74258
-1.93192
-2.25911
-0.935608
-0.900665
1.38356
-1.13036
-0.329056
-0.231064
-0.553787
-0.355392
-0.0836029
-0.00669861
-0.0603333
0.0184937
0.0600891
0.0322723

[29]
-0.0983124
-0.111145
-0.0428314
0.023407
-0.0181122
-0.0078125
-0.0148773
0.0221863
-0.0232849
0.0297699
0.0484009
-0.0148621
-0.000991821
0.0346375
0.101608
0.187225
0.28717
0.365067
1.4187
0.482422
1.08426
0.954132
0.841644
-0.137329
0.0301208
0.00842285
0.718582
0.811569
0.607178
0.332962
0.0829163
0.0406799
0.126038
-0.0235443
-0.308899
-0.537964
-0.848648
-1.3161
-1.44112
-1.48622
-1.7661
-2.09056
-1.61594
-1.37755
0.288132
0.449112
-1.38335
-0.496109
-0.412781
-0.504059

[30]
-0.326935
0.0137787
-0.0525513
-0.0958862
-0.0539398
0.0566864
-0.0338745
-0.208679
-0.0784454
0.0104675
-0.0254211
-0.0822144
-0.0586853
-0.0704651
-0.00848389
-0.0319672
0.0102081
-0.0124817
-0.0101776
-0.0225372
0.0452576
0.125427
0.267609
0.297119
0.76564
0.861984
0.453918
1.45543
0.767944
0.265274
-0.0564117
0.0125122
0.685211
0.695908
0.500183
0.317551
0.13533
0.0838928
0.169312
0.0982513
-0.119415
-0.330536
-0.53595
-0.906494
-1.42493
-1.78577
-1.75273
-2.13034
-2.60408
-1.20807

[31]
0.00744629
0.835266
-1.25522
-0.426865
-0.396484
-0.475174
-0.401901
-0.100113
-0.145554
-0.142609
-0.119171
0.11763
-0.0439453
-0.0763245
-0.0302124
0.0083313
-0.0256195
-0.109863
-0.0846558
-0.0178375
-0.0553131
-0.103775
-0.0657196
-0.0159149
-0.0296783
0.0130157
-0.00280762
0.0435486
0.0569305
0.126999
0.393265
0.644485
0.942825
0.17688
0.896866
0.809189
0.744461
0.0727234
3.05176e-05
0.547272
0.721695
0.490936
0.305786
0.13533
0.0602875
0.148636
0.155823
0.0553131
-0.179749
-0.5522

[32]
-0.517639
-1.16435
-1.47124
-1.42245
-1.96088
-2.63484
-1.44818
-1.54698
0.670456
-0.17926
-0.786209
-0.469254
-0.388626
-0.418701
-0.277084
-0.0791626
-0.0992889
-0.220856
-0.181946
0.00672913
-0.070282
-0.129471
-0.127502
-0.0703278
-0.0706024
-0.0756836
-0.0910797
-0.0518799
-0.097229
-0.121872
-0.0731812
-0.0348358
0.0402222
0.0455627
-0.0231323
0.0467224
0.0288544
-0.0312042
0.390015
1.73193
0.256378
1.90221
0.745972
0.766022
-0.0566406
-0.189346
0.128448
0.697235
0.821945
0.574432

