[1]
-0.000152588
-0.0344391
-0.0297699
-0.0189056
-0.0129242
-0.0365295
-0.0431671
-0.0163116
0.00924683
-0.0263519
-0.0278778
-0.0218658
-0.00976562
-0.0124969
-0.0476379
-0.0363464
-0.0254974
-0.0347443
-0.0374603
0.0241547
-0.000183105
-0.0132751
0.000198364
-0.00468445
0.0338135
0.00134277
-0.0118713
-0.0138702
-0.0296478
-0.0627594
0.00437927
-0.0689697
-0.0363464
-0.0265503
-0.0756683
-0.0131989
-0.0768127
-0.0803375
-0.102463
-0.107407
-0.0921936
-0.0881348
-0.0495758
-0.0299683
-0.00372314
0.00271606
0.0195312
0.0328522
0.0676575
0.00770569

[2]
-0.0278625
-0.0389709
-0.0539856
-0.0735474
-0.122711
-0.0875244
-0.0245361
0.019043
0.0555878
0.0148163
0.0826263
-0.00480652
0.025528
0.0393982
0.0625153
0.0611725
0.0448761
0.0883179
0.142075
0.173569
0.184235
0.182068
0.167068
0.193924
0.293549
0.368607
-0.421326
-0.500153
0.695221
-0.00395203
0.189728
-0.0466919
-0.160446
-0.0530701
-0.0730591
-0.0404205
-0.00335693
-0.0202789
-0.0506592
-0.155045
-0.0956879
-0.0341644
-0.0282898
-0.0887299
-0.108582
-0.0734711
-0.0428925
0.0171356
0.0552826
-0.0345154

[3]
-0.0594025
-0.0159454
-0.0162811
-0.0512848
-0.172287
-0.0910492
-0.0753326
-0.0938873
-0.0849762
-0.0707703
-0.1026
-0.059967
-0.192947
-0.0795593
-0.207626
-0.20285
-0.178009
-0.573624
-0.418396
-0.703522
-0.602249
-0.456375
-0.295822
-0.158066
0.0133514
0.0281525
0.112381
0.166367
0.133774
0.114349
0.243866
0.276123
0.146469
0.169022
0.292877
0.328171
0.403809
0.337357
0.298218
0.270081
0.262024
0.251617
0.20636
0.228165
0.271286
0.265045
0.0721741
0.347198
-0.447342
-0.837784

[4]
0.882599
0.24501
0.277206
-0.00396729
-0.188263
-0.189651
-0.108414
-0.0911713
-0.0344696
-0.14801
-0.126389
-0.157364
-0.0855713
0.0170135
0.023056
-0.0499268
-0.0801849
-0.0604553
-0.0612946
0.00323486
-0.0259705
-0.118668
-0.136307
-0.139206
-0.144623
-0.0929718
-0.150574
-0.212006
-0.250778
-0.336594
-0.293839
-0.333328
-0.232834
-0.786377
-0.656067
-0.498306
-0.464355
-0.259857
-0.177505
-0.0796051
0.0571442
0.0635681
-0.0357208
-0.0662231
-0.0553436
0.0106201
0.117447
0.187866
0.138306
0.246979

[5]
0.299179
0.329727
0.322754
0.273499
0.191193
0.155167
0.175537
0.203827
0.215561
0.257568
0.372086
0.389877
0.55159
0.715851
-0.0813599
-0.489243
0.650848
0.0253448
-0.0441437
-0.260147
-0.0428467
0.0132599
-0.022583
0.0525818
-0.160965
-0.205841
-0.194992
-0.0470886
0.0416412
0.0362701
-0.0597382
-0.121414
-0.08078
-0.0527344
-0.0477905
-0.00408936
-0.0491638
-0.158173
-0.0804443
-0.0887451
-0.101578
-0.118851
-0.235107
-0.240967
-0.0990143
-0.0679169
-0.118866
-0.23317
-0.357895
-0.375046

[6]
-0.440063
-0.885941
-0.715302
-0.691727
-0.479065
-0.34111
-0.148087
-0.0361176
0.0778198
0.0492096
0.0489044
-0.00686646
-0.00682068
0.0444946
0.0909271
0.172577
0.183975
0.296707
0.374634
0.38298
0.336945
0.280838
0.264542
0.245575
0.264252
0.258438
0.230042
0.218262
0.195435
0.102982
0.313522
0.265549
-0.333145
0.155624
0.412521
0.0475006
-0.205444
-0.243668
-0.00335693
-0.0742188
0.00874329
0.0792389
-0.122314
-0.0971222
-0.128021
-0.104355
-0.0331573
0.0243835
-0.0274811
-0.0942841

[7]
-0.104218
-0.0793304
-0.042038
-0.0783844
-0.0440979
-0.0621948
-0.152405
-0.0721436
-0.0422974
-0.125351
-0.0914764
-0.0972595
-0.118256
-0.399109
-0.520401
-0.807571
-0.704132
-0.771088
-0.277985
-0.333862
-0.443756
-0.190384
0.0065918
0.127579
0.150909
0.119019
0.062912
0.00959778
0.000854492
-0.0383759
-0.13504
-0.0345306
0.0207672
0.153564
0.193588
0.164658
0.153458
0.14801
0.164124
0.196198
0.273727
0.351074
0.484406
0.671417
0.782333
0.851883
-0.217163
-0.0549927
0.510895
0.145279

[8]
-0.00802612
-0.0259094
-0.0996246
0.0075531
-0.0506897
-0.243652
-0.334839
-0.192612
-0.0354156
0.0345917
0.0564575
-0.0379944
-0.087616
-0.0813141
-0.0397797
-0.071579
-0.042572
-0.0623474
-0.115112
-0.111053
-0.16011
-0.163223
-0.15332
-0.113388
-0.0822906
-0.0753174
-0.0883026
-0.164429
-0.392181
-0.551498
-0.641251
-0.501099
-0.911774
-0.828995
-0.614822
-0.425919
-0.232971
-0.0135803
0.0385742
0.119949
0.153503
0.108932
-0.0115967
0.0172424
0.0476074
0.150864
0.221863
0.275635
0.351074
0.399246

[9]
0.209427
0.29451
0.111359
0.130432
0.0892639
0.126312
0.161453
0.239777
0.321472
0.358688
0.299728
0.269836
0.341507
0.883667
-0.469589
0.581314
0.583649
0.0866241
-0.210632
-0.219604
-0.150757
-0.0238037
0.0664062
-0.104248
-0.219925
-0.2108
-0.135529
-0.00169373
0.03862
-0.0175781
-0.106339
-0.130035
-0.0919037
0.00746155
0.0559692
-0.0506439
-0.137726
-0.219025
-0.11554
-0.166122
-0.13739
-0.0966949
-0.134415
-0.172607
-0.321426
-0.208771
-0.136978
-0.340729
-0.477432
-0.736115

[10]
-0.480972
-0.987442
-0.846756
-0.618774
-0.533463
-0.399628
-0.268387
-0.222595
-0.178574
-0.173584
-0.0322113
0.055191
0.126572
0.193573
0.333862
0.385788
0.419998
0.400162
0.401199
0.391312
0.360229
0.219086
0.107574
0.101181
0.16011
0.295074
0.390793
0.474014
0.550995
0.645325
-1.06917
0.579849
0.140762
0.244446
-0.357452
-0.092041
0.00111389
-0.0458984
-0.085144
-0.170776
-0.188873
-0.0723419
-0.00382996
-0.017868
-0.0122375
-0.105484
-0.173004
-0.168549
-0.123169
-0.0549164

[11]
-0.085968
-0.0810089
-0.138077
-0.171036
-0.239304
-0.18187
-0.136093
-0.0651245
-0.150772
-0.170746
-0.0555267
-0.132904
-0.318604
-0.645279
-0.552582
-0.420135
-0.819702
-0.844116
-0.809692
-0.653107
-0.426163
-0.282318
-0.190735
-0.120972
-0.0410156
-0.0109406
0.059967
0.0900116
0.0818176
0.118332
0.182693
0.191696
0.199127
0.192383
0.262299
0.365768
0.415726
0.350616
0.275955
0.218842
0.258011
0.30542
0.367416
0.462036
0.584976
0.601425
0.424362
-0.0896912
0.0388947
0.515961

[12]
0.448517
-0.434052
-0.394867
0.0561676
0.172455
-0.0376434
0.0174255
-0.135193
-0.262146
-0.121582
-0.13382
-0.0497284
0.019516
0.011734
-0.0856323
-0.182999
-0.139465
-0.00190735
-0.0614624
-0.144501
-0.262085
-0.144119
-0.134644
-0.167831
-0.188309
-0.273483
-0.0976715
-0.192352
-0.305832
-0.724213
-0.770401
-0.546371
-1.08476
-0.749512
-0.481598
-0.284256
-0.164642
-0.0746155
-0.0774384
-0.0871887
-0.102509
-0.142624
-0.116791
-0.0130615
0.0921326
0.178253
0.21936
0.289322
0.301376
0.344635

[13]
0.388214
0.447952
0.423065
0.39386
0.360794
0.368744
0.351761
0.343231
0.276764
0.263947
0.172455
-0.290588
0.211945
0.519165
-0.0365295
-0.214859
-0.104309
0.00718689
-0.0520325
-0.0705414
-0.108994
-0.132339
-0.1754
-0.172012
-0.159882
0.028183
-0.0157776
-0.119415
-0.117752
-0.0840759
-0.0619202
-0.128754
-0.189774
-0.190292
-0.184387
-0.0712585
-0.198181
-0.396988
-0.431625
-0.489532
-0.349747
-0.493271
-0.647995
-0.328186
-0.908508
-0.836823
-0.691452
-0.481873
-0.237061
-0.160172

[14]
-0.0465088
0.156097
0.198532
0.238922
0.220596
0.180252
0.167953
0.160416
0.24292
0.331696
0.412735
0.460495
0.483017
0.381424
0.270569
0.203323
0.19606
0.14183
0.171082
0.170929
0.233002
0.280701
0.921188
-0.468063
0.338684
0.260345
-0.0746002
-0.441284
-0.0774841
0.138367
0.0118408
-0.0473328
-0.0627594
-0.202988
-0.147202
-0.129105
-0.0812073
-0.076004
-0.0237274
-0.0781403
-0.0984497
-0.13562
-0.154968
-0.0657654
-0.0324402
-0.08461
-0.136368
-0.118027
-0.132401
-0.155319

[15]
-0.202469
-0.238937
-0.237411
-0.341003
-0.206253
-0.617722
-0.453568
-0.354309
-0.800064
-0.825531
-0.736679
-0.454269
-0.194397
-0.0803833
-0.0275879
-0.063446
-0.0692902
-0.0471039
-0.0247803
-0.0513458
0.00357056
0.118668
0.235733
0.30513
0.297562
0.445358
0.541367
0.54393
0.511246
0.426697
0.441925
0.389328
0.427811
0.509338
0.457153
0.290878
0.377167
-0.773499
0.352829
0.316452
0.0660858
-0.149033
-0.100113
0.00975037
-0.0550385
-0.221252
-0.168259
-0.151138
-0.0830994
-0.0933685

[16]
-0.0947571
-0.0800934
-0.0727844
-0.0956726
-0.142944
-0.131607
-0.0709381
-0.0602417
-0.0993652
-0.0929108
-0.147003
-0.192261
-0.216537
-0.110962
-0.074173
-0.200562
-0.221817
-0.219894
-0.157745
-0.247742
-0.336349
-0.516113
-0.551239
-0.46669
-0.421814
-0.838409
-0.878311
-0.671524
-0.470657
-0.204681
-0.0707855
-0.0807343
0.0575256
0.0116425
-0.0552216
-0.0111847
0.0617218
0.143936
0.218491
0.277298
0.363647
0.3965
0.353424
0.263382
0.220703
0.22261
0.337769
0.344788
0.359253
0.401581

[17]
0.41832
0.432755
0.397446
0.578369
-1.10127
0.720306
0.455231
-0.0205994
-0.0761414
-0.15921
0.0733643
0.00563049
-0.043457
-0.0799408
-0.0857391
-0.123322
-0.12529
-0.167007
-0.0407257
0.0365753
-0.0329742
-0.0953827
-0.124878
-0.115295
-0.0535736
-0.0391388
-0.0741577
-0.131973
-0.149902
-0.147934
-0.103592
-0.0410461
-0.154907
-0.276382
-0.145737
-0.207123
-0.174988
-0.203415
-0.372681
-0.432434
-0.500153
-0.481247
-0.606476
-0.708298
-0.445053
-0.349854
-0.324509
-0.263794
-0.137192
-0.194672

[18]
-0.160675
-0.148163
-0.0863037
-0.00712585
-0.000976562
0.0670471
0.166824
0.273132
0.318512
0.360184
0.348007
0.320663
0.339554
0.42041
0.368622
0.420334
0.422836
0.437073
0.44812
0.331802
-0.0132141
0.288406
-0.785721
0.762177
-0.271683
0.246841
-0.116745
-0.102142
-0.017807
-0.0734711
0.0455322
-0.00901794
-0.071991
-0.0875854
-0.15065
-0.0922241
0.0448608
-0.0186615
-0.0787201
-0.0806274
-0.108124
-0.10556
-0.0983429
-0.0318146
-0.0547638
-0.0660706
-0.110291
-0.144165
-0.154434
-0.0482788

[19]
-0.150558
-0.0884094
-0.124451
-0.0814514
-0.111664
-0.356796
-0.546219
-0.443954
-0.2565
-0.412903
-0.724701
-0.711685
-0.51059
-0.531784
-0.448288
-0.371643
-0.25798
-0.199173
-0.0982819
-0.000198364
0.0923004
0.203598
0.291779
0.372131
0.454346
0.48436
0.499207
0.52449
0.527206
0.527451
0.549179
0.512695
0.465973
0.457733
0.2742
0.0394592
0.371292
-0.454834
-0.84343
1.01349
0.0999146
0.239075
-0.0436554
-0.204178
-0.194321
-0.199875
-0.075882
-0.0407867
0.00895691
-0.000991821

[20]
-0.0799103
-0.107437
-0.0569305
-0.0464325
-0.0521393
-0.0639343
-0.0575867
-0.0660248
-0.112946
-0.0106049
-0.0600433
-0.108246
-0.111465
-0.0751801
0.0222778
-0.0675507
-0.204315
-0.169525
-0.0666199
-0.0170288
-0.0372925
-0.147598
-0.176407
-0.293549
-0.412552
-0.395874
-0.637787
-0.674255
-0.677139
-0.424377
-0.433884
-0.211975
-0.0865936
-0.0105896
-0.153992
-0.197586
-0.187302
-0.0714264
-0.10434
-0.0393677
0.0455322
0.0749664
0.149246
0.194412
0.21109
0.231995
0.259415
0.340088
0.396194
0.374786

[21]
0.254562
0.223328
0.281158
0.314713
0.286682
0.279938
0.172714
0.629288
-0.436005
0.375763
0.693298
0.0551453
0.0269318
-0.370102
-0.158615
-0.1017
-0.0788574
-0.0322418
0.0090332
-0.064209
-0.0733643
-0.0979919
-0.0797272
-0.0187988
0.0108948
-0.0654907
-0.0994873
-0.121689
-0.0343933
0.0113831
-0.0635681
-0.0450134
-0.0844421
-0.11351
-0.0712433
-0.0479889
-0.0329742
-0.0830078
-0.135742
-0.0642242
-0.0995331
-0.0849915
-0.205399
-0.3125
-0.231995
-0.324875
-0.435822
-0.377106
-0.67775
-0.778091

[22]
-0.479141
-0.468903
-0.297455
-0.196609
-0.111649
-0.138779
-0.0399017
0.0473938
-0.0180969
0.0337372
0.058197
0.0901642
0.132355
0.188431
0.271118
0.275986
0.348801
0.34346
0.327408
0.335541
0.356415
0.310211
0.247971
0.223526
0.31459
0.371582
0.391251
0.440979
0.572693
-1.23264
0.954742
0.0652771
0.129776
-0.116653
-0.141556
-0.0815735
-0.200867
-0.0674591
-0.0545654
-0.10849
-0.136307
-0.159485
-0.0622559
-0.0317535
-0.0673523
-0.105469
-0.123398
-0.130096
-0.0963135
-0.0393677

[23]
-0.0426941
-0.103699
-0.150742
-0.0838776
-0.125336
-0.15892
-0.135361
-0.0480652
-0.178192
-0.270782
-0.165039
-0.115189
-0.130753
-0.228119
-0.305557
-0.64621
-0.649414
-0.501511
-0.927628
-0.638245
-0.401093
-0.31427
-0.148041
-0.0369873
-0.0669861
-0.113892
-0.147217
-0.123169
-0.11377
-0.0876312
-0.0343323
0.0648499
0.17691
0.296341
0.292267
0.268082
0.207779
0.232086
0.329834
0.404373
0.349197
0.230087
0.21312
0.251221
0.280731
0.245804
0.262222
0.267593
0.538879
-0.329575

[24]
-0.0789642
0.690414
0.010788
0.000442505
-0.289093
-0.110779
0.00384521
-0.126678
-0.030777
0.0384827
-0.109116
-0.0898132
-0.112762
-0.0982513
-0.0814667
-0.0400238
-0.0756378
-0.0972748
-0.121155
-0.143051
-0.0823212
-0.118881
-0.105255
-0.0340271
-0.0978241
-0.075531
-0.0940094
-0.0427399
0.0127716
-0.189178
-0.295425
-0.226868
-0.0311584
0.0878601
-0.150787
-0.20787
-0.369446
-0.33873
-0.392471
-0.463028
-0.820053
-0.871857
-0.458618
-0.465012
-0.365448
-0.207458
-0.189682
-0.166763
-0.0903625
-0.039566

[25]
-0.0517273
0.00352478
0.100128
0.22377
0.37323
0.293396
0.28833
0.300644
0.267273
0.235306
0.217957
0.201645
0.227783
0.22525
0.320206
0.385483
0.462631
0.328781
0.431
0.678421
-1.07869
0.83522
0.563477
0.266525
0.0745544
-0.127182
-0.115005
-0.136597
-0.130203
-0.0563507
-0.0485077
-0.018219
-0.0917206
-0.108276
-0.0514832
-0.0374451
0.0249939
-0.0327606
-0.117081
-0.0773773
-0.0358429
-0.0296783
-0.0211334
-0.0352478
-0.0748291
-0.0308685
-0.0837402
-0.0955811
-0.0821228
-0.0766907

[26]
-0.0136566
-0.0345612
-0.0950623
-0.158005
-0.164871
-0.105408
-0.0910492
-0.223297
-0.146347
-0.479599
-0.387558
-0.405533
-0.331223
-1.05547
-0.612228
-0.429932
-0.300354
-0.338135
-0.149796
-0.0956573
-0.0502472
-0.0297394
-0.0293274
0.0515442
0.119614
0.21785
0.284698
0.313492
0.362473
0.295395
0.284897
0.319565
0.323166
0.337418
0.374512
0.339661
0.354263
0.341125
0.347321
0.0437012
0.24147
-0.412491
-0.395645
0.820602
-0.0520172
0.317444
-0.11911
-0.208176
-0.166
-0.217117

[27]
-0.0720825
0.0363922
0.0848541
-0.00375366
-0.0697632
-0.0979156
-0.0219574
0.0300903
-0.00770569
-0.0652924
-0.0757294
-0.0550232
-0.0282898
-0.0539703
-0.000732422
-0.100189
-0.0695648
-0.0496674
-0.0846558
-0.0826569
0.00154114
-0.132507
-0.161758
-0.102982
-0.0841675
-0.0584564
-0.0767822
-0.180862
-0.396194
-0.760178
-0.720917
-0.3237
-0.76207
-0.538345
-0.456635
-0.409271
-0.30069
-0.18071
-0.145966
-0.156158
-0.153152
-0.110916
0.00796509
0.036911
0.0359802
0.112793
0.311874
0.371796
0.331436
0.347504

[28]
0.251099
0.247818
0.227493
0.270157
0.246414
0.234131
0.214767
0.25708
0.301178
0.374786
0.409454
0.427139
0.825073
0.756882
-0.53772
0.0223999
0.956726
-0.177994
0.18306
-0.165863
-0.0083313
-0.013443
0.0428314
0.0730286
-0.161972
-0.121704
-0.214859
-0.103622
0.0574646
0.0354004
-0.0814056
-0.133194
-0.0686951
-0.0338287
-0.016037
-0.0201874
-0.0603027
-0.0896912
-0.122589
-0.133484
-0.0433044
-0.0190277
-0.077301
-0.258972
-0.148468
-0.0935211
-0.163666
-0.170227
-0.455338
-0.442993

[29]
-0.768677
-0.514984
-0.702103
-0.492386
-0.385971
-0.219879
-0.213028
-0.162857
-0.195053
-0.164871
-0.1707
-0.0280762
0.0258942
0.105118
0.199463
0.282516
0.450607
0.385269
0.311646
0.345367
0.382568
0.437164
0.480469
0.514877
0.600143
0.505524
0.386917
0.361893
0.452301
-1.68268
1.97691
0.105347
0.0643921
-0.00619507
-0.140335
-0.18158
-0.078186
0.0598755
-0.0498352
-0.0415497
-0.0762634
-0.0685272
-0.09198
-0.092926
-0.0886993
-0.134125
-0.106506
-0.0994873
-0.0915833
-0.0558777

[30]
-0.0405731
-0.0198975
-0.0581512
-0.0968475
-0.0526733
-0.0245514
-0.234863
-0.255951
-0.242844
-0.197495
-0.0950317
-0.367767
-0.627289
-0.428177
-0.476273
-0.347305
-0.756866
-0.765091
-0.490128
-0.327744
-0.285553
-0.222015
-0.212982
-0.268829
-0.208755
-0.152344
-0.0411682
0.0667267
0.0752106
0.127899
0.19165
0.260345
0.299606
0.40155
0.434006
0.428726
0.516083
0.651077
0.538757
0.57077
0.487671
0.415207
0.349258
0.42244
-1.43025
1.2549
-0.0188293
0.299316
0.00537109
-0.101654

[31]
-0.00282288
-0.0508881
-0.0641022
-0.1147
-0.064743
-0.0147247
-0.087204
-0.0758972
-0.019516
-0.0584564
-0.0698853
-0.0749359
-0.0741119
-0.0754852
-0.111847
-0.126526
-0.112213
-0.0223694
-0.0740814
-0.116699
-0.156967
-0.0458221
-0.0181427
-0.15361
-0.189758
-0.265839
-0.177582
-0.361877
-0.696487
-0.587769
-0.567276
-0.810944
-0.536392
-0.370773
-0.373459
-0.215729
-0.175125
-0.140442
-0.192932
-0.166534
-0.129044
-0.0742645
-0.00379944
0.0796814
0.151825
0.208466
0.307632
0.292419
0.366653
0.386612

[32]
0.349609
0.360062
0.277344
0.306183
0.269485
0.259384
0.27301
0.287354
0.218002
0.757462
1.03363
-0.805969
0.889801
0.26326
-0.0992584
-0.253525
-0.287231
-0.106277
0.0349274
0.109726
-0.0266724
-0.123978
-0.301407
-0.0874939
-0.0323181
-0.0178223
-0.0780182
-0.130249
-0.0420227
-0.0641785
-0.092865
-0.0983276
-0.12265
-0.06633
-0.13504
-0.129639
-0.0283661
0.0546112
0.0581512
-0.171814
-0.359772
-0.275726
-0.229187
-0.281158
-0.414047
-0.53981
-0.565369
-0.560913
-0.87764
-0.392227

[33]
-0.24469
-0.121613
-0.0574951
-0.052002
-0.205917
-0.285767
-0.257248
-0.216797
-0.152039
-0.0503235
0.0102539
0.0832672
0.125534
0.189865
0.189026
0.246185
0.244507
0.227539
0.283752
0.276001
0.348511
0.34198
0.389191
0.549622
0.688644
0.729263
0.832596
-0.459793
0.1073
0.954193
-0.0413208
0.0673828
-0.125885
-0.0220337
-0.0259705
0.0556335
-0.00376892
-0.0745087
-0.124649
-0.0957642
-0.00465393
0.0115662
0.0306396
-0.0717163
-0.0690918
-0.101715
-0.09198
-0.0475769
-0.0223083
-0.0421448

[34]
-0.0769806
-0.0430756
-0.0294647
-0.0635529
-0.0692596
-0.0391846
-0.0182953
-0.0247955
-0.0965576
-0.138
-0.233353
-0.147263
-0.385269
-0.439728
-0.155411
-0.236313
-0.468201
-0.880463
-0.53743
-0.4496
-0.328888
-0.275345
-0.181854
-0.13446
-0.170532
-0.181656
-0.166031
0.0062561
-0.013916
0.0400391
0.123566
0.236862
0.314423
0.353058
0.377335
0.38562
0.434296
0.50412
0.567474
0.45079
0.348618
0.358673
0.351562
0.342133
0.254623
0.407242
-0.671509
0.7742
0.159744
0.104065

[35]
-0.544693
-0.15834
0.0462646
-0.00592041
0.0462036
-0.0994873
-0.0839996
-0.0841217
-0.175003
-0.15979
0.0020752
0.0405273
-0.0415802
-0.10553
-0.106918
-0.136719
-0.100113
-0.00260925
0.0685425
-0.0476227
-0.125214
-0.187057
-0.0630188
-0.0699158
-0.107803
-0.232361
-0.297485
-0.369492
-0.0914917
-0.0965881
-0.32251
-0.62915
-0.751358
-0.514984
-0.958725
-0.555054
-0.318146
-0.13327
0.0148773
0.0456696
0.080719
-0.0637512
-0.175415
-0.170395
-0.0901184
-0.0744629
-0.0508881
0.00234985
-0.00636292
0.0419159

[36]
0.0401917
0.09935
0.0908966
0.150375
0.123444
0.187012
0.214371
0.284836
0.227478
0.259521
0.207214
0.203659
0.208542
0.28186
0.254379
0.264847
0.309784
0.312393
0.341125
0.1716
0.507874
-0.910736
0.492294
-0.160095
0.0811462
0.0180359
0.0712891
0.0410767
0.0499268
-0.0843964
-0.164444
-0.174774
-0.0929108
0.00790405
0.00509644
-0.108444
-0.138382
-0.128799
-0.0882568
-0.0477905
-0.0184326
-0.030838
-0.0527191
-0.0668945
-0.0723114
-0.0611572
-0.0597839
-0.0506287
-0.209396
-0.0391693

[37]
-0.064682
-0.196915
-0.204102
-0.134827
-0.156876
-0.0350494
-0.0239105
0.0361176
0.0435638
-0.03508
-0.0419769
-0.0392456
-0.0652771
-0.104156
-0.246353
-0.288757
-0.217316
-0.309174
-0.288727
-0.236359
-0.179031
-0.0189819
0.0751038
0.104218
0.100098
0.0809326
0.0761261
0.184265
0.167358
0.731049
0.678345
0.102402
-0.440811
-0.195663
0.136871
0.0660706
0.0745697
-0.0233765
-0.0579681
-0.0666504
-0.0349731
0.0449829
0.00657654
-0.00914001
-0.0406342
-0.0625153
-0.0546417
-0.0103912
0.00598145
-0.0354004

