[1]
-0.142792
-0.665817
-0.346802
-1.00745
-0.363846
-0.109726
-0.195862
-0.0998993
-0.052002
-0.0523224
-0.181686
-0.0341949
-0.0102234
0.0335388
-0.0261536
-0.0762939
-0.03685
0.000244141
0.00190735
-0.0340576
-0.0282288
-0.0235596
-0.0816956
-0.122513
-0.144958
-0.137848
-0.270889
-0.332321
-0.434006
-0.443634
-0.684662
-1.08624
-1.1051
-1.12668
-1.05881
-0.939224
0.0872803
0.400055
0.0856018
0.492844
0.767715
0.755005
0.731796
0.678757
0.639572
0.61705
0.58223
0.448776
0.231354
-0.037796

[2]
-0.476334
-1.06567
-1.1064
-1.14925
-1.18851
-1.03542
-0.651627
-0.62851
-0.125305
-0.347275
-1.103
-0.586945
-0.0772705
-0.368958
-0.0284424
-0.0458527
-0.121185
-0.106491
-0.0469666
0.023468
0.0236359
-0.042923
-0.0278625
-0.00201416
-0.0176849
-0.0549469
-0.0556641
-0.0383301
-0.0687256
-0.0542145
-0.132156
-0.136566
-0.195709
-0.253372
-0.317734
-0.39978
-0.462692
-0.668121
-1.10283
-1.11874
-1.134
-0.971909
-0.965317
-0.0878754
0.384476
0.228012
0.510391
0.678085
0.703949
0.752686

[3]
0.726929
0.658539
0.637054
0.575897
0.457077
0.146759
-0.110825
-0.445389
-1.05089
-1.12273
-1.16075
-1.10832
-0.927048
-0.763199
-0.00520325
-0.474548
-0.82547
-0.667816
-0.0760345
-0.171326
-0.146362
-0.174301
-0.0148926
-0.0809174
-0.0712433
-0.0040741
-0.0058136
0.00138855
-0.0092926
-0.0175171
0.00758362
-0.0106354
-0.0491638
-0.072113
-0.0668335
-0.0736237
-0.0962524
-0.104675
-0.206207
-0.259766
-0.308182
-0.366913
-0.455688
-0.573517
-0.918488
-1.11743
-1.13327
-1.15144
-1.02623
-0.721436

[4]
0.476761
-0.171753
0.248505
0.708969
0.674698
0.727112
0.755035
0.654419
0.618454
0.570801
0.539841
0.411194
0.100159
-0.24176
-0.627167
-1.08488
-1.13026
-1.17145
-1.1949
-0.873016
-0.969467
0.212006
-0.298615
-0.826736
-0.912689
-0.175095
-0.24823
-0.150238
0.000656128
0.0695953
-0.077652
-0.116684
-0.0232391
-0.0271301
0.0345917
0.00135803
-0.00575256
-0.0411682
-0.0293732
-0.00198364
0.00558472
-0.0189667
-0.0864258
-0.142624
-0.130219
-0.123703
-0.189728
-0.255112
-0.349258
-0.439957

[5]
-0.503403
-0.900879
-1.10326
-1.11772
-1.13614
-0.846344
-0.750671
0.395264
-0.105331
0.304977
0.655319
0.697891
0.714828
0.777756
0.711975
0.656464
0.643707
0.591492
0.467804
0.178452
-0.108032
-0.577209
-1.06665
-1.10811
-1.14578
-0.861145
-0.919403
-1.17906
-0.3078
-0.510391
-0.383392
-0.746674
-0.351273
0.0200653
-0.342438
-0.0315094
0.00296021
-0.165588
-0.176468
0.0276337
0.00447083
0.00518799
-0.0424194
-0.0449524
-0.0400391
-0.0317383
-0.0259399
-0.0348358
-0.0396576
-0.0616913

[6]
-0.117859
-0.111023
-0.077301
-0.216415
-0.301071
-0.383316
-0.475845
-0.545319
-0.888992
-1.10765
-1.12206
-1.13812
-1.01941
-0.655777
0.637558
0.0420532
0.375092
0.660034
0.648666
0.75827
0.751541
0.727722
0.711807
0.653976
0.601562
0.462158
0.224594
-0.0572357
-0.555969
-1.07254
-1.11472
-1.1537
-1.0211
-0.811874
-0.757126
0.42038
-0.286102
-0.777802
-0.634277
-0.106186
-0.209839
-0.126007
-0.0971069
0.000854492
-0.119934
-0.0825043
0.0292664
0.00654602
0.0615845
-0.00532532

[7]
-0.0155182
-0.0331726
-0.00868225
-0.00393677
-0.0329742
-0.0411987
-0.083847
-0.104614
-0.113953
-0.123917
-0.229095
-0.253967
-0.358643
-0.456009
-0.528107
-0.960098
-1.09352
-1.07257
-1.12073
-0.806747
-0.704803
0.500565
-0.123947
0.189621
0.635559
0.651382
0.722931
0.772003
0.759277
0.695572
0.654449
0.605179
0.460556
0.242096
-0.0729218
-0.509109
-1.0524
-1.11661
-1.15591
-0.966064
-1.00475
-0.70459
0.0873718
-0.237503
-0.869354
-0.5746
-0.0234833
-0.329742
-0.0357361
-0.0566864

[8]
-0.104584
-0.0714569
-0.0620575
-0.0309753
0.00508118
0.00256348
0.0262146
0.0017395
-0.00688171
-0.00338745
-0.0320587
-0.0474854
-0.0716095
-0.0952911
-0.126434
-0.122208
-0.191727
-0.293137
-0.313095
-0.358658
-0.446411
-0.693863
-1.08417
-1.09747
-1.11311
-0.781677
-0.91655
0.0545197
0.352173
0.382309
0.431061
0.667236
0.689133
0.76915
0.771866
0.6978
0.640106
0.622299
0.538483
0.295853
0.0365295
-0.391998
-0.901962
-1.11272
-1.15419
-1.18454
-1.15401
-0.820435
-0.0754242
-0.465134

[9]
-0.748322
-0.515015
-0.111176
0.0035553
-0.0957184
-0.119202
-0.111679
-0.0973206
-0.0853271
-0.0367584
-0.0246735
0.0014801
-0.0161896
-0.0283813
-0.0276947
-0.00440979
0.0209503
-0.0245361
-0.00485229
-0.0267029
-0.0760803
-0.0993347
-0.12561
-0.177155
-0.247482
-0.34404
-0.406235
-0.494232
-0.754898
-1.08456
-1.09853
-1.11491
-0.964676
-0.89003
-0.222855
0.548553
0.387833
0.423676
0.812027
0.766663
0.847107
0.835938
0.72493
0.657578
0.597244
0.566376
0.399109
0.0848999
-0.261551
-1.03494

[10]
-1.10352
-1.14114
-1.17084
-1.01176
-0.693298
-0.37204
-0.247681
-0.534698
-0.78688
-0.5233
-0.102005
-0.282547
-0.19101
-0.0474701
-0.0669098
-0.143616
-0.0503235
0.0202026
0.0155182
0.0180511
0.00494385
0.00688171
-0.0326233
-0.00730896
-0.0230408
-0.0302734
-0.0623779
-0.0992737
-0.0921631
-0.105331
-0.185883
-0.239655
-0.320282
-0.382095
-0.417984
-0.599655
-1.02565
-1.09976
-1.11499
-1.13661
-0.951752
-0.61142
0.681656
0.112335
0.322159
0.751129
0.721695
0.825439
0.818176
0.739532

[11]
0.695908
0.644547
0.577179
0.428757
0.0122833
-0.262482
-0.679138
-1.08835
-1.13031
-1.16177
-1.05098
-0.749802
-0.383469
-0.44548
-0.729828
-0.710754
-0.0241547
-0.285339
-0.0774231
-0.130951
-0.0128174
-0.045578
-0.0445862
-0.040329
-0.0267487
-0.019989
-0.0134583
-0.00848389
0.00126648
-0.00575256
-0.0389862
-0.0492249
-0.0725708
-0.0802307
-0.117325
-0.0982666
-0.147263
-0.239548
-0.271973
-0.332458
-0.380432
-0.405334
-0.840714
-1.0956
-1.09187
-1.13065
-1.10236
-0.637115
0.400009
-0.267776

[12]
0.347534
0.665878
0.7164
0.718628
0.810516
0.707504
0.648468
0.621902
0.568695
0.448135
0.148941
-0.234283
-0.754807
-1.08154
-1.12875
-1.16693
-1.13472
-1.05435
-0.476501
-0.452225
-0.40625
-0.88382
-0.101379
-0.0825348
-0.290405
-0.210663
-0.0288239
-0.0228882
-0.104095
0.00227356
-0.0457611
0.0417328
-0.0658875
-0.0259857
-0.0121002
0.0105133
-0.0183411
-0.0518646
-0.0561066
-0.051178
-0.105652
-0.162323
-0.157822
-0.241913
-0.301407
-0.404541
-0.409058
-0.549683
-0.92601
-1.10452

[13]
-1.12065
-1.14029
-1.00841
-0.46376
0.593719
-0.0540161
0.237503
0.743103
0.712524
0.746246
0.765717
0.701172
0.653046
0.610321
0.555267
0.429153
0.158997
-0.213776
-0.686539
-1.07637
-1.11867
-1.15353
-0.945724
-0.763504
-0.662506
0.0378113
-0.0566559
-0.765305
-0.428284
-0.0492096
-0.391068
-0.0578918
-0.0638123
-0.0877686
-0.169952
0.00376892
0.025238
0.0346069
-0.00765991
-0.0265503
-0.0513458
-0.016449
-0.0122528
-0.0192871
-0.0461273
-0.0783844
-0.0938263
-0.132812
-0.115707
-0.140457

[14]
-0.264526
-0.322617
-0.417709
-0.462082
-0.61087
-1.09344
-1.10773
-1.12282
-0.890427
-0.998199
0.0261688
0.343735
0.360275
0.451797
0.71106
0.696182
0.779984
0.759109
0.706879
0.646103
0.601379
0.525024
0.231491
-0.0529327
-0.480789
-1.00829
-1.09669
-1.13693
-1.04498
-1.00719
-0.995422
-0.270294
-0.54245
-0.326599
-0.630371
-0.221176
-0.072052
-0.195312
-0.10997
-0.118759
-0.0408783
-0.0952148
-0.0445862
-0.0250854
0.0167999
0.0375824
0.0132141
-0.0109406
-0.00276184
0.0188751

[15]
0.00718689
-0.0211792
-0.0681152
-0.128586
-0.110184
-0.102142
-0.192856
-0.271255
-0.328232
-0.404282
-0.49614
-0.746109
-1.08862
-1.1039
-1.12067
-0.817108
-0.830353
-0.140671
0.466339
0.356216
0.456726
0.718491
0.700165
0.772263
0.748688
0.685226
0.639893
0.588058
0.526276
0.354874
-0.0344543
-0.356049
-0.822876
-1.09198
-1.13515
-1.1682
-1.07083
-0.694397
-0.604523
-0.091507
-0.170258
-0.910355
-0.338409
-0.189529
-0.416809
-0.116806
0.0092926
-0.0555725
-0.0302582
-0.0588226

[16]
-0.012207
0.0269928
0.0112152
0.0112762
-0.00292969
-0.0191498
-0.0307159
-0.0523682
-0.0664062
-0.102097
-0.140503
-0.164948
-0.152618
-0.27774
-0.32959
-0.37886
-0.39444
-0.576584
-1.0829
-1.09715
-1.11166
-1.02679
-1.0291
-0.225891
0.479462
0.26268
0.323273
0.597168
0.604874
0.706909
0.707291
0.692841
0.668106
0.640045
0.546127
0.37294
0.0131989
-0.285034
-0.903046
-1.10451
-1.15131
-1.18619
-1.0722
-1.14964
-0.329163
-0.476685
-0.378403
-0.823242
-0.289902
-0.426239

[17]
-0.187119
-0.156281
0.0656738
-0.0305176
-0.053894
-0.0216064
-0.00570679
0.0316467
0.0623474
-0.000564575
-0.0269623
-0.038559
-0.0266876
-0.0408173
-0.049881
-0.111099
-0.122116
-0.0953522
-0.184113
-0.305222
-0.322128
-0.394409
-0.545883
-0.882401
-1.0871
-1.10414
-1.12224
-0.784485
-0.768463
0.360809
-0.0366516
0.016571
0.697083
0.673065
0.730759
0.764923
0.733414
0.689285
0.646851
0.620834
0.506226
0.293854
-0.0492096
-0.477097
-1.07245
-1.11925
-1.16258
-1.19171
-1.04741
-1.12735

[18]
0.328903
-0.516022
-0.608368
-0.62204
-0.0843353
-0.383682
-0.0678101
-0.100082
0.0132446
-0.0472412
-0.0290527
-0.0496674
-0.0152435
0.0338593
0.00666809
0.00135803
-0.0239563
-0.0106354
-0.0254822
-0.0540771
-0.0710754
-0.0926056
-0.0909119
-0.0993958
-0.208939
-0.279633
-0.335831
-0.47525
-0.53157
-0.891724
-1.0838
-1.09853
-1.11757
-0.860687
-0.752045
0.565979
-0.162659
0.317719
0.752533
0.7314
0.798187
0.846954
0.746246
0.724503
0.691589
0.622528
0.527969
0.255554
-0.0654297
-0.563065

[19]
-1.07855
-1.12476
-1.1646
-1.19113
-1.05791
-0.731583
-0.610397
-0.891617
-0.57872
0.00146484
-0.174286
-0.155991
-0.156326
-0.0995331
-0.036972
-0.0284271
-0.00805664
-0.019989
0.0137329
0.026947
-0.00614929
-0.01828
-0.00418091
0.0209503
-0.0119019
-0.0493927
-0.0536346
-0.0807037
-0.108582
-0.13533
-0.224426
-0.419083
-0.42691
-0.475845
-0.733887
-1.07832
-1.09697
-1.11569
-1.11679
-0.880539
-0.159225
0.684082
0.345337
0.540558
0.781662
0.811172
0.816696
0.750244
0.688995
0.681793

[20]
0.585541
0.51123
0.305954
-0.0808716
-0.488846
-1.01787
-1.11989
-1.16249
-1.1945
-1.03436
-0.970306
0.430542
-0.30159
-0.805191
-0.743225
-0.238098
-0.176971
0.00137329
-0.121368
-0.0218811
-0.0547791
-0.0984192
-0.0398407
-0.0297546
0.0158844
0.0323639
0.00695801
-0.0039978
0.00572205
-0.00366211
0.00088501
0.0101013
-0.0525208
-0.0735474
-0.10437
-0.152435
-0.243027
-0.26947
-0.43866
-0.512405
-0.838684
-1.08342
-1.09915
-1.11337
-0.887573
-0.746094
-0.180359
0.523636
0.403793
0.4832

[21]
0.629028
0.658218
0.749252
0.74118
0.7117
0.658325
0.641663
0.541489
0.340729
0.0923309
-0.244385
-0.723129
-1.10431
-1.14581
-1.17598
-1.12244
-0.667679
-0.258392
-0.46698
-1.09502
-0.597168
-0.00874329
-0.306183
0.0152283
-0.124237
0.0177002
-0.142853
-0.0175323
-0.0421906
0.00514221
-0.00723267
-0.00968933
-0.00958252
-0.0228577
-0.0208435
-0.0288239
-0.0345154
-0.0788879
-0.101486
-0.0722198
-0.179276
-0.288986
-0.367081
-0.448044
-0.502869
-0.757065
-1.09221
-1.10719
-1.12347
-0.988388

[22]
-0.895981
0.317169
0.274277
0.456512
0.468597
0.845291
0.783218
0.832413
0.769409
0.645966
0.634827
0.565933
0.489731
0.228287
-0.092865
-0.533951
-1.08258
-1.12802
-1.1691
-1.10921
-0.858215
-0.667465
0.405151
-0.278549
-1.146
-0.752411
-0.087326
-0.611328
-0.047226
-0.0448761
-0.0289612
-0.114334
-0.0474701
0.00643921
0.0271149
0.042572
0.0103302
-0.0244904
-0.0352631
-0.0122833
-0.0280609
-0.0583496
-0.060318
-0.100388
-0.188705
-0.194321
-0.231491
-0.298431
-0.405579
-0.47023

[23]
-0.738998
-1.09538
-1.11037
-1.12703
-1.03012
-0.964081
-0.0532379
0.410782
0.368988
0.420914
0.781982
0.730453
0.796814
0.771713
0.689468
0.650452
0.600739
0.493118
0.278442
-0.0607605
-0.529633
-1.02426
-1.11635
-1.15538
-1.07426
-1.11023
-0.622009
-0.236664
-0.553177
-1.1078
-0.440887
0.0729675
-0.235596
0.108932
-0.0946808
-0.107788
-0.199081
-0.0300598
-0.0420532
0.00982666
0.00137329
-0.0297546
-0.0235748
-0.0350952
-0.0267944
-0.0371094
-0.0425262
-0.0737305
-0.0824585
-0.153076

[24]
-0.172791
-0.197617
-0.285034
-0.410599
-0.496094
-0.603287
-1.00426
-1.10406
-1.12
-1.13889
-1.01627
-0.187851
0.511826
0.149857
0.346741
0.789001
0.706955
0.782196
0.770493
0.681335
0.603836
0.549988
0.472824
0.22142
-0.17868
-0.51712
-1.07939
-1.12831
-1.17459
-1.11758
-0.960693
-0.668289
-0.293442
-0.30188
-0.352097
-0.87468
-0.556091
-0.0639648
-0.445694
-0.144135
-0.0248566
0.0354156
-0.0953827
-0.062973
-0.0200195
0.0142365
0.0404053
0.0150909
-0.00547791
-0.0218964

[25]
-0.0110931
-0.0470123
-0.0705261
-0.0805359
-0.13324
-0.166885
-0.20874
-0.330399
-0.454742
-0.573517
-0.5466
-1.07159
-1.08466
-1.09961
-1.11713
-0.97879
-0.232101
0.635117
0.290451
0.461914
0.676971
0.71051
0.77478
0.765076
0.672943
0.641083
0.578445
0.447632
0.211349
-0.115646
-0.565765
-1.05743
-1.14114
-1.18552
-1.04993
-0.919067
-0.733139
0.095108
-0.355759
-0.992004
-0.69075
-0.0952301
-0.265015
0.0510101
-0.137161
-0.0336761
-0.0403137
-0.052887
-0.0573273
-0.0278778

[26]
0.0173187
-0.0032196
-0.0135345
0.0105133
0.0176392
-0.028717
-0.0530701
-0.0586548
-0.108414
-0.127258
-0.228043
-0.228165
-0.367737
-0.508041
-0.545639
-0.694168
-1.07451
-1.09125
-1.11069
-0.958542
-0.93251
0.487259
0.0788269
0.00369263
0.76384
0.814758
0.810593
0.814392
0.737915
0.62001
0.518234
0.396927
0.0794373
-0.221313
-0.656067
-1.08244
-1.12628
-1.16792
-0.969391
-0.798737
-0.531754
-0.529602
-0.382004
0.0119171
-0.523621
-0.958496
-0.705002
-0.0692444
-0.247879
-0.0792999

