[1]
-0.0830383
-0.0153656
-0.11586
-0.154007
-0.0922546
-0.089447
-0.182663
-0.128159
-0.0546112
-0.0851746
-0.0675354
-0.0213165
0.0466919
0.10643
0.190445
0.262405
0.270966
0.223358
1.20645
1.43488
0.863968
1.00528
0.947128
-0.175339
-0.6828
0.0961914
0.58075
0.892715
0.918762
0.632111
0.3582
0.205597
0.177048
0.106049
0.219208
0.0388031
-0.33075
-0.579468
-1.11061
-1.62628
-2.22238
-2.59468
-2.58495
-2.44171
1.50064
-0.889267
-0.486771
-0.792175
-0.649612
-0.375824

[2]
-0.402481
0.136993
-0.00274658
-0.0639343
-0.156677
-0.169235
-0.15947
-0.0808258
-0.0613708
-0.0791931
-0.0194702
0.0139618
0.0196075
-0.0355988
0.00306702
-0.0364227
0.0575867
0.0868225
0.110352
0.188431
0.304123
0.281998
0.201447
1.14148
2.10138
0.995926
0.799911
0.886246
-0.215134
-0.697815
0.197906
0.73764
0.893967
0.844406
0.710388
0.47731
0.333374
0.223312
0.173767
0.132492
-0.0957031
-0.384857
-0.685333
-1.25244
-2.10957
-2.15678
-2.55519
-2.3246
-0.235092
1.53793

[3]
-0.860428
-0.371368
-0.582657
-0.842758
-0.32576
-0.412277
0.0738983
-0.0481873
-0.0511627
-0.050354
-0.065918
0.0919495
0.0253601
0.00480652
-0.0756989
-0.0818939
-0.0602264
-0.0913239
-0.0176697
0.00543213
0.0158844
0.0601654
0.0827026
0.225403
0.257507
0.299622
0.351334
0.30304
1.52336
1.89302
0.980392
0.92099
0.818069
-0.433029
-0.247116
0.792191
1.05835
0.801529
0.633072
0.465485
0.363327
0.249985
0.223999
0.286758
-0.117493
-0.369034
-0.599579
-1.38287
-2.29521
-2.36023

[4]
-2.54605
-2.41214
-2.39012
1.49553
1.38402
-1.2809
-0.14888
-0.977966
-0.606293
-0.310913
0.0595703
-0.221603
0.0444641
-0.0559235
-0.0994415
-0.0958862
0.0779266
-0.00132751
-0.0357208
-0.00985718
0.0214539
-0.0558472
-0.0142517
-0.02388
0.0888519
0.109772
0.117844
0.213943
0.281723
0.363464
0.423431
0.71315
1.73125
1.09029
1.14259
0.898071
0.988342
-0.211624
-0.360703
0.544083
0.896637
0.92688
0.903275
0.511429
0.318237
0.195923
0.159409
0.110626
0.125885
0.0319366

[5]
-0.377136
-1.24429
-1.79161
-1.99046
-2.589
-2.57547
-0.987198
1.51881
0.467407
-1.15152
-0.611511
-0.873215
-0.561081
-0.388367
0.0866394
-0.0716705
-0.0121765
0.0959778
-0.183731
-0.0783539
-0.0115204
-0.094162
-0.087265
-0.0389404
-0.0314484
-0.0942535
0.0144958
0.0971527
0.0098114
0.109116
0.140793
0.206787
0.242874
0.379623
0.504272
0.939606
1.89072
1.07599
1.08617
0.970474
0.0413666
-0.703506
0.590149
1.0369
0.958206
0.83403
0.587051
0.319733
0.242554
0.195847

[6]
0.160782
0.0480347
-0.20166
-0.598557
-0.927643
-1.81784
-2.46751
-2.57497
-2.56721
-2.14186
1.52827
0.884155
-1.11784
-0.401306
-0.816483
-0.823837
-0.384628
0.0573578
-0.148697
-0.178207
-0.105743
-0.124634
0.0244904
0.0667114
-0.0123596
-0.0357361
0.0149536
-0.0554504
-0.0497742
-0.0465393
0.0506897
0.0315094
0.104095
0.181259
0.172867
0.297745
0.426071
0.364868
0.567215
2.16423
1.19791
0.704605
1.13219
0.946838
-0.361633
-0.176239
0.731873
0.961975
0.825821
0.698364

[7]
0.422134
0.292343
0.181259
0.136017
0.100983
-0.0533142
-0.285675
-0.685043
-1.37566
-2.29024
-2.56728
-2.58113
-2.55171
-1.10805
1.54089
-0.488052
-0.80101
-0.555878
-1.16211
-0.460007
-0.198608
0.0231476
0.0928802
-0.0397034
-0.187469
-0.0937042
0.0199127
0.0759735
-0.0681152
-0.0690918
0.0135803
-0.0475464
-0.00291443
0.0119781
0.0187836
0.0952454
0.116821
0.148483
0.157455
0.258514
0.34996
0.40889
0.510635
1.72371
1.24658
1.09686
0.912903
0.983521
-0.522049
-0.288376

[8]
0.759903
1.084
0.921631
0.84137
0.491379
0.322769
0.267014
0.200287
0.169708
-0.225616
-0.456543
-0.706161
-1.34557
-2.26776
-2.5192
-2.53223
-2.50883
-1.04105
1.57321
-0.167084
-0.712051
-0.161331
-0.864594
-0.545822
-0.329819
-0.0975342
-0.0964966
-0.0162506
-0.00708008
-0.0598907
-0.00823975
0.143448
0.140778
0.0104065
-0.0312195
-0.0985413
-0.044693
-0.0690918
-0.0159149
0.129272
0.0885162
0.216003
0.1409
0.271393
0.352203
0.486465
0.615036
2.17906
1.52171
0.733688

[9]
1.36258
0.90506
-0.21637
-0.140701
0.720184
0.945175
0.893143
0.767853
0.445374
0.346313
0.281006
0.15094
0.0765991
-0.120575
-0.46579
-0.868423
-1.70952
-2.51375
-2.5493
-2.54501
-2.33351
0.0830536
1.57059
0.171768
-0.97699
-0.365219
-1.01157
-0.321686
-0.344238
-0.0428467
-0.21785
-0.0699158
-0.0454559
-0.0817871
-0.0449219
0.0560913
0.0950623
0.0331268
-0.0445099
-0.0379181
-0.0339966
0.0475311
0.0808411
0.224106
0.129181
0.117035
0.219849
0.321243
0.2612
0.366959

[10]
1.81456
1.57332
0.922424
0.892578
0.842392
-0.347946
-0.275681
0.760193
1.00319
0.875595
0.754654
0.497055
0.387466
0.310287
0.266434
0.200455
0.107407
-0.0829315
-0.426071
-0.772461
-1.59021
-2.32068
-2.57864
-2.57581
-2.02428
0.487228
1.45113
-0.928879
-0.758026
-0.387695
-1.21315
-0.358444
-0.331375
0.0840912
-0.0669556
0.0117035
-0.0631561
-0.0334015
0.0492249
0.0562439
-0.0436401
-0.0732574
-0.0408936
-0.030899
-0.071701
0.0855408
0.0540619
0.114502
0.18071
0.177902

[11]
0.265137
0.345978
0.387466
0.524567
1.70055
1.43033
1.36504
1.11903
0.998383
-0.167252
-0.0197601
0.852341
1.04961
0.842133
0.721771
0.379425
0.302719
0.222733
0.0742493
0.036972
-0.289505
-0.674881
-1.16832
-1.7516
-2.06094
-2.12672
-2.57423
-2.29536
-0.830444
1.01077
1.5332
-1.0098
-0.674591
-0.552261
-0.672928
-0.322449
-0.446686
-0.134003
-0.121811
-0.0305023
-0.0174866
-0.0643311
-0.0225525
0.0867767
-0.00460815
0.0215302
-0.0547028
-0.0638885
-0.0188446
-0.0223846

[12]
0.077774
0.0970459
0.0879211
0.126907
0.20401
0.321442
0.360382
0.363174
0.647995
1.82851
1.11516
1.24919
1.19281
1.01781
-0.121597
-0.0130768
0.83548
1.05016
0.903122
0.821457
0.382721
0.248154
0.22345
0.111816
0.113892
-0.151291
-0.440918
-1.04701
-1.76736
-2.30553
-2.59096
-2.57916
-2.05649
0.535629
1.26291
-1.23219
-0.614624
-0.683762
-0.742554
-0.321869
-0.152176
0.000793457
-0.0729828
-0.0617371
-0.114075
-0.000366211
0.06633
0.12674
0.00502014
-0.0764618

[13]
-0.111832
-0.0366516
-0.0138702
0.0516357
0.0558777
0.055069
0.0562439
0.182373
0.236145
0.338821
0.3694
0.47168
0.708786
1.98552
1.03133
1.12306
1.1741
0.460266
-0.478897
0.456207
0.94754
0.929092
0.828461
0.636658
0.359421
0.284653
0.240631
0.238373
0.213501
0.0139771
-0.517212
-0.986465
-1.81563
-2.41061
-2.62621
-2.61623
-1.48366
0.106903
1.43127
-0.226028
-1.02411
-0.457214
-1.11565
-0.357101
-0.144104
-0.109161
-0.18808
-0.0456085
-0.10878
-0.148392

[14]
-0.112717
-0.0917053
-0.0712128
-0.0287018
0.0246124
0.0136871
-0.0699768
-0.0418091
0.0360565
0.0542145
0.067749
0.163574
0.216949
0.182785
0.199554
0.590866
1.90974
1.55339
1.18768
1.28351
0.830688
0.272964
-0.392151
0.666672
0.915878
0.716095
0.654114
0.451614
0.35527
0.257401
0.169296
0.204422
-0.0179291
-0.580383
-0.954941
-1.59517
-2.37749
-2.62022
-2.62103
-1.79297
-1.22713
1.50966
-0.391052
-1.47516
-0.282135
-0.792725
-0.471741
-0.210129
0.0220947
-0.158676

[15]
-0.134689
-0.0845184
-0.069458
-0.0142059
0.0207825
-0.00669861
-0.117279
-0.0698547
-0.0201721
-0.0487518
-0.029541
0.024292
0.0612488
0.0730591
0.10141
0.19873
0.287094
0.331543
0.322067
1.14056
2.33688
1.09094
1.05969
1.32433
-0.126389
-0.76503
0.284271
0.758987
0.887039
0.888885
0.71315
0.389084
0.25943
0.128082
0.0983429
-0.00662231
-0.292252
-0.557404
-1.01534
-2.09239
-2.50818
-2.56183
-2.54973
-1.76517
1.11967
1.33728
-1.3145
-0.372849
-0.603073
-1.01245

[16]
-0.25235
-0.424438
-0.0443268
-0.0405426
0.0556183
-0.000869751
-0.0908661
0.0161591
0.115265
0.131546
-0.038269
-0.0606079
-0.0648499
-0.0255127
-0.00326538
0.0569611
0.0665436
0.141739
0.100128
0.270782
0.359879
0.444122
0.46344
1.662
1.91586
0.836517
1.073
1.17395
-0.248749
-0.880539
0.514847
0.836914
1.04387
1.11378
0.671524
0.359299
0.212418
0.0881195
0.127121
-0.0582123
-0.352798
-0.575165
-1.21764
-2.0641
-2.43547
-2.58542
-2.56519
-0.417007
1.52367
-0.842728

[17]
-0.586502
-0.587952
-0.948975
-0.323715
-0.442825
-0.033371
-0.1064
0.0565948
0.0222168
-0.0379486
0.00309753
0.0311127
0.0160217
-0.0732269
-0.0213776
0.00062561
-0.0149689
0.0255432
0.0635681
0.172592
0.112595
0.197739
0.2435
0.275024
0.325821
0.457092
1.40657
1.81619
1.10724
1.21471
1.05157
0.229446
-0.529968
0.682816
0.935074
1.01851
0.934723
0.452103
0.269028
0.23877
0.151733
0.077713
-0.0243683
-0.396637
-0.722031
-1.4283
-2.01091
-2.558
-2.57213
-1.90114

[18]
-0.829651
1.54794
-0.610397
-1.40111
-0.193436
-1.01556
-0.297791
-0.317551
0.105392
-0.156952
-0.0615387
-0.025116
-0.122726
0.0131683
0.0422974
0.0281219
-0.0313721
0.00186157
0.00231934
-0.060257
0.0119476
0.0678253
0.0616608
0.207047
0.196182
0.276093
0.414642
0.521591
0.865555
1.71832
1.16031
1.37294
1.21931
0.5681
-0.649628
0.434631
0.816345
0.888519
0.896912
0.667831
0.40596
0.323059
0.238998
0.105728
0.109695
-0.217499
-0.364258
-0.88765
-1.71944
-2.36909

[19]
-2.56976
-2.57043
-2.19633
1.53555
0.983627
-1.31706
-0.641418
-0.399323
-0.933212
-0.357742
-0.32132
0.120331
-0.0782471
-0.0284882
0.0974731
-0.2314
-0.0984192
-0.104965
-0.114517
-0.0823975
-0.0212402
0.121918
0.113159
0.0610352
0.056778
0.0518799
0.156387
0.200027
0.267761
0.366531
0.430603
0.525284
1.45976
1.60561
1.27721
1.08076
1.03165
0.0490875
-0.554016
0.564392
0.982071
1.03047
0.976501
0.521744
0.301361
0.250336
0.162781
0.0754242
0.147156
-0.119659

[20]
-0.451553
-1.09819
-1.79182
-2.29128
-2.56003
-2.54269
-1.32004
1.54776
0.24614
-1.31604
-0.0734253
-1.03781
-0.380844
-0.540207
0.0424805
-0.13118
0.086792
-0.0192108
-0.0162964
-0.0788574
0.0516205
0.00332642
-0.0473938
-0.0562439
-0.0166626
-0.0134277
-0.0253754
0.0497894
0.123962
0.0825195
0.137207
0.238251
0.389145
0.39801
0.401794
1.19936
2.06741
1.04819
1.21318
1.03363
-0.0982513
-0.794266
0.650665
1.01331
0.957153
0.853851
0.574158
0.292068
0.258148
0.197296

[21]
0.167023
0.0825806
-0.354935
-0.676239
-1.28459
-2.13425
-2.57841
-2.59209
-2.56061
-0.498505
1.53294
0.0509033
-1.22501
-0.125259
-1.21294
-0.50499
-0.338318
0.0788269
-0.0697784
0.100128
0.0681915
-0.0196381
0.015213
-0.0880432
-0.0704041
-0.146225
-0.021698
0.00942993
-0.0325165
0.0125732
0.0653687
0.107635
0.108932
0.205353
0.268021
0.383209
0.399124
0.62355
1.83856
1.59534
1.26016
1.03792
1.00768
-0.31221
-0.0113678
0.773239
0.970795
0.83812
0.731445
0.408417

[22]
0.325836
0.230545
0.124725
0.0542908
-0.2146
-0.594589
-0.871735
-1.58295
-2.20334
-2.58229
-2.58301
-1.6349
0.691284
1.5242
-1.29118
-0.642624
-0.717453
-0.909729
-0.314392
-0.259232
0.0119171
0.0300446
0.0252686
-0.206558
-0.0450439
-0.00706482
0.13385
0.0383911
-0.0162964
-0.0196228
-0.0381622
-0.00616455
0.101837
0.115143
0.112137
0.230286
0.209183
0.339981
0.437485
0.531433
0.948303
2.12047
0.998688
1.07217
1.0804
-0.231415
-0.755692
0.615021
0.991989
0.984787

[23]
0.910522
0.574371
0.291046
0.169846
0.0969238
0.0680237
0.0280304
-0.34343
-0.700836
-1.38145
-2.21782
-2.56023
-2.57259
-2.54161
-0.51738
1.5463
0.17952
-1.31047
-0.336426
-0.979904
-0.288483
-0.390839
-0.0214996
-0.189743
0.0414429
-0.0492859
0.059082
0.121536
0.00334167
-0.043335
-0.116486
-0.0556793
-0.0318604
-0.0321045
0.0211182
0.0263214
0.084671
0.0304718
0.192963
0.236237
0.345184
0.381454
0.363358
1.36612
1.785
1.04599
1.22083
0.996887
-0.0731354
-0.582108

