[1]
0.308243
-0.747284
-0.257477
-0.0697021
1.08411
0.456436
0.54715
0.791641
0.829788
0.752533
0.718674
0.650604
0.605042
0.527512
0.426437
0.197723
-0.05336
-0.370102
-0.742722
-1.12543
-1.16946
-1.10028
-0.945114
-0.769882
-0.831802
-0.440247
-0.250641
-0.293518
-0.642792
-0.626877
-0.386093
-0.0903473
-0.0500946
-0.121475
-0.0401764
-0.13736
-0.153793
-0.105072
-0.043335
-0.0580444
-0.0208588
-0.0381775
-0.0493164
-0.0372162
-0.0240631
-0.0201721
-0.0281525
-0.0537872
-0.0679016
-0.0716858

[2]
-0.0466766
-0.0746002
-0.106003
-0.149704
-0.16748
-0.234756
-0.233246
-0.286865
-0.544693
-0.95929
-1.05475
-0.831894
-0.822113
-0.503082
-0.359299
0.150787
0.526215
0.392761
0.491287
0.629608
0.705185
0.664307
0.615143
0.571472
0.533539
0.505722
0.383636
0.223816
-0.00675964
-0.240524
-0.587692
-0.948456
-1.12831
-1.16805
-1.20079
-0.611298
-0.700363
-0.619232
-0.619583
-0.64183
-0.464783
-0.275864
0.00912476
-0.0558472
0.025177
-0.0961151
-0.144943
-0.0867767
-0.0233154
-0.0383759

[3]
-0.0343933
-0.00328064
-0.0356598
-0.0403748
-0.0236664
0.00871277
-0.0126801
-0.0311737
-0.0389252
-0.0565491
-0.0601807
-0.0706635
-0.0779114
-0.101913
-0.154114
-0.165405
-0.259979
-0.274109
-0.458282
-0.796646
-1.06314
-0.990204
-1.08167
-0.720596
-0.495941
-0.173752
0.775909
0.165543
0.387329
0.644302
0.689133
0.711655
0.694443
0.634979
0.566452
0.495605
0.444656
0.27742
0.0256195
-0.2742
-0.737991
-1.07008
-1.11055
-1.14938
-1.04622
-0.770874
-0.668503
-0.244278
-0.0507507
-0.327866

[4]
-0.648361
-0.61322
-0.2948
-0.0992737
0.00270081
-0.00830078
-0.0469513
-0.0518341
-0.0925598
-0.0464935
-0.00444031
0.011734
-0.0113525
-0.019928
-0.00149536
-0.0105591
0.0145874
0.000289917
0.00985718
-0.0270233
-0.0496674
-0.032547
-0.0475922
-0.0657654
-0.0938568
-0.135574
-0.21225
-0.218353
-0.238602
-0.352539
-0.63266
-0.963867
-1.07327
-1.03307
-0.851624
-0.481796
-0.45517
0.314529
0.18364
0.384109
0.566803
0.616745
0.659698
0.630096
0.565964
0.543335
0.475647
0.448868
0.319016
0.137466

[5]
-0.0747528
-0.372192
-0.785278
-1.06935
-1.10425
-1.08165
-0.861572
-0.733047
-0.438782
-0.361374
-0.215302
-0.204117
-0.666412
-0.287674
-0.27742
-0.0782928
-0.0569611
0.00621033
0.0427551
-0.122314
-0.09729
0.011795
0.0117188
0.00396729
-0.0195312
-0.0398712
0.00227356
0.0210419
0.00704956
-7.62939e-05
-0.0361633
-0.0573883
-0.0410156
-0.0381622
-0.0501556
-0.0652924
-0.097702
-0.166214
-0.229782
-0.222519
-0.196411
-0.315063
-0.512543
-0.864746
-1.07478
-0.874451
-0.90831
-0.595718
-0.502594
-0.108948

[6]
0.76564
0.307831
0.409622
0.598694
0.635117
0.640976
0.632156
0.579651
0.502823
0.434631
0.388657
0.168671
-0.0823059
-0.337158
-0.683884
-1.05757
-1.09332
-1.12762
-0.924866
-0.788315
-0.44104
-0.378784
-0.0052948
-0.232574
-0.617645
-0.397629
-0.107315
-0.168015
-0.0978851
-0.0283661
-0.0436707
-0.0696411
-0.113037
-0.0162506
-0.00398254
0.00602722
0.0261078
-0.00312805
-0.0249786
-0.00566101
0.0309448
0.0242767
-0.0118713
-0.0634613
-0.0529022
-0.0401764
-0.0387573
-0.0750275
-0.110153
-0.123825

[7]
-0.17981
-0.219238
-0.258026
-0.388962
-0.669312
-1.07103
-1.07823
-0.993729
-0.687256
-0.449936
-0.339844
0.748093
0.165558
0.402618
0.583969
0.650574
0.645187
0.6129
0.561966
0.51535
0.492966
0.419327
0.256561
0.0738068
-0.109177
-0.382462
-0.807663
-1.06668
-1.10052
-1.04355
-1.02492
-0.500183
-0.482162
-0.477386
-0.344742
-0.464371
-0.417923
-0.245453
-0.123627
-0.0834808
-0.0589752
0.00283813
-0.0708771
-0.115753
-0.026886
-0.00535583
0.00177002
0.0233002
-0.0177612
-0.0332642

[8]
-0.0158234
0.00909424
0.0247955
0.0127716
-0.0132446
-0.0282593
-0.0107117
0.00331116
-0.0164642
-0.0551605
-0.118912
-0.141281
-0.139877
-0.206177
-0.214523
-0.334244
-0.444061
-0.717346
-1.00407
-1.07849
-1.0137
-0.728897
-0.498505
-0.358856
0.341461
0.455246
0.389069
0.425919
0.565002
0.648148
0.635162
0.634506
0.567993
0.501495
0.447495
0.336899
0.140823
-0.139252
-0.409714
-0.733246
-1.06589
-1.09819
-1.07376
-0.75061
-0.656311
-0.502991
-0.447723
-0.334915
-0.242874
-0.458542

[9]
-0.279419
-0.140289
-0.0502625
-0.111679
-0.00631714
-0.0796814
-0.0739594
-0.0222626
-0.00706482
-0.0146332
0.0250244
0.0121002
-0.0206604
-0.0181732
0.00810242
0.000350952
-0.00817871
-0.0169983
-0.0423279
-0.016571
-0.0420685
-0.0753021
-0.0984802
-0.133575
-0.173492
-0.220764
-0.241638
-0.35907
-0.702774
-1.01628
-1.06937
-1.02902
-0.670364
-0.392868
-0.25946
0.420197
0.242859
0.304932
0.525558
0.583481
0.615768
0.582947
0.56781
0.535721
0.465485
0.456696
0.328369
0.147751
-0.0929871
-0.31163

[10]
-0.709335
-1.05882
-1.089
-1.02541
-0.855209
-0.386948
-0.452179
-0.432602
-0.2155
-0.385025
-0.384171
-0.283478
-0.0235901
-0.0512543
0.0454102
-0.00680542
-0.0622253
-0.0999146
0.00492859
-0.00907898
0.0176849
-0.0130463
-0.0495148
-0.0282593
0.0176544
0.0140991
-0.00488281
-0.00924683
-0.0183868
-0.0313721
-0.0253296
-0.0341187
-0.0404816
-0.0831146
-0.133423
-0.186295
-0.212799
-0.21312
-0.286942
-0.479446
-0.780106
-1.03596
-0.741852
-0.828918
-0.569672
-0.518387
-0.238602
0.568359
0.146896
0.307846

[11]
0.499115
0.601166
0.655502
0.658676
0.618637
0.555634
0.49559
0.444962
0.232758
-0.0614166
-0.303894
-0.720978
-1.05641
-1.09105
-1.12088
-0.721451
-0.546814
-0.441696
-0.385574
-0.315659
-0.0522461
-0.552429
-0.316559
-0.269745
-0.0720367
-0.0691986
0.0675659
-0.0306549
-0.0979919
-0.0761108
0.0232544
-0.0267944
0.0321655
0.00769043
-0.0106506
-0.0174866
0.0219727
0.0133514
-0.0289459
-0.0413513
-0.0320892
-0.00340271
-0.00576782
-0.0687866
-0.0495453
-0.091217
-0.123642
-0.146973
-0.2052
-0.168198

[12]
-0.278091
-0.546387
-0.869278
-1.0675
-1.00584
-0.897263
-0.462601
-0.357086
0.0453796
0.453415
0.426758
0.591476
0.633499
0.687469
0.674973
0.626602
0.573303
0.497208
0.459167
0.292694
0.0701599
-0.168533
-0.439224
-0.927505
-1.05548
-1.02092
-0.733459
-0.796753
-0.672592
-0.452988
-0.381348
-0.34729
-0.0414276
-0.593307
-0.16275
-0.290741
-0.0263977
-0.0359955
-0.042984
0.0382538
-0.0890503
-0.12204
-0.00518799
0.00172424
-0.00588989
-0.0156403
-0.0285034
-0.032959
0.0163116
0.020401

[13]
0.0116119
-0.0247803
-0.0280914
-0.0201416
-0.0131683
-0.0523071
-0.088089
-0.117218
-0.129379
-0.176956
-0.264282
-0.327576
-0.434647
-0.764359
-1.0578
-1.06763
-1.0276
-0.711136
-0.509277
-0.18573
0.75592
0.270935
0.457199
0.644882
0.695862
0.692429
0.684921
0.609192
0.55928
0.504333
0.389771
0.127579
-0.0206604
-0.354599
-0.777618
-1.05376
-1.08601
-1.11499
-0.954285
-0.662155
-0.410522
-0.306732
-0.258804
-0.344849
-0.490814
-0.243118
-0.078064
-0.00558472
0.033905
-0.0269928

[14]
-0.0499115
-0.072113
-0.00253296
-0.0306549
0.00814819
-0.0122375
-0.00645447
0.0202026
0.00738525
-0.00999451
-0.0174103
-0.0174713
-0.0310669
-0.0288239
-0.0253296
-0.0819702
-0.110931
-0.119766
-0.149902
-0.184006
-0.244202
-0.321625
-0.45816
-0.847519
-1.06802
-0.915771
-0.979553
-0.615799
-0.566986
-0.106033
0.879318
0.33844
0.426193
0.640717
0.66597
0.68573
0.652222
0.612167
0.541504
0.507233
0.4077
0.204178
-0.0318298
-0.298477
-0.743057
-1.05511
-1.0903
-1.12242
-0.905212
-0.621231

[15]
-0.372971
-0.373428
-0.353165
-0.557022
-0.586899
-0.151123
-0.0423279
0.0458527
0.0935822
-0.0385132
-0.0718994
-0.0238495
-0.030777
0.027298
-0.00889587
-0.0167236
-0.0256042
-0.00994873
0.00668335
-0.0106049
-0.0163574
-0.0018158
-0.0237427
-0.0305176
-0.0357208
-0.0537567
-0.0606384
-0.121414
-0.173721
-0.215851
-0.266571
-0.293625
-0.554214
-1.01462
-1.0631
-0.874222
-0.860886
-0.427078
-0.422729
0.261215
0.360153
0.429749
0.543976
0.616837
0.663818
0.623566
0.571289
0.528809
0.487488
0.462601

[16]
0.346451
0.127914
-0.0963898
-0.313507
-0.706558
-1.05745
-1.09137
-1.12286
-0.664932
-0.540298
-0.423096
-0.408844
-0.111481
-0.261368
-0.44989
-0.596924
-0.240967
-0.0764923
-0.0309143
0.0261993
0.0781555
-0.0916138
-0.146698
0.0303345
0.0202484
-0.000640869
-0.0621643
-0.0404663
-0.00296021
0.0301666
0.00898743
0.00672913
-0.0104828
-0.00805664
-0.0342407
-0.0405426
-0.053421
-0.0583801
-0.0777283
-0.157288
-0.198669
-0.241943
-0.248093
-0.323044
-0.472443
-0.923126
-1.0762
-0.93985
-1.05841
-0.626175

[17]
-0.575424
0.107101
0.784668
0.37648
0.402267
0.692062
0.694489
0.673492
0.619934
0.556427
0.458435
0.422531
0.33699
0.14447
-0.0772858
-0.319046
-0.69635
-1.05292
-1.08466
-1.11496
-1.13879
-0.555222
-0.464401
-0.520569
-0.434662
-0.389069
-0.499146
-0.172333
-0.0961304
0.0126801
0.0737305
-0.0149689
-0.042984
-0.0885162
-0.00593567
-0.0435791
0.0231781
0.00895691
-0.02211
-0.00474548
0.00796509
-0.00665283
-0.0117035
-0.0111084
-0.0157471
-0.0270081
-0.0253448
-0.0541229
-0.0932922
-0.101974

[18]
-0.146454
-0.182739
-0.216309
-0.2939
-0.475876
-0.787476
-1.06296
-1.0484
-0.911972
-0.60321
-0.489243
-0.193344
0.49556
0.391907
0.399796
0.473129
0.573517
0.617905
0.579941
0.576813
0.518326
0.442139
0.357376
0.282578
0.130127
-0.104538
-0.369278
-0.714508
-1.06516
-1.10266
-1.13727
-0.886078
-0.673264
-0.378769
-0.403732
-0.304626
-0.155167
-0.524918
-0.407532
-0.399506
0.0791779
-0.00747681
-0.0508118
-0.0470428
-0.0754242
-0.0811768
0.0101471
-0.00598145
0.0208282
0.015564

[19]
-0.0172272
-0.00305176
0.00804138
0.00987244
-0.00585938
-0.0196381
-0.0536346
-0.0484772
-0.024231
-0.0466614
-0.0737762
-0.114395
-0.169907
-0.207306
-0.284225
-0.336609
-0.47406
-0.923523
-1.067
-0.914719
-0.921432
-0.533264
-0.464233
0.052597
0.695435
0.445984
0.442703
0.60083
0.702744
0.683548
0.629089
0.576294
0.494141
0.40329
0.335281
0.135727
-0.144241
-0.452805
-0.833313
-1.06494
-1.09882
-1.02876
-0.767685
-0.536804
-0.46637
-0.397141
-0.137955
-0.144882
-0.684174
-0.287643

[20]
-0.225906
0.00906372
-0.038269
0.00762939
-0.0240479
-0.091507
-0.111343
0.019043
-0.0245514
0.0223083
-0.00837708
-0.0188751
-0.0158386
0.00537109
0.00617981
-0.0114899
-0.0220795
-0.0174408
-0.0211639
-0.0180054
-0.0470581
-0.077652
-0.112396
-0.169861
-0.243088
-0.263382
-0.277695
-0.410889
-0.750839
-1.04706
-1.04549
-1.04655
-0.711594
-0.506058
-0.235931
0.703796
0.193481
0.378235
0.61116
0.654587
0.684601
0.641342
0.595657
0.528275
0.459564
0.39534
0.25528
0.0236206
-0.248199
-0.506775

[21]
0.688934
0.674133
0.641785
0.590652
0.527939
0.486099
0.304001
-0.00680542
-0.113358
-0.563446
-1.05196
-1.0899
-1.12663
-1.04964
-0.6819
-0.401367
-0.0638885
-0.127899
-0.363098
-0.766769
-0.417206
0.0179291
-0.0106812
0.0420074
0.0405426
-0.0349121
-0.0793915
-0.0339203
-0.045639
-0.0210571
0.00698853
-0.00959778
-0.0431213
-0.0382996
0.0137787
0.0261383
0.0196075
-0.00379944
-0.0377045
-0.0216522
-0.0231018
-0.0450897
-0.0784149
-0.133591
-0.157135
-0.231003
-0.214462
-0.301254
-0.489258
-0.86412

[22]
-0.943939
-1.07979
-1.11208
-0.964951
-0.768829
-0.633347
-0.458298
-0.264084
-0.268417
-0.415009
-0.404526
-0.0318451
-0.0713348
0.0537872
0.0045166
-0.0782166
-0.105133
0.0134583
-0.0299835
0.00788879
-0.0187531
-0.03125
0.0088501
0.0106964
0.0144043
-0.00634766
-0.0224762
-0.0243683
-0.0162506
-0.0137024
-0.0503845
-0.0672913
-0.0888214
-0.149841
-0.178558
-0.254913
-0.250778
-0.366592
-0.623978
-1.05086
-1.06508
-0.940125
-0.860214
-0.510818
-0.409424
0.476196
0.180847
0.418289
0.613892
0.653442

[23]
-1.05466
-0.922714
-1.01784
-0.614029
-0.439148
-0.0626221
0.701706
0.421219
0.513443
0.622986
0.691086
0.680862
0.647873
0.585876
0.518265
0.482727
0.363098
0.151505
-0.0883942
-0.377426
-0.777084
-1.05367
-1.08377
-0.987793
-0.670853
-0.441925
-0.462341
-0.331299
-0.341614
-0.337509
-0.482727
-0.337585
-0.393753
-0.0582886
-0.084198
0.0427704
0.0360565
-0.0409698
-0.127777
0.00335693
-0.00263977
0.0141602
-0.0480957
-0.0540771
-0.00135803
0.0162659
0.0185852
-0.0112152
-0.016861
-0.0222931

[24]
-0.0290985
-0.0385895
-0.0375824
-0.0533295
-0.0547028
-0.148529
-0.240952
-0.2603
-0.242706
-0.333282
-0.551071
-0.931122
-1.06659
-0.835815
-0.839844
-0.504974
-0.47821
0.114548
0.32399
0.341217
0.537308
0.607513
0.660919
0.655121
0.610504
0.574509
0.50148
0.448334
0.298019
0.0757446
-0.188385
-0.498199
-0.936874
-1.07393
-1.1097
-1.10252
-0.830185
-0.454453
-0.405045
-0.285873
-0.286209
-0.3806
-0.40094
-0.372528
-0.0689087
-0.0391693
-0.0326538
0.0253296
-0.088913
-0.0930023

[25]
-0.0443115
0.00596619
0.0334015
0.0203247
-0.0114594
-0.0421143
-0.0129395
0.0115051
0.000564575
-0.0129089
-0.0345459
-0.0350342
-0.0294952
-0.0467072
-0.0612335
-0.109207
-0.173737
-0.18454
-0.246658
-0.304474
-0.442764
-0.709564
-1.01053
-1.00652
-0.908859
-0.67897
-0.576996
-0.36908
0.385971
0.447968
0.370758
0.384033
0.737457
0.734879
0.733536
0.657364
0.567429
0.492203
0.372818
0.207809
-0.0582581
-0.338501
-0.752701
-1.05309
-1.08911
-1.12253
-1.14726
-0.372055
-0.458344
-0.36795

[26]
-0.243286
-0.353668
-0.447769
-0.241364
-0.225723
-0.0757294
-0.0739899
0.0644379
-0.0418396
-0.0991974
-0.0241089
0.0260468
0.0209808
0.0201111
-0.0449829
-0.0396271
0.0156708
0.0231018
-0.0155182
-0.0150604
-0.0271301
-0.0376434
-0.048584
-0.0456238
-0.0726624
-0.10202
-0.215332
-0.204575
-0.286224
-0.306778
-0.562866
-0.90361
-1.06267
-0.924103
-0.974823
-0.474014
-0.452499
0.175247
0.48761
0.318787
0.533493
0.65593
0.7229
0.677948
0.648346
0.600281
0.545929
0.448532
0.244598
-0.0191956

[27]
-0.20784
-0.692078
-1.04126
-1.07025
-0.989105
-0.857086
-0.650665
-0.421204
-0.501129
-0.166748
-0.283356
-0.293182
-0.550217
-0.603516
-0.127655
-0.1008
0.141983
0.0648499
-0.0919342
-0.0609894
-0.070343
-0.0225525
0.00105286
0.0287476
0.0119019
0.00119019
-0.0283966
0.0187225
0.0109558
-0.0117798
-0.0460968
-0.0128174
-0.0133972
-0.0509338
-0.0452881
-0.0809631
-0.152939
-0.151611
-0.210495
-0.27829
-0.460098
-0.730759
-1.0531
-1.06259
-1.07193
-0.774124
-0.469131
-0.0960388
0.733002
0.415756

[28]
0.409607
0.625107
0.721619
0.688354
0.658524
0.598877
0.548447
0.435699
0.335037
0.159286
-0.0370789
-0.36058
-0.771667
-1.04686
-1.075
-0.981171
-0.702393
-0.800552
-0.393021
-0.35144
-0.466782
-0.330688
-0.416794
-0.440262
-0.232346
0.0597687
0.0695801
0.0637817
-0.041153
-0.0943298
-0.118866
-0.009552
-0.0075531
0.0330811
-0.0332184
-0.0360107
0.0098877
0.0208893
0.0167084
-0.00984192
-0.00975037
-0.019165
-0.0200958
-0.0183411
-0.0265503
-0.0901337
-0.0660095
-0.114899
-0.162491
-0.173248

[29]
-0.177216
-0.237564
-0.31282
-0.53952
-0.828232
-1.00826
-0.749802
-0.793579
-0.413559
-0.512878
0.16745
0.350418
0.320084
0.469604
0.559738
0.613358
0.627304
0.615753
0.565231
0.483856
0.453751
0.311096
0.0956879
-0.149918
-0.464142
-0.892792
-1.0731
-1.10834
-0.91452
-0.62233
-0.595856
-0.423523
-0.458206
-0.213684
-0.43483
-0.307877
-0.394745
-0.0281219
-0.0402985
-0.0441895
-0.010376
-0.0197754
-0.0923767
-0.0126801
-0.0246582
0.0166016
-0.00460815
-0.0210571
-0.0218658
0.00888062

[30]
0.0229187
0.0124512
-0.00427246
-0.0163116
-0.0271149
-0.00613403
-0.0014801
-0.0665741
-0.0883179
-0.0845184
-0.12648
-0.218399
-0.205597
-0.241547
-0.305603
-0.485931
-0.805603
-0.910233
-0.757111
-0.814453
-0.402542
-0.457916
-0.0500336
0.560181
0.346436
0.446777
0.558624
0.6436
0.638367
0.599152
0.54425
0.495224
0.468903
0.356873
0.167603
-0.0761566
-0.305145
-0.637283
-1.03712
-1.08806
-1.07507
-1.04306
-0.370361
-0.466827
-0.414429
-0.384064
-0.365646
-0.62265
-0.372391
-0.0646362

[31]
-0.036087
-0.0214996
0.0462646
-0.0616455
-0.075592
-0.0550079
-0.0121307
-0.0194855
-0.00767517
-0.0198364
-0.0198517
-0.00979614
0.0207214
0.0104523
-0.00776672
-0.0120544
-0.0197144
-0.0360718
-0.0287323
-0.0615997
-0.098938
-0.136063
-0.251297
-0.254623
-0.269257
-0.418106
-0.838852
-1.0524
-1.03387
-0.965683
-0.581482
-0.345093
-0.129105
0.718994
0.373703
0.410019
0.612854
0.69136
0.655365
0.644302
0.585739
0.530945
0.478577
0.379944
0.171112
-0.0591278
-0.291229
-0.659271
-1.06425
-1.10054

[32]
-1.13396
-0.886566
-0.584122
-0.494583
-0.362091
-0.353165
-0.292328
-0.562164
-0.462479
-0.164261
0.0254059
-0.0321198
0.0450439
-0.0690002
-0.106903
-0.0124817
-0.0287781
0.011734
0.0158997
-0.0307312
-0.0162811
-0.0106506
0.00692749
0.00457764
-0.0180054
-0.019928
-0.00563049
-0.025528
-0.0642395
-0.049942
-0.0680695
-0.101471
-0.13533
-0.19281
-0.236526
-0.256836
-0.382202
-0.801971
-1.0524
-0.832626
-1.07106
-0.64241
-0.347839
-0.0915375
0.727768
0.383804
0.4151
0.647736
0.71022
0.725388

[33]
0.694641
0.60527
0.536926
0.481598
0.406128
0.191666
-0.0158844
-0.255539
-0.567566
-0.960541
-1.09296
-1.12962
-1.16086
-0.735748
-0.630707
-0.417496
-0.309799
-0.376328
-0.531036
-0.416733
-0.068634
-0.0375519
0.0122375
0.0288696
-0.0663605
-0.0995483
-0.0391846
-0.00268555
-0.0207062
0.000808716
-0.0151825
-0.00686646
0.0328522
0.055191
0.0291748
-0.00250244
-0.0614624
-0.0688477
-0.045105
-0.0279541
-0.026825
-0.0634003
-0.0752869
-0.142349
-0.180878
-0.233749
-0.29834
-0.384415
-0.733322
-1.05679

[34]
-1.0661
-1.07515
-0.747787
-0.430344
-0.209854
0.859924
0.247299
0.397247
0.652466
0.706039
0.700439
0.653275
0.57933
0.538727
0.512451
0.382324
0.203949
-0.0249481
-0.28714
-0.695862
-1.06215
-1.09879
-1.13332
-0.909866
-0.630508
-0.741013
-0.130234
-0.32164
-0.292084
-0.674927
-0.447906
-0.0832977
-0.08078
0.0393372
0.00038147
-0.03862
-0.0793304
-0.0287781
-0.0209351
0.0180969
0.00619507
-0.0189972
-0.00738525
-0.00518799
0.00730896
0.0219269
-0.0197449
-0.0269318
-0.00959778
-0.0162201

