[1]
-0.0770264
-0.0770264
-0.151413
-0.158112
-0.143417
-0.123459
-0.0626373
-0.07724
-0.0453796
-0.095993
0.000183105
0.0118866
-0.00393677
-0.0125732
0.184006
0.780106
0.782837
0.617569
0.7211
-0.0285492
0.121933
-0.442978
0.439209
0.751541
0.612762
0.452316
0.389145
0.301178
0.25795
0.171249
0.0537872
0.042099
-0.156754
-0.554596
-0.756592
-0.969574
-1.32944
-1.41203
-1.33424
-1.30948
-1.12738
-1.05766
-0.923721
-1.15706
-0.496124
1.12236
0.133896
-0.406006
0.0710297
-0.394623

[2]
-0.455078
-0.198975
-0.0950775
-0.0380707
-0.0619965
0.0111084
0.0609436
0.0126038
0.0749054
0.0587616
0.03862
0.0460663
0.0135498
0.0205231
0.0428009
0.0577393
0.0802765
0.082016
0.0661774
0.0398712
0.0576477
0.0600586
0.0733032
0.0701447
0.0723572
0.0388794
0.0794983
0.0724335
0.0808105
0.115814
0.170853
0.383133
0.686142
0.930145
0.693024
0.481308
0.272278
0.410751
0.38353
-0.0969391
0.152649
0.676987
0.667847
0.541046
0.43573
0.352158
0.300644
0.280548
0.240372
0.105835

[3]
-0.0191498
-0.244278
-0.427383
-0.740448
-1.24416
-1.40999
-1.35068
-1.48689
-1.73119
-1.75983
-1.33153
-1.35258
1.21548
0.528152
-0.811325
-0.279861
-0.327438
-0.416916
-0.335312
-0.216507
0.0032196
-0.106995
-0.0197906
-0.00274658
-0.00714111
0.0351105
0.0199738
-0.0314941
-0.0318298
0.0135498
0.00350952
-0.00480652
-0.00386047
-0.0112152
-0.00869751
-0.0114594
-0.0273895
0.00343323
-0.000167847
0.0377502
0.089325
0.0734406
0.0335846
0.0549774
0.0769043
0.0869446
0.172592
0.298157
0.613007
1.03462

[4]
0.667633
0.522247
0.406845
0.343567
-0.212936
-0.283737
0.428085
0.87764
0.676056
0.505295
0.365082
0.289413
0.298538
0.272934
0.229767
0.116379
0.0295715
-0.159424
-0.67836
-1.08832
-1.43097
-1.64003
-1.88712
-1.83449
-1.6805
-1.77412
-0.871674
1.60457
-1.02095
-0.464828
-0.188873
-0.422501
-0.384155
-0.120102
-0.0116425
-0.0742493
-0.0364532
0.0308228
0.0169678
0.0402222
-0.0125885
-0.0112
-0.0343628
-0.0837097
-0.0494537
-0.0206146
-0.00527954
-0.0393219
-0.0264893
0.0055542

[5]
0.0158997
-0.019043
-0.0010376
0.0669861
0.104431
0.0913086
0.0842285
0.0611725
0.0791779
0.0829773
0.0753784
0.45488
1.06418
0.843948
0.750519
0.475372
0.227036
0.208984
-0.136078
0.477844
0.979202
0.691727
0.511688
0.394501
0.280273
0.286209
0.254395
0.249283
0.1539
-0.0518188
-0.355698
-0.724655
-1.27242
-1.68883
-1.71208
-1.50734
-1.64713
-1.6553
-1.63425
-1.09615
-0.774612
1.36293
0.206604
-0.863098
-0.0643005
-0.523499
-0.374786
-0.366608
-0.145706
-0.150558

[6]
-0.145203
-0.0578308
-0.0314636
-0.0882416
-0.0166016
-0.0613861
-0.0688477
-0.0883179
-0.0537109
-0.0285645
-0.0440063
-0.0475922
-0.0243683
-0.0440063
-0.0690002
-0.0610809
-0.0227356
0.0215607
0.13382
0.0403595
0.0606384
0.0478516
0.0322113
0.0573578
0.0832367
0.144394
0.51329
1.07747
0.691559
0.616333
0.350342
0.300476
-0.0384521
-0.181137
0.25235
0.817581
0.689438
0.501831
0.318054
0.197006
0.179642
0.132965
0.0896912
0.0758514
-0.068161
-0.23613
-0.535339
-0.852005
-1.00502
-1.31375

[7]
-1.40509
-1.3651
-1.47269
-1.78401
-1.5594
-0.952866
1.61742
-0.917404
-0.372635
-0.223038
-0.485962
-0.423569
-0.304123
0.000595093
0.0180969
-0.0107269
-0.0280609
-0.0733185
-0.0423737
0.0677032
0.0568848
-0.092453
-0.0527649
-0.0412598
0.0098114
-0.0231781
-0.0346832
-0.0165253
-0.00848389
0.0198975
0.0307922
0.0227509
0.0655212
0.0885468
0.146378
0.0768585
0.101074
0.0929413
0.157623
0.205246
0.25798
0.68158
1.00258
0.48233
0.601013
0.296799
0.175323
-0.136093
0.284744
0.827164

[8]
0.724243
0.557648
0.427597
0.30484
0.321381
0.320648
0.188339
0.110703
-0.0135956
-0.134094
-0.514969
-0.988892
-1.42305
-1.74789
-1.81477
-1.75262
-1.69363
-1.44099
-1.54265
-0.670441
1.64043
-0.89798
-0.809982
-0.23674
-0.452637
-0.267334
-0.0542145
-0.0644379
-0.0824127
0.00253296
-0.03862
0.068924
0.0446472
0.0240784
-0.0233002
-0.0590363
-0.0407562
0.00584412
0.0146027
0.0261993
0.0135345
-0.0484924
-0.0345154
0.00178528
0.0173187
-0.0146179
0.00912476
0.0503082
0.0686493
0.0950165

[9]
0.0855865
0.0473938
0.0556488
0.20076
0.292618
0.675232
0.88295
0.573822
0.486542
0.282043
0.38028
-0.206757
-0.214432
0.619019
0.857971
0.596603
0.369232
0.302292
0.284897
0.278076
0.224594
0.126694
1.52588e-05
-0.175369
-0.439133
-0.747726
-1.13326
-1.44113
-1.47163
-1.42499
-1.33215
-1.49959
-1.57021
-1.31349
0.875458
-0.238464
-0.73056
-0.454865
-0.402878
-0.357803
-0.228149
-0.0511932
-0.0959473
-0.00735474
-0.0476532
-0.0783844
0.00541687
0.0182343
-0.0166931
-0.118896

[10]
-0.0922546
-0.0526123
-0.0492706
-0.0584717
-0.0361633
-0.0567932
-0.0566101
-0.0596924
-0.0108185
0.0162964
0.0408783
0.0985413
0.0347137
0.0706177
0.0367889
0.0752869
0.130005
0.0708313
0.353882
0.820328
0.92128
0.507492
0.431717
0.266617
0.35759
-0.164139
0.0639191
0.782547
0.720123
0.520004
0.379822
0.262405
0.313614
0.342499
0.243927
0.266251
-0.161346
-0.430084
-0.708023
-0.850204
-1.14178
-1.42958
-1.58459
-1.7269
-1.60022
-1.00789
-1.47705
-1.16716
1.0506
0.00012207

[11]
-0.737015
-0.306671
-0.305054
-0.365982
-0.262451
-0.0199585
-0.0255432
-0.0223999
-0.00382996
-0.014389
-0.072052
0.0306244
0.0149078
-0.000442505
-0.0553589
-0.0641632
-0.0537109
-0.0270233
-0.00869751
-0.0155029
-0.0198975
-0.0371246
0.00357056
0.0401306
0.0323944
0.0766907
0.0418396
0.0681
0.0614471
0.0980682
0.118103
0.0736694
0.26973
0.852463
0.961151
0.635681
0.63414
0.265472
0.450043
-0.0365601
-0.0492096
0.673431
0.800797
0.680191
0.511658
0.253677
0.233368
0.269791
0.231247
0.0903931

[12]
0.0125122
-0.14592
-0.385117
-0.712418
-1.22127
-1.59955
-1.72176
-1.6891
-1.56175
-1.27905
-1.78722
-1.25662
1.59579
-0.796875
-0.566849
-0.301331
-0.566605
-0.302032
-0.251648
-0.158615
-0.116241
-0.0809937
-0.0249634
-0.0756683
0.0512848
0.00442505
-0.0397949
-0.0666504
-0.0127106
-0.0109863
-0.0563507
-0.0434113
-0.0323334
-0.0411377
-0.0490417
-0.0088501
0.0284119
0.0118256
0.0078125
0.0641174
0.00680542
0.0496368
0.102402
0.122116
0.198288
0.340591
1.04077
0.890411
0.623718
0.505585

[13]
0.323059
0.429352
-0.0290833
0.0588379
0.833923
0.758896
0.529266
0.39827
0.30806
0.274841
0.243286
0.151352
0.0267639
-0.157013
-0.340042
-0.6922
-1.12625
-1.52547
-1.68462
-1.59457
-1.68169
-1.92654
-1.76965
-0.853867
1.60202
-1.11969
-0.429871
-0.480957
-0.407242
-0.432343
-0.204468
-0.0939941
-0.00735474
0.0561371
-0.0421295
-0.0828705
-0.02034
0.0218964
-0.0239716
-0.103119
-0.0580139
-0.0463715
-0.0393219
-0.0438843
-0.0228577
-0.0386047
-0.0192261
0.00463867
0.00415039
0.111618

[14]
0.0814667
0.0586395
0.0314178
0.0769501
0.159866
0.0861664
0.31662
1.03249
1.043
0.666794
0.535461
0.166565
0.230743
-0.139069
0.0912933
0.877411
0.806381
0.574493
0.444351
0.332291
0.250031
0.271851
0.281998
0.195236
-0.0186615
-0.290833
-0.592148
-0.938217
-1.00369
-1.23412
-1.48311
-1.73085
-1.55234
-1.91362
-1.99274
0.440659
0.732071
-0.885361
-0.356827
-0.747864
-0.426392
-0.310043
-0.124802
-0.0778351
-0.0837555
0.00195312
-0.0812531
-0.0101471
0.00187683
0.00694275

[15]
-0.0675812
-0.0370026
-0.0235138
-0.0135651
-0.0358734
-0.0169373
-0.012619
-0.0263062
-0.0118256
0.0145264
0.0912628
0.0418701
0.093277
0.0365448
0.064209
0.0652771
0.175644
0.475815
1.00372
0.644455
0.8741
0.416321
0.313461
-0.166351
-0.340057
0.238861
0.823685
0.725586
0.55545
0.394897
0.220917
0.210159
0.180237
0.115158
-0.031723
-0.27388
-0.438492
-0.659515
-0.932007
-1.23193
-1.29588
-1.2133
-1.4133
-1.77692
-1.9592
-1.28555
1.59897
-1.12013
-0.673584
-0.403931

[16]
-0.479294
-0.372604
-0.228882
-0.0919952
-0.0346985
-0.00891113
-0.00453186
-0.0578003
-0.0307007
0.00219727
0.00549316
-0.0288544
-0.0339661
-0.0489197
0.00131226
0.000198364
0.00302124
-0.0438995
-0.0326233
-0.0017395
0.0189362
0.014267
0.0240021
0.0667114
0.132065
0.0182037
0.0292816
0.0353546
0.063858
0.306595
0.873779
0.937744
0.72406
0.785187
0.188431
0.434982
-0.295914
-0.122513
0.794327
0.794739
0.586838
0.447998
0.290787
0.206421
0.221634
0.157547
0.0270691
-0.067337
-0.19725
-0.378738

[17]
-0.712433
-1.01433
-1.17175
-1.32159
-1.40625
-1.6703
-1.64986
-1.61099
-1.10904
1.65411
-0.992615
-0.474625
-0.287094
-0.367371
-0.346359
-0.17868
0.0357819
-0.0160217
0.0470581
-0.035141
0.0110016
0.0446167
0.0771027
0.0184479
-0.0657959
-0.0173187
0.0105591
-0.0108032
0.00953674
0.0228119
0.0117493
-0.00990295
0.00531006
-0.0128021
0.0427551
0.0947723
0.103867
0.117081
0.0647888
0.062088
0.0773926
0.138031
0.0937347
0.455078
1.23615
0.725937
0.829773
0.358231
0.263855
-0.120804

[18]
-0.178268
0.450577
0.851089
0.726212
0.585922
0.475082
0.311615
0.262344
0.202332
0.162567
0.0700226
-0.0623627
-0.222778
-0.554459
-0.964157
-1.27422
-1.37523
-1.40883
-1.49782
-1.46312
-1.67203
-1.47249
-0.00674438
1.04575
-0.863693
-0.590622
-0.329636
-0.475266
-0.259216
-0.0844116
-0.069397
-0.0489197
-0.0192566
-0.089447
0.00157166
0.0175781
0.015976
-0.0179901
-0.0784454
-0.0306396
-0.00790405
-0.0249329
-0.0302582
-0.0239105
-0.0200043
-0.0437164
-0.0201721
-0.015686
0.0474548
0.0653381

[19]
0.0909882
0.045639
0.0858459
0.0773468
0.0677185
0.378586
0.887192
1.1398
0.891678
0.787262
0.183685
0.393372
-0.259705
0.0607605
0.925797
0.784393
0.576233
0.476044
0.403687
0.375595
0.2547
0.211761
0.09375
-0.142654
-0.30925
-0.55983
-1.01831
-1.38316
-1.55879
-1.51256
-1.58348
-1.36232
-1.66806
-1.54646
0.395294
0.57196
-0.870819
-0.658646
-0.272171
-0.441574
-0.378189
-0.0703735
-0.0638428
-0.0700226
0.0017395
-0.0553894
0.0150604
0.0200958
0.0334625
-0.0880585

[20]
-0.0390167
-0.0455017
-0.0438843
-0.0126343
-0.0141296
-0.0273132
-0.0569611
-0.0401154
-0.00848389
0.0230865
0.0462799
0.0988617
0.0540924
0.0611115
0.0806732
0.0831146
0.104141
0.113708
0.461731
1.22386
0.769714
0.710114
0.289108
0.207733
-0.138672
-0.158524
0.412857
0.850861
0.654282
0.497772
0.422241
0.319214
0.274139
0.232269
0.13623
-0.0318451
-0.202713
-0.397903
-0.689667
-1.03743
-1.29854
-1.44751
-1.38437
-1.30406
-1.24649
-1.45248
-1.16081
-0.972275
1.21004
1.08423

[21]
-0.9104
-0.40715
-0.413177
-0.343475
-0.172165
0.00239563
-0.000518799
-0.028183
-0.0145264
0.0242157
0.0246429
0.141556
0.0661621
0.0168457
-0.00201416
0.0635834
0.0749664
0.0361481
0.0290222
0.03479
0.019928
0.0310974
0.0329895
0.0433044
0.0865173
0.146729
0.0991058
0.133606
0.127945
0.155502
0.225662
0.361664
0.804047
0.799011
0.608078
0.671295
0.241409
0.330719
-0.0134888
-0.0233765
0.903763
0.862381
0.597641
0.455475
0.325211
0.323975
0.308487
0.260468
0.135696
-0.0740814

[22]
-0.280029
-0.57814
-0.835968
-1.13037
-1.37256
-1.32881
-1.39072
-1.52444
-1.51071
-1.35535
-1.05441
1.71684
-0.56485
-0.488968
-0.241425
-0.297684
-0.219345
-0.186127
-0.0411377
-0.0588684
0.0479431
0.0742035
0.0161438
0.0912628
0.0852356
0.0706177
0.0309143
0.0389099
0.035614
0.0545349
0.0499725
0.0155029
0.054245
0.0309448
0.0222473
0.057312
0.0778656
0.10907
0.0938568
0.0956726
0.0811005
0.121933
0.116394
0.23761
0.546295
1.01219
0.852081
0.768448
0.694427
0.053894

[23]
0.346176
-0.00689697
0.377731
0.865509
0.717957
0.441971
0.366501
0.225494
0.190887
0.0982513
0.00508118
-0.160736
-0.313171
-0.51532
-0.774994
-1.08861
-1.36137
-1.44591
-1.49586
-1.39732
-1.40083
-1.44315
-1.15251
0.864365
0.773056
-0.968872
-0.168945
-0.303345
-0.527328
-0.333496
-0.191681
-0.154831
-0.0600586
-0.0483704
-0.0279541
-0.0870209
-0.101044
0.00828552
-0.0362854
-0.0352631
-0.073288
-0.052948
0.0157471
0.00289917
-0.0391846
-0.0409241
-0.0240326
-0.015625
-0.0132599
0.0182495

[24]
0.0267487
0.0527649
-0.000335693
0.0731049
0.0824585
0.0678101
0.154922
0.221786
0.557831
1.12506
0.717682
0.630936
-0.0158997
0.151764
0.0558624
0.60347
0.98027
0.715118
0.513275
0.424652
0.301483
0.216751
0.173584
0.0127106
-0.0520172
-0.289795
-0.61644
-0.804977
-1.01672
-1.21007
-1.37161
-1.45297
-1.45441
-1.17648
-1.2475
-1.09152
-1.06216
-0.340012
1.7205
-0.81012
-0.186691
0.0101624
-0.665024
-0.408554
-0.159348
-0.00135803
-0.0699005
0.0174103
0.0767059
0.0469971

[25]
0.0856018
0.0915985
0.035675
0.0330963
0.030365
0.0697021
0.021637
0.0645752
0.0841064
0.0572205
0.0194244
0.053772
0.0823364
0.0506287
0.10408
0.111145
0.0903931
0.0383606
0.0908051
0.148056
0.224472
0.378464
0.721664
1.01077
0.679688
0.663269
0.337189
0.365021
-0.182449
-0.242096
0.729279
0.949081
0.628296
0.424179
0.376862
0.358749
0.301529
0.255173
0.167892
-0.000839233
-0.217697
-0.470367
-0.940094
-1.12259
-1.34297
-1.35637
-1.36482
-1.29973
-1.63289
-1.64447

[26]
-1.27625
1.62758
-1.00839
-0.395279
-0.188538
-0.553299
-0.269806
-0.260864
-0.129288
-0.0553894
-0.0146179
0.00801086
0.0478363
-0.0342865
0.0556793
0.0215607
0.00202942
-0.0354919
-0.0180511
-0.013443
0.0309753
-9.15527e-05
-0.0117188
0.00776672
0.0237122
0.0490112
0.0548401
0.0494843
0.0606842
0.0859375
0.0572662
0.0849762
0.110962
0.130005
0.210632
0.63269
1.16516
0.549377
0.693893
0.301239
0.313934
-0.130386
-0.108536
0.660339
0.881226
0.628448
0.460236
0.344925
0.283951
0.21225

[27]
0.129181
0.0560608
-0.0400543
-0.198486
-0.414703
-0.734421
-1.10706
-1.36559
-1.47496
-1.65761
-1.86249
-1.737
-1.86417
-1.18742
1.61833
-0.31604
-0.73558
-0.343079
-0.609451
-0.524811
-0.314545
-0.126938
0.0516052
0.0101929
-0.0778961
-0.070343
-0.0157471
0.0365143
-0.0464172
-0.0687561
-0.036911
3.05176e-05
0.0271301
0.0218201
-0.0269012
-0.0441437
-0.0103455
-0.00535583
0.0198975
0.108215
0.0557709
0.0660706
0.0684204
0.0887451
0.120789
0.125702
0.24234
0.81781
1.21709
0.684937

[28]
0.611359
0.297714
0.530624
-0.553009
-0.148788
0.675873
0.903244
0.614487
0.468323
0.322433
0.264084
0.290421
0.228836
0.184738
-0.00334167
-0.221466
-0.426514
-0.659485
-0.929657
-1.25105
-1.40298
-1.47885
-1.84207
-1.91652
-1.80447
0.893921
-0.219345
-0.762909
-0.391205
-0.323792
-0.332855
-0.299728
-0.0994873
0.072876
-0.0368195
0.016983
-0.0348969
-0.00784302
-0.00270081
0.0063324
-0.0599823
-0.078064
-0.0450745
0.00411987
-0.0241852
-0.0329742
-0.0137024
-0.0169373
-0.00480652
0.000640869

[29]
0.0199738
0.099762
0.0850677
0.0530701
0.0839844
0.149094
0.122604
0.11853
0.403229
1.0658
1.01189
0.727188
0.614151
0.248856
0.248199
-0.17247
0.247162
0.932739
0.810745
0.568771
0.379532
0.217712
0.129776
0.137131
0.0422516
-0.0729828
-0.249741
-0.439896
-0.753967
-1.09203
-1.37885
-1.46152
-1.55473
-1.31871
-1.41725
-1.74515
-1.50597
0.858704
1.15097
-1.1955
-0.0788727
-0.610046
-0.602448
-0.535751
-0.171387
-0.100906
-0.00714111
-0.00642395
-0.0480499
-0.13559

[30]
-0.012207
0.0696564
-0.0155792
-0.110336
-0.0576782
0.0170441
0.00733948
-0.0489197
-0.0713348
-0.0415802
-0.0173492
-0.0229034
0.0137024
0.0929413
0.0159302
0.0996094
0.0804291
0.0874023
0.117004
0.111252
0.447861
1.04974
0.763794
0.719696
0.501785
0.357315
0.29361
-0.305954
-0.019165
0.862381
0.752472
0.526688
0.349518
0.18396
0.171753
0.207245
0.122177
0.0063324
-0.119431
-0.348465
-0.5672
-0.890457
-1.19106
-1.52272
-1.52675
-1.50751
-1.55342
-1.69341
-1.72523
0.502106

[31]
0.281418
-0.93837
-0.729874
-0.287155
-0.351013
-0.304932
-0.139374
-0.122192
-0.0711365
-0.061554
-0.0866547
-0.0334625
0.0154114
-0.022049
-0.055191
-0.0549164
-0.0569305
-0.0979462
-0.0530396
-0.0385284
-0.0512543
-0.109695
-0.055191
-0.00572205
0.0197601
0.0173492
0.0405426
0.0245819
-0.0134277
0.0141907
0.0688477
0.100586
0.312698
0.589386
0.969147
0.623428
0.607193
0.314911
0.324921
-0.148239
-0.263245
0.581436
0.847626
0.577484
0.406235
0.259964
0.233063
0.267349
0.187653
0.135803

[32]
0.0091095
-0.271866
-0.512756
-0.680557
-1.02791
-1.47365
-1.69521
-1.57286
-1.63403
-1.58064
-1.93825
-1.09616
1.59761
-0.890915
-0.669113
-0.435623
-0.455414
-0.354813
-0.197586
0.00480652
-0.0186462
0.0492859
-0.0390167
-0.0169525
0.0460663
0.00688171
-0.0108337
-0.0707397
-0.0645447
-0.0514069
-0.0543671
0.0032196
0.000686646
-0.0367737
-0.0554047
-0.0224152
-0.00837708
0.0498199
0.0744324
0.104202
0.103699
0.111603
0.100281
0.114563
0.384888
0.995361
0.880508
0.765274
0.711197
0.270035

[33]
0.0213318
-0.214767
0.496765
1.00702
0.707596
0.518585
0.414154
0.269028
0.23349
0.219116
0.12706
-0.0700684
-0.265228
-0.42894
-0.753525
-1.09154
-1.35968
-1.56592
-1.52005
-1.3555
-1.31689
-1.60855
-1.57376
-0.548431
1.62859
-1.13927
-0.644608
-0.443146
-0.488312
-0.464188
-0.150024
0.00358582
0.0020752
0.0577698
-0.0446014
-0.00630188
0.0792999
0.0517426
0.00465393
-0.0408783
0.00497437
-0.00102234
-0.0114288
0.006073
-0.0110321
-0.0282745
-0.00828552
-0.0132294
0.0336456
0.0649872

