[1]
-0.0445251
-0.0445251
-0.0140991
-0.0408478
-0.0727386
-0.0714874
-0.0675812
-0.0906677
-0.167465
-0.164017
-0.217163
-0.259003
-0.350983
-0.571167
-0.864197
-1.05124
-0.92717
-0.869446
-0.59964
-0.185654
0.762985
0.0509186
0.573471
0.734711
0.713806
0.721832
0.687805
0.633865
0.591568
0.492706
0.328339
0.152939
-0.153763
-0.458023
-0.730606
-0.916077
-0.895828
-0.829758
-0.716125
-0.599731
-0.443024
-0.337723
-0.612534
-0.0830994
-0.144363
-0.19371
-0.377914
-0.536758
-0.131653
-0.105026

[2]
-0.053299
-0.00631714
-0.0268402
-0.0067749
-0.0370331
-0.0623932
-0.0147705
-0.00457764
0.00566101
0.0184479
0.0249634
0.0282288
0.0200806
0.0267792
-0.00422668
-0.0148773
-0.00617981
0.013916
-0.00923157
-0.0395966
-0.0617981
-0.0648651
-0.0839081
-0.0816498
-0.111328
-0.122726
-0.154526
-0.193665
-0.273834
-0.319824
-0.489761
-0.729568
-0.950806
-0.729813
-0.846893
-0.46373
-0.612656
-0.157822
0.736328
0.0539703
0.330673
0.542511
0.555115
0.595795
0.601486
0.583527
0.508987
0.457001
0.324493
0.107788

[3]
-0.131943
-0.364624
-0.600327
-0.855255
-1.00824
-0.940979
-0.873764
-0.728928
-0.570908
-0.464203
-0.316589
-0.244263
-0.239929
-0.313583
-0.643143
-0.27948
-0.104004
-0.107239
-0.0602264
-0.0630646
0.00862122
-0.0696564
-0.0596619
-0.00473022
0.00556946
-0.0014801
-0.00747681
-0.00253296
0.0158539
0.0335388
0.0205383
-0.0100861
-0.00646973
-0.029892
-0.0380249
-0.0300598
-0.0366974
-0.0692749
-0.0981598
-0.0871735
-0.0892181
-0.133469
-0.162201
-0.247528
-0.289093
-0.335693
-0.547256
-0.785065
-0.971909
-0.836609

[4]
-0.874451
-0.586731
-0.565643
0.0684052
0.813126
0.378677
0.407791
0.622177
0.616058
0.63504
0.608719
0.575195
0.534012
0.443024
0.263123
0.0188446
-0.207779
-0.51329
-0.947861
-1.06819
-1.10342
-1.00189
-0.813889
-0.682373
-0.385513
-0.324722
-0.337692
-0.342224
-0.722076
-0.460281
-0.122406
-0.130524
0.00820923
-0.0100861
0.0529633
-0.0366211
-0.0539856
-0.0338593
0.004776
0.00671387
-0.0198212
-0.0335236
-0.00869751
0.00106812
0.000915527
-0.00369263
-0.00746155
0.00682068
-0.0254669
-0.0187531

[5]
-0.0332794
-0.0585785
-0.107193
-0.110184
-0.157196
-0.205276
-0.205597
-0.254395
-0.32106
-0.415955
-0.652817
-0.890198
-1.06561
-0.903671
-0.707062
-0.782639
-0.210831
0.736023
-0.0115356
0.310104
0.579544
0.585785
0.632324
0.630524
0.603882
0.555923
0.451889
0.294968
0.0422363
-0.216003
-0.49649
-0.865967
-1.06772
-1.09596
-0.940109
-0.69548
-0.597763
-0.453918
-0.357895
-0.325287
-0.191254
-0.279373
-0.46405
-0.607071
-0.293076
-0.0295563
-0.0990448
-0.0830231
-0.0230713
-0.0727539

[6]
-0.0912781
-0.0377502
-0.011673
-0.0257111
0.000137329
-0.00869751
0.00473022
0.0229034
0.0154724
-0.00683594
-0.00601196
0.00238037
-0.0128326
-0.0166473
-0.0122375
-0.0471039
-0.0789642
-0.073288
-0.153198
-0.144211
-0.173492
-0.185181
-0.261246
-0.313126
-0.466309
-0.698166
-0.964722
-0.835968
-0.842422
-0.61441
-0.669678
-0.0837708
0.896759
0.0823212
0.398438
0.644043
0.617462
0.639191
0.627304
0.624283
0.529572
0.478638
0.337189
0.0902405
-0.122787
-0.363983
-0.653976
-0.819565
-0.882141
-0.895142

[7]
-0.896774
-0.720108
-0.712387
-0.472397
-0.501205
-0.297318
-0.406006
-0.607803
-0.414307
-0.127258
-0.122833
0.0530396
-0.104507
0.00489807
-0.0469055
-0.10347
-0.0476837
-0.0102234
-0.00454712
-0.0402527
-0.0471191
-0.00256348
0.0304108
0.00724792
-0.00619507
-0.00874329
-0.0204163
-0.0200348
-0.0280914
-0.0298462
-0.0675507
-0.103394
-0.104691
-0.136658
-0.260468
-0.242416
-0.295532
-0.309311
-0.416458
-0.655869
-0.851059
-1.01514
-0.601227
-0.715225
-0.659424
-0.131134
0.633713
-0.0400391
0.305695
0.624451

[8]
0.591721
0.631058
0.615509
0.575653
0.524185
0.474335
0.345184
0.147003
-0.103363
-0.382477
-0.692108
-1.01518
-1.09096
-0.985245
-0.815247
-0.599869
-0.416016
-0.651199
-0.0953522
-0.299377
-0.448517
-0.49588
-0.442032
-0.223755
-0.0402374
-0.0162048
0.0197144
-0.0280304
-0.0415344
-0.00953674
-0.0295105
0.0121002
-0.00500488
-0.00714111
0.0178223
0.0329437
0.0104065
-0.0132599
-0.0244141
-0.0132904
-0.0017395
-0.0177002
-0.0405273
-0.0452728
-0.062561
-0.0800934
-0.0901337
-0.131958
-0.197617
-0.194077

[9]
-0.198013
-0.265274
-0.381699
-0.585876
-0.785721
-0.933395
-0.783035
-0.687424
-0.580154
-0.448914
0.170227
0.551849
0.459808
0.450012
0.594742
0.608978
0.626038
0.616714
0.570328
0.523956
0.42128
0.218216
-0.012207
-0.246094
-0.524521
-0.776108
-0.8927
-0.893539
-0.776169
-0.670761
-0.672348
-0.279129
-0.373093
-0.403458
-0.437088
-0.355865
-0.378983
-0.315521
3.05176e-05
-0.0653687
-0.0058136
0.00959778
-0.0937195
-0.0549622
-0.022522
-0.00654602
-0.0197296
-0.0385895
-0.0414276
0.00926208

[10]
0.029541
0.000442505
0.00439453
-0.00918579
-0.0246887
-0.00971985
-0.017868
-0.0321808
-0.0617981
-0.0840912
-0.0970306
-0.164215
-0.179367
-0.214325
-0.262756
-0.347
-0.44043
-0.575256
-0.810333
-1.02072
-0.791855
-0.724106
-0.628784
-0.23793
0.480484
0.0392761
0.437561
0.645157
0.666397
0.716125
0.706406
0.637817
0.57962
0.483307
0.279968
0.098999
-0.218719
-0.560745
-0.817322
-1.03757
-0.99028
-0.918839
-0.747208
-0.541931
-0.426041
-0.46608
-0.249298
-0.23938
-0.251724
-0.430923

[11]
-0.472641
-0.317551
-0.00445557
-0.0389709
-0.00183105
0.0333557
-0.0454559
-0.0589142
-0.0292816
-0.00437927
0.0160065
-0.000671387
-0.0226593
-0.0287476
0.00488281
0.0308075
0.0302582
0.00547791
-0.00717163
-0.0247803
-0.0145416
-0.00912476
-0.0648956
-0.0595551
-0.114349
-0.147675
-0.154846
-0.226364
-0.230789
-0.301361
-0.366577
-0.571625
-0.851318
-1.07692
-0.886108
-0.829651
-0.635452
-0.297455
0.415329
0.169479
0.561615
0.606247
0.620255
0.639267
0.596344
0.560684
0.503128
0.417496
0.349487
0.166702

[12]
-0.0792694
-0.335968
-0.608856
-0.883316
-1.04175
-0.959274
-0.828812
-0.712433
-0.504578
-0.628006
-0.285355
-0.39473
-0.417114
-0.589447
-0.501633
-0.324951
-0.0664215
-0.0473785
-0.039917
-0.0722961
-0.0493317
-0.0563965
-0.025589
-0.00907898
0.0271149
-0.0182648
-0.0104218
0.0157776
0.00471497
-0.0125122
0.00161743
-0.000930786
-0.0141296
-0.0202026
-0.0206299
-0.043808
-0.0680847
-0.101456
-0.11026
-0.162689
-0.220551
-0.24852
-0.294601
-0.376663
-0.59108
-0.940643
-1.08032
-0.987152
-0.697937
-0.78421

[13]
-0.289948
0.653412
-0.060791
0.382797
0.623718
0.64827
0.686142
0.620239
0.587708
0.505325
0.404526
0.279816
0.062851
-0.165405
-0.363037
-0.676208
-0.956314
-1.08926
-0.978241
-0.802582
-1.00995
-0.389618
-0.571838
-0.423309
-0.426895
-0.675201
-0.295242
-0.110352
-0.120483
-0.0963745
-0.0451202
-0.0815277
-0.0617371
-0.0640717
0.00224304
-0.014679
-0.00553894
-0.0245972
-0.0319519
0.00645447
0.0214539
-0.0133362
-0.0183411
-0.0222168
-0.0362701
-0.0327606
-0.0293579
-0.0740051
-0.139633
-0.183243

[14]
-0.143616
-0.194687
-0.243866
-0.31398
-0.380234
-0.590652
-0.96666
-1.08536
-0.999924
-0.85199
-0.784088
-0.173553
0.831146
-0.0170288
0.379074
0.675034
0.651031
0.664169
0.62204
0.596375
0.549835
0.479797
0.380661
0.159271
-0.0956421
-0.349579
-0.665604
-0.94223
-1.07547
-1.10324
-1.02985
-0.839401
-0.505341
-0.351212
-0.343552
-0.320206
-0.477234
-0.692673
-0.250427
-0.184311
-0.127075
-0.067276
-0.0578766
-0.0265961
-0.0298157
-0.01091
-0.0122528
0.0172729
0.00930786
-0.0117188

[15]
0.00273132
-0.000595093
-0.0159302
-0.0259705
-0.0325012
-0.0363617
-0.0171814
-0.0400085
-0.10112
-0.0847626
-0.138779
-0.146454
-0.172562
-0.253937
-0.337723
-0.490295
-0.792892
-1.06956
-0.913315
-0.975632
-0.672302
-0.644379
0.0537567
0.857285
0.278427
0.39061
0.714401
0.69426
0.659515
0.645401
0.618805
0.555481
0.487366
0.385178
0.130524
-0.141129
-0.389526
-0.680008
-0.95047
-1.03584
-1.01796
-0.942932
-0.731918
-0.43779
-0.491531
-0.564255
-0.596954
-0.597595
-0.447372
-0.249237

[16]
-0.0696564
-0.000732422
0.0189514
-0.0693207
-0.057373
-0.0341492
-0.022171
0.00256348
-0.000106812
-0.0275421
-0.00524902
-0.00140381
0.00941467
0.00456238
-0.0166931
-0.0245514
-0.0216522
-0.0163269
-0.00445557
-0.0374146
-0.0991211
-0.120285
-0.137756
-0.14151
-0.185059
-0.188568
-0.294373
-0.402695
-0.6436
-0.89267
-1.08438
-0.976822
-0.812515
-0.77478
-0.221497
0.39743
0.137878
0.542557
0.608963
0.615555
0.635742
0.610016
0.594833
0.579147
0.530533
0.448822
0.272339
0.00901794
-0.223068
-0.535706

[17]
-0.811874
-0.889999
-0.869049
-0.837433
-1.03975
-0.487473
-0.470703
-0.43927
-0.551056
-0.501877
-0.531708
-0.355026
-0.225235
-0.0170898
-0.0467224
-0.00502014
0.00231934
-0.0701904
-0.045105
-0.0124512
0.0250397
-0.00135803
-0.0605469
-0.0248871
0.0140228
0.0113983
-0.000488281
-0.0168762
-0.0178375
-0.0207214
-0.0287323
-0.0239563
-0.0276947
-0.0606079
-0.0985107
-0.0825958
-0.165634
-0.212631
-0.198746
-0.262299
-0.361435
-0.474533
-0.810104
-1.06111
-0.898682
-0.931091
-0.701782
-0.631378
-0.0219116
0.89357

[18]
0.144043
0.423584
0.63678
0.638672
0.63327
0.61412
0.533203
0.507492
0.441772
0.335693
0.134796
-0.0749512
-0.306458
-0.609344
-0.896667
-1.02043
-0.970795
-0.83078
-0.630936
-0.590973
-0.374832
-0.381653
-0.294983
-0.420532
-0.505783
-0.401199
-0.219742
-0.0264282
0.0292969
0.014267
-0.0774994
-0.041687
-0.0183258
-0.0152893
-0.0025177
-0.00151062
-0.019577
-0.0232849
0.00585938
0.00453186
-0.00245667
-0.0200195
-0.0219421
-0.024765
-0.035553
-0.0356903
-0.0190582
-0.0691833
-0.149185
-0.153214

[19]
-0.208923
-0.21434
-0.247864
-0.362137
-0.544815
-0.894196
-1.08865
-1.10371
-1.00195
-0.782806
-0.422638
0.500076
-0.070755
0.556091
0.688004
0.703369
0.734253
0.699295
0.668991
0.608643
0.526779
0.437637
0.194687
-0.0577698
-0.295502
-0.587814
-0.975464
-1.05107
-0.997726
-0.817612
-0.679031
-0.755829
-0.387131
-0.407883
-0.326019
-0.457397
-0.506012
-0.359879
-0.0931396
-0.084198
-0.00590515
0.00831604
-0.0798492
-0.0898132
-0.0185547
-0.00480652
0.0112152
-0.0365143
-0.0330658
-0.0137787

[20]
0.021347
0.000839233
0.00241089
-0.00645447
-0.0192719
-0.015976
0.000228882
-0.0405273
-0.0896301
-0.0770264
-0.105606
-0.155991
-0.176315
-0.217026
-0.24498
-0.330994
-0.42688
-0.722916
-1.02339
-0.83049
-0.916916
-0.627213
-0.676254
-0.00146484
0.928909
0.286591
0.418137
0.685135
0.655411
0.661819
0.632019
0.561127
0.516907
0.452957
0.327423
0.10141
-0.165543
-0.498123
-0.725784
-0.939133
-0.927078
-0.858292
-0.788025
-0.556641
-0.381989
-0.313522
-0.64267
-0.0417175
-0.239853
-0.199615

[21]
-0.538422
-0.355881
-0.243393
-0.0330353
-0.0239258
0.0223694
-0.0140991
-0.0210419
-0.0125732
-0.00517273
0.00550842
0.012558
-0.00360107
0.014679
0.0145721
-0.0085907
-0.0189819
-0.0207367
-0.0239716
-0.0424805
-0.0261383
-0.0520935
-0.107513
-0.102325
-0.125061
-0.20578
-0.25528
-0.255051
-0.312073
-0.423996
-0.719498
-0.891556
-1.0491
-0.858368
-0.704147
-0.641312
-0.245163
0.470978
0.0102692
0.402237
0.583664
0.575226
0.629379
0.586655
0.57608
0.500656
0.436325
0.339783
0.124557
-0.104736

[22]
-0.327606
-0.576736
-0.859955
-0.992584
-1.01465
-0.885391
-0.670151
-0.463486
-0.50766
-0.0653229
-0.240891
-0.320374
-0.468414
-0.407074
-0.24855
-0.0318298
0.0260162
-0.0398254
-0.0541077
-0.0635834
-0.042099
-0.0114136
-0.000320435
0.00610352
-0.00862122
-0.012085
0.00546265
0.0231628
-0.0130005
-0.00772095
0.00102234
-0.0160675
-0.0229797
-0.0276947
-0.0552826
-0.0698853
-0.0962219
-0.140854
-0.200516
-0.238785
-0.215988
-0.300476
-0.38414
-0.681381
-1.04001
-1.0042
-1.08603
-0.767258
-0.630264
-0.129501

[23]
0.974167
0.193832
0.299561
0.667572
0.60881
0.640747
0.608276
0.56398
0.476532
0.385696
0.23056
-0.0065918
-0.22641
-0.511307
-0.74823
-0.872101
-0.91481
-0.886078
-0.756805
-0.549362
-0.533066
-0.501556
-0.403732
-0.249146
-0.414307
-0.636749
-0.365585
-0.00950623
-0.0643311
-0.073349
-0.0933075
-0.0756683
-0.0675812
-0.0821228
-0.0185242
-0.00953674
0.00318909
-0.00271606
-0.0218353
0.00170898
0.0183411
0.0121002
-0.013504
-0.0172119
-0.0189972
-0.0191498
-0.00692749
-0.0514832
-0.0764008
-0.0868683

[24]
-0.130844
-0.153275
-0.198975
-0.236435
-0.298737
-0.369583
-0.533463
-0.898621
-1.0668
-0.848312
-0.757294
-0.588745
-0.308167
0.558914
-0.0957794
0.466629
0.653412
0.637238
0.684082
0.622879
0.565323
0.456223
0.350418
0.12558
-0.0463409
-0.287292
-0.532272
-0.697067
-0.772064
-0.743622
-0.768921
-0.671036
-0.573761
-0.41452
-0.365463
-0.658142
-0.0676727
-0.183899
-0.352554
-0.647415
-0.542816
-0.0497131
-0.162949
-0.00804138
-0.00694275
-0.0659943
-0.0565948
-0.0218658
-0.0222931
0.0161133

[25]
0.0132294
0.0145874
0.0126495
0.0389862
0.0149536
0.0058136
-0.00379944
-0.0260468
-0.016983
-0.0108795
-0.0377502
-0.0684814
-0.0841522
-0.107635
-0.123001
-0.148544
-0.195053
-0.243103
-0.335434
-0.402924
-0.561111
-0.817535
-1.0114
-0.920288
-0.882614
-0.562149
-0.527512
0.121689
0.580154
0.471024
0.445435
0.592865
0.61235
0.604477
0.612335
0.552994
0.523132
0.400497
0.20137
-0.0601501
-0.340027
-0.664871
-0.880951
-0.946075
-0.899139
-0.801804
-0.698212
-0.76825
-0.401825
-0.387619

[26]
-0.431519
-0.476898
-0.651855
-0.556839
-0.122314
-0.142609
0.0564117
-0.0353851
-0.0673523
-0.052948
-0.0434418
-0.0193481
-0.00473022
-0.0124969
-0.0171509
-0.00894165
0.0072937
0.0177612
0.0183258
0.00280762
0.00245667
-0.0280762
-0.0424042
-0.0247345
-0.0550842
-0.0750427
-0.081131
-0.119766
-0.152649
-0.186905
-0.230576
-0.286285
-0.345932
-0.488586
-0.844116
-1.0233
-0.787598
-0.892136
-0.582336
-0.498062
0.0510254
0.679001
0.426697
0.408417
0.594131
0.605789
0.619492
0.58815
0.567749
0.486389

[27]
0.408203
0.27475
0.0467224
-0.19873
-0.471985
-0.708405
-0.908691
-0.960617
-0.939987
-0.840576
-0.637787
-0.712677
-0.273529
-0.531448
-0.338409
-0.546906
-0.643387
-0.237
-0.171722
-0.0822296
-0.0561523
-0.0920868
-0.0794373
-0.0419769
-0.00862122
0.0175629
-0.00830078
-0.0313568
-0.0287933
0.00947571
-0.0107727
-0.037735
-0.0222778
-0.0376892
-0.0410309
-0.0545502
-0.0317993
-0.0769958
-0.111115
-0.14296
-0.152496
-0.185898
-0.22113
-0.269836
-0.343887
-0.50824
-0.800522
-1.08629
-0.990936
-0.972961

[28]
-0.77829
-0.620728
0.0910797
0.538239
0.447815
0.535095
0.669861
0.63324
0.642151
0.630569
0.620468
0.53421
0.486786
0.3405
0.115128
-0.111862
-0.396515
-0.781403
-1.07683
-1.11259
-1.11464
-1.17184
-0.646927
-0.466415
-0.605927
-0.517685
-0.371887
-0.614609
-0.296143
-0.0297241
-0.0596924
0.0336151
0.00396729
-0.0280762
-0.0673218
-0.0207367
-0.0240631
-0.0128021
-0.0295715
-0.0379486
-0.0196991
0.0115662
0.00152588
-0.0263519
-0.0213165
-0.0100861
-0.0162964
-0.016449
-0.0614014
-0.0665741

[29]
-0.0812683
-0.192856
-0.193665
-0.241119
-0.258774
-0.320496
-0.389465
-0.607361
-0.944443
-1.0836
-1.08536
-0.838196
-0.819534
-0.176575
0.931396
0.0065918
0.398376
0.735626
0.67189
0.699554
0.648285
0.597733
0.531693
0.43071
0.284454
0.0592499
-0.155396
-0.38652
-0.71553
-0.920334
-1.04395
-0.982437
-0.898544
-0.673706
-0.461395
-0.403473
-0.397232
-0.272491
-0.449951
-0.60289
-0.262604
-0.177444
-0.0659027
-0.168991
-0.115128
-0.0635376
-0.064209
-0.0342407
-0.0145416
0.0279236

[30]
0.0144806
-0.00953674
-0.0518341
-0.0129395
0.00291443
-0.0201874
-0.0327911
-0.0515137
-0.0273743
-0.0144196
-0.0518341
-0.082901
-0.123993
-0.159882
-0.178268
-0.224594
-0.292984
-0.325256
-0.447189
-0.662567
-0.90625
-0.906784
-0.959167
-0.671188
-0.757568
-0.0858307
0.683823
-0.0466461
0.362488
0.718872
0.671478
0.69751
0.653534
0.623413
0.556351
0.485077
0.367447
0.144745
-0.153732
-0.422073
-0.722656
-1.05331
-1.11018
-1.04878
-0.874954
-0.683838
-0.532272
-0.498398
-0.360138
-0.401443

[31]
-0.444077
-0.59111
-0.448151
-0.0451355
-0.0529633
0.0123291
0.00196838
-0.0511017
-0.0393677
-0.0177002
-0.0344849
-0.0133209
-0.0085907
-0.0233307
-0.0108643
0.0109253
0.00559998
-0.0255737
-0.0271606
-0.0297852
-0.0209503
-0.0375671
-0.0245209
-0.0559235
-0.0753632
-0.137482
-0.173569
-0.200043
-0.21524
-0.279266
-0.358658
-0.505844
-0.755356
-0.92218
-0.880768
-0.869751
-0.58345
-0.551605
0.0461731
0.718979
0.473495
0.390717
0.626694
0.659622
0.669601
0.636902
0.603821
0.513397
0.413101
0.218399

[32]
-0.0132599
-0.250351
-0.519089
-0.766937
-1.01239
-1.09773
-0.989716
-0.771133
-0.563705
-0.701294
-0.300339
-0.31456
-0.318649
-0.551849
-0.426208
-0.329559
-0.0758514
-0.0522461
0.00131226
0.00447083
-0.0631866
-0.0336609
-0.00669861
0.00012207
-0.00624084
-0.0113068
-0.0115967
0.00875854
-0.00442505
-0.00288391
-0.0174255
-0.0157318
-0.0217896
-0.0218048
-0.026474
-0.0572815
-0.113846
-0.178772
-0.191223
-0.253586
-0.280792
-0.325623
-0.423828
-0.647934
-0.94191
-1.08441
-1.04268
-0.76387
-0.797989
-0.185074

[33]
0.784622
0.129501
0.298615
0.652985
0.610077
0.661087
0.640015
0.617813
0.560349
0.446289
0.266846
0.00732422
-0.222977
-0.414627
-0.683151
-0.856415
-0.8535
-0.853851
-0.736603
-0.597687
-0.637711
-0.305527
-0.382736
-0.506744
-0.496033
-0.642746
-0.337708
-0.292435
-0.00588989
-0.131592
-0.0450439
-0.0293732
-0.052124
-0.0174866
-0.0141907
0.0301208
0.021637
-0.0170441
-0.0114746
0.00520325
-0.000839233
-0.0112762
-0.0187073
-0.0231476
-0.0317993
-0.0245514
-0.0458527
-0.0840149
-0.0889282
-0.126312

