[1]
-0.224472
-0.0414734
0.0057373
0.0312195
0.00491333
-0.0176697
-0.0328827
-0.184814
-0.199875
-0.10376
-0.0364685
-0.491287
0.0646057
0.198395
0.298828
-0.117035
0.85939
0.491699
0.143112
-0.697159
-0.210052
-0.0324402
-0.0515594
-0.0466003
0.0297394
-0.124268
-0.107697
-0.128174
-0.0130005
0.0751648
-0.0235748
-0.0780334
-0.0905304
-0.0764313
-0.0241699
-0.0201111
-0.0927887
-0.170334
-0.0687408
-0.0198975
0.2733
0.122742
-0.178238
-0.393387
-0.612869
-0.275665
-1.15987
-1.06377
-0.300323
-0.447723

[2]
0.100357
-0.0350037
0.065979
0.104279
0.11116
0.163635
0.222977
0.23735
0.230515
0.22081
0.202667
0.171539
0.208023
0.143127
-0.458664
-0.42485
0.145996
-0.269363
0.94931
0.809326
0.29718
-0.183624
-0.287735
-0.140457
-0.0817566
-0.18959
-0.0832672
0.0146027
-0.0314636
-0.150681
-0.15416
-0.0683441
0.0233002
0.052597
-0.0283356
-0.075592
-0.102264
-0.046875
-0.0242767
-0.086441
-0.0582733
-0.0923615
0.191208
0.215897
-0.0735168
-0.264221
-0.546539
-0.184204
-0.970337
-0.964355

[3]
-0.808182
-0.0802155
0.000854492
0.08638
-0.016861
-0.214371
-0.105453
-0.134338
-0.117859
-0.0749207
0.0177612
0.0426483
0.0250549
0.280899
0.0437012
0.18811
0.0239716
-0.664536
0.403854
0.396469
0.258469
0.635956
0.531693
-0.404083
-0.272659
-0.00985718
-0.0332336
-0.0937653
0.0363617
-0.0190125
-0.0784302
-0.133774
-0.213837
-0.106384
0.0511322
0.0558777
-0.0146484
-0.0611115
-0.0387268
-0.0171661
-0.102371
-0.08284
0.0224762
0.0778656
0.181137
0.231934
-0.0430298
-0.398666
-0.558823
0.0612335

[4]
-0.313049
-0.980545
-0.905838
0.0292969
0.148529
0.14325
-0.00717163
-0.120499
-0.0250092
-0.0181122
0.091629
0.0958099
0.0972748
0.128906
0.175125
0.225311
0.0106201
-0.051239
-0.247665
-0.604782
0.425735
-0.365997
-0.595291
0.691406
0.808228
0.0501099
-0.532318
0.101318
0.0290527
-0.250473
-0.0955505
0.0144348
-0.0601501
-0.232574
-0.170883
-0.0365448
0.0872803
0.0801697
0.048584
-0.0101624
-0.0963135
-0.0999451
-0.0993652
0.042923
0.0891571
0.0380859
0.284622
-0.0856934
-0.376923
-0.71962

[5]
-0.647293
-0.51767
-0.921326
-0.259964
-0.0578766
0.247253
0.210587
0.0105591
-0.108551
-0.123871
0.0174561
0.0828857
0.124374
0.162537
0.128555
0.0728455
0.112076
-0.0594788
0.191849
-0.156555
-0.474655
0.481369
0.259857
1.14603
0.96524
-0.0417328
-0.0877075
-0.176453
-0.0761566
-0.098465
-0.0253601
-0.0436401
-0.0247803
-0.0671539
-0.211777
-0.0771942
-0.0284729
0.0671387
0.060379
0.0429382
-0.0211182
-0.0320435
0.0254059
0.0128326
-0.0593719
-0.0501862
0.0548553
0.0117493
0.0797272
-0.211472

[6]
0.210037
-0.972931
-1.55792
-0.480957
-0.225708
0.186584
-0.00364685
0.126526
0.118393
0.00901794
-0.0200653
-0.00463867
0.0236664
0.0124359
0.0448608
-0.0917053
0.114502
-0.0875854
-0.195541
-1.01366
-0.210983
0.0732574
-0.706375
0.781219
0.727219
-1.28938
0.162735
-0.0374146
0.0167694
0.00753784
-0.0924835
-0.0514374
-0.19194
-0.209946
-0.00654602
0.0404205
0.00756836
-0.0810394
-0.10408
-0.0375977
0.0295868
0.10318
0.147751
-0.0608063
0.0245361
0.130661
-0.122253
-0.197952
-0.502457
0.0345154

[7]
-0.910263
-1.03357
-0.393036
-0.245865
0.0741882
0.0884857
0.0679016
-0.0680542
-0.00297546
0.139465
0.20047
0.173203
0.238678
0.196899
0.270889
-0.0166321
-0.385651
-0.36554
0.147797
-0.222763
-0.214828
-0.221191
1.53682
-0.294998
0.391373
0.0142975
-0.315979
-0.0173187
-0.108032
-0.119751
-0.126038
-0.033432
-0.114212
-0.0653229
-0.0692444
-0.0261536
-0.0912323
-0.00445557
-0.00209045
0.0544281
0.0884857
-0.00584412
-0.0119781
0.159332
-0.0249786
-0.201324
-0.589722
-0.267593
-1.21107
-0.874039

[8]
-0.142868
-0.0206299
0.144638
-0.0718079
0.0951385
0.0383301
0.111191
0.152634
0.179398
0.223282
0.266693
0.135971
0.2229
0.0608978
-0.0682678
-0.678055
-0.245331
-0.0863647
-0.42572
1.28589
0.392395
-0.685852
-0.0392914
0.0792694
-0.174667
-0.195343
-0.094986
-0.0542145
-0.0935211
-0.162567
-0.168167
-0.12326
-0.0847778
-0.0297241
0.0194244
-0.0601807
-0.172302
-0.0199738
0.106262
0.0471649
0.0425262
0.0944366
0.0476227
-0.0376434
-0.324371
-0.760345
-0.257111
-0.819717
-0.621765
-0.425751

[9]
-0.0914154
0.179794
0.12294
0.0489807
0.100586
0.104034
0.124374
0.177811
0.20401
0.200165
0.256119
0.30069
0.107529
-0.213547
-0.562927
-0.392471
-0.24118
-0.711975
0.527328
0.0645905
-0.295792
0.0118561
-0.0346985
-0.252838
-0.0527039
-0.0150452
-0.137253
-0.124939
-0.21846
-0.100479
-0.0951691
-0.0657349
-0.0479279
-0.045105
0.0162811
0.100906
0.156723
0.125916
0.0147858
-0.0951233
0.026001
0.0551453
0.0132446
-0.113998
-0.566177
-0.379288
-1.01596
-0.469513
-0.58493
-0.145828

[10]
0.0792542
0.0678864
-0.0126038
-0.0602112
-0.0605621
-0.0243835
0.00267029
0.0517883
0.161469
0.344513
0.0974274
-0.129883
-0.444916
-0.725601
0.203903
-0.181244
-0.224182
-0.0718994
0.491531
-0.645172
-0.356476
0.24675
-0.370514
-0.181702
-0.0447998
-0.034668
-0.0188904
-0.11705
-0.137527
-0.170364
-0.0836182
-0.0537872
-0.0188293
0.0165405
-0.0740662
0.0259247
0.037323
-0.0339203
0.199066
0.0350037
-0.0898438
-0.490372
-0.413956
-0.576675
-0.746185
-0.779419
-0.407959
-0.0779419
0.0214844
-0.0608826

[11]
-0.0738373
-0.110077
-0.0425415
-0.0312653
0.0454712
0.0505981
0.110596
0.0897217
0.115601
-0.120605
-0.596603
-0.364395
-0.035553
-0.159637
-0.0667114
1.19441
0.694641
-0.966537
0.0512238
-0.0396118
-0.125031
-0.0974731
-0.0198669
0.0278168
-0.0187378
-0.272308
-0.173889
-0.0980988
0.0553894
0.000915527
0.0144958
-0.0239258
0.0233917
0.017334
0.00387573
-0.0954132
0.0124817
0.201157
-0.0308228
-0.129532
-0.546585
-0.121933
-1.06645
-0.64801
-0.164337
-0.441849
-0.128418
0.13504
0.0359039
-0.0626526

[12]
-0.0792999
0.0231018
0.0463715
0.0923767
0.111374
0.0584106
0.155548
0.0457916
0.0818787
-0.393341
-0.406067
0.303955
-0.035141
-0.523422
1.31975
0.461502
-0.0684204
-0.511261
0.208893
-0.349915
-0.112106
0.0541077
-0.0482635
0.0257111
-0.0658264
-0.158234
-0.0496674
0.0375671
-0.0150299
-0.0410461
0.0102386
0.0284729
0.0418243
0.0473328
-0.0285187
-0.0333099
0.127213
0.0960693
0.043396
-0.198074
0.0798187
-1.07994
-1.42197
-0.302856
0.0391083
0.0774841
0.0535583
0.119843
0.0548553
-0.0103455

[13]
-0.0359039
-0.0432587
0.0276337
0.0551453
-0.0753784
0.120255
-0.000762939
-0.12767
-0.789917
-0.495773
0.422882
0.037262
0.380692
0.965836
-0.475418
-0.395874
0.0898895
-0.275009
-0.159851
-0.0037384
-0.00302124
-0.0789948
-0.0116425
-0.187317
-0.111221
-0.0644836
0.0123291
-0.0663452
-0.0558624
-0.071579
-0.0565338
0.0614166
-0.0394897
0.0256958
0.0324097
-0.162949
-0.0644379
-0.311935
0.0257263
-1.03615
-1.57028
-0.368286
-0.0131073
-0.010025
0.0686798
-0.00823975
-0.032547
0.065506
0.124161
0.182465

[14]
0.197296
0.304611
0.272552
0.381134
0.28299
0.00918579
-0.557999
0.0641785
-0.0327454
-0.28746
-0.279907
0.953568
0.599518
-0.102112
0.0647888
-0.177979
-0.244476
-0.0810242
0.0455627
-0.0571594
0.0242004
-0.104126
-0.223709
-0.153336
-0.0868835
-0.0209656
-0.0819855
-0.0749512
0.0605011
0.0636292
0.0719757
0.01091
0.113464
0.0502167
-0.129608
-0.183853
-0.301178
0.0252991
-1.11008
-1.01094
-0.733353
0.0137482
-0.0103607
0.0617828
-0.00648499
-0.0111847
-0.104492
-0.0742035
-0.0407257
-0.00387573

[15]
0.0227966
-0.0239563
0.00726318
-0.133301
-0.0409241
-0.392136
-0.727539
0.180634
-0.243408
-1.0663
0.906311
0.632294
-0.893967
0.0241241
0.000427246
-0.129791
-0.0150452
-0.0614471
-0.0571899
0.095108
-0.247467
-0.115509
-0.0977325
0.0610352
-0.017334
0.0244293
0.0208893
-0.0010376
0.0219116
0.00765991
-0.0755157
0.0778809
0.109039
-0.0420685
-0.118469
-0.440201
-0.0941772
-0.968231
-0.791794
-0.0871887
0.0231628
0.0595398
0.113129
0.140045
0.0561829
0.0684052
0.109879
0.174744
0.202469
0.219711

[16]
0.0163422
0.164505
0.0516052
-0.0776215
-0.425674
-0.128922
0.257416
-0.0151672
0.816299
0.604614
-0.369125
-0.121201
-0.164719
-0.115524
-0.179062
-0.0248566
-0.0193481
-0.0201874
-0.0538483
-0.191544
-0.0776367
-0.0354004
0.04776
-0.0478363
-0.0133972
-0.0467377
-0.00721741
0.0107422
0.0842133
-0.0360107
0.0675964
0.0869141
-0.0603485
-0.0658417
-0.223633
0.173477
-0.816071
-0.935867
-0.621414
-0.474182
-0.0466003
0.0210419
0.0801239
0.0399017
0.00535583
-0.0486603
-0.0403748
0.0196991
0.0400238
0.0800323

[17]
0.171509
0.0149078
0.115616
-0.162216
-0.728836
-0.0310822
-0.0536804
-0.276917
0.900421
0.577637
-0.588562
-0.176117
0.321091
-0.182907
-0.221313
0.0371399
0.0109863
-0.0652466
-0.0787354
-0.177582
-0.081604
-0.039978
0.0235748
-0.00309753
0.0236053
0.0451355
0.0768738
0.0350952
-0.11557
-0.00997925
0.149277
-0.00830078
0.0010376
-0.275345
-0.105865
-1.01857
-0.965378
-0.850357
-0.308044
-0.23259
0.0671234
-0.0176086
-0.102264
-0.188202
-0.173401
-0.127365
-0.0689087
-0.0492401
-0.158279
-0.0101471

[18]
-0.0503235
-0.0407562
-0.564026
-0.315811
0.387405
0.384827
1.35294
0.876907
-0.573517
-0.329605
0.131897
-0.080719
-0.0313721
0.0605469
0.00209045
0.0656128
-0.117249
-0.107346
-0.081955
0.00465393
1.52588e-05
-0.0623016
0.0644531
0.0643005
0.1129
0.110931
0.0303345
0.0693817
0.175583
6.10352e-05
-0.0331879
-0.238647
0.0366364
-0.929108
-1.08945
-0.550339
-0.144424
-0.0319977
0.20195
0.119904
0.0395203
-0.0663605
-0.0284882
0.0210266
0.0314331
0.05513
-0.0462036
0.0564575
-0.0436249
0.030899

[19]
-0.678711
-0.0959167
0.38623
0.439545
1.8606
0.989166
-0.475586
-0.470596
0.141464
-0.127365
-0.0732422
0.0845184
0.0508728
0.021698
-0.0572815
-0.291672
-0.0676575
0.024231
0.0919189
-0.0265503
0.00221252
-0.0154419
0.00914001
0.149734
0.0710144
0.136154
0.12262
-0.0922699
-0.183151
-0.471893
-0.341492
-1.31181
-0.53537
-0.381241
-0.0583344
0.178268
0.0506134
0.144379
0.00306702
-0.0412445
0.00758362
0.0544586
0.0768433
0.046936
0.134216
0.00762939
-0.114929
-0.310104
-0.627457
0.255219

[20]
-0.168488
-0.765625
1.04776
0.551056
-0.528732
-0.260757
0.00616455
-0.0899048
-0.0878143
0.0500183
-0.0874634
-0.146301
-0.12619
-0.171997
-0.0333099
0.0243225
-0.0243073
-0.101517
-0.0834808
-0.076767
-0.01091
0.134048
0.0983887
0.200668
-0.0087738
-0.220337
-0.380371
-0.344116
-0.20018
-0.778091
-0.579315
-0.144043
0.207291
0.142471
0.0799408
0.105865
-0.0213013
0.0158691
0.102097
0.145264
0.161072
0.227264
0.176315
0.140015
0.078476
0.0451965
-0.385742
0.113312
-0.0088501
0.48439

[21]
0.728073
0.0739136
-0.462112
-0.100937
-0.0401306
-0.0799561
-0.0910187
-0.034729
-0.0186615
-0.0472565
-0.175919
-0.118973
-0.0316772
0.0276489
-0.0113831
-0.0467377
-0.0704041
-0.0547791
-0.00654602
0.0399628
-0.0372925
0.039917
0.161804
-0.00306702
-0.123886
-0.449875
-0.203949
-0.28006
-0.752945
-0.694946
-0.483292
-0.070343
0.199142
0.0800629
0.0631714
-0.0341492
0.0775604
0.109589
0.115952
0.101074
0.194702
0.261581
0.134293
-0.137039
-0.499191
-0.822052
0.145798
0.0665131
-1.57336
0.949478

