[1]
0.147995
-0.278351
-0.230011
-0.196152
-0.139297
-0.0718689
0.151566
0.553909
1.01183
1.01099
1.01929
0.751877
0.43718
0.139587
0.667969
-0.564728
0.676727
0.546082
0.316208
0.433426
0.0176239
0.0885773
0.0239716
0.0161133
0.0640717
-0.0431366
-0.0170135
-0.00346375
0.01091
0.0753632
0.069046
0.0894165
0.0801392
0.100952
0.156036
0.157043
0.163132
0.136978
0.281677
0.351883
0.491272
0.562943
0.922058
1.13666
1.16553
1.19571
0.986954
0.85849
0.353546
-0.487366

[2]
-0.0579834
-0.461716
-0.573792
-0.60614
-0.502945
-0.51384
-0.470825
-0.404617
-0.308151
-0.106842
0.324188
0.689774
1.0502
1.09303
1.13554
0.878662
0.679413
0.818695
-0.236465
0.968903
0.695221
0.434494
0.586502
-0.00605774
0.178314
-0.0546722
0.0315399
0.0343933
-0.0664978
-0.00389099
-0.0813141
-0.0348511
-0.00265503
0.0220184
0.0174713
0.011795
0.0191345
0.0411987
0.114624
0.118744
0.149734
0.351486
0.456406
0.565384
0.755753
1.06448
1.0849
1.10573
0.892731
0.993362

[3]
0.00105286
0.703217
-0.180466
-0.387283
-0.739594
-0.606979
-0.877884
-0.68808
-0.668304
-0.555115
-0.414261
-0.247101
0.136124
0.635712
1.08467
1.13771
1.18745
1.15468
0.705261
1.06065
0.203156
0.653381
0.647034
0.524399
0.591248
0.0349884
0.225464
-0.0420837
0.0656586
0.0571442
-0.00779724
-0.0650635
-0.0509033
-0.0499725
0.0065155
0.0292053
0.00314331
-0.0205841
0.0403442
0.0589294
0.120926
0.115402
0.176254
0.359375
0.436722
0.528824
0.688141
1.06136
1.07939
1.09958

[4]
0.791473
1.07855
-0.123749
0.154541
0.0914459
-0.602066
-0.71228
-0.633453
-0.783585
-0.606339
-0.520752
-0.418823
-0.296722
-0.114853
0.210098
0.966293
1.09233
1.15012
1.20401
1.02988
0.669418
1.22023
-0.22049
0.41217
1.15833
0.383514
0.639587
0.289688
0.21991
-0.0218811
0.0378113
0.0712128
-0.0593414
-0.0541534
-0.0392609
-0.0608368
0.0138092
0.0618286
0.0421295
0.0461273
0.0331116
0.043045
0.168808
0.19104
0.230209
0.388489
0.51358
0.660736
1.03932
1.05687

[5]
1.07738
1.10298
0.815231
0.418213
0.217316
-0.233902
-0.679062
-0.560318
-0.852448
-0.672852
-0.649902
-0.567719
-0.485016
-0.367157
-0.146347
0.259674
0.905411
1.16241
1.23392
1.29114
0.955978
0.757263
1.21049
0.347672
1.11333
0.794495
0.348236
0.321503
0.229431
0.0497131
0.0547485
0.0446167
0.0523529
0.0210266
-0.011261
-0.0352783
0.0372925
0.0112915
0.0210114
0.0335999
0.0245819
0.00112915
0.0296631
0.147385
0.342316
0.437531
0.521744
0.663925
1.0511
1.06342

[6]
1.07645
1.10068
0.855698
-0.195251
-0.00669861
-0.0905914
-0.422195
-0.641571
-0.773209
-0.630112
-0.558624
-0.473633
-0.387497
-0.230087
0.0206451
0.534485
1.12531
1.19717
1.26709
1.17136
0.696121
1.3138
0.648972
0.443832
1.18031
0.288971
0.646317
0.211212
0.312042
0.0710907
-0.0125122
0.013504
0.0454559
-0.0766449
0.0106812
0.0587616
0.0209961
0.0134583
0.0181274
0.0463562
0.210541
0.185577
0.207123
0.391815
0.515503
0.575653
0.829803
1.03546
1.04852
1.06508

[7]
1.09085
0.258026
0.574722
-0.0742035
-0.562622
-0.657654
-0.696457
-0.605423
-0.449326
-0.336899
-0.233902
-0.0794067
0.166519
0.65033
1.15446
1.23486
1.31036
1.18373
0.552811
0.681107
0.76326
0.5336
0.47641
1.18408
0.427261
0.0825043
0.218079
0.0735168
0.08638
0.00628662
-0.00508118
-0.00889587
-0.0137787
0.0302429
0.0626831
0.0540161
0.0298615
0.0280304
0.0970459
0.210571
0.240143
0.348328
0.479614
0.564423
0.745422
1.0258
1.03607
1.0491
1.07178
0.394119

[8]
0.581497
-0.314545
-0.323273
-0.745697
-0.708054
-0.689896
-0.514999
-0.446045
-0.336685
-0.147018
0.171555
0.793182
1.17503
1.25677
1.33095
1.16351
0.76236
0.979492
0.815216
0.760513
0.869797
0.595871
0.682205
0.366409
0.280609
0.0310822
0.0489655
0.0541534
0.0326233
-0.00816345
-0.0127563
0.00492859
0.0306396
0.0388336
0.0136566
0.000213623
0.0547791
0.171768
0.18898
0.337646
0.431351
0.555374
0.66893
0.890152
1.0274
1.03709
1.0479
0.947159
0.358505
-0.279053

[9]
0.324677
-0.69873
-0.696594
-0.65097
-0.656876
-0.563278
-0.506302
-0.365982
-0.210388
0.0854187
0.548325
1.16766
1.24794
1.32693
1.38493
0.673553
0.774673
0.773636
1.29694
0.94725
0.924591
0.21907
0.314651
0.219742
0.117371
0.113739
0.109451
0.00694275
0.0085907
-0.060379
0.00224304
0.0158539
0.00982666
0.0167084
0.0267029
0.0672302
0.171402
0.163101
0.304901
0.463913
0.551788
0.667831
0.94455
1.02534
1.03438
1.04257
0.992874
0.26474
-0.434769
0.218338

[10]
-0.802917
-0.701004
-0.719086
-0.685043
-0.547577
-0.471878
-0.306564
-0.0966949
0.323059
1.10889
1.24965
1.33905
1.41304
1.00154
0.713318
0.838516
0.495117
0.367889
1.28217
0.742691
1.06061
0.217743
0.138611
0.0392151
0.137756
0.106995
0.0340271
0.00848389
-0.00695801
-0.0109863
0.0109863
0.0338898
-0.00308228
0.0476074
0.118744
0.191498
0.315979
0.459442
0.559052
0.695312
1.01596
1.02359
1.03358
1.05119
0.487732
0.0856323
-1.22899
0.144928
-0.697586
-0.603928

[11]
-0.677643
-0.570282
-0.492447
-0.402481
-0.230408
0.028183
0.453262
1.17883
1.26573
1.35291
1.42041
1.02783
1.16164
0.911102
0.81694
0.546127
0.848709
0.26825
0.925903
0.168503
0.263412
0.0684052
0.0637207
0.0748901
0.0281982
-0.00195312
-0.0597839
0.0280914
0.0524902
0.056427
0.078064
0.0550842
0.15831
0.138138
0.194244
0.318848
0.461502
0.613434
0.746506
1.02115
1.02946
1.04109
1.06323
0.35762
0.655914
-0.784134
-0.109253
-0.720337
-0.735001
-0.723648

[12]
-0.583221
-0.502014
-0.407516
-0.257675
-0.00276184
0.411789
1.0957
1.22644
1.30505
1.3662
0.883347
1.12106
0.952286
0.510818
0.431839
0.956421
0.550156
0.649033
0.349762
0.191559
0.000717163
0.115662
0.0636597
0.0080719
0.0472565
0.004776
0.0336914
0.0791473
0.0547028
0.0466003
0.0440216
0.0737305
0.157837
0.2052
0.323059
0.40918
0.542618
0.713104
1.03699
1.04677
1.06078
1.08467
0.459702
0.0862885
0.203751
-0.435959
-0.721542
-0.668335
-0.716217
-0.587952

[13]
-0.51062
-0.453537
-0.279633
-0.0346222
0.435104
1.01338
1.21414
1.2905
1.34735
0.967133
1.09683
0.847641
0.631897
0.619781
1.01967
0.473312
0.315018
0.177902
0.137726
0.0306854
0.0523071
0.0174866
-0.00691223
-0.04245
0.0324097
0.0514832
0.0467834
-0.0118561
-0.00506592
0.159134
0.219727
0.224274
0.385391
0.494125
0.595871
0.848129
1.0327
1.04585
1.06342
0.954285
0.230606
0.360733
-0.360703
-0.432724
-0.668701
-0.679092
-0.668182
-0.467834
-0.40567
-0.278397

[14]
-0.0431824
0.272736
0.973969
1.06544
1.24458
1.31815
1.18976
0.760178
0.948181
0.851349
0.195709
0.604065
1.21083
0.485336
1.1011
-0.180389
0.170761
0.0538635
0.1091
0.0745544
0.0184174
0.0242615
-0.0195618
-0.0524139
0.00117493
-0.0144958
-0.0422363
0.027298
0.166046
0.197418
0.30043
0.43544
0.494843
0.595413
0.81488
1.03543
1.04698
1.06125
1.08435
0.158508
0.305054
-0.0754852
-0.448318
-0.73996
-0.596436
-0.798431
-0.586365
-0.554306
-0.471878
-0.352615

[15]
-0.123749
0.315659
1.02521
1.18884
1.26288
1.32108
0.703156
0.811111
1.32584
0.411728
0.366379
1.21121
0.49884
0.530212
0.209518
0.124252
0.0480194
0.0634308
0.0471344
0.0725555
-0.0113068
-0.0233002
0.0279083
0.0648499
0.0642395
0.0355682
0.0774994
0.151733
0.218872
0.249786
0.338425
0.467026
0.597549
0.790024
1.02971
1.03906
1.04503
1.06548
0.233337
0.330307
-0.0655823
-0.633667
-0.723969
-0.718491
-0.734604
-0.593765
-0.476486
-0.367981
-0.208359
0.0789185

[16]
0.583282
1.12486
1.24071
1.31625
1.36852
0.798203
1.04272
1.07249
1.01881
0.652069
0.959549
0.496704
0.10434
0.25856
0.0643768
0.0826721
0.0620117
0.042099
0.0285339
0.00970459
0.00187683
0.0289001
0.0514526
0.0400696
-0.00534058
-0.0171814
0.109207
0.155411
0.224548
0.374344
0.477524
0.501312
0.644333
1.02658
1.035
1.04588
1.06508
0.443604
0.0698395
-0.51358
0.382645
-0.713882
-0.621277
-0.657455
-0.658981
-0.498505
-0.411163
-0.260101
-0.0362396
0.329376

[17]
1.09973
1.23532
1.31702
1.3826
0.883484
0.745773
0.83696
0.694107
0.297333
0.878296
0.596939
1.10278
0.00280762
0.343033
0.0769501
0.137314
0.0741272
0.0389099
0.0361176
-0.0339813
-0.0217438
0.0192566
0.037384
0.0277557
0.0229645
0.12558
0.177643
0.156372
0.361038
0.476395
0.594025
0.78125
1.02481
1.03348
1.04546
1.00818
0.282455
0.443344
-0.704407
-0.219208
-0.776917
-0.609238
-0.756058
-0.607285
-0.545578
-0.410492
-0.248154
0.0273132
0.5979
1.17119

[18]
1.25232
1.32922
1.07254
0.920837
0.947083
0.936508
1.29568
1.15756
0.681976
0.557785
0.052887
0.348526
0.0793304
0.0826416
0.0721741
0.057663
0.0518341
-0.0482788
0.0038147
0.0323944
0.037796
0.0646515
0.043335
0.132675
0.21611
0.230255
0.353699
0.522018
0.614685
0.743744
1.0361
1.04686
1.06122
1.08455
0.429092
0.295746
-0.433899
-0.39447
-0.837463
-0.629395
-0.729431
-0.53096
-0.474487
-0.346344
-0.196686
0.0888672
0.613266
1.14986
1.22946
1.30629

[19]
1.27751
0.752716
1.04321
0.895065
0.842804
0.986557
0.794342
0.63736
0.0239868
0.407837
0.0800171
0.0463562
0.0834808
0.0463867
0.045166
-0.0381012
-0.0088501
0.0537872
0.0578461
0.00511169
0.0227356
0.156342
0.276718
0.308472
0.436234
0.57373
0.647903
0.868637
1.03259
1.0434
1.0601
1.0849
-0.0285339
-0.321823
0.315399
-0.785828
-0.650208
-0.769669
-0.656799
-0.487839
-0.4039
-0.25621
-0.075882
0.272293
0.890259
1.22989
1.3134
1.37854
0.886383
0.880844

[20]
1.37416
0.32692
0.54422
1.05394
0.298111
0.848373
0.154739
0.315018
0.0411072
0.0407104
0.0565491
-0.00614929
-0.00923157
-0.0210114
-0.000900269
0.0829926
0.046524
0.0462341
0.0651703
0.133057
0.137939
0.36824
0.515671
0.557343
0.649597
0.895096
1.0282
1.0388
1.04568
0.986359
-0.257095
-0.120132
0.231766
-0.761597
-0.728912
-0.808456
-0.714233
-0.553085
-0.447327
-0.308289
-0.0888062
0.179962
0.834106
1.21976
1.30125
1.36995
0.943909
0.574234
1.36624
0.655746

[21]
0.490616
1.17339
0.527298
0.0702667
0.300598
0.150848
0.082428
0.0632019
0.0426941
0.0314636
-0.0428467
-0.0367432
0.046814
0.0175934
-0.0269012
-0.0227356
0.0467834
0.101608
0.214981
0.210983
0.370605
0.443756
0.559204
0.686279
0.965439
1.03084
1.04111
1.0576
0.50502
0.122513
-0.615601
0.373856
-1.0085
-0.727722
-0.711151
-0.583786
-0.469772
-0.352097
-0.145157
0.149002
0.455032
0.885223
1.21675
1.29326
1.36615
1.06593
0.682541
0.981857
0.454666
1.09152

