[1]
0.025116
0.082962
-0.0432129
-0.00708008
0.00747681
0.0891418
0.0611115
0.193848
0.0750122
-0.308777
-0.459717
-0.980011
-0.337662
-0.902954
-0.824081
-0.109482
0.173508
0.36879
-0.0848999
-0.192703
-0.0770416
-0.172791
-0.129745
-0.0714874
-0.0168152
0.015686
-0.0355377
0.199539
0.309677
0.0692444
0.0432892
0.0403442
-0.108887
0.569824
0.7939
0.576141
-0.299271
1.19983
0.115753
0.393951
-0.113464
-0.423676
-0.224228
0.0947266
0.198074
0.191895
0.138336
-0.120499
-0.205765
0.00326538

[2]
0.10704
0.107529
-0.0903778
-0.0261993
0.107254
0.059082
-0.0220795
0.0143585
0.115326
-0.0177307
-0.0626831
0.00663757
-0.0042572
-0.184341
-0.488663
-0.60611
0.364212
-0.545486
-0.653671
-0.410385
-0.272964
-0.125412
0.0954132
-0.257263
-0.0167084
-0.0892181
-0.0564117
0.00212097
0.0103302
-0.00700378
0.0527954
0.0661621
0.088501
0.104584
0.0121613
0.278
-0.156738
0.253967
0.698181
-0.287704
0.220703
0.945587
0.040741
0.352325
-0.423935
-0.140244
-0.065033
0.0771637
0.0721893
0.0484161

[3]
0.0619507
-0.0421143
-0.109329
0.00430298
0.0631866
0.0384064
-0.072403
-0.0516815
0.0335846
0.0380096
0.0661621
0.0160217
-0.100418
-0.0783081
0.111679
0.050766
-0.0549622
-0.158386
-0.778976
-0.211685
-0.246399
-0.811661
-0.670273
-0.175369
-0.784958
-0.0715637
-0.0128174
0.0385742
-0.00878906
-0.01651
-0.0726624
-0.0874786
-0.0970154
-0.0791626
-0.0810394
-0.0739441
0.062851
-0.145737
-0.276108
-0.367233
0.21965
0.793808
0.000427246
0.648422
0.890244
-0.096817
0.04245
-0.906235
-0.00909424
0.0461884

[4]
0.172348
0.315948
-0.0296478
-0.162155
-0.188507
0.0334625
0.224854
0.0817261
-0.0627441
0.00938416
0.0116577
0.0241241
0.0589142
-0.039978
0.0483398
-0.00404358
-0.0307007
0.0769043
0.14978
-0.112137
-0.509384
-0.799408
-0.14476
-0.760117
-0.679657
-0.102264
-0.0755768
0.117752
0.119553
-0.227325
-0.0407867
-0.129898
-0.0502319
0.025177
0.0631561
0.0862274
-0.0166626
0.0573578
0.110672
-0.10936
0.0407257
-0.306885
0.0933075
0.516907
-0.252701
0.0439758
1.06146
-0.192627
0.227417
-0.64183

[5]
-0.0762177
-0.0993042
0.0115509
0.074707
0.0610962
0.00683594
-0.185287
0.0191193
0.089325
0.0850677
-0.0521393
-0.0327454
-0.0375977
0.0497437
0.0860291
0.0236664
0.033493
-0.062439
-0.00866699
0.212936
-0.00567627
-0.366623
-1.05438
-0.0955505
-0.626099
-0.661285
-0.411514
0.029953
-0.0127258
-0.107056
0.000289917
-0.0101929
-0.0651703
-0.0697632
0.0186005
0.0544281
0.0685883
0.0728302
0.0110321
0.0906219
0.00108337
-0.0564728
-0.0462036
-0.291565
0.873367
0.322144
-0.931625
1.26852
0.0502472
0.353912

[6]
-0.43866
0.0422668
-0.116135
-0.00526428
0.0983582
0.100784
0.0193939
-0.291016
-0.105347
0.041626
0.101547
0.0120239
0.0309906
0.0689545
0.106583
0.00105286
0.0700684
0.0822144
-0.0842896
-0.112839
0.148651
0.192642
0.00308228
-0.440521
-0.711411
0.195908
-0.555954
-0.762192
-0.431091
-0.405869
0.116043
-0.00672913
0.0435486
-0.0220184
-0.020874
-0.00117493
-0.00218201
-0.0150452
-0.00190735
-0.0197601
-0.00450134
0.0250092
-0.0042572
-0.106934
-0.413101
-0.107254
0.801697
0.176575
-0.0574799
1.17912

[7]
-0.0331421
0.334915
-0.531464
0.0444946
-0.0935059
0.00498962
0.128952
0.0442047
0.0065155
-0.227386
-0.0785675
0.085144
0.162857
0.0342712
0.04422
0.0394897
0.0233459
0.0366211
0.0396729
0.0160828
0.0626831
-0.0191803
0.108612
0.213547
-0.0120239
-0.455338
-0.850037
0.216278
-0.635803
-1.04861
-0.304108
-0.202591
-0.188477
-0.0401001
-0.159058
-0.0500641
-0.113541
-0.112366
-0.0439606
-0.0472565
-0.0249939
-0.000534058
0.0555267
0.0445251
-0.00196838
-0.0868073
-0.0490723
-0.891876
0.0225983
0.740646

[8]
0.501358
0.44075
1.0031
-0.368103
0.15593
-0.756714
-0.154617
-0.0506744
0.106827
0.124634
0.115067
0.0590973
-0.117371
-0.165329
-0.0506134
0.00445557
0.00801086
-0.0269318
0.0345001
0.0426178
-0.0411987
-0.0203552
0.183853
0.0779266
-0.039505
0.0314789
0.0389709
-0.126419
-0.350037
-0.734985
0.10556
-0.576721
-1.0428
-0.907471
-0.478867
-0.318878
0.0457916
-0.048996
0.0374756
0.00704956
-0.0129852
-0.0327759
-0.0236053
-0.00245667
0.028244
0.00288391
0.0429535
0.17038
-0.0614929
-0.223724

[9]
-0.545349
0.485901
0.770752
-0.482254
1.07405
0.790955
-0.0888214
-0.0404968
-0.280441
0.169113
-0.00297546
0.133148
0.0351868
0.0189209
-0.198837
-0.117752
0.00468445
0.131836
0.0359344
0.05867
0.0829926
0.0848999
0.0611877
0.098938
0.105728
0.0137482
-0.182846
0.000701904
0.273193
0.1026
-0.374023
-0.831177
0.00169373
-0.476334
-0.916397
-0.741135
-0.421768
-0.189438
0.0151672
0.0362549
0.0523529
0.043869
0.0301971
-0.0253601
-0.0492401
-0.013916
-0.0387878
-0.0085907
0.0682983
0.134537

[10]
0.00325012
0.0704498
-0.345428
0.642563
0.313599
-0.842819
0.812195
0.739944
0.0437469
0.242981
-0.273209
-0.100189
-0.0841522
0.0489807
0.14389
0.071579
-0.092041
-0.162415
-0.0147247
0.13414
0.150131
0.0669403
0.0590057
0.0601196
-0.0220184
-0.0397797
-0.0371704
0.047287
0.0318756
0.179825
0.13504
-0.113358
-0.614487
-0.891861
-0.0529785
-0.748932
-0.830475
0.0262756
-0.328873
0.17865
-0.0362549
-0.0220642
-0.0180817
-0.0358887
-0.0678864
-0.0450134
-0.00228882
0.00413513
0.0215607
0.0254517

[11]
0.102478
0.0814667
0.0249329
0.0236511
0.457932
1.0536
0.361649
-0.734131
1.22644
0.0995026
0.516205
-0.00186157
-0.420197
0.109558
0.0454559
0.0146484
0.12088
-0.0259552
-0.181717
-0.168991
-0.0474854
0.104156
0.117264
0.0336456
-0.00976562
0.0496826
0.0951843
-0.0590668
0.0786743
0.0447693
0.0124359
0.0951843
0.144424
-0.134537
-0.48764
-1.20122
0.0486908
-0.795792
-0.867371
0.0164185
0.0972443
0.212921
-0.00634766
-0.0952606
-0.192398
-0.24025
-0.104889
0.0131378
0.11792
0.0520935

[12]
0.0683594
0.0704346
0.0848694
0.0539703
0.303619
0.0321655
-0.28125
0.799545
0.349075
-0.346817
1.23975
-0.238571
0.125183
-0.56575
0.0883331
-0.0147247
0.0811005
0.20723
0.036972
-0.161392
-0.212677
-0.0566864
0.0969238
0.134293
0.0678864
0.0926819
0.0870667
0.03479
-0.00605774
-0.0671997
-0.0508728
-0.150986
-0.0155792
0.198425
0.0775909
-0.174866
-0.940735
-0.330826
-0.275238
-0.720718
-0.719818
-0.143707
-0.547516
0.175812
-0.0233307
-0.0489349
-0.0231323
-0.0693817
-0.094223
-0.0751648

[13]
-0.0522919
0.00363159
0.0108948
-0.047226
0.0801392
-0.056778
-0.0221405
-0.588699
0.435318
0.374863
0.0817719
-0.15596
1.02335
-0.0801697
0.359451
-0.486649
-0.143539
0.142105
-0.000473022
0.104141
0.0217743
0.0115051
-0.291718
-0.119537
0.0640869
0.0417023
0.0174713
0.0700531
0.129105
0.14328
0.121475
-0.0160675
0.00822449
-0.183823
-0.033493
0.146606
0.00892639
-0.286682
-0.522751
-0.740845
-0.0372162
-0.566071
-0.678574
0.0878448
-0.218201
0.169342
0.00473022
-0.172821
-0.0488892
-0.145538

[14]
-0.176926
-0.0678864
-0.0688934
-0.0983582
-0.0648346
-0.0998688
-0.0664978
-0.141174
-0.161835
-0.227158
0.24733
1.30289
0.908066
-0.643448
1.58014
-0.175674
0.426239
-0.505585
-0.0875244
-0.0415039
0.111603
0.311722
0.0537262
-0.0548859
-0.226776
-0.14267
0.0670319
0.163361
0.0453339
-0.00494385
0.0585785
0.0486908
0.0675659
-0.0476379
0.0533447
-0.0148468
-0.0243683
0.122238
0.220978
-0.106857
-0.621613
-0.879074
-0.496017
-0.781876
-0.632034
-0.290298
-0.0834198
0.102173
0.101547
-0.0927887

[15]
-0.0556183
-0.018692
0.0324249
0.0442505
0.0847778
0.140808
0.0720978
0.119873
0.174179
0.122009
0.295471
-0.142166
-0.155334
0.523758
-0.165283
-0.291565
0.949799
-0.43277
0.0725861
-0.225372
0.284943
-0.141342
-0.0532684
-0.0184174
0.0439758
-0.164139
-0.169449
-0.0584869
0.00944519
0.00701904
-0.0299988
0.068573
0.0992584
-0.02388
-0.0547028
0.0491791
0.0366669
-0.0388641
-0.0546112
0.0731659
0.0841064
-0.0960693
-0.609482
-0.478058
-0.144608
-0.808685
-0.86879
-0.24379
-0.623276
-0.0107727

[16]
-0.0368805
-0.0530243
-0.0272522
-0.0291901
-0.049469
-0.0639648
-0.0498352
0.00987244
-0.0705414
0.0523224
0.244507
0.110413
0.0285492
-0.587204
-0.203323
0.614151
-0.215759
0.509384
0.799072
-0.263718
0.142502
-0.544464
0.149033
-0.113907
-0.000671387
0.146088
0.0261383
-0.0935822
-0.152542
-0.0269012
0.110947
0.120682
-0.00111389
0.015564
0.0291443
0.0920258
0.0899811
0.0791473
-0.0306854
-0.0813599
-0.0227051
0.0784454
0.132431
0.0404358
-0.854828
-0.441223
-0.211975
-0.779724
-0.644562
-0.0567932

[17]
-0.566101
-7.62939e-05
-0.00994873
0.0433655
0.0299683
-0.0299225
-0.04599
-0.00134277
-0.00732422
-0.000167847
0.00802612
0.0735321
0.140274
-0.0630341
-0.0484467
0.0290833
0.946533
0.34462
-1.01956
1.23479
0.478378
-0.00843811
-0.0323486
-0.0771332
0.157379
-0.182709
-0.00497437
0.103317
0.163391
-0.0460663
-0.208237
-0.121719
0.0636292
0.152725
0.0766754
0.0159302
0.0501862
0.103409
-0.0215759
-0.0323792
-0.0115814
-0.0574036
0.160873
0.288376
0.0401764
-0.219391
-0.849152
-0.462555
-0.20639
-0.622406

[18]
-0.895645
-0.0281982
-0.60199
0.129883
0.0601044
-0.105057
-0.120834
-0.0692291
-0.068512
-0.0610199
-0.0804138
-0.0158997
-0.0336761
-0.065918
-0.0247345
-0.0934143
-0.019104
-0.563156
-0.212784
0.609756
0.644806
-0.317322
1.16902
0.0713348
0.259766
-0.583176
-0.102036
0.0103912
0.0809326
0.137939
0.0519104
0.125137
-0.12001
-0.0317993
0.0855408
0.122482
0.0684357
0.0348053
0.0289459
-0.0315247
-0.00128174
0.0736389
0.13765
-0.0389099
0.0649719
0.127975
-0.0138245
-0.509552
-0.48201
-0.106018

[19]
-0.738464
-1.34329
-0.163773
-0.408569
0.148834
-0.029953
-0.0195465
-0.023468
-0.0188751
0.0128174
0.0136871
-0.00946045
0.0375214
0.0750732
0.18985
0.305649
0.15831
0.231735
0.235825
0.33522
0.500687
-0.404922
0.0349121
0.968658
-0.144226
0.04216
-0.283356
0.222992
-0.200256
-0.0368652
0.0784454
0.0973969
-0.160599
-0.22316
-0.109512
0.00689697
0.0943604
0.0385437
0.0616455
0.00137329
-0.0212097
-0.0675964
0.0479279
-0.0241699
-0.0610809
0.0314026
0.00299072
-0.138947
-0.377594
-0.792633

[20]
0.151703
-0.792419
-0.925781
-0.379593
-0.372375
0.0152588
0.0653992
-0.0344391
-0.104523
-0.105545
-0.125168
-0.0946655
-0.0781555
-0.0497437
0.0277405
0.0670624
0.204056
0.0288849
0.10437
-0.157074
-0.0662231
0.635712
0.0406342
-0.521835
1.02937
0.324234
0.155579
-0.450516
-0.0967102
-0.0271301
-0.119171
0.119537
0.106964
0.0820465
-0.201767
-0.133621
-0.0330658
0.127151
0.0307007
0.0355988
0.12175
0.0238495
-0.0378265
0.116714
0.0435028
-0.0518188
0.059433
0.065506
-0.0332642
-0.448257

[21]
-0.72261
-0.0878143
-0.507156
-0.65152
-0.535202
-1.00497
-0.192703
0.0414734
0.0494843
0.0278625
-0.0440826
-0.0661163
0.00195312
0.0254211
-0.0537109
-0.0682831
0.0487976
-0.0661621
-0.343002
-0.394806
-0.290405
0.417007
0.151459
0.217377
0.572449
0.73671
-0.231796
-0.167847
-0.33194
0.0380402
-0.265305
0.137939
0.121658
0.00439453
-0.036911
-0.196716
-0.166885
0.048645
0.159531
0.0529022
-0.0210419
-0.0316467
0.0105743
-0.0075531
0.0747375
0.0158081
-0.025238
0.0190582
0.0116272
-0.143845

[22]
-0.372421
-0.699982
0.14444
-0.631989
-0.960449
-0.193512
-0.572266
0.0631714
0.0130157
0.0300598
0.0472565
-0.0117035
-0.0188599
-0.0846252
0.0343018
0.0369263
0.138016
0.300659
0.387589
-0.000335693
-0.128677
-0.365829
-0.239609
0.71521
0.280441
-0.649933
0.981567
0.522568
-0.166901
-0.237061
0.0240936
-0.0215302
-0.050827
0.169876
0.141724
0.0454407
-0.135757
-0.188904
-0.0581055
0.0738678
0.160873
0.02034
0.0325928
-0.0308838
-0.00886536
-0.0402374
-0.0586548
-0.0231628
0.0359497
0.153076

