[1]
-0.155334
-1.39139
0.978119
0.406509
0.687531
0.114929
-0.203079
-0.0995178
0.0235443
0.00242615
0.046051
0.0424042
0.14566
-0.0648804
0.0206451
0.0760498
0.138535
0.0534668
0.00517273
0.052063
0.133636
0.198151
0.1763
0.19339
-0.113266
-0.0299988
0.105942
0.0904083
-0.0416718
-0.224335
-0.748779
-0.353012
-0.171844
-0.581314
-0.8573
-0.0904846
-0.496918
-0.111969
-0.0592957
-0.0983887
-0.0954437
-0.112366
-0.123459
-0.128738
-0.062027
-0.0426483
-0.0637207
0.122314
0.315918
0.208527

[2]
0.24115
0.400681
0.588547
1.20985
0.823074
-0.714417
0.869049
0.311111
0.23439
-0.153305
-0.244263
0.213348
0.0827179
0.0526581
0.136063
0.120895
-0.105209
-0.126205
0.00325012
0.112885
0.132721
0.0966492
0.0783234
0.0794373
0.0929108
0.107315
0.0827789
0.0478668
0.0281525
0.0298157
0.0477295
-0.0436401
-0.0529785
-0.481857
-0.68187
0.286148
-0.775314
-1.10751
-0.639099
-0.379868
-0.224518
-0.224136
-0.0981903
-0.110291
-0.0810242
-0.0961609
-0.136459
-0.121048
-0.0358734
0.0271912

[3]
0.0431671
0.193832
0.306152
0.177094
0.18335
0.259338
1.05672
0.485443
0.151611
-0.401581
1.3988
-0.0947876
0.378143
-0.325455
0.105011
0.0305939
-0.0353699
0.0300598
0.0394897
0.10759
-0.0493469
0.0489502
0.0811768
0.098587
0.0768433
0.0664673
0.107056
0.081131
0.0254364
0.122528
0.0702362
-0.0131073
0.00949097
0.0931854
-0.0397797
-0.104233
-0.439529
-1.01086
0.154617
-0.641891
-0.955261
-0.469177
-0.556686
-0.300613
-0.145676
-0.0221252
-0.0329895
-0.0451202
-0.0681
-0.0507507

[4]
-0.0072937
0.0598145
0.144348
0.128937
0.423309
0.431458
0.13353
0.161118
0.209457
0.916077
0.802109
-0.517166
0.96994
0.542786
0.136414
-0.318497
-0.073349
0.195541
0.0138397
0.0744476
0.115356
-0.00486755
-0.119537
-0.026474
0.0649261
0.0947876
0.0292053
0.0856323
0.0981445
0.0766144
0.0300293
0.122986
0.0471039
0.121796
0.0327606
0.0601044
0.128525
-0.173416
-0.298035
-0.818329
-0.602524
-0.5345
-0.640457
-0.853851
-0.253387
-0.426468
-0.152267
-0.0711975
-0.0953979
-0.130569

[5]
-0.132492
-0.149582
-0.0876007
-0.0351562
-0.0136261
-0.0126648
0.0660553
0.204224
0.089447
0.195145
0.258896
1.08788
1.63818
0.346954
0.847076
0.699921
0.140732
-0.268814
-0.0619659
0.131104
0.0832825
0.125015
0.108124
-0.0168457
0.00947571
-0.0870056
0.0715179
0.12915
0.0349731
-0.018631
0.0673218
0.108749
0.0730133
0.00038147
0.138031
0.145508
0.0496521
0.0726166
0.105606
-0.183624
-0.303497
-1.04463
-0.737747
-0.443069
-0.634583
-0.889099
-0.574066
-0.355911
0.000976562
-0.122284

[6]
-0.141449
-0.143433
-0.136642
-0.0731659
-0.013382
0.0810242
0.0934448
0.147507
0.240997
0.418472
0.301849
0.237747
0.258438
0.966614
1.27794
0.318863
-0.18074
1.14079
-0.0916443
0.301422
-0.352295
0.132126
0.0552368
0.0404816
0.112427
0.0062561
0.135849
-0.0574188
-0.0591125
0.0776672
0.0922394
0.0577087
0.0461273
0.0732422
0.07341
0.0678406
0.0657959
0.0167236
-0.0144958
0.00758362
0.0696869
-0.0361938
-0.175323
-0.411545
-1.17598
-0.0631561
-0.513153
-0.571182
-0.56279
-0.265732

[7]
-0.205154
-0.185699
0.0096283
-0.115738
-0.114304
-0.101013
0.00436401
-0.0154266
0.0288544
0.0894775
0.1008
0.445786
0.369873
0.162628
0.288315
0.283096
0.925308
1.21605
-0.052948
0.0945282
1.06924
-0.0388031
0.26088
-0.350357
0.0658875
0.0522766
0.0347595
0.115616
0.067627
0.0240784
-0.105591
-0.0164642
0.0900116
0.0957794
0.0267792
0.0688171
0.0648193
0.0724182
0.0779266
0.110077
0.0681763
-0.00720215
0.0497131
0.0220032
-0.120926
-0.17804
-0.923401
-0.427856
-0.427582
-0.545288

[8]
-0.803131
-0.221649
-0.392502
-0.215256
-0.0900574
-0.16713
-0.17485
-0.210434
-0.220444
-0.172226
-0.17897
-0.14061
-0.0827026
0.0273895
0.0949097
0.120499
0.195709
0.205215
0.754303
1.43648
1.11638
-0.0809784
0.779022
0.271805
0.291656
-0.387909
0.116516
0.132492
0.12117
0.0310364
0.0427399
0.1297
-0.186172
-0.0119019
0.0794373
0.0719757
0.057312
0.047226
0.116409
0.13324
0.0190887
0.161118
0.0842438
0.0202637
0.0423584
0.00547791
-0.119324
-0.182922
-0.783875
-0.310913

[9]
-0.183563
-0.554779
-0.837311
-0.184341
-0.407974
-0.20517
0.0147247
0.000106812
0.00447083
-0.0090332
-0.0153046
-0.0228729
0.0330353
0.113419
0.185669
0.310608
0.43811
0.103302
0.0155792
0.0361633
0.969727
1.11334
0.27153
0.289917
1.00249
-0.196304
-0.259155
0.188004
0.095108
0.214935
0.0718536
0.104599
-0.0539398
-0.243988
-0.0365143
0.0524139
0.0731812
0.0124969
0.0126648
0.116821
0.0885162
0.138748
0.061676
-0.00541687
0.0449219
0.0613098
0.093689
0.0675507
-0.211441
-0.51123

[10]
-1.0265
-0.282379
-0.463074
-0.713547
-0.849792
-0.788925
-0.126404
-0.0696259
-0.0447693
-0.0904083
-0.107285
-0.121506
-0.0775604
-0.113373
-0.0415039
-0.0103149
0.11731
0.202438
0.0745392
0.110901
0.132553
0.444107
1.27203
1.04433
0.333115
0.53421
0.546356
-0.652252
0.0556183
0.323898
0.066925
0.255157
0.115463
0.0381165
-0.0296936
-0.285507
-0.0409546
0.120407
0.102371
0.018219
0.00430298
0.116043
0.128296
0.060257
0.109802
0.0891266
0.0162506
0.0813751
0.139206
-0.166565

[11]
-0.39209
-0.755112
-1.00816
-0.107697
-0.530151
-0.916321
-0.453674
-0.350174
-0.0844116
-0.0861359
-0.145828
-0.0720825
-0.0618744
0.0249786
-0.0236664
0.105637
0.193573
0.197311
0.257889
0.418274
0.159622
0.0760193
0.170303
0.770767
1.22191
0.508575
-0.0542145
1.00436
-0.213196
-0.456116
0.0305023
0.262695
0.179001
0.20784
-0.0196075
0.00683594
-0.0120087
-0.192902
0.0674133
0.17244
0.141769
0.0273743
-0.0341797
0.0574646
0.104874
0.0559692
0.143784
0.0780487
0.0303802
0.0842133

[12]
-0.0886841
-0.215439
-0.367599
-1.18735
-0.173492
-0.459534
-0.791519
-0.606995
-0.369568
-0.0858612
-0.155106
-0.0526276
-0.0964355
-0.100723
-0.0799866
0.0178528
-0.00468445
0.0725861
0.14624
0.146408
0.389236
0.287766
0.0905304
0.127136
0.295959
1.2267
1.06889
-0.390503
0.871872
0.750534
-0.0849304
-0.310593
0.115433
0.137802
0.104568
0.0672302
0.0901031
-0.0088501
-0.0706482
-0.165756
0.0536041
0.0613251
0.117798
0.0535278
0.0507202
0.125717
0.144348
0.138931
0.0625153
0.0673981

[13]
-0.0133972
0.0807495
0.0390472
-0.145844
-0.372589
-1.04697
-0.0175171
-0.600586
-1.12949
-0.886917
-0.488342
-0.43013
-0.158936
-0.0736694
-0.0901947
-0.0682068
-0.0717468
-0.142761
-0.179382
-0.139099
-0.136337
0.120941
0.207932
0.109467
0.291946
0.293686
0.801834
1.22307
0.802551
-0.184067
0.932816
0.405991
-0.348755
-0.311478
0.390396
0.116684
0.203873
-0.0448456
0.0930176
0.0666199
-0.17218
0.024826
0.0431061
0.0548401
0.00184631
0.0606384
0.131042
0.100876
0.126877
0.0711365

[14]
0.0480804
0.0032196
0.117767
0.0146484
-0.144836
-0.284225
-0.835983
0.182648
-0.632156
-1.23097
-0.568588
-0.658859
-0.137329
-0.125275
-0.0857086
-0.122345
-0.119095
-0.159912
-0.184494
-0.142075
-0.0776215
-0.0746155
0.0183258
0.102112
0.0660858
0.221451
0.157547
0.862747
1.40727
0.677612
-0.131943
1.15434
-0.494171
0.0824127
0.175308
0.0925598
0.190125
0.0828857
0.0903931
-0.0549927
-0.25502
0.031311
0.0913239
0.112366
0.0453644
0.0624542
0.128113
0.130814
0.144333
0.0394897

[15]
0.0806732
-0.0193176
0.00968933
0.115341
-0.0348511
-0.200867
-0.858749
-0.258652
-0.356506
-0.627441
-0.999756
-0.065979
-0.358109
-0.293976
-0.0594788
-0.0842896
-0.0349884
-0.0310822
-0.0584259
-0.109726
-0.0297394
0.0486298
0.0821838
0.377548
0.35788
0.176819
0.0421143
0.179428
1.19179
0.803543
-0.180222
0.905441
0.75531
-0.309357
-0.13472
0.125916
0.0334778
0.18399
0.110275
0.0600128
-0.010376
-0.108582
-0.0662842
0.053833
0.10347
0.0646362
0.0222778
0.0830383
0.116257
0.105743

[16]
0.159332
0.0796204
-0.023407
-0.0468903
0.0942535
-0.0225372
-0.0397644
-0.622986
-0.562637
0.02948
-0.61937
-0.678253
-0.151367
-0.607742
-0.21991
-0.0685883
-0.121796
-0.123047
-0.0817261
-0.0909882
-0.0725555
0.00341797
0.0457458
0.0709839
0.336685
0.298706
0.0680084
-0.00878906
-0.168198
0.728882
1.09009
0.416595
0.612503
0.913467
-0.360107
-0.298813
0.067627
0.168915
0.205826
0.139191
0.0397491
0.0320129
0.0181274
-0.181107
0.0352783
0.0822601
0.104767
0.075882
0.026413
0.0822906

[17]
0.0493164
0.0383911
0.149292
0.0673523
-0.000213623
0.0597076
-0.0682983
-0.227951
-0.642502
-0.628311
0.230789
-0.493652
-1.13635
-0.394669
-0.969269
-0.228149
-0.0878601
-0.131363
-0.111374
-0.0990143
-0.101349
-0.10817
-0.0739441
-0.0210114
0.00195312
0.101822
0.178085
-0.0579376
-0.0480499
-0.249451
0.538651
1.2337
1.08574
0.513397
0.796387
-0.339767
-0.448502
0.21637
-0.00556946
0.273651
0.202667
0.00840759
0.0426178
0.0229034
-0.268021
0.0344391
0.0760193
0.070694
-0.0101776
0.0554352

[18]
0.09021
0.0511169
0.0310059
0.126389
0.0631714
-0.0252228
0.0265961
-0.0605469
-0.210419
-0.491013
-1.0564
0.0588531
-0.567596
-0.914505
-0.482651
-0.583893
-0.0792999
-0.0935211
-0.0652313
-0.109406
-0.129288
-0.144547
-0.125153
-0.0304108
-0.00494385
0.0650482
0.158005
0.279358
0.199722
0.131607
0.0395966
0.659378
1.47536
0.897598
-0.142822
1.11765
-0.417664
-0.198456
0.190094
-0.00465393
0.287613
0.0465851
0.0757751
0.0442505
-0.115295
-0.0572968
0.088913
0.124985
0.0453796
-0.00178528

[19]
0.0662689
0.0808563
0.0541687
0.0719604
0.101501
0.016098
0.0121307
0.081665
-0.0801849
-0.22908
-0.584335
-0.804886
0.0563049
-0.453445
-0.693604
-0.20137
-0.824326
-0.147202
-0.0670319
-0.058136
-0.0927582
-0.139404
-0.139618
-0.0780334
-0.00352478
0.0795898
0.0639343
0.25531
0.242126
0.100601
0.108688
0.156708
0.875015
1.09274
0.664566
0.333481
1.00099
-0.474899
-0.116867
0.206421
-0.0797729
0.220215
0.110596
0.0720215
0.0115814
-0.0800171
-0.105209
0.106491
0.0969238
0.112732

[20]
0.0312958
0.0744476
0.0601654
0.0124664
0.15477
0.186386
0.0588226
-0.0136108
0.12529
-0.0904388
-0.233353
-0.578888
-0.919083
0.104889
-0.590561
-1.0789
-0.394287
-0.953003
-0.20546
-0.093277
-0.0890808
-0.150024
-0.15451
-0.156815
-0.11441
-0.0495148
0.0206299
0.0479584
0.19281
0.338394
0.195801
0.238403
0.124802
0.655624
0.948776
0.792862
0.380722
0.724609
-0.218063
-0.165558
0.122192
0.0111694
0.240128
0.152466
0.134277
-0.00682068
-0.28717
-0.127274
0.0230408
0.138931

[21]
0.0897522
0.0207825
0.0860443
0.141357
0.150269
0.0811768
0.0894165
-0.00750732
0.00410461
0.18605
-0.0251923
-0.174957
-0.347595
-1.12215
0.18576
-0.700317
-1.0515
-0.614761
-0.221695
-0.0250244
-0.151276
-0.0718536
-0.115692
-0.0780945
-0.127502
-0.0891571
-0.116531
-0.0636139
0.0143127
0.0249176
0.0635071
0.0409393
0.0569153
0.0707855
0.273544
1.2301
1.10623
-0.489868
1.04726
-0.396545
-0.172974
0.0534363
0.0254669
0.356079
0.142014
-0.0986176
-0.00679016
-0.0678253
-0.147491
0.155106

[22]
0.0321045
0.0737305
-0.0241699
0.0724487
0.0848846
0.0720978
0.118332
0.142181
0.0584259
-0.05896
0.0579681
-0.112244
-0.252762
-0.390991
-0.957397
0.082428
-0.810394
-1.0096
-0.618256
-0.282806
-0.0515137
-0.187469
-0.0561523
-0.116776
-0.111313
-0.159027
-0.0855103
-0.0970154
-0.0476685
-0.0204315
0.183411
0.301102
0.17894
0.0822754
0.0806427
-0.04039
0.721329
1.25766
1.0903
-0.313034
1.07042
0.0454254
0.00520325
0.0842896
0.161392
0.106186
0.185669
0.142471
0.0267181
-0.221939

