[1]
-0.22966
0.0296631
-0.065506
-0.0144806
0.12706
0.132339
0.0422516
-0.0440674
0.0107269
0.0479126
0.0502777
-0.000152588
0.0752106
0.04216
0.113876
0.00112915
-0.0157928
0.0769958
0.1539
-0.16124
-0.559692
-0.105255
0.167007
-0.352448
-0.419983
-0.232422
-0.105667
-0.0892639
-0.0124664
0.0919342
0.0389252
0.0417786
0.0363159
0.0671082
0.100952
0.0421295
0.0323334
-0.0100403
0.0301666
-0.0339203
-0.0361023
-0.0168915
-0.152237
-0.171326
0.241562
0.387405
-0.307709
-0.563232
0.000473022
0.843307

[2]
0.341553
-0.110214
-0.136368
-0.26384
0.0646362
0.00268555
-0.0637512
0.177994
-0.00112915
-0.0873108
-0.167633
-0.0101776
0.141251
0.100769
-0.0065918
-0.0665436
0.0558777
0.0943909
0.0758362
0.0297546
-0.0266113
0.0160828
0.0552368
0.109756
0.125961
0.0900421
0.0879822
0.105637
0.0806427
-0.000640869
-0.123901
-0.0281982
-0.194138
-0.374252
-0.311081
-0.0527344
0.29567
-0.311432
-0.483902
-0.256851
-0.00971985
-0.114349
0.0103455
0.031723
-0.0186615
-0.0356903
-0.000289917
0.0494537
0.0376282
0.0164337

[3]
-0.000747681
0.0274353
0.0877228
-0.0345612
-0.184662
-0.213226
-0.245331
-0.295868
0.435379
0.274963
-0.071228
-0.0445404
0.740219
0.236618
0.156052
-0.129852
-0.452637
-0.206192
0.0703583
0.00309753
0.0585938
0.0314636
-0.032135
-0.157364
-0.172653
0.0315247
0.229156
0.163391
0.02034
-0.0808411
0.00286865
0.0744019
0.0308533
0.0261078
-0.0152588
0.0166016
0.0522614
0.016571
0.0202026
0.022049
0.0286255
0.0181427
-0.0318146
0.0493011
0.036087
-0.00335693
-0.0644379
-0.197968
-0.507996
0.112854

[4]
-0.0101776
-0.380844
-0.435486
-0.191345
-0.317871
-0.0346222
-0.0246429
0.0399628
-0.0336609
-0.0447845
-0.0428467
-0.0209198
0.018219
-0.0441132
0.00405884
-0.00630188
-0.000854492
-0.0165863
-0.125809
-0.119141
-0.112137
-0.0429535
-0.039856
0.0821533
0.304214
0.00923157
0.124466
0.732635
0.318008
-0.0116272
-0.272766
-0.451645
-0.0249329
0.0663605
0.0473633
0.153824
0.018158
-0.105667
-0.274857
-0.000396729
0.108978
0.149979
0.0553894
-0.0124359
-0.0162506
0.0268555
0.0418549
0.0218506
0.0348663
0.0357208

[5]
0.0831757
0.0535736
0.0518799
0.000427246
0.0244598
0.00360107
0.0404968
-0.0210724
-0.137405
-0.0909424
-0.0606842
-0.252243
-0.253113
0.272766
-0.336716
-0.419495
-0.388412
-0.184174
-0.279404
-0.0323944
-0.0300293
-0.0232086
-0.0758667
-0.0586395
-0.0250702
-0.0163422
-0.046463
-0.0704803
-0.049408
0.0142365
0.036026
-0.0274353
-0.141357
-0.04216
-0.130783
-0.00518799
0.306076
0.358719
0.0676422
0.0433197
0.577133
0.367416
-0.0432129
-0.360352
-0.228531
-0.134109
0.0351715
0.0867767
0.0801086
0.0568237

[6]
0.00985718
-0.151581
-0.155365
0.0729675
0.123123
0.0854797
-0.0250092
-0.0819702
0.0135651
0.0773773
0.035965
0.00177002
3.05176e-05
0.0180969
0.0264587
0.0334167
-0.00395203
0.0278015
0.139877
-0.0126343
-0.0262909
-0.153046
-0.0726776
-0.0986328
-0.22377
-0.395966
-0.000579834
-0.237564
-0.446732
-0.358521
-0.181839
-0.208481
-0.0337677
-0.0307159
0.00921631
-0.0181427
-0.00331116
-0.00408936
-0.0213318
-0.0769043
-0.110001
-0.0773163
0.00143433
-0.0720367
-0.240219
-0.243286
-0.274506
-0.388474
-0.104141
0.488174

[7]
0.271515
-0.152512
0.0236053
0.757767
0.488937
0.0813446
-0.132233
-0.144836
-0.19548
-0.139343
0.00177002
0.0512848
0.121597
0.0819244
-0.0512543
-0.160263
-0.0313873
0.0484467
0.0778656
-0.00613403
-0.0461273
-0.0497894
0.0423737
0.0538025
0.0188293
-0.00572205
0.00592041
0.0479736
0.0325928
0.00273132
0.026474
0.109909
0.0934906
0.0718689
-0.0605774
-0.185898
-0.195328
-0.191528
-0.263123
-0.183258
0.130585
-0.109085
-0.424866
-0.420547
-0.11647
-0.376785
-0.0291748
-0.0140076
0.0425262
-0.0547333

[8]
-0.0844421
-0.014679
-0.0479126
-0.0934601
0.148727
0.096817
0.0250854
0.01474
-0.207016
-0.103607
-0.177795
0.0305176
0.136017
0.521057
0.10437
-0.0964203
0.0966187
0.325378
0.149368
-0.0709534
0.0739136
-0.105988
-0.0408478
-0.0438232
-0.0358887
0.042038
0.0414276
-0.0868835
-0.0964508
0.0383759
0.132126
0.057724
-0.0291443
-0.0659637
0.021347
0.0397034
0.0511169
0.0265045
0.010025
0.0367737
0.0231476
-0.00637817
0.0110626
0.103958
0.0933075
0.0554352
-0.00453186
-0.116547
-0.182266
-0.285873

[9]
-0.387207
-0.265884
0.147461
-0.0556641
-0.418869
-0.446472
-0.164307
-0.237854
-0.00909424
-0.0208588
-0.0135651
-0.058075
-0.0331268
-0.0103607
0.00537109
-0.015213
-0.0347748
-0.0534821
-0.0699005
-0.0924683
-0.251877
-0.380356
-0.312363
-0.239212
-0.0184631
0.410873
0.422791
0.326675
0.596481
0.266693
0.375839
-0.389801
-0.0814209
-0.0460663
-0.0399933
-0.000366211
0.094696
0.121414
0.0535889
-0.156616
-0.188599
0.11438
0.136917
0.0388031
-0.0764465
-0.0519257
-0.00558472
0.0422058
0.0493469
0.00149536

[10]
0.033493
0.0365601
0.0500946
0.0484619
0.0384827
0.0726318
0.0711823
0.0232849
-0.0128632
-0.0326691
-0.07547
-0.195953
-0.43071
-0.414917
-0.126312
0.168503
-0.290802
-0.539291
-0.495407
-0.179871
-0.0752563
0.143539
0.0801697
0.0216217
-0.019577
0.0227661
0.018158
-0.00761414
-0.0794373
-0.151062
-0.117432
-0.0892792
-0.0976562
-0.17601
-0.220428
-0.175873
-0.109283
0.0724945
0.140579
0.239731
0.177231
0.430466
0.283997
0.242844
-0.0553894
-0.0251923
-0.244339
-0.108246
0.0389862
0.0274353

[11]
0.107803
0.0275574
-0.15921
-0.152588
0.0350342
0.149521
0.0918274
-0.0422821
-0.0590515
0.0267944
0.0548248
0.0352478
0.0128632
0.0234985
0.0228271
0.0655365
0.0280609
0.0619354
0.0600891
0.0439148
-0.0134583
0.0182037
-0.0159607
-0.0235291
-0.0217285
-0.0112152
-0.265152
-0.318878
-0.306381
0.222046
-0.259262
-0.334412
-0.398468
-0.141647
-0.255219
0.0227814
0.0881348
0.10405
-0.00334167
0.00117493
0.00735474
0.0284424
-0.0180817
-0.0808716
-0.12175
-0.0871429
-0.142578
-0.278824
-0.420685
-0.242264

[12]
-0.0163574
0.440674
0.552795
0.31398
0.187683
0.226669
0.322037
0.434631
0.374786
-0.215073
-0.11264
-0.147034
0.0395813
-0.00666809
0.0466766
0.0511627
0.0142212
-0.12738
-0.0194244
0.0769806
0.0809479
-0.00764465
-0.0172119
0.000427246
0.0312347
0.03685
0.0346832
0.00469971
0.0140076
0.0640259
0.0473022
0.0972748
0.0959625
0.0542908
0.0410004
0.0300598
-0.0843201
-0.159378
-0.348663
-0.515045
-0.178345
0.339554
0.130905
-0.221436
-0.526352
-0.16748
-0.281052
0.0537415
0.0277863
-0.0239563

[13]
-0.0958862
-0.089035
-0.0254974
-0.00289917
0.042572
0.0732269
0.0637054
-0.00138855
-0.0628662
-0.18306
-0.323578
-0.399124
-0.467697
-0.431976
-0.111176
0.145065
0.137833
0.179016
0.198929
0.831573
0.309036
0.223145
-0.220184
-0.102295
-0.158798
-0.0744629
0.050766
0.070755
0.0999908
-0.0308075
-0.151093
-0.152344
0.0485992
0.125641
0.0446167
-0.0535889
-0.102982
0.0424805
0.0441132
0.0126495
0.0303497
0.0335541
0.0266876
0.00968933
-0.0670929
0.0848694
0.00868225
-0.0344391
-0.00314331
0.0488129

[14]
0.0286865
-0.0164642
-0.0194244
-0.347122
-0.477844
0.101471
-0.275665
-0.55513
-0.483887
-0.227051
-0.102859
0.0157166
-0.0408936
-0.0388336
-0.0606842
-0.022583
-0.0153351
0.0101318
-0.0310974
-0.0632172
0.0174255
-0.0390472
-0.176834
-0.370438
-0.374359
-0.13295
0.0542603
0.276535
0.379684
0.243896
0.126282
0.183807
0.375916
0.618866
0.192963
0.0710754
-0.394043
-0.157623
0.0169525
0.0704346
0.0539246
0.0264893
0.0167847
0.014801
-0.195023
-0.0419006
0.0916748
0.0385132
-0.0571442
-0.0586548

[15]
-0.0388031
0.019455
0.0106354
-0.00689697
-0.0155945
0.016098
0.0221558
0.0426483
0.0261078
0.0159302
0.0129547
-0.0266113
-0.0247955
0.0404968
0.0268402
-0.059906
-0.18367
-0.25914
-0.357452
-0.30304
0.0950623
-0.254929
-0.505173
-0.474869
-0.256714
-0.109436
0.0585785
-0.0163269
-0.0386505
-0.118484
-0.106766
-0.0628052
-0.0352631
-0.0885162
-0.135895
-0.119156
-0.180069
-0.216431
-0.351654
-0.452011
-0.369843
-0.138412
-0.0216522
0.185852
0.260651
0.252075
0.352249
0.604172
0.838165
0.279755

[16]
0.00445557
-0.339645
-0.327164
-0.19487
0.0561371
0.105316
0.131027
0.0892792
0.0202942
-0.157608
-0.218536
-0.0213623
0.115204
0.113159
-0.0201721
-0.13176
0.0432129
0.0798492
0.0266418
-0.01091
0.0191956
0.0808258
0.0656586
-0.0211487
-0.0242462
-0.0229492
0.0273743
0.00611877
-0.0125732
-0.0724792
-0.139114
-0.0777588
0.0529633
-0.157623
-0.473297
0.0297394
-0.227875
-0.359756
-0.420654
-0.199677
-0.0707397
-0.0445404
-0.0348053
0.000686646
-0.0632629
-0.0983734
-0.126907
-0.121384
-0.0818787
-0.0982666

[17]
-0.0341949
0.0754395
-0.0306549
-0.0705261
-0.166168
-0.242981
-0.0985413
0.0280762
-0.0106964
-0.00613403
0.256042
0.306763
0.980408
0.130524
0.384018
-0.226868
0.0863953
-0.222931
-0.168793
0.0726471
0.0405884
0.0635986
0.0348358
-0.0979767
-0.192566
-0.0593872
0.127945
0.122314
-0.0623016
-0.100098
-0.00233459
0.079483
0.0446777
-0.027832
-0.0107574
0.0371857
0.0509338
0.00238037
-0.0437622
-0.00131226
-0.00506592
-0.0126038
-0.00296021
0.00100708
-0.0804596
-0.0944061
-0.0383759
-0.0920563
-0.265671
-0.257919

[18]
0.0972137
-0.290604
-0.31105
-0.292236
-0.0940857
-0.242599
-0.0259399
0.00100708
0.00924683
-0.0652466
-0.0737457
-0.0607758
-0.0607452
-0.0886841
-0.113907
-0.0567627
-0.067276
-0.144577
-0.179291
-0.228714
-0.244858
-0.0661163
-0.00167847
0.0196075
0.104843
0.265701
0.143372
0.462357
0.561371
0.333206
0.354706
-0.0659332
-0.203537
-0.232315
0.035614
0.0827637
0.113785
0.0712585
0.0132904
-0.140991
-0.145447
-0.0237579
0.055069
0.0140991
-0.066391
-0.132599
-0.0226288
0.0762024
0.0384979
-0.000946045

[19]
-0.0170288
0.0327301
0.0304413
-0.00886536
-0.0119019
0.00732422
0.00596619
0.0427399
-0.00450134
0.02211
-0.0471649
-0.0691681
-0.0719299
-0.0656738
-0.116333
-0.234894
-0.243774
0.154022
-0.233307
-0.435883
-0.490189
-0.218185
-0.399765
-0.0223541
0.0242462
0.00595093
-0.0867004
-0.102844
-0.0774384
-0.0283356
-0.0148621
-0.0288849
-0.098999
-0.0721741
-0.195557
-0.272583
-0.262177
-0.309357
-0.306381
-0.165634
-0.0431519
0.133957
0.280167
0.451035
0.419128
0.265793
0.435715
-0.370346
-0.0475159
0.0219269

[20]
-0.0378113
0.0385742
0.043808
0.0249939
-0.0847015
-0.197006
-0.125046
-0.0186462
0.0882721
0.0940399
-0.0279083
-0.0547638
-0.0217285
0.0258484
-0.00650024
0.0227509
0.00357056
0.0271759
0.0436096
0.0442352
0.0269318
-0.04599
-0.0583954
-0.0106964
0.0143127
0.038269
0.029953
-0.0270233
-0.0955048
-0.221802
-0.355377
-0.281616
-0.157257
0.2397
-0.32193
-0.336884
-0.273941
-0.0653534
-0.125809
-0.00511169
-0.0138245
-0.0158539
-0.0520477
-0.0352173
-0.0068512
-0.00595093
0.0225525
-0.0652618
-0.0755005
-0.105865

[21]
-0.161819
-0.370514
-0.34848
-0.270203
-0.245453
0.00872803
0.20726
0.0614777
0.184647
0.0752258
0.0800629
0.421356
-0.152191
0.0336761
-0.17009
0.00192261
-0.00912476
-0.0242767
0.0144348
-0.0326385
-0.0815582
-0.0795288
-0.00840759
0.0649872
0.0350494
-0.0215454
-0.0175781
0.00605774
0.0335846
-0.00259399
-0.0466614
0.00178528
0.0467987
-0.000793457
-0.037674
-0.0506744
0.0428467
0.0460205
0.0245819
-0.0546265
-0.0865173
-0.0823517
-0.0102081
-0.266113
-0.281677
-0.199631
0.10144
0.165771
-0.349442
-0.48822

[22]
-0.269653
-0.179886
-0.0157776
0.001297
-0.0131989
-0.0734711
-0.0896759
-0.0706024
-0.0258636
-0.102554
-0.168243
-0.140167
-0.0903778
-0.114609
-0.207291
-0.222366
-0.0661011
-0.0322723
0.00444031
0.258286
0.417725
0.345612
0.163879
-0.232574
-0.0605011
0.210907
-0.0662231
0.224823
-0.0331573
-0.0237885
0.000640869
-0.0510712
-0.0150757
-0.108246
-0.0650024
-0.0797424
-0.0179443
0.0368958
0.0278931
-0.0449677
-0.0691528
-0.0617981
0.0171814
0.0389252
0.0116119
0.0162811
-0.00744629
0.0353699
0.056076
0.0233154

[23]
0.0155945
0.0574646
0.0575867
0.0426025
0.0700989
-0.0462189
-0.167587
-0.355835
-0.572754
-0.723877
0.207428
0.307617
-0.155792
-0.438385
-0.55014
-0.140396
-0.266113
0.036026
0.011673
0.0184174
-0.0213165
-0.0154877
0.0111847
0.0196075
0.0735931
0.0869751
0.0388947
-0.0874176
-0.197205
-0.357666
-0.412094
-0.445816
-0.404938
-0.24733
0.100784
-0.0258942
0.136978
0.188889
-0.128586
0.241669
-0.0999908
0.332779
-0.093338
-0.0388489
-0.0387726
0.0638275
0.00404358
-0.0927124
-0.197037
-0.0834351

[24]
-0.0233307
0.0312958
0.0508118
0.0123138
-0.00390625
-0.0140076
0.00671387
0.0231934
-0.00569153
0.00576782
0.0235291
0.0405579
0.0193024
0.00866699
0.0813904
0.0536499
0.0285645
0.00779724
-0.0176544
-0.0528412
-0.145142
-0.25856
-0.467285
-0.400452
-0.15387
0.311172
-0.315491
-0.399216
-0.431778
-0.102966
-0.281372
0.0207062
0.0156097
0.0233307
-0.0283966
-0.0284271
-0.018631
0.0038147
-0.034729
-0.0517426
-0.0712433
-0.0887756
-0.167953
-0.284012
-0.366089
-0.346878
-0.323624
-0.24614
0.0228577
0.168091

[25]
0.177094
0.455215
0.050705
0.242996
0.35495
0.216934
-0.0525055
-0.191116
-0.0932922
0.0078125
0.0216217
0.0942383
0.0190735
-0.0514374
-0.155411
-0.0329742
0.0582428
0.016983
0.0157471
-0.0373993
-0.0421295
0.00921631
-0.0214233
-0.00273132
0.00569153
0.0102692
-0.000228882
0.0211029
0.00442505
0.017868
0.0035553
0.0718231
0.0187836
-0.0234375
-0.0878448
-0.0166931
-0.0698853
-0.135025
-0.401749
-0.32048
-0.222809
0.239395
-0.0847931
-0.269348
-0.348984
-0.22377
-0.0476532
-0.114471
-0.0267487
-0.0446014

[26]
-0.0768127
-0.105896
-0.0521851
-0.0691681
-0.04216
-0.0182037
-0.0122223
-0.0478668
-0.0915527
-0.255615
-0.355255
-0.327698
-0.255707
-0.193649
-0.0310822
0.193665
0.0351105
0.195587
0.30368
0.604431
-0.0526581
0.192764
-0.22023
-0.159439
-0.137695
0.133347
0.0478516
0.113724
-0.0254211
-0.0762177
-0.218109
-0.0669556
0.140823
0.0972137
-0.0744171
-0.121841
-0.0243378
0.00935364
0.0136108
0.000762939
0.0112762
0.0375366
0.0471802
0.00657654
-0.0438232
-0.037262
-0.0148773
0.0374298
0.0188599
-0.0290985

[27]
-0.0247955
-0.0840149
-0.0320282
-0.00744629
-0.0629578
-0.203506
-0.583191
0.0178986
-0.0603027
-0.312851
-0.335602
-0.316437
-0.114746
-0.176498
-0.0752716
0.051712
0.00244141
-0.0356598
-0.032196
0.0129852
0.0234222
-0.00213623
-0.0179596
0.011261
0.0395203
-0.0185852
-0.213165
-0.38327
-0.320282
-0.310516
-0.110336
0.123672
0.0570831
0.0150299
0.292206
0.172318
0.316437
-0.132065
0.100296
-0.0665741
-0.119537
0.0328827
-0.0447693
0.0439911
0.0605621
-0.14267
-0.140198
-0.010788
0.0908051
0.0508575

[28]
-0.0130615
-0.0410919
0.0118866
0.0454102
0.035614
0.00888062
-0.00488281
0.00973511
0.0242462
0.0214996
-0.0244141
0.00495911
0.0232391
0.0179901
-0.0277863
0.00863647
0.0351715
0.00270081
-0.0342407
-0.198456
-0.338654
-0.263
0.033844
0.0843658
-0.493118
-0.495773
-0.19136
-0.137924
0.00158691
-0.0504761
-0.0458221
-0.0980377
-0.107559
-0.0952759
-0.0595398
-0.0134735
-0.00769043
-0.0586853
-0.0511169
-0.0919952
-0.17688
-0.170914
-0.0674438
-0.069397
0.0462494
0.250244
0.436493
0.237915
0.181519
-0.0834961

[29]
0.173889
0.513748
-0.0560608
-0.116882
-0.0530396
-0.0483704
0.00642395
-0.0412445
0.0266571
0.0233765
-0.00224304
-0.124329
-0.0965729
0.0578613
0.0103607
0.0137634
-0.0585785
-0.0279083
0.0367432
0.0428009
0.0115204
-0.0227661
0.00460815
0.0253143
0.017395
0.00125122
-0.00839233
-0.00267029
0.0528564
0.0166473
-0.00537109
-0.00152588
-0.0418701
-0.0612183
-0.057724
-0.265656
-0.402802
-0.226028
0.163879
-0.404037
-0.425003
-0.380341
-0.198196
-0.316788
-0.0861511
-0.081192
-0.0455627
-0.0638123
-0.0764313
-0.0558624

[30]
-0.0193024
-0.0115967
-0.0409698
-0.00691223
-0.0426483
-0.116684
-0.119781
-0.16304
-0.0812683
-0.0553284
-0.0291901
0.191437
0.338318
0.113327
0.444321
0.0579224
0.244553
-0.00486755
0.033432
-0.00857544
-0.158752
-0.0447235
0.00489807
0.0863647
0.0972748
-0.0551605
-0.164627
-0.126328
0.0232697
0.095047
0.0146332
-0.0629425
-0.0484314
0.00595093
0.0247192
0.0271759
0.00463867
0.0155334
0.0369568
0.0149841
-0.00671387
-0.00860596
0.0160522
0.0499725
0.0462189
-0.0556488
-0.0195007
-0.0355225
-0.0811768
-0.242874

[31]
-0.429993
-0.47644
0.0174103
0.0810089
-0.36441
-0.503265
-0.365433
-0.114029
0.0460205
0.134018
0.0453033
-0.0580597
-0.114532
-0.0133057
0.0411682
-0.0187225
-0.0727997
-0.0711975
-0.0841064
-0.127914
-0.159164
-0.246918
-0.35141
-0.422333
-0.458496
-0.373398
-0.107483
-0.195831
-0.0350647
0.223587
1.0974
-0.0556793
0.165878
-0.413376
-0.106781
-0.119659
-0.0422821
0.141678
0.116653
0.0505524
-0.0365753
-0.279495
-0.119904
0.158157
0.151566
-0.0544739
-0.103317
0.00846863
0.0296021
0.0113678

[32]
-0.0275269
-0.00886536
0.0210724
0.0131226
0.0305786
-0.0108185
0.00674438
0.04953
0.0531006
0.00880432
-0.0493011
0.00953674
0.0405731
-0.00212097
-0.152252
-0.365875
-0.311096
-0.203934
0.167145
-0.168182
-0.355408
-0.425415
-0.275681
-0.0753021
0.0973358
0.0344238
-0.0212555
-0.0890045
-0.0366211
0.0209656
-0.0254974
-0.035965
-0.108093
-0.0620117
-0.0699921
-0.0698242
-0.151978
-0.147064
-0.0133514
-0.0539398
-0.106781
0.0331573
0.117889
0.246994
0.351562
-0.0625305
0.171555
-0.0240631
0.065918
-0.0133209

[33]
-0.116653
0.0250397
-0.0174561
0.0363159
0.0605469
-0.0710907
-0.178955
-0.0718536
0.0297241
0.0884094
0.00158691
-0.0227509
-0.0150452
0.0177307
0.0217285
0.0144958
0.0280609
0.0162354
0.0337677
0.0464172
-0.00541687
-0.0366974
-0.00572205
0.0792389
0.0607147
-0.000961304
-0.0227203
-0.0564575
-0.0879974
-0.253891
-0.318253
-0.52356
0.0774384
0.123184
-0.358688
-0.36792
-0.316147
-0.13768
-0.209183
-0.054657
-0.0501404
-0.0290985
-0.0550842
-0.0527954
-0.037262
0.00549316
-0.0199585
-0.00918579
-0.042038
-0.0665588

[34]
-0.106018
-0.201981
-0.177017
-0.106888
-0.166183
-0.0597687
-0.00862122
0.243118
0.202072
0.931885
0.184143
0.180817
-0.0962067
0.171158
-0.0903778
-0.122849
-0.0472412
0.0966949
0.130356
0.0460205
-0.252228
-0.116943
0.0969391
0.148727
-0.0305786
-0.0483093
-0.0308685
0.0170441
0.0612793
0.0780029
-0.052063
-0.0832214
-0.00488281
0.0393066
0.0632324
0.0654144
0.00572205
-0.0037384
0.0349884
0.0380859
-0.0611725
-0.186417
-0.166855
-0.184601
-0.436768
0.317932
-0.29184
-0.395279
-0.405273
-0.198837

[35]
-0.0372467
-0.0334473
-0.0677338
-0.0187378
-0.0751801
-0.0480347
-0.0448456
-0.0267944
0.00761414
0.0322266
0.0330353
-0.0276794
-0.0534821
-0.0838318
-0.0976715
-0.0432434
-0.13063
-0.175705
-0.0623627
0.138855
0.214554
0.0826569
0.147964
0.329102
0.35257
-0.203613
-0.266159
0.149323
-0.00762939
-0.0651855
-0.0478058
0.0220337
0.0462494
-0.0479279
-0.129288
0.0148621
0.090332
0.0444946
-0.0303192
-0.0541382
-0.0186005
0.0111847
0.00299072
-0.00917053
0.033783
0.0274506
0.0179443
0.00318909
0.00576782
-0.000473022

