[1]
0.315262
-0.173691
-0.208481
-0.318588
-0.251724
-0.210251
-0.170471
-0.156876
-0.236862
-0.237061
-0.118011
-0.222778
-0.223907
-0.176117
-0.171921
-0.132355
-0.140625
0.0275726
0.0939331
0.414688
1.02667
0.836319
0.258438
0.242401
0.279312
0.136566
-0.233566
0.330994
0.715729
0.641327
0.453293
0.332428
0.26004
0.198227
0.209305
0.130951
0.0976257
-0.0730896
-0.296402
-0.630112
-1.03581
-1.30956
-1.51505
-1.5455
-1.72084
-2.50731
-1.44823
-1.8421
0.482941
0.887268

[2]
-0.587051
-0.504852
-0.51561
-0.931442
-0.499969
-0.169556
-0.217056
-0.128967
-0.159363
-0.158829
-0.16835
-0.14299
-0.122833
-0.166626
-0.153702
-0.175735
-0.176041
-0.126221
-0.0973053
-0.115189
-0.121994
-0.150894
-0.0829926
-0.183548
-0.171997
-0.0798645
-0.0785217
-0.0442047
-0.0440826
-0.028244
-0.0405579
0.0126953
0.166779
0.667145
1.01442
0.817932
0.489365
0.325775
0.416306
0.337479
-0.0241089
0.121948
0.601974
0.66951
0.533859
0.46048
0.306198
0.266129
0.275528
0.251297

[3]
0.183716
0.00198364
-0.30751
-0.616943
-1.03671
-1.47356
-1.55818
-1.88118
-2.43442
-2.15381
-1.48672
-0.650787
0.842316
0.414566
-0.483704
-0.68132
-0.636505
-0.778549
-0.252853
-0.0664368
-0.089035
-0.197617
-0.12886
-0.103409
-0.0783691
-0.0994415
-0.234238
-0.178116
-0.17691
-0.139938
-0.179611
-0.157013
-0.0961456
-0.0811462
-0.154495
-0.170029
-0.111328
-0.0705719
-0.131851
-0.07724
0.00488281
0.0107117
-0.0177155
-0.0296478
-0.0326996
0.0119781
0.146957
0.518021
1.06651
1.04457

[4]
0.409592
0.372543
0.486023
0.0679626
-0.192154
0.476349
0.7612
0.61821
0.51741
0.381149
0.149216
-0.0103912
0.148727
0.0393982
0.0121918
-0.0742493
-0.25946
-0.503235
-0.868851
-1.17357
-1.36313
-1.38533
-1.46603
-1.73038
-1.8987
-1.5211
-1.11282
1.57574
0.163422
-0.81279
-0.374054
-0.813675
-0.655869
-0.114105
-0.0917664
-0.104477
-0.109543
-0.0718231
-0.20961
-0.0154877
-0.0155487
-0.104828
-0.125107
-0.0474396
-0.0930634
-0.124329
-0.0493469
-0.0696869
-0.0800323
-0.103699

[5]
-0.0998993
-0.0608215
-0.0379639
-0.0270996
0.0121307
0.0412292
0.0314941
0.0527344
0.00895691
0.117004
0.145767
0.769196
1.513
0.661682
0.419647
0.383636
0.364166
0.025528
-0.000610352
0.721954
0.826416
0.641876
0.465759
0.315292
0.268692
0.247696
0.278793
0.196686
0.0927429
-0.153305
-0.39032
-0.694733
-1.20673
-1.43372
-1.45409
-1.52913
-1.61842
-1.85135
-1.73892
-1.61966
1.47142
0.390396
-0.692276
-0.330368
-0.731949
-0.650009
-0.24791
-0.0344696
-0.232697
-0.0820007

[6]
-0.0340424
-0.11673
-0.125778
-0.0166473
0.0222473
-0.0326691
-0.079422
-0.0881805
-0.0775604
-0.0497284
-0.0351868
-0.0404663
-0.0903473
-0.0629425
-0.0284424
-0.0392303
-0.0156403
0.0188293
0.112167
0.0599823
0.00149536
0.0399017
0.103271
0.172653
0.52626
1.42819
0.88739
0.515015
0.321701
0.44249
0.130859
-0.416168
0.0673981
0.705643
0.863678
0.748856
0.583771
0.305649
0.147018
0.233322
0.259659
0.15744
-0.13913
-0.345444
-0.866837
-1.06538
-1.16527
-1.43584
-1.62569
-1.67101

[7]
-1.94788
-1.36079
-1.40163
0.69606
0.998047
-0.264099
-0.468552
-0.333466
-0.698135
-0.589966
-0.045639
-0.0975494
-0.171387
-0.0429382
-0.0404358
-0.174332
-0.0825806
-0.00227356
0.0479584
-0.0415344
-0.0584259
-0.0165863
0.0310059
-0.0391693
-0.043045
-0.0381012
-0.0509491
-0.083313
-0.0497131
-0.0425568
0.0062561
0.0645294
0.0931244
0.0318146
0.0678864
0.12146
0.124634
0.188293
0.707214
1.32407
0.935883
0.317047
0.327347
0.354416
0.10257
-0.199051
0.546173
0.787277
0.674805
0.548691

[8]
0.385818
0.312439
0.391739
0.400177
0.281738
0.0578613
-0.238953
-0.43161
-0.840302
-0.600037
-1.19182
-1.56816
-1.97108
-2.27763
-1.65135
-1.65955
0.710541
0.522202
-0.86998
-0.504181
-0.248199
-0.553055
-0.285446
-0.0232544
-0.0514526
-0.0358276
0.0216064
-0.0475769
-0.124039
-0.0530701
-0.0245819
-0.0408478
-0.0980988
-0.0953064
-0.0463562
-0.0104828
-0.0606384
-0.0688782
-0.0690155
-0.0858612
-0.067215
-0.0363007
0
0.0692139
0.0611267
0.0426025
0.0552063
0.0901337
0.124268
0.145309

[9]
0.672867
1.26578
1.0379
0.385254
0.40712
0.295486
0.117813
-0.104523
0.544495
0.793671
0.70256
0.571686
0.444855
0.343933
0.288773
0.307144
0.242538
0.146133
-0.0707397
-0.307846
-0.722794
-1.18092
-1.69263
-1.72461
-1.75967
-1.69612
-1.80371
-1.64162
0.349289
1.48904
-0.799637
-0.667618
-0.461624
-0.704422
-0.366364
0.0943756
-0.075058
-0.131805
-0.0788116
-0.072998
-0.138046
0.00772095
-0.0408478
-0.0500946
-0.0528717
-0.0399323
-0.0439758
-0.042984
-0.0308685
-0.0398407

[10]
-0.0878906
-0.0935974
-0.102341
-0.0406494
-0.0171051
-0.000213623
0.0340271
0.055069
0.0708313
0.00582886
0.0667419
0.119095
0.177002
0.789276
1.45096
0.557404
0.490662
0.197983
0.433334
0.325623
-0.0343781
0.238297
0.557968
0.723633
0.656296
0.561218
0.278061
0.194641
0.251358
0.173477
0.121918
-0.0756836
-0.32695
-0.582779
-0.956894
-1.3369
-1.61572
-1.51567
-1.68727
-2.35944
-1.86928
0.326706
0.802567
-0.702026
-0.425201
-0.337006
-0.518372
-0.493912
0.0432587
-0.0619812

[11]
-0.0290375
0.00637817
-0.0991364
-0.108826
-0.0648346
-0.0247498
-0.116608
-0.14061
-0.0845337
-0.0279999
-0.0112457
-0.0957031
-0.0545502
-0.0353546
-0.0836487
-0.0815582
-0.0337982
-0.00259399
0.0176849
0.0305634
0.0458374
0.0204773
0.0269775
-0.0236206
-0.0128784
0.179153
0.460693
0.698486
1.1093
0.558777
0.185699
0.335159
0.341949
0.269058
0.0913544
0.643585
0.742004
0.656113
0.482834
0.378265
0.296936
0.279724
0.31778
0.227905
0.0956268
-0.144791
-0.365082
-0.542191
-0.816971
-1.0596

[12]
-1.53761
-1.70897
-1.94992
-1.88962
-1.36224
-1.55754
0.385971
1.38222
-0.744659
-0.440506
-0.354843
-0.62085
-0.247101
-0.0344238
-0.102036
-0.178543
-0.04245
-0.0125885
-0.0705872
-0.0791626
0.0161896
0.0204926
-0.0483856
-0.049881
-0.0204468
-0.00482178
-0.0200958
-0.041153
-0.081543
-0.0223541
0.0330658
-0.0311279
0.0336304
0.0798645
0.0812683
0.0835114
0.0484772
0.0785828
0.107559
0.576233
1.66621
0.96312
0.528229
0.600754
0.346893
0.0772858
-0.119781
0.762009
0.813232
0.579041

[13]
0.467422
0.413147
0.333099
0.192505
0.182602
0.161682
0.0900421
-0.0715942
-0.275864
-0.539429
-0.910202
-1.20872
-1.43559
-1.51634
-1.47446
-1.41631
-1.58954
-1.27173
-1.28465
0.767242
1.17049
-0.966187
-0.318008
-0.363617
-0.66481
-0.386826
-0.0348663
-0.120758
-0.0218201
-0.0241699
-0.0186768
-0.0938416
0.0295258
0.0653381
-0.0220032
-0.0558319
-0.0186157
0.0570374
0.0370941
-0.0706024
-0.0275726
-0.0261993
-0.057663
-0.110565
-0.0606079
0.102921
0.107025
0.0601654
0.112991
0.135559

[14]
0.109009
0.107849
0.0422363
0.444168
1.66437
0.996567
0.411499
0.340576
0.427505
0.294052
0.012207
0.374496
0.699371
0.742264
0.625107
0.503098
0.395386
0.330017
0.358582
0.294312
0.115723
-0.226212
-0.394745
-0.638672
-0.944839
-1.0291
-1.26921
-1.26466
-1.18028
-1.29568
-1.44431
-1.36493
-1.17648
0.841324
0.714203
-0.730362
-0.344452
-0.524826
-0.535294
-0.340408
0.0847321
-0.0408936
-0.0732117
0.040802
-0.0924988
0.0270386
0.0643005
0.0206451
-0.0113831
0.0373993

[15]
0.0422516
0.0192719
0.0370178
0.0536499
0.0495758
-0.0402374
-0.0259552
0.016922
0.0456696
0.0573578
0.0856476
0.10997
0.113892
0.108414
0.166656
0.14592
0.229767
0.267471
0.807938
1.56358
0.753494
0.192566
0.416077
0.379288
0.102585
0.137939
0.678268
0.764862
0.719955
0.591156
0.451523
0.391708
0.363754
0.371796
0.316055
0.233566
-0.0178986
-0.222229
-0.488342
-1.03853
-1.3363
-1.17798
-1.22949
-1.33299
-1.56332
-1.51253
-1.34052
-0.566238
1.62035
-0.347641

[16]
-0.611679
-0.201447
-0.449768
-0.517441
-0.26152
0.105438
-0.0587463
0.084137
0.0812378
-0.0121002
-0.0699463
0.0118408
0.184204
0.0596161
-0.0309753
-0.03479
0.0787048
0.0422516
0.0294495
0.0165558
0.0150604
0.0216675
0.0255737
0.0262756
0.0894165
0.0951385
0.126816
0.138947
0.137146
0.132629
0.0651245
0.157181
0.230637
0.628387
1.30524
0.982635
0.490784
0.441589
0.5569
0.245331
-0.0700378
0.36525
0.870178
0.855545
0.716705
0.478577
0.257507
0.205399
0.286896
0.2491

[17]
0.131317
0.137131
-0.231903
-0.418488
-0.57872
-0.804306
-1.07306
-1.12859
-1.27405
-1.49614
-1.84319
-1.74644
-0.33934
1.62419
-1.10028
-0.5298
-0.348785
-0.240814
-0.445129
0.105499
0.0190735
0.0577698
0.112793
0.0943756
-0.050354
0.0138397
0.170059
0.0748291
-0.0292969
-0.000640869
0.0236664
0.0361481
0.0693817
0.0166168
-0.0164185
0.030304
0.0279999
0.0514069
0.050415
0.106964
0.12822
0.117493
0.152359
0.161469
0.106705
0.0982819
0.190765
0.28006
0.921616
1.35863

[18]
0.60614
0.356461
0.276398
0.351105
0.280457
0.210602
0.798508
0.825272
0.658859
0.481674
0.369614
0.324448
0.307358
0.254242
0.142548
0.160172
0.0525055
-0.331741
-0.648422
-0.898804
-1.12482
-1.28984
-1.2132
-1.11937
-1.21735
-1.24652
-1.02081
-1.08842
0.310196
1.59883
-0.391678
-0.398102
-0.204285
-0.410294
-0.271988
-0.0473175
-0.0608063
0.0109711
0.0482941
0.0537872
0.00331116
0.067688
0.139252
0.109375
0.0756989
0.0407104
0.069809
0.0856934
0.104797
0.0589447

[19]
0.0756226
0.0874786
0.0247192
0.0421295
0.0724792
0.10408
0.0559082
0.147568
0.132629
0.151978
0.198593
0.176697
0.177551
0.260925
0.53392
0.822311
1.14395
0.721359
0.591965
0.359436
0.50676
0.0439453
-0.0470428
0.670715
0.867203
0.723511
0.567719
0.456284
0.327499
0.311951
0.308441
0.256409
0.0763092
-0.0909424
-0.424988
-0.717239
-1.03441
-1.36266
-1.37582
-1.25356
-1.21022
-1.24348
-1.16928
-0.949127
-0.381714
1.79483
0.174652
-0.821854
-0.391998
-0.210785

[20]
-0.249695
0.00854492
0.110107
-0.014679
0.1082
0.0432892
0.169403
0.0999603
0.108093
0.0674133
0.0619812
0.0503998
0.0954742
0.0843048
0.0766754
0.0890045
0.00210571
0.0541229
0.0659637
0.0661316
0.0718994
0.0719452
0.153351
0.157059
0.183594
0.195633
0.192627
0.17775
0.226898
0.378403
0.462814
0.873581
1.27303
0.445587
0.342789
0.445633
0.45401
0.223526
0.225708
0.844849
0.80957
0.670929
0.505676
0.466385
0.402527
0.434448
0.509766
0.437622
0.140305
-0.161713

[21]
-0.374252
-0.780762
-1.13632
-1.22012
-1.35939
-1.54451
-1.68425
-1.45265
-1.32787
-0.888184
1.3436
-0.34874
-0.392593
-0.331497
-0.262848
-0.138275
0.0920715
0.0286407
-0.00253296
0.0332184
0.00987244
0.0545197
0.066803
0.0739441
0.085144
0.0631256
0.0701599
0.0350952
0.0457001
0.0563202
0.057663
0.00857544
0.0391541
0.0546112
0.0974579
0.0847473
0.1362
0.140915
0.148315
0.181549
0.158173
0.138687
0.19455
0.343079
0.694565
1.04395
1.01735
0.403412
0.30455
0.504501

[22]
0.415298
-0.00117493
0.469193
0.806305
0.761932
0.607437
0.474045
0.41629
0.385056
0.356918
0.331161
0.287231
0.115005
-0.0501404
-0.313553
-0.713882
-1.1328
-1.30414
-1.45923
-1.44267
-1.30109
-1.52603
-1.58247
-0.467407
0.886993
-0.581589
-0.463577
0.028244
-0.368607
-0.0644989
0.00498962
-0.0596619
0.0708466
-0.0160522
0.0950012
0.0161285
0.0345459
0.0517273
0.084137
0.0124054
0.0659332
0.0488586
0.0337524
0.0510864
0.0332794
0.046936
0.0536957
0.0510254
0.029068
0.0649872

[23]
0.0674438
0.0985107
0.114563
0.107681
0.115173
0.14238
0.155441
0.227158
0.439606
0.889328
1.14458
0.662659
0.352417
0.432327
0.407379
0.163422
0.00511169
0.629593
0.733093
0.688416
0.588547
0.470337
0.409454
0.370758
0.42984
0.402023
0.196915
-0.138809
-0.455627
-0.726318
-1.13181
-1.3541
-1.5088
-1.73189
-1.74419
-1.27632
-1.23804
-0.406143
1.36604
-0.565964
-0.880386
-0.161819
-0.388489
-0.115631
-0.0643005
-0.021347
0.0438538
0.0568695
0.047821
0.146698

[24]
0.160858
0.0123291
-0.0417633
-0.0469513
-0.00343323
0.0307617
0.0223541
-0.00387573
-0.0179443
0.0119476
0.0117645
0.00619507
0.0163116
0.0314484
0.103195
0.152924
0.0997009
0.0718536
0.181519
0.151184
0.155823
0.206833
0.470581
0.818588
1.12964
0.552338
0.357605
0.321533
0.315384
0.217834
0.0697937
0.735764
0.806
0.667145
0.497314
0.367279
0.341721
0.359558
0.355881
0.313736
0.195663
-0.0838776
-0.303848
-0.629028
-1.13068
-1.49319
-1.49396
-1.47377
-1.4117
-1.54044

[25]
-1.48997
-0.870453
-0.121078
1.38423
0.549301
-0.607742
-0.473465
-0.434204
-0.327164
-0.0358582
-0.00115967
-0.141037
-0.121201
-0.0100861
-0.035675
-0.0170746
0.0123901
-0.0242004
0.0157471
-0.0225067
-0.023056
0.00494385
0.00657654
-0.0172119
-0.0032959
0.00204468
-0.00428772
0.0241241
0.00946045
0.00942993
0.0359192
0.0922699
0.0689392
0.0444031
0.0907745
0.0615387
0.131821
0.201508
0.283508
0.70723
1.09538
0.468628
0.421646
0.422394
0.411224
0.670685
0.456192
-0.024353
0.211609
0.494247

[26]
0.624496
0.586105
0.458206
0.360794
0.297043
0.267654
0.258224
0.0713348
-0.145004
-0.437988
-0.748215
-1.10626
-1.41042
-1.54401
-1.58983
-1.605
-1.29172
-1.24287
-0.591202
1.2802
0.236282
-0.556641
-0.441711
-0.387833
-0.568558
-0.260437
0.112488
0.0195618
-0.0974426
-0.0244751
-0.0957336
-0.0367279
0.0694885
-0.06633
-0.0441437
-0.0450592
0.0191193
-0.00411987
0.0385132
-0.0457306
-0.0432281
-0.0500183
-0.0014801
0.00575256
-0.0380402
0.0227814
0.0814514
0.108704
0.071106
0.113007

[27]
0.0311127
0.0796051
0.057373
0.18399
0.220047
0.46405
0.962494
0.866394
0.418869
0.280731
0.254257
0.241333
0.0383759
0.438721
0.842392
0.768906
0.574524
0.447144
0.37088
0.415436
0.407043
0.307434
0.237839
0.0903931
-0.0390472
-0.27005
-0.53981
-0.933426
-1.37898
-1.91158
-1.98718
-1.66473
-1.50082
-1.39394
-0.184387
1.40517
-0.384216
-0.751007
-0.336609
-0.363907
-0.285599
-0.0266876
-0.0753326
-0.0492096
0.0465546
-0.0259552
-0.00738525
0.0127716
-0.016449
-0.0420227

[28]
-0.0671692
-0.0211182
-0.0450592
-0.0515594
-0.0387115
0.0325165
-0.0516968
-0.0939941
-0.0346222
-0.0129852
-0.00889587
0.0356445
0.0693359
0.0738373
0.0201416
0.0339203
0.13588
0.0913544
0.0418396
0.14801
0.63269
1.32683
1.04922
0.402771
0.264938
0.207703
0.169662
0.00311279
0.545578
0.702545
0.662704
0.598999
0.468277
0.354706
0.348572
0.374237
0.275055
0.170288
-0.0305328
-0.192169
-0.527481
-0.921188
-1.16553
-1.35237
-1.3542
-1.36604
-1.46005
-1.3087
-1.38602
-1.06464

[29]
1.55698
0.165497
-0.62204
-0.46344
-0.341309
-0.39061
-0.13623
0.0531006
0.000335693
-0.0221863
0.0140228
0.00158691
-0.0105438
0.0658569
0.0331116
0.0035553
-0.0259552
-0.00306702
0.0487366
0.0435028
-0.00299072
-0.0331879
-0.00585938
0.0279846
0.00817871
0.00408936
0.0144653
0.0576019
0.0986481
0.0996552
0.0921783
0.0893402
0.123932
0.142578
0.210495
0.329987
0.777039
1.32719
0.598373
0.434525
0.304413
0.322906
0.228745
0.000869751
0.649323
0.771286
0.67627
0.540558
0.378876
0.316788

[30]
0.348541
0.341248
0.284195
0.204636
-0.0372162
-0.302856
-0.592941
-1.06519
-1.40875
-1.37219
-1.34344
-1.36795
-1.42645
-1.57162
-1.24583
1.49286
-0.192551
-0.645126
-0.402267
-0.218338
-0.43927
-0.160522
0.0623932
-0.0264587
0.11293
0.0147705
-0.00366211
-0.00541687
0.0541534
0.0315247
0.0295868
-0.013916
-0.00302124
0.051239
0.0360107
0.021225
0.0212708
0.0305786
0.0124512
-0.00308228
0.0873871
0.0637512
0.0797729
0.119919
0.131317
0.168671
0.100601
0.149841
0.152985
0.254593

[31]
0.74231
0.936249
0.991135
0.313126
0.307571
0.539505
0.574432
0.243607
0.172745
0.495438
0.643372
0.62674
0.546829
0.461044
0.372131
0.271408
0.235474
0.309937
0.107147
-0.157791
-0.300995
-0.435822
-0.740906
-1.05196
-1.33255
-1.57806
-1.61159
-1.62766
-1.29892
-1.12585
-0.367111
1.49438
-0.435913
-0.681259
-0.476913
-0.521881
-0.391495
0.139511
-0.0308075
0.0298004
0.0207672
-0.00541687
-0.0242004
0.170044
0.0118408
-0.0453796
-0.00674438
0.00875854
0.0140076
0.0136719

[32]
0.0495758
0.0186615
-0.00300598
0.019043
0.0209045
0.0373535
0.0348816
0.0923309
0.108704
0.100586
0.157257
0.109192
0.130859
0.184448
0.315582
0.505615
0.89151
1.08984
0.409592
0.283401
0.470993
0.685257
0.130234
-0.0471344
0.22229
0.602188
0.699997
0.636948
0.541443
0.363373
0.298126
0.338226
0.258072
0.231552
0.0466156
-0.227692
-0.480225
-0.789459
-1.09325
-1.37106
-1.50092
-1.59425
-1.65082
-1.78223
-1.46141
1.48943
-0.077179
-0.740982
-0.475052
-0.374817

[33]
-0.302185
-0.0250092
0.00038147
-0.0325165
0.0244293
0.024765
0.0537872
0.0331116
0.00495911
0.00422668
0.0154724
-0.0500031
-0.0492554
-0.0115204
0.0236969
-0.00878906
-0.0457764
-0.0677185
-0.014328
0.0236969
0.0690155
0.0622406
0.0715485
0.114868
0.0840912
0.0776672
0.0680084
0.0926361
0.154678
0.220032
0.433304
0.928375
1.09615
0.426498
0.3806
0.307632
0.372696
0.211075
0.0531311
0.632507
0.749619
0.647522
0.520416
0.350311
0.265793
0.314484
0.30928
0.315781
0.189255
-0.0917206

[34]
-0.324677
-0.671219
-0.962891
-1.11536
-1.21248
-1.25548
-1.24863
-1.44194
-1.62616
-1.13409
1.59441
-0.948456
-0.398315
-0.330536
-0.262283
-0.41478
-0.0480957
-0.0483246
0.108414
0.0506744
-0.131241
0.0221252
0.102341
0.0137329
0.00294495
0.0139313
-0.0271454
0.0196838
-0.0702209
0.0619659
0.0942993
-0.0498047
-0.0451355
-0.0135651
0.039566
0.0867004
0.0854187
0.158218
0.152817
0.213425
0.208282
0.170044
0.156784
0.327545
1.31107
1.07755
0.515488
0.441757
0.346909
0.0541534

[35]
-0.0500946
0.464859
0.795761
0.711792
0.602936
0.484711
0.359085
0.338181
0.351562
0.291
0.238617
0.0646973
-0.140335
-0.460281
-0.808975
-1.01547
-1.23767
-1.21498
-1.24728
-1.39003
-1.57216
-1.26791
-1.20111
1.48038
0.564728
-1.03416
-0.666046
-0.285263
-0.209015
-0.139038
0.112808
0.0169373
0.0398712
-0.00125122
-0.0267944
0.110428
0.0656738
0.0757294
0.0198669
0.035965
0.06633
0.08992
0.0397797
0.0599213
0.0265656
-0.00158691
0.0216675
0.0760651
0.054657
0.0488129

