[1]
0.603119
-0.178635
-0.304199
-0.388168
-0.56015
-0.9048
-1.03882
-0.776901
-0.747757
-0.514053
-0.374161
0.300629
0.510941
0.520859
0.633026
0.656876
0.699524
0.680588
0.656982
0.60083
0.550812
0.493118
0.358078
0.139618
-0.0961914
-0.362747
-0.76091
-1.07037
-1.15274
-1.02281
-0.899582
-0.754623
-0.692993
-0.630814
-0.204514
-0.388916
-0.73584
-0.468781
-0.0505371
-0.144989
0.0203705
-0.294434
-0.218445
-0.124161
-0.0797577
-0.023407
-0.0104523
-0.0377808
-0.0550079
-0.0249786

[2]
0.0096283
0.00405884
-0.020752
-0.0484467
-0.0303955
-0.0296478
-0.0430145
-0.0744934
-0.130798
-0.124207
-0.225525
-0.289322
-0.333923
-0.400101
-0.50029
-0.641739
-1.05377
-1.07312
-1.08644
-0.916992
-0.792725
0.0214081
0.855759
0.381271
0.715378
0.764191
0.800903
0.715668
0.649612
0.580597
0.471771
0.321671
0.150833
-0.177979
-0.500168
-0.897064
-1.13853
-1.19463
-1.24202
-1.22923
-0.860458
-0.654648
-0.0254822
-0.286301
-0.674896
-0.769318
-0.196899
-0.220825
-0.100922
-0.126709

[3]
-0.0166321
-0.0962524
-0.11087
-0.0739288
-0.0447235
-0.0250244
0.000991821
-0.0232544
-0.0271759
-0.0266266
-0.00958252
-0.0180206
-0.0354156
-0.0336151
-0.0495605
-0.126175
-0.128265
-0.194443
-0.254425
-0.296463
-0.371674
-0.471603
-0.66629
-1.04869
-1.07628
-1.09059
-0.863937
-0.878204
-0.110214
0.943909
0.280594
0.28215
0.663269
0.664261
0.648911
0.679977
0.644196
0.551834
0.502014
0.327682
0.0723114
-0.310532
-0.579727
-1.04463
-1.13428
-1.18034
-1.21838
-0.892517
-0.658829
-0.671082

[4]
-0.203323
-0.440445
-0.696289
-0.772842
-0.0583801
-0.273117
-0.126572
-0.147095
-0.0865936
-0.0635986
-0.098938
-0.012619
-0.0253601
-0.00276184
-0.0206757
-0.026413
-0.0159607
-0.0292511
-0.0352325
-0.0562134
-0.0657349
-0.0742645
-0.0579681
-0.113266
-0.179398
-0.239655
-0.292358
-0.344711
-0.411636
-0.524429
-0.950424
-1.08217
-1.09631
-1.00272
-0.870682
-0.422928
0.828156
-0.0225677
0.296951
0.623993
0.632095
0.678513
0.666748
0.650665
0.583603
0.508148
0.407806
0.186432
-0.100281
-0.468185

[5]
-0.876556
-1.10887
-1.15363
-1.19168
-0.964767
-0.686615
-0.31546
-0.150879
-0.263184
-0.765457
-0.487259
-0.0774689
-0.350891
-0.131119
-0.090271
-0.0340424
-0.0776062
-0.0702515
-0.0270996
-0.00253296
0.0018158
-0.0274048
-0.0337982
-0.0218353
-0.0270844
-0.0494232
-0.0743256
-0.0777893
-0.0704346
-0.0881042
-0.185059
-0.202209
-0.207825
-0.29512
-0.349792
-0.441101
-0.567444
-0.99733
-1.09393
-1.11194
-1.06352
-1.02353
-0.212311
0.933975
0.384567
0.55368
0.726517
0.710663
0.681061
0.667648

[6]
0.598846
0.5336
0.435776
0.289032
-0.0511169
-0.309006
-0.680557
-1.07776
-1.11964
-1.15657
-0.933563
-0.829361
-1.01932
-0.426392
-0.36409
-0.425812
-0.750381
-0.222687
-0.115738
-0.094162
-0.138229
-0.142868
-0.0651245
-0.0678558
-0.0487518
-0.00614929
0.00038147
-0.0367737
-0.0438538
-0.0480042
-0.0184784
-0.0397491
-0.0477753
-0.0239258
-0.0579987
-0.0578766
-0.10289
-0.160858
-0.197021
-0.266968
-0.30806
-0.352036
-0.421967
-0.625809
-0.958313
-1.09035
-1.10649
-0.891632
-0.751541
0.0277557

[7]
0.247665
0.272369
0.575806
0.590363
0.640335
0.63063
0.590027
0.552063
0.498886
0.402161
0.215317
-0.00236511
-0.25322
-0.610703
-1.07903
-1.1212
-1.16113
-1.06787
-0.780365
-0.568619
-0.57576
-0.542358
-0.544983
-0.773209
-0.319717
-0.182175
-0.0936584
-0.00447083
-0.0668335
-0.0546265
-0.0494537
-0.0254364
-0.0135651
-0.0117493
-0.0323639
-0.0458374
-0.015213
-0.0176544
-0.0184784
-0.0298615
-0.0276642
-0.0809326
-0.0941772
-0.0988617
-0.123505
-0.196655
-0.271881
-0.32579
-0.41153
-0.516235

[8]
-0.718109
-1.07474
-1.0887
-1.10661
-0.830887
-0.561874
0.331863
-0.178497
0.136292
0.757233
0.626297
0.681107
0.621368
0.588043
0.478638
0.413788
0.227692
-0.0806885
-0.322525
-0.602707
-0.900345
-1.10013
-1.13815
-1.11998
-0.921509
-0.784164
-0.541382
-0.383987
-0.646851
-0.707947
-0.539474
-0.300079
-0.150253
0.0338898
-0.0296783
-0.0593414
-0.0532684
-0.0380402
-0.0115356
-0.0102386
-0.0119171
-0.0123901
-0.0150146
-0.00733948
0.00175476
-0.00354004
-0.0228424
-0.0762939
-0.0945129
-0.120911

[9]
-0.165359
-0.195465
-0.250427
-0.254578
-0.341797
-0.429276
-0.722122
-1.06935
-1.08121
-1.04031
-0.731796
-0.816116
0.132278
0.377686
0.378784
0.469284
0.593811
0.664551
0.646194
0.646072
0.586807
0.529358
0.397247
0.149994
-0.154221
-0.494629
-0.973816
-1.09425
-1.131
-1.08311
-0.804337
-0.589493
-0.401566
-0.331665
-0.50972
-0.69342
-0.521545
-0.382401
-0.0826721
-0.0435181
-0.0540924
0.000762939
-0.0482178
-0.029892
-0.00769043
0.00169373
-0.0144958
-0.0155182
-0.0418396
-0.0223389

[10]
-0.0185242
-0.0327454
-0.0651398
-0.0631409
-0.070816
-0.0798645
-0.090683
-0.201935
-0.249527
-0.304138
-0.364822
-0.486084
-0.79425
-1.07068
-1.08426
-1.10042
-0.893951
-0.708847
0.305862
-0.147797
0.430466
0.712387
0.703018
0.776443
0.730988
0.708191
0.610199
0.551849
0.408936
0.122086
-0.177322
-0.480347
-0.870514
-1.07426
-1.11467
-1.10019
-1.02211
-0.771606
-0.524612
-0.417114
-0.0254822
-0.285049
-0.739792
-0.711243
-0.356125
-0.0660248
-0.120255
-0.0680389
-0.00727844
-0.047699

[11]
-0.0537567
-0.0513153
0.00323486
-0.0187683
-0.0201721
-0.00364685
0.0106506
0.00556946
-0.025238
-0.0188141
-0.0393829
-0.0594482
-0.0639343
-0.0599518
-0.140076
-0.200989
-0.257187
-0.310257
-0.406662
-0.542923
-0.86525
-1.07535
-1.08936
-1.10724
-0.757019
-0.619583
0.276291
0.0126343
0.280579
0.636414
0.61348
0.684357
0.648834
0.623978
0.548981
0.483917
0.329727
0.0345154
-0.224228
-0.561493
-0.955566
-1.09311
-1.13214
-1.00452
-0.848572
-0.608902
-0.607986
-0.277069
-0.479919
-0.585175

[12]
-0.850601
-0.343445
-0.290054
-0.0685883
-0.0279999
-0.000549316
-0.0570374
-0.0411224
-0.0408173
0.0137787
7.62939e-05
-0.0164185
-0.0238342
-0.0100861
-0.00549316
-0.0225525
-0.0347137
-0.0495148
-0.0692596
-0.0869141
-0.130524
-0.155334
-0.214981
-0.257706
-0.336121
-0.467834
-0.547943
-0.940704
-1.08452
-1.10175
-1.09106
-0.960022
-0.365738
0.984802
0.368835
0.46608
0.702545
0.679398
0.675827
0.663361
0.603607
0.539429
0.430908
0.143463
-0.142883
-0.446259
-0.846344
-1.07281
-1.11102
-1.14467

[13]
-0.989655
-0.651947
-0.87674
-0.159576
-0.236359
-0.354309
-0.640472
-0.389008
-0.242813
-0.198425
-0.0225983
-0.0422821
-0.051178
-0.0402527
-0.0207214
-0.00714111
0.0109558
-0.0123749
-0.023819
-0.0337372
-0.00668335
-0.00634766
-0.0220947
-0.0312195
-0.0636902
-0.0670776
-0.0575714
-0.121887
-0.207291
-0.229736
-0.258194
-0.337128
-0.411484
-0.650406
-1.05168
-1.0817
-0.999939
-0.741943
-0.828156
-0.233566
0.947708
0.387604
0.299789
0.679626
0.656891
0.662643
0.629547
0.606064
0.513657
0.402359

[14]
0.170746
-0.112045
-0.381851
-0.764496
-1.07152
-1.10785
-1.09077
-0.854568
-0.634354
-0.529083
-0.52507
-0.333267
-0.525024
-0.721024
-0.488556
0.001297
-0.0766296
0.0604095
-0.0118866
-0.0752869
-0.0343781
-0.0316162
-0.0204468
-0.0286407
-0.0413208
-0.0269623
0.00285339
-0.0251617
-0.0428467
-0.0368195
-0.0352783
-0.0501709
-0.0611115
-0.0768127
-0.117981
-0.163971
-0.227173
-0.305725
-0.342667
-0.475586
-0.753326
-1.06593
-1.0784
-1.09068
-0.705383
-0.636993
0.179443
0.544769
0.545944
0.528931

[15]
0.623444
0.670486
0.667694
0.646637
0.589661
0.503525
0.377853
0.181274
-0.127747
-0.411423
-0.876892
-1.08487
-1.12439
-1.12801
-0.906647
-0.656403
-0.506119
-0.438644
-0.387344
-0.412354
-0.673706
-0.264801
-0.288757
-0.145279
-0.061554
-0.0254211
-0.0597229
-0.0942383
-0.0276337
-0.00883484
0.0299683
-0.00404358
-0.0326843
-0.0156097
0.00636292
-0.000610352
-0.0237732
-0.0247955
-0.0438232
-0.0490112
-0.10054
-0.114014
-0.166718
-0.21521
-0.308197
-0.321274
-0.462738
-0.640091
-1.06924
-1.08226

[16]
-1.09799
-0.850693
-0.896255
-0.147156
0.91127
0.360886
0.457504
0.717148
0.679337
0.67868
0.665054
0.618835
0.501678
0.396606
0.148148
-0.150955
-0.365234
-0.673996
-1.06528
-1.10193
-1.12054
-0.904694
-0.782043
-0.511261
-0.512024
-0.297577
-0.498001
-0.737198
-0.571213
-0.448349
-0.175095
0.0400696
-0.00279236
-0.0293884
-0.0421906
-0.0458221
0.0130463
0.00622559
-0.0124207
-0.0294037
-0.0319214
-0.0333252
-0.0367737
-0.0326996
-0.0516815
-0.0752258
-0.129715
-0.13382
-0.153
-0.228928

[17]
-0.262451
-0.313721
-0.404633
-0.426422
-0.631912
-1.0645
-1.08806
-1.10406
-1.03584
-0.712936
0.382553
-0.185135
0.37085
0.800552
0.716461
0.742798
0.715942
0.680374
0.594376
0.502197
0.337006
0.0681152
-0.258591
-0.612564
-0.97731
-1.09811
-1.13602
-1.07541
-0.869339
-0.886154
-0.460861
-0.514709
-0.427872
-0.51889
-0.642563
-0.416565
-0.0418854
-0.125763
-0.0557404
-0.0549164
-0.0600433
-0.0307617
-0.0364227
-0.00892639
0.0264893
-0.0235443
-0.0327301
-0.0307312
-0.0187073
-0.0149078

[18]
-0.0381622
-0.074295
-0.0755005
-0.0809479
-0.091507
-0.188705
-0.234406
-0.274673
-0.336563
-0.422913
-0.767853
-1.05833
-1.06987
-1.08176
-0.743958
-0.623489
0.251038
0.374908
0.469238
0.57196
0.599243
0.620102
0.616516
0.618698
0.549988
0.505722
0.365036
0.129944
-0.128036
-0.452133
-0.806366
-1.08217
-1.12198
-1.15933
-0.985657
-0.701416
-0.526047
-0.160431
-0.16066
-0.296005
-0.861481
-0.509735
-0.21022
-0.0650482
0.026123
-0.0143127
-0.0310974
-0.0568542
-0.049881
-0.0216827

[19]
-0.0154114
-0.00984192
-0.0167389
-0.00881958
0.0116119
-0.0278625
-0.0340424
-0.0386047
-0.0400696
-0.0473022
-0.0442505
-0.107819
-0.184143
-0.193542
-0.235672
-0.282028
-0.401672
-0.545166
-0.989929
-1.06757
-1.08119
-1.01366
-0.877487
-0.387222
0.600342
-0.141907
0.342911
0.755112
0.658463
0.700165
0.682083
0.605026
0.567673
0.473724
0.268616
-0.0266724
-0.294815
-0.639572
-1.05617
-1.10437
-1.14268
-0.987671
-0.760452
-0.512924
-0.547485
-0.292206
-0.525421
-0.732407
-0.462662
-0.181

[20]
-0.115814
-0.0211029
-0.0494385
-0.0850067
-0.0727997
-0.0260468
-0.0286713
-0.00431824
-0.0478973
-0.0385284
-0.011795
-0.00218201
-0.00723267
-0.0183105
-0.0195465
-0.0423126
-0.047226
-0.0734711
-0.0786438
-0.177292
-0.241562
-0.254913
-0.312576
-0.420212
-0.564148
-1.00529
-1.06662
-1.08069
-1.09375
-0.749924
-0.336075
1.05911
0.193542
0.446045
0.762802
0.732269
0.713928
0.685577
0.609131
0.531403
0.419754
0.142548
-0.107071
-0.425583
-0.835297
-1.07877
-1.11418
-1.02957
-0.809235
-0.581635

[21]
-0.848633
-0.318878
-0.224762
-0.473999
-0.742325
-0.3461
-0.380844
-0.0423737
-0.0302887
-0.0473785
-0.0603027
-0.0808105
-0.0527496
-0.0323181
0.00169373
0.00135803
-0.00854492
-0.0114441
-0.0104218
-0.0135345
-0.0128326
-0.0409546
-0.049469
-0.0351105
-0.0640106
-0.104431
-0.148132
-0.170059
-0.223618
-0.327103
-0.360947
-0.556229
-0.94606
-1.06328
-1.06981
-1.09129
-0.566254
-0.468704
0.49942
-0.154373
0.375214
0.715012
0.65184
0.710342
0.677277
0.655563
0.587341
0.499146
0.330338
0.0523834

[22]
-0.232208
-0.621048
-0.987534
-1.09442
-1.1264
-0.863983
-0.711441
-0.452377
-0.544907
-0.607956
-0.64444
-0.49736
-0.517929
-0.0511475
-0.0816803
-0.0182037
-0.0418549
-0.0907898
-0.0579224
-0.0352783
-0.0510559
-0.00473022
-0.0140228
-0.0353699
-0.0108032
0.00439453
-0.0148926
-0.0215454
-0.0500641
-0.0317535
-0.0335999
-0.120239
-0.137527
-0.199997
-0.284485
-0.310684
-0.380676
-0.45787
-0.68187
-0.928619
-1.07181
-0.893478
-0.908524
-0.77533
-0.0100555
0.892181
0.399124
0.583923
0.62851
0.678574

[23]
0.621368
0.604187
0.526779
0.425232
0.269943
0.00038147
-0.26358
-0.589539
-0.937347
-1.09142
-1.12968
-1.08063
-0.908646
-0.667252
-0.955704
-0.177704
-0.130142
-0.416916
-0.856659
-0.488297
-0.216782
-0.131638
0.00646973
-0.0626526
-0.0343628
-0.0319824
-0.0512238
-0.022934
-0.0186005
-0.0293732
-0.0241547
-0.0140533
-0.0101929
-0.0177917
-0.034317
-0.0365601
-0.048584
-0.0431976
-0.104279
-0.165222
-0.203323
-0.226654
-0.269379
-0.325516
-0.49231
-0.753799
-1.06407
-1.07773
-1.09453
-0.902359

[24]
-0.616928
0.140579
0.452423
0.474274
0.704544
0.666229
0.72612
0.633392
0.619843
0.513336
0.426086
0.281174
0.00495911
-0.295792
-0.607895
-1.02971
-1.09633
-1.12823
-0.825317
-0.572495
-0.453491
-0.355789
-0.432892
-0.493469
-0.534637
-0.745102
-0.488037
0.0152893
-0.0339508
0.0439148
-0.0127411
-0.0657501
-0.0636139
-0.0414429
-0.0167542
-0.0296173
-0.0396423
-0.0554962
-0.0270081
-0.00608826
-0.00579834
-0.0239563
-0.0389557
-0.0541077
-0.0810242
-0.0957642
-0.181946
-0.194138
-0.284515
-0.330582

[25]
-0.409851
-0.500183
-0.750092
-1.06049
-1.04503
-1.08626
-0.96965
-0.410492
0.55011
-0.183075
0.290222
0.755493
0.676392
0.716553
0.694916
0.625061
0.539886
0.413223
0.239792
-0.0775757
-0.317932
-0.663483
-1.07436
-1.1142
-1.136
-1.02109
-0.858902
-0.622925
-0.415741
-0.50383
-0.499588
-0.585785
-0.648361
-0.283936
-0.0544128
-0.114975
-0.0349121
-0.0686188
-0.048111
-0.0433044
-0.0778656
-0.0179596
-0.00679016
-0.000244141
-0.00871277
-0.0104218
-0.0125427
-0.0108948
-0.0274506
-0.0316162

[26]
-0.0494232
-0.0687714
-0.101059
-0.147202
-0.221634
-0.300583
-0.371078
-0.434052
-0.56308
-0.950455
-1.06375
-1.01561
-0.984299
-0.744598
-0.29184
1.03491
0.364761
0.417404
0.71756
0.69577
0.640869
0.597061
0.474716
0.443359
0.257675
-0.0348053
-0.264236
-0.584991
-1.00032
-1.10284
-1.14107
-0.978683
-0.76593
-0.667725
-0.704498
-0.667969
-0.867661
-0.548813
-0.62352
-0.0567169
-0.0213776
0.0601807
0.00431824
-0.078598
-0.086441
-0.0147247
-0.0380554
-0.0196075
-0.0635681
-0.061142

[27]
-0.0109406
-0.00958252
-0.0327301
-0.0209045
-0.0337677
-0.0372772
-0.0553436
-0.0627747
-0.131317
-0.206879
-0.256104
-0.316986
-0.373123
-0.448227
-0.756561
-1.05701
-1.06897
-1.08345
-0.738251
-0.531723
0.367874
-0.0976562
0.32605
0.722412
0.661957
0.729675
0.716339
0.654617
0.606918
0.490402
0.312576
0.0367126
-0.233078
-0.597382
-1.06871
-1.10876
-1.14621
-1.11877
-0.362167
-0.642822
-0.772537
-0.8461
-0.511642
-0.627136
-0.0847321
-0.121185
0.00827026
0.0658264
-0.0521088
-0.0704346

[28]
-0.0112762
-0.0569458
-0.0356293
-0.0579071
-0.0507355
-0.0254669
-0.00968933
-0.0195923
-0.0193787
-0.00318909
-0.0416718
-0.0511322
-0.0746307
-0.0977783
-0.156006
-0.210205
-0.280304
-0.342636
-0.428528
-0.545517
-1.00061
-1.06514
-0.955658
-0.956772
-0.873886
-0.0843811
0.823471
0.446213
0.534454
0.66597
0.717575
0.725388
0.696152
0.661865
0.534256
0.342514
0.0334625
-0.205353
-0.63002
-1.07689
-1.12282
-1.16579
-1.15594
-0.811569
-1.03667
-0.320023
-0.365479
-0.345688
-0.851227
-0.457428

