[0]
0.01091
0.0911102
1.11206
0.830383
0.570297
-0.133148
-0.0114136
0.0496979
-0.00360107
0.068161
0.0523529
0.0256042
-0.0169678
-0.011322
0.0163269
0.0388794
0.0447235
0.0199127
0.0287781
0.0498047
0.0202332
0.0527496
0.157944
0.251114
0.391388
0.502533
0.639053
0.755966
1.07567
1.09821
1.12097
1.15178
0.807419
-0.217087
-0.00756836
-0.210983
-0.642197
-0.818008
-0.74585
-0.71994
-0.711914
-0.643723
-0.59787
-0.495819
-0.343842
-0.0917969
0.349045
0.945847
1.12463
1.18466

[1]
1.22942
1.16631
0.525238
0.149628
-0.291885
1.15475
0.641602
1.07048
-0.246445
0.041153
0.0666504
-0.00456238
0.0852814
0.0868378
0.0163574
-0.0284119
-0.0552673
-0.0364075
0.0197906
0.0152588
-0.0357208
-0.00875854
0.000564575
0.0519409
0.0916901
0.141846
0.214462
0.370422
0.433624
0.583618
0.65712
0.909988
1.06848
1.086
1.1069
1.13908
0.334442
-0.388672
-0.34462
-0.353912
-0.575302
-0.843262
-0.777588
-0.777374
-0.741989
-0.709366
-0.584015
-0.477783
-0.311798
0.122757

[2]
0.757233
1.12816
1.1924
1.24538
0.922089
0.646866
0.813873
1.20383
0.237228
1.17682
1.09999
0.751587
0.334473
-0.15921
0.144073
-0.141663
0.0457764
0.0759277
0.032196
-0.00517273
0.0610809
0.0741272
0.0334167
0.0461273
0.059494
0.0390472
0.0429077
0.101898
0.1371
0.177185
0.327377
0.414825
0.546707
0.600418
0.838898
1.05981
1.07672
1.09825
0.941223
0.361893
-0.673065
-0.706497
-0.387405
-0.781525
-0.8349
-0.763489
-0.690887
-0.674728
-0.573364
-0.434021

[3]
-0.261246
0.079071
0.511398
1.02696
1.17596
1.24178
1.17209
0.745743
0.869766
0.637787
0.0344391
0.202408
1.11728
0.371857
0.371277
0.195786
0.199265
-0.010376
-0.0190735
0.126862
0.0780792
-0.00495911
-0.0315552
-0.01091
-0.00605774
0.0529633
0.0765076
0.0516815
0.0366821
0.0498962
0.115524
0.19455
0.254608
0.400986
0.509323
0.570419
0.736237
1.05412
1.06975
1.08604
1.09763
0.99469
-0.0907745
0.364914
-0.341385
-0.438766
-0.722977
-0.718246
-0.736053
-0.715027

[4]
-0.723892
-0.607986
-0.540985
-0.365189
-0.00141907
0.403168
1.01645
1.16531
1.22699
1.26544
0.967987
1.2388
0.35936
0.171875
0.865005
0.541428
0.498688
0.0618134
0.0419769
0.0567932
-0.0785522
0.0592651
0.0469666
-0.00627136
-0.0194397
-0.025116
0.0239105
0.0433807
0.0445099
0.0375061
0.027771
0.0443573
0.0968628
0.189987
0.213272
0.304153
0.409546
0.536362
0.631622
0.84079
1.06284
1.08066
1.1021
1.00089
0.260422
-0.611771
-0.600418
-0.374268
-0.758667
-0.769226

[5]
-0.79071
-0.754181
-0.709396
-0.639267
-0.522995
-0.387238
-0.15535
0.401901
0.972946
1.14821
1.2131
1.2572
1.05321
0.794937
0.44754
-0.103088
1.04123
0.859314
0.563217
-0.00990295
-0.0106812
0.0587311
0.0129547
0.0878754
0.0915222
-0.0091095
0.00180054
-0.0437317
-0.0439606
0.0191956
0.0626373
0.0477142
0.0272675
0.0191956
0.0263977
0.0404053
0.151489
0.213943
0.379333
0.47821
0.5961
0.686874
1.05537
1.07401
1.09398
1.11765
1.15105
0.155396
-0.493759
-0.494644

[6]
-0.414017
-0.941391
-0.755127
-0.823914
-0.762314
-0.730881
-0.687134
-0.57576
-0.450516
-0.255768
0.179962
0.755936
1.1203
1.18683
1.23717
1.19504
0.479172
0.404251
-0.0859375
1.16275
0.743988
0.661316
0.408951
-0.0341492
0.074295
-0.0908508
0.0547791
0.0716705
0.0218201
-0.0388184
-0.0326385
0.0175781
0.00918579
0.0418701
0.0200806
0.0257568
0.0743103
0.138031
0.203888
0.228577
0.376877
0.51358
0.660828
0.714661
1.05017
1.06874
1.08804
1.11513
0.858719
-0.438629

[7]
0.522873
-0.339478
-0.770889
-0.861771
-0.748581
-0.694885
-0.678101
-0.643127
-0.54277
-0.411331
-0.215393
0.221222
0.761841
1.13329
1.20331
1.25826
1.01308
0.645203
0.960709
-0.232895
1.20085
1.10622
0.565964
0.502716
-0.0496368
0.102219
-0.111679
0.0751801
0.0857086
0.00967407
-0.0265961
-0.00395203
0.00770569
0.0661774
0.0641022
0.0702057
0.0409241
0.0783386
0.12442
0.15065
0.228241
0.406464
0.505157
0.61911
0.754562
1.05186
1.06831
1.08904
1.11902
0.339539

[8]
-0.589172
-0.746719
-0.317322
-0.79805
-0.82428
-0.763535
-0.74736
-0.713318
-0.639236
-0.547867
-0.38327
-0.139801
0.367508
0.79483
1.1597
1.23071
1.28461
1.25508
0.501053
1.24274
-0.221405
1.13828
1.12146
0.735535
0.471588
-0.10141
0.110565
-0.100174
0.0295715
0.128799
0.0427399
-0.00038147
-0.0669098
-0.0513
-0.00875854
0.0277863
0.0633545
0.0467987
0.0522614
0.111435
0.161255
0.242966
0.418228
0.529526
0.58934
0.717148
1.04402
1.05902
1.07785
1.1048

