[0]
-0.00105286
0.0655518
0.93898
-0.0648041
0.370071
0.265259
0.1586
-0.0143585
-0.0386505
-0.0128937
-0.0397491
-0.139313
-0.206558
-0.168427
-0.00593567
0.0944824
0.0656128
-0.0144348
0.0111389
0.0646973
-0.062088
-0.177841
-0.098053
0.039032
0.0605927
-0.0342712
-0.0282745
-0.242386
-0.595901
-1.82072
-1.48376
-1.00038
-0.864883
-0.486191
0.0681
0.180954
-0.323303
-0.587509
-0.31868
-0.251114
-0.120865
-0.0436249
0.00245667
0.061554
0.150787
0.17601
0.161942
0.343063
0.551376
0.616898

[1]
1.14397
2.24832
1.07899
-0.906815
0.692963
0.855484
0.0592651
0.481461
0.494949
0.145157
-0.102402
-0.105774
-0.0206146
0.0305481
0.0306702
-0.223648
-0.228516
-0.100372
0.0495605
0.110855
0.0942993
0.0277557
0.0318756
0.0440369
-0.0133972
-0.0840149
-0.126526
-0.139236
-0.175644
0.0128479
-0.139496
-0.326767
-0.810165
-1.54807
-0.0211945
-1.04129
-0.92453
-0.435898
-0.466782
-0.162628
-0.316605
-0.394409
-0.29895
-0.268738
-0.170807
-0.186371
-0.162003
-0.155426
-0.119476
-0.076828

[2]
-0.0681763
0.34819
0.758621
0.914688
1.11505
1.49698
1.01035
-0.407608
-0.284409
1.64632
0.203064
0.416306
0.00445557
0.286728
-0.0363464
-0.19075
0.133545
0.0125275
0.11058
-0.0797424
0.0320587
0.0849609
0.0243988
-0.00177002
0.0194397
0.119415
0.10141
0.0843811
0.0477753
0.0840302
-0.0834045
-0.187927
-0.021286
-0.00901794
-0.259583
-0.864563
-1.8373
-0.70372
-0.954803
-0.919006
-0.153839
-0.193588
-0.0522156
-0.296677
-0.382828
-0.274689
-0.240967
-0.127777
-0.0523682
0.0468292

[3]
0.135849
0.137741
0.303513
0.45462
0.521866
1.03586
1.17889
1.77995
0.842285
0.719925
-1.51773
0.927917
0.666321
0.0622711
0.352524
0.0532379
0.221085
-0.149536
0.00956726
0.158432
0.058609
0.0444641
-0.0855408
-0.147003
-0.00862122
0.00527954
0.107132
0.0998077
0.0486145
-0.00296021
-0.0982819
-0.0468292
-0.0364227
-0.00746155
0.0482788
0.0636902
-0.17543
-0.613464
-1.36842
-1.32471
-0.554245
-0.906281
-0.186493
0.183105
-0.0682983
-0.37088
-0.3759
-0.258072
-0.229309
-0.124756

[4]
-0.0671539
-0.0184784
0.0247192
0.0888214
0.147522
0.255127
0.453766
0.586716
0.903656
1.22469
2.26813
0.554932
-1.30554
0.786407
0.639801
0.112793
0.196747
0.246964
0.207932
-0.194244
-0.123795
0.011673
-0.00538635
-0.0877075
-0.285416
-0.169647
0.0341492
0.058197
0.0218353
-0.0514374
0.0180817
0.0158081
0.0446625
-0.0525818
-0.0192719
-0.0318451
-0.09375
-0.080719
-0.0919495
-0.455246
-0.882416
-1.87756
-0.433899
-0.891754
-1.18781
-0.521637
-0.251877
0.0880432
-0.406662
-0.55014

[5]
-0.34903
-0.282227
-0.149231
-0.0687103
-0.010788
0.0584106
0.104416
0.245193
0.394196
0.475189
0.750595
0.955505
2.12445
1.13153
0.0366821
0.631226
0.806473
0.142517
0.184845
0.258636
0.144058
0.0504761
0.0385132
0.0608521
0.0122986
-0.0396271
-0.232071
-0.315994
-0.172913
0.0434875
0.266312
0.122192
0.0615692
0.0575256
0.0373688
-0.0964966
-0.101624
-0.0407104
-0.0628815
0.0535278
0.135986
-0.149155
-0.592331
-1.20393
-1.5898
-0.590347
-1.05904
-0.735016
-0.292465
-0.170105

[6]
0.0612488
-0.447723
-0.61969
-0.362823
-0.294632
-0.179199
-0.137756
-0.0512238
0.0406647
0.0466461
0.127594
0.278732
0.408585
0.726791
1.21368
2.35468
1.68622
-0.691879
0.724472
0.953812
0.249725
0.0549469
0.321106
0.351822
-0.112701
-0.0334015
0.0808105
-0.0367432
-0.019104
-0.172394
-0.205276
-0.036499
0.037674
0.123352
0.0705414
-0.0292358
-0.0228577
-0.0854645
-0.131149
0.0295715
0.0284119
-0.0680389
-0.00239563
-0.261978
-0.709778
-1.40492
-1.13788
-0.825684
-1.14574
-0.819687

[7]
0.14119
0.283325
-0.365295
-0.664841
-0.330505
-0.217697
-0.120575
-0.069519
-0.00622559
0.0896454
0.116669
0.132309
0.303116
0.387695
0.670273
1.16043
1.89317
2.00377
-0.152344
-1.10486
1.62877
0.44368
0.27829
0.0861969
0.354919
-0.0207062
-0.0501556
0.167526
0.0182648
-0.0778656
-0.192337
-0.0168915
0.0459595
0.0875397
0.0614624
0.0844879
0.0522766
-0.0101318
-0.0791626
-0.0835114
-0.00088501
-0.106796
-0.0851746
-0.090683
-0.336029
-0.67305
-1.80211
-0.529495
-1.26448
-1.1377

[8]
-0.509567
-0.19722
-0.189987
-0.415054
-0.431076
-0.298782
-0.193192
-0.0242004
0.0664215
0.108627
0.155731
0.204514
0.196289
0.421738
0.57666
0.696472
1.08342
1.93045
1.56705
-0.379089
-1.10858
1.34596
0.528381
0.14502
0.21521
0.423172
-0.0142517
-0.190857
-0.0240173
0.072937
0.156769
0.0144653
-0.123001
-0.0582275
0.00567627
0.0761719
0.0755463
0.0894012
0.0292206
0.00158691
-0.0819702
-0.0107117
-0.0486755
-0.0212097
0.0350952
-0.165787
-0.499542
-1.56944
-0.926193
-0.982513

