[0]
-0.192505
0.188248
0.306198
0.409119
0.115204
-0.12793
-0.241608
-0.165665
0.0768127
0.0714417
0.0773621
-0.0344543
-0.185776
-0.245514
-0.190277
-0.0462646
0.0361481
0.0102692
-0.0758057
-0.211609
-0.361755
-0.376938
-0.0667267
0.335205
0.247925
-0.00419617
-0.0749817
-0.130569
-0.165146
-0.113754
-0.24559
-0.304382
0.0303345
-0.0306854
-0.210342
-0.459488
-0.684326
-1.41093
-0.511444
-0.730362
-0.566559
-0.237473
-0.373779
-0.430069
-0.311172
-0.343552
-0.361877
-0.26535
-0.0880585
0.0221558

[1]
0.0475922
0.0313721
0.0420532
0.108612
0.243256
0.414246
0.656021
0.698563
1.28789
1.48064
1.2473
0.095047
-0.0199738
0.720291
0.673386
0.175476
0.157074
0.036911
0.103882
0.00799561
-0.0452881
-0.0903015
-0.111267
-0.179337
-0.235458
-0.237823
-0.183502
-0.0384369
0.0240784
0.107819
0.0302887
-0.0708771
-0.0515289
-0.0619202
-0.103516
-0.0774689
-0.265884
-0.0870819
0.0818787
-0.107315
-0.61084
-1.1297
-2.00464
-0.852905
-0.803146
-1.09212
-0.218155
0.220917
-0.223923
-0.659958

[2]
-0.453995
-0.341064
-0.152542
-0.0924377
-0.0794983
-0.010498
0.032959
0.0364532
0.0371552
0.150406
0.394196
0.608521
1.09602
1.71614
1.59465
0.0455475
1.13686
0.838699
0.306473
-0.038208
0.245758
0.254288
-0.0940247
-0.129517
0.157394
0.0388184
-0.0971832
-0.227158
-0.0763397
-0.0188293
-0.011673
-0.0120544
-0.0313873
-0.0965118
-0.139221
-0.118576
-0.00413513
-0.107468
-0.16124
-0.0921936
-0.379639
-0.783691
-2.02962
-0.513596
-1.04086
-1.25238
-0.571259
-0.133377
-0.164276
-0.440399

[3]
-0.52948
-0.365952
-0.275574
-0.119995
-0.0608063
-0.0512848
0.0114746
0.091156
0.230042
0.493408
0.725586
0.919754
0.820236
1.97054
0.75029
-1.26038
0.879059
0.833786
-0.168152
0.569382
0.320969
0.0215454
0.125153
-0.0540314
-0.159332
-0.211227
-0.14653
-0.101486
-0.0217438
0.0616608
0.057251
-0.0304718
-0.110977
-0.0454407
-0.171799
-0.161072
0.0372467
0.0508575
0.0480957
-0.0102692
-0.280273
-0.634644
-1.72968
-1.21211
-0.962326
-1.20645
-1.01244
-0.0385895
0.263565
-0.258652

[4]
-0.645065
-0.411621
-0.298569
-0.201874
-0.140076
-0.101425
-0.00770569
0.0599518
0.135757
0.290085
0.514206
0.528549
0.766983
1.08669
1.76657
0.114548
0.236572
1.14514
0.384811
-0.0266266
0.191238
0.325897
-0.0434875
0.159988
-0.0127716
-0.184784
-0.17923
-0.0673676
-0.147736
-0.0410614
0.0848999
0.0643616
0.0135193
-0.0572815
-0.0409241
-0.039444
-0.129608
-0.0516815
-0.113342
0.0632629
0.0502777
-0.394043
-0.738312
-1.5499
-1.15053
-0.855194
-1.21382
-1.11937
0.204926
0.355667

[5]
-0.0736694
-0.644775
-0.755997
-0.332336
-0.39209
-0.232086
-0.176453
-0.102875
-0.00582886
0.0532684
0.0902863
0.268341
0.436371
1.47675
1.57983
1.59427
1.28006
-1.34285
1.48236
0.999268
0.301086
0.0859375
0.284088
-0.134415
0.14093
0.243332
0.0916901
-0.00418091
-0.00866699
-0.152222
-0.045578
0.0067749
0.0410004
0.0171356
-0.127106
-0.0756683
0.00102234
0.0299225
-0.0350647
-0.152695
-0.0697784
-0.0518799
-0.25206
-0.445724
-1.2679
-1.19063
-0.691742
-0.983688
-0.95079
-0.373032

[6]
-0.179352
-0.26506
-0.455521
-0.458221
-0.242004
-0.287247
-0.168228
-0.0991669
-0.0426788
0.0133667
0.0437164
0.145767
0.25618
0.32196
0.713776
1.16853
1.77115
1.17291
-0.566422
1.13933
0.717361
-0.0812988
0.262207
0.380371
0.116089
0.191513
0.0092926
-0.147858
-0.118393
-0.17511
-0.160339
-0.0562897
-0.00894165
-0.0251923
0.0216217
0.0625458
0.0674744
0.00624084
-0.201431
-0.110672
-0.0490875
0.0710602
0.069931
-0.318344
-0.603363
-1.66795
-1.34489
-0.819107
-0.970306
-1.01547

