[0]
-1.07823
-0.94371
0.525497
-0.0428772
-0.0562744
0.322235
0.516693
0.0805054
0.0936279
-0.178299
-0.0971222
-0.072403
0.000152588
0.0349579
-0.0257721
-0.0599976
-0.0917511
-0.0462494
-0.00769043
-0.134613
-0.152725
-0.0939636
-0.0244141
0.0722351
-0.10054
-0.106781
0.141769
0.0823059
-0.0131531
-0.161896
-0.125992
0.0165253
-0.276321
-0.417084
-0.462646
-0.579483
-0.49411
-1.08556
-0.991669
-0.657806
-0.922531
-0.410461
1.02219
-0.441635
-1.04741
-0.74913
-0.624908
-0.545303
-0.478592
-0.408478

[1]
-0.332092
-0.358093
-0.358475
-0.266556
-0.153366
0.359039
1.09013
1.76749
2.37218
2.39066
2.13943
0.458633
-1.6985
0.802536
0.548233
0.872452
0.455017
0.353409
0.396103
0.18544
0.0300293
0.0598755
-0.057724
-0.164551
-0.225967
-0.0384216
-0.0442352
-0.0732574
-0.00154114
0.00160217
-0.0958557
-0.0162048
0.0146179
0.0247498
0.0355225
-0.0665283
-0.095871
-0.318848
-0.529419
-0.642899
-0.549103
-0.381119
-1.77284
-0.431839
-1.04196
-0.219666
0.19281
-0.126053
-0.807785
-0.82222

[2]
-1.03726
-0.681107
-0.476532
-0.408096
-0.378174
-0.351501
-0.329544
-0.259674
-0.00167847
0.432999
1.18781
2.17154
2.35896
2.37544
2.33952
-0.706039
-1.69763
0.678833
0.304428
2.00954
0.358627
0.604126
0.312622
-0.0102386
-0.0612793
-0.20755
-0.06633
0.239929
-0.0282135
-0.131424
-0.217438
-0.0337677
0.117554
0.0200043
0.0289307
-0.0942841
-0.326706
-0.379578
-0.344879
-0.513779
-0.614075
-0.521255
-1.57939
-1.16267
-1.40594
-0.396774
-0.397903
0.591537
-0.441452
-0.812943

[3]
-0.782562
-0.862045
-0.621048
-0.47876
-0.300003
-0.235229
-0.262054
-0.227692
0.193314
0.565521
1.38191
2.04665
2.41713
2.42023
2.16963
-1.68201
0.466263
1.14444
1.15672
0.857971
0.365479
0.710693
0.250305
-0.0683289
-0.148636
-0.104202
0.00634766
0.124603
-0.0569305
-0.0265045
-0.15918
-0.155472
-0.0464478
0.0324554
0.0224915
-0.077179
-0.305817
-0.333649
-0.38031
-0.437683
-0.451233
-0.399399
-1.07678
-1.71384
-1.12778
-0.950974
-0.233429
1.13931
-0.255737
-0.880005

[4]
-0.779968
-1.02303
-0.779022
-0.432663
-0.354141
-0.250183
-0.231674
-0.217789
-0.236526
0.261261
0.903732
1.76913
2.40797
2.43871
2.41191
0.270508
-1.66127
1.1483
0.292953
1.5183
0.174469
0.799469
0.495163
-0.0256958
-0.125473
-0.0466003
-0.015976
-0.0311584
0.136307
-0.0553131
-0.0252838
-0.112793
-0.0449371
0.0437317
-0.0483398
-0.0970612
-0.101746
-0.143982
-0.230667
-0.419968
-0.486481
-0.347092
-0.199692
-1.07306
-1.68651
-1.27693
-1.03276
-0.565811
0.600113
0.12674

[5]
-0.673813
-0.607285
-0.855164
-0.742294
-0.446838
-0.348709
-0.196869
-0.0406952
-0.0446777
0.0369263
0.337601
1.32889
2.03183
2.22714
2.34575
2.30638
2.1241
-1.83206
-1.73561
1.85399
0.1642
1.15054
0.41835
0.792145
-0.000778198
-0.114731
-0.044342
0.00669861
0.000137329
0.20575
-0.0118256
-0.0556488
-0.120804
-0.10791
-0.161041
-0.177216
-0.0440979
-0.0786285
-0.196945
-0.254471
-0.309631
-0.385239
-0.424957
-0.487396
-0.863724
-1.74147
-0.91095
-1.04767
-0.609283
0.188843

[6]
0.760422
-0.876144
-0.942719
-0.908676
-0.831467
-0.510895
-0.382751
-0.294693
-0.263809
-0.316086
-0.24472
0.181183
0.850494
1.71243
2.35875
2.39087
2.37358
1.41928
-1.70973
1.31427
0.7565
1.15839
0.511078
0.581985
0.601624
-0.0489502
-0.112518
0.0113831
-0.0966797
0.126114
-0.061554
-0.0293274
-0.16362
-0.144348
-0.00144958
-0.0128937
-0.0497437
-0.0365601
-0.0629272
-0.206177
-0.295609
-0.366592
-0.510254
-0.452515
-0.409714
-1.08063
-1.49318
-0.971512
-1.25386
-0.356934

