[0]
0.397522
0.393051
0.344376
0.209152
-0.0231628
-0.0786591
0.087204
-0.0632172
0.0764313
0.108276
0.0362549
0.0685577
-0.0224457
-0.0900879
-0.0443115
-0.010849
-0.0167084
0.0199585
0.00236511
-0.0366058
-0.0887451
-0.125153
-0.0687866
0.171051
0.114563
0.049057
0.0163879
-0.00422668
0.112427
0.184357
0.160767
0.275101
0.522171
0.637268
0.77713
1.04567
1.11337
1.13754
1.00288
0.856445
0.506393
-0.0481415
-0.89093
0.0825043
-0.531799
-0.648895
-0.570496
-0.551666
-0.506897
-0.475113

[1]
-0.443176
-0.351364
-0.171875
0.0792694
0.573181
1.01886
1.10832
1.16116
1.20007
0.671906
0.549332
0.409271
0.2314
0.725311
0.903198
0.583786
0.116852
0.0682831
0.0131378
0.0985565
0.0113831
0.0580292
0.0414886
-0.0293427
-0.0808716
-0.0730591
-0.0576935
0.00784302
0.0276337
0.0449677
-0.00494385
-0.0142365
0.00645447
0.0259399
0.170212
0.163589
0.28862
0.499557
0.715012
0.849701
1.08246
1.10667
1.1333
1.15938
0.979462
-0.0935669
0.155945
-0.477066
-0.393158
-0.667694

[2]
-0.669647
-0.63736
-0.686371
-0.666382
-0.628159
-0.566589
-0.450348
-0.219818
0.153702
0.825531
1.08257
1.1358
1.18097
0.861221
0.472549
0.271942
0.350616
1.11255
0.354523
0.802322
0.108871
0.209656
-0.0353241
-0.146408
0.0664978
0.0677643
-0.0583801
-0.055481
-0.0490265
0.0117798
0.0811005
0.042572
0.0466156
0.0657349
0.157913
0.179764
0.287354
0.443314
0.58255
0.738495
0.813217
1.09557
1.12248
1.15027
1.19084
0.510376
0.133667
-1.08742
-0.156235
-0.843002

[3]
-0.691666
-0.676758
-0.684174
-0.61998
-0.574097
-0.547058
-0.369583
-0.0986633
0.470184
1.06868
1.12517
1.18274
0.99144
1.03569
1.19365
0.371368
0.256561
1.01611
0.760056
0.118683
-0.0993347
0.12796
0.16655
0.0157928
-0.024704
-0.0292969
-0.0478668
-0.0567322
-0.0275574
0.0247498
0.0311127
0.0735321
0.0283051
0.0397339
0.0741119
0.173859
0.277725
0.416122
0.572205
0.653992
0.765198
1.08981
1.11607
1.1425
1.17543
0.743607
-0.320023
0.00944519
-0.355927
-0.500214

[4]
-0.869705
-0.673935
-0.696777
-0.670914
-0.63063
-0.585083
-0.431412
-0.275696
0.101303
0.752533
1.08276
1.13898
1.19102
0.854233
0.672104
0.830582
-0.0368805
1.1223
0.844528
0.432999
-0.071106
0.0856476
0.10437
0.0912476
0.0313263
-0.00430298
-0.0499878
-0.0283051
-0.0319061
-0.0361023
0.0279694
0.0390778
0.0206909
0.0454865
0.00308228
0.0642242
0.150269
0.233978
0.436081
0.568359
0.639771
0.812958
1.08559
1.11212
1.1402
1.00397
0.845337
-0.401764
0.270676
-0.82222

[5]
-0.350967
-0.922943
-0.65773
-0.723816
-0.713318
-0.680283
-0.591858
-0.464127
-0.230545
0.148438
0.782425
1.09384
1.15283
1.20187
0.95665
0.541763
0.803848
0.19223
0.443436
1.11052
0.877762
0.149063
0.00814819
0.0521393
0.0795441
0.042511
0.0052948
0.0420532
-0.000396729
-0.0274048
0.00622559
-0.00662231
0.0514526
0.01651
-0.0332794
0.0313416
0.115143
0.145981
0.253311
0.427399
0.568741
0.656204
0.698959
1.0751
1.11745
1.13954
1.16982
0.960236
-0.0536346
0.0463104

[6]
-0.738464
-0.159683
-0.732437
-0.669113
-0.673172
-0.673599
-0.618851
-0.55542
-0.447449
-0.282455
0.04039
0.670929
1.07126
1.12601
1.18091
0.794846
1.22035
0.999954
0.904907
0.673218
0.728745
0.418625
-0.0425262
0.0364075
0.210953
0.0908661
0.0665741
0.0155792
-0.0182037
-0.00402832
-0.0525208
-0.0251007
0.00683594
0.00949097
0.0703583
0.0462036
0.080368
0.137436
0.09935
0.205048
0.417542
0.559952
0.663742
0.768372
1.08647
1.10992
1.13545
1.1685
0.891953
-0.264633

