[1]
0
0.0859528
0.0672913
0.046463
-0.02211
-0.066452
-0.0997925
-0.161972
-0.189331
-0.211594
-0.199753
-0.231476
-0.261749
-0.261002
-0.287689
-0.235962
-0.243149
-0.24353
-0.225891
-0.195786
-0.148834
-0.165039
-0.176117
-0.186188
-0.389343
-0.463531
-0.481155
-0.723969
-0.398621
-0.213669
-0.000457764
-0.000961304
-0.158356
-0.127975
-0.133667
-0.0869293
-0.0383759
0.0343628
0.00604248
-0.00177002
-0.016098
0.0110016
0.029953
0.02742
-0.00569153
-0.0267487
-0.0154266
-0.006073
-0.0162201
0.0128479

[2]
0.00440979
-0.0231323
-0.0491638
-0.0724945
-0.125336
-0.213089
-0.216019
-0.279129
-0.42186
-0.600632
-0.860046
-1.07709
-0.841949
-0.810883
-0.584427
-0.587128
0.260925
0.00721741
0.167358
0.467804
0.525894
0.621872
0.619202
0.586761
0.480209
0.404633
0.387436
0.206955
0.0125275
-0.253174
-0.582275
-0.930862
-1.08688
-1.09467
-0.873901
-0.765366
-0.635452
-0.210892
-0.176941
-0.42897
-0.476181
-0.474426
-0.266953
-0.162231
-0.0969696
-0.0446777
0.00535583
-0.0191956
-0.0410614
-0.0120697

[3]
0.0493622
0.0132599
0.0117035
-0.0103455
0.0506592
0.0500336
0.00398254
-0.0326691
-0.0317078
-0.0384521
-0.041626
-0.0369873
-0.0375977
-0.0471344
-0.0798187
-0.129929
-0.193542
-0.174408
-0.223663
-0.297577
-0.37886
-0.621643
-0.935165
-0.944443
-0.868698
-0.792511
-0.722366
-0.400177
0.546631
-0.0718842
0.18782
0.541321
0.57515
0.63414
0.613724
0.550507
0.453262
0.376328
0.329391
0.194748
-0.0412445
-0.303879
-0.66066
-0.999619
-1.09766
-1.13443
-0.707809
-0.468369
-0.296448
-0.176575

[4]
-0.194366
-0.258911
-0.406418
-0.566956
-0.13414
-0.164276
-0.115128
-0.0396118
-0.136597
-0.0392456
-0.0418243
-0.02565
0.0223236
0.024704
0.0191345
0.00956726
0.0116577
0.0223541
-0.000961304
-0.0078125
0.0184937
0.00813293
-0.0169678
-0.051239
-0.0469513
-0.0752716
-0.120468
-0.116272
-0.257889
-0.286514
-0.342545
-0.622559
-0.935471
-1.07713
-0.90477
-0.872696
-0.584244
-0.565826
0.0546417
0.396591
0.310547
0.282303
0.526917
0.621536
0.648788
0.610123
0.528336
0.487396
0.429947
0.318573

[5]
0.106094
-0.192368
-0.569138
-0.999329
-1.10042
-1.14182
-0.851608
-0.535492
-0.648163
-0.159668
-0.264053
-0.313492
-0.64621
-0.475174
-0.249557
-0.0523834
-0.1147
-0.108826
-0.047287
-0.0611267
-0.0563202
0.004776
0.0272064
0.0231171
0.0169525
0.00837708
0.00585938
-0.00926208
0.00274658
-0.00564575
-0.0146484
-0.0369415
-0.0458374
-0.0708466
-0.0549622
-0.0914459
-0.165253
-0.219009
-0.272156
-0.289291
-0.387802
-0.774139
-1.07619
-0.978424
-1.09489
-0.755096
-0.741013
-0.0326538
0.436172
0.323349

[6]
0.250839
0.547363
0.624893
0.627869
0.600952
0.502213
0.439133
0.374771
0.207443
-0.050415
-0.34697
-0.777832
-1.08742
-1.13133
-1.03162
-0.680832
-0.451157
-0.637238
-0.12149
-0.581497
-0.276718
-0.619659
-0.237091
-0.239822
-0.230621
-0.141312
-0.116302
0.0330811
-0.0761108
0.0110168
0.018219
0.016922
0.00413513
-0.0410004
0.0174866
-0.0104065
-0.00544739
-0.00320435
0.00602722
-0.00447083
-0.0282135
-0.0362854
-0.0360413
-0.136215
-0.180115
-0.164017
-0.224304
-0.278381
-0.36908
-0.631439

[7]
-1.07848
-1.08984
-0.924789
-0.826996
-0.828079
-0.331253
0.719788
0.146027
0.144363
0.529434
0.565582
0.637299
0.608826
0.545914
0.416
0.423035
0.266617
-0.0216064
-0.332443
-0.690933
-0.95253
-1.04025
-0.881653
-0.714951
-0.552643
-0.305542
-0.715256
-0.00617981
-0.46553
-0.332275
-0.711304
-0.316544
-0.0921173
-0.170044
-0.0818634
-0.144104
-0.0580292
0.00601196
0.000793457
0.046463
0.0374756
-0.0178375
-0.0213165
0.0208282
-0.00482178
-0.0332489
-0.0207367
-0.00364685
-0.0285034
-0.0340881

[8]
-0.0406952
0.00775146
-0.0706177
-0.0813904
-0.107986
-0.117386
-0.192566
-0.238617
-0.296799
-0.4366
-0.639114
-1.01347
-0.93364
-0.839523
-0.716202
-0.699844
-0.188095
0.586258
0.0930328
0.136124
0.51033
0.572708
0.620224
0.60321
0.543106
0.456192
0.406311
0.32547
0.0953369
-0.129395
-0.456192
-0.814102
-1.06885
-1.10382
-0.782211
-0.538544
-0.360504
-0.400604
-0.158005
-0.432892
-0.255707
-0.402954
-0.381744
-0.0270081
-0.037735
-0.0769501
-0.163315
-0.112717
-0.106888
-0.0728912

[9]
-0.0188141
0.0329742
0.0327759
0.017334
-0.0192413
-0.00167847
-0.00628662
0.0258331
0.0241241
0.0113525
-0.0127869
0.0367584
-0.00357056
0.00617981
-0.004776
-0.0316467
-0.0908203
-0.113815
-0.172531
-0.258194
-0.312408
-0.448456
-0.631531
-0.966019
-1.00612
-0.829483
-0.90509
-0.490662
-0.441864
0.471863
0.0593567
0.0327759
0.529892
0.597321
0.631897
0.578659
0.522125
0.494064
0.462509
0.39418
0.261948
0.0661621
-0.204666
-0.624878
-0.987778
-1.09459
-0.966995
-0.672714
-0.428757
-0.205566

[10]
-0.339844
-0.548691
-0.333939
-0.485199
-0.199478
-0.138901
0.033432
-0.110489
-0.098999
-0.0297699
-0.102112
-0.0474091
-0.0262756
0.00532532
-0.0022583
-0.00401306
-0.0296631
-0.032135
-0.00299072
0.0322723
0.0282898
0.00906372
-0.0176239
-0.0022583
-0.00865173
-0.0352783
-0.0195923
-0.057373
-0.150009
-0.178604
-0.304993
-0.291885
-0.35791
-0.547363
-0.980423
-1.07286
-0.928772
-0.948685
-0.569351
-0.646667
0.152222
0.331848
0.317703
0.461197
0.648865
0.686859
0.682709
0.606003
0.513138
0.450668

[11]
0.390594
0.208298
-0.0556641
-0.304245
-0.666245
-1.04787
-1.09984
-1.04332
-0.680908
-0.66571
-0.307739
-0.326523
-0.488022
-0.550949
-0.242249
-0.244049
-0.090683
-0.105545
-0.0388489
-0.036377
-0.0867004
0.0259552
-0.00357056
0.0358887
-0.0301208
-0.00799561
0.00231934
0.00257874
-0.0197906
-0.0122528
-0.0160217
-0.00588989
-0.0202026
-0.045929
-0.0855865
-0.157822
-0.132492
-0.108948
-0.15419
-0.227127
-0.228851
-0.452438
-0.785492
-1.08366
-0.826813
-0.976562
-0.729019
-0.689316
0.000320435
0.550644

[12]
0.18779
0.172424
0.599976
0.651367
0.702011
0.669281
0.586945
0.516068
0.458344
0.331131
0.0863037
-0.19873
-0.578522
-1.05339
-1.09024
-1.12613
-0.684143
-0.836319
-0.241455
-0.241348
-0.633636
-0.221893
-0.547546
-0.182297
-0.149521
-0.0184174
-0.216827
-0.022522
-0.0554199
-0.0454254
0.0233307
0.0140381
0.0431061
-0.0309296
-0.0111389
-0.0042572
0.00135803
-0.0215912
-0.0294495
-0.0262146
-0.0653687
-0.051651
-0.0576935
-0.0355682
-0.0954895
-0.146027
-0.164703
-0.166321
-0.276993
-0.431305

[13]
-0.73262
-1.0797
-1.08101
-1.00508
-0.847183
-0.634491
0.00392151
0.744629
0.157913
0.249954
0.627838
0.707428
0.646332
0.605484
0.546829
0.516479
0.432922
0.293854
0.0563354
-0.25174
-0.604248
-1.05653
-1.11546
-1.15836
-0.963562
-0.525284
-0.45665
-0.14563
-0.16922
-0.414062
-0.749817
-0.411118
-0.270142
-0.154037
-0.0252228
-0.136642
-0.0702972
-0.101883
-0.0153961
0.0127106
0.0115509
-0.00590515
-0.0298615
0.00396729
0.0105286
0.00172424
0.0273895
0.0305939
-0.0207672
-0.0354156

[14]
-0.0270233
-0.0218353
-0.0325317
-0.103287
-0.110046
-0.119736
-0.170532
-0.260834
-0.380859
-0.569641
-0.961868
-1.06853
-0.7771
-0.887238
-0.656219
-0.472534
0.236237
0.279419
0.309341
0.34613
0.594315
0.676071
0.701599
0.64212
0.546829
0.48909
0.3992
0.213593
-0.00811768
-0.357697
-0.812027
-1.08659
-1.12891
-1.11243
-0.668381
-0.454117
-0.473953
-0.0737
-0.499817
-0.23494
-0.642319
-0.239716
-0.211731
-0.21257
-0.10141
-0.0150604
-0.0618896
-0.0822296
-0.0202332
0.0337372

[15]
0.00608826
0.00109863
-0.0151825
-0.0148468
-0.00521851
0.01474
0.0127869
0.0207214
-0.000442505
-0.0114899
-0.0301056
-0.0434723
-0.02388
-0.0701752
-0.105652
-0.173843
-0.183594
-0.256577
-0.373367
-0.55954
-0.953186
-1.06563
-0.936874
-0.919968
-0.623062
-0.469574
0.237
0.520309
0.395264
0.404068
0.642944
0.677155
0.729355
0.693146
0.603134
0.505219
0.441986
0.314529
0.0926056
-0.22876
-0.660706
-1.06042
-1.09978
-1.13794
-0.787247
-0.462112
-0.106781
-0.119614
-0.914856
-0.424179

[16]
-0.419205
-0.331818
-0.00398254
-0.0604095
0.0071106
0.050354
-0.0548401
-0.0498657
0.00119019
0.0218658
0.00614929
-0.0427399
-0.0241852
0.0196381
0.00437927
-0.00354004
0.0192719
0.0157318
0.000869751
-0.0180206
-0.0614014
-0.0569305
-0.0301361
-0.06633
-0.0982361
-0.1427
-0.239532
-0.225525
-0.332489
-0.547577
-0.911179
-1.08299
-0.951035
-0.968491
-0.659439
-0.64006
0.101105
0.485352
0.39061
0.304047
0.579758
0.637543
0.652679
0.608444
0.532852
0.472015
0.438705
0.269913
0.0285645
-0.227493

[17]
-0.675156
-1.064
-1.10164
-1.12851
-0.544907
-0.309753
-0.248444
-0.240387
-0.1241
-0.410141
-0.197876
-0.431122
-0.19545
-0.0274811
-0.0617065
-0.125366
-0.118149
-0.0791321
-0.0652313
-0.0195007
0.0108337
0.00764465
0.00508118
-0.0166016
-0.019455
0.00468445
0.0109863
0.0294495
0.021286
-0.0045929
-0.000549316
-0.0476074
-0.0236969
-0.0432739
-0.0474854
-0.120712
-0.197266
-0.334579
-0.296814
-0.435776
-0.700165
-1.07477
-1.07697
-0.992264
-0.973923
-0.670151
-0.0973206
0.87117
0.171539
0.216721

[18]
0.677475
0.755051
0.722626
0.664261
0.567749
0.518127
0.45192
0.256897
0.0385284
-0.249527
-0.684341
-1.04849
-1.08186
-0.999786
-0.629044
-0.446793
-0.353851
-0.42276
0.160873
-0.574677
-0.319962
-0.570038
-0.163071
-0.067688
-0.0398407
-0.0791779
-0.0224915
-0.0331726
-0.0955353
0.0264587
0.0177155
0.0330963
-0.0144501
-0.0169373
-0.000762939
0.0402222
0.00395203
0.006073
-0.0245819
-0.0387115
-0.0565338
-0.0559082
-0.0483704
-0.109924
-0.132355
-0.170197
-0.248871
-0.296738
-0.436142
-0.634827

[19]
-1.00403
-1.08672
-0.879211
-0.928879
-0.752197
-0.272232
0.497131
0.100449
0.157883
0.515823
0.646393
0.69014
0.673584
0.572403
0.492142
0.458618
0.344009
0.0973053
-0.184464
-0.506821
-0.936981
-1.08775
-1.12776
-0.851883
-0.536407
-0.473495
-0.204865
-0.0660248
-0.440964
-0.311523
-0.582596
-0.171539
-0.0203705
-0.126831
-0.176178
-0.125046
-0.0220032
0.0283203
-0.00204468
-0.0059967
0.000335693
0.00813293
-0.0158234
-9.15527e-05
0.0353699
0.0282745
0.018158
-0.0241852
-0.0119019
-0.036499

[20]
-0.038208
-0.035553
-0.0897522
-0.106812
-0.215408
-0.207489
-0.304932
-0.475113
-0.766342
-1.07701
-1.09064
-0.851044
-1.01326
-0.620636
-0.0917969
0.820358
0.261307
0.117279
0.575378
0.673798
0.571182
0.543259
0.496063
0.490845
0.406189
0.231552
-0.00134277
-0.288055
-0.685715
-1.07445
-1.11667
-1.13174
-0.677979
-0.472076
-0.339325
-0.377502
-0.0897064
-0.465302
-0.278381
-0.634506
-0.251373
-0.169693
-0.0623169
-0.0536499
-0.0765228
-0.0552826
-0.0383759
-0.0280304
0.0102844
0.0547791

[21]
0.0166779
0.0345917
0.0335388
0.0140839
-0.00500488
-0.0203705
-0.0364685
-0.0603027
-0.045166
-0.0325623
-0.0267792
-0.0617523
-0.115952
-0.143997
-0.239136
-0.224915
-0.310928
-0.42244
-0.655838
-1.03807
-1.06795
-1.01595
-0.862473
-0.795502
-0.389847
0.646454
-0.0658264
0.148376
0.570038
0.567902
0.644943
0.620728
0.54599
0.478592
0.442688
0.336288
0.0693665
-0.203156
-0.590607
-0.955704
-1.08936
-1.12981
-0.844208
-0.595978
-0.323441
-0.165787
-0.0324097
-0.239487
-0.393463
-0.574768

[22]
-0.160461
-0.0700226
-0.0977631
-0.114838
-0.059433
-0.0325012
-0.0587158
-0.0240173
0.0245819
0.0238342
-0.0212402
-0.00302124
0.00354004
-0.00183105
-0.0039978
-0.00331116
-0.00839233
-0.0422058
-0.0409698
-0.0475922
-0.0188904
-0.0688629
-0.109543
-0.14624
-0.232941
-0.308914
-0.485764
-0.727966
-1.0873
-1.09909
-0.953949
-0.868164
-0.654449
-0.288452
0.719894
0.085556
0.159973
0.531006
0.644608
0.731262
0.709
0.584839
0.461395
0.439026
0.309143
0.0743256
-0.190384
-0.543076
-0.861359
-1.0535

[23]
-1.08212
-0.641602
-0.563858
-0.286057
-0.404633
-0.0528107
-0.337921
-0.310928
-0.541306
-0.30249
-0.059845
-0.0488586
-0.0105896
-0.122803
-0.0946045
-0.0380554
-0.0541382
0.00592041
0.0234985
0.0198975
0.0243225
-0.00648499
0.0193787
0.00596619
0.0119324
0.00263977
-0.0146942
-0.0178528
-0.0322418
-0.0477905
-0.0289764
-0.104141
-0.108032
-0.237595
-0.206833
-0.307388
-0.418381
-0.651367
-1.04367
-1.0878
-0.812775
-0.890625
-0.622314
-0.318054
0.418945
0.0345764
0.137695
0.444534
0.632034
0.645142

[24]
0.632278
0.567154
0.50647
0.477829
0.326797
0.0996704
-0.127594
-0.479202
-0.922791
-1.07315
-1.11131
-0.859604
-0.513428
-0.255432
-0.422699
0.085907
-0.65033
-0.236588
-0.54863
-0.291016
-0.0631104
-0.0436707
-0.0440369
0.0112457
-0.0341949
-0.0722961
-0.000976562
0.0241241
0.0445862
0.0096283
-0.0161285
0.0142059
0.0193024
-0.0282288
-0.00588989
0.0188446
0.0219727
0.000137329
-0.00541687
-0.0308228
-0.0455475
-0.112747
-0.113403
-0.118927
-0.184692
-0.236038
-0.317841
-0.508972
-0.735641
-1.08179

[25]
-0.867416
-0.876816
-0.735809
-0.585342
-0.241074
0.665726
0.0408936
0.308701
0.476028
0.61792
0.692139
0.660675
0.577606
0.472198
0.403229
0.325562
0.100845
-0.180252
-0.553345
-1.03221
-1.07306
-1.1075
-0.691483
-0.353241
-0.250488
-0.122894
-0.168472
-0.196625
-0.392349
-0.336731
-0.520996
-0.0822906
-0.131912
-0.0848236
-0.0391541
-0.0515289
-0.0498505
-0.0526276
0.0233002
-0.00352478
0.0214081
0.0140076
-0.00157166
-0.0132904
0.0211029
0.0219879
0.0155182
0.011261
-0.0280914
-0.0198669

[26]
-0.0350342
-0.0162964
-0.0150604
-0.098877
-0.11087
-0.162476
-0.274948
-0.322037
-0.441101
-0.648209
-1.02098
-1.08124
-0.949478
-0.791031
-0.504349
-0.286484
0.468689
0.170258
0.276138
0.510864
0.634445
0.711609
0.692871
0.610748
0.497665
0.462051
0.313812
0.0997467
-0.114273
-0.443451
-0.830582
-1.07645
-1.11317
-0.815262
-0.637421
-0.68045
-0.234146
-0.0539703
-0.569214
-0.292633
-0.371521
-0.204453
-0.00212097
-0.0252228
-0.101059
-0.0399323
-0.048172
-0.058197
-0.0357819
-0.0188141

[27]
0.0188141
-0.0399475
-0.0284882
-0.00743103
-0.00720215
0.0278015
0.0214386
0.0195465
0.00190735
0.00325012
-0.0298615
-0.0156555
-0.0507355
-0.053299
-0.0900574
-0.0970306
-0.147888
-0.160629
-0.260468
-0.390015
-0.673904
-1.04767
-1.07716
-0.732452
-0.773468
-0.516205
-0.411865
0.317169
0.217834
0.203766
0.32724
0.482925
0.624207
0.60405
0.574341
0.492783
0.402298
0.29277
0.0446777
-0.228745
-0.575272
-0.957321
-1.10982
-1.15221
-0.931335
-0.585007
-0.340149
-0.676559
0.208023
-0.288574

[28]
-0.29274
-0.555847
-0.320831
-0.136978
-0.144028
-0.105331
-0.0401001
-0.0188599
-0.0778046
-0.0660248
-0.0125885
0.000289917
0.00695801
0.0122528
0.0262756
-0.0259705
-0.00201416
0.0103302
0.00411987
0.0123749
-0.0118256
-0.00534058
-0.0452271
-0.0727081
-0.0893097
-0.120575
-0.200104
-0.219116
-0.27417
-0.400452
-0.620712
-0.981766
-1.06796
-0.735352
-0.880051
-0.671707
-0.472992
0.29007
0.428543
0.304886
0.228897
0.591461
0.678207
0.662735
0.623993
0.46991
0.354492
0.247192
0.145493
-0.116028

[29]
-0.358826
-0.632584
-0.918472
-1.10974
-0.958435
-0.640137
-0.669159
-0.154877
-0.265945
-0.690704
-0.261902
-0.405548
-0.177383
-0.00843811
-0.091156
-0.072525
-0.0753479
-0.0957642
-0.0332184
0.0358734
0.0317993
-0.00727844
-0.0364075
-0.0395203
0.0281372
0.03125
0.00967407
-0.00872803
-0.0384216
-0.0239716
-0.048996
-0.0463867
-0.0652313
-0.151108
-0.176376
-0.177933
-0.250961
-0.289673
-0.492615
-0.7715
-1.08772
-1.10115
-1.0193
-0.846863
-0.766785
0.0230255
0.610092
0.191299
0.220703
0.577972

[30]
0.602325
0.581879
0.529968
0.478043
0.425537
0.328308
0.168411
-0.0795593
-0.337723
-0.710495
-1.06921
-1.10896
-1.08015
-0.68486
-0.367523
-0.302689
-0.221329
-0.657471
-0.244858
-0.64183
-0.229446
-0.045105
-0.0967712
-0.0809174
-0.0971832
-0.0617828
-0.0449371
-0.0414734
-0.00193787
0.0240173
0.0194397
0.03302
-0.0105896
0.0147705
0.0202789
-0.00840759
-0.0149231
-0.0247955
-0.0283661
-0.0360413
-0.0534363
-0.0534515
-0.118866
-0.134506
-0.185959
-0.253647
-0.356415
-0.518494
-0.930588
-1.08517

[31]
-1.0302
-0.962036
-0.573639
-0.537842
0.154129
0.548782
0.42981
0.374176
0.60675
0.712021
0.673767
0.645065
0.527695
0.465652
0.39241
0.186188
-0.0662994
-0.341522
-0.750488
-1.06512
-1.10072
-0.991272
-0.581238
-0.653732
-0.260071
-0.0783234
-0.746109
-0.273895
-0.522293
-0.187241
-0.0845947
-0.0699615
-0.0601501
-0.0121155
-0.0709534
-0.0900421
-0.0364075
0.00993347
0.0102081
0.00596619
0.00126648
-0.0114746
0.0254822
0.0324097
0.0341949
0.0493011
-0.00318909
-0.0363007
-0.0226593
-0.0422821

[32]
-0.0375671
-0.051178
-0.0874634
-0.105118
-0.146606
-0.252396
-0.265518
-0.406967
-0.633774
-0.964874
-1.08025
-0.976791
-0.945572
-0.534988
-0.512909
0.273895
0.494827
0.55513
0.348358
0.575775
0.717377
0.676239
0.61087
0.51088
0.468948
0.379578
0.216904
0.0123901
-0.226074
-0.674713
-0.962021
-0.970566
-0.797501
-0.601715
-0.437256
-0.266693
-0.273727
-0.47644
-0.509125
-0.346527
-0.215073
-0.161697
0.0964813
-0.0828552
-0.0946045
-0.0140686
-0.0924835
-0.065567
0.000198364
-0.0110321

