[1]
-0.0240784
-0.0593719
-0.0760651
-0.0536346
-0.0672302
-0.0762939
-0.0249176
-0.0495148
-0.0393677
-0.0470886
-0.0216064
-0.0429535
-0.0310364
0.12793
-0.0139771
-0.0293579
-0.0471497
-0.0210876
-0.0194855
-0.00715637
0.0154572
0.0295868
0.119904
0.120041
0.0386658
0.0765991
0.172562
0.442642
0.302933
0.401123
0.397644
0.349884
0.360947
0.31073
0.233414
0.167191
0.102142
0.0569916
-0.0133667
-0.0925751
-0.202133
-0.285538
-0.321259
-0.372208
-0.431549
-0.519531
-0.56076
-0.72879
-0.780762
-0.795105

[2]
-0.732559
-0.727264
0.519302
0.182541
0.0205231
0.177109
-0.088501
-0.0112762
-0.114426
-0.195206
-0.304901
-0.198959
-0.125854
-0.0568085
-0.0897522
-0.187469
-0.0607452
0.0126648
0.0201874
-0.0281677
-0.0509186
0.0143433
-0.0326996
-0.0133362
0.0290375
0.0020752
-0.0335846
-0.0364227
-0.0305176
-0.0149994
0.00798035
0.0343781
0.00364685
0.0347137
0.032608
0.0304718
-0.0312195
0.0178375
0.042099
-0.00604248
0.0980072
0.0142822
0.106842
0.102936
0.207596
0.219055
0.232224
0.630966
0.888336
0.452606

[3]
0.600052
0.461273
0.372879
0.172485
0.307999
0.633301
0.743683
0.599014
0.546997
0.435684
0.343369
0.380981
0.37738
0.253998
-0.190277
-0.239685
-0.404282
-0.686569
-0.806808
-0.871231
-0.7547
-0.955917
-1.01743
-1.28676
-1.42705
-1.01001
-0.601089
-0.338287
0.490784
0.0396881
-0.0975952
-0.388977
-0.112808
-0.0984955
-0.161835
-0.161209
-0.135208
0.00814819
0.00744629
-0.0132599
0.0536957
0.056778
0.0108185
-0.0651703
-0.00767517
-0.011673
-0.00186157
-0.00137329
0.0223083
0.0237579

[4]
0.0164185
0.0154266
0.0420074
0.0609131
0.00660706
0.0205231
0.0100555
0.0328674
0.0223999
0.0454559
0.0849152
0.0480347
0.0388794
0.0897217
0.101364
0.113113
0.210724
0.151886
0.584122
1.43329
0.464188
0.487732
0.545059
0.472809
0.35228
0.153915
0.532501
0.760498
0.714661
0.628021
0.486679
0.360855
0.464371
0.518112
0.351593
-0.0343781
0.028244
-0.231949
-0.337158
-0.751495
-0.804062
-0.926682
-1.07373
-1.23132
-1.35551
-1.36255
-1.10281
-0.712021
-0.130341
0.567368

[5]
0.223099
-0.44902
0.0908051
-0.021347
-0.263321
-0.192398
-0.147079
0.0385132
-0.0460968
-0.0270081
0.0188904
0.0680237
0.0772095
0.0319061
0.0181732
0.0433044
0.0875397
0.0592194
0.0737457
0.0880585
0.0417023
0.0335236
0.0488739
0.0760498
0.0678558
0.0540924
0.0926819
0.113144
0.0656586
0.0494385
0.0627594
0.0572052
0.0821075
0.147629
0.188461
0.216263
0.435898
0.859665
1.03685
0.77623
0.429001
0.344727
0.716934
0.416672
-0.131042
0.652039
0.729034
0.636688
0.504776
0.504959

[6]
0.398315
0.304855
0.291718
0.389633
0.320145
0.0642548
-0.434357
-0.588776
-0.802689
-1.13509
-1.08965
-1.28616
-1.66129
-1.74583
-1.02142
-0.245148
0.80365
0.0348358
-0.442047
-0.184616
-0.043457
-0.265884
-0.329834
-0.184891
0.0219879
0.0345154
-0.104233
-0.0141602
0.0787811
0.0747528
0.0668335
-0.00933838
-0.033783
0.0554199
0.0385895
0.0323181
0.0907135
0.0845032
-0.0335388
-0.0319214
0.0200653
0.0995483
0.0290222
0.0112305
0.00149536
0.0775604
0.136948
0.0321045
-0.0191803
-0.00292969

[7]
0.0639801
0.10965
0.0994873
0.333878
0.2603
0.304871
0.674377
0.862213
0.709244
0.316467
0.264786
0.698471
0.308701
-0.0188446
0.458755
0.630661
0.606766
0.558441
0.520126
0.387207
0.298431
0.259003
0.255493
0.180069
0.0306854
-0.211365
-0.487579
-0.785263
-1.22238
-1.33473
-1.10098
-1.53979
-1.59204
-1.03343
-0.0516357
0.624695
-0.0715027
-0.461411
-0.275528
0.209946
-0.130341
-0.46875
-0.275284
-0.208038
0.004776
-0.0741119
0.001297
-0.0100861
0.00132751
-0.0432129

[8]
0.000396729
-0.0235291
-0.00216675
0.00576782
0.0153198
0.019928
0.0613708
-0.0415192
-0.0228882
0.0346375
0.0631104
0.0494232
0.0489044
0.0782013
0.0711212
0.0501862
0.0236053
-0.0281982
0.130554
0.197266
0.243729
0.188354
0.889481
0.954041
0.771255
0.615768
0.204315
0.00585938
0.38179
0.722061
0.75592
0.596756
0.513794
0.453293
0.399445
0.338394
0.259094
0.185867
0.132645
-0.0578766
-0.250229
-0.391861
-0.70311
-0.912735
-1.118
-1.26973
-1.37439
-1.26541
-1.53351
-1.33977

[9]
0.130798
1.21675
-0.859436
-0.0466003
0.0792542
-0.17511
-0.468872
-0.313263
-0.130219
-0.0204773
0.00926208
0.0362854
0.0564728
-0.00517273
-0.00592041
-0.0632019
-0.0238647
-0.0517883
-0.0495148
-0.0253754
0.0367889
0.0428772
0.00816345
0.0236511
0.0154419
0.0287781
0.00218201
0.0304871
0.077179
0.0880127
0.0657501
0.04039
0.0604095
0.105042
0.145569
0.222778
0.128525
0.313232
1.10765
0.496429
0.911682
0.460144
0.208817
0.119583
0.292847
0.647995
0.733063
0.618286
0.537949
0.478867

[10]
0.447845
0.370071
0.271347
0.162781
0.0564117
-0.0956268
-0.257935
-0.573105
-0.851715
-1.03419
-0.99968
-1.04478
-1.15656
-1.18968
-0.975845
-0.772186
-0.889771
0.22821
1.09767
-0.547485
-0.18454
0.136658
-0.402328
-0.404358
-0.147278
-0.0274506
-0.0285034
-0.0768433
0.00463867
0.125534
0.0994263
0.0470123
0.0559387
0.0415802
0.0180054
0.0317993
0.0600281
0.0505829
0.00505066
0.0012207
0.0379028
0.0329895
0.0471802
0.0354919
0.0738831
0.110291
0.110855
0.0945892
0.0641174
0.0328217

[11]
0.126221
0.158173
0.171982
0.100433
0.356537
1.07288
0.498611
0.874695
0.646423
0.377197
0.187576
-0.0948334
0.528549
0.79248
0.707367
0.617401
0.513397
0.456802
0.426849
0.375275
0.276642
0.205978
0.0606537
-0.119263
-0.407303
-0.741089
-1.02869
-1.05896
-1.34703
-1.57593
-1.5215
-1.36346
-0.610886
1.37538
-0.621262
-0.3629
-0.188477
-0.076004
-0.246017
-0.199356
0.0272217
0.0568085
-0.006073
0.0151825
0.0603943
0.121643
0.0514526
-0.0133667
-0.10527
-0.0616608

[12]
-0.00328064
-0.0180664
-0.00923157
0.0262299
0.0445557
-0.000839233
-0.00805664
-0.0149536
0.00706482
0.0476074
0.0410156
0.0744019
0.0886078
0.0823517
0.0991058
0.0729828
0.138107
0.133682
0.181442
0.472412
0.996246
1.02512
0.455826
0.577255
0.482559
0.554367
-0.00511169
0.312531
0.555832
0.691345
0.616196
0.539673
0.377731
0.24762
0.219086
0.191498
0.150482
-0.0541229
-0.127853
-0.274689
-0.625793
-0.900681
-1.02954
-0.909943
-1.06793
-1.37163
-1.2693
-1.21536
-0.67334
1.3656

[13]
-0.335037
-0.190643
-0.00508118
-0.212555
-0.558151
-0.272171
-0.0313721
-0.00112915
-0.00553894
-0.0145416
0.089386
0.0430756
0.0402527
-0.00883484
-0.000167847
0.0434875
0.0516357
0.0866394
0.0284729
0.0731049
0.0477753
-0.00469971
0.0144043
0.0269928
0.0407257
0.0451813
0.0422516
0.0242004
0.0742035
0.067749
0.0362701
0.0332489
0.137131
0.11087
0.136398
0.409836
0.720535
1.06099
0.68602
0.355118
0.321106
0.589966
0.309128
0.0112
0.492996
0.599091
0.628998
0.620743
0.529404
0.386887

[14]
0.254715
0.161499
0.15892
-0.0141602
-0.000656128
-0.220261
-0.445679
-0.52832
-0.488022
-0.705917
-1.03764
-1.01189
-1.31906
-1.16515
-0.929489
-0.650223
-0.298721
0.636551
0.671677
-0.80246
-0.262192
-0.193802
-0.296326
-0.153275
0.04216
0.0411072
0.0207062
0.0801239
0.106583
0.149765
0.0821838
-0.00727844
-0.0387421
-0.0105133
0.0312653
0.0592651
0.0224304
0.0439758
0.068573
0.0335693
-0.00601196
0.0389709
0.0522308
0.064621
0.0560913
0.024292
0.00619507
0.0783844
0.105652
0.154236

[15]
0.0890961
0.127655
0.125549
0.462616
1.17917
1.06218
0.898743
0.194366
0.566269
0.309967
-0.180923
0.484268
0.619827
0.689331
0.633118
0.578445
0.46817
0.304489
0.316086
0.328964
-0.0415497
-0.311111
-0.0914459
-0.457169
-0.685486
-0.597641
-0.624786
-0.8022
-0.958725
-0.974899
-1.21867
-1.2157
-1.1362
0.148636
0.814331
-0.345688
-0.344391
-0.122787
-0.119217
-0.156128
-0.150604
-0.00697327
0.11908
0.110321
0.0404663
0.0568542
0.0763397
0.132996
-0.0204163
-0.0676422

[16]
0.00596619
0.112167
0.0852203
0.00822449
0.0527496
0.0964508
0.0559998
0.047348
0.0669708
0.0479279
0.0875397
0.0843353
0.0413666
0.0485992
0.113785
0.0832367
0.0886993
0.135071
0.147186
0.139984
0.228928
0.250656
0.407455
1.22389
0.736084
0.688644
0.476135
0.622818
0.300201
-0.169205
0.451477
0.701202
0.736771
0.654587
0.598145
0.405441
0.297119
0.37088
0.380768
0.0411835
-0.286911
-0.270859
-0.555496
-0.645325
-0.654373
-0.709396
-0.75087
-1.02219
-1.1465
-1.53964

[17]
-1.24138
-0.946533
0.102402
0.656662
-0.0301361
-0.191681
-0.143021
-0.341278
-0.329529
-0.103943
0.106461
0.0764618
-0.00999451
0.0545197
0.168884
0.152359
0.0501709
-0.0328674
-0.0486603
0.0549927
0.0274811
0.0509186
0.0803375
0.0717621
0.0771637
0.0695038
0.0393219
0.0732727
0.0660095
0.0683594
0.066864
0.0654144
0.118622
0.197586
0.112213
0.119736
0.0885773
0.12767
0.0893402
0.279053
0.782303
1.30344
0.87468
0.587494
0.480789
0.72374
0.116623
0.106918
0.552582
0.732819

[18]
0.688217
0.60672
0.532104
0.315826
0.469742
0.449219
0.0740356
-0.117035
-0.155441
-0.401993
-0.458618
-0.647217
-0.721207
-0.959152
-1.12679
-1.07378
-0.932877
-0.789703
-0.969559
-0.981644
0.538269
0.475952
-0.541046
0.0203705
0.120865
-0.0299072
-0.124771
-0.167191
-0.07341
-0.00276184
-0.0276794
0.0546417
0.0901031
0.108704
0.109863
0.0500946
0.0439758
0.0644531
0.0917206
0.0635834
0.0550842
0.0446472
0.0973206
0.0450745
0.0512543
0.0513916
0.0804901
0.0523987
0.104614
0.106277

[19]
0.105576
0.110947
0.143951
0.115738
0.151047
0.170334
0.210693
0.213043
0.273895
0.713821
0.90213
0.441208
0.876053
0.587708
0.46814
0.143677
0.262314
0.63443
0.796082
0.662582
0.56395
0.493835
0.424591
0.444656
0.417435
0.310257
0.130585
-0.0777435
-0.319321
-0.792984
-1.13188
-1.16371
-0.856964
-1.03395
-1.28554
-1.16565
-0.887161
-0.475555
-0.127502
0.480896
0.455948
-0.745361
-0.032074
0.00544739
-0.297089
-0.179276
-0.151794
0.111084
0.00746155
0.0160522

[20]
0.0611115
0.14035
0.129745
0.0087738
0.0125427
0.0626526
0.0228882
0.0667419
0.0335693
0.0292053
0.0116882
0.0246887
0.0159149
0.0354767
0.0366211
0.0728455
0.112152
0.116913
0.161407
0.128448
0.0614777
0.117264
0.132324
0.244553
0.266861
0.387985
0.860748
0.804901
0.619095
0.858643
0.575974
0.489258
-0.20813
0.313629
0.706177
0.862701
0.685043
0.58017
0.44986
0.453033
0.431625
0.3405
0.184265
0.0184784
-0.172211
-0.350693
-0.758728
-1.00203
-0.962936
-1.24025

[21]
-1.8343
-1.43977
-0.70433
-1.11644
0.302475
0.698471
-0.70845
-0.366287
-0.092865
-0.0815735
-0.253342
-0.219025
0.0211639
0.030426
0.03479
-0.0276794
0.0918274
0.0681915
0.0576324
0.00445557
-0.0427399
-0.0115662
0.0589142
0.0637054
0.0272369
0.0126038
0.0270081
0.0252838
-0.0058136
0.0232086
0.0676575
0.0609589
0.060318
0.0850677
0.0899048
0.090744
0.155991
0.113632
0.112045
0.0897675
0.28978
0.638138
1.25323
0.795456
0.62439
0.604858
0.637848
0.262573
0.0759735
0.393555

[22]
0.656982
0.692276
0.652954
0.525925
0.436295
0.387711
0.370239
0.35553
0.260757
-0.158722
-0.293762
-0.566498
-0.733536
-1.05702
-1.13094
-1.04916
-1.2037
-1.21567
-1.05452
-0.880325
-0.8853
-0.103088
0.650665
0.503845
-0.580093
-0.159393
-0.328476
-0.18187
-0.290512
-0.101624
-0.00325012
0.0305786
0.0552521
0.072464
0.0104675
0.0271149
-0.0525665
-0.0187988
0.0300446
0.0769501
0.074646
0.0899963
0.0994263
0.0493774
0.00535583
0.0178223
0.0126343
0.072464
0.082428
0.127655

[23]
0.155746
0.0882263
0.12941
0.155777
0.225235
0.194473
0.181061
0.69632
1.29732
0.52066
0.864868
0.637924
0.700012
-0.0695496
0.231995
0.679932
0.818176
0.679733
0.570755
0.463043
0.365097
0.388733
0.434631
0.397659
0.0347443
-0.169159
-0.42926
-0.624191
-0.867233
-1.26645
-1.42125
-1.41
-1.36665
-1.47974
-1.1021
-1.26524
1.03059
0.309677
-0.612671
-0.0606689
-0.262787
-0.291656
-0.269577
-0.161896
0.0260925
-0.0355988
0.0137634
0.0826263
0.153946
0.104965

[24]
0.0549774
0.0683594
0.0650635
-0.00621033
0.018631
0.0278473
0.0477448
0.0110474
0.0197906
0.0334473
0.0462494
0.0566864
0.0502167
0.0311127
0.0779877
0.065918
0.0388336
0.0152893
0.174988
0.187622
0.276794
0.215668
0.600266
1.19484
0.819168
0.487549
0.767441
0.683929
0.929077
0.141937
-0.235397
0.267593
0.765869
0.822601
0.719299
0.547867
0.335464
0.240005
0.374741
0.406006
0.0613098
-0.324249
-0.0733185
-0.679016
-0.897705
-1.00731
-1.04692
-1.25723
-1.70695
-1.28737

[25]
-1.06873
-0.676682
0.635498
0.307083
-0.69519
-0.100494
0.0131226
-0.312073
-0.410461
-0.17984
0.0183563
0.00971985
0.00393677
0.0730591
0.0663605
0.0867767
0.0576935
0.0217896
-0.0228882
0.0645905
0.0680389
0.067627
0.0524292
0.0398865
0.00273132
-0.0101166
-0.00346375
0.0609283
0.0708008
0.0813904
0.129044
0.135757
0.0644073
0.12822
0.141342
0.105515
0.155853
0.249893
0.664383
1.13275
0.748535
0.963699
0.59903
0.603958
-0.191055
0.372681
0.651398
0.796692
0.669586
0.580139

[26]
0.40242
0.313217
0.423798
0.378586
-0.0234833
-0.280289
-0.356735
-0.490677
-0.540787
-0.542114
-0.516449
-1.15686
-0.880707
-1.23653
-1.85789
-1.54198
-1.09802
0.399857
0.34491
-0.317764
-0.138489
0.00178528
-0.0440063
-0.315491
-0.385696
-0.0478821
-0.0122833
-0.00267029
0.022171
0.11882
0.112106
0.125153
0.0629883
0.0444641
0.0211639
0.0495453
0.0749359
0.0690155
0.043396
0.0360565
0.0585327
0.0518341
0.0538025
0.00773621
0.0574646
0.0550842
0.0654602
0.0909424
0.0922241
0.185547

[27]
0.14093
0.226379
0.264847
0.451767
0.693558
1.25697
0.665421
0.609497
0.737747
0.702835
-0.0292053
0.0132751
0.61908
0.753479
0.679321
0.580307
0.516785
0.415314
0.335419
0.342178
0.332993
0.290009
0.101929
-0.077179
-0.260025
-0.984741
-1.20052
-1.36594
-1.45869
-2.15311
-1.32292
-1.0443
-0.298813
0.400665
0.065506
-0.453918
-0.219177
-0.0836029
-0.347733
-0.307098
-0.0834045
0.0614929
-0.0332184
-0.0157928
0.0385132
0.0577545
0.0772552
-0.00427246
-0.0124054
-0.0406799

[28]
0.00143433
0.0613098
0.0362549
-0.00743103
0.00337219
0.0216827
0.0116272
-0.00747681
0.0122223
0.0298157
0.0800629
0.0878296
0.0956573
0.121216
0.0960541
0.144791
0.149307
0.222641
0.575897
1.48448
0.866608
0.729797
0.691681
0.555115
0.0644531
0.257675
0.669556
0.838242
0.714676
0.613831
0.477371
0.382401
0.357025
0.400391
0.317429
0.0610199
-0.189133
-0.417389
-0.875671
-1.06406
-1.18056
-1.13474
-1.45128
-1.79948
-1.38881
-1.1651
0.836792
-0.00386047
-0.836899
-0.31189

[29]
-0.252151
-0.208466
-0.402908
-0.182404
0.0075531
-0.0339355
0.0461578
0.0493622
0.046402
0.038147
-0.000900269
0.00917053
-0.0222626
0.00865173
0.0153809
0.00672913
-0.00361633
-0.00743103
0.00106812
-0.00657654
-0.00906372
0.00553894
0.0160828
0.0804596
0.0526276
0.0679016
0.0599365
0.135727
0.1185
0.1996
0.458481
1.22765
1.22615
0.397888
0.592712
0.789993
0.296585
-0.229294
0.527054
0.693832
0.637283
0.573685
0.546692
0.386383
0.276779
0.283035
0.292038
0.217743
0.11348
-0.137497

[30]
-0.511703
-0.741074
-1.37903
-1.62753
-1.4516
-2.07671
-1.45361
-1.10002
0.152649
0.568237
-0.431458
-0.367493
-0.135727
-0.0997314
-0.39595
-0.324402
0.0114899
-0.0200653
-0.124176
-0.09729
0.0294189
0.0651703
-0.00648499
-0.0175018
-0.0536041
-0.0999298
-0.0694885
0.0098114
-0.00770569
-0.0435181
-0.0379944
0.0139771
0.0643005
0.07901
0.0255127
0.0155945
0.0621643
0.0159454
0.0548553
0.101562
0.0707245
0.0962982
0.0758514
0.314056
0.969025
1.00906
0.522156
0.781189
0.566559
0.725235

[31]
-0.0674896
0.0496521
0.531616
0.733566
0.688629
0.615753
0.48201
0.292496
0.227859
0.292206
0.343475
0.182175
-0.238739
-0.452408
-0.743576
-1.05634
-1.13737
-0.994644
-1.40295
-1.76688
-1.37387
-1.06621
-0.241272
0.0531158
0.759842
0.155624
-0.922363
-0.0631409
-0.237915
-0.245895
-0.240631
-0.225037
-0.156403
-0.161987
-0.048584
0.0307007
-0.0241852
-0.0393372
-0.059021
-0.0244293
0.00914001
-0.0116425
-0.00469971
0.01828
0.0015564
-0.0234222
-0.0307159
-0.00634766
-0.00614929
-0.00619507

[32]
0.0382538
0.0101013
0.032135
0.0233765
-0.0459747
0.0772095
0.0590973
0.106522
0.107544
0.451004
0.801819
1.0146
0.548904
0.288544
0.598907
0.819839
0.0538788
-0.241394
0.536789
0.684723
0.643219
0.541458
0.49147
0.335327
0.212418
0.234985
0.284302
0.258606
0.0520477
-0.139343
-0.383102
-0.938705
-1.20396
-1.15125
-1.79842
-2.26666
-1.09485
-1.01382
0.0127106
0.712112
-0.249741
-0.372879
-0.119019
-0.27652
-0.49501
-0.264099
-0.048233
-0.0226746
-0.0743866
-0.0970001

[33]
0.00630188
0.0359192
0.00830078
-0.0707245
-0.0923462
-0.0820465
0.00224304
-0.0218811
-0.0458221
-0.0243073
-0.013092
-0.0348206
-0.0495605
-0.0197906
0.0137787
0.00386047
0.0566406
0.0387726
0.0387115
0.0466003
-0.000946045
0.0789185
0.0522156
-0.0245972
0.361877
1.47568
0.945099
0.431305
0.273102
0.88205
0.563553
-0.137726
0.317261
0.466705
0.581238
0.644455
0.604858
0.476868
0.31929
0.212646
0.214386
0.232178
0.150635
0.0350189
-0.0675201
-0.673157
-1.11148
-1.53694
-1.35303
-1.64491

[34]
-1.5681
-1.31915
-0.917953
0.274826
0.275955
-0.64386
-0.0915375
-0.112274
-0.51236
-0.541168
0.0850525
-0.0335388
-0.0397339
-0.0447693
-0.0229187
0.0907898
0.048645
-0.141113
-0.131271
-0.0215912
0.0075531
-0.0574493
-0.0705719
-0.0695953
-0.0631714
-0.0631409
-0.0804443
-0.0744324
-0.0178375
0.0277557
0.0749969
0.149445
0.0378571
0.0140533
0.067337
0.111099
0.185059
0.0517426
0.51857
1.62616
0.698044
0.552048
0.489197
0.635666
-0.116852
0.208771
0.604889
0.713898
0.614426
0.535797

[35]
0.427002
0.287384
0.234222
0.164764
0.175354
0.123077
0.00689697
0.00340271
-0.406967
-0.859146
-1.38177
-1.55453
-1.56996
-2.03683
-1.01996
-1.11
-0.440369
0.912018
-0.432617
-0.517395
-0.135239
-0.303864
-0.483337
-0.318542
0.0137787
-0.00933838
-0.0704956
-0.0417633
0.00401306
0.0539093
-0.013855
-0.0175018
-0.0262451
-0.0455322
-0.0167084
-0.0468445
-0.0291748
-0.0043335
-0.0366211
-0.0576172
-0.0631409
-0.0167847
-0.0171661
-0.0379944
0.0642853
0.0821991
0.0549622
0.0970001
0.0587769
0.0834503

[36]
0.130768
0.112762
0.319397
1.29094
0.601501
0.617981
0.71109
0.379837
0.367722
-0.221756
0.464432
0.652267
0.679153
0.527664
0.492218
0.396835
0.323654
0.288879
0.285583
0.188156
0.094635
-0.0138397
-0.211853
-0.488556
-1.11465
-1.45284
-1.65178
-2.3558
-1.32146
-0.654449
-0.564972
-0.261627
0.591934
0.421188
-1.07802
-0.243835
-0.260513
-0.250763
-0.215668
-0.0731964
-0.0375061
-0.172195
-0.0827332
0.0474243
0.0764771
0.0101776
-0.0343323
-0.0419617
-0.0579071
-0.0714569

[37]
-0.0586395
-0.00579834
0.0133057
0.0283051
-0.0606232
-0.0854645
-0.0652008
-0.0045929
0.00500488
-0.0357208
0.00854492
0.0574341
0.0058136
0.00617981
0.1026
0.0872955
0.148758
0.218872
0.599777
1.00883
0.574219
0.595734
0.579575
0.497116
0.422318
-0.18782
0.427704
0.576172
0.630142
0.516571
0.497665
0.3965
0.310867
0.255203
0.276642
0.282684
0.101746
-0.197952
-0.35434
-0.722107
-1.13716
-1.24739
-1.4193
-1.87953
-1.88522
-0.805939
-0.59819
0.739685
0.127975
-0.642609

[38]
-0.319092
-0.327698
-0.519592
-0.349503
0.0110168
0.063385
-0.0642853
-0.0942078
-0.0461426
0.0404053
0.0260315
-0.0744781
-0.10437
-0.0920258
-0.00814819
-0.0208282
-0.0380554
-0.0252991
-0.0229492
-0.0364685
-0.0631104
-0.0572815
-0.0282288
-0.0241852
0.0139771
-0.0250702
0.00572205
-4.57764e-05
0.0146332
0.0686493
0.0150146
0.0105133
0.225174
0.319214
0.947037
0.689514
0.473145
0.701996
0.347839
0.490646
0.180222
-0.0205841
0.482803
0.660126
0.58963
0.526428
0.475815
0.308289
0.205353
0.196747

