[1]
-0.0926056
-0.0451202
-0.096344
-0.209351
-0.209305
-0.157913
-0.161118
-0.109756
-0.113907
-0.12677
-0.141556
-0.141022
-0.11348
-0.0469208
-0.00788879
0.0386353
0.0131531
0.0737152
0.0810852
0.0563812
0.0833435
0.399384
1.2558
0.788376
0.900955
0.209488
0.307709
-0.483109
-0.332245
0.581955
0.855759
0.719238
0.596558
0.462997
0.318085
0.251541
0.11441
0.172516
0.0501099
-0.084549
-0.349197
-0.939865
-1.40953
-1.72789
-1.76273
-1.97301
-2.18947
-1.77278
-0.657166
-0.263367

[2]
1.35098
0.840927
-1.08949
-0.0746002
-1.05499
-0.594131
-0.248779
-0.125122
-0.0729523
-0.153091
-0.0788269
-0.0480652
-0.03508
-0.0344086
-0.0357361
-0.0337067
-0.0497742
0.0120239
0.0296936
0.0350494
0.0200043
-0.0038147
0.0195007
0.0237427
0.0183105
0.0481262
0.0749969
0.121841
0.116241
0.00323486
0.07547
0.163132
0.232986
0.915558
1.29727
0.895126
0.556488
0.334595
0.21904
-0.171005
0.16333
0.771072
0.800812
0.678223
0.580841
0.429825
0.376755
0.337631
0.315399
0.286682

[3]
0.262787
-0.160141
-0.243317
-0.858582
-1.59697
-2.08208
-2.26822
-2.49635
-2.08981
-0.812866
1.61279
-0.621292
-0.589432
-0.589249
-0.453979
-0.347244
-0.0654907
-0.0130615
-0.0427246
-0.0411987
0.0621338
0.0522461
-0.0249634
0.060791
0.0306091
-0.0146027
-0.0402527
-0.012085
0.0123749
-0.00169373
0.00952148
-0.0139618
0.00386047
-0.00183105
0.0283966
0.114883
0.12532
0.172577
0.0996399
0.0539093
0.0529938
0.0840912
0.469681
1.20923
1.27301
0.894012
0.359818
0.372574
0.249466
-0.094223

[4]
0.384415
0.998596
0.77475
0.557953
0.427856
0.336502
0.210327
0.188263
0.175323
0.142563
-0.0920715
-0.323318
-0.657623
-1.22369
-1.82648
-1.87291
-1.84654
-1.99997
-2.03824
-1.85124
0.943756
0.979782
-0.841217
-0.295319
-0.796051
-0.570572
-0.363708
-0.0757599
-0.127747
-0.106125
-0.0124817
-0.0753937
-0.0511169
0.0297089
-0.00959778
0.0106812
-0.0570526
-0.0289917
-0.0297394
-0.0377655
-0.0424194
-0.0345306
-0.0161896
0.00125122
0.057785
0.082016
0.067749
0.0959015
0.0492096
0.0674286

[5]
0.125443
0.152481
0.57814
1.28181
0.963715
0.64621
0.189331
0.475204
-0.25032
-0.190079
0.443527
0.819046
0.722977
0.559418
0.405106
0.284485
0.193222
0.199661
0.163361
0.097168
-0.136063
-0.494507
-0.946442
-1.5246
-1.9763
-1.91763
-1.86789
-2.16504
-1.95821
0.33429
0.708206
-0.790665
-0.816559
-0.334671
-0.514206
-0.239548
-0.0565338
-0.0138397
-0.078476
-0.108536
-0.107132
0.0266876
-0.00845337
-0.016037
-0.0741425
-0.0712585
-0.0622864
-0.0630951
-0.0544281
-0.0274048

[6]
-0.0438232
-0.0564728
-0.0411072
0.0444183
0.0789337
0.0792389
0.0637512
0.0879669
0.103271
0.0762939
0.355896
0.817429
1.32663
1.04478
0.502274
0.250793
0.608109
-0.0637054
-0.102081
0.600815
0.747192
0.673782
0.534378
0.376801
0.224823
0.130447
0.107513
0.0448914
-0.0767822
-0.296921
-0.591003
-0.994736
-1.65765
-2.13367
-2.00934
-1.96303
-2.41446
-1.52138
1.6002
-0.0643463
-0.773392
-0.436188
-0.491623
-0.570709
-0.336823
-0.112167
-0.0491486
-0.0983887
0.0285797
-0.0299377

[7]
0.0719299
0.052948
0.0176849
-0.0639496
-0.0468292
-0.0466919
-0.0419464
0.00616455
-0.00296021
-0.00627136
-0.0294189
0.0168762
0.0966644
0.15892
0.098526
0.126511
0.152679
0.213501
0.175934
0.502319
1.60405
0.591187
0.625534
0.324951
0.66629
-0.09552
-0.198563
0.605331
0.86702
0.742706
0.606689
0.41095
0.192841
0.121109
0.0823975
-0.00782776
-0.110901
-0.323822
-0.582306
-1.07721
-1.66109
-2.11685
-2.08197
-2.19829
-1.98494
-1.7065
1.6068
0.321365
-0.8741
-0.20929

[8]
-0.817566
-0.697632
-0.432449
-0.0931549
-0.0712128
-0.0403442
0.0526276
-0.0840454
0.0240936
0.0724792
0.0096283
-0.0388336
-0.032074
-0.0483093
-0.0191956
-0.0105286
0.0131226
-0.0250549
-0.0454865
0.00610352
0.0941772
0.105453
0.078064
0.121277
0.0732117
0.121048
0.198959
0.31871
1.13617
1.35068
0.684372
0.559814
0.427292
0.514938
-0.101776
-0.224045
0.656448
0.889984
0.75972
0.598145
0.407501
0.19278
0.130325
0.147598
0.0906219
-0.17392
-0.497513
-0.711197
-1.1951
-1.67188

[9]
-1.78558
-1.21614
-2.34634
-2.25629
0.368103
0.576447
-1.01726
-0.597443
-0.289078
-0.438126
-0.307587
-0.0810394
-0.0715332
-0.0975037
-0.0489655
-0.0603485
-6.10352e-05
0.00424194
-0.00845337
-0.0574341
-0.0348053
-0.0114288
-0.0436249
-0.0231323
-0.0174103
-0.0550842
-0.0242004
0.0368042
0.102158
0.0610504
0.0643311
0.12677
0.191589
0.201096
0.0915222
0.639465
1.64934
0.729721
0.60376
0.223434
0.0492249
-0.164474
0.6026
0.968781
0.76297
0.546432
0.399734
0.260834
0.215042
0.258148

[10]
0.192627
0.0537567
-0.192825
-0.338486
-0.755508
-1.40506
-1.95917
-2.10309
-2.27936
-2.30858
-2.12154
0.367004
0.188766
-1.13347
-0.704819
-0.477722
-0.427826
-0.159378
-0.102142
-0.0288849
-0.135147
-0.0810242
-0.0982666
-0.0221252
0.0434723
-0.00914001
-0.0583649
-0.0382538
-0.0792542
-0.0832214
-0.0546722
-0.0244904
-0.0550995
-0.048996
0.0183868
0.10347
0.0325775
0.0996246
0.0783386
0.120377
0.110733
0.320541
1.13516
1.52487
0.817108
0.43103
0.169342
0.315735
-0.0777893
0.815704

[11]
0.82695
0.596771
0.472733
0.404922
0.309052
0.238937
0.187683
0.163544
-0.0344238
-0.259781
-0.651276
-1.09737
-1.79414
-2.11357
-2.15997
-1.89192
-1.62289
-1.73676
0.160294
1.09827
-1.36511
-0.766388
-0.531113
-0.468887
-0.324905
-0.0471649
-0.0690918
-0.14325
-0.0477448
-0.153885
-0.0157623
-0.000137329
0.031189
-0.0316315
-0.0461121
-0.0747986
-0.0397491
-0.0129395
-0.0425568
-0.048996
-0.049881
-0.00828552
0.0664062
0.0614166
0.0880585
0.0906982
0.030365
0.0707245
0.241653
0.895813

[12]
1.34822
1.00928
0.602844
0.264587
0.291916
0.0960999
0.321732
0.866028
0.78241
0.547531
0.475113
0.307739
0.185684
0.226196
0.198837
0.120682
-0.0570374
-0.410934
-0.842819
-1.43729
-2.24522
-2.40591
-2.51071
-2.06888
-1.67261
1.54408
-0.856079
-1.42365
-0.520279
-0.486038
-0.344559
-0.168549
-0.0931396
-0.0684052
-0.0846252
-0.0591125
-0.0506287
0.0362549
0.0232239
-0.0539398
-0.125549
-0.118393
-0.0850983
-0.0489044
-0.0702515
-0.0433197
-0.0596924
-0.0579376
-0.013092
0.042572

[13]
0.0873566
0.07341
0.0800476
0.114807
0.103012
0.0840607
0.606979
1.39441
1.01312
0.789597
0.394974
0.394547
-0.0849915
0.0482025
0.857117
0.82074
0.619095
0.491028
0.294174
0.213364
0.256027
0.360703
0.119736
-0.0106964
-0.257629
-0.865265
-1.57062
-2.03246
-2.07806
-2.40999
-2.39876
-1.76454
-0.0227661
-0.00975037
-1.43761
-0.663742
-0.361801
-0.348389
-0.33342
-0.126907
-0.0967102
-0.103745
-0.12944
-0.0566711
-0.04953
-0.0893707
-0.0927429
-0.130569
-0.146133
-0.149933

[14]
-0.114639
-0.0784607
-0.0673828
-0.0793762
0.0149689
-0.00840759
0.0597687
0.0574036
0.0591278
0.163742
0.221786
0.0828857
0.607346
1.22116
0.582031
0.729752
0.280136
0.014389
-0.49913
0.54985
1.01979
0.862213
0.586426
0.399948
0.220978
0.20491
0.173096
0.0805206
-0.0259094
-0.26181
-0.462296
-0.758484
-1.48383
-1.92923
-1.95197
-1.55714
-2.51155
-2.16713
1.53085
-0.840637
-0.909668
-0.57309
-0.439392
-0.408783
-0.360245
-0.0903931
-0.081955
-0.0496674
-0.0936127
-0.131729

[15]
0.0253143
-0.0405579
-0.0338593
-0.0894928
-0.0674744
-0.0529022
-0.0940094
-0.0294037
-0.0205536
-0.0350037
0.0106201
0.0505066
0.0956573
0.0332336
0.0792999
0.205856
0.142532
0.0760498
0.928299
1.20044
0.736298
1.09723
0.475571
0.0891266
-0.449142
0.0949554
1.03575
0.932938
0.710388
0.449768
0.200363
0.133148
0.1082
0.0899963
0.0148926
-0.197159
-0.363159
-0.83873
-1.51431
-1.9079
-1.99376
-2.25473
-2.46501
-1.35229
1.57849
-1.59795
-0.611572
-0.402206
-0.60498
-0.45166

[16]
-0.149994
-0.0661163
-0.00387573
-0.146347
-0.132782
-0.00488281
-0.00958252
-0.0113983
-0.0643005
-0.0602722
-0.0716858
-0.0764313
-0.0623779
-0.0266266
-0.0545044
-0.0426025
-0.00466919
0.0792694
0.0171509
0.0947113
0.130371
0.193771
0.152756
0.240845
0.881226
1.57091
0.650726
0.776459
0.219391
0.175964
-0.134811
0.646484
0.989227
0.759308
0.531418
0.42511
0.300598
0.289917
0.214737
0.19632
-0.0593872
-0.29895
-0.52034
-1.1158
-1.6656
-2.035
-2.15262
-2.25183
-2.08995
-2.00055

[17]
1.56985
-0.336746
-1.02693
-0.7229
-0.504837
-0.382599
-0.174713
0.00335693
-0.120621
-0.00602722
-0.165985
-0.00735474
-0.0657959
0.00392151
-0.0432129
-0.0222626
-0.0308075
-0.0548248
-0.0200195
-0.0399475
-0.0966187
-0.0155182
0.0769501
0.0947113
0.100586
0.0488892
0.112869
0.150925
0.149536
0.235001
1.05392
1.62379
0.871048
0.687729
0.531189
0.0733185
-0.268127
0.380539
1.0518
0.889526
0.623871
0.467529
0.295288
0.201233
0.139252
0.0250854
-0.197632
-0.467636
-0.879349
-1.34174

[18]
-1.86752
-2.16544
-2.19093
-2.08093
-1.96489
-1.5143
1.57652
-0.523636
-1.14589
-0.520752
-0.548859
-0.366074
-0.255142
-0.0493317
-0.0170135
-0.0562439
-0.0534058
-0.0319214
-0.0128632
-0.0258484
-0.052002
-0.0548706
-0.0754242
-0.0559235
-0.0292664
-0.0384521
-0.0622711
0.0367737
0.0201874
0.104034
0.0982208
0.139542
0.181519
0.243744
0.203903
0.278717
1.02228
1.23712
0.544144
0.883392
0.535431
0.222626
-0.389847
0.258865
0.998718
1.14203
0.73201
0.356003
0.131302
0.139359

[19]
0.148865
0.0666809
-0.0627747
-0.393402
-0.71991
-1.15468
-1.70384
-1.8768
-1.82735
-1.63863
-2.23099
-1.38507
1.57307
-1.66837
-0.712433
-0.474945
-0.429611
-0.470901
-0.187286
-0.00341797
-0.0901642
-0.0493011
-0.117844
0.0225677
-0.0836639
-0.0489502
-0.118439
-0.08461
-0.0592957
-0.0335388
-0.0517273
-0.0619507
-0.0479584
-0.0364227
-0.0267487
0.0578613
0.0790253
0.119553
0.185165
0.198441
0.164825
0.481049
1.73764
0.841476
0.8573
0.391586
0.652863
-0.145981
-0.236572
0.846863

[20]
1.02588
0.773483
0.57312
0.297302
0.116882
0.135178
0.0836029
-0.015976
-0.338913
-0.458435
-0.776672
-1.76454
-2.05844
-1.70905
-1.92834
-2.41393
-1.97128
-1.0387
1.53351
-1.59764
-0.368073
-0.410492
-0.654144
-0.455734
-0.379059
-0.187393
-0.176315
-0.0777283
-0.0234528
-0.0376892
-0.101639
-0.0765381
-0.0378723
-0.053772
-0.0582275
-0.051239
-0.0349731
-0.0168457
-0.0473633
-0.0148773
-0.0151672
0.0366211
0.0318604
0.105835
0.0939789
0.0513611
0.0849915
0.132568
0.903915
1.75684

[21]
1.18362
0.722351
0.574692
0.464401
-0.010376
-0.02005
0.994507
0.929489
0.704788
0.501694
0.35083
0.257507
0.227936
0.285263
0.033783
-0.304749
-0.781601
-1.53632
-2.17123
-2.40845
-2.20541
-2.33835
-2.08003
-0.567978
1.13115
-1.37469
-0.673477
-0.374771
-0.385452
-0.336456
-0.0805206
-0.0957642
-0.0885925
-0.0249329
-0.0978851
-0.044342
-0.0182037
-0.0252228
-0.0929413
-0.12912
-0.121567
-0.0807648
-0.0708008
-0.0818024
-0.0614624
-0.0724182
-0.0356293
0.0307465
0.0346832
0.0391998

[22]
0.000152588
0.0598602
0.0572052
0.0590668
0.447556
1.30658
1.33063
0.927979
0.362701
0.385269
-0.185364
-0.167847
0.811432
0.949341
0.677628
0.529297
0.39827
0.281998
0.272964
0.261002
0.23175
0.0385132
-0.211533
-0.563995
-1.23093
-1.89226
-2.38242
-2.33388
-2.28656
-2.28334
-1.19322
1.55009
-1.41364
-0.788132
-0.360809
-0.448334
-0.365738
-0.0209045
-0.153778
-0.123428
-0.120605
-0.129608
0.0189056
-0.0382538
-0.0588074
-0.0868073
-0.101486
-0.139603
-0.107666
-0.0587921

[23]
-0.06987
-0.104919
-0.0188751
-0.0102539
0.0693817
0.0377502
0.115799
0.146515
0.203476
0.127975
0.706879
1.50296
1.00998
0.599594
0.35434
0.39119
-0.124191
0.10112
0.98642
0.752701
0.503357
0.388458
0.242142
0.20932
0.283432
0.203583
0.18187
-0.0767059
-0.345642
-0.785782
-1.43747
-2.27074
-2.59903
-2.60742
-2.18538
-1.10797
1.51088
-1.03036
-0.868042
-0.654404
-0.631607
-0.432541
-0.140884
-0.0398407
0.0700989
-0.15123
-0.10466
-0.146408
0.022171
-0.0432281

[24]
-0.0981903
-0.143356
-0.0883179
-0.0578003
-0.0769043
-0.0429382
-0.0247955
-0.0449066
0.032196
0.0633545
0.103119
0.0434265
0.115936
0.166946
0.194748
0.186386
0.755249
1.65157
0.968018
0.620758
0.333572
0.238052
-0.25174
0.423386
1.08643
0.715927
0.512619
0.425613
0.335999
0.285843
0.304047
0.271561
0.09758
-0.307709
-0.206863
-1.2554
-1.9825
-2.41486
-2.5835
-2.5863
-2.2562
-1.52853
1.50317
-1.16272
-1.19925
-0.561462
-0.694595
-0.377533
-0.136627
-0.160416

[25]
-0.205444
-0.271439
-0.127228
-0.0807648
-0.00842285
-0.085556
-0.0981598
-0.120453
-0.157669
-0.142746
-0.140244
-0.0569458
-0.012558
-0.068512
-0.0319672
0.037323
0.0543976
0.113831
0.135895
0.173538
0.261902
0.728775
1.49782
0.760681
0.713852
0.494751
0.0815125
-0.301468
0.420563
1.0611
0.702972
0.4758
0.359238
0.27652
0.251358
0.138046
0.129318
-0.0446472
-0.242599
-0.614685
-1.04335
-1.81718
-2.25055
-2.41998
-2.42003
-2.15198
-1.96899
-1.10567
1.53644
-1.28458

[26]
-0.735153
-0.617676
-0.661926
-0.281967
-0.117554
-0.198715
-0.132584
-0.126663
-0.130615
-0.146194
-0.0957031
-0.0804138
-0.00836182
-0.0249329
-0.0268097
-0.0398407
-0.0489655
-0.0735016
-0.0632172
0.00848389
0.08638
0.0289307
0.164078
0.130554
0.181808
0.155777
0.553116
1.49144
0.948181
0.756042
0.505188
0.401443
-0.20163
0.131607
1.06206
0.844177
0.54155
0.41507
0.261734
0.225143
0.250412
0.223892
0.0911407
-0.234695
-0.401962
-0.936218
-1.66422
-2.16183
-2.35646
-2.5641

[27]
-2.28525
-2.10323
1.30423
0.133636
-1.14389
-0.778427
-0.625275
-0.470795
-0.460007
-0.173019
-0.196609
-0.201157
-0.165924
-0.203812
-0.0776367
-0.098114
-0.0804749
-0.0769653
-0.0441437
-0.119064
-0.126602
-0.114166
-0.0781708
-0.101593
-0.0929565
0.0185394
0.0259094
-0.000259399
0.0536346
0.129379
0.105957
0.238113
0.637451
1.26555
0.991272
0.697601
0.407455
0.625519
-0.377792
-0.305283
0.695847
0.893326
0.601028
0.406601
0.221344
0.0559082
0.0648346
0.0737762
-0.0230103
-0.154434

[28]
-0.418182
-0.75058
-1.33705
-1.92747
-2.13158
-2.03386
-2.28787
-2.03754
-1.16539
1.50784
-1.08417
-0.729538
-0.631317
-0.514542
-0.488937
-0.315857
-0.114136
-0.0764313
0.0280457
-0.11467
-0.103973
0.00186157
-0.0335388
-0.0572662
-0.0983734
-0.120041
-0.0912476
-0.0834045
-0.0678864
-0.0587616
-0.0511017
-0.026886
0.0366058
0.111755
0.0287933
0.0497437
0.0997314
0.108398
0.12561
0.564682
1.37025
1.05635
0.742264
0.360428
0.454865
-0.0193939
-0.215363
0.843903
0.922806
0.654831

[29]
0.435608
0.255814
0.222214
0.195374
0.0812531
-0.033432
-0.214264
-0.444748
-0.987686
-1.57768
-2.07291
-2.03658
-2.52177
-2.41521
-1.5874
1.34576
-0.648422
-1.26151
-0.398102
-0.515472
-0.473419
-0.265091
-0.0733032
-0.076004
-0.0462952
-0.162109
-0.0235138
-0.1026
-0.0386963
-0.0623016
-0.0769043
-0.100113
-0.115723
-0.0535126
-0.0442505
-0.0618591
-0.0728302
-0.0345764
0.0467682
0.0851746
0.0459137
0.0677185
0.0997772
0.0485992
0.272476
1.04221
1.35645
0.772858
0.371414
0.117355

