[1]
-0.00144958
-0.00144958
-0.0486145
-0.0337067
-0.0267181
-0.03125
-0.0400085
-0.0321808
-0.0947266
-0.106964
-0.179428
-0.18782
-0.340454
-0.443436
-0.601791
-0.778351
-1.12697
-1.14421
-0.619614
-0.52771
-0.499176
-0.0627136
0.0575714
0.183334
0.348373
0.47847
0.60022
0.581879
0.496719
0.448288
0.331116
0.281006
0.100555
-0.144653
-0.374344
-0.650848
-0.819824
-0.985977
-0.97348
-0.865173
-0.656738
-0.623749
-0.0242767
-0.219116
-0.138519
-0.201233
-0.0621338
0.144501
-0.433029
-0.574371

[2]
-0.2845
-0.215363
0.00100708
-0.191895
0.0235138
-0.098114
-0.0840607
-0.00204468
0.0647125
0.0277252
0.00895691
0.0108795
0.00823975
0.00650024
-0.0114899
-0.0236664
-0.0230255
-0.035965
-0.0437927
-0.0684204
-0.0682983
-0.077774
-0.0837097
-0.102997
-0.0856476
-0.142822
-0.18158
-0.207336
-0.222031
-0.292099
-0.432617
-0.638947
-0.967743
-1.15819
-0.680313
-0.784271
-0.745102
-0.338837
0.0308838
0.0174255
0.140121
0.226761
0.463852
0.531036
0.439392
0.42012
0.392624
0.306763
0.267929
0.127274

[3]
-0.0977478
-0.378403
-0.789597
-1.02068
-1.04297
-1.06932
-0.837387
-0.502151
-0.117096
-0.39682
-0.179184
-0.0693207
-0.320694
-0.13623
-0.646118
-0.106415
0.0337067
0.00971985
-0.0287018
-0.0163727
-0.0446472
-0.103592
-0.00462341
0.0489655
0.0284271
0.0377655
-3.05176e-05
-0.00140381
-0.0129852
0.0151978
0.0368958
0.00912476
-0.023056
-0.0387878
-0.0315552
-0.027298
-0.04216
-0.0501556
-0.0682983
-0.106354
-0.132309
-0.170975
-0.155518
-0.229706
-0.345993
-0.562042
-0.834229
-1.12062
-0.862228
-0.80806

[4]
-0.659348
-0.559128
-0.0290527
0.0658722
0.171005
0.287552
0.437485
0.474915
0.513687
0.510651
0.476791
0.410065
0.367264
0.281921
0.0904846
-0.181427
-0.525787
-0.916077
-1.04109
-1.07127
-1.02736
-0.923492
0.0110016
-0.317749
-0.16243
-0.0663147
-0.162766
-0.255585
-0.0338135
-0.573288
-0.129745
-0.0408478
-0.0533142
-0.00692749
-0.11261
-0.0973816
-0.0890045
-0.0619354
0.0321503
0.0025177
-0.0183105
0.0222931
-0.0065155
0.0136108
-0.000793457
0.00868225
0.00012207
0.0128326
0.0157928
-0.0215759

[5]
-0.0405426
-0.0343628
-0.0398407
-0.084259
-0.139725
-0.165558
-0.208969
-0.223511
-0.276917
-0.385956
-0.67247
-1.04672
-1.1077
-0.95871
-0.800354
-0.622025
-0.190414
0.147064
-0.0769501
0.348099
0.501648
0.616425
0.624359
0.585861
0.580704
0.51442
0.427994
0.333527
0.163849
-0.0260162
-0.369186
-0.95668
-1.0535
-1.09267
-1.1282
-0.809875
-0.511383
-0.32312
-0.400711
-0.0422058
0.0561829
-0.586777
-0.499435
-0.270874
0.0165863
-0.0704346
0.0130615
-0.150009
-0.131317
-0.0753326

[6]
-0.0649109
0.0131989
0.0103455
0.0273895
0.0245514
0.0100555
-0.00422668
0.00549316
0.0200806
0.00270081
-0.0141296
-0.0242615
-0.0348206
-0.0179901
-0.0182343
-0.0699921
-0.0938263
-0.146851
-0.204391
-0.243179
-0.319214
-0.424118
-0.679672
-1.08891
-1.10387
-1.03615
-0.800766
-0.579727
-0.100082
0.18396
0.125244
0.336685
0.400024
0.567642
0.637955
0.572388
0.550949
0.469589
0.394913
0.367706
0.236832
0.0238037
-0.2491
-0.77121
-1.05397
-1.0957
-1.13516
-0.9664
-0.272308
-0.407623

[7]
-0.277298
0.22197
-0.463425
-0.776596
-0.426117
-0.368195
-0.13353
-0.0722809
-0.0670013
-0.0729523
-0.128372
-0.0536041
0.0606384
0.00813293
0.0166931
-0.0277405
-0.0114441
-0.00463867
-0.0244904
-0.0381165
-0.0457306
-0.0299072
-0.0447693
-0.0497284
-0.0487061
-0.0343018
-0.0622864
-0.113129
-0.133224
-0.189056
-0.23465
-0.248337
-0.388168
-0.657028
-1.1028
-1.11598
-0.667389
-0.841003
-0.707397
-0.270187
0.273575
0.16214
0.328857
0.479675
0.586304
0.642197
0.633011
0.567032
0.499969
0.434921

[8]
0.337311
0.120819
-0.156357
-0.45015
-0.75293
-1.05823
-1.09969
-1.13928
-0.880768
-0.686615
-0.73082
-0.11998
0.0600281
-0.550537
-0.503113
-0.655319
-0.22551
-0.0254822
-0.0884552
0.0184784
-0.000946045
-0.136932
-0.0159149
0.019165
-0.000717163
0.0070343
-0.0270996
-0.0185242
-0.00604248
0.000564575
-0.0228119
-0.0146637
-0.0259094
-0.0305481
-0.0401611
-0.0363922
-0.0786896
-0.0943909
-0.102661
-0.184875
-0.232285
-0.262085
-0.303268
-0.440994
-0.597229
-1.09004
-1.10083
-0.739426
-0.651611
-0.525818

[9]
-0.101059
0.266434
0.223892
0.485291
0.343826
0.559357
0.595245
0.555817
0.548706
0.444611
0.390427
0.302628
0.108871
-0.187088
-0.509201
-0.978958
-1.06465
-1.10242
-1.13699
-0.665741
-0.0991974
-0.369858
-0.195618
-0.183075
-0.332779
-0.43779
-0.454803
-0.48201
-0.217087
0.0742035
-0.163757
0.0281067
-0.075882
-0.122971
-0.0117493
0.0539551
0.0275421
0.0230865
0.00535583
-0.00762939
0.00717163
-0.0172729
-0.0338287
-0.0407867
-0.0442352
-0.0432434
-0.0317383
-0.0380249
-0.0826416
-0.0825348

[10]
-0.0876465
-0.138107
-0.148376
-0.18689
-0.237488
-0.349548
-0.587585
-1.02614
-1.09262
-0.74942
-0.627243
-0.591049
-0.226822
0.191071
0.157776
0.232468
0.364838
0.58757
0.633636
0.526596
0.485291
0.459854
0.391922
0.327438
0.189804
-0.0915527
-0.361847
-0.742065
-1.04742
-1.08249
-1.1169
-0.835739
-0.525635
-0.14418
-0.302887
-0.105438
-0.0563507
-0.25798
-0.419052
-0.742767
-0.202805
0.0470123
-0.0916595
0.0768127
0.00483704
-0.136551
-0.0992889
-0.000442505
0.0251617
-0.00585938

[11]
-0.009552
-0.027832
-0.0280762
-0.00360107
0.0106659
-0.0141754
-0.0015564
-0.0200806
-0.0267029
-0.0252228
-0.0400085
-0.0632172
-0.0701752
-0.089798
-0.123459
-0.126633
-0.172333
-0.189484
-0.234512
-0.414474
-0.721344
-1.08212
-1.09416
-0.596756
-0.705444
-0.494415
-0.0628662
0.0819855
0.305389
0.487671
0.550949
0.637451
0.582474
0.563614
0.534576
0.465439
0.339996
0.202087
0.0468597
-0.133652
-0.328506
-0.562241
-0.874222
-0.94841
-1.08934
-0.853882
-0.734146
-0.167969
-0.309814
-0.291977

[12]
-0.185196
-0.10321
-0.538422
-0.474472
-0.482986
-0.118942
0.0457153
-0.156525
-0.0410004
-0.0956268
-0.134094
-0.0200958
0.0325775
0.00393677
-0.0144806
-0.0430298
0.00544739
-0.00814819
-0.00743103
-0.00694275
0.00448608
-0.0162811
-0.0387726
-0.0341187
-0.0345764
-0.0348969
-0.0609589
-0.0926666
-0.102112
-0.0901489
-0.15274
-0.187012
-0.213562
-0.294403
-0.448959
-0.794922
-1.09003
-0.750168
-0.679062
-0.770844
-0.443649
0.150772
0.105637
0.321533
0.410385
0.59343
0.690247
0.651352
0.616852
0.54332

[13]
0.422989
0.333572
0.169052
-0.1689
-0.468079
-0.806793
-1.03958
-1.06773
-1.10069
-1.00049
-0.76326
-0.173172
-0.280289
-0.101944
-0.167114
-0.491913
0.0204468
-0.7034
-0.18483
-0.052536
-0.045929
-0.0579987
-0.034668
-0.0606537
-0.113495
0.00932312
0.0253754
0.00386047
0.01297
-0.0306702
-0.0439148
0.003479
0.00234985
-0.035553
-0.0268707
-0.0063324
-0.000213623
-0.0355377
-0.0504761
-0.03479
-0.0471497
-0.089035
-0.114624
-0.176315
-0.221237
-0.252792
-0.308563
-0.435059
-0.569717
-0.917496

[14]
-1.0957
-0.693741
-0.57402
-0.627213
-0.244293
0.116257
0.142014
0.272095
0.58429
0.63208
0.666336
0.620041
0.547119
0.493713
0.422974
0.286133
0.0914917
-0.192596
-0.576797
-0.926025
-1.06065
-1.09834
-1.11177
-0.841782
-0.740555
-0.282761
-0.342361
-0.10582
-0.022995
-0.427856
-0.47966
-0.428772
-0.27832
-0.0136871
-0.0595398
0.016922
-0.0058136
-0.125351
-0.0396576
0.015976
0.00541687
-0.00675964
-0.00886536
0.000427246
0.00816345
0.0116882
-0.0242767
-0.00762939
-0.0220947
-0.0426788

[15]
-0.0322876
-0.0417023
-0.0318756
-0.0662537
-0.0737
-0.101929
-0.128143
-0.186508
-0.23436
-0.235367
-0.325439
-0.607529
-1.04427
-1.09254
-0.830566
-0.64859
-0.648438
-0.214096
0.23584
0.0552521
0.439224
0.469482
0.639374
0.618271
0.603271
0.59848
0.547928
0.45224
0.380585
0.184738
-0.08461
-0.440384
-0.865906
-1.06058
-1.10027
-1.13699
-1.05588
-0.0913849
-0.390076
-0.308807
0.0230103
-0.0709686
-0.418243
-0.359268
-0.60434
-0.213669
-0.157028
0.105698
-0.074295
-0.0848083

[16]
-0.085022
-0.122726
-0.0111389
0.0302277
-0.0206604
-0.0032196
-0.00418091
0.00935364
-0.00421143
0.00822449
-0.0063324
-0.030777
-0.0346832
-0.0463562
-0.034256
-0.0384369
-0.0491638
-0.0588226
-0.0615234
-0.0724182
-0.132141
-0.19072
-0.184402
-0.229797
-0.413727
-0.634583
-1.07117
-1.08121
-0.691833
-0.706924
-0.530914
-0.0632629
0.249725
0.283249
0.389206
0.45108
0.582535
0.640961
0.555817
0.559692
0.444962
0.386887
0.269592
0.0142517
-0.274414
-0.549026
-0.815186
-0.921829
-0.99852
-0.830292

[17]
-0.802963
-0.645004
-0.17897
-0.303024
-0.490631
-0.152237
-0.190216
0.0146484
-0.309875
-0.426254
-0.580154
-0.0963593
-0.0806122
-0.183655
0.0072937
-0.08284
-0.0801849
-0.0239868
0.0177307
0.000640869
0.00956726
0.00535583
-9.15527e-05
-0.013382
0.00590515
-0.0125275
-0.0331268
-0.0286407
-0.0107727
-0.0243988
-0.0387421
-0.0250549
-0.0618896
-0.0785522
-0.0940399
-0.129471
-0.162033
-0.203735
-0.242813
-0.31633
-0.543076
-0.795944
-1.08095
-0.595459
-0.416061
-0.594559
-0.374969
0.0727081
0.172028
0.283691

[18]
0.348465
0.496078
0.610306
0.59581
0.59111
0.536926
0.451141
0.359222
0.24855
0.0480042
-0.285385
-0.657608
-0.840836
-1.07135
-1.10692
-0.870453
-0.725723
-0.112671
-0.332001
-0.164688
-0.206085
-0.466812
-0.146957
-0.521179
-0.514862
-0.0131531
-0.0404968
-0.0796051
-0.0183563
-0.0830841
-0.113129
-0.045105
0.0124664
0.00241089
0.00439453
-0.0178528
-0.0232391
-0.017868
0.0102234
-0.00544739
-0.0372772
-0.0334167
-0.016861
-0.0201874
-0.0227966
-0.0452118
-0.0702972
-0.0843048
-0.0898132
-0.0811768

[19]
-0.130127
-0.187057
-0.22966
-0.244492
-0.338318
-0.534851
-0.949158
-1.08643
-0.497925
-0.560562
-0.585693
-0.207047
0.196182
0.0934906
0.365952
0.420425
0.580597
0.631302
0.608398
0.562546
0.496643
0.410828
0.330978
0.149536
-0.205887
-0.53093
-0.901169
-0.852783
-1.0715
-0.949326
-0.845993
-0.64093
-0.276489
-0.224075
-0.289139
-0.183945
-0.0975647
-0.203888
-0.70575
-0.504105
-0.205566
0.0469208
-0.00987244
-0.0368652
-0.0468292
-0.0897827
-0.0562592
0.0149994
0.00914001
0.0203857

[20]
0.0181274
-0.0137024
-0.00610352
-0.000411987
0.0117493
-0.0285339
-0.0403442
-0.0262604
-0.0169067
-0.0308838
-0.0466614
-0.017807
-0.0639191
-0.0551605
-0.056488
-0.0975189
-0.142014
-0.173325
-0.230377
-0.371552
-0.521042
-0.8078
-1.07898
-0.617401
-0.399338
-0.570877
-0.437988
0.00132751
0.0636292
0.188004
0.375214
0.502716
0.563187
0.575653
0.527023
0.479904
0.464783
0.371445
0.203979
-0.0336761
-0.294128
-0.591232
-0.839157
-1.02849
-1.08145
-1.11374
-0.878433
-0.258011
-0.256683
-0.245697

[21]
-0.159637
-0.16423
-0.180023
-0.267136
-0.647888
-0.40033
-0.145996
0.113678
-0.0226593
-0.0392761
-0.0760651
-0.110474
-0.0452118
-0.016037
0.0218506
-0.00801086
-0.000167847
-0.0241089
-0.00601196
0.024231
0.0204926
-0.000961304
-0.0202179
-0.0204315
-0.0259094
-0.0228119
-0.0345459
-0.0543518
-0.0511169
-0.0702209
-0.0741577
-0.0858612
-0.128418
-0.178741
-0.239731
-0.335815
-0.459412
-0.673584
-1.01454
-1.08875
-0.617065
-0.600922
-0.428787
-0.14241
0.173264
0.16835
0.314804
0.461792
0.551987
0.586731

[22]
0.610596
0.582916
0.509125
0.413223
0.268646
0.0567169
-0.169235
-0.534439
-0.874054
-1.04916
-1.08022
-0.980637
-0.736038
-0.48407
-0.244736
-0.151825
-0.154266
-0.335022
-0.143997
-1.09915
-0.22229
0.0535889
-0.094223
-0.0271149
0.00611877
-0.0901184
-0.0926361
-0.0163727
0.0149078
-0.00140381
-0.0140533
-0.0110016
-0.0113068
-0.0032196
0.00146484
-0.00245667
0.0017395
-0.0235291
-0.0227051
-0.0206299
-0.0304718
-0.0265045
-0.024704
-0.0392914
-0.0399017
-0.0607147
-0.0774384
-0.108612
-0.129929
-0.154388

[23]
-0.189682
-0.266876
-0.423676
-0.62529
-0.990646
-1.08255
-0.543518
-0.526871
-0.440796
0.00128174
0.110123
0.287582
0.377975
0.468658
0.545547
0.619644
0.574432
0.497238
0.416901
0.287903
0.104294
-0.126358
-0.417648
-0.567047
-0.669861
-0.767517
-0.760391
-0.65451
-0.627304
-0.521072
-0.11824
-0.25267
-0.305923
-0.0420227
-0.177124
-0.297028
0.0436096
-0.566772
-0.291336
-0.097702
0.0167999
-0.00494385
-0.00100708
-0.0352325
-0.0501099
-0.097641
-0.0221405
-0.00570679
-0.0214691
0.00848389

[24]
-0.00820923
0.0122681
0.0476074
0.0118866
-0.0115356
-0.0395355
-0.0102692
-0.0124817
-0.0260162
-0.0529327
-0.0532074
-0.0521088
-0.0634155
-0.0467529
-0.0764008
-0.129456
-0.162003
-0.193314
-0.258957
-0.330994
-0.477997
-0.682404
-1.02928
-1.09818
-0.637344
-0.43396
-0.39119
0.0271454
0.161484
0.13765
0.304977
0.491608
0.584549
0.601685
0.547562
0.49762
0.426163
0.344925
0.207092
-0.0493011
-0.296844
-0.617447
-0.887024
-1.05061
-1.08168
-0.932617
-0.732086
-0.417877
-0.110443
-0.23497

[25]
-0.260956
-0.154633
-0.176239
-0.176132
-0.670654
-0.480011
-0.122177
0.050827
-0.0259552
-0.0158844
-0.0334167
-0.0787811
-0.0627747
-0.0240936
-0.00691223
-0.00939941
0.00328064
-0.0186615
-0.00881958
-0.00282288
0.00175476
-0.0224152
-0.0195923
0.00918579
-0.0316315
-0.0164795
-0.0352631
-0.026001
-0.0482635
-0.0341949
-0.035965
-0.0762024
-0.138779
-0.166107
-0.174301
-0.206375
-0.315475
-0.459473
-0.631439
-0.939178
-1.08195
-0.447525
-0.639435
-0.603455
-0.138336
0.0713196
0.055481
0.310745
0.344543
0.502899

[26]
0.553635
0.574005
0.524857
0.465958
0.377609
0.287384
0.133774
-0.0741425
-0.30983
-0.688095
-1.02716
-1.08818
-1.12604
-1.15764
-0.576096
-0.355606
-0.418228
-0.483841
-0.0597992
-0.310135
-0.553345
-0.340012
0.0219574
-0.107758
-0.0393982
-0.0271301
-0.096817
-0.0642548
-0.048584
0.0203094
0.0083313
0.0136261
-0.000106812
-0.0163879
-0.00360107
0.00845337
0.00312805
-0.0347137
-0.0502777
-0.0239105
-0.0198669
-0.0341187
-0.0242157
-0.0526123
-0.0534668
-0.0990906
-0.11734
-0.176041
-0.210083
-0.232147

[27]
-0.295441
-0.49585
-0.657364
-1.07568
-1.08429
-0.357422
-0.630692
-0.524689
0.00506592
0.140701
0.183609
0.258163
0.427429
0.553024
0.608887
0.565033
0.547165
0.444168
0.374512
0.268524
0.0442963
-0.261841
-0.566071
-0.973557
-1.05432
-1.08144
-0.970123
-0.724518
-0.489349
-0.250778
-0.514709
-0.152298
-0.248932
-0.307144
-0.853012
-0.560898
-0.214981
0.0336304
-0.0729828
-0.0786285
-0.0928192
-0.0854187
-0.0549164
-0.00816345
0.00213623
-0.00984192
-0.0022583
-0.00588989
-0.000869751
6.10352e-05

[28]
-0.0101318
-0.0358887
-0.0457153
-0.0300598
-0.0278168
-0.0218353
-0.0155792
-0.0233459
-0.0511932
-0.0859375
-0.121582
-0.18692
-0.197739
-0.197189
-0.27446
-0.46962
-0.761169
-1.07481
-0.788635
-0.561539
-0.924942
-0.446838
0.169571
0.095108
0.281281
0.350754
0.500305
0.599243
0.602158
0.560745
0.52092
0.430389
0.360672
0.192276
-0.0558929
-0.32402
-0.716614
-1.04036
-1.07072
-1.10577
-0.936569
-0.575317
-0.360962
-0.253723
-0.269165
-0.236374
-0.287384
-0.211533
-0.630402
-0.42395

[29]
-0.136261
0.00765991
-0.0119476
-0.119415
-0.0256805
-0.0991364
-0.0752106
-0.0189819
0.018631
0.0193329
0.00334167
-0.00424194
-0.0341034
0.0102692
0.00358582
-0.00411987
-0.00784302
-0.00088501
-0.0313568
-0.0518036
-0.0579681
-0.0465698
-0.0621033
-0.0946808
-0.0915375
-0.162262
-0.184387
-0.227921
-0.287277
-0.400589
-0.654312
-1.07204
-1.08258
-0.737152
-0.761581
-0.584915
-0.111679
0.129868
0.152313
0.31427
0.520569
0.652817
0.669891
0.653824
0.629364
0.509705
0.443588
0.308197
0.0230865
-0.310669

[30]
-0.663651
-0.879257
-1.0542
-1.08681
-0.751007
-0.719788
-0.596191
-0.268784
-0.325546
-0.356079
-0.187485
-0.11145
-0.237778
-0.630936
-0.44136
-0.150574
-0.0659637
-0.0222473
-0.0747986
-0.0732117
-0.104431
-0.092392
-0.0580597
-0.0279999
-0.0200958
0.0022583
-0.0114441
-0.0224609
-0.015152
0.00209045
-0.000259399
-0.0264893
-0.0289917
-0.0348206
-0.026825
-0.0431366
-0.0314484
-0.0298157
-0.0591431
-0.107285
-0.131821
-0.129898
-0.140366
-0.175278
-0.203873
-0.300674
-0.531418
-0.902145
-1.08095
-0.698929

[31]
-0.723602
-0.700684
-0.294937
0.15657
0.0601654
0.316833
0.379883
0.567184
0.649551
0.646149
0.571732
0.528458
0.41832
0.32933
0.104492
-0.203949
-0.496307
-0.788055
-1.04689
-1.07896
-1.00352
-0.77243
-0.607971
-0.322159
-0.271255
-0.26886
-0.215881
-0.256714
-0.160721
-0.801666
-0.568314
-0.278351
-0.148605
0.12648
-0.115967
-0.0448914
-0.103653
-0.102173
-0.0479736
0.00135803
-0.0190125
-0.0131531
-0.000732422
-0.000656128
-0.00280762
-0.0224762
-0.0065155
-0.0190125
-0.00187683
-0.0285034

[32]
-0.0383606
-0.0236969
-0.0207214
-0.0469513
-0.060318
-0.0803375
-0.114883
-0.186523
-0.172882
-0.209824
-0.248276
-0.349091
-0.504883
-0.793732
-1.07843
-0.624817
-0.567535
-0.678406
-0.36734
0.13533
0.0891418
0.257156
0.280136
0.545456
0.575745
0.636032
0.58194
0.51918
0.431458
0.381454
0.211411
-0.0420532
-0.392288
-0.753677
-1.03746
-1.06604
-0.902527
-0.88205
-0.664368
-0.424622
-0.274811
-0.399033
-0.172134
-0.214828
-0.221008
-0.292511
-0.495285
-0.374084
-0.0554352
-0.000808716

[33]
-0.0151825
-0.0501556
-0.0700836
-0.0987701
-0.052063
-0.000152588
-0.0169067
-0.00595093
-0.0424957
-0.0164642
-0.0107574
0.00587463
0.0131683
-0.0242615
-0.0287628
-0.0215759
0.00518799
-0.0289459
-0.0454407
-0.0701599
-0.0697632
-0.0896149
-0.11496
-0.179947
-0.221649
-0.322495
-0.427658
-0.694214
-0.987762
-1.07945
-0.355438
-0.559525
-0.561462
-0.108261
0.0807648
0.159027
0.268845
0.44342
0.604385
0.623199
0.568512
0.530151
0.485718
0.443787
0.339508
0.1577
-0.109344
-0.383789
-0.842133
-1.05655

[34]
-1.09445
-1.11224
-0.839783
-0.650543
-0.173813
-0.520081
-0.162979
-0.246704
-0.145004
-0.776917
-0.533936
-0.230698
-0.163544
-0.112335
-0.165344
-0.107574
-0.143799
-0.0476532
-0.00140381
0.035965
0.00700378
-0.0142517
-0.00875854
0.0243073
-0.0103912
-0.0240784
-0.0260315
-0.0432587
-0.0145721
-0.00914001
-0.026535
-0.0359344
-0.0378723
-0.0630493
-0.116364
-0.13446
-0.17189
-0.200607
-0.22998
-0.294083
-0.52536
-0.784637
-1.09125
-0.710602
-0.654221
-0.664459
-0.394363
0.0535126
0.00985718
0.31395

