[1]
-0.518143
-0.0132599
-0.00253296
-0.00198364
-0.00282288
0.00369263
0.0106201
-0.00839233
-0.0142212
-0.00299072
0.0253143
-0.00265503
-0.0430298
-0.0296631
-0.0231781
-0.0339355
-0.0566559
-0.0461273
-0.105225
-0.128357
-0.201889
-0.196838
-0.250763
-0.285812
-0.276947
-0.111526
0.0311432
0.146774
0.313217
0.29689
0.307159
0.283539
0.215942
0.128387
0.065567
-0.030304
-0.124619
-0.143127
-0.168121
-0.206604
-0.239777
-0.29187
-0.321976
-0.309525
-0.217484
-0.132782
-0.113174
-0.0172272
-0.0323944
0.0877838

[2]
-0.0895538
-0.12616
-0.143692
-0.205551
-0.153824
-0.0688782
-0.0365753
0.118515
0.0298615
-0.0230408
-0.0399933
-0.018631
-0.0605621
-0.0457916
-0.00238037
-0.0222778
0.00431824
-0.0173035
-0.00263977
0.00622559
0.017334
0.00965881
-0.0315552
0.000610352
-0.0124664
-0.0210571
-0.015152
-0.0319824
-0.0315247
-0.0317993
-0.0601654
-0.079422
-0.123093
-0.195023
-0.246338
-0.30394
-0.495422
-0.692307
-0.880402
-0.817047
-0.751587
-0.711121
-0.514709
-0.452393
0.132553
0.0751038
0.0306396
0.37355
0.469101
0.587585

[3]
0.60994
0.585419
0.554245
0.480988
0.33551
0.0705109
-0.198364
-0.54361
-0.913727
-1.08913
-1.12601
-0.893311
-0.5439
-0.363129
-0.262695
-0.00949097
-0.406082
-0.369263
-0.658493
-0.27153
-0.158905
-0.116913
-0.094223
0.045639
-0.00862122
-0.0870819
-0.0150146
0.0363617
0.0271759
-0.00350952
-0.0148315
-0.00880432
0.0132294
0.0223389
-0.00402832
-0.00160217
7.62939e-05
-0.0123444
0.00431824
-0.0103607
-0.0242157
-0.0388489
-0.078186
-0.0913391
-0.158188
-0.154037
-0.169495
-0.276443
-0.504395
-0.77124

[4]
-1.07948
-0.919495
-0.907501
-0.674118
-0.545258
-0.219086
0.671738
0.251587
0.236526
0.473419
0.556976
0.601669
0.591278
0.526917
0.474304
0.451141
0.374313
0.20433
-0.00741577
-0.329193
-0.810989
-1.06013
-1.09834
-1.13365
-0.783127
-0.467163
-0.46225
-0.0165405
-0.320847
-0.308151
-0.55545
-0.326538
-0.232483
-0.0803375
-0.0820618
-0.0545044
0.108902
-0.0552826
-0.0758972
-0.0157318
0.0198364
0.0288086
-0.00421143
-0.0059967
0.0027771
0.0186157
0.0210571
0.0184784
0.038208
-0.00363159

[5]
-0.025528
-0.0304718
-0.0402527
-0.0347595
-0.0509033
-0.0611725
-0.111267
-0.175781
-0.175613
-0.212982
-0.302368
-0.571854
-0.944504
-1.07594
-0.875015
-0.804596
-0.502426
-0.493912
0.228455
0.0744324
0.229416
0.470413
0.555984
0.645309
0.637695
0.627914
0.546371
0.509003
0.45668
0.279465
0.0356293
-0.263885
-0.686584
-1.05621
-1.09338
-1.12854
-0.838501
-0.284653
-0.448914
-0.286453
-0.632172
-0.319733
-0.368896
-0.308014
0.00552368
0.022171
0.0226288
0.0270844
0.067627
-0.0140533

[6]
-0.055542
-0.0435486
-0.0340118
-0.0799408
-0.0608368
-0.0756378
-0.0105591
0.0229187
0.0309601
0.0208893
0.0169983
0.0165253
0.0182953
0.0264893
0.00933838
-0.0105743
-0.0507507
-0.0559692
-0.110565
-0.139404
-0.230484
-0.209717
-0.341019
-0.503738
-0.690628
-0.963516
-1.03157
-0.824234
-0.717422
-0.471939
-0.252319
0.727631
0.189957
0.27095
0.545135
0.647339
0.631378
0.583374
0.531799
0.494537
0.43689
0.314209
0.177704
-0.0595703
-0.400085
-0.808487
-1.06349
-1.09744
-0.82608
-0.618286

[7]
-0.472443
-0.180573
-0.331451
-0.0962982
-0.295502
-0.339478
-0.398499
-0.269516
-0.0446625
-0.103241
-0.0410309
-0.0718231
-0.00509644
-0.0211182
-0.10968
-0.0680847
0.00717163
0.0196991
-0.0318909
-0.0313568
-0.00527954
0.0372314
0.0481262
0.000579834
-0.000518799
0.0017395
0.00125122
-0.0102844
-0.0118713
-0.00738525
-0.00721741
-0.0172882
-0.0468445
-0.0811462
-0.102646
-0.14743
-0.171097
-0.319763
-0.449661
-0.621338
-0.903793
-1.0721
-0.736923
-0.740997
-0.426514
-0.368576
0.254715
0.162415
0.173889
0.443192

[8]
0.551819
0.620743
0.596771
0.551559
0.500351
0.496643
0.410019
0.226181
0.0346069
-0.282608
-0.617844
-0.896378
-1.0368
-0.923477
-0.845306
-0.788162
-0.506317
-0.196609
-0.10704
-0.143097
-0.340485
-0.459412
-0.329636
-0.164993
-0.026474
-0.0446777
-0.0663452
0.053894
-0.0239563
-0.0385895
-0.0200195
0.0292053
0.0427704
-0.0189972
-0.0298767
-0.00991821
0.0245056
0.0103149
0.00137329
0.00831604
-0.0110931
-0.024704
-0.017746
0.0113373
-0.0172577
-0.049057
-0.0558319
-0.081665
-0.130188
-0.151917

[9]
-0.179871
-0.208496
-0.342407
-0.469955
-0.692276
-0.936584
-0.909882
-0.680389
-0.61795
-0.555557
-0.271744
0.565536
0.116547
0.1577
0.444229
0.539001
0.580292
0.565079
0.518463
0.475723
0.445618
0.335129
0.143784
-0.126144
-0.422791
-0.766571
-1.02451
-1.08044
-0.86319
-0.812195
-0.510971
-0.308228
-0.0924988
-0.196777
-0.398529
-0.272324
-0.432434
-0.147598
-0.0778961
-0.0447388
-0.11557
-0.036438
0.117416
-0.0701904
-0.0596161
-0.0266266
0.0339661
-0.00431824
-0.0375061
-0.0346222

[10]
-0.00466919
0.027359
0.019455
0.0198975
0.00228882
-0.00204468
0.0109406
0.00848389
-0.0355225
-0.0351257
-0.0472565
-0.0249481
-0.0368805
-0.0664978
-0.118134
-0.156433
-0.208221
-0.211884
-0.342499
-0.456192
-0.599884
-0.749908
-0.749329
-0.452759
-0.442856
-0.288925
-0.180161
0.363846
0.0986786
0.0942841
0.352661
0.447205
0.441772
0.457993
0.445816
0.42572
0.368729
0.259796
0.117065
-0.0799561
-0.433273
-0.698639
-0.80896
-0.92308
-0.760208
-0.594925
-0.407593
-0.242264
-0.0656433
-0.0198517

[11]
-0.185501
-0.370316
-0.132797
-0.338638
-0.234299
-0.0717163
-0.023056
-0.0492249
-0.0652466
-0.0172882
-0.0327148
-0.066803
-0.0436249
0.0111847
0.0112152
-0.0370026
-0.032547
-0.00315857
0.0327454
0.0381775
0.0114136
-0.00296021
0.00422668
-0.00224304
-0.00997925
0.0143433
-0.00480652
-0.0182343
-0.0278473
-0.0610657
-0.0686951
-0.0577545
-0.0886993
-0.0904999
-0.0949249
-0.146301
-0.197174
-0.29335
-0.398636
-0.517105
-0.723389
-0.781219
-0.550018
-0.562241
-0.45311
-0.340118
0.141174
0.241196
0.203064
0.328323

[12]
0.394638
0.51004
0.492615
0.490387
0.417145
0.406738
0.329361
0.132339
-0.127762
-0.377197
-0.636688
-0.762924
-0.705795
-0.569885
-0.554123
-0.438797
-0.378052
-0.150864
-0.0919037
-0.174118
-0.29866
-0.0564117
-0.147858
-0.11998
-0.00912476
-0.0484772
-0.0808868
-0.0220795
-0.0090332
0.0267487
0.0144958
-0.0380554
-0.0542145
-0.00343323
-0.0151367
-0.0314178
-0.00956726
0.0179443
0.024292
0.0173798
0.0122986
0.00257874
0.025238
0.0191803
0.0103607
-0.0120544
-0.019104
-0.0443726
-0.0397186
-0.0458832

[13]
-0.0549469
-0.0991821
-0.0996552
-0.142303
-0.151459
-0.239441
-0.351364
-0.483994
-0.63681
-0.757675
-0.735748
-0.661682
-0.631973
-0.421555
-0.336533
0.256836
0.12323
0.102478
0.492676
0.526154
0.601089
0.590576
0.523285
0.470245
0.421906
0.307587
0.0808105
-0.208069
-0.521912
-0.690964
-0.950226
-0.84523
-0.627228
-0.404175
-0.260574
-0.128006
-0.226639
0.123993
-0.10675
-0.458603
-0.120483
-0.296768
-0.0743561
0.0791931
-0.0287781
0.0187073
0.0643616
0.019577
-0.0662994
-0.0449066

[14]
-0.00144958
0.03479
-0.0154266
-0.0505371
-0.0442352
-0.0057373
0.0237885
0.00617981
-0.0107117
-0.0136719
-0.0106049
-0.019516
0.00106812
-0.0170898
-0.0306091
-0.0574799
-0.0703125
-0.0877228
-0.0800476
-0.121933
-0.141495
-0.182938
-0.234268
-0.308228
-0.498672
-0.749527
-0.946457
-0.799103
-0.69957
-0.519302
-0.378922
-0.129944
0.558075
0.40535
0.229568
0.426956
0.499695
0.526001
0.480087
0.437103
0.411636
0.350967
0.136826
-0.0732422
-0.243607
-0.421371
-0.585526
-0.587814
-0.663025
-0.624008

[15]
-0.498184
-0.25737
-0.172668
-0.057251
-0.183975
-0.0550385
-0.268356
-0.130615
-0.294525
-0.141495
0.0634308
0.000320435
-0.0163879
0.0377197
0.0402374
-0.00958252
-0.0717773
-0.0197296
0.0133514
-0.031311
-0.0322266
-0.0331573
-0.0141449
0.0193024
0.0430908
0.00593567
0.0193939
-0.0112152
-0.00924683
-0.0160675
-0.0293121
-0.0245667
-0.0424194
-0.0476837
-0.0358734
-0.0579529
-0.0476837
-0.0699463
-0.0872345
-0.148926
-0.134384
-0.200592
-0.280258
-0.369431
-0.456696
-0.595078
-0.705673
-0.662125
-0.572586
-0.523224

[16]
-0.377029
-0.360184
0.0431519
0.287872
0.20253
0.281982
0.402527
0.507294
0.463501
0.449936
0.374786
0.358124
0.273544
0.0630646
-0.215317
-0.471405
-0.593842
-0.732834
-0.639954
-0.567688
-0.499634
-0.388657
-0.23494
-0.106689
-0.0275574
-0.033493
-0.0601807
-0.106323
-0.0918427
-0.189392
-0.414108
-0.139084
-0.0649567
0.0453796
0.0416412
-0.0473785
0.0190887
0.0445099
-0.0524139
-0.0419922
-0.013092
0.00216675
-0.0454865
-0.015625
0.00660706
0.0278473
0.0124817
-0.0139008
-0.0202637
-0.000671387

[17]
0.00521851
-0.0108948
-0.00611877
-0.0260468
-0.041153
-0.0199738
-0.0380096
-0.0700378
-0.059433
-0.0837097
-0.108246
-0.103958
-0.133987
-0.161133
-0.243088
-0.341141
-0.507339
-0.729431
-0.833328
-0.569397
-0.711594
-0.519424
-0.548676
-0.162506
0.592834
0.178513
0.116501
0.416748
0.472961
0.529266
0.511932
0.43338
0.427139
0.338882
0.180435
-0.0119629
-0.298447
-0.587326
-0.795471
-0.945129
-0.792419
-0.632492
-0.44519
-0.287354
-0.0990601
0.00486755
-0.0527649
-0.0419159
-0.0797424
-0.163483

[18]
-0.290039
-0.466812
-0.0881805
-0.0402527
0.044342
-0.0391388
-0.050415
0.0275116
-0.017807
-0.044632
0.013916
0.0382233
-0.00892639
-0.0331879
-0.0593414
-0.0104828
-0.00686646
0.0170898
0.0042572
-0.003479
0.0144043
0.00396729
-0.0270844
-0.0144348
-0.0313263
-0.0453949
-0.0565033
-0.0820923
-0.0842896
-0.150391
-0.119766
-0.14534
-0.18457
-0.26683
-0.438232
-0.583008
-0.734161
-0.796036
-0.579941
-0.645874
-0.498901
-0.538864
-0.14595
0.486862
0.144958
0.110229
0.36882
0.466492
0.499207
0.501541

[19]
0.444946
0.446228
0.362854
0.238541
-0.0278931
-0.286957
-0.542694
-0.68573
-0.866943
-0.738312
-0.637146
-0.514908
-0.306107
-0.132782
-0.05513
-0.0172424
-0.0797424
-0.261688
-0.153717
-0.323349
-0.362625
-0.0409241
-0.0591736
0.00837708
-0.0611877
-0.0183868
0.00892639
-0.0754242
-0.0284424
0.0349884
0.024704
-0.0144653
-0.0268097
0.0121918
0.0363464
0.0288391
0.0238647
0.0440216
0.0302277
-0.00941467
-0.0123901
0.00238037
0.00375366
-0.0186005
-0.055481
-0.0366974
-0.0781403
-0.0806732
-0.0971069
-0.124634

[20]
-0.132675
-0.143661
-0.208069
-0.31926
-0.455261
-0.603577
-0.723236
-0.804108
-0.604355
-0.53157
-0.417984
-0.39296
0.202377
0.0811615
0.171844
0.3367
0.39563
0.492081
0.503006
0.486481
0.446045
0.407227
0.341766
0.193863
-0.0443268
-0.302399
-0.662735
-0.860641
-1.00108
-0.79216
-0.538239
-0.388214
-0.198349
-0.154999
-0.0149689
-0.102356
-0.381134
-0.155624
-0.477356
-0.0863495
-0.0821686
-0.0191345
-0.0953522
-0.0169525
0.0374298
0.0453186
-0.0731659
-0.0309906
-0.00372314
0.008255

[21]
-0.0480652
-0.0392456
-0.0107269
0.0373688
0.0256348
-0.000564575
0.00888062
0.0230713
-0.0155029
-0.0071106
-0.0121307
-0.0136261
-0.0220947
-0.0493164
-0.05159
-0.0460205
-0.0680084
-0.0799561
-0.131439
-0.174179
-0.210861
-0.25708
-0.396271
-0.558685
-0.725845
-0.808655
-0.550522
-0.6035
-0.516037
-0.419327
-0.210663
0.548172
0.212494
0.17009
0.437729
0.503418
0.512253
0.541306
0.518967
0.453888
0.372894
0.192719
-0.00654602
-0.271393
-0.539062
-0.768478
-0.902115
-0.811844
-0.822144
-0.574203

[22]
-0.306259
-0.223236
0.0411835
-0.100754
0.189728
-0.150757
-0.186478
-0.22821
-0.432449
-0.151443
-0.24292
0.00907898
-0.023468
0.0346375
-0.032074
-0.0633545
-0.0280457
0.0067749
0.00509644
-0.0146942
-0.00674438
0.0231476
0.0232697
0.0121002
0.00764465
0.00814819
0.00402832
-0.0204773
-0.00502014
-0.0098877
-0.0327301
-0.0507965
-0.0429688
-0.085434
-0.100189
-0.117767
-0.11467
-0.15419
-0.161331
-0.243698
-0.419006
-0.653931
-0.783737
-0.706696
-0.674881
-0.6306
-0.50444
-0.449493
0.169998
0.246353

[23]
0.257736
0.330978
0.428696
0.527405
0.566925
0.529144
0.42511
0.42218
0.285934
0.0727997
-0.182007
-0.419357
-0.592346
-0.846603
-0.874817
-0.779968
-0.636368
-0.422119
-0.188278
-0.0566864
-0.273285
0.11763
-0.173569
-0.562561
-0.114975
-0.466705
-0.0942078
-0.00840759
0.038208
-0.0424805
-0.0594177
-0.0255432
-0.00566101
-0.0361176
-0.0190125
0.00413513
-0.0043335
-0.051712
-0.0383301
-0.0020752
0.0244904
0.0228271
-0.00440979
0.00172424
0.000183105
-0.02388
-0.0200195
-0.0122375
-0.0305023
-0.0134125

[24]
-0.0366364
-0.032959
-0.0470734
-0.0577393
-0.072464
-0.0977631
-0.152512
-0.200409
-0.240707
-0.359802
-0.490982
-0.651077
-0.743698
-0.679886
-0.452194
-0.467163
-0.359451
-0.230438
0.234863
0.0920715
0.0621338
0.39447
0.436203
0.550491
0.544754
0.524155
0.443985
0.348282
0.21814
-0.00440979
-0.243729
-0.512207
-0.650955
-0.686356
-0.695618
-0.658188
-0.549637
-0.339188
-0.163803
-0.0372467
0.0506897
0.107864
-0.052475
-0.396423
-0.191238
-0.333511
-0.24736
-0.0236664
0.026123
0.040863

[25]
0.106461
0.0566254
-0.0704498
-0.0982361
-0.0305328
0.00653076
-0.0370331
-0.0265045
-0.0404816
0.0131531
0.0304871
0.0191803
0.00495911
0.010498
0.0058136
-0.0071106
-0.0235748
-0.0464325
-0.0307159
-0.0239105
-0.0405579
-0.0467529
-0.0406342
-0.0563812
-0.0915527
-0.11615
-0.129715
-0.154755
-0.183456
-0.339478
-0.487396
-0.604172
-0.658463
-0.599609
-0.508698
-0.465012
-0.374451
-0.367294
-0.0401306
0.307541
0.33934
0.217575
0.420181
0.545761
0.573944
0.548279
0.532791
0.467072
0.269852
0.0376129

[26]
-0.26564
-0.640839
-0.892914
-0.719849
-0.740417
-0.704559
-0.606491
-0.486404
-0.159195
-0.0288391
-0.0126801
-0.180115
0.138412
0.0916901
0.0321655
-0.323212
-0.271591
-0.191284
-0.113678
-0.150864
-0.047821
-0.032959
0.0613403
0.0428314
-0.0228424
-0.0406799
-0.0430756
-0.00521851
-0.0180664
-0.0273132
-0.00456238
-0.0147552
0.00279236
0.0018158
0.00811768
0.00245667
-0.0132751
-0.0129395
-0.0204926
-0.0104065
-0.0281219
-0.036026
-0.0401154
-0.0284882
-0.061615
-0.0602417
-0.112564
-0.12265
-0.120514
-0.13205

[27]
-0.166061
-0.232193
-0.325958
-0.475571
-0.70166
-0.785309
-0.510834
-0.501663
-0.453827
-0.395767
-0.291061
0.297424
0.123718
0.179718
0.402969
0.441315
0.518478
0.526367
0.479965
0.40773
0.33046
0.206833
-0.0419006
-0.295074
-0.564163
-0.796646
-0.796707
-0.651596
-0.543152
-0.488571
-0.345123
-0.164932
0.0560455
0.00512695
0.106369
-0.0536194
-0.104233
-0.43248
-0.113052
-0.416138
-0.0482178
0.072113
0.00520325
-0.049881
-0.112122
-0.0510559
0.053299
0.0387573
-0.0120392
0.013504

[28]
-0.0374298
-0.0481415
-0.0642548
-0.0185394
0.0075531
0.00392151
-0.00270081
-0.00856018
-0.00738525
-0.0093689
-0.0128479
-0.0460968
-0.0211945
-0.0221405
-0.0539246
-0.0626221
-0.05896
-0.0682983
-0.0830536
-0.0795746
-0.0990448
-0.172928
-0.201813
-0.307175
-0.458786
-0.51088
-0.692566
-0.782074
-0.494217
-0.571091
-0.488602
-0.423538
-0.112
0.479721
0.194443
0.122467
0.451508
0.501755
0.533173
0.503876
0.434723
0.411911
0.317505
0.167664
-0.11795
-0.353104
-0.671295
-0.79895
-0.820068
-0.662277

[29]
-0.557495
-0.416916
-0.250854
-0.17627
-0.0228424
-0.0481262
-0.128769
0.0802917
-0.214813
-0.181015
-0.446655
-0.268112
-0.196014
0.0150757
0.049469
-0.0294189
0.0434418
0.0428314
-0.0190582
-0.0540466
-0.0184631
-0.0227814
-0.0141144
0.00256348
0.015564
0.0395355
0.029129
-0.000228882
0.0173492
-0.00392151
-0.0203552
-0.0203552
-0.0282745
-0.0262909
-0.0381317
-0.0486298
-0.0580444
-0.0689545
-0.0730743
-0.0831299
-0.12352
-0.130829
-0.144501
-0.1828
-0.316284
-0.495728
-0.659622
-0.80365
-0.623627
-0.578445

[30]
-0.495956
-0.39566
-0.309723
0.371094
0.141571
0.101791
0.405396
0.432999
0.505859
0.521942
0.466766
0.440704
0.380875
0.192993
-0.0223083
-0.243744
-0.606049
-0.859558
-0.843994
-0.725174
-0.646225
-0.506348
-0.323196
-0.0846558
0.0436401
-0.254166
0.0774536
-0.047226
-0.259491
-0.146133
-0.53476
-0.0719147
-0.00964355
-0.059021
0.0284271
-0.0292969
-0.00691223
0.000854492
-0.0716553
-0.0479584
0.00575256
-0.00331116
-0.0245819
-0.0368042
0.00819397
0.0293121
0.0334778
-0.000488281
-0.0148315
-0.000244141

[31]
-0.00918579
-0.0198059
-0.0200806
-0.0417175
-0.0396423
-0.0571747
-0.0558624
-0.0288696
-0.0363312
-0.0560913
-0.0884705
-0.149597
-0.208771
-0.336594
-0.416687
-0.526154
-0.579681
-0.565323
-0.354568
-0.521042
-0.532089
-0.398804
-0.319077
0.0301514
-0.000167847
0.00746155
0.388885
0.395477
0.493378
0.502579
0.519989
0.433868
0.376419
0.282883
0.103561
-0.0997314
-0.375092
-0.682632
-0.871902
-0.927795
-0.724579
-0.582092
-0.326767
-0.250427
0.00576782
0.0750732
0.00582886
-0.283432
-0.238815
-0.229568

[32]
-0.351196
-0.0816498
-0.0308838
-0.0237122
0.0247803
0.0561829
0.0241241
0.0091095
-0.00532532
-0.0420685
-0.00422668
0.00305176
0.00708008
-0.000778198
0.00312805
0.00994873
0.00817871
0.00991821
-0.00556946
-0.00462341
0.00831604
0.0181427
-0.00440979
-0.026474
-0.0410309
-0.0368042
-0.0410309
-0.0634613
-0.0860596
-0.0926056
-0.127701
-0.160248
-0.17067
-0.339096
-0.620316
-0.778824
-0.809738
-0.787537
-0.731018
-0.515198
-0.352753
-0.0346069
0.431488
0.321976
0.34967
0.466904
0.559814
0.582413
0.570663
0.495071

[33]
0.412766
0.34343
0.189911
-0.0543365
-0.364426
-0.735336
-0.950317
-1.03949
-0.898712
-0.604294
-0.369446
-0.243073
0.0534973
-0.160965
0.0260162
-0.239655
-0.314346
-0.283951
-0.39975
-0.184998
0.0298309
-0.0450897
0.00695801
0.0754852
-0.00874329
-0.0966187
-0.0475464
0.0017395
0.0167236
-0.0366974
-0.0419159
-0.0157776
0.00753784
0.0380402
0.0325165
-0.000579834
0.009552
0.00660706
-7.62939e-05
-0.0165863
-0.0184784
-0.0233765
-0.0410309
-0.0219116
-0.0208893
-0.0745544
-0.0739136
-0.112534
-0.154724
-0.206512

[34]
-0.305527
-0.407776
-0.551315
-0.691223
-0.688751
-0.396469
-0.500092
-0.34726
-0.28299
0.0880127
0.12915
0.0932007
0.331345
0.40242
0.472534
0.484848
0.462769
0.455719
0.413315
0.287247
0.131973
-0.0838013
-0.346848
-0.666931
-0.797714
-0.895584
-0.733521
-0.528946
-0.381088
-0.229065
-0.0166626
0.006073
-0.0614319
-0.164734
-0.257996
-0.148605
-0.307877
-0.0662842
-0.138611
-0.0382843
-0.00527954
0.00601196
0.0378876
0.0387268
-0.021698
-0.0415955
-0.0137329
0.00167847
-0.042099
-0.0363312

[35]
0.00823975
0.0224457
0.0274048
0.0170441
0.00549316
0.0071106
0.00740051
-0.00758362
-0.0249786
-0.0217133
-0.00994873
-0.0123291
-0.0543671
-0.0505371
-0.0774078
-0.0492859
-0.088562
-0.120392
-0.177612
-0.27478
-0.362747
-0.484009
-0.631332
-0.80304
-0.580414
-0.477219
-0.488663
-0.307327
-0.331406
0.111954
0.188187
0.136307
0.360123
0.423187
0.517807
0.524658
0.511169
0.452652
0.421661
0.322433
0.115417
-0.123611
-0.466629
-0.746155
-0.870178
-0.833237
-0.619461
-0.431686
-0.244217
-0.125732

[36]
0.0114899
-0.222672
0.0701294
-0.0406342
-0.275528
-0.137939
-0.489304
-0.156174
-0.039444
0.0522919
-0.0092926
0.0386353
0.0361786
-0.030014
-0.0453033
-0.0174408
0.03479
-0.00598145
-0.0310516
-0.0184937
0.0249329
0.00627136
0.00454712
-0.00274658
-0.00909424
-0.0119781
-0.0236816
-0.0100098
-0.0260315
-0.0241547
-0.0435333
-0.0500336
-0.0570221
-0.103043
-0.123138
-0.122925
-0.154449
-0.196457
-0.238068
-0.368622
-0.565628
-0.738632
-0.839035
-0.519745
-0.558517
-0.424591
-0.470398
-0.00605774
0.427139
0.257874

[37]
0.237167
0.388474
0.461334
0.482635
0.507416
0.466629
0.436325
0.360733
0.214951
-0.0184174
-0.303421
-0.666718
-0.817398
-1.03586
-0.837524
-0.613678
-0.465759
-0.358566
-0.0806732
-0.0959167
0.0930023
0.054245
-0.168915
-0.0718842
-0.299026
-0.555283
-0.210175
-0.100433
0.00994873
0.0296783
0.0582123
0.0380859
0.0146027
-0.0345917
-0.0205841
0.041748
0.00834656
-0.0250092
-0.0344849
-0.0209961
-0.00254822
0.0107269
0.0102997
0.0175934
-0.00306702
-0.0015564
0.0322266
-0.0017395
-0.0361023
-0.0422211

[38]
-0.0411224
-0.0431976
-0.0513458
-0.0443573
-0.0927429
-0.10556
-0.0996399
-0.115555
-0.142075
-0.231842
-0.409775
-0.533783
-0.694473
-0.624786
-0.411453
-0.572098
-0.47757
-0.432938
-0.20108
0.265854
0.0769501
0.0901947
0.321747
0.418533
0.505096
0.54184
0.518112
0.447678
0.403595
0.276199
0.0803986
-0.132858
-0.408295
-0.629791
-0.772766
-0.833633
-0.68869
-0.50351
-0.276245
-0.137802
-0.184418
0.106033
-0.071228
-0.368011
-0.048584
-0.365845
-0.183792
-0.141861
-0.056015
0.0401611

[39]
0.0392303
0.0476837
0.0226898
-0.0209808
-0.0381622
-0.00340271
-0.00575256
-0.0469208
-0.0402679
-0.0085144
0.00241089
0.0341644
0.0111084
-0.00515747
-0.0186005
-0.0177612
-0.000427246
-0.0141907
-0.0280151
-0.0194397
-0.0453339
-0.0398254
-0.0423126
-0.0726471
-0.0907593
-0.0783844
-0.131546
-0.257416
-0.303528
-0.518814
-0.697952
-0.840393
-0.856613
-0.77092
-0.710403
-0.355392
-0.239731
0.28891
0.128937
0.128281
0.502579
0.532562
0.571594
0.567261
0.540695
0.505203
0.448242
0.323669
0.0932159
-0.266251

[40]
-0.555344
-0.780182
-0.900589
-0.712814
-0.595001
-0.389328
-0.266876
-0.119003
-0.212402
0.0798492
-0.0350189
-0.506577
-0.304153
-0.401962
-0.235809
0.00454712
0.0242004
0.00720215
0.0552979
0.0281677
-0.0736084
-0.0331421
0.00718689
0.00869751
-0.020752
-0.0190735
0.00131226
0.0107727
0.0273743
0.0367737
0.0178986
-0.00106812
-0.0227356
-0.0158691
-0.0119629
-0.0137024
-0.0252686
-0.0486755
-0.0486908
-0.052475
-0.0890656
-0.0939484
-0.138458
-0.12706
-0.164764
-0.272644
-0.449234
-0.636826
-0.823517
-0.61113

[41]
-0.675217
-0.585876
-0.380737
-0.217484
0.151657
0.187576
0.310013
0.366806
0.420227
0.51001
0.509705
0.493042
0.444046
0.375916
0.215683
0.0552673
-0.167709
-0.446976
-0.644775
-0.776291
-0.717789
-0.633881
-0.508545
-0.27037
-0.155624
-0.0296173
0.0422668
0.0254517
0.141266
0.0138397
-0.33931
-0.211945
-0.542267
-0.263519
-0.143707
-0.00274658
0.0162964
0.0639343
0.0519257
0.0417175
-0.032135
-0.0366364
0.0216064
0.0310211
0.0150757
-0.0191956
0.00708008
0.0251923
0.0266724
0.0491638

[42]
0.0316467
0.00376892
0.00289917
0.0216827
0.0237274
0.0526428
-0.0352173
-0.0710297
-0.0404968
-0.0197144
-0.00720215
-0.0373535
-0.0489502
-0.0715942
-0.092926
-0.1259
-0.218246
-0.343811
-0.445297
-0.583435
-0.603485
-0.535995
-0.389893
-0.475296
-0.401352
-0.221375
-0.178467
0.151108
0.101227
0.160309
0.332611
0.3862
0.507523
0.529007
0.51799
0.414948
0.361725
0.245163
0.0405731
-0.228302
-0.411667
-0.511536
-0.598938
-0.682892
-0.69017
-0.583893
-0.37291
-0.158447
-0.0618134
0.0498047

