[1]
-0.247559
-0.00869751
-0.00863647
-0.0137482
-0.0196686
-0.0177765
0.020462
-0.0150299
-0.0157318
-0.015625
0.0014801
-0.00286865
-0.0232544
-0.0222321
-0.010437
-0.013382
-0.00775146
-0.027771
-0.0045929
0.00250244
0.0313873
0.0105743
0.0158081
0.0522614
0.0605774
-0.0271606
-0.149704
0.0755005
0.227982
0.156494
0.175461
0.167877
0.146835
0.132446
0.123978
0.107773
0.0450592
-0.0042572
-0.0492554
-0.0929565
-0.148651
-0.175507
-0.263992
-0.33342
-0.455521
-0.534317
-0.522339
-0.440338
-0.34166
-0.259109

[2]
-0.00749207
0.420288
0.121048
0.0417023
-0.00794983
-0.123016
-0.193176
-0.12793
-0.0516815
0.0897827
0.0641937
-0.0181885
-0.00552368
0.00714111
-0.0472717
-0.0341339
0.0149689
0.043045
0.00544739
-0.00511169
-0.019989
0.0462036
0.0726013
0.0487061
-0.00163269
-0.01297
-0.00767517
0.0478973
0.0515289
0.0310669
0.0380707
0.0424042
0.0592499
0.0661774
0.0102997
0.0111694
0.0303192
0.0780334
0.200394
0.233185
0.297272
0.195206
-0.0960236
-0.133942
-0.050415
-0.135193
0.0748901
0.296204
0.304459
0.255722

[3]
0.246323
0.195145
0.155045
0.138535
0.122604
0.0700226
-0.0880432
-0.153168
-0.331955
-0.799622
-1.01749
-1.04965
-0.937012
-0.910385
-0.862427
-0.249954
1.16463
0.174179
-0.136887
-0.0642853
-0.320328
-0.185486
-0.0934296
-0.0997925
0.000869751
0.0134125
-0.0258331
-0.108093
-0.10231
0.0426788
0.0549927
0.0112457
-0.0603638
-0.0374908
-0.00831604
0.033371
0.0397491
0.02005
-0.0128784
-0.0191345
0.0218353
0.0280914
0.0592499
0.0436249
0.081192
0.0429688
0.0227661
-0.0252228
-0.0258789
0.0111542

[4]
0.132111
0.328751
0.394897
0.124908
-0.258041
-0.192184
-0.0710297
-0.243713
0.222931
0.312958
0.286911
0.181503
0.149109
0.140701
0.109528
0.0130157
-0.00216675
-0.0149689
-0.0553284
-0.15657
-0.31279
-0.531403
-0.749969
-1.03108
-1.20523
-0.976807
-0.915298
-0.48674
0.805786
0.254379
-0.139664
-0.320145
-0.440521
-0.237717
-0.119431
-0.0708923
-0.0762024
-0.00283813
0.0187378
-0.0117035
-0.108215
-0.100891
0.0466461
0.0487366
-0.00193787
-0.0253906
-0.0365143
-0.0223236
-0.000961304
-0.00050354

[5]
0.032074
0.00390625
0.00178528
0.0215759
0.0626678
0.0694275
0.0726624
0.067215
0.0257416
-0.0363007
-0.0317535
-0.0341492
0.0750275
0.204437
0.3349
0.299789
-0.208939
-0.313873
-0.0299683
-0.15004
0.0520477
0.268372
0.280991
0.219193
0.145721
0.144028
0.144028
0.0680084
0.0283966
-0.00523376
-0.0702209
-0.153336
-0.274826
-0.551331
-0.791428
-0.938797
-1.03278
-0.842239
-0.66391
-0.468597
0.934555
-0.119843
-0.183075
-0.224533
-0.206604
-0.193375
-0.0845032
-0.019989
-0.0460205
-0.00762939

[6]
0.0377655
-0.0362854
-0.110138
-0.0658417
0.0496674
0.0490417
-0.0311279
-0.0865631
-0.0578156
-0.0105286
0.00595093
-0.0141449
0.0168915
0.0150757
0.000411987
-0.0181427
0.0375824
0.0528717
0.0517273
0.0114441
0.071228
0.0144653
0.0107117
-0.00959778
0.0815277
0.169739
0.286194
0.379105
0.132065
-0.254288
-0.236069
-0.0836487
-0.183945
0.224869
0.309143
0.294189
0.307129
0.203201
0.164276
0.0985413
0.0701447
0.0226746
-0.0835571
-0.0809631
-0.193192
-0.557571
-0.823441
-0.978638
-1.13959
-1.16252

[7]
-0.718689
-0.741821
-0.565964
-0.154587
0.909027
0.37262
-0.093399
-0.261414
-0.437012
-0.293854
-0.158798
-0.0428314
-0.034317
-0.0128326
0.00950623
-0.0509186
-0.158997
-0.130798
-0.00624084
0.0460968
-0.0407562
-0.0939026
-0.0635986
0.00559998
0.0244598
0.00828552
-0.0185394
-0.0273438
-0.0450745
-0.0101166
-0.00254822
-0.0218048
-0.014389
0.00540161
0.0289154
0.029068
-0.0309601
-0.0337524
-0.0280762
0.105423
0.143097
0.0957947
0.267502
0.303223
-0.148361
-0.274323
-0.0711823
-0.162704
0.0389557
0.197281

[8]
0.24437
0.195572
0.19075
0.155289
0.0678558
0.0208893
-0.0243683
-0.0426025
-0.0852051
-0.156906
-0.257202
-0.521866
-0.601608
-0.608871
-0.761108
-0.429565
-0.138718
-0.601334
-0.873001
0.296265
0.676971
0.0553741
-0.105713
-0.385254
-0.182465
-0.0819702
-0.0426788
-0.0380859
-0.0157166
0.0371704
-0.0104218
-0.0594177
-0.0417633
0.0472412
0.0552063
-0.0102692
-0.0314178
-0.0281677
0.043335
0.0516968
0.0356293
0.00973511
-0.00395203
0.0030365
0.0295715
0.0281372
0.0426941
0.0508118
0.0301666
0.0510406

[9]
0.0182495
-0.00288391
0.0155029
0.046936
0.133972
0.255356
0.304779
0.279984
0.0672607
-0.23465
-0.203186
0.0254517
-0.13826
0.213303
0.261871
0.245636
0.189972
0.155014
0.114838
0.084137
0.0110016
0.00865173
-0.0758667
-0.130081
-0.258392
-0.516235
-0.672318
-0.782349
-0.884552
-0.816605
-0.611069
-0.580048
-0.580627
-0.102203
1.25169
0.147232
-0.156998
-0.224579
-0.27803
-0.223221
-0.0306244
0.0141754
-0.00935364
0.059845
-0.000991821
-0.0316772
-0.0995178
-0.0189667
0.0984802
0.0744629

[10]
-0.0342712
-0.0439758
-0.0279541
0.0321198
0.0419769
0.00318909
0.00930786
0.00369263
0.0199127
0.0270844
0.00852966
0.039032
0.00325012
-0.0134583
0.0247192
0.0631409
0.00111389
0.0341797
0.0221405
0.00906372
0.052475
0.132095
0.131226
0.227554
0.0119171
-0.152039
-0.148682
-0.0605316
0.00292969
0.176971
0.233688
0.233597
0.230743
0.196182
0.134644
0.0927582
0.071991
0.00956726
-0.037262
-0.0531158
-0.145538
-0.420227
-0.512451
-0.590729
-0.802414
-0.821884
-0.682678
-0.566223
-0.590012
-0.349091

[11]
-0.106812
1.05133
0.313049
-0.022171
-0.282211
-0.414825
-0.290573
-0.0448761
0.0534973
0.0132294
0.0638123
-0.016037
-0.0469055
-0.145828
-0.130142
0.0206299
0.117004
0.0515594
-0.0437927
-0.0585938
0.02005
0.0417023
0.0165405
-0.00248718
-0.0137939
-0.00996399
-9.15527e-05
0.000686646
0.0158386
0.031311
0.022522
0.0103912
0.0153656
-0.0183258
0.012207
0.030899
0.0419769
0.055954
0.0320435
0.0335846
0.0960236
0.127075
0.295212
0.0948181
0.0183411
-0.100052
0.0127869
0.00976562
-0.0853882
0.142441

[12]
0.277237
0.235367
0.176605
0.126709
0.0826111
0.0635376
-0.0161438
-0.0835876
-0.108795
-0.197403
-0.49321
-0.647858
-0.639496
-0.715942
-0.687256
-0.551971
-0.504166
-0.472641
-0.476913
-0.197571
0.643021
0.1483
-0.0317688
-0.0863495
-0.121323
-0.173523
-0.0290527
0.092865
0.0431061
0.0571899
0.0696106
0.0125427
-0.0371552
-0.0502167
0.0219116
0.0858002
0.0907593
0.0383759
-0.00680542
-0.00498962
0.0415649
0.0717468
0.0525208
0.0336456
0.02005
0.0541992
0.072403
0.0616455
0.0623474
0.0504761

[13]
0.0518799
0.0592041
0.0675659
0.0716858
0.0149078
-0.0321655
0.0588989
0.109421
0.127884
0.187592
0.221466
0.256866
0.184464
-0.121628
-0.124054
-0.0230408
-0.175034
0.124817
0.289429
0.324799
0.242874
0.164734
0.142822
0.142441
0.102524
0.0589447
-0.0700226
-0.164734
-0.430435
-0.649796
-0.672241
-0.802505
-0.867752
-0.797546
-0.513702
-0.50531
-0.651047
-0.411377
0.280151
0.779449
-0.00613403
-0.422791
-0.0530701
0.0381012
-0.168533
-0.00187683
0.0708008
0.137726
0.11937
0.0658875

[14]
-0.0947723
-0.0950165
0.062912
0.13147
0.0905914
0.0163727
-0.0288086
0.055603
0.077713
0.0709839
0.0597839
0.0549316
0.055481
0.0513153
0.0349426
0.0414124
0.0619659
0.0879517
0.0714417
0.062851
0.0299072
0.0171661
0.0522614
0.127121
0.083786
0.0567474
0.153702
0.265884
0.342728
0.0582123
-0.202835
-0.168625
0.0509644
-0.1922
0.215363
0.313599
0.247253
0.183563
0.177048
0.130112
0.0481262
0.00518799
0.114517
0.0162048
-0.227142
-0.440506
-0.536026
-0.48764
-0.486023
-0.605453

[15]
-0.803497
-0.76329
-0.535706
-0.483261
-0.455048
-0.242828
0.728012
0.249954
-0.275055
0.0979004
0.0115204
-0.1194
-0.0153046
0.0507355
0.0635986
0.0903473
0.0633087
-0.0546265
-0.0726013
0.0406799
0.0856476
0.0916595
0.0493317
-0.000183105
0.031311
0.0431824
0.0426025
0.0401764
0.0338898
0.0453186
0.0463715
0.0540619
0.0491028
0.049118
0.022934
0.0353394
0.0387878
0.0144043
0.0276031
0.0673065
0.0686035
0.0645294
0.0776825
0.101212
0.0691223
0.0786896
0.111023
0.192459
0.249664
0.1371

[16]
-0.0090332
-0.057251
-0.025116
0.00752258
-0.106201
0.232895
0.335342
0.280212
0.19371
0.163116
0.146606
0.0750275
0.0320587
-0.0105743
-0.130478
-0.273972
-0.518402
-0.618988
-0.64679
-0.612244
-0.581726
-0.540558
-0.56897
-0.531647
-0.501221
-0.432266
-0.291901
0.43869
0.714417
0.150269
0.111511
-0.2285
-0.374512
-0.118332
0.0881348
0.08461
0.0719299
0.0235748
0.011322
0.0420227
-0.0593872
-0.0127411
0.106567
0.131378
0.0637207
-0.00309753
-0.0071106
0.0685883
0.0540466
0.0422974

[17]
0.0211792
0.0285797
0.0355835
0.0356903
0.0514984
0.0429382
0.0419922
0.0229797
0.0541229
0.0460205
0.0650024
0.0934143
0.0654602
0.0431366
0.0477905
0.0555725
0.0881805
0.151962
0.181061
0.294235
0.366516
0.155594
-0.0914612
-0.140106
0.00744629
-0.316803
0.223557
0.331787
0.263489
0.177261
0.107224
0.109009
0.0874023
0.0710754
0.00959778
-0.0961609
-0.154037
-0.300705
-0.522461
-0.595901
-0.774719
-0.923828
-0.914505
-0.624161
-0.446106
-0.43396
-0.265564
-0.277298
0.265274
0.773376

[18]
0.136337
-0.0578461
-0.243561
-0.271347
-0.0955658
0.047821
0.0565948
0.0391083
0.0382538
0.0362091
-0.00976562
-0.003479
0.0512848
0.127838
0.0991211
-0.00640869
0.00482178
0.0572662
0.04422
0.0339966
0.0338745
0.0456085
0.0445862
0.0482025
0.0365753
0.0471191
0.0658264
0.0666656
0.0691986
0.098114
0.0406952
0.0052948
0.0217896
0.0433502
0.031189
0.0551147
0.153442
0.207001
0.353149
0.358826
-0.0250549
-0.171814
-0.0324249
0.0710602
-0.190674
0.209717
0.304932
0.257111
0.170258
0.125656

[19]
0.0880585
0.076004
0.0124207
0.0167236
0.0163879
-0.161224
-0.442001
-0.607361
-0.752777
-0.857224
-0.934067
-0.922836
-0.636673
-0.423477
-0.436234
-0.255447
-0.0306091
0.993179
0.646942
0.0696564
-0.19371
-0.184845
-0.273788
-0.0639191
0.0284424
0.0713654
0.0800171
-3.05176e-05
-0.0144653
-0.0863495
-0.0337067
0.0951385
0.112793
0.0294952
-0.00262451
0.0203247
0.034668
0.0251007
0.0298157
0.0285187
0.0522003
0.036026
0.0446014
0.0276489
0.0368805
0.0496826
0.0504913
0.0417175
0.0432434
0.0731812

[20]
0.0748749
0.0674591
-0.00305176
-0.00289917
0.0603943
0.0960693
0.216736
0.286224
0.202988
0.237061
-0.107468
-0.23587
-0.0789642
-0.0984344
-0.0139771
0.283463
0.310822
0.23082
0.160019
0.112213
0.111511
0.0654907
-0.00204468
-0.0504303
-0.100647
-0.172653
-0.349899
-0.629639
-0.746384
-0.872452
-0.920166
-0.786514
-0.53862
-0.510361
-0.408401
-0.190231
1.16147
0.276672
-0.114792
-0.263031
-0.298889
-0.231216
-0.0417023
0.108673
0.0902557
0.0980072
0.0503235
-0.00959778
-0.124725
-0.0121002

[21]
0.139481
0.126511
0.00250244
-0.0309601
0.0175476
0.0894623
0.0381927
0.0139465
0.02388
0.0445099
0.0160828
0.0458527
0.0182953
0.0314331
0.0594482
0.0430145
0.0388641
0.0286407
0.0674591
0.0630188
0.0641937
0.0569458
0.0448303
0.0500031
0.114517
0.197052
0.282501
0.248627
0.0104523
-0.159912
-0.158981
-0.00657654
-0.216034
0.215714
0.281448
0.24321
0.189117
0.147354
0.169128
0.121704
0.067337
0.0960388
0.0883636
-0.0250244
-0.281311
-0.403427
-0.53331
-0.606476
-0.69487
-0.80423

[22]
-0.810257
-0.685654
-0.619202
-0.561676
-0.20256
0.467331
0.890472
0.090271
-0.267548
-0.349396
-0.149475
0.0302429
-0.0453339
0.0606079
-0.00361633
-0.0410767
-0.0172272
-0.115494
0.0387726
0.0874786
0.0422058
-0.0339203
-0.00273132
0.0392151
0.0404205
-0.000289917
0.000579834
0.0272217
0.0357819
0.023407
0.00102234
0.0158234
0.0395508
0.0668488
0.0393066
0.0679626
0.0420227
0.000137329
-0.00602722
0.0188904
0.046936
0.0337524
0.174088
0.330933
0.210037
0.276062
-0.131561
-0.276077
-0.0327148
-0.0255127

[23]
-0.0760498
0.230911
0.26123
0.177628
0.0990753
0.063736
0.0840302
0.092514
-0.0476379
-0.102463
-0.185074
-0.35817
-0.639053
-0.729736
-0.757278
-0.839935
-0.918518
-0.801971
-0.623947
-0.531631
-0.50061
-0.189697
-0.077713
1.3269
0.357742
-0.190857
-0.217957
-0.14798
-0.219147
-0.00450134
0.152588
0.0721283
0.0953827
0.0673218
0.0186005
-0.0652924
-0.00984192
0.103104
0.11618
0.0388641
-0.00184631
0.0310211
0.059494
0.0347137
0.0349274
0.036377
0.0483246
0.0647125
0.0451965
0.0297852

[24]
0.0227661
0.0697174
0.0707092
0.0646362
0.0495605
0.0243378
0.0496063
0.0535736
0.0401764
0.0275879
0.0129089
0.0901947
0.206894
0.263718
0.270767
0.165268
-0.242432
-0.229156
-0.0668793
-0.0710602
0.0892334
0.216278
0.251541
0.200409
0.124115
0.163727
0.218735
0.144577
0.131073
0.101135
-0.0571136
-0.283249
-0.524094
-0.568497
-0.628586
-0.715103
-0.771683
-0.650772
-0.459412
-0.511002
-0.45491
-0.30864
-0.282944
0.674469
0.187866
-0.325592
-0.108215
0.0311432
-0.0849762
0.0376892

[25]
0.0832062
0.0186768
0.0619354
0.057663
-0.0180206
-0.0241241
0.0338898
0.110504
0.0716095
0.01297
0.024231
0.0584259
0.059967
0.0498657
0.0162354
0.0450745
0.0412292
0.0444336
0.0497437
0.0490112
0.0342865
0.0431061
0.0420074
0.0192566
0.0373077
0.0912628
0.0770874
0.0280151
0.0261078
0.0305328
0.0421753
0.0835114
0.181808
0.212097
0.206696
0.174759
-0.103043
-0.107544
0.0138245
0.129944
-0.342728
0.204849
0.310623
0.275635
0.186859
0.157333
0.156982
0.185226
0.178528
0.113342

[26]
0.0211792
-0.0978699
-0.298126
-0.515015
-0.376373
-0.355194
-0.410645
-0.507782
-0.842804
-0.686127
-0.434814
-0.385803
-0.289078
-0.199341
0.0492706
0.774582
0.342941
-0.067688
-0.327209
0.0596161
0.0976105
0.0685425
0.0461121
0.00611877
0.0376434
0.0302429
0.00836182
0.0340729
0.058136
0.0628204
0.0460815
0.0325775
0.0331268
0.0423279
0.0445709
0.0332489
0.0328827
0.035141
0.0235901
0.040863
0.030426
0.0550079
0.0522156
0.0167236
0.0361481
0.0424347
0.0724335
0.0430908
0.0430145
0.0230865

[27]
0.036972
0.0911713
0.103958
0.125595
0.149063
0.245758
0.329575
0.231964
0.0817871
-0.216629
-0.205292
-0.0419006
-0.0573273
0.0259399
0.213104
0.243332
0.166336
0.0950165
0.0624695
0.0866699
0.0900574
0.0362091
-0.0121613
-0.147064
-0.289856
-0.575729
-0.773087
-0.757446
-0.7565
-0.762817
-0.687073
-0.692749
-0.668991
-0.406403
-0.0458679
0.0204468
0.381927
1.54089
0.402222
-0.0727844
-0.135986
-0.335007
-0.25441
0.0747528
0.188904
0.143906
0.16478
0.0921173
0.047287
-0.0379181

[28]
0.0129089
0.157776
0.13829
0.0332642
0.00695801
0.0578766
0.0870056
0.0725708
0.0641479
0.0464783
0.06427
0.0586548
0.0653229
0.0741425
0.0791473
0.0595245
0.0627289
0.0722504
0.0574341
0.0232391
0.049942
0.070282
0.0700836
0.0813904
0.0543671
0.0765381
0.150177
0.220474
0.309464
0.291748
-0.0174408
-0.0973206
-0.127686
0.0101013
-0.200012
0.194962
0.262177
0.259933
0.201126
0.144485
0.112488
0.108353
0.0532379
0.0937195
0.0640564
-0.128082
-0.313171
-0.435562
-0.54892
-0.537796

[29]
-0.52153
-0.470474
-0.383453
-0.382355
-0.387909
-0.317688
-0.203964
-0.0661011
0.774597
0.375656
0.0862885
-0.176224
-0.427612
-0.245377
0.0317993
0.118301
0.0806732
-0.0140381
-0.0220032
0.00874329
-0.0147247
0.0291595
0.105392
0.0799103
0.0122528
0.00820923
0.0481873
0.0531921
0.0357971
0.02388
0.0410156
0.0426483
0.0544586
0.0232544
0.02388
0.0384827
0.0231628
0.0534668
0.0305328
0.0331573
0.0758209
0.0744629
0.0386505
0.00827026
0.0614319
0.0370483
0.054184
0.182358
0.305893
0.226929

[30]
0.192154
-0.158569
-0.272827
-0.0521698
-0.165283
0.174332
0.303879
0.286469
0.214691
0.17598
0.135132
0.0702057
0.0759125
0.0621033
0.0370636
-0.0993805
-0.25441
-0.44342
-0.700989
-0.679382
-0.705643
-0.739227
-0.61554
-0.539932
-0.537094
-0.466476
-0.423935
-0.298615
0.799347
0.175232
0.070755
-0.129913
-0.410995
-0.160538
0.0706787
0.111145
0.0492706
0.108383
0.0568695
0.00584412
-0.0366364
-0.00265503
0.129547
0.146622
0.0667725
-0.00276184
0.0413971
0.0795746
0.0999451
0.0910645

[31]
0.0443726
0.0428467
0.053299
0.0664215
0.0480804
0.0453644
0.04599
0.0688934
0.036026
0.0345001
0.0699158
0.0569458
0.0319061
0.00062561
0.0211792
0.132935
0.162094
0.304184
0.339371
0.311691
0.138016
-0.0894775
-0.155258
-0.130325
-0.0224304
0.0418396
0.138168
0.222626
0.188095
0.127396
0.119644
0.106796
0.108902
0.0617371
0.0635529
0.055191
-0.0521088
-0.287201
-0.540741
-0.557358
-0.73175
-0.814499
-0.635941
-0.546539
-0.485123
-0.429855
-0.49437
0.467926
0.495087
-0.0332642

[32]
-0.0698242
-0.0675049
-0.172516
-0.122772
-0.0987091
0.0154724
0.0479431
0.0101013
0.0248871
-0.0178375
-0.0365753
0.0402222
0.0803375
0.049408
0.00914001
0.0231018
0.0441589
0.0552216
0.0513153
0.0470581
0.033783
0.030899
0.0157623
0.0396881
0.0299225
0.0496216
0.0701904
0.055069
0.0623016
0.0359802
0.0823669
0.0493164
0.0259399
-0.0175781
-0.0886993
0.0106354
0.195801
0.468796
0.423248
0.0987701
-0.383911
-0.203766
-0.0354156
-0.0569763
0.289261
0.307083
0.235382
0.174774
0.155151
0.124573

[33]
0.135132
0.0559235
0.0134583
0.0418091
-0.0722656
-0.336151
-0.54631
-0.705719
-1.02687
-1.2182
-0.947937
-0.655945
-0.73175
-0.343292
-0.298721
0.628296
0.691345
-0.193619
-0.3228
-0.0800323
-0.108749
-0.169556
-0.0546722
0.0341339
0.0389862
0.0576782
-0.0228119
-0.106445
-0.107544
0.0288391
0.0945282
0.045517
-0.0256042
-0.0597839
-0.0106506
0.0420227
0.0209045
0.00863647
-0.00248718
0.000808716
0.00814819
0.019577
0.0355377
0.031723
0.0212555
0.00172424
0.0162201
0.0701141
-0.00679016
-0.00941467

[34]
0.0210419
0.0154114
0.0351715
0.132095
0.192322
0.344803
0.212448
-0.250168
-0.359833
-0.0854034
-0.013916
0.141586
0.229813
0.278915
0.23674
0.191406
0.174362
0.101685
0.0251923
-0.117401
-0.0348969
-0.0839844
-0.22403
-0.484207
-0.653076
-0.723236
-0.837219
-0.809311
-0.668274
-0.544266
-0.573273
-0.4095
-0.222717
0.52861
1.00223
0.0666656
-0.0428467
-0.515411
-0.121887
-0.0807495
-0.00169373
0.0553589
0.0878906
0.0740204
0.0562897
0.00320435
-0.0958099
-0.0250244
0.0814667
0.0932312

[35]
0.029541
-0.0070343
0.00401306
0.0304108
0.0837708
0.0377655
0.0348816
0.0326843
0.04953
0.0193939
0.0147552
0.0350647
0.0374756
0.0530853
0.0374756
0.0486603
0.0281677
0.0279236
0.0665283
0.0471497
0.0349426
0.0509338
0.125336
0.207413
0.360123
0.312973
0.240112
-0.177948
-0.257507
-0.111923
-0.108414
0.0184021
0.241287
0.2836
0.205933
0.121536
0.115845
0.12059
0.0346375
-0.0282593
-0.00881958
-0.0455322
-0.157364
-0.512054
-0.632645
-0.763779
-0.866882
-0.87114
-0.752777
-0.541458

[36]
-0.425537
-0.35968
-0.133423
0.311539
1.29346
0.209824
-0.161758
-0.438248
-0.129379
-0.0891266
0.0350342
0.0827332
0.0502014
0.0488434
0.0291138
-0.0843658
-0.0353546
0.105942
0.124283
0.054184
0.00849915
0.0125732
0.0635529
0.0600281
0.0335236
0.0192566
0.0249023
0.0286102
0.0332336
0.031601
0.00267029
0.0391083
0.058609
0.062561
0.102631
0.116257
0.0855255
0.0100403
0.0157928
0.0332031
0.0366516
0.14061
0.152618
0.264832
0.32019
0.00395203
-0.246674
-0.142105
0.0644226
-0.138199

[37]
0.288986
0.318192
0.275116
0.167053
0.123596
0.121964
0.110031
0.0525055
0.018692
0.00656128
-0.0649719
-0.260254
-0.486115
-0.597916
-0.686508
-0.581619
-0.652908
-0.669312
-0.759277
-0.585281
-0.448456
-0.234909
0.571045
0.457977
0.0271149
-0.21962
-0.101105
-0.155304
-0.044342
-0.00747681
0.0696106
0.051239
0.0619049
0.0245361
-0.0159454
-0.0245209
0.0166931
0.0886383
0.067276
0.0228119
-0.0138397
0.025528
0.0215607
0.0357666
0.0391083
0.0180969
0.00610352
0.0405273
0.03125
0.0249023

[38]
0.0472107
0.0369263
0.0497131
0.0339508
0.056366
0.0552826
0.0425262
0.0223846
0.0116577
-0.0043335
-0.00204468
0.0410614
0.186325
0.279831
0.253616
0.317017
0.119171
-0.141586
-0.13559
0.0214539
-0.0856476
-0.00291443
0.21048
0.228256
0.168655
0.0515442
0.022583
0.0338593
0.0214996
-0.0649414
-0.168976
-0.235733
-0.272217
-0.504913
-0.633026
-0.632233
-0.725998
-0.825974
-0.689468
-0.5289
-0.463821
-0.354874
-0.117523
1.01193
0.326523
-0.144394
-0.323349
-0.0318451
-0.053009
-0.0495453

[39]
0.0646515
0.0920105
0.0719147
0.0786285
0.0536957
-0.0622406
-0.0171509
0.0972443
0.122665
0.0618439
-0.00216675
0.00642395
0.0320282
0.0902863
0.0710144
0.0377808
0.0376434
0.0597229
0.0568695
0.0724945
0.0460358
0.0683899
0.0429382
0.0262451
0.0652771
0.0526123
0.0464478
0.039917
0.0114899
0.111649
0.121109
0.180298
0.222015
0.224411
0.244415
-0.0756378
-0.153915
-0.106003
-0.0507202
0.125946
0.213531
0.256943
0.234589
0.217972
0.127136
0.0953827
0.103333
0.0249176
0.135712
0.00398254

[40]
-0.226318
-0.512024
-0.528961
-0.641968
-0.589935
-0.579575
-0.475555
-0.347
-0.448853
-0.24794
-0.21727
0.940765
0.340469
-0.360519
0.140457
0.0447998
-0.0540009
-0.000610352
0.0169373
0.032959
0.0651245
0.0491638
-0.0228424
-0.0109711
0.072998
0.0839539
0.0736847
0.0179291
0.0165253
0.0371704
0.0474701
0.0513763
0.0375519
0.0187988
0.0290375
0.0213928
0.0258942
0.0279388
0.0578613
0.0774841
0.0504456
0.0547943
0.0729065
0.0843506
-0.000915527
0.00976562
-0.0237579
-0.0164337
0.135849
0.240601

[41]
0.261963
0.274414
-0.140625
-0.29071
-0.0481873
0.119278
0.0464935
0.297455
0.288712
0.216217
0.161606
0.128418
0.074646
0.0276031
0.0522461
0.0153656
-0.124481
-0.291077
-0.457916
-0.553665
-0.624939
-0.63652
-0.638382
-0.605316
-0.472977
-0.442841
-0.36882
-0.229584
-0.126068
-0.161697
0.895477
0.550171
-0.293762
-0.340759
0.0274963
0.00123596
-0.0263977
0.0476227
0.0509644
0.0352631
0.063858
-0.0129547
-0.0258636
0.019165
0.0952606
0.076004
0.0291443
0.025238
0.00888062
0.0171509

[42]
0.0130768
0.0673676
0.0318756
0.0166626
0.0144196
0.0411682
0.083374
0.0895081
0.0495758
0.0442657
0.0355988
0.0218811
0.0435791
0.00230408
-0.0205841
0.0175629
0.0478363
0.0667419
0.0305328
0.0926819
0.1633
0.137924
0.262177
0.292633
0.091629
-0.254532
-0.189819
-0.0530701
0.0233765
-0.0266876
0.16098
0.262466
0.250031
0.181122
0.0831757
0.0905151
0.152634
0.108612
0.0136719
-0.0124969
-0.061142
-0.255219
-0.365204
-0.36409
-0.376862
-0.473145
-0.59906
-0.669388
-0.575699
-0.478668

