[1]
2.30972
-0.424683
-0.976456
-0.863983
-0.644455
-0.461472
-0.560623
-0.270508
-0.145294
-0.590988
-0.665298
-0.729416
-0.596451
-0.485733
-0.38707
-0.355057
-0.272156
-0.283585
-0.179001
-0.0223846
0.0695496
0.391846
0.986145
1.49246
1.97844
1.8224
1.27768
-0.215164
-0.516968
-2.0168
0.0293121
0.293137
0.740189
0.103012
0.0577698
-0.12796
-0.19252
-0.236496
-0.284042
0.0144806
-0.174408
-0.223145
-0.327316
-0.22934
-0.118103
-0.164352
-0.226791
-0.204025
-0.146042
-0.1772

[2]
-0.283875
-0.300583
-0.472549
-0.423691
-0.344223
-0.292343
-0.355286
-1.21452
-1.05576
-0.493958
-0.416824
-0.121185
1.03995
-0.768768
-0.518723
-0.869324
-0.661804
-0.555557
-0.449295
-0.379639
-0.359665
-0.355835
-0.327438
-0.266861
0.0821991
0.213882
0.889145
1.52811
2.15619
2.01463
1.11644
-1.89404
0.470001
0.182449
0.335342
0.484604
0.161667
0.285904
-0.362
-0.228897
-0.114639
0.00616455
-0.113907
-0.0956726
-0.16922
-0.190414
-0.190796
-0.175247
-0.144714
-0.108902

[3]
-0.144638
-0.168625
-0.23616
-0.269745
-0.230347
-0.486588
-0.530334
-0.332169
-0.351074
-1.07303
-1.3447
-0.409424
-0.382248
-0.191772
1.52884
-0.918976
-0.345749
-0.721756
-0.758484
-0.500412
-0.373474
-0.30365
-0.295761
-0.328201
-0.331619
-0.0965118
0.107254
0.301346
1.00487
2.03804
2.23109
1.78067
-0.189087
-0.368027
-1.74998
0.51265
0.338989
0.886841
0.248077
0.290802
0.0372314
-0.131424
-0.149261
-0.236404
0.0136566
-0.0330963
-0.031723
-0.200439
-0.193542
-0.160065

[4]
-0.182983
-0.186813
-0.0612946
-0.141708
-0.350311
-0.207291
-0.239532
-0.355682
-0.32608
-0.211746
-0.435654
-0.929886
-1.64183
-0.875793
-0.396469
-0.570404
1.46338
-0.638107
-0.279663
-0.658295
-0.556076
-0.378769
-0.277206
-0.239426
-0.191711
-0.161346
-0.163559
0.028656
0.238007
0.561401
0.978912
1.80127
2.21251
1.86496
0.410263
-1.22995
-1.21326
0.176056
0.865601
0.803772
0.223846
0.252945
0.0371399
-0.272888
-0.228348
-0.0762787
0.0558319
-0.0912781
-0.0872803
-0.207428

[5]
-0.159332
-0.127365
-0.138474
-0.148056
-0.150742
-0.00863647
-0.282349
-0.366974
-0.252014
-0.408157
-0.528961
-0.401611
-0.392471
-1.14485
-1.16031
-0.407898
-0.430374
0.253998
0.853638
-0.964828
-0.251953
-0.749542
-0.599243
-0.385437
-0.253067
-0.163025
-0.159805
-0.15184
-0.112488
0.206848
0.467316
1.0148
1.75282
2.1924
2.18051
1.69655
-0.650787
-1.88348
-0.126221
1.00919
0.660141
0.460312
0.222168
0.221634
-0.385803
-0.19928
0.0426788
0.0823517
-0.114227
-0.177078

[6]
-0.191299
-0.0652008
-0.0698547
-0.08461
-0.087738
-0.137558
-0.0632324
-0.167465
-0.195328
-0.179062
-0.258377
-0.532379
-0.47438
-0.326538
-0.558167
-1.4153
-0.945862
-0.560287
-0.566666
-0.551361
-0.270966
-0.636093
-0.46254
-0.672241
-0.462677
-0.316879
-0.27034
-0.148987
-0.158844
-0.115173
0.0730591
0.277054
0.539322
1.14507
1.89857
2.23143
1.92406
0.765778
-1.86485
-0.676239
0.617691
0.42984
0.723801
0.224304
0.258652
-0.0944672
-0.174179
-0.139969
0.014679
0.0695953

[7]
0.0702209
-0.111862
-0.208786
-0.18306
-0.051712
-0.0202179
-0.0700531
-0.061203
-0.15654
-0.376251
-0.278748
-0.395981
-0.444977
-0.325928
-0.524841
-0.940689
-1.33568
-0.860077
-0.109222
0.907852
-0.506271
-0.615341
-0.274353
-0.478378
-0.363052
-0.343887
-0.205139
-0.159912
-0.158066
-0.130432
0.121155
0.309937
0.810181
1.51088
2.17538
2.20512
1.95316
-0.385712
-1.88837
-0.863663
0.815857
1.08228
0.213058
0.202301
0.506378
-0.368088
-0.305862
-0.270187
0.354965
0.1586

[8]
-0.0995636
-0.288651
-0.223358
-0.0299225
-0.0411682
-0.0274811
-0.191223
-0.290894
-0.52298
-0.213196
-0.353424
-0.323364
-0.250137
-0.428482
-1.11026
-1.07224
-0.857391
-0.54808
1.57532
-0.538147
-0.528259
-0.540039
-0.637222
-0.495956
-0.607971
-0.52359
-0.506088
-0.399323
0.0112
0.0155792
0.0832672
0.985718
1.63052
2.25441
2.18755
1.78354
2.17697
-1.85217
1.61421
1.36719
-0.419724
0.493439
0.218582
0.0394592
0.0804291
-0.205139
-0.0966187
0.0615082
0.0850677
0.00975037

[9]
-0.155045
-0.00436401
0.0862885
0.0330963
-0.0731049
-0.0949707
-0.247437
-0.209274
-0.030838
-0.193924
-0.448959
-0.487076
-0.55368
-0.816238
-0.907333
-0.877136
-0.305801
0.212814
0.113525
-1.11909
-0.764359
-0.768204
-0.550339
-0.322189
-0.203293
-0.248199
-0.219681
-0.316269
-0.199356
-0.0108185
0.376007
0.787827
1.89128
2.26913
2.22495
2.09625
-0.806671
-1.79961
-0.0846863
1.55658
0.805984
0.390488
0.415085
0.0237885
0.0115662
-0.0926208
0.0149078
0.0132751
0.207947
0.0564423

[10]
-0.0686493
-0.100189
-0.161758
-0.134079
-0.09935
0.044632
-0.210983
-0.329254
-0.289886
-0.369354
-0.411942
-0.327469
-0.666824
-1.40974
-0.738251
-0.595428
-0.528519
1.48058
-0.730148
-0.515671
-0.628922
-0.677094
-0.395126
-0.323486
-0.314148
-0.248077
-0.225708
-0.212204
0.0261993
0.129944
0.809921
1.55818
2.30208
2.31393
2.00096
1.28305
-0.109238
-1.78893
0.765686
0.929459
0.949631
0.205261
0.51236
-0.0761871
-0.191528
-0.0715637
-0.0809174
0.0910645
0.0662384
-0.010849

[11]
-0.132721
-0.145584
-0.0935364
-0.14093
-0.0946503
-0.0582581
-0.35463
-0.278915
-0.199677
-0.309875
-0.361938
-0.369995
-0.621368
-1.05194
-1.09004
-0.64624
-0.718979
1.26527
-1.08215
-0.68779
-0.818054
-0.730484
-0.457199
-0.332352
-0.205994
-0.291916
-0.277618
-0.272018
-0.057251
0.124481
0.900772
1.76801
2.29086
2.3062
2.16359
0.854874
-1.71426
-0.914459
0.827789
0.963837
0.711212
0.209381
0.515762
0.044281
-0.212524
-0.0647278
0.0132446
0.0201263
0.0796661
0.00891113

[12]
-0.097641
-0.0845337
-0.102295
-0.145935
-0.147324
0.0293427
-0.245911
-0.316177
-0.296234
-0.343964
-0.349442
-0.268616
-0.639297
-1.35907
-1.40239
-0.710297
-0.215591
0.336044
0.336914
-0.854553
-0.386551
-0.605606
-0.407486
-0.289886
-0.284119
-0.188766
-0.139389
-0.145386
-0.0119324
0.168076
0.51033
1.27583
2.03894
2.27724
2.20349
1.93738
0.0585327
-1.82965
0.554108
1.04266
0.234222
0.35025
0.488739
-0.194839
-0.0550995
-0.115265
0.00244141
0.0961761
-0.0105133
-0.164032

[13]
-0.0982513
-0.0427399
-0.0499725
-0.189743
-0.23938
-0.297775
-0.312775
-0.207245
-0.321823
-0.447784
-0.367783
-0.484131
-1.31645
-1.48016
-0.75528
-0.521561
-1.43274
-0.500183
-0.640976
-0.565811
-0.62915
-0.428848
-0.383804
-0.3311
-0.369415
-0.428406
-0.357407
-0.255295
-0.0982819
0.502441
1.22594
2.24335
2.2999
2.17848
2.16287
-0.388489
-1.81943
-1.1228
1.89558
0.274109
0.452454
0.452209
0.136673
-0.24559
-0.0313721
0.0876312
0.0171814
0.132095
0.126297
-0.01474

[14]
-0.0626984
-0.0516052
-0.0402832
-0.106262
-0.139084
-0.221878
-0.313477
-0.281876
-0.319077
-0.351822
-0.182007
-0.874054
-1.32359
-1.26784
-0.46582
-0.511688
1.59486
-0.903839
-0.268723
-0.654633
-0.623917
-0.280899
-0.145401
-0.127686
-0.162964
-0.19548
-0.274597
0.0723572
0.0680389
0.832596
1.65253
2.31908
2.32683
2.16367
1.49344
-1.76834
0.760162
1.38377
0.217987
0.456009
0.418335
-0.0110474
0.0101013
-0.0321808
0.0521851
0.0950012
0.148422
-0.0408783
-0.0174255
-0.0200043

[15]
-0.0386505
-0.11824
-0.155334
-0.0761719
-0.27446
-0.300873
-0.28215
-0.341461
-0.339142
-0.319305
-0.740356
-1.34091
-0.824402
-0.259888
-0.620224
1.61562
-1.13005
-0.211624
-0.623474
-0.520935
-0.223297
-0.200882
-0.0799713
-0.154404
-0.138931
-0.12236
0.0535736
0.295395
1.16104
1.64948
2.28972
2.11143
1.72154
1.01035
-1.80696
0.514191
1.96819
0.0406036
0.416412
0.601273
-0.116989
0.0862732
0.0125732
0.0136108
0.184219
-0.0131378
-0.0658417
-0.106644
-0.0521545
-0.0145569

[16]
-0.0954437
-0.166351
-0.156265
-0.27652
-0.174423
-0.373962
-0.274475
-0.246902
-0.348358
-1.21249
-1.06801
-0.524048
-0.551987
-0.622269
0.284698
-1.08582
-0.329529
-0.6819
-0.480545
-0.236404
-0.227448
-0.127563
-0.137497
-0.0694885
0.105576
0.193268
0.65361
1.38631
1.90649
2.26862
2.0052
1.43065
-0.976334
-1.40977
1.58125
1.1628
0.624756
0.274612
-0.246918
-0.0363159
-0.0283661
0.0420227
0.00236511
0.202026
-0.0802612
-0.0501709
-0.108307
-0.0485992
0.0085907
-0.109955

[17]
-0.171814
-0.200272
-0.247589
-0.232086
-0.250198
-0.422714
-0.402008
-0.39859
-1.2599
-1.29659
-0.393707
-0.632004
-0.146362
0.820618
-1.01668
-0.377075
-0.493973
-0.534973
-0.31395
-0.223282
-0.0788269
-0.103912
-0.0633087
-0.084137
0.171234
0.53595
1.24916
1.50551
2.2563
2.24838
1.73555
-0.0855713
-1.83199
-0.806122
1.46825
0.589569
0.987473
0.163345
0.4095
-0.173691
-0.175568
-0.0180969
-0.000915527
0.158478
0.158127
-0.134079
-0.156128
-0.0730591
-0.0471039
-0.189148

[18]
-0.0883789
-0.245956
-0.324585
-0.219254
-0.334503
-0.353165
-0.20224
-0.47258
-1.23763
-1.24861
-0.517181
-0.596451
0.69313
-0.10968
-1.01552
-0.625458
-0.896606
-0.545715
-0.326004
-0.10733
-0.175507
-0.197754
-0.200684
-0.147446
0.0367432
0.939316
1.81937
2.29942
2.30048
2.22089
1.17032
-1.81261
-0.734726
1.6916
0.883347
0.699463
0.331985
0.0606537
0.00575256
-0.10231
0.115234
-0.00830078
0.241928
-0.0585632
-0.128433
-0.0439301
0.0472717
0.0770416
-0.0957031
-0.149551

[19]
-0.357254
-0.251678
-0.309647
-0.457672
-0.434509
-0.278336
-0.610519
-0.954269
-0.88205
-0.592514
-0.075531
1.31969
-1.18393
-0.44191
-0.606216
-0.451248
-0.334152
-0.282654
-0.361664
-0.369171
-0.392883
-0.273743
-0.195648
0.237976
1.04942
1.89705
2.26143
2.25623
1.80115
-1.82068
1.20862
1.56921
-0.0586243
0.745224
-0.100327
-0.202469
0.238113
0.00508118
0.0584106
0.198563
-0.00250244
-0.112122
-0.0339661
0.0768433
0.0919037
-0.0618896
-0.161835
-0.202103
-0.146713
-0.28566

[20]
-0.190521
-0.234665
-0.387314
-0.242188
-0.181015
-1.03758
-1.21381
-0.587692
-0.0465698
-0.00332642
1.33585
-1.02959
-0.678787
-0.821808
-0.5811
-0.421967
-0.274963
-0.224899
-0.239273
-0.224869
-0.0320435
0.038559
0.459534
1.26401
1.83984
2.25429
1.93185
1.91536
-1.82132
0.709763
1.25775
0.285919
0.574295
0.400833
0.0317688
-0.115082
0.0790253
-0.062912
0.0615997
0.166229
-0.056076
-0.0650024
-0.0455017
0.0175781
-0.00579834
-0.0288086
-0.110428
-0.147293
-0.354935
-0.139496

