[1]
2.02791
-1.0031
-1.63004
-1.20621
-1.25058
-1.26233
-1.3441
-0.410431
-0.461197
-0.730209
-0.805817
-0.762177
-0.715942
-0.592056
-0.510284
-0.439865
-0.429169
-0.364624
-0.308075
-0.280472
-0.0104523
0.546494
0.899429
1.53133
1.57712
2.35765
1.92775
-0.23645
-1.42566
0.368088
0.130417
0.40889
0.280441
0.0728302
-0.0338898
0.0519257
0.0712585
-0.0736694
-0.298416
-0.37709
-0.222565
-0.0971069
-0.107574
-0.186447
-0.157379
-0.124939
-0.220551
-0.14801
-0.171707
-0.108551

[2]
-0.158646
-0.193939
-0.0657959
-0.189651
-0.359314
-0.64032
-1.29416
-1.82967
-0.683578
-1.32153
-1.59053
-0.532242
0.531281
-0.503204
-0.872025
-0.801178
-0.719086
-0.570709
-0.500748
-0.46225
-0.404114
-0.324844
-0.229767
-0.140152
0.151962
0.543671
1.04166
1.65732
1.86653
2.53268
1.86328
-1.54082
0.713074
0.273621
0.25322
0.111404
0.142166
-0.103378
-0.145782
-0.0688019
-0.190674
-0.186462
-0.225601
-0.130173
-0.13768
-0.170624
-0.203827
-0.175476
-0.146271
-0.140961

[3]
-0.167175
-0.227661
-0.286453
-0.202179
-0.260712
-0.223541
-0.287384
-0.621323
-1.01332
-2.22182
-1.06688
-1.36148
-1.76176
-1.11392
0.10408
-0.387253
-0.868805
-0.877365
-0.812027
-0.62056
-0.507599
-0.416519
-0.361328
-0.278595
-0.223022
0.0551758
0.383118
0.929428
1.27921
1.60559
2.52687
2.49846
0.131989
-1.55646
0.615982
-0.00602722
0.449539
0.363297
-0.0275421
-0.133469
-0.113983
-0.0564117
-0.156906
-0.146454
-0.19838
-0.143051
-0.100143
-0.0761108
-0.124741
-0.172607

[4]
-0.156799
-0.153076
-0.246933
-0.148041
-0.106827
-0.307968
-0.198883
-0.166428
-0.303497
-0.457718
-1.40073
-1.59453
-0.916672
-1.22884
-1.11989
-1.25713
0.033905
-0.66893
-0.971634
-0.779968
-0.791824
-0.668259
-0.539551
-0.454544
-0.380737
-0.322556
-0.24292
-0.0667419
0.470215
0.907669
1.24019
1.64836
2.53656
2.25771
0.069519
-1.53632
-0.0355377
0.0612183
0.550568
0.256134
-0.0391083
0.0124817
-0.131729
-0.0396423
-0.072052
-0.222305
-0.331909
-0.217773
-0.102142
-0.142517

[5]
-0.164978
-0.148209
-0.113403
-0.171814
-0.121475
-0.152161
-0.0809021
-0.137177
-0.310516
-0.262299
-0.304169
-0.618774
-1.10986
-2.24101
-0.811157
-1.6913
-1.97472
-0.211197
0.792343
-0.763519
-0.985626
-0.847137
-0.767822
-0.623032
-0.566116
-0.479279
-0.387344
-0.311157
-0.211823
0.0270844
0.515793
0.775314
1.43182
1.71912
2.55989
1.30132
-0.479126
-0.724258
0.742188
0.542694
0.536896
-0.0879364
0.113251
-0.133682
0.097229
-0.046402
-0.207718
-0.316071
-0.234787
-0.113846

[6]
-0.0999146
-0.139542
-0.0765076
-0.057312
-0.0419159
-0.140106
-0.123047
-0.0897064
-0.264236
-0.279922
-0.245941
-0.104279
-0.313782
-0.610703
-1.6524
-1.60384
-1.18552
-1.45699
-1.77458
-0.549606
-0.417587
-0.907501
-0.915741
-0.759857
-0.613464
-0.526947
-0.441284
-0.382736
-0.274155
-0.228561
-0.073822
0.427185
0.814651
1.20671
1.68088
2.54634
2.57649
1.53304
-1.49188
0.71402
0.47908
0.367844
-0.0549774
0.156021
-0.0113831
-0.0250702
0.00830078
-0.12001
-0.107819
-0.227249

[7]
-0.282532
-0.197708
-0.169952
-0.172516
-0.174393
-0.111115
-0.145111
-0.141434
-0.133698
-0.110306
-0.261078
-0.211914
-0.399719
-0.681381
-1.75919
-2.01176
-1.60306
-1.66727
-1.24162
-0.93634
-0.175842
-0.871521
-0.980484
-0.941223
-0.773407
-0.587997
-0.495422
-0.357086
-0.255676
-0.201263
0.0134583
0.492676
0.879837
1.4854
1.79738
2.36374
2.58344
1.79628
-1.45747
0.540283
0.467529
0.805008
-0.00813293
0.364822
-0.0503998
0.205322
0.0660706
-0.310791
-0.36676
-0.143936

[8]
0.0123444
0.0276337
-0.150742
-0.292435
-0.202423
-0.194809
-0.0538635
-0.0464172
-0.0804443
-0.298004
-0.279434
-0.530136
-0.88324
-1.53378
-1.58388
-1.87042
-1.50145
-1.79158
-0.667557
-0.630692
-1.10435
-0.896637
-0.778885
-0.602493
-0.427658
-0.357101
-0.261536
-0.146835
-0.0636749
0.18454
0.464737
0.958801
1.46899
1.81175
2.40166
2.15103
2.2287
-1.51431
1.00125
0.968079
0.531525
0.163055
0.199524
0.0297546
-0.16832
-0.0444183
-0.167587
-0.192688
-0.153961
-0.0159454

[9]
-0.0582581
-0.106659
-0.148468
-0.0580597
-0.000305176
-0.0740662
-0.248962
-0.14267
-0.307465
-0.276566
-0.198257
-0.515884
-0.958054
-2.27127
-1.60803
-2.16315
-1.57495
-0.626892
-0.114838
-1.01329
-0.903992
-0.755203
-0.56601
-0.471695
-0.443451
-0.339264
-0.264938
-0.155411
-0.130371
0.21167
0.677597
1.20924
1.8661
2.61974
2.60315
1.70024
-0.514069
-1.38136
1.39093
0.710892
0.854874
0.232895
-0.0753326
0.0240021
0.0536804
0.0844421
-0.0630798
-0.160858
-0.234238
-0.097229

[10]
-0.0510254
-0.0768585
-0.159012
-0.182022
-0.0743103
-0.155518
-0.0688629
-0.121826
-0.238297
-0.25174
-0.26889
-0.627335
-1.40802
-1.86684
-1.38373
-1.73247
-1.65015
-0.290726
-0.801849
-1.15756
-0.78157
-0.636673
-0.505966
-0.489212
-0.394882
-0.29985
-0.23317
-0.159683
0.0832672
0.578995
0.945465
1.32814
1.81424
2.6237
2.46034
0.694489
-1.49048
1.01762
0.402023
0.711884
0.336365
0.384033
-0.223618
0.0122528
0.0801239
-0.0375214
-0.0984802
-0.197006
-0.226074
-0.143723

[11]
-0.0314941
-0.13414
-0.210464
-0.151123
-0.0838776
-0.0908203
-0.0547028
-0.187881
-0.232895
-0.237015
-0.314667
-0.564728
-1.48448
-1.78177
-1.04425
-1.59279
-1.82004
-0.394653
-0.795761
-1.14395
-0.733002
-0.582138
-0.44693
-0.421585
-0.388245
-0.31282
-0.262466
-0.205475
0.102371
0.637009
1.20354
1.64482
2.41304
2.5771
1.41695
0.885223
-1.54004
0.321732
0.855743
0.271774
0.345245
0.267273
-0.143494
0.073761
0.0471497
-0.0281219
-0.108047
-0.119858
-0.157547
-0.0886383

[12]
-0.0926666
-0.149582
-0.211197
-0.164459
-0.0283966
-0.0532074
-0.137375
-0.201431
-0.240768
-0.234512
-0.328857
-0.566788
-1.04207
-1.95699
-0.743576
-1.59673
-1.86244
-0.289902
0.101898
-1.19449
-0.962677
-0.711166
-0.614838
-0.537582
-0.469589
-0.422684
-0.385513
-0.286469
-0.131287
0.309525
0.809753
1.24379
1.77364
2.25429
2.55428
1.59492
-0.883881
-0.55217
1.45657
0.419525
0.642227
0.191574
-0.0929413
0.0495758
0.0184631
-0.0337677
-0.149689
-0.239487
-0.176361
-0.13504

[13]
-0.0244904
-0.126816
-0.132141
-0.119247
-0.0467529
-0.0736237
-0.192383
-0.336517
-0.258804
-0.255875
-0.516876
-0.94368
-2.16423
-0.988358
-1.85551
-1.66994
-1.27214
-0.692123
-1.27838
-0.781403
-0.6194
-0.518234
-0.467514
-0.387787
-0.304749
-0.252396
-0.161758
0.014679
0.557953
1.14288
1.37967
1.99258
2.6178
2.26755
1.60374
-0.564224
-1.45589
0.470932
0.797379
0.47934
0.406448
-0.0639648
-0.125412
0.133926
0.0652618
-0.0446625
-0.0299377
-0.129654
-0.0962524
-0.0791016

[14]
-0.0959167
-0.0862122
-0.124969
-0.20636
-0.173523
-0.0706329
-0.111847
-0.21489
-0.212219
-0.442917
-0.639969
-1.87604
-1.5143
-1.68587
-1.48012
-1.48083
0.195831
-0.725128
-1.12769
-0.752991
-0.646088
-0.516205
-0.444092
-0.439758
-0.328217
-0.251068
-0.180435
0.0980072
0.627228
1.05504
1.39941
2.1097
2.59491
1.61235
0.899216
-1.51443
1.76208
0.0354309
0.946777
0.266922
0.16275
0.00627136
-0.0916138
-0.0583954
-0.0385895
-0.0836334
-0.171555
-0.122299
-0.0994415
-0.116135

[15]
-0.179413
-0.241211
-0.168228
-0.0540771
-0.00218201
-0.206161
-0.264511
-0.215317
-0.444641
-0.746338
-1.84793
-1.74432
-1.47108
-1.27322
-1.37309
0.165649
-0.847
-1.16219
-0.754974
-0.649246
-0.546082
-0.460922
-0.464722
-0.351883
-0.275879
-0.185928
0.0499573
0.596527
0.886597
1.63925
2.4514
2.63367
1.66679
-0.330017
-0.953537
2.23738
0.0258942
1.11665
0.0919037
0.0243835
0.0280304
0.00817871
-0.00775146
-0.0964966
-0.215683
-0.102448
-0.0199585
-0.0567017
-0.0926056
-0.193695

[16]
-0.185547
-0.0502014
-0.0106354
-0.0664978
-0.289062
-0.195358
-0.373917
-0.568954
-0.917862
-2.10767
-0.879929
-1.62
-1.87836
0.108337
0.30687
-1.06169
-0.946548
-0.709579
-0.611755
-0.538574
-0.383728
-0.379227
-0.302139
-0.208191
-0.0649261
0.266312
0.713104
1.12276
1.85942
2.56593
2.62799
1.94644
-1.46815
0.613678
1.31404
0.292374
0.66745
0.127426
0.18187
0.0344543
-0.0620575
0.0298157
-0.0114288
-0.163589
-0.0848541
-0.0451813
-0.0232697
-0.126831
-0.279282
-0.189926

[17]
-0.0965118
0.0186615
-0.0837708
-0.323196
-0.333649
-0.254745
-0.485092
-0.796371
-1.91855
-0.988541
-1.34241
-1.49319
-0.870468
0.687363
-0.653763
-0.893539
-0.747543
-0.688675
-0.561844
-0.4832
-0.442047
-0.337723
-0.273956
-0.133957
0.111664
0.603058
1.02431
1.77528
1.99294
2.63744
2.36305
1.02496
-1.50241
0.841171
1.03632
0.1875
0.265015
0.377106
0.0666351
0.0574341
0.0967102
-0.037796
-0.0767212
-0.194229
-0.141113
-0.022049
-0.0707703
-0.170151
-0.16391
-0.158981

[18]
-0.0940552
-0.0485077
-0.0606689
-0.255051
-0.277832
-0.347061
-0.635864
-1.31294
-1.75441
-1.10893
-1.526
-1.66318
-1.54501
-0.0157928
-0.917694
-0.795578
-0.718811
-0.580643
-0.453537
-0.470978
-0.385513
-0.334534
-0.210419
0.155228
0.659164
1.02376
1.4778
2.19907
2.60284
1.85513
1.32227
-1.27278
0.247864
1.25523
0.491913
0.754227
0.0877533
0.0778351
-0.0351715
-0.0632172
-0.09198
-0.0414429
-0.179504
-0.0933228
-0.128464
-0.129425
-0.148499
-0.226318
-0.134888
-0.115112

[19]
-0.0224152
-0.233154
-0.248306
-0.277863
-0.526077
-0.915146
-1.86101
-1.9028
-1.87022
-1.39493
-0.872253
1.21487
-0.79509
-1.11139
-0.861984
-0.643509
-0.549759
-0.438599
-0.341232
-0.355286
-0.227936
-0.137268
0.29538
0.752869
1.20799
1.83707
2.27533
2.59358
2.47873
-1.50508
1.57027
0.730484
1.07175
0.0740204
0.215302
0.131302
-0.166962
-0.0729675
0.0396423
-0.194946
-0.0875702
-0.131332
-0.101456
-0.113281
-0.196503
-0.0874786
-0.0301056
-0.129028
-0.156982
-0.194611

[20]
-0.328201
-0.258682
-0.275009
-0.55571
-0.680466
-2.15999
-1.06178
-1.69678
-1.78667
-0.773636
0.947739
-0.712997
-0.981018
-0.787888
-0.543106
-0.510773
-0.474274
-0.40509
-0.377396
-0.240723
-0.175064
0.244019
0.78891
1.31415
2.00005
2.33885
2.57555
2.25909
-1.51791
1.14001
0.713425
0.606583
0.358887
0.164413
0.148407
-0.0482788
-0.0915222
-0.10878
-0.241211
-0.250168
-0.0745087
0.000305176
-0.0778046
-0.132202
-0.0696259
-0.162567
-0.164505
-0.126266
-0.0818329
-0.250305

