[1]
0.350967
-0.218597
-0.0632782
0.0805969
0.197067
-0.00733948
-0.0568695
0.0610809
0.016922
0.00776672
-0.0650482
0.0188751
0.0761414
0.0769501
-0.0159454
0.071579
0.124496
0.115738
0.0473938
0.00358582
0.0151825
0.0906525
0.0572052
0.0628815
0.0908813
0.0606232
0.0542755
-0.0255127
-0.0308228
-0.0231476
-0.152145
-0.607788
0.0351868
-0.274002
-0.611862
-0.60231
-0.25293
-0.100372
-0.0163574
-0.064209
-0.0775452
-0.0257416
0.0400543
0.00514221
-0.0901184
-0.140961
-0.152283
-0.172974
-0.193771
-0.231583

[2]
-0.145325
-0.257996
-0.217316
-0.0882416
-0.258575
0.0241699
0.643265
0.366516
0.62648
0.608597
0.524429
0.388367
-0.105072
-0.333954
-0.190018
0.0653381
0.121765
0.0775452
0.163025
-0.013916
-0.0644989
-0.154938
-0.0500336
0.0772705
0.141052
0.0845032
-0.00744629
0.00416565
0.054657
0.0477753
0.0196838
0.0300903
0.022583
0.0050354
0.0428925
0.0353699
0.0244751
0.0830536
0.0535889
-0.0573578
-0.147629
-0.200699
-0.432617
-0.383987
0.100357
-0.394058
-0.418457
-0.514557
-0.209686
-0.231949

[3]
-0.0638428
-0.0549011
-0.045578
-0.000869751
0.0475922
0.0228119
-0.00088501
0.0106812
-0.00196838
-0.0169067
-0.0391083
-0.0308533
0.015976
-0.0622253
-0.00617981
-0.111008
0.139755
0.75972
0.517761
0.165741
0.620941
0.303513
0.182846
-0.377991
-0.0983582
0.0382385
-0.0129242
0.0321045
0.12439
0.0507812
0.0037384
-0.125443
-0.107025
0.0760651
0.145721
0.0709991
-0.0162811
-0.00631714
0.0850372
0.084137
0.0310211
0.0171204
0.0240631
-0.0165863
0.0327454
0.0101166
0.0250244
0.0267639
0.0974426
0.0936584

[4]
-0.0998993
-0.152817
-0.263748
-0.799026
-0.1259
-0.01091
-0.481049
-0.534988
-0.426239
-0.167038
-0.11174
-0.123398
-0.10463
-0.0903625
-0.03125
0.000289917
-0.0253296
-0.0801849
-0.107544
-0.121918
-0.0924988
-0.136765
-0.0630646
-0.0324707
-0.0684967
-0.0279236
-0.16127
0.218079
0.815613
0.460556
-0.0767212
0.630325
0.549606
-0.280869
0.224792
0.0328979
0.00421143
-0.0575867
0.00524902
0.127655
0.0554047
-0.0593567
-0.191772
-0.0473633
0.080368
0.111771
0.0171204
-0.015976
0.0185242
0.0665283

[5]
0.0623627
0.0449829
0.0344849
0.0233459
0.0265503
0.0494537
0.0461426
0.106277
0.0924225
0.0633392
-0.0163269
-0.0414734
-0.2164
-0.539551
-0.528183
0.0321198
-0.0829468
-0.33429
-0.664688
-0.216522
-0.108063
-0.0429535
-0.0494843
-0.026886
-0.0604706
-0.0692139
-0.00961304
0.0619965
0.0384064
0.0111694
0.00831604
0.0252228
-0.00180054
-0.0415802
-0.0443115
-0.020462
-0.221573
-0.305969
0.442047
0.41983
0.0743408
0.471756
0.417847
-0.0557404
-0.262817
-0.00500488
0.119049
-0.0124512
0.0126801
0.0716705

[6]
0.0323486
0.0129852
-0.12532
-0.0759583
0.0680542
0.0896606
0.0444489
0.0385132
0.0519409
0.0782013
0.032196
0.0127716
0.0232849
0.0625305
0.0497589
0.0491486
0.0303497
0.111374
0.062088
0.00480652
-0.0852051
-0.00553894
-0.24826
-0.585114
-0.115082
-0.318161
-0.681641
-0.691177
-0.350281
-0.165298
0.0308075
-0.10582
-0.104965
-0.084671
0.0207062
0.0577698
0.0221863
-0.0337524
-0.0240021
0.0194092
0.0652008
0.0503998
0.134232
0.144928
0.0569153
-0.357407
-0.247513
0.454742
0.492355
0.0820923

[7]
-0.0210266
0.320618
-0.0402679
0.0759888
-0.130402
0.0138397
0.0652466
-0.0315704
0.0913391
0.0809021
-0.0428772
-0.102386
-0.14299
-0.0118866
0.0902863
0.14682
0.035614
-0.0284271
0.0307159
0.0627594
0.0604706
0.0304871
-0.0234528
-0.00253296
0.0303802
0.0574951
0.0245361
-0.00682068
0.0914764
0.0767975
-0.0608521
-0.190765
-0.221634
-0.605789
0.108475
-0.216293
-0.555466
-0.539429
-0.227478
-0.203827
-0.0604553
-0.133286
-0.102737
-0.0684662
0.0119019
0.0251312
0.0139618
0.022522
0.0304565
-0.00334167

[8]
0.0440979
0.00149536
0.0479431
0.0346527
-0.00308228
-0.337646
-0.159653
0.168488
0.37558
0.135956
0.208649
0.578094
0.0856476
0.343781
-0.133774
-0.127548
-0.0496674
0.0137329
0.137085
0.00175476
-0.129669
-0.0715179
0.0427856
0.106491
0.0328217
-0.00979614
0.0187225
0.0561981
0.0895386
0.0171356
0.0345612
0.011795
-0.0220947
0.0196838
0.00985718
0.0346222
0.0688782
0.0658722
0.0135345
-0.0440521
-0.098587
-0.262878
-0.527069
-0.222336
-0.0160217
-0.325699
-0.370361
-0.565918
-0.206955
-0.287628

[9]
-0.0526733
-0.0732727
-0.0845947
-0.082077
-0.001297
0.0828094
-0.0241241
-0.0547943
-0.0592499
0.110153
0.150467
0.0245361
-0.13736
-0.109589
-0.192062
-0.230743
0.368652
0.0713654
-0.0762634
-0.159119
0.123795
0.214935
0.00730896
0.408432
-0.0124207
-0.0904236
0.00279236
-0.166809
-0.0263824
0.0240784
-0.0469055
-0.0525818
0.00109863
0.0713501
0.0625153
0.0165863
-0.0331879
-0.0183716
0.0356445
0.052597
0.0190887
-0.00773621
0.00169373
-0.00418091
0.0122681
0.0476227
0.0310669
0.0779572
0.0219879
-0.0160217

[10]
-0.0313263
-0.036087
-0.222778
-0.516129
-0.157593
0.0690155
0.0570374
-0.470734
-0.64357
-0.257645
-0.337997
0.0345764
-0.0933685
-0.0885925
-0.0691376
-0.0232544
0.0469971
0.0693054
0.0290222
-0.0325928
-0.0315399
0.0153351
0.0462799
0.0142059
-0.00953674
-0.108185
-0.323257
-0.215424
0.261795
0.327469
-0.102676
-0.0865784
0.177567
-0.107315
-0.0429535
0.122818
0.0574341
0.0619049
-0.0336456
-0.0745239
0.0119019
0.0225983
-0.0357819
-0.0787506
0.00637817
0.104935
0.0627136
-0.00088501
-0.0234375
0.00439453

[11]
0.0294037
0.0465546
-0.00268555
0.00382996
-0.00213623
0.0154114
0.0346527
-0.00862122
-0.0050354
0.0365448
0.0391693
-0.000610352
-0.0537415
-0.116364
-0.217606
-0.44841
0.0945282
0.179977
-0.277603
-0.644745
-0.627594
-0.384064
-0.000839233
-0.0218353
0.0149536
-0.0171204
0.110916
0.0599823
-0.0628967
-0.219604
-0.250381
-0.256165
-0.171234
-0.0603333
-0.114822
-0.276291
-0.414551
-0.476654
-0.541855
-0.322159
0.258972
0.422806
0.633133
1.40785
0.394775
0.445984
-0.335571
-0.444946
-0.349075
0.0529938

[12]
0.244247
0.111588
0.123505
0.0243378
-0.0715027
-0.227158
-0.0898743
0.087204
0.16246
0.0801239
-0.0214691
-0.0563354
0.0354156
0.0604858
0.0787354
-0.00221252
-0.0243683
0.0189056
0.0272217
0.0225525
0.0369415
0.019165
-0.0259247
-0.104462
-0.0480042
-0.134949
-0.507568
0.242813
-0.0938873
-0.367676
-0.777328
-0.475845
-0.163071
-0.0664825
-0.0430756
-0.0249786
-0.0927582
-0.0341644
0.00439453
-0.0209351
-0.0700531
-0.0505676
-0.01474
-0.00137329
0.0169525
0.0260773
0.059906
0.0724182
0.0381317
-0.123169

[13]
0.0516052
0.556168
0.369705
0.445679
0.186127
0.382675
-0.571823
0.0116882
-0.017746
0.0536346
0.0293732
0.00996399
0.0777893
0.0207825
-0.000686646
-0.15979
-0.153854
0.0423737
0.11554
0.091507
-0.000961304
-0.0524445
0.0310211
0.0454407
0.0493164
0.0092926
-0.0384674
0.0232849
0.0595551
0.0265503
0.00907898
0.0443878
0.0151978
-0.0831299
-0.240219
-0.356735
-0.526337
0.375427
-0.255707
-0.362808
-0.582932
-0.277496
-0.235306
-0.0464172
-0.109894
-0.119324
-0.166061
-0.063385
-0.0354462
-0.0353851

[14]
-0.0279694
-0.0157318
-0.00311279
0.0241241
-0.000839233
0.0783691
0.15123
0.18895
-0.00762939
-0.295578
0.28447
0.714233
0.56189
0.00167847
0.205276
-0.134766
0.232117
-0.0559235
0.0716095
-0.0600281
-0.0489044
0.0238037
-0.0359344
-0.161255
-0.0306854
0.0805054
0.118103
0.0698242
-0.0288696
0.00187683
0.0348816
0.0656281
0.0566406
0.0450134
-0.00445557
0.00448608
0.0564423
0.0869293
0.05513
-0.0205383
-0.0837708
-0.023468
-0.0607452
-0.251846
-0.70607
0.0168304
-0.194229
-0.665207
-0.619797
-0.339554

[15]
-0.205994
-0.0732422
-0.151093
-0.131439
-0.0913696
0.0185242
0.0134888
-0.0694275
-0.0916748
-0.0994415
-0.0605011
-0.0790558
-0.0626831
-0.0234833
-0.183411
-0.189621
-0.356537
-0.21759
0.491013
0.839661
0.685944
0.282394
0.404907
-0.238342
-0.102997
-0.0408173
0.0393066
-0.0303497
-0.015152
0.10498
0.013443
0.0422363
-0.117371
-0.0856476
0.0569305
0.136124
0.0449524
-0.00946045
-0.0315399
0.0317993
0.0775146
0.0293579
0.0518188
0.0291901
0.0130615
0.0315094
0.0227814
0.0605316
0.0787964
0.0583191

[16]
0.0198822
-0.0330963
-0.23642
-0.444778
-0.280045
0.0514069
-0.208878
-0.62735
-0.638412
-0.310852
-0.226685
-0.0657959
-0.110855
-0.118835
-0.0966644
-0.00492859
0.0106201
-0.0474854
-0.0946198
-0.0986786
-0.0832825
-0.0888062
-0.0883636
-0.0919342
-0.173065
-0.368027
-0.674866
0.137695
0.417465
0.831833
0.290802
0.34166
0.141357
0.387711
-0.0792084
-0.0596313
-0.0263367
-0.0845947
0.0352325
0.0177002
-0.0968781
-0.115723
0.00978088
0.101654
0.119232
0.0354919
-0.0345459
-0.01091
0.052597
0.0454712

[17]
0.0749969
0.0256348
0.0210571
-0.0278168
-0.0276642
-0.00552368
0.055481
0.0394287
0.0767059
-0.0128174
-0.309296
-0.257278
-0.598221
0.0795288
0.102737
-0.262283
-0.407104
-0.412491
-0.13089
-0.0774536
-0.0858154
0.00975037
-0.0388184
0.0304565
0.0471039
0.00418091
-0.0634766
-0.0268707
-0.0509338
-0.0337372
-0.00363159
0.0177155
-0.0407104
-0.0612183
-0.157928
-0.479172
0.415283
0.479218
0.763199
0.398117
0.146057
-0.175797
0.129272
0.134933
-0.0212402
0.00914001
-0.0210724
0.0132904
0.0131226
-0.0421143

[18]
-0.140274
-0.0856323
0.0803833
0.122696
0.0545044
-0.0261383
-0.0423584
0.0138855
0.0908966
0.0518799
0.051651
0.0395508
-0.0233459
0.0106659
0.0467529
0.0686646
0.0696716
0.0137939
-0.0644531
-0.0653992
-0.11618
-0.295959
-0.380356
0.00456238
-0.228912
-0.69899
-0.760223
-0.385544
-0.220886
0.00445557
-0.0638428
-0.0891418
-0.0483704
0.0486755
0.0436554
-0.0421295
-0.0848389
-0.0442657
-0.0437775
-0.0765076
-0.0366821
-0.0163574
-0.100159
-0.167267
-0.456955
-0.191879
0.530106
0.527496
-0.220734
0.318436

[19]
0.150787
0.254425
0.207581
-0.0517578
0.034729
-0.138412
0.0438843
0.00343323
-0.0614624
-0.143509
-0.028183
0.0739288
0.087616
0.0476685
0.000457764
0.0422058
0.0112457
0.0428162
0.0554962
0.011734
0.0166473
0.0359497
0.0874634
0.126419
0.0216675
0.00968933
-0.0714111
-0.021347
-0.023407
-0.479782
-0.766006
-0.110672
0.00979614
0.0295563
-0.301132
-0.706863
-0.212814
-0.162811
0.18187
0.0518188
-0.123734
-0.261414
-0.112793
0.0557861
0.0228271
-0.0393829
0.000869751
0.0489349
0.0467072
0.00366211

[20]
-0.0994415
-0.123627
-0.0641327
-0.370102
-0.341125
0.114166
0.362228
0.748169
0.0263062
0.230377
-0.326065
0.112656
-0.00682068
0.0128174
0.0481415
0.0273438
-0.0229034
-0.00932312
-0.110291
-0.110809
0.0444641
0.147324
0.0837555
-0.0185394
-0.0477753
0.00483704
0.077301
0.0724487
0.0475769
-0.114777
-0.0280304
-0.0149841
0.0174866
0.0206299
0.0101166
0.0357056
-0.0837555
-0.157623
-0.259979
-0.61879
0.0831299
-0.0171509
-0.390015
-0.584793
-0.310242
-0.170334
0.0148468
-0.0815277
-0.00389099
-0.0638885

[21]
0.0045929
0.0401459
0.00428772
-0.0532837
-0.0878754
-0.0359497
0.0338287
0.0570984
0.0245514
-0.0778809
-0.0561218
-0.163773
-0.110825
0.258835
0.583557
0.60936
-0.0410004
0.160828
0.128708
0.229126
0.00038147
-0.135376
-0.0032959
-0.075119
-0.0246735
0.0197601
-0.0780792
-0.134003
-0.0827637
0.0437775
0.130478
0.0698853
-0.0440521
-0.0546722
0.0208282
0.0558624
0.0389557
0.0323486
0.0424957
0.0441132
0.0204163
0.0334167
0.0501556
0.0503845
0.018158
-0.0102386
0.0159607
-0.199036
-0.555786
-0.333054

[22]
0.0411072
-0.172974
-0.509506
-0.653122
-0.221954
-0.277634
-0.0546112
-0.0717621
-0.0534515
-0.0588989
0.0449829
0.0598145
0.00749207
-0.0269318
-0.0263824
-0.00253296
-0.0302734
-0.107941
-0.150909
-0.196121
-0.348434
-0.298843
0.191528
0.468353
0.492752
0.163788
0.185425
-0.148468
0.19313
0.0999451
-0.0180664
0.0493317
-0.00186157
0.0159302
0.0196686
-0.0344696
-0.170197
-0.0773773
0.0702362
0.130325
0.066864
-0.0258331
-0.0293732
0.0444183
0.0834656
0.0703888
0.0316467
0.0314636
0.0224457
0.000854492

[23]
0.0156403
0.0870972
0.107788
0.0150452
-0.0318451
-0.343872
-0.890427
0.0597839
-0.353546
-0.605148
-0.722748
-0.245422
-0.13324
0.0549622
-0.0667419
-0.0697021
-0.0968628
-0.0106659
-0.00144958
-0.0560608
-0.066803
-0.0742798
-0.0631409
-0.0588074
0.0578613
0.0464325
-0.0543365
-0.0202026
-0.267517
-0.209091
0.339325
0.606918
0.610367
0.414749
0.309143
-0.313004
0.0237885
0.150955
-0.0492554
0.00608826
-0.0581665
0.0275726
0.0374908
0.0149536
-0.0761871
-0.103745
0.0146942
0.123688
0.125946
0.0269928

[24]
-0.00726318
0.0293274
0.0331268
0.0357056
0.031723
-0.00372314
0.00512695
-0.000961304
0.0311279
0.148605
0.0315552
0.00442505
-0.0241699
-0.244781
-0.84256
-0.25267
0.0855255
-0.498169
-0.562836
-0.52446
-0.268845
-0.192993
-0.0378571
-0.0835266
-0.109116
-0.0868988
0.0241089
0.026474
-0.0319366
-0.0458679
-0.00553894
0.0329895
0.0303345
0.0867462
0.0763702
-0.0601196
-0.283569
-0.509903
0.364716
0.54631
0.545349
-0.115982
0.259293
-0.0155029
0.339417
-0.0471191
-0.0282593
-0.0594025
-0.0394135
0.0211945

[25]
-0.026535
-0.157974
-0.0286713
0.0932465
0.0927734
0.00233459
-0.0167542
0.00184631
0.0621185
0.0503998
0.0514221
0.0146332
0.00805664
0.0440826
0.0592651
0.0457916
0.0761261
0.0861359
-0.00744629
-0.0553284
-0.097641
-0.253403
-0.358429
-0.459122
0.105774
-0.1633
-0.471512
-0.744034
-0.293167
-0.0767822
0.00497437
-0.0171814
-0.0859222
-0.118057
-0.0976715
-0.0691376
-0.0661163
-0.113983
-0.14447
-0.121964
-0.0353394
-0.0501709
-0.0464172
-0.0153656
-0.0410614
-0.260696
-0.477966
0.365875
0.565659
0.607056

[26]
-0.0424347
0.116562
-0.127808
0.247879
0.156952
-0.0292511
0.0292206
-0.0458679
-0.0516815
-0.00871277
-0.069931
-0.158127
0.0132294
0.121246
0.09375
0.0251923
-0.0220337
0.0104065
0.0906219
0.0474091
0.0576935
0.00141907
0.00350952
0.0320282
0.0630798
0.0626221
-0.0172729
-0.0065155
0.0154877
-0.0507355
-0.363647
-0.811264
-0.0179901
0.113266
-0.433182
-0.704971
-0.495499
-0.128784
-0.0992584
0.0239868
0.0130768
-0.0493927
0.0215302
0.057251
0.00132751
-0.14476
-0.165497
-0.136703
-0.102188
-0.131653

[27]
-0.19989
-0.202682
-0.247406
-0.360687
-0.324707
0.0465088
0.464874
0.726196
0.198166
-0.124878
-0.276627
0.4142
0.0353394
-0.110794
-0.129257
-0.00733948
0.125519
0.083786
-0.0891571
-0.209854
-0.0104523
0.1017
0.137375
0.00491333
-0.0266724
0.0544281
0.066803
0.0751343
0.0411224
0.0453186
0.0314789
0.0566254
0.00396729
-0.0202179
0.00953674
0.0466309
-0.00538635
-0.0871124
-0.396591
-0.550507
0.140488
-0.272003
-0.64444
-0.695892
-0.272675
-0.272125
0.024292
0.0502777
0.0445099
0.0116577

[28]
0.0284729
0.0291138
0.0075531
0.0582275
0.0161133
0.0587921
0.113419
0.0747986
0.0833588
0.0157471
-0.0285645
-0.237244
-0.0346985
0.425446
0.608124
0.238098
0.21019
-0.429703
-0.0622711
0.188644
0.00691223
0.0107117
0.0214233
0.0328369
0.0270081
-0.0289764
-0.151657
-0.0202637
0.0724792
0.119385
0.0228729
-0.0348816
0.00837708
0.0651245
0.0544586
0.0851288
0.059845
0.0110168
0.00259399
0.0248718
0.0692139
0.0748291
0.0708008
0.0814514
-0.00268555
-0.131271
-0.446228
-0.595825
0.146057
-0.231964

[29]
-0.515823
-0.684814
-0.271957
-0.263168
0.032547
-0.04039
-0.057373
-0.125153
-0.10437
-0.0569305
-0.0637817
-0.115921
-0.131943
-0.0733337
-0.00273132
-0.0637665
-0.0406952
-0.0231476
0.0733948
-0.135025
-0.248672
0.641281
0.721069
0.372803
0.351028
-0.381393
-0.177444
0.234695
0.0431366
0.054184
-0.0246429
0.0346069
0.0310669
0.0310211
-0.153793
-0.0787811
0.0313416
0.145966
0.0895081
0.0181122
0.00965881
0.049408
0.0610809
0.0710144
0.0318909
0.0319977
0.0174255
-0.000930786
0.000411987
0.0682983

[30]
0.116043
0.0324402
-0.0716858
-0.323288
-0.800842
0.153305
-0.445572
-0.579147
-0.831131
-0.155594
-0.060379
0.0513153
-0.0371552
-0.0510559
-0.0654297
-0.0267792
0.0249176
-0.0148926
-0.0783997
-0.0652161
-0.0027771
0.0167694
0.0325928
0.0482635
-0.044754
-0.00566101
-0.572739
0.190811
0.828186
0.62619
0.038269
0.516846
0.0050354
0.350906
-0.0611115
-0.00198364
-0.0253754
-0.0773926
1.52588e-05
-0.0135803
-0.131149
-0.10701
0.0250397
0.0667725
0.0985413
0.0473785
-0.0110168
0.0233002
0.0406189
0.0402069

[31]
0.0260925
0.0179138
-0.00735474
-0.0124817
0.00567627
-0.0020752
0.113739
0.0864105
0.0172729
0.00770569
-0.255859
-0.908051
-0.244827
0.074173
-0.23967
-0.712982
-0.426132
-0.143738
-0.26236
0.025589
-0.0189667
-0.0531158
-0.0109253
-0.00453186
-0.000259399
-0.108215
-0.130081
0.253372
-0.028656
-0.107285
-0.214722
-0.195694
-0.101257
-0.369141
-0.306564
0.445877
0.664368
0.741501
0.0128021
0.286957
-0.314545
0.271591
-0.0443115
0.0485535
0.0235443
-0.0485687
-0.0306854
-0.0236359
-0.100388
-0.185974

[32]
0.0187225
0.0963287
0.0733337
0.017868
-0.0467529
0.0418091
0.0525665
0.0627899
0.0218048
0.00524902
0.00758362
0.0175171
0.0187378
0.0696259
0.0839996
-0.0456696
-0.103134
-0.354324
-0.673828
0.142639
-0.474075
-0.673843
-0.766129
-0.338623
-0.270416
-0.116241
-0.0723114
-0.098938
-0.00796509
0.0450134
-0.0102234
-0.108337
-0.0765228
-0.00320435
0.0370026
-0.020462
0.0790558
0.134399
-0.00938416
-0.119705
-0.129517
0.54512
0.496292
0.392593
0.157883
0.520935
-0.281158
-0.0341339
0.132812
-0.009552

