[1]
-0.898071
-0.591614
-0.899506
-0.55722
-0.403717
-0.210266
-0.127548
-0.0634766
-0.13002
-0.114975
-0.0858154
-0.00306702
-0.00959778
-0.0294037
-0.145844
-0.206985
-0.125702
-0.0733948
-0.104294
-0.117722
-0.113556
-0.0714264
-0.0506134
-0.0531769
-0.0237579
-0.00228882
0.123306
0.0657501
0.0407715
0.0625305
0.137482
1.00909
1.44322
0.78215
0.646042
0.194382
0.428741
-0.153244
-0.0656738
0.508652
0.764877
0.751984
0.684158
0.494492
0.333939
0.261139
0.147171
0.0757599
-0.0311432
-0.197662

[2]
-0.278839
-0.855042
-1.47388
-1.76419
-1.73531
-1.84212
-1.98041
-1.02792
-0.963791
0.828583
1.38106
-1.18826
-0.315659
-0.482513
-0.681625
-0.444565
-0.15477
-0.145264
0.00610352
0.0337372
-0.106339
-0.135101
-0.0495148
-0.0231018
-0.0245361
-0.0954437
-0.106812
-0.101837
-0.04216
-0.0453491
-0.0364227
-0.0381775
-0.0246735
-0.0479889
-0.00866699
0.0831757
0.0715485
0.166489
0.0734558
0.0933685
0.13649
0.10994
0.590576
1.21974
0.774094
0.93782
0.404388
0.615921
-0.0688782
-0.345657

[3]
0.39682
0.802399
0.777466
0.689713
0.593506
0.424637
0.335297
0.257828
0.198364
0.163071
-0.192596
-0.447784
-0.666901
-1.20888
-1.67458
-1.72787
-1.87012
-2.09703
-1.39406
-0.678391
1.62672
0.0438385
-0.732834
-1.07684
-0.0895233
-0.478226
-0.302216
0.0153809
0.0494232
-0.0278473
-0.0365448
-0.107269
-0.0255127
0.0726624
0.0496826
-0.119751
-0.138565
-0.0791473
-0.0318756
-0.0534363
-0.0796204
-0.0787811
-0.0555267
-0.00553894
-0.0245972
0.0645599
0.122955
0.137863
0.0721741
0.103882

[4]
0.103409
0.0816956
0.218353
0.775696
1.45547
0.901031
0.783707
0.402451
0.618835
-0.0469055
-0.132202
0.456955
0.818466
0.767151
0.7164
0.56398
0.375458
0.289673
0.248352
0.163345
0.0954895
-0.137451
-0.358688
-0.811844
-1.41916
-1.71078
-1.70036
-1.91377
-2.25832
-1.52232
-0.51857
1.61954
-0.538834
-0.770432
-0.492783
-0.495255
-0.328781
-0.21933
-0.0726013
-0.0241241
-0.0132141
-0.0626221
0.0243988
0.0336456
0.0213623
0.0448456
-0.0882111
-0.101242
-0.0812378
-0.0565033

[5]
0.000305176
-0.0187683
-0.0218353
-0.0158844
0.00314331
0.0446014
0.0623016
0.0624237
0.129257
0.0751953
0.118347
0.181686
0.188965
0.61911
1.31003
0.871201
0.72287
0.428711
0.632568
0.207474
-0.200073
0.327225
0.739792
0.759308
0.652161
0.564529
0.451767
0.361679
0.297211
0.236389
0.208252
0.0858459
-0.139862
-0.44986
-0.872864
-1.51413
-1.91898
-2.43797
-2.5117
-1.51337
-0.341278
1.59004
0.0215759
-0.595657
-0.934021
-0.527588
-0.254227
-0.150391
-0.0380096
-0.116135

[6]
-0.156219
-0.117828
-0.0565948
0.0251617
0.0704193
0.0702515
-0.0914307
-0.117889
-0.0802765
-0.0343781
-0.0291138
-0.026947
-0.026474
-0.0929108
-0.0498047
0.0486298
0.0736237
0.103867
0.151657
0.158844
0.143082
0.105286
0.360367
1.82364
1.16319
0.897385
0.163132
0.505753
-0.1763
-0.281174
0.287918
0.688293
0.770874
0.725647
0.657333
0.501221
0.344528
0.319275
0.298706
0.228653
-0.0184784
-0.209167
-0.444778
-1.00275
-1.77463
-1.90453
-2.27713
-2.50607
-1.37407
1.07751

[7]
0.06073
-0.818344
-0.292786
-0.454498
-0.308441
-0.505325
-0.184052
-0.113266
-0.00291443
0.0628204
-0.0239716
-0.0646667
-0.0880737
-0.0143433
-0.00967407
-0.0459595
-0.125458
-0.156982
-0.0918884
-0.0822906
-0.0752106
-0.0205231
-0.0463409
-0.026535
0.0293121
0.0964355
0.0872192
0.013382
0.0674896
0.133423
0.163589
0.0634613
0.429657
1.34991
1.06699
0.984039
0.325394
0.3013
-0.0188446
-0.201706
0.466858
0.71347
0.706253
0.620728
0.595352
0.450424
0.349426
0.33432
0.347229
0.2164

[8]
0.110779
-0.143066
-0.435181
-0.970932
-1.71391
-2.392
-2.45689
-2.3006
-1.31953
-0.267365
1.49442
-1.16335
-0.610306
-0.299408
-0.381897
-0.228073
0.010498
-0.0717773
-0.0573578
0.0500793
-0.0318298
-0.021347
-0.0270844
-0.0357819
-0.0461578
-0.0888062
-0.1241
-0.112991
-0.0420837
-0.0207672
-0.061264
-0.0704193
-0.046463
0.0272675
0.0563049
0.108932
0.0713196
0.0849304
0.101059
0.129715
0.131836
0.170044
0.540512
1.32724
0.848984
0.656998
0.335541
0.605026
0.124069
-0.373764

[9]
0.201614
0.64621
0.729431
0.612015
0.585434
0.420456
0.318466
0.369553
0.249313
0.118866
0.019104
-0.256897
-0.615875
-0.921082
-1.56319
-2.12976
-2.49257
-1.49902
-1.27068
0.0665894
0.785797
-0.870728
-0.735992
-0.195541
-0.397644
-0.325974
-0.00396729
0.0357666
0.0158386
0.0533905
-0.00114441
-0.0566101
-0.0189209
-0.052536
-0.0919495
-0.0844574
-0.12468
-0.076004
-0.0631409
-0.0530701
-0.0268707
-0.0279083
-0.0287476
-0.0115204
0.00556946
0.0656433
0.0716095
0.065567
0.062439
0.118042

[10]
0.143478
0.143646
0.259033
0.762009
1.29485
1.03639
0.586197
0.228546
0.751129
-0.0906982
-0.383942
0.412231
0.715057
0.684723
0.609283
0.535675
0.432816
0.33638
0.256912
0.248886
0.19342
-0.0101624
-0.255035
-0.624878
-1.03181
-1.65469
-1.91136
-1.94048
-1.88571
-1.61264
-1.16208
1.29021
-0.10643
-0.576904
-0.576447
-0.293854
-0.449936
-0.202698
-0.00244141
-0.0334473
-0.0552521
-0.068924
-0.0460968
-0.063858
-0.0205536
-0.0578461
-0.0788574
-0.0670776
-0.0854797
-0.0732422

[11]
-0.0257874
-0.0286713
-0.0174866
-0.0431976
-0.0374756
0.00328064
0.0461121
0.0493164
0.0449677
0.00195312
0.0164795
0.0298309
0.0447388
0.0530243
0.360977
0.878372
1.17477
1.05244
0.530457
0.244644
0.40535
-0.093338
0.0912933
0.592987
0.777435
0.724457
0.666656
0.552643
0.452118
0.389496
0.221863
0.0986176
0.0335999
-0.0805359
-0.356491
-0.816238
-1.20354
-1.5009
-1.54999
-1.67928
-1.56932
-1.23935
-1.30919
-0.51619
1.61971
-0.95784
-0.364899
-0.226013
-0.652725
-0.445923

[12]
-0.152786
-0.208939
-0.0289612
0.0684204
-0.0510406
-0.160843
-0.039856
0.0602112
0.0642242
-0.0471649
-0.0996246
-0.0571442
-0.0137787
-0.0587616
-0.0488434
-0.0442352
-0.00318909
0.0179596
0.0755005
0.0727234
0.0725098
0.0694733
0.0789948
0.115631
0.123718
0.319397
1.21623
1.46059
0.77037
0.621201
0.509857
0.636429
-0.186386
-0.132751
0.552994
0.838821
0.724411
0.627518
0.463821
0.377533
0.327301
0.302734
0.278229
0.194931
-0.0452881
-0.363693
-0.73642
-1.26991
-1.74307
-1.79037

[13]
-2.00311
-2.35031
-1.53058
0.537918
1.15742
-0.748047
-0.604874
-0.548111
-0.49707
-0.472061
-0.146698
-0.0471039
-0.0286407
-0.0334167
-0.0436554
-0.0380554
-0.034256
0.0611877
0.0600281
-0.0457764
-0.105637
-0.092041
-0.0442352
-0.0228729
-0.0746155
-0.047821
-0.0518646
0.00315857
0.0867004
0.0805664
0.120193
0.0499878
0.0759888
0.151276
0.145447
0.34108
1.34309
0.996399
0.982697
0.599152
0.548599
0.189636
-0.239227
0.250122
0.613647
0.755371
0.640182
0.600082
0.476013
0.359573

[14]
0.320099
0.297409
0.25882
0.0713196
-0.333145
-0.630341
-1.01988
-1.70471
-2.03091
-1.87105
-2.34018
-1.90808
0.284622
1.03572
-1.25006
-0.904266
-0.00292969
-0.524231
-0.214294
-0.0366211
0.0139313
-0.0545044
-0.0146942
-0.0486603
0.0312653
0.0422211
-0.0232849
-0.0700684
-0.0603485
-0.0258942
-0.0647583
-0.0500183
-0.00640869
-0.0245209
-0.0296936
-0.0356445
0.0363617
0.100815
0.119614
0.0665436
0.120285
0.15477
0.214584
0.390808
1.35547
1.38467
0.892929
0.278992
0.33252
-0.034256

[15]
-0.207687
0.376724
0.770554
0.791367
0.724487
0.61908
0.453735
0.347092
0.351181
0.313324
0.199478
0.013382
-0.240799
-0.56546
-1.11998
-1.88622
-2.0634
-1.91066
-2.11299
-1.70575
-1.27008
1.64015
-0.491058
-0.862549
-0.391541
-0.55719
-0.338058
-0.0668793
-0.0645142
0.00810242
-0.0853729
-0.0810394
-0.11377
-0.0309296
-0.0249023
-0.00346375
-0.0131226
-0.00334167
0.0140839
0.0513306
0.0194702
-0.0174713
-0.0425568
-0.0462341
-0.0245209
0.0685425
0.0979614
0.0799103
0.0503998
0.0942993

[16]
0.139938
0.183014
0.217484
0.698776
1.50053
1.04317
0.62738
0.286194
0.674103
-0.129486
-0.147812
0.443161
0.771164
0.74379
0.678635
0.572815
0.434372
0.308731
0.299194
0.303757
0.225449
-0.0240631
-0.315765
-0.68457
-1.10629
-1.88652
-1.92862
-2.46912
-2.45416
-0.694946
1.60663
-1.49947
-0.676987
-0.237656
-0.323074
-0.251724
-0.0608215
-0.138458
-0.0467834
0.0572052
0.10202
-0.0322723
-0.0231323
-0.0402222
-0.0748901
-0.0949554
-0.107742
-0.0654297
-0.0385895
-0.0451965

[17]
-0.0339661
-0.0760345
0.00325012
-0.013504
0.0449677
0.0735016
0.172699
0.0660248
0.144775
0.13385
0.276703
0.0460358
0.872192
1.0575
0.587372
0.868256
0.447891
0.689056
0.100891
-0.20314
0.244659
0.720383
0.785919
0.685516
0.511703
0.329971
0.252914
0.212799
0.172318
0.106644
-0.0912323
-0.315018
-0.848724
-1.47772
-1.94446
-2.04543
-2.48228
-2.01091
-0.208252
1.60881
-0.514969
-0.944885
-0.493637
-0.485001
-0.518539
-0.197159
0.0160522
0.02565
0.0301819
-0.0626678

[18]
-0.0553284
-0.064682
-0.0254974
-0.0035553
-0.0436859
-0.0997772
-0.118195
-0.0299988
-0.0400696
-0.0472107
-0.0467377
-0.0711212
-0.0285187
0.0179291
0.0623016
0.0994873
0.0647278
0.112946
0.0951538
0.12178
0.124939
0.520538
1.56952
1.21155
0.818542
0.185776
0.513077
-0.165405
-0.192139
0.418015
0.730209
0.736618
0.666718
0.566605
0.462219
0.346146
0.289047
0.26297
0.156082
-0.0373535
-0.295227
-0.656067
-1.18556
-1.83815
-2.07236
-1.92336
-2.47348
-1.38301
1.55789
-0.271957

[19]
-0.890335
-0.48436
-0.330475
-0.462921
-0.18219
0.026825
-0.0381775
-0.0225983
-0.11734
0.0432434
0.0184021
0.00369263
-0.049408
-0.13118
-0.0872345
-0.0586853
-0.0494232
-0.0497589
0.0137329
-0.0159912
-0.044281
-0.014801
0.0290375
0.0918884
0.0703583
0.0187225
0.150055
0.14624
0.205765
0.458527
1.02368
1.15733
0.601318
0.759521
0.427277
0.795013
0.0388489
-0.238831
0.0490875
0.547318
0.724884
0.643906
0.435623
0.309845
0.240494
0.266464
0.249817
0.210129
0.0665131
-0.227997

[20]
-0.730728
-1.1642
-1.91
-2.1436
-2.36443
-2.38574
-1.65976
0.663696
0.933472
-0.78183
-0.700394
-0.354706
-0.597427
-0.323868
0.00146484
-0.0841522
-0.0901642
-0.0487518
-0.0869446
-0.0433807
-0.00834656
-0.0281219
-0.0949554
-0.139221
-0.133179
-0.0700226
-0.0633698
-0.0821686
-0.0176697
-0.0715027
-0.00302124
0.0130005
0.0141296
0.0351105
0.0623474
0.0841217
0.124069
0.196869
0.391632
1.00374
1.19766
0.626297
0.427765
0.270111
0.524139
-0.0838318
0.141022
0.477585
0.767197
0.700912

[21]
0.579239
0.385269
0.232834
0.185059
0.204208
0.167984
0.0445709
-0.12677
-0.413437
-0.921127
-1.44916
-1.74707
-1.89587
-1.94792
-1.97803
-1.39594
1.60231
-0.409927
-1.02928
-0.439682
-0.361053
-0.359818
-0.188599
0.00415039
0.00773621
0.0138397
-0.0142059
-0.0665588
-0.0255432
-0.0610352
-0.0792542
-0.0658417
-0.0960388
-0.0970764
-0.0906067
-0.0647125
-0.0460663
-0.0546417
-0.0822144
-0.0677032
0.0253296
0.0829926
0.0623779
0.0632935
0.155991
0.128006
0.174072
0.252701
0.845749
1.31659

[22]
0.923798
0.747375
0.264114
0.748657
0.0312653
-0.242462
0.531097
0.856888
0.757904
0.574493
0.495041
0.340225
0.219772
0.193527
0.148743
-0.0141449
-0.305939
-0.658829
-1.05588
-1.713
-2.06126
-2.05603
-1.86331
-1.98058
-1.38316
1.58754
-0.296112
-1.15515
-0.21785
-0.53186
-0.44548
-0.216736
-0.101349
-0.0180206
0.00737
-0.0346069
-0.0283051
-0.0658417
-0.039444
-0.0157013
-0.0722961
-0.124557
-0.105209
-0.0644226
-0.0523682
-0.0377808
-0.0723267
-0.062027
-0.0448151
0.0517883

[23]
0.0841522
0.10675
0.112503
0.165298
0.161011
0.374344
1.1615
1.32556
0.995834
0.304855
0.454056
0.363602
-0.155106
0.24382
0.667465
0.797882
0.677567
0.623032
0.410614
0.285049
0.254059
0.247696
0.165497
-0.0403442
-0.274872
-0.651077
-1.14822
-1.77432
-1.95226
-1.91821
-2.19504
-1.86383
-1.27376
1.61107
0.218872
-1.18556
-0.584564
-0.364029
-0.506943
-0.247772
-0.0192108
0.0326691
-0.058075
-0.069931
-0.0333557
-0.0449829
-0.0490265
-0.0105743
-0.0509186
-0.0798492

[24]
-0.121597
-0.0742188
-0.0261383
-0.00131226
-0.00088501
-0.0125885
0.0640411
0.0464172
0.053772
0.0763092
0.104187
0.124802
0.105255
0.290527
0.98111
1.24379
1.0159
0.767166
0.406906
0.658249
-0.096283
-0.19519
0.419327
0.761322
0.740158
0.621124
0.521454
0.379517
0.304413
0.310669
0.276886
0.147491
-0.147537
-0.521194
-0.901001
-1.55347
-2.09271
-1.87012
-2.22075
-2.0598
-0.0934143
0.891327
-1.78006
-0.483124
-0.402206
-0.285583
-0.232208
-0.0562744
-0.0714264
-0.0707397

[25]
0.0179138
-0.00210571
-0.0113373
-0.0521851
-0.0446625
-0.0729675
-0.138519
-0.0975189
-0.0632782
-0.0315857
-0.0501862
-0.0662384
-0.0912628
-0.0331268
0.0259857
0.0837097
0.0934906
0.0270538
0.0442657
0.0240631
0.0982208
0.0920105
0.552795
1.50893
0.959427
0.692795
0.142883
0.69368
0.409332
-0.0743866
-0.0459747
0.475266
0.702621
0.683136
0.602692
0.450623
0.263
0.196762
0.167953
0.119736
0.0426788
-0.197952
-0.51004
-0.888916
-1.48434
-1.85454
-2.04503
-2.26614
-1.95926
-1.01402

[26]
1.60699
-0.351425
-1.01602
-0.279388
-0.520859
-0.485565
-0.171234
-0.0654907
-0.0426941
-0.0827179
-0.0457153
-0.0244446
0.0262299
-0.0120544
-0.0402832
-0.111145
-0.0973053
-0.0993042
-0.0652466
-0.0231781
-0.0238953
-0.0629425
-0.0427094
0.0229492
0.0786285
0.0745239
0.055542
0.0603638
0.132462
0.0411835
0.330856
0.922897
1.36969
1.09724
0.697998
0.449738
0.753784
0.0304871
-0.309906
0.511993
0.830582
0.79808
0.667145
0.365692
0.199005
0.149017
0.119278
0.0692444
-0.0633698
-0.243378

[27]
-0.557663
-0.934601
-1.43102
-1.8253
-1.9191
-1.72333
-2.16422
-1.4048
1.59016
-0.778915
-1.45743
-0.122437
-0.622818
-0.398407
-0.140762
-0.0271759
-0.0477905
0.0317535
-0.0611572
-0.0437775
-0.019577
-0.00308228
-0.0123749
-0.0847168
-0.13475
-0.136078
-0.069931
-0.0170593
-0.058197
-0.0554962
-0.0318451
0.0797882
0.0894318
0.0669861
0.0642242
0.152573
0.200287
0.167786
0.547806
1.56119
1.12701
0.744583
0.169266
0.685226
-0.113663
-0.182449
0.550644
0.874161
0.77536
0.666367

[28]
0.547562
0.376038
0.255402
0.280212
0.23201
0.146774
-0.0848846
-0.351868
-0.776245
-1.39214
-1.99034
-2.22865
-2.2106
-2.47661
-1.39784
1.60564
0.360611
-1.24863
-0.656281
-0.43782
-0.526749
-0.197556
-0.0659485
0.0635223
-0.0667877
-0.0993958
-0.0804138
0.0369568
0.0303497
0.0142059
-0.0888214
-0.0758514
-0.0849457
-0.0579529
-0.0551453
-0.0357666
-0.0202179
-0.042511
-0.0223541
0.019043
0.0833893
0.120911
0.114288
0.131546
0.168335
0.145081
0.590591
1.44798
0.982956
0.848145

[29]
0.1073
0.616226
0.365173
-0.135422
0.254501
0.616974
0.755188
0.615723
0.472931
0.350052
0.262314
0.226181
0.18045
0.116882
-0.0220184
-0.277588
-0.63678
-1.12119
-1.84442
-2.04338
-2.10104
-2.48508
-1.56467
1.32066
0.649368
-1.414
-0.646225
-0.406052
-0.636292
-0.25351
-0.086441
0.00779724
-0.0622101
-0.0819702
-0.102905
-0.0410461
-0.00759888
-0.0172119
-0.0458832
-0.101883
-0.0725861
-0.102707
-0.105026
-0.0374451
-0.0526276
-0.130066
-0.0297546
0.0367584
0.160416
0.0826874

[30]
0.125504
0.174835
0.114349
0.321518
1.27722
1.17773
0.977234
0.422913
0.58989
0.430573
-0.175385
-0.370407
0.395798
0.828201
0.812576
0.747559
0.514328
0.317429
0.185303
0.161331
0.096344
-0.0273285
-0.304276
-0.636444
-1.11777
-1.88965
-1.93375
-2.49588
-2.47713
-0.790024
1.5834
-1.42305
-0.833145
-0.324219
-0.422897
-0.224258
-0.157593
-0.104706
-0.0559692
0.0184479
0.0981598
-0.0101776
-0.00914001
-0.0643463
-0.0795135
-0.11174
-0.094574
-0.0896606
-0.0659485
-0.0222015

[31]
-0.0114136
-0.0254669
-0.019165
0.00556946
0.0495453
0.0265198
0.0918732
0.0632019
0.115097
0.14473
0.278275
0.985046
1.28059
1.09895
0.869293
0.309067
0.6996
0.135605
-0.347763
0.279434
0.741089
0.836212
0.683563
0.526901
0.303696
0.127243
0.0505066
0.110916
-0.350937
-0.392746
-0.760864
-1.19424
-1.79213
-1.9071
-2.02449
-2.16748
-1.69302
-0.063797
1.59549
-1.16811
-0.897491
-0.119324
-0.602753
-0.42569
-0.0681
-0.0949249
-0.0301514
-0.00692749
-0.043396
-0.0889282

[32]
-0.00143433
0.022583
-0.0382843
-0.116547
-0.125473
-0.099823
-0.032135
-0.0233612
-0.0905457
-0.032196
0.0352173
0.129623
0.0901337
0.120209
0.170349
0.235458
0.204025
0.555496
1.39366
1.04657
1.18738
0.429474
0.703888
-0.15303
-0.512589
0.34285
0.955765
0.89502
0.734238
0.554626
0.364029
0.287766
0.265457
0.207565
0.0605011
-0.144913
-0.384613
-0.83049
-1.66734
-2.03624
-2.25145
-2.50787
-1.62506
-1.36214
1.59007
0.234116
-1.27582
-0.564804
-0.531509
-0.464569

