[1]
-0.0618744
-0.317764
-0.45665
-0.73317
-0.897888
-0.571457
-0.64415
-0.35144
-0.185425
0.130539
0.524673
0.345474
0.580322
0.586914
0.640427
0.623123
0.59111
0.586136
0.466217
0.232758
0.0273743
-0.202026
-0.406509
-0.492096
-0.486206
-0.482224
-0.509491
-0.534882
-0.504883
-0.490952
-0.40123
-0.295898
-0.2686
-0.225128
-0.194031
-0.287201
-0.17749
0.104492
-0.226334
-0.551254
-0.594727
-0.0973053
-0.0346832
-0.107666
-0.0260468
0.033783
-0.0376282
-0.0648346
-0.0264893
-0.0152435

[2]
0.0140228
0.0536194
-0.00126648
0.0237885
0.0366669
0.0296173
0.0559692
-0.0267944
-0.044632
-0.049942
-0.0411377
-0.0484161
-0.0549927
-0.0378265
-0.0696259
-0.0615692
-0.129105
-0.0921021
-0.137527
-0.130554
-0.162506
-0.199478
-0.212097
-0.266693
-0.40126
-0.590668
-0.809189
-0.843597
-0.582687
-0.623947
-0.418533
-0.216644
0.20842
0.383957
0.213913
0.549332
0.496521
0.575653
0.572464
0.513809
0.448715
0.341385
0.153473
-0.00309753
-0.241028
-0.504303
-0.60202
-0.63356
-0.664841
-0.609558

[3]
-0.629471
-0.600769
-0.474716
-0.373779
-0.273148
-0.215683
-0.1754
-0.139435
-0.169891
-0.0186005
-0.341766
-0.701309
-0.331451
0.0165405
0.0567017
-0.244888
0.0059967
-0.0655212
-0.0198669
-0.0108643
0.0258636
0.020813
0.0191498
0.0515442
0.0279236
0.0286255
0.0101166
-0.019577
0.024704
0.00749207
-0.00256348
-0.0256348
-0.0287323
-0.0296326
-0.03508
-0.0194244
-0.0243225
-0.0973206
-0.11879
-0.145355
-0.160416
-0.2108
-0.246765
-0.29689
-0.31694
-0.470566
-0.67543
-0.946991
-0.886948
-0.838165

[4]
-0.692841
-0.48912
-0.338623
0.433899
0.255508
0.383942
0.543732
0.577133
0.618469
0.603592
0.558975
0.527649
0.459457
0.269104
0.00212097
-0.195053
-0.3974
-0.607971
-0.771927
-0.827499
-0.909973
-0.977982
-0.854996
-0.646255
-0.429626
-0.392578
-0.272202
-0.245926
-0.14386
-0.303619
-0.681778
-0.34227
-0.0401459
-0.15033
0.0240326
-0.0239563
0.0202637
-0.0646362
-0.0546875
0.0251465
0.0391998
0.000778198
-0.0347137
-0.00370789
0.0219879
0.0155792
0.00804138
-0.00997925
-0.013504
-0.00605774

[5]
-0.015274
-0.0278931
-0.0467377
-0.0796967
-0.0787354
-0.0999603
-0.109711
-0.127579
-0.217697
-0.212952
-0.206146
-0.236572
-0.345764
-0.626495
-0.861771
-0.976685
-0.86293
-0.689758
-0.520264
-0.246552
0.572556
0.153366
0.48085
0.562256
0.618164
0.607742
0.551437
0.501144
0.485458
0.395355
0.118927
-0.0513916
-0.249069
-0.462875
-0.56041
-0.653778
-0.67894
-0.694
-0.682083
-0.571365
-0.432556
-0.302475
-0.281738
-0.433395
-0.1689
-0.0693207
-0.0434418
-0.397858
-0.725616
-0.18396

[6]
-0.0196686
-0.122375
-0.0847168
-0.0584106
0.0103912
-0.0740356
-0.0677185
0.0743713
-0.00285339
-0.0125427
0.0022583
-0.0133057
0.00840759
0.0111389
-0.0177765
-0.0259094
-0.0197449
-0.0329132
-0.0279541
-0.0171204
-0.0270233
-0.0652924
-0.0669708
-0.0942078
-0.130478
-0.139191
-0.159134
-0.184982
-0.207169
-0.242401
-0.25589
-0.36882
-0.551834
-0.711685
-0.885574
-0.691147
-0.726685
-0.479889
-0.461334
0.0704041
0.387527
0.00440979
0.514999
0.477539
0.560196
0.594833
0.580811
0.543182
0.483887
0.338959

[7]
0.128281
-0.0700531
-0.272003
-0.47937
-0.60701
-0.751266
-0.794266
-0.770203
-0.812622
-0.676117
-0.4319
-0.398148
-0.35025
-0.53746
-0.210861
-0.633072
-0.38385
-0.129837
-0.067215
-0.0328217
-0.0199432
0.0140533
-0.019516
-0.055069
0.0326996
0.00730896
0.01828
0.0166321
-0.0280762
-0.0216827
0.03479
0.00482178
0.00334167
-0.00912476
0.013855
-0.004776
-0.0116882
-0.0362854
-0.027832
-0.0773621
-0.0771637
-0.0743713
-0.114502
-0.165237
-0.17099
-0.181213
-0.199844
-0.362793
-0.536621
-0.726944

[8]
-0.967163
-0.827118
-0.95134
-0.670975
-0.4198
-0.117706
0.602219
0.138672
0.571625
0.598511
0.662598
0.708328
0.683624
0.616547
0.531845
0.447922
0.299072
0.0574646
-0.116104
-0.326965
-0.507416
-0.666931
-0.8367
-0.870132
-0.867844
-0.701035
-0.450836
-0.41629
-0.266922
-0.417313
-0.0428467
-0.0943909
-0.242645
-0.583008
-0.384262
-0.0547485
-0.149719
0.0107574
0.034668
0.0102386
-0.0466156
-0.0157166
0.0294342
0.00862122
0.00263977
0.00758362
0.0266113
0.0479584
0.0119019
-0.000198364

[9]
-0.0075531
0.0102692
0.00038147
-0.0337677
-0.0163727
-0.00398254
-0.0166779
-0.0540009
-0.086441
-0.100342
-0.126709
-0.147232
-0.186935
-0.188782
-0.186615
-0.247116
-0.390839
-0.552032
-0.70253
-0.948715
-0.69809
-0.750656
-0.376358
-0.34639
-0.025116
0.582474
0.159958
0.602081
0.547607
0.622665
0.62767
0.608932
0.565247
0.522263
0.362823
0.147797
-0.0386505
-0.325897
-0.507553
-0.59346
-0.634735
-0.612045
-0.570511
-0.446671
-0.46286
-0.452286
-0.380539
-0.317261
-0.370438
-0.195786

[10]
-0.192978
0.0492706
-0.143784
-0.589081
-0.429901
-0.0116119
-0.00987244
-0.073288
0.00276184
0.0344543
0.00120544
-0.0537567
-0.0269012
0.0459747
-0.00105286
0.00645447
-0.0257263
-0.00762939
-0.00283813
0.0310822
0.0169373
0.00799561
-0.0214539
-0.0240631
-0.00390625
-0.033432
-0.0321655
-0.0545044
-0.0734558
-0.10025
-0.100159
-0.108734
-0.155563
-0.229935
-0.213028
-0.255859
-0.312347
-0.438889
-0.601532
-0.827621
-0.83107
-0.553482
-0.549286
-0.355988
-0.321793
0.293228
0.164795
0.441788
0.504745
0.592148

[11]
0.616699
0.575378
0.538742
0.46933
0.364624
0.203049
0.0322876
-0.175964
-0.438599
-0.625076
-0.739365
-0.741196
-0.744629
-0.766586
-0.671677
-0.485138
-0.29718
-0.25412
-0.217407
-0.321182
-0.164948
-0.04776
-0.229843
-0.537949
-0.413025
-0.0630493
0.0271606
-0.0549316
0.0814362
0.00447083
-0.0980072
-0.0462646
0.0222015
0.00276184
-9.15527e-05
-0.0141602
0.0144348
0.028717
0.026123
-0.00349426
0.0109863
-0.000915527
-0.00517273
-0.00946045
-0.0201416
-0.036087
-0.0668793
-0.0587006
-0.0658722
-0.0861511

[12]
-0.0822906
-0.112747
-0.173218
-0.171783
-0.190338
-0.228958
-0.258972
-0.388885
-0.558929
-0.788361
-0.892578
-0.621078
-0.542847
-0.456299
-0.306274
0.278992
0.191727
0.495834
0.550247
0.581238
0.620102
0.608887
0.57724
0.53511
0.382477
0.235535
0.0568085
-0.243607
-0.438629
-0.555954
-0.678848
-0.670807
-0.586487
-0.562881
-0.521698
-0.402573
-0.241241
-0.196075
-0.224396
-0.143173
-0.200302
-0.198883
-0.075882
-0.71933
-0.35022
-0.0363159
-0.212082
0.00762939
0.00300598
-0.00241089

[13]
-0.0240784
-0.0575562
0.00537109
0.00422668
0.000747681
-0.0220184
-0.0289764
0.00038147
-0.00494385
-0.0322723
-0.0193634
-0.025528
-0.0371094
-0.0749207
-0.0344696
-0.0454102
-0.0609589
-0.112747
-0.134933
-0.116028
-0.138931
-0.158997
-0.206207
-0.218842
-0.249008
-0.314743
-0.438461
-0.690094
-1
-0.988037
-0.613922
-0.471893
-0.592026
-0.0383148
0.366196
0.185684
0.497131
0.481079
0.558075
0.537231
0.510986
0.480179
0.34494
0.141418
0.0163116
-0.139267
-0.335098
-0.410248
-0.445099
-0.505432

[14]
-0.562439
-0.556213
-0.559448
-0.503937
-0.377045
-0.261703
-0.202942
-0.287613
-0.176498
-0.18248
-0.121689
-0.755585
-0.643539
-0.0760803
0.00296021
-0.322662
0.00753784
0.0887604
-0.0331573
-0.0238953
0.0219421
-0.00184631
0.0212402
0.00918579
-0.028595
-0.00115967
-0.00567627
-0.0163879
-0.000976562
-0.05336
-0.0541229
-0.0439453
-0.0556641
-0.0753174
-0.0914764
-0.128738
-0.113144
-0.0979156
-0.103882
-0.141006
-0.182999
-0.192764
-0.222687
-0.27916
-0.393784
-0.596069
-0.931091
-1.02586
-0.833389
-0.680313

[15]
-0.583984
-0.165894
0.555023
0.19101
0.508453
0.559555
0.558945
0.636902
0.605408
0.487839
0.483887
0.264114
0.053833
-0.188477
-0.425415
-0.529404
-0.625031
-0.565033
-0.520905
-0.518707
-0.492126
-0.436707
-0.371597
-0.282822
-0.286407
-0.287308
-0.182693
-0.184967
-0.0814209
-0.306396
-0.795319
-0.20929
-0.0602722
-0.0948944
-0.113144
-0.0316162
0.022049
-0.03125
-0.0236511
0.0426941
0.0275879
0.0318604
-0.010376
-0.0251923
-0.0128174
0.000701904
-0.0445709
-0.0493622
-0.051712
-0.0531769

[16]
-0.0385742
-0.0564423
-0.0580444
-0.077301
-0.126617
-0.132385
-0.146698
-0.158463
-0.18306
-0.228241
-0.265961
-0.368362
-0.563965
-0.856812
-1.10519
-0.62468
-0.644943
-0.516647
-0.349197
0.357864
0.112564
0.383789
0.582565
0.613235
0.637573
0.61615
0.574127
0.53447
0.455399
0.262253
-0.0389252
-0.126801
-0.302032
-0.468475
-0.507629
-0.589371
-0.651123
-0.818085
-0.757538
-0.579742
-0.476242
-0.427399
-0.371719
-0.163284
-0.081192
-0.0516205
-0.143646
-0.598846
-0.412292
0.0516968

[17]
-0.291443
-0.0630493
0.0814972
0.0466919
-0.0438232
-0.0197906
0.0228882
0.0387421
0.0274658
-0.0469513
-0.0500336
-0.0204163
-0.0236816
-0.0334778
-0.02211
-0.0159149
-0.0330963
-0.0286865
-0.0408936
-0.0428162
-0.0826111
-0.0860291
-0.0905914
-0.118042
-0.138733
-0.177505
-0.190445
-0.196472
-0.25061
-0.355209
-0.51059
-0.742233
-0.838425
-0.766266
-0.712708
-0.472641
-0.283234
0.186417
0.30925
0.376968
0.490952
0.546738
0.592545
0.592178
0.56424
0.571838
0.435196
0.203644
0.0164948
-0.287231

[18]
-0.430954
-0.50592
-0.484512
-0.461533
-0.535156
-0.557098
-0.523087
-0.393433
-0.252991
-0.185806
-0.127945
-0.12735
-0.150848
-0.242462
-0.151993
-0.391541
-0.578781
-0.230896
0.0231171
-0.0172882
0.0225067
0.0205078
0.0257416
-0.0121918
-0.0188751
0.0176544
0.00105286
-0.0183868
-0.0624695
-0.0456543
0.00233459
0.0247955
0.0090332
-0.00346375
0.00704956
-0.00976562
-0.0136719
-0.0415649
-0.0599823
-0.0468445
-0.0704498
-0.101929
-0.134766
-0.121796
-0.137619
-0.130432
-0.150558
-0.186218
-0.223389
-0.317139

[19]
-0.467728
-0.648499
-0.787491
-0.773285
-0.814697
-0.556442
-0.443756
-0.119705
0.49675
0.0820465
0.542175
0.514343
0.612518
0.6259
0.614868
0.593216
0.525162
0.372086
0.125122
-0.0686646
-0.359528
-0.556763
-0.650391
-0.73555
-0.664551
-0.656494
-0.592865
-0.464203
-0.345871
-0.234146
-0.343994
-0.130936
-0.185516
-0.0538483
-0.57135
-0.573349
-0.189621
-0.166824
0.0338898
-0.0341644
0.130798
-0.00315857
-0.0564728
-0.0163269
-0.00616455
0.0010376
-0.0317078
-0.0152588
0.0059967
-0.0180206

[20]
-0.0279541
0.00117493
-0.00605774
-0.00804138
-0.00479126
-0.0366516
-0.0367126
-0.0582123
-0.0800629
-0.0960846
-0.098938
-0.117767
-0.127045
-0.146317
-0.169464
-0.193039
-0.219345
-0.275894
-0.443527
-0.753906
-0.807312
-0.858215
-0.832016
-0.638626
-0.451584
-0.00393677
0.220245
0.252731
0.435638
0.460342
0.534439
0.548721
0.555389
0.561691
0.444168
0.274063
0.143738
-0.113617
-0.378952
-0.584183
-0.742294
-0.803543
-0.798904
-0.771088
-0.583221
-0.436539
-0.310059
-0.341415
-0.260132
-0.241241

[21]
-0.040863
-0.0419159
-0.627914
-0.513687
-0.0622101
-0.133179
-0.096344
0.0279846
-0.00764465
0.0112762
-0.0429535
0.0177155
0.0497437
0.0415802
0.0101929
0.0167236
0.0536804
0.00732422
-0.0445099
-0.0215454
-0.0309906
-0.015152
-0.016983
-0.0286407
-0.0441589
-0.044693
-0.0562134
-0.0778046
-0.118973
-0.0798645
-0.140747
-0.172653
-0.190536
-0.235916
-0.29068
-0.427216
-0.674698
-0.791153
-0.82515
-0.675797
-0.734619
-0.39917
-0.179749
0.216537
0.390335
0.365677
0.543427
0.52153
0.568954
0.561584

[22]
0.539429
0.360947
0.171478
0.0114136
-0.175674
-0.316345
-0.300049
-0.346115
-0.402695
-0.462326
-0.457245
-0.488358
-0.408524
-0.349945
-0.285034
-0.254135
-0.30452
-0.486923
-0.334381
0.00808716
-0.434967
-0.742371
-0.413696
0.00614929
0.112518
-0.158539
0.0971222
0.00325012
-0.0360107
0.00486755
0.0106812
-0.00759888
-0.0022583
-0.00946045
0.0101929
-0.0144958
-0.00364685
0.00860596
-0.0212402
-0.0102844
-0.0151672
-0.0271301
-0.0228271
-0.0430603
-0.0482788
-0.0712738
-0.111389
-0.110107
-0.119308
-0.214569

[23]
-0.204834
-0.225754
-0.285675
-0.386932
-0.534561
-0.759094
-0.819427
-0.696198
-0.593521
-0.402161
-0.26413
0.0270538
0.603073
0.202621
0.607635
0.482239
0.552216
0.541824
0.511475
0.476868
0.34935
0.203171
0.013443
-0.167145
-0.293777
-0.364227
-0.419632
-0.501572
-0.546844
-0.553009
-0.521103
-0.437622
-0.30806
-0.22818
-0.219254
-0.28186
-0.248398
-0.247192
-0.238464
-0.0561981
-0.567505
-0.23201
-0.0164337
0.0142975
0.0627289
-0.0774841
-0.00222778
-0.0970612
-0.108582
-0.0319366

[24]
-0.0191803
-0.00592041
-0.0222626
-0.0117493
0.017868
0.0238342
-0.00930786
-0.00872803
-0.0107269
-0.0404663
-0.0415497
-0.0465393
-0.0477753
-0.0609436
-0.0847931
-0.107117
-0.111755
-0.149002
-0.165329
-0.227753
-0.19072
-0.24675
-0.293015
-0.421494
-0.684937
-0.829346
-0.870483
-0.765945
-0.603714
-0.408005
-0.183823
0.317047
0.238937
0.299988
0.54686
0.528107
0.637604
0.609955
0.566772
0.559631
0.406677
0.169922
-0.0533142
-0.279419
-0.434326
-0.537415
-0.580475
-0.625687
-0.62236
-0.626053

[25]
-0.605133
-0.452774
-0.261719
-0.356583
-0.151001
-0.197037
-0.260452
-0.452271
-0.589035
-0.18663
-0.159546
0.112
0.0141602
0.0376892
0.0185699
-0.0701294
-0.0547485
-0.0158081
-0.00259399
-0.0189819
-0.0250854
-0.0268555
-0.0153046
-0.0102997
0.0104828
-0.0296173
-0.027298
-0.0656433
-0.0558472
-0.0549011
-0.0495148
-0.0973663
-0.118896
-0.105118
-0.111252
-0.185104
-0.152618
-0.228287
-0.235504
-0.348465
-0.477966
-0.655777
-0.964767
-1.09409
-0.757645
-0.811401
-0.371033
-0.22319
0.491684
0.042511

[26]
0.599014
0.623779
0.66658
0.650955
0.579239
0.565475
0.497101
0.286514
0.118774
-0.0906525
-0.403809
-0.531494
-0.659042
-0.738297
-0.785309
-0.794754
-0.755417
-0.535873
-0.447617
-0.333466
-0.25293
-0.188126
-0.20607
-0.0397339
-0.591156
-0.340042
-0.101669
-0.222168
0.0285797
0.0336456
0.0996246
-0.0122833
-0.043396
-0.0190277
0.0335846
0.0185394
0.0269928
-0.039444
-0.0257568
0.0150299
0.00144958
-0.00358582
-0.0327301
-0.0399017
-0.0466309
-0.0543365
-0.0497131
-0.0653992
-0.0827484
-0.0980682

[27]
-0.109238
-0.113251
-0.133453
-0.166229
-0.204056
-0.245972
-0.288071
-0.428741
-0.706421
-0.887466
-0.922714
-0.604019
-0.709381
-0.383728
-0.282959
0.379623
0.149368
0.487381
0.518158
0.593857
0.625381
0.605072
0.604599
0.5513
0.417435
0.224182
0.00192261
-0.30896
-0.482193
-0.551346
-0.671997
-0.675537
-0.668457
-0.676025
-0.655502
-0.487106
-0.295532
-0.201889
-0.18338
-0.0917053
-0.23259
-0.289703
-0.587036
-0.243423
-0.118301
-0.0365143
0.0435791
-0.0214081
0.0110779
-0.021698

[28]
-0.0500183
-0.0258942
0.0015564
-0.0135956
-0.0392914
-0.0253601
0.00205994
-0.0126495
-0.0181122
-0.0167847
-0.00993347
-0.0415192
-0.0564728
-0.0517578
-0.0473175
-0.0553741
-0.0713348
-0.11203
-0.164917
-0.117416
-0.141602
-0.176163
-0.2043
-0.237045
-0.255524
-0.345856
-0.596786
-0.821716
-0.932953
-0.880035
-0.701767
-0.539337
-0.213043
0.551071
0.179947
0.560669
0.541107
0.601074
0.600861
0.571732
0.477539
0.450241
0.329041
0.0843658
-0.115494
-0.303253
-0.523254
-0.610474
-0.665878
-0.613113

[29]
-0.625137
-0.581863
-0.455917
-0.291473
-0.238785
-0.232651
-0.211136
-0.172867
-0.191055
0.0527649
-0.117386
-0.686508
-0.25528
-0.0839233
-0.0982361
0.0264893
-0.0670471
-0.0183563
-0.0445862
-0.00668335
0.0328979
0.0473785
0.0326385
0.0142059
-0.0109253
0.0233154
-0.00657654
-0.0213928
-0.0204773
-0.0201263
-0.0357208
-0.0273285
-0.051651
-0.0708008
-0.060257
-0.115601
-0.0877228
-0.163528
-0.141357
-0.233582
-0.2332
-0.323639
-0.387589
-0.527481
-0.772812
-0.991898
-0.743057
-0.778793
-0.479858
-0.374649

[30]
-0.0535889
0.532471
0.226288
0.65712
0.606033
0.660217
0.65506
0.601608
0.614029
0.474121
0.261459
0.0649719
-0.198746
-0.442749
-0.582703
-0.726624
-0.772766
-0.774216
-0.747131
-0.608765
-0.480225
-0.39122
-0.386414
-0.252411
-0.179871
-0.217545
-0.159729
-0.527023
-0.542023
-0.176941
-0.240326
0.0140381
-0.0111389
0.0532227
0.00564575
-0.00352478
0.00579834
-0.00735474
0.0204926
0.0239105
-0.00105286
0.0255432
0.0260315
0.0101013
-0.0158844
-0.0449829
-0.0419312
-0.0098114
-0.0193481
-0.0411682

[31]
-0.0635834
-0.0779572
-0.0923767
-0.112442
-0.148621
-0.170273
-0.172333
-0.241699
-0.265396
-0.373993
-0.598465
-0.870621
-1.08218
-0.969971
-0.83139
-0.534637
-0.308197
0.530487
0.230927
0.559357
0.599747
0.614334
0.655441
0.614914
0.57608
0.471542
0.263535
0.0717773
-0.160461
-0.395782
-0.548965
-0.613251
-0.566635
-0.575592
-0.625229
-0.582901
-0.424911
-0.356689
-0.329407
-0.248428
-0.454117
-0.0626678
-0.246964
-0.163269
-0.588562
-0.532135
-0.212006
-0.0861969
0.0118713
-0.0439758

[32]
0.0661774
-0.117645
-0.023819
-0.0308685
-0.00253296
0.00656128
-0.0223389
-0.0193634
-0.00396729
-0.023407
-0.0236816
-0.0326996
-0.0216522
-0.0499878
-0.0516052
-0.0513306
-0.0955963
-0.110382
-0.115326
-0.130676
-0.133286
-0.152237
-0.200195
-0.227921
-0.278671
-0.353455
-0.554306
-0.765472
-0.975418
-0.946899
-0.836395
-0.566925
-0.40181
0.0773315
0.421722
0.267319
0.621826
0.565002
0.634552
0.599564
0.568634
0.54071
0.379761
0.172073
-0.0834503
-0.353485
-0.516266
-0.573196
-0.547287
-0.550644

[33]
-0.5392
-0.526825
-0.51564
-0.437393
-0.378464
-0.351883
-0.289093
-0.24588
-0.253433
-0.0923615
-0.195877
-0.692032
-0.212708
-0.0522308
-0.125214
-0.0782928
0.0453949
0.000869751
-0.0483093
0.0153351
0.00564575
0.0327759
0.0183411
-0.0177155
0.0135193
0.0114441
0.00921631
-0.0257263
-0.00401306
-0.0154419
-0.0371857
-0.0179901
-0.0246429
-0.0626678
-0.0908356
-0.126572
-0.137344
-0.16832
-0.170898
-0.197037
-0.21402
-0.274796
-0.385452
-0.564713
-0.829666
-0.90181
-0.623856
-0.805878
-0.494949
-0.3517

[34]
-0.0233307
0.574326
0.109406
0.531296
0.505844
0.604568
0.615067
0.575806
0.562714
0.488678
0.326996
0.115463
-0.108658
-0.384537
-0.549667
-0.663177
-0.686401
-0.622253
-0.563385
-0.553848
-0.50618
-0.418671
-0.349533
-0.373978
-0.344269
-0.268127
-0.043396
-0.556564
-0.466202
-0.0795746
-0.0193024
-0.00184631
-0.0732574
-0.112228
-0.0413666
-0.0315552
0.0466919
0.0381775
0.0233459
-0.0121002
-0.0207062
-0.00926208
-0.0248566
-0.038208
-0.0404663
-0.0467987
-0.0578308
-0.057785
-0.0635529
-0.0513306

[35]
-0.0621338
-0.0732574
-0.121399
-0.117996
-0.153366
-0.184906
-0.212524
-0.25737
-0.336319
-0.429993
-0.628082
-0.89209
-1.09088
-0.67157
-0.828308
-0.501755
-0.160278
0.505493
0.0945282
0.555069
0.594482
0.675705
0.648575
0.603058
0.584595
0.487793
0.30928
0.131149
-0.120728
-0.396194
-0.514679
-0.634918
-0.61351
-0.608414
-0.554779
-0.484299
-0.430191
-0.337646
-0.303925
-0.245636
-0.209915
-0.235184
-0.245911
-0.157578
-0.0440063
-0.399292
-0.817612
-0.176651
-0.0164185
-0.32576

