[1]
-0.608704
0.0199738
0.0181885
0.198532
0.545883
0.764816
0.443481
0.600174
0.0277863
0.0457611
-0.123001
-0.0147095
0.578537
0.734344
0.484451
0.394592
0.313492
0.215958
0.224152
0.0920868
-0.0709991
-0.319244
-0.416672
-0.627121
-0.720718
-0.703278
-0.703339
-0.745468
-0.733765
-0.715576
-0.771072
-0.908447
-1.00053
-1.05794
-1.03119
-0.72464
-0.626816
0.979736
1.02527
-0.263794
-0.146545
-0.108368
-0.227615
-0.377441
-0.145401
-0.110397
-0.026001
0.0927429
0.170609
0.0650177

[2]
0.102524
0.205978
0.0647125
0.157806
0.0843964
0.146866
0.154221
0.042099
0.0122223
0.145386
0.131165
0.0145721
0.0237274
0.0908813
0.0964966
0.0730743
0.10968
0.122055
0.128693
0.123718
0.132736
0.124481
0.121231
0.166672
0.254654
0.226608
0.451569
0.778748
0.860092
0.511505
0.518677
0.119125
0.176544
-0.00874329
0.15152
0.679993
0.849503
0.561081
0.479416
0.425171
0.407928
0.431793
0.334076
0.154617
-0.00270081
-0.129974
-0.434677
-0.569641
-0.724167
-0.89296

[3]
-0.926926
-0.931427
-0.936722
-1.05765
-1.0618
-1.08986
-1.22691
-1.13907
-0.802582
1.71765
0.438263
-0.251816
0.145157
-0.177856
-0.160553
-0.186691
0.0180664
0.0264893
0.182312
0.228394
0.248245
0.0937347
0.136505
0.271164
0.241455
0.164322
0.103622
0.134689
0.240021
0.223907
0.177658
0.164322
0.154358
0.184235
0.201431
0.182159
0.0913239
0.0399475
0.0901031
0.150726
0.1539
0.214996
0.195786
0.206223
0.201385
0.25264
0.270203
0.628662
1.17099
0.927719

[4]
0.581772
0.440521
0.362442
0.303894
0.095108
0.0807953
0.759216
0.825317
0.603485
0.547623
0.502228
0.411926
0.426208
0.403259
0.215546
0.0808105
-0.0521545
-0.162491
-0.413177
-0.592804
-0.854721
-1.25601
-1.51968
-1.60007
-1.49394
-1.48502
-1.53365
-1.35292
1.03676
0.735901
-0.733765
-0.295868
-0.31926
-0.511765
-0.0305023
-0.0756989
0.00314331
-0.0339966
-0.00683594
0.0605316
0.085495
0.0824738
0.108475
0.0593719
0.0780945
0.00947571
0.0574951
0.0175934
0.0303345
0.0133972

[5]
0.00694275
0.0383301
0.0394287
0.0585938
0.0621033
0.0944214
0.0614166
0.0892487
0.0687866
0.131973
0.157272
0.114929
0.136337
0.169083
0.498459
1.07797
0.834183
0.488724
0.414963
0.210602
0.169159
0.198868
0.4328
0.936462
0.771683
0.469208
0.31282
0.2686
0.291245
0.2892
0.238983
0.0376129
-0.20665
-0.459915
-0.594604
-0.740051
-0.935928
-1.14366
-1.17395
-1.10422
-0.954391
-1.09969
-1.30774
-1.06395
-0.85173
0.0204163
1.58015
0.219284
-0.377533
0.0900116

[6]
-0.321548
-0.326813
0.0313721
-0.00624084
0.0576324
0.13739
0.149216
0.202164
0.0293427
0.243332
0.228149
0.177856
0.158554
0.193848
0.181808
0.153641
0.131744
0.161743
0.143082
0.119141
0.121887
0.121552
0.146729
0.150116
0.117065
0.189255
0.150574
0.211853
0.100449
0.129562
0.155823
0.20578
0.256882
0.479568
0.765884
1.09473
0.605728
0.3405
0.328094
0.285278
-0.0239105
0.250748
0.583206
0.825592
0.575058
0.460754
0.389511
0.3815
0.376831
0.306152

[7]
0.147278
0.0403595
-0.000366211
-0.227585
-0.432556
-0.755173
-0.91655
-1.17131
-1.38667
-1.49342
-1.49789
-1.55215
-1.60548
-1.08446
1.70158
-0.839691
-0.381424
-0.176697
-0.327988
-0.249146
-0.0902863
0.0214539
0.0118866
0.0612793
0.0969543
0.0568085
0.151718
0.187103
0.0938873
0.0570984
0.0745544
0.0722504
0.0775146
0.0739899
0.0908356
0.0721436
0.0068512
0.0394592
0.0476074
0.0897675
0.0960083
0.0878754
0.0935211
0.12851
0.0951843
0.108582
0.0839691
0.108582
0.263763
0.401489

[8]
0.690948
1.0038
0.7733
0.643326
0.258682
0.164322
0.0358429
0.0690613
0.434692
0.75322
0.533218
0.401077
0.369308
0.337967
0.286804
0.180603
0.12059
-0.0237885
-0.105453
-0.265686
-0.475235
-0.686951
-0.924271
-1.03174
-1.08385
-1.25163
-1.36656
-1.54071
-1.11455
-0.617386
-0.513596
1.24774
0.667252
-0.454132
-0.219482
-0.241058
-0.394043
-0.176163
0.145248
0.110123
-0.015564
0.0974884
0.0881042
0.134689
0.220337
0.148209
0.167694
0.128311
0.0955658
0.0377045

[9]
0.0676117
0.114395
0.0912628
0.0452576
0.0643768
0.0759583
0.0975952
0.0216827
0.104065
0.106293
0.102707
0.0857239
0.137253
0.138168
0.160263
0.0988922
0.12059
0.228851
0.442108
0.660217
0.931778
0.835922
0.377075
0.148285
0.170715
0.0957947
0.135651
0.47345
0.72641
0.53801
0.454834
0.359344
0.343201
0.334259
0.315979
0.0842743
0.0420532
-0.0917816
-0.473022
-0.588852
-0.691086
-0.858841
-0.922623
-0.799225
-0.810104
-0.798019
-0.895309
-1.18616
-1.26572
-1.15784

[10]
-0.628387
1.24547
0.88884
-0.503632
0.110107
-0.217682
-0.256836
-0.0934753
-0.0106049
0.0362701
0.0592041
0.0878601
0.163055
0.206619
0.118774
0.113235
0.139145
0.122116
0.0833893
0.0667725
0.070755
0.14888
0.124954
0.142624
0.0929413
0.109924
0.115997
0.108627
0.0940704
0.121292
0.109924
0.108215
0.128036
0.177689
0.151245
0.104294
0.130264
0.200195
0.301163
0.4655
0.809082
0.986282
0.583099
0.276733
-0.0349884
0.209259
0.162811
0.442596
0.807983
0.679565

[11]
0.516022
0.463928
0.451691
0.463577
0.35257
0.276398
0.204941
0.0904083
-0.163101
-0.382324
-0.582031
-0.828445
-1.10011
-1.37843
-1.4373
-1.3241
-1.09956
-1.0761
-1.13968
-0.856445
-0.432495
1.44818
0.651077
-0.671753
-0.0304413
-0.0910492
-0.119598
-0.297806
0.0945129
-0.0214996
-0.0377502
0.0974884
0.0726318
0.0378113
0.0661469
0.104019
0.107544
0.0782623
0.0289459
0.0547638
0.102386
0.0852356
0.0753479
0.0454865
0.0562286
0.127777
0.10434
0.0796814
0.0936584
0.0492249

[12]
0.0686951
0.0679626
0.137329
0.121658
0.0952759
0.0721436
0.128036
0.185577
0.281525
0.624893
0.896851
0.839554
0.36795
0.159561
0.110443
0.316742
0.158783
0.518967
0.813065
0.624451
0.476913
0.4431
0.400314
0.373123
0.325317
0.165512
0.0209351
-0.103882
-0.249359
-0.608261
-0.61763
-0.726761
-0.803619
-0.848129
-0.884689
-1.07469
-0.942322
-0.888626
-0.909882
-1.11589
-0.908844
-0.668961
1.85994
-0.821182
0.125717
-0.092453
-0.326996
-0.129272
0.0958862
0.0676422

[13]
0.150635
0.227783
0.177185
0.15509
0.283646
0.175156
0.140274
0.128082
0.17308
0.126724
0.156158
0.13681
0.158264
0.134735
0.125381
0.150467
0.137466
0.14827
0.187866
0.152847
0.137451
0.166214
0.153748
0.194153
0.197662
0.245697
0.276077
0.207275
0.42482
1.43198
0.916367
0.45726
0.24469
0.0981445
0.120636
0.407349
0.772736
0.820282
0.581131
0.489044
0.501892
0.528183
0.45871
0.266968
0.107239
-0.0625458
-0.320938
-0.521957
-0.597855
-0.746277

[14]
-0.796097
-0.860565
-0.976151
-0.956589
-0.725159
-0.832367
-1.09055
-0.953445
-1.24641
-0.946442
1.88979
-0.680618
0.0187073
0.0507507
-0.0367737
-0.274933
-0.0325623
0.109299
0.159378
0.292969
0.290131
0.27063
0.293777
0.249496
0.226654
0.178986
0.199265
0.277603
0.180969
0.213211
0.154816
0.123108
0.162262
0.189774
0.162323
0.224487
0.207687
0.167938
0.207733
0.1521
0.200317
0.287766
0.279709
0.276749
0.25322
0.391205
0.778839
1.06812
0.928329
0.41069

[15]
0.454132
0.549561
0.290497
0.0349274
0.25145
0.638779
0.762115
0.52655
0.418243
0.475937
0.553024
0.335464
0.321121
-0.0647583
-0.334656
-0.504501
-0.688492
-0.796646
-0.84407
-0.864853
-0.831223
-0.586624
-0.572891
-0.845535
-1.16022
-0.850601
-0.88591
-0.74411
0.788284
1.21704
-0.762436
-0.0283508
-0.356842
-0.267975
-0.136429
0.0631409
0.167725
0.182739
0.178177
0.346375
0.228271
0.16214
0.254547
0.131638
0.102982
0.142426
0.199341
0.1642
0.184189
0.123444

[16]
0.103882
0.12999
0.132538
0.152588
0.177032
0.189117
0.167709
0.179352
0.200348
0.244736
0.247391
0.211227
0.244736
0.295837
0.897934
1.46877
0.630051
0.411316
0.115234
0.181122
0.0713654
0.37825
0.82547
0.799255
0.558945
0.441895
0.353485
0.301849
0.282898
0.193863
0.0187225
0.0649567
-0.0752258
-0.354919
-0.478195
-0.53006
-0.614883
-0.959503
-1.0643
-0.900269
-0.947693
-1.55147
-0.915466
-1.01202
-0.947205
1.03265
1.03412
-0.619461
-0.0627136
-0.101761

[17]
-0.481461
-0.0423431
0.148636
0.0870209
0.0782928
0.136826
0.208847
0.182343
0.199539
0.137573
0.0787048
0.132935
0.112595
0.12648
0.164703
0.135437
0.128113
0.0937042
0.0849762
0.100159
0.0951996
0.0820007
0.0967255
0.0997925
0.180283
0.127426
0.157654
0.234833
0.214645
0.173141
0.338013
0.365387
0.683929
0.919418
0.447311
0.61412
0.135406
0.0824585
0.177917
0.314178
0.834229
0.713577
0.43866
0.36731
0.322815
0.39595
0.30484
0.103439
0.125076
-0.268173

[18]
-0.42868
-0.552246
-0.741379
-0.766907
-0.71698
-0.701447
-0.702515
-0.777512
-0.947937
-0.644302
-0.65918
-0.894302
-0.97403
-1.08484
1.89894
0.281586
-0.286972
0.0236664
-0.153061
0.0125732
-0.134628
0.0411224
0.0814514
0.211761
0.356873
0.193497
0.176544
0.198364
0.0729218
0.0818329
0.136719
0.155289
0.134872
0.104874
0.128479
0.17012
0.160477
0.108871
0.0958252
0.160751
0.166489
0.122498
0.11145
0.172318
0.161621
0.142212
0.17128
0.214005
0.189606
0.264832

[19]
0.244736
0.259323
0.709229
0.994415
0.522705
0.465561
0.301895
0.165939
0.10408
0.278915
0.506531
0.824295
0.608658
0.444168
0.447006
0.46254
0.437088
0.419846
0.25946
0.0834198
-0.177017
-0.491821
-0.625015
-0.800095
-0.931381
-1.05658
-1.10152
-1.06004
-0.919861
-1.09351
-1.05553
-1.062
-0.834152
1.59224
-0.129807
-0.210846
0.0160522
-0.441803
0.0791779
0.0829773
0.207108
0.157547
0.123993
0.159882
0.279053
0.243118
0.121765
0.155579
0.173706
0.122437

[20]
0.101898
0.122055
0.168655
0.194641
0.157074
0.111481
0.114395
0.167862
0.157074
0.161346
0.149506
0.155746
0.150284
0.133331
0.143906
0.202866
0.210266
0.284195
0.393051
0.438217
0.640457
0.863129
0.59346
0.428696
0.282043
0.132248
0.140411
0.655777
0.768555
0.698944
0.532593
0.497986
0.483231
0.440155
0.351822
0.185562
0.160797
0.079071
-0.179108
-0.351669
-0.593369
-0.943375
-1.21381
-1.35703
-1.28149
-1.13148
-1.20609
-1.35768
-1.25874
-0.996689

[21]
0.135239
1.81631
-0.564362
-0.0030365
0.0943146
-0.522324
-0.241776
0.092392
-0.0566864
0.175476
0.20517
0.254684
0.253616
0.213776
0.249832
0.205124
0.147232
0.10405
0.118301
0.178802
0.136108
0.134079
0.159271
0.118439
0.140091
0.130249
0.128342
0.155731
0.113739
0.128311
0.149857
0.129349
0.179596
0.197601
0.183762
0.246658
0.268906
0.575378
0.881027
0.893555
0.596573
0.691101
0.0883789
0.0458069
0.205917
0.416748
0.872192
0.755219
0.503876
0.50174

[22]
0.41806
0.360443
0.277786
-0.19754
-0.119217
-0.243195
-0.597229
-0.385971
-0.644012
-0.588745
-0.653366
-1.13342
-1.04884
-0.838608
-0.836823
-1.10928
-1.48962
-1.19006
-0.943192
1.81308
0.351639
-0.436234
-0.0522614
-0.280853
-0.195541
-0.172104
0.0400238
0.0385132
0.16713
0.179825
0.140671
0.0714264
0.179321
0.261719
0.153397
0.0858307
0.0791626
0.128754
0.148254
0.0699921
0.0757751
0.0972748
0.114349
0.101089
0.124161
0.128494
0.135117
0.116272
0.129974
0.163681

[23]
0.199203
0.198868
0.156418
0.228821
0.287628
0.372375
0.741364
0.961838
0.635406
0.434433
-0.0288696
-0.0117645
0.205719
0.249756
0.752945
0.842926
0.508636
0.464722
0.363678
0.258163
0.302444
0.174149
0.0359344
-0.00845337
-0.210999
-0.43985
-0.500977
-0.552368
-0.609146
-0.758774
-0.892105
-0.876022
-0.727493
-0.65155
-0.701355
-0.987701
-1.11444
-0.996124
-0.00798035
1.62331
-0.597656
0.242554
-0.00544739
-0.284225
-0.0569763
-0.0113678
0.143982
0.112793
0.147675
0.190598

[24]
0.0950012
0.163376
0.157364
0.157715
0.151581
0.139633
0.160049
0.153397
0.158325
0.119904
0.124878
0.123474
0.14035
0.136459
0.108719
0.141739
0.113647
0.154694
0.165268
0.147705
0.17041
0.175339
0.155899
0.227905
0.292343
0.561493
0.939209
0.71933
0.602341
0.497787
0.165329
0.225098
0.0680237
0.304031
0.757324
0.800751
0.511841
0.33168
0.345566
0.362595
0.350632
0.246811
0.0623474
-0.212952
-0.389847
-0.526077
-0.483826
-0.682922
-0.786255
-0.859558

[25]
-1.06468
-1.2717
-1.13496
-0.952164
-1.08604
-1.00836
-0.822372
1.89572
-0.521866
-0.33342
0.121811
-0.158646
-0.0758514
0.129745
0.209152
0.176712
0.183334
0.198456
0.124573
0.140945
0.223099
0.180466
0.156631
0.116333
0.180374
0.204544
0.215088
0.161072
0.16748
0.123398
0.162689
0.158676
0.128387
0.143585
0.183334
0.195404
0.164688
0.214874
0.223557
0.226822
0.205261
0.28241
0.473267
0.933319
0.994064
0.664276
0.674164
0.130936
-0.057663
0.251099

[26]
0.516388
0.897644
0.652527
0.542755
0.486954
0.42601
0.547073
0.471848
0.376282
0.0548706
-0.143814
-0.385391
-0.447357
-0.583954
-0.780334
-1.02856
-1.30626
-1.15327
-0.986191
-1.43086
-1.28201
-1.06386
0.0910339
1.53018
-0.559891
-0.032959
-0.112869
-0.35321
-0.123795
0.123779
0.203903
0.139969
0.16832
0.216599
0.223099
0.156693
0.188263
0.159058
0.154739
0.131256
0.115891
0.17128
0.156189
0.184555
0.128098
0.119751
0.104767
0.124603
0.136993
0.125732

[27]
0.125366
0.143356
0.17688
0.209366
0.161835
0.186249
0.197739
0.235718
0.297821
0.384415
0.821686
1.05721
0.637039
0.297867
0.0422211
0.108505
0.221405
0.467651
0.880112
0.718933
0.550751
0.45076
0.442368
0.464966
0.386856
0.254395
0.155624
-0.153885
-0.451782
-0.556992
-0.644165
-0.622864
-0.780212
-0.920868
-1.04689
-1.10629
-0.972672
-1.04529
-1.13261
-1.05763
-0.992538
1.89822
-0.353653
0.000442505
0.0988922
-0.256821
-0.0181427
-0.0134735
0.112793
0.245621

[28]
0.145721
0.180374
0.161789
0.195862
0.222168
0.17131
0.183151
0.186859
0.169205
0.174332
0.169998
0.124893
0.133484
0.154648
0.133179
0.129379
0.13028
0.180359
0.148666
0.187607
0.15448
0.158051
0.202515
0.210983
0.213776
0.218811
0.246033
0.629929
1.08763
0.904327
0.516388
0.303207
0.27739
0.256973
0.241852
0.535202
0.842194
0.627731
0.52742
0.438919
0.301178
0.292328
0.250198
0.125656
0.0192108
-0.17128
-0.479706
-0.68541
-0.781311
-0.87442

[29]
-0.967972
-1.06076
-0.92247
-0.79335
-0.928772
-1.02228
-0.985565
-0.744705
-0.622025
0.967072
1.11183
-0.67865
0.0345917
-0.369049
-0.244522
0.0444946
0.0335388
0.0943451
0.0769653
0.182785
0.219788
0.208542
0.197617
0.160217
0.10675
0.105209
0.0955658
0.176117
0.166092
0.146881
0.11731
0.1241
0.106186
0.0937653
0.118423
0.138397
0.158005
0.164337
0.145996
0.196198
0.200806
0.175125
0.192993
0.222794
0.405823
0.737946
1.03256
0.795975
0.692062
0.133713

[30]
0.124054
0.00860596
0.0374908
0.69075
0.925629
0.500076
0.396652
0.380783
0.436127
0.389053
0.270126
0.137329
-0.092926
-0.343979
-0.500275
-0.576813
-0.657669
-0.890289
-1.08672
-1.00665
-0.655365
-0.812683
-1.34181
-1.04588
-1.21492
-0.935272
1.31844
-0.0301971
-0.393204
-0.190231
-0.250015
-0.180328
-0.00900269
0.111481
0.143692
0.102341
0.182526
0.160934
0.0808411
0.130325
0.160522
0.160797
0.174881
0.124924
0.139908
0.154022
0.101379
0.101593
0.067215
0.0825806

[31]
0.113022
0.14035
0.141174
0.14328
0.131897
0.160294
0.146118
0.0942535
0.139725
0.141724
0.231277
0.705673
0.976929
0.984756
0.670914
0.729462
0.213287
0.0921478
0.233536
0.616211
1.00903
0.778946
0.505371
0.467651
0.407898
0.373489
0.114288
0.110992
-0.246643
-0.440475
-0.531433
-0.659363
-0.760086
-0.919846
-1.06245
-0.913559
-0.513748
-0.579056
-1.2679
-1.2518
-0.684433
-0.997238
-0.830109
1.84105
-0.0556641
-0.285965
0.055603
-0.337646
0.0298004
-0.0109406

[32]
0.116577
0.0363007
0.284393
0.190598
0.142624
0.215759
0.146118
0.148834
0.138718
0.152603
0.180405
0.223633
0.197708
0.161423
0.155701
0.169235
0.126541
0.113464
0.150421
0.178665
0.227112
0.187897
0.208572
0.278564
0.237274
0.234619
0.285156
0.386871
0.795486
1.27502
0.550735
0.56488
0.121567
0.272766
0.000473022
0.172379
0.723923
0.996597
0.641373
0.564804
0.506683
0.434921
0.359192
0.301727
0.0457001
-0.215363
-0.330383
-0.627884
-0.578598
-0.639282

[33]
-0.637039
-0.761185
-0.677826
-0.545746
-0.738815
-1.1454
-1.21172
-1.09068
-0.795242
0.820267
0.887344
-0.588791
-0.0154877
-0.335144
-0.288391
-0.0822906
0.124786
0.173187
0.166428
0.206741
0.151871
0.256897
0.229935
0.157608
0.134918
0.148712
0.145264
0.151703
0.142471
0.1371
0.140656
0.137253
0.14801
0.153351
0.125107
0.1633
0.176315
0.210724
0.166763
0.17749
0.150116
0.188766
0.206985
0.247955
0.412476
0.791992
1.12393
0.624557
0.530212
0.181396

[34]
0.183121
0.113739
0.285934
0.478897
0.877625
0.662155
0.453323
0.388016
0.415009
0.351791
0.332855
0.218948
0.0231323
-0.268951
-0.456543
-0.576614
-0.713226
-0.946106
-0.902145
-0.837509
-0.780151
-0.945969
-1.27896
-1.45134
-1.00475
-0.878754
1.82874
-0.445908
-0.197052
0.00491333
-0.339066
-0.0732269
-0.111084
0.0267029
0.223328
0.191727
0.183151
0.0520477
0.217957
0.253098
0.105637
0.136185
0.146805
0.182785
0.150833
0.158051
0.128769
0.134079
0.104111
0.0654449

[35]
0.0793304
0.0739899
0.167404
0.185226
0.210327
0.213684
0.248825
0.261948
0.20932
0.25351
0.34903
0.329681
0.770584
1.19629
0.468155
0.493591
0.224457
0.00340271
0.344467
0.385284
0.846375
0.686935
0.523148
0.417038
0.456085
0.416229
0.349686
0.293289
-0.0117493
-0.233963
-0.45845
-0.654968
-0.702881
-0.823654
-0.876343
-0.882904
-0.914337
-0.811829
-0.784164
-0.996841
-1.1212
-0.967484
-0.839828
-0.518127
1.85469
0.410126
-0.35231
0.210602
-0.722046
-0.32048

