[1]
-0.491898
-0.0709076
0.0493164
0.294022
0.307266
0.0691528
-0.0466003
0.132935
0.602249
0.0139465
0.352448
0.153473
-0.0881348
-0.067337
0.00204468
0.0804596
0.155029
0.201416
0.0250549
-0.0522308
-0.0721893
0.0517273
0.149796
0.102951
0.0633392
-0.0216522
0.0471344
0.0870361
0.120377
0.0976105
0.0604095
0.0601501
0.0766754
0.100113
0.0809631
0.109131
0.101532
0.126526
-0.0964355
-0.145523
-0.0870514
-0.22464
-0.169464
0.158325
-0.562164
-0.681015
-0.278214
-0.190796
0.0284119
-0.0432587

[2]
-0.0713501
-0.122971
-0.0918121
-0.0701752
-0.0630646
-0.0850525
-0.12883
-0.121231
-0.0774384
0.020401
0.104019
0.032135
-0.082077
-0.0292358
-0.124374
0.386673
0.887451
-0.0991821
0.568558
0.815491
0.24968
0.039505
-0.137039
-0.0121613
-0.040451
0.216217
0.170578
0.109695
-0.0895081
-0.123398
-0.0281219
0.181152
0.0957642
0.00811768
0.0562286
0.089859
0.119751
0.0502472
0.0867767
0.190414
0.0199432
0.120331
0.118942
0.0739899
0.102005
0.185455
0.050766
-0.140732
-0.352707
-0.610184

[3]
-0.271545
-0.355713
-0.605988
-0.392502
-0.0537415
-0.109665
0.408737
0.197479
0.00993347
-0.0599518
-0.0272675
-0.0140839
-0.006073
0.0214996
0.07164
0.0192108
-0.0438995
0.0581665
0.122147
-0.0752563
0.00297546
-0.0475311
-0.174988
0.180374
0.242645
0.74231
0.645462
0.158661
-0.542526
-0.41037
0.338715
0.0180054
0.229538
0.15126
-0.0616608
-0.058197
-0.140274
0.0858307
0.275284
0.14122
-0.0298157
0.00584412
0.0826874
0.123993
0.107697
0.053299
0.0708618
0.116974
0.0752869
0.0281219

[4]
0.140015
0.0480194
-0.130844
-0.146469
-0.262085
-0.325409
0.103378
-0.574203
-0.799713
-0.20961
-0.0939636
0.267227
0.0309753
0.0513306
0.00572205
0.0842743
0.0664215
0.0383759
-7.62939e-05
0.0314178
0.133286
0.121613
0.248428
0.43158
0.236145
0.0380249
-0.173172
0.387009
0.816238
-0.253265
0.512802
0.509781
0.00108337
0.196976
-0.180756
0.190811
0.0108948
-0.027298
0.1147
0.0687714
0.0154572
-0.0871429
-0.0876465
0.0693512
0.259079
0.0489655
-0.00907898
0.0480194
0.067749
0.137482

[5]
0.0910797
0.0223694
0.0336456
-0.0151062
0.0355835
0.204239
0.230499
-0.0333405
-0.307846
-0.263016
-0.704971
0.274429
-0.331757
-0.576599
-0.730011
-0.229263
-0.0966949
0.327179
0.0186615
-0.0913239
-0.0961304
-0.0103912
-0.0665131
-0.100754
-0.114426
-0.0829315
-0.0282288
-0.036087
-0.0190277
0.114578
0.00398254
0.134598
-0.0607605
0.686462
0.561905
-0.279922
0.632523
0.633377
0.0548248
-0.0484314
-0.303009
0.300659
0.114365
-0.0241241
0.116745
-0.0108795
-0.100967
-0.113907
-0.00419617
0.114975

[6]
0.12149
0.04245
-0.0136414
0.0631714
0.142044
0.0918121
0.0791168
-0.0291748
0.0518494
0.0665741
0.106537
0.218124
0.169083
-0.122986
-0.373825
-0.366714
-0.429291
0.135818
-0.475647
-0.639526
-0.336929
-0.501755
0.130539
0.163559
0.0657806
0.032959
-0.0695343
-0.0287476
-0.0601959
-0.194214
-0.177948
-0.0787354
-0.126877
-0.125443
-0.14267
-0.027298
0.265533
0.0365601
-0.176117
1.02809
0.303711
0.37059
0.860336
-0.00387573
0.0924835
-0.381744
0.26329
-0.121536
0.103607
0.143265

[7]
0.0440216
0.00340271
-0.0808716
-0.107208
0.00756836
0.158508
0.0584106
-0.0229187
0.0431519
0.117538
0.102875
0.0783234
-0.0233154
-0.0544281
0.0681
0.120636
0.127655
0.25528
-0.0610809
-0.305573
-0.412262
-0.489395
0.144424
-0.361908
-0.648483
-0.117111
-0.109711
0.37471
0.166748
0.108398
0.0196991
0.0506287
0.0131531
-0.0468445
-0.094162
-0.0495605
0.00254822
-0.0252533
0.0284119
0.143356
0.0582886
0.137573
-0.0663605
0.211975
0.521881
0.0219421
0.57518
0.565628
-0.165985
-0.416229

[8]
-0.318207
0.135529
0.135422
0.385132
0.110153
-0.0989227
-0.188065
-0.191193
0.104385
0.254669
0.0183716
-0.0887604
0.0299072
0.0851746
0.0796661
0.0459442
0.041748
0.0344086
0.0500031
0.124603
0.0918121
0.0871124
0.177841
-0.0269928
-0.210693
-0.541489
-0.748764
-0.228622
-0.53334
-0.658936
-0.172913
-0.0208588
0.472244
-0.0498962
-0.0128326
0.0690765
0.0979462
0.0139923
-0.0206299
-0.00495911
0.0633392
0.0498352
0.113159
0.131104
0.00643921
-0.0924377
-0.163544
-0.239655
0.697861
0.640717

[9]
-0.461075
0.916382
0.703812
-0.0167999
0.232254
-0.412659
0.146515
-0.00682068
-0.0211487
0.136047
-0.0104675
-0.0652008
-0.135483
-0.0491638
0.125916
0.14209
0.0565491
-0.0355072
0.0137634
0.0743713
0.100159
0.08078
-0.00187683
0.0112762
0.0307922
0.0595245
0.113403
0.174301
0.0412292
-0.197708
-0.222992
-0.361526
-0.320969
0.089386
-0.486359
-0.730667
-0.336288
-0.441101
-0.154724
0.102524
-0.0365601
-0.0658112
-0.0150757
0.00590515
-0.0424957
-0.0880585
-0.0998688
-0.010437
0.0557709
-0.00154114

[10]
0.0517578
0.0520782
0.0368195
-0.313705
-0.676727
0.624908
0.41861
-0.0956573
0.826614
0.250946
-0.360962
-0.209991
0.0825043
-0.00402832
0.00614929
0.0471802
0.0211334
0.0854187
-0.122818
-0.0946045
0.0263062
0.12915
0.0817871
-0.00263977
0.0419312
0.0919952
0.10701
0.0806885
0.044754
0.0300903
0.0217133
0.0292969
-0.0452576
0.177078
0.194382
0.045517
-0.197311
-0.81691
-0.199142
0.0620575
-0.440857
-0.995468
-0.442825
-0.212021
0.20282
0.141846
-0.0308075
-0.0748444
-0.0400543
-0.0371399

[11]
-0.0997009
-0.17984
-0.188263
-0.212357
-0.175385
0.0914459
0.232635
0.0550385
0.153839
-0.206406
0.455719
0.447159
-0.0716248
0.504059
0.0857544
-0.0563202
-0.204178
0.119858
-0.0675507
-0.0091095
0.146088
-0.0223694
-0.0299683
-0.133835
-0.0323334
0.0542755
0.173996
0.0186462
-0.0740509
0.0283356
0.08284
0.0997162
0.0823364
0.0521393
-0.0299835
0.00669861
0.103195
0.0791779
0.236694
0.10939
-0.229568
-0.408035
-0.784317
0.389023
-0.454193
-0.719788
-0.669373
-0.389832
-0.153244
0.315475

[12]
-0.0202484
-0.100861
-0.0843658
-0.0161285
-0.0562286
-0.127518
-0.113785
-0.0762634
-0.0226746
-0.0815582
0.0373993
0.0632172
0.0205383
-0.124374
0.0728149
0.382751
0.204285
0.408875
0.900986
0.111313
-0.115402
-0.170349
0.0656891
-0.121384
0.0351257
0.238937
0.0613556
-0.153183
-0.30014
0.0175781
0.236588
0.0853577
-0.0169373
0.00134277
0.0378265
0.0638733
0.057312
0.0605927
0.00970459
0.0568695
0.0190125
0.00985718
0.172333
0.122818
-0.197464
-0.360138
-0.68486
-0.150879
-0.16861
-0.498123

[13]
-0.6922
-0.13475
-0.142593
0.323807
-0.010376
-0.0674286
-0.0302124
-0.00102234
-0.0948944
-0.139679
-0.0715179
-0.0428467
-0.0336304
0.041687
0.0816956
0.0198975
-0.0208435
-0.272598
0.37616
0.614899
0.445831
-0.26384
1.13672
0.461487
-0.0487823
-0.304382
-0.205246
0.0802002
-0.116669
0.180511
0.0510559
0.0722351
-0.0926361
-0.144211
-0.0113678
0.082901
0.0667114
-0.034668
0.0367432
0.0692596
0.084198
0.111862
0.0570831
0.024353
0.065094
0.0185852
-0.0203857
0.0437927
0.0934448
0.0787811

[14]
-0.0911713
-0.380829
-0.480743
0.221634
-0.319321
-0.798065
-0.480972
-0.23439
-0.0504303
0.134644
0.0568237
0.0307007
0.0378265
0.0357056
-0.0266724
-0.0944061
-0.0869446
-0.0548096
-0.0606689
-0.0486603
0.101608
0.0410309
0.0370178
-0.0650024
0.489349
0.3116
-0.216278
0.515823
0.391891
-0.276978
-0.11026
-0.139084
0.0436707
-0.0600586
0.0957489
0.115906
-0.0179291
-0.0488129
-0.148422
0.0335846
0.181473
0.0939789
-0.0312653
-0.0058136
0.035141
0.0842133
0.0921326
0.0205536
0.0059967
0.0597229

[15]
0.0364075
0.0196991
0.0880432
0.0543823
-0.0750427
-0.126007
-0.784775
-0.00524902
-0.221619
-0.594666
-0.656235
-0.307266
-0.428375
0.135544
-0.0129089
0.00172424
-0.0242004
0.044693
0.032608
-0.0205536
-0.0548706
0.0527039
0.112717
0.104111
0.148361
0.122314
-0.176132
-0.629501
-0.450668
0.391571
-0.549133
-0.0933838
0.0421143
0.737778
-0.0844116
0.207611
0.075119
0.300339
-0.218979
-0.153915
-0.107269
0.146362
0.0389862
-0.0123291
-0.0629883
-0.0713501
0.0186462
0.00502014
0.0390778
0.150726

[16]
0.180283
0.165283
0.0939484
0.101074
7.62939e-05
-0.0337372
0.163666
0.0569916
-0.11676
-0.256454
-0.853836
-0.162292
0.103226
-0.481903
-0.93512
-0.277817
-0.209656
0.363068
0.0999451
0.0324554
-0.0325623
-0.00257874
-0.170517
-0.249893
-0.290176
-0.239212
-0.205765
-0.215256
-0.186447
-0.0690308
0.0271301
-0.309326
0.0352783
0.926102
0.412491
-0.350769
1.3056
0.112198
0.294174
-0.619827
-0.0112457
0.0342712
0.054657
0.179703
-0.0177612
-0.046524
-0.163391
-0.0109863
0.0990295
0.113464

[17]
0.036972
-0.0500031
0.00968933
0.0405731
0.0808411
0.124466
-0.0177155
0.0157623
0.0447235
0.0208893
0.121506
0.163345
0.0045929
-0.147736
-0.628067
-0.461716
0.340042
-0.426987
-0.720306
-0.339691
-0.213272
0.112
-0.070343
0.0583801
-0.0446625
-0.0397339
-0.0344696
-0.0463104
-0.160065
-0.160538
-0.103989
-0.0650635
-0.0964661
-0.203552
-0.238724
-0.116318
0.215851
0.223648
0.00135803
0.248962
1.18309
0.24295
-0.109375
-0.206757
-0.122482
-0.0941162
0.0982666
0.15007
0.0351562
-0.0132751

[18]
-0.169662
-0.0671844
0.0692444
0.0717926
-0.0010376
-0.0107422
-0.0122681
-0.00878906
0.0862274
0.143219
0.16925
0.0886536
0.0491638
-0.0295258
0.0104218
0.128174
0.204193
0.00790405
-0.144897
-0.67482
-0.677826
0.168564
-0.598877
-0.965179
-0.250854
-0.126083
0.198074
-0.0557404
0.0415955
-0.0188293
-0.0317383
-0.0518951
-0.0144653
-0.0500946
-0.0550232
-0.0109406
0.0465546
0.0466919
0.193954
0.072525
-0.176605
0.147369
0.701645
0.0678864
-0.819916
0.858871
0.050705
0.224152
-0.0736847
0.0022583

[19]
-0.0483704
-0.0354004
0.0973053
0.0213318
0.0368195
-0.111923
-0.0444489
0.0226288
0.0651855
0.0530243
-0.02388
0.056488
0.0617676
0.0729828
0.134308
-0.0372772
0.0511932
0.0265198
-0.00991821
0.187393
0.159866
-0.155273
-0.244583
-0.563232
-0.151993
-0.189392
-0.662476
-0.885773
-0.221664
-0.16362
0.0196533
-0.036499
-0.0543518
-0.116379
-0.0797882
-0.0746307
-0.0709991
-0.104691
-0.136841
-0.0858459
-0.0737915
-0.121155
0.0270386
-0.0203552
0.0101624
-0.527512
0.00453186
0.741577
0.0551453
0.956421

[20]
0.595856
-0.255936
-0.100571
-0.35083
0.0606232
0.0338593
0.203751
0.0711365
0.118408
-0.241364
-0.0742188
0.0424347
0.14183
-0.00291443
-0.0332184
0.0544434
0.0419159
0.076416
0.0659485
0.0589294
0.0551758
0.0343475
0.0416565
-0.034729
0.0747528
0.184753
0.0359192
-0.140961
-0.466339
-0.875717
0.0912781
-0.474716
-0.619308
-0.359604
-0.299973
-0.486206
0.163666
0.0968781
0.0869293
0.0340576
0.0582886
0.0780334
0.0780487
0.0600281
0.118561
0.174347
0.0704651
0.171768
0.0827026
-0.131943

[21]
-0.333557
0.156845
0.441589
-0.73233
0.468262
0.698212
-0.32135
0.21904
-0.151199
0.24942
-0.00402832
-0.0119324
0.0829163
-0.020462
-0.0910492
-0.120071
-0.0311432
0.118927
0.0966797
-0.00389099
-0.0341644
0.0179138
0.0426636
0.0598297
-0.00100708
-0.034729
-0.0370178
0.125717
0.0887604
0.154266
0.125244
-0.196121
-0.324799
-0.286209
-0.635803
-0.00642395
-0.681824
-0.708679
-0.52684
-0.477448
-0.200623
0.131516
-0.072876
-0.0815887
-0.0643005
0.00906372
-0.0427704
-0.0819702
-0.0731812
-0.0243835

[22]
0.0227356
-0.0877075
0.135468
0.229645
-0.0468292
-0.112518
0.510178
0.902206
0.284744
-0.743866
0.965378
0.515625
-0.626617
0.0694733
0.02771
-0.021759
0.013092
0.021698
0.0240936
0.1035
-0.0977325
-0.0946045
0.0732422
0.0989685
0.0674133
0.0277252
0.008255
0.0153503
0.0407104
0.0554047
0.0527039
0.0439453
0.0260468
0.0284882
0.079895
0.122574
-0.00192261
-0.248474
-0.310455
-0.764511
-0.171982
-0.087265
-0.592453
-0.820343
-0.0953522
-0.276016
0.144394
0.0730896
0.0188141
0.00241089

[23]
0.0212555
0.0118866
0.01297
-0.0157471
-0.0143433
0.0543671
0.103363
0.106735
0.161865
-0.00889587
-0.158463
-0.12001
0.812027
0.338898
-0.49855
0.529999
0.39621
-0.0371857
-0.0244141
-0.134552
0.102524
-0.0988007
-0.0162964
-0.00860596
-0.0638885
-0.0786896
-0.106445
-0.0223236
0.0655823
0.0920563
0.0292358
0.00511169
0.0244141
0.0764465
0.0735321
0.0390778
0.0168304
0.0108948
-0.0209961
-0.0444641
0.0170593
0.165787
0.0735931
-0.0480042
-0.203598
-0.89801
0.0219727
-0.401276
-0.913651
-0.568359

[24]
-0.507996
-0.569855
0.128159
-0.0639038
-0.00476074
-0.0713043
0.0314789
-0.00115967
-0.0826874
-0.225601
-0.0921478
-0.130722
-0.23111
-0.0352631
0.00959778
-0.14415
-0.390396
-0.140396
0.814575
0.499557
0.41449
0.528229
0.0951385
-0.141663
-0.23967
0.0733185
0.0265503
0.0246124
0.0764618
0.0392151
-0.0121155
-0.154602
-0.140823
0.0191193
0.0572815
0.107986
-0.025528
-0.0249176
0.0467834
0.090271
0.0610657
0.000320435
-0.0553741
-0.0141296
0.0562744
0.0598907
0.146149
0.112701
-0.00621033
-0.105957

[25]
-0.637405
-0.586151
-0.0779724
-0.577591
-0.745529
-0.295715
-0.119644
0.180237
0.0259705
0.0464325
-0.0166779
0.0256042
0.0017395
-0.0303802
-0.0638733
-0.0315857
0.026062
0.0505676
0.252213
0.267441
0.0381165
-0.370941
-0.0829315
0.944427
0.912796
0.0174713
0.569626
-0.193375
0.140106
-0.198364
0.188843
-0.0747375
-0.025238
0.0920258
0.00732422
-0.138199
-0.120895
-0.0271149
0.0879364
0.134872
-0.00572205
-0.0475159
-0.0104218
0.0592804
0.0808105
0.0217896
0.00260925
0.0154266
-0.01474
0.00564575

[26]
0.0891571
0.138489
0.0545197
-0.171982
-0.259674
-0.706497
0.197495
-0.332642
-0.576172
-0.653793
-0.206589
-0.301117
0.19606
0.00605774
-0.0920105
-0.0394592
0.0294952
-0.0359955
-0.0539398
-0.0441742
-0.0183411
0.0431213
0.0770111
0.0835266
0.129333
0.162521
-0.146927
0.134537
0.354279
0.207291
0.0448914
0.730316
0.130173
-0.0749207
-0.290192
-0.0343628
0.0147552
0.0774994
0.0535736
0.0324249
-0.0188751
-0.11499
-0.103088
0.0461273
0.132355
0.0654144
-0.0231781
0.00674438
0.0746307
0.0559998

[27]
0.0337372
0.0205231
0.00296021
0.0424957
0.0717316
0.0160828
0.121658
0.0170288
-0.113647
-0.165283
-0.225189
-0.532532
0.0795593
-0.230026
-0.613602
-0.689987
-0.340469
-0.454224
0.0644684
-0.0427399
-0.0139008
-0.0220337
0.0166626
-0.0372314
-0.0811768
-0.102798
-0.0340881
0.023819
0.17424
0.251312
-0.0241547
-0.304962
-0.458817
-0.243362
0.768677
-0.189789
-0.520447
0.472183
0.881256
0.0842896
0.318359
-0.19371
-0.0633392
-0.0569763
-0.0670013
0.101837
0.0413513
-0.00923157
-0.110718
-0.101273

