[1]
0.0658417
0.125656
0.256134
0.306534
0.20253
0.161972
0.134613
0.0789032
0.0738678
0.0163269
-0.073822
-0.12114
-0.171326
-0.220917
-0.303864
-0.388885
-0.459869
-0.448853
-0.474258
-0.549179
-0.583939
-0.63533
-0.631714
-0.605057
-0.632797
-0.39856
-0.0786438
0.614014
0.19838
-0.35199
-0.0419159
0.107788
0.0761261
-0.229767
-0.307373
-0.269684
-0.0403137
-0.0690765
-0.0435333
0.0160675
0.0621033
0.073761
0.0117645
-0.0439911
-0.0231628
0.0466919
0.0257721
-0.0128784
-0.0156403
0.01091

[2]
0.0387268
0.0351105
0.0480652
0.0518646
0.100754
0.0657654
0.0143585
0.0738831
0.1427
0.11731
-0.0297089
0.00259399
0.0562592
0.0869293
0.148499
0.0878296
0.146683
0.153763
0.525833
0.958817
0.224823
0.792816
0.585449
0.517441
0.230698
0.00889587
0.478973
0.71553
0.594803
0.49321
0.35759
0.304901
0.298813
0.259964
0.182007
0.0539856
-0.0577393
-0.196564
-0.456192
-0.852142
-1.52287
-1.69032
-1.60236
-1.65233
-1.93378
-1.35857
-1.30605
0.854446
0.362595
-0.796402

[3]
-0.224869
-0.22049
-0.414337
-0.274506
-0.141403
-0.0148163
-0.0901489
-0.0986938
0.0586395
0.122208
0.0123291
-0.0725708
-0.080307
-0.0273132
-0.0625916
-0.0309753
0.0544281
0.0694427
-0.0183563
-0.00917053
-0.0668335
-0.0646515
-0.0196228
0.0140839
0.0292053
0.0561218
0.0640717
0.0375061
-0.0113373
0.0747986
0.0509491
0.119171
0.131165
0.63092
1.30121
0.635361
0.645264
0.629929
0.453842
0.0995636
-0.0509491
0.558838
0.712601
0.604446
0.498672
0.398178
0.24588
0.252655
0.218033
0.0532684

[4]
-0.197525
-0.283752
-0.516907
-0.788467
-0.861664
-0.963882
-1.26321
-1.59409
-1.85236
-1.74959
-0.730774
0.0262604
0.873779
-0.285339
-0.58609
0.0266266
-0.0210724
-0.382385
-0.237778
-0.0100403
0.00679016
0.0326385
0.00161743
0.144638
0.124329
0.027771
-0.0100403
-0.000228882
-0.0195618
-0.0719757
-0.00953674
0.0431213
0.0543518
0.0371094
0.0249786
0.00518799
0.0322418
0.0715637
0.0783081
0.0573425
0.0659637
0.0383606
0.137375
0.102402
0.0570679
0.207138
0.588867
1.22934
0.726807
0.664932

[5]
0.705887
0.634979
0.295593
-0.159164
0.149399
0.482376
0.667236
0.611038
0.536133
0.371353
0.187485
0.0731812
0.102753
0.107101
-0.126846
-0.380173
-0.692612
-1.10612
-1.58266
-1.54448
-1.79802
-2.22681
-1.18991
-0.663849
1.47017
-0.581192
-0.585556
-0.227905
-0.189163
-0.284332
-0.331192
-0.0361023
-0.0564423
-0.0137024
0.0306854
0.060379
0.0622101
0.0621185
0.000152588
-0.0600128
-0.0128479
0.038269
0.0197144
0.0229492
0.0185242
0.0196686
0.026413
-0.0146942
0.0118408
0.0567169

[6]
0.0720215
0.0590363
0.0766144
0.042984
0.0536957
0.127792
0.12384
0.0752869
0.534103
1.36053
0.745056
0.558075
0.58342
0.627838
0.276993
-0.237823
0.361084
0.617874
0.661743
0.541214
0.468277
0.305161
0.212204
0.159027
0.189819
0.168732
0.0103149
-0.327515
-0.577744
-1.03055
-1.69716
-1.60413
-1.72803
-1.8746
-1.86581
-0.865326
1.33083
-0.693619
-0.357071
-0.316299
-0.342651
-0.392609
-0.369583
0.0406799
0.00808716
-0.045929
0.00680542
0.0762024
-0.0130005
-0.114563

[7]
-0.0428162
0.00157166
-0.00389099
-0.0171661
-0.0319519
-0.0157013
-0.0222931
-0.0279694
-0.0436096
-0.0186157
0.0322723
0.0429993
0.0149994
-0.00119019
0.0380859
0.0170135
0.0612793
0.0745087
0.0414124
0.0816956
0.378006
1.08031
0.748459
0.306259
0.501358
0.635727
0.938202
-0.162155
-0.165909
0.211487
0.486633
0.604187
0.554657
0.427933
0.225479
0.0613098
0.0879974
0.174728
0.0622406
-0.173615
-0.404388
-0.669571
-1.10992
-1.5437
-1.48872
-1.72141
-1.95485
-1.33784
-0.858261
0.768463

[8]
-0.16124
-0.8004
-0.151001
-0.120987
-0.382156
-0.518295
-0.10347
-0.0249481
-0.0187225
-0.0296326
0.068512
0.0502014
-0.019577
-0.0219574
-0.0856476
-0.0559235
0.0336609
-0.0349884
-0.0101929
-0.0196381
0.0242004
0.0328674
-0.0226593
-0.0090332
0.0542755
0.0419617
0.0535278
0.0382996
0.0737152
0.0115051
0.0490417
0.165802
0.233276
0.0950317
1.34473
0.548737
1.01567
0.513504
0.394836
0.31218
-0.0706177
0.189545
0.543686
0.653259
0.579895
0.437592
0.254456
0.167206
0.167419
0.190475

[9]
0.0998993
-0.0683136
-0.24173
-0.484909
-0.868149
-1.53706
-1.62447
-1.60803
-1.8517
-1.61777
-1.37373
0.720703
0.546616
-1.0912
-0.0632935
-0.301575
-0.236572
-0.527298
-0.238022
0.0295715
-0.0222778
0.0123138
0.0259247
0.0589142
0.0188141
-0.0226898
-0.0638733
-0.0571442
-0.00610352
0.0206299
-0.0399933
-0.0534973
-0.0434265
0.0177155
-0.00222778
-0.0370789
0.0302277
0.102921
0.0869293
0.0414124
0.000823975
0.0255127
0.106918
0.0760651
0.0429535
0.26088
0.780411
0.986481
0.410294
0.705292

[10]
0.491989
0.704117
0.308136
-0.259338
-0.0986938
0.322174
0.672668
0.618729
0.554321
0.293793
0.0927734
0.0582886
0.107529
0.0686188
-0.1082
-0.341156
-0.731033
-1.1873
-1.50117
-1.36691
-1.6468
-2.17348
-1.19044
-1.00325
0.424118
0.262527
-0.477783
-0.555466
-0.389816
-0.192261
-0.444931
-0.128754
0.121307
-0.0621796
-0.101196
-0.0558624
0.0796204
0.0250702
-0.0751038
-0.0692444
-0.044342
-0.0742493
-0.0589447
-0.020401
-0.0795135
-0.104904
-0.0626831
-0.0183868
-0.0214386
0.0071106

[11]
-0.00697327
0.00358582
0.00883484
0.00386047
0.0157776
0.0311584
0.110886
0.152313
0.0826721
0.456192
1.12978
0.418762
0.527679
0.716003
0.476852
0.413055
-0.220993
0.104492
0.316422
0.570312
0.550339
0.494415
0.304718
0.167557
0.10672
0.133682
0.0649109
-0.0640411
-0.228653
-0.56926
-0.990143
-1.4695
-1.52403
-1.65442
-2.04883
-1.61282
-0.998016
0.764786
0.0854797
-0.73822
-0.392502
-0.267136
-0.338272
-0.411865
-0.116272
-0.00245667
-0.0751038
-0.0743866
-0.00357056
0.0732269

[12]
0.0400543
-0.0378113
-0.0823975
-0.0978241
-0.0534668
-0.0375977
-0.0787659
-0.0872955
-0.0189514
-0.00445557
-0.093277
-0.0736694
-0.0130463
0.0388947
0.0182343
0.045639
0.0301361
0.159637
0.0842896
0.0364227
-0.0255737
0.337585
1.27914
0.771454
0.853821
0.583511
0.573135
0.109344
-0.334229
0.0641785
0.52243
0.713303
0.660568
0.512589
0.270294
0.159454
0.15654
0.13327
0.00201416
-0.131531
-0.348465
-0.76944
-1.25864
-1.4782
-1.13155
-1.43124
-2.29565
-1.08905
-0.972992
0.610733

[13]
0.229691
-0.794266
-0.464188
-0.226547
-0.251968
-0.43721
-0.104584
0.0256195
0.00100708
0.0753326
0.0603943
0.0703888
0.00987244
-0.0656891
-0.0753174
-0.0457764
0.0209045
-0.00218201
-0.0401154
-0.0150909
0.0119476
0.0178223
-0.0249481
-0.00260925
0.0347748
0.0550385
0.0704346
0.0904083
0.0743256
0.0831604
0.0994263
0.079834
0.0773773
1.15031
1.13795
0.646072
0.7939
0.448151
0.612366
-0.0971832
-0.0131226
0.396515
0.656769
0.627304
0.600891
0.399216
0.241455
0.108337
0.115311
0.161041

[14]
0.0233765
-0.250992
-0.550507
-0.8228
-1.33939
-1.45377
-1.29785
-1.62672
-1.88525
-1.28299
0.0684967
1.02901
-0.672531
-0.399017
-0.484787
-0.283554
-0.340881
-0.067627
0.0726929
-0.0321045
-0.00915527
0.0260468
0.130096
-0.014328
-0.0411377
-0.0469208
0.00473022
-0.00682068
-0.0145569
-0.0275116
-0.0303955
-0.0297699
-0.031723
-0.0128784
0.016449
0.0562134
0.0690918
0.0484161
0.0461121
0.0402222
0.0622406
0.138138
0.103256
0.0175476
0.203201
1.24948
0.969574
0.515305
0.485336
0.622971

[15]
0.707642
-0.162704
-0.11969
0.322861
0.664444
0.671158
0.572906
0.41951
0.24678
0.136673
0.192551
0.212448
-0.0183411
-0.317474
-0.523697
-0.984055
-1.32117
-1.40253
-1.19223
-1.63838
-1.57391
-1.26544
-0.616943
1.23865
-0.603119
-0.726959
-0.17543
-0.103271
-0.382385
-0.45079
0.057663
-0.0764923
0.0120239
-0.0751343
0.0149384
0.0888519
-0.0358276
-0.0354767
0.0371094
0.0124817
-0.0263519
-0.00238037
-0.024765
-0.0592346
-0.0595703
-0.00848389
0.0224457
-0.0123596
0.0588989
0.111282

[16]
0.144302
0.0426636
0.0809021
0.105469
0.123047
0.125534
-0.0346375
0.345642
1.48573
0.46521
0.836807
0.663773
0.670654
0.0787811
-0.241058
0.152847
0.565262
0.694611
0.618179
0.510315
0.250687
0.12149
0.13501
0.165176
0.037674
-0.158798
-0.433182
-0.792984
-1.28261
-1.62495
-1.44092
-1.53317
-1.86115
-1.15359
-0.953354
0.630325
0.697739
-1.09975
-0.282761
-0.0859222
-0.227997
-0.42981
-0.212479
0.0313721
0.0436401
-0.039093
-0.00967407
0.128708
0.0108948
-0.0972137

[17]
-0.0140381
-0.00769043
-0.0507355
-0.0440979
0.0032959
0.00448608
-0.0144043
-0.0113831
-0.0327148
0.00675964
0.0404205
0.0742798
0.102005
0.057785
0.045517
0.0304108
0.0964355
0.192566
0.0974426
0.140732
0.569626
1.27789
0.720627
0.779846
0.547028
0.70195
0.0148621
-0.393204
0.152313
0.602844
0.675171
0.569611
0.459106
0.287643
0.138824
0.0933228
0.0970001
-0.0175476
-0.269608
-0.48732
-0.807144
-1.15721
-1.4756
-1.62294
-2.24025
-1.68404
-1.31242
0.626129
0.224625
-0.751923

[18]
-0.355713
-0.51152
-0.38797
-0.361603
-0.138901
0.125168
-0.0465546
-0.0100861
0.022171
0.0764618
0.0319366
-0.0207977
-0.0979462
-0.0969696
-0.054718
-0.0339661
-0.0375214
-0.0156403
0.00372314
-0.00753784
-0.0448151
-0.0512238
-0.00770569
0.0545197
0.0408325
0.0731049
0.0588226
0.0720825
0.0677185
0.1147
0.154938
0.0234528
0.587296
1.11942
0.443329
1.05173
0.456528
0.681595
0.457001
-0.0632324
-0.30188
0.0926208
0.53038
0.648315
0.57547
0.44104
0.181305
0.0262604
0.0211639
0.0322113

[19]
-0.0654297
-0.352722
-0.749649
-1.13931
-1.72176
-1.61206
-1.86757
-1.81252
-1.20978
-0.432281
1.52841
-0.606262
-0.97049
-0.431412
-0.256561
-0.324997
-0.0695953
0.056015
-0.105118
-0.0197906
0.00546265
0.258835
-0.0138855
0.00653076
-0.0753021
-0.0597839
-0.0699005
-0.0870209
-0.0407715
-0.0226288
-0.0246124
-0.00883484
-0.0628204
-0.0635681
0.00445557
0.0428772
0.067276
0.0491486
0.0653229
0.0545807
0.106567
0.0644836
0.110123
0.701874
1.46718
0.821487
0.468979
0.450226
1.18614
0.00453186

[20]
-0.247421
-0.121765
0.250687
0.679596
0.682343
0.615433
0.361298
0.145477
0.0350189
0.0929718
0.0443878
-0.189148
-0.430923
-0.730881
-1.29578
-1.62958
-1.35179
-1.50993
-1.98787
-1.19267
-0.606842
1.53499
-0.783157
-0.573883
-0.244507
-0.258484
-0.201126
-0.573349
-0.0508728
-0.0403137
-0.0182343
0.0312347
0.0681915
0.105026
-0.0133209
-0.0178375
-0.0535126
-0.00971985
-0.0263367
-0.00204468
0.00849915
-0.0164795
-0.0112915
-0.0169067
-0.00617981
0.00411987
0.0310974
0.0520325
0.0772552
0.117996

[21]
0.0743256
0.150421
0.0542603
0.08461
-0.0198059
0.642212
1.45198
0.662796
0.490067
0.515747
0.579788
0.50824
-0.0922852
0.0566254
0.435883
0.673553
0.616318
0.540268
0.308578
0.148102
0.0300903
0.0475159
0.0336151
-0.218033
-0.419281
-0.685028
-1.08806
-1.4429
-1.34979
-1.46359
-1.88867
-1.16721
-0.954941
0.656204
0.614883
-0.97081
-0.377274
-0.248947
-0.119995
-0.306061
-0.242966
-0.088089
-0.118958
-0.00169373
0.0638123
0.0335388
0.0441742
-0.0301208
-0.0158539
-0.0340729

[22]
-0.0408478
-0.0136719
0.0203094
-0.0177765
-0.0199127
-0.00276184
-0.00454712
-0.0124512
0.0427856
0.0713043
0.0648651
0.0602112
0.101593
0.128799
0.0834656
0.145493
0.14267
0.315201
1.08577
0.559082
0.545395
0.724472
0.438171
0.360901
-0.35527
0.232971
0.594116
0.685669
0.554199
0.423782
0.213531
0.14357
0.180984
0.120178
0.0496979
-0.0797424
-0.175522
-0.355789
-0.795258
-1.29106
-1.50484
-1.57108
-1.69334
-1.56573
-0.776016
-1.22842
0.105774
0.613083
-0.614471
-0.258087

[23]
-0.144669
-0.121475
-0.451706
-0.338303
-0.13707
-0.0965271
-0.0342712
0.0170288
0.00544739
0.0202484
0.00772095
-0.0158844
-0.0682068
-0.0410919
0.00387573
0.0107574
0.0342255
-0.00941467
-0.0544891
0.0124512
-0.00163269
-0.00744629
0.0426788
0.0473022
0.0770721
0.0683136
0.0535889
-0.0170135
0.0913849
0.060318
0.233597
1.20601
0.772537
0.798752
0.737991
0.404648
0.241714
-0.359451
0.374985
0.620682
0.641235
0.536728
0.469788
0.295105
0.203064
0.0985718
0.0784149
0.0570679
-0.0755615
-0.267273

[24]
-0.617783
-1.10507
-1.55626
-1.47943
-1.522
-1.86186
-1.70404
-0.576843
0.102737
1.40323
-0.831696
-0.512878
-0.35817
-0.297882
-0.345352
-0.277374
-0.00219727
0.00372314
-0.0654297
0.0198517
0.0264893
0.0263672
0.0280151
-0.0450745
-0.0899353
-0.0369873
0.0215302
-0.0584869
-0.0437164
0.00704956
0.00178528
-0.0211945
-0.0345154
-0.0229034
0.0262909
0.0556335
0.0583649
0.0550079
0.0433197
0.0678101
0.0442505
0.042099
0.145462
0.707748
0.997482
0.518005
0.785797
0.471161
0.542068
0.0490112

[25]
-0.268799
0.281448
0.573547
0.635696
0.541214
0.418304
0.204025
0.0570984
0.0858154
0.134628
0.0439911
-0.102692
-0.284973
-0.656403
-1.09642
-1.40225
-1.25305
-1.37758
-1.61757
-1.44611
-0.652191
-0.937347
0.639709
0.431992
-0.617249
-0.316849
-0.18103
-0.407593
-0.316788
-0.13623
0.0315857
-0.0624542
-0.0295868
-0.0350647
0.120331
0.0340729
-0.0475311
-0.0619354
-0.0116577
-0.00418091
-0.0388794
-0.0325317
-0.00854492
0.0352325
-0.00299072
-0.0428467
-0.0548859
0.0203857
0.00730896
0.033432

[26]
0.0324554
0.0557098
0.018158
0.0825195
0.0936432
0.0852661
0.0151367
0.265594
1.4449
0.58963
0.72496
0.661163
0.544952
0.308945
-0.319473
0.219589
0.498138
0.618301
0.541321
0.487061
0.291061
0.157593
0.130066
0.199188
0.149963
-0.000366211
-0.271927
-0.551361
-0.989731
-1.39915
-1.49878
-1.66808
-1.89224
-0.831284
-1.04347
-0.0334778
1.04916
-0.81842
-0.617859
-0.263748
-0.115723
-0.371552
-0.24884
0.0653839
-0.032486
0.00418091
-0.0171814
0.049942
0.0495605
-0.0310059

[27]
-0.0324249
-0.0698547
-0.0329285
0.013443
0.0205688
0.0180359
-0.00660706
-0.0300446
-0.00891113
-0.0198059
0.0170288
0.0340118
0.00950623
-0.000976562
0.0367126
0.0444641
0.0570374
0.0344238
0.134705
0.145752
0.462112
1.21707
0.576202
0.344849
0.711929
0.418381
0.64679
-0.0461731
-0.0779266
0.302551
0.523849
0.588211
0.527542
0.422089
0.27652
0.163589
0.127747
0.149673
0.0797729
-0.106781
-0.31456
-0.652023
-1.17917
-1.80922
-1.68869
-1.9566
-1.97626
-0.957062
0.0764618
1.53137

[28]
-0.867996
-0.585922
-0.479889
-0.303421
-0.275345
-0.291504
0.146561
0.00282288
-0.0453033
0.0269165
0.0724335
0.0450287
-0.00743103
-0.015686
-0.0520477
-0.0501709
-0.0562286
0.0022583
0.0104675
-0.0345001
-0.0173645
0.00221252
0.0012207
-0.0115509
0.0222015
0.0157166
0.0895996
0.12616
0.0151367
0.0708466
0.0609589
0.124939
0.294785
1.43277
0.66188
0.780991
0.629974
0.476807
0.237015
-0.371445
0.295837
0.583755
0.671494
0.59549
0.512344
0.289886
0.13446
0.152649
0.179764
0.0753021

[29]
-0.104706
-0.383636
-0.687134
-1.12462
-1.44395
-1.18445
-1.28128
-1.55864
-1.54111
-0.682999
-1.00623
1.09169
0.0700836
-1.18106
-0.209702
-0.214783
-0.130371
-0.488846
0.049057
-0.0240479
-0.0223236
0.02005
0.0198059
0.0823364
-0.0148926
-0.0656738
0.0371399
-0.0245667
-0.088089
-0.0283661
0.0213623
-0.0105896
-0.0358734
-0.0173798
0.0332031
0.0644379
0.0615845
0.0785675
0.0697327
0.0551147
0.0849304
0.0919342
0.126648
0.0588226
0.127899
0.565964
1.28113
0.723221
0.619339
0.492172

[30]
0.616348
0.00767517
-0.168701
0.326767
0.639008
0.637741
0.548203
0.429871
0.226196
0.124283
0.155594
0.168106
0.0836487
-0.122406
-0.272095
-0.636948
-1.15239
-1.45461
-1.60529
-1.87561
-2.52954
-0.885345
-0.630966
0.775742
-0.168564
-0.809784
-0.285706
-0.317154
-0.122681
-0.463547
-0.18515
0.0607758
0.00410461
-0.0201569
0.00666809
0.0365295
0.0388184
0.0137787
-0.049881
-0.0452271
-0.0829468
-0.0379944
0.00984192
-0.0263214
-0.0202179
0.012619
0.0440521
0.0427704
0.0404053
0.0662079

[31]
0.130447
0.0324402
-0.0179291
0.0433197
0.0666504
0.125259
0.0991974
-0.0131989
0.169052
0.843765
0.915543
0.355713
1.00475
0.420807
0.652176
-0.0499878
-0.1008
0.236801
0.534988
0.60643
0.557663
0.442947
0.248718
0.125214
0.120407
0.12561
0.0372772
-0.109619
-0.27803
-0.740067
-1.1346
-1.49995
-1.34904
-1.64285
-2.07587
-1.27989
-0.735168
1.09473
-0.197662
-0.685013
-0.621521
-0.220688
-0.465103
-0.254333
0.12767
-0.140045
-0.0372925
-0.0214386
0.113922
0.0720062

[32]
-0.0297546
0.00418091
-0.0022583
0.00117493
-0.0503082
-0.0303802
0.0184021
-0.0193176
-0.0447388
-0.030899
-0.0423431
0.0270691
0.0392914
0.0711823
0.0364838
0.087204
0.0682678
0.10553
0.0727081
0.101303
0.0410614
0.958954
1.31982
0.587341
0.572174
0.500183
0.898697
-0.153046
-0.299103
0.0820618
0.456253
0.665588
0.607346
0.523819
0.27803
0.0776672
-0.030365
0.063858
0.0600128
-0.053894
-0.120575
-0.587234
-1.18565
-1.64838
-1.65131
-1.81564
-2.06842
-1.10957
-0.659424
1.14348

[33]
-0.544708
-0.719711
-0.506851
-0.0608826
-0.289352
-0.289398
0.0727539
-0.00994873
0.0503998
-0.0365601
0.0715637
0.078598
-0.0357056
-0.0706024
-0.106766
-0.0513
0.0166473
0.0123749
0.000244141
-0.032074
-0.0244141
0.0284729
0.0268402
-0.00297546
0.0257263
0.0677795
0.076004
0.0127258
0.000640869
0.043808
0.0426636
0.146622
0.137833
-0.0438995
0.191742
1.1322
0.614044
0.452835
0.720627
0.344681
0.35965
0.139755
0.0193481
0.375854
0.59996
0.573425
0.504837
0.355804
0.180557
0.141968

[34]
0.143997
0.111343
0.0147858
-0.10553
-0.257706
-0.626053
-1.16698
-1.36568
-1.40875
-1.68193
-2.08043
-0.959457
-1.04916
0.27919
0.384216
-0.655457
-0.449539
-0.268066
-0.295471
-0.432709
-0.0792694
0.0475464
0.0359497
-0.0439148
-0.0101166
0.0415192
-0.0139465
-0.0388794
-0.0597687
-0.0470428
-0.0297546
-0.0219269
-0.0149536
0.0162354
-0.0473633
-0.0538177
-0.0262299
-0.00822449
-0.00166321
0.0212555
0.0428467
0.031662
-0.00790405
0.0430756
0.00701904
0.151077
0.0909424
0.0600891
0.327972
0.88858

[35]
0.518509
0.522583
0.655746
0.424759
0.633972
0.205414
-0.250137
0.1073
0.367447
0.557388
0.513123
0.422012
0.268173
0.0940552
-0.00486755
0.0345001
0.0267792
-0.153854
-0.365082
-0.719513
-1.09079
-1.34338
-1.27048
-1.33104
-1.91742
-1.35541
-0.31926
1.08241
-0.468689
-0.474106
-0.359818
-0.116562
-0.448578
-0.34787
0.055542
0.0280914
0.0393372
-0.0896912
-0.0613708
-0.0127258
0.00308228
-0.0650635
-0.103439
-0.0986938
-0.050354
-0.00881958
-0.025177
-0.0519104
-0.0294952
-0.00215149

[36]
0.0114136
-0.00265503
0.0515594
0.0899506
0.0800629
0.0131378
0.0285187
0.0270996
0.0703583
0.190964
0.0714111
0.0980072
0.421814
0.702332
0.291504
0.703629
0.844391
0.332916
0.173035
-0.321823
0.203918
0.552536
0.646469
0.477295
0.344116
0.217575
0.172928
0.0928345
0.00163269
-0.0912018
-0.223969
-0.342087
-0.463104
-0.626816
-0.899765
-1.10724
-1.26404
-1.57516
-1.72481
-0.690216
-1.1982
1.60658
-0.554459
-0.907745
-0.360336
-0.350784
-0.00485229
-0.020462
0.0272827
-0.00160217

