[1]
-0.295914
0.217957
0.212875
0.192627
0.202408
0.179825
0.133942
0.0779572
0.0200043
-0.0437317
-0.0779114
-0.115768
-0.15062
-0.17189
-0.201065
-0.212402
-0.192047
-0.169556
-0.115204
-0.0449066
-0.0205688
-0.00390625
-0.0336151
0.0156403
-0.0312042
-0.243408
0.139328
-0.162048
-0.185547
-0.285919
-0.245956
-0.0110779
0.107147
-0.0480652
-0.0414429
-0.103638
-0.0712585
-0.0389099
-0.0610352
-0.0274506
-0.00480652
-0.0107269
-0.00993347
0.0116577
0.0128326
0.0229492
0.012085
0.00727844
-0.0150604
-0.00878906

[2]
-0.0114288
-0.014267
0.00556946
-0.000762939
-0.00288391
-0.0205536
-0.0263672
-0.0141296
-0.0167542
-0.0442657
-0.101501
-0.116333
-0.199585
-0.43071
-0.411865
-0.489304
-0.640427
-0.734894
-0.84166
-0.456238
-0.656708
-0.467239
-0.418747
0.00384521
0.171738
0.0250092
0.228455
0.355042
0.438202
0.445358
0.473541
0.463974
0.441208
0.379684
0.230118
0.0228119
-0.238983
-0.573181
-0.914169
-1.06226
-1.09744
-0.931488
-0.650284
-0.34874
-0.221085
-0.495529
0.0693817
-0.250443
-0.361771
-0.5979

[3]
-0.450333
-0.00196838
-0.140427
-0.0356445
0.00222778
-0.044632
-0.0501709
-0.0451202
-0.0270386
0.0344849
0.0301056
-0.0263519
-0.0310364
0.0135345
0.0177765
0.00912476
0.049057
0.0640259
0.0281067
-0.00190735
-0.0353394
-0.0643768
-0.0652924
-0.0585022
-0.0603333
-0.0765839
-0.101959
-0.19313
-0.200394
-0.268707
-0.334488
-0.550385
-0.845734
-1.08136
-0.845505
-0.892105
-0.663239
-0.652588
-0.201935
0.589661
0.252441
0.376785
0.559326
0.653976
0.617188
0.608551
0.564758
0.485138
0.360779
0.20517

[4]
-0.0575867
-0.256226
-0.520981
-0.66214
-0.774368
-0.892532
-0.873657
-0.601227
-0.358887
-0.195435
-0.28064
-0.0514374
-0.26062
-0.285126
-0.570435
-0.150635
-0.0523071
-0.0386658
-0.121613
-0.062561
-0.0421448
-0.0481415
-0.0306091
0.031311
0.0233002
0.00709534
0.0353241
0.0427399
0.0171051
-0.00958252
-0.0328369
-0.0228882
-0.0204926
-0.0221405
-0.0171814
-0.0457916
-0.0287933
-0.0565033
-0.0918121
-0.10556
-0.16983
-0.170227
-0.244843
-0.378174
-0.591782
-0.870773
-1.10278
-0.980743
-0.919968
-0.648895

[5]
-0.627579
-0.0756989
0.653229
0.290237
0.208939
0.497086
0.596237
0.620148
0.598434
0.537537
0.459732
0.396332
0.314514
0.125641
-0.166809
-0.504608
-0.905762
-1.07014
-1.10446
-0.765625
-0.50885
-0.294357
-0.196091
-0.0401306
-0.568176
-0.411072
-0.512634
-0.216705
-0.00123596
-0.020401
-0.0680084
-0.0542908
-0.0831451
-0.0751801
-0.0293579
0.0110474
0.0187225
0.0227661
0.006073
-0.00973511
0.0103607
0.00669861
0.0106812
0.00579834
-0.00788879
-0.0127106
-0.0227966
-0.0341339
-0.0449371
-0.0574036

[6]
-0.0582123
-0.100403
-0.156235
-0.161163
-0.248398
-0.385773
-0.526245
-0.825333
-1.09181
-0.81665
-0.840912
-0.692154
-0.625351
-0.177826
0.711151
0.170563
0.20993
0.512939
0.570419
0.596695
0.564209
0.538879
0.482285
0.463486
0.386169
0.18512
-0.0877533
-0.476395
-0.855392
-1.06921
-1.10509
-0.87207
-0.608826
-0.538818
-0.160339
-0.158127
-0.67012
-0.404678
-0.317947
-0.207809
0.00248718
-0.0732117
-0.0965424
-0.0217438
-0.0801544
-0.0924072
0.00497437
0.0173645
0.0032959
-0.0475922

[7]
-0.0339813
0.0270691
0.0295105
0.0146942
0.0129242
-0.00508118
-0.0287018
-0.0375824
-0.0295715
-0.0115509
-0.00457764
-0.0549774
-0.0977478
-0.150116
-0.156296
-0.12207
-0.171982
-0.280594
-0.402176
-0.694305
-0.888184
-0.860535
-0.855576
-0.837692
-0.625381
-0.457291
0.281815
0.238953
0.251129
0.396729
0.542542
0.633881
0.632568
0.554779
0.488739
0.387039
0.373245
0.230087
-0.0157318
-0.294189
-0.636612
-1.01161
-1.0849
-1.07695
-0.644913
-0.442261
-0.333572
-0.139206
-0.190308
-0.503723

[8]
-0.220749
-0.469803
-0.165985
-0.0584564
-0.0227814
-0.167816
-0.0592041
-0.0232849
-0.0798187
-0.0424347
0.0253448
0.0474854
0.0213776
-0.0197601
-0.0342407
-0.01474
0.0342712
0.0189514
0.0140686
-0.00849915
-0.0293427
0.00701904
-0.0027771
-0.0364532
-0.0340729
-0.0461426
-0.126678
-0.161819
-0.269058
-0.210663
-0.330124
-0.547119
-0.791901
-1.08421
-1.05685
-0.792725
-0.583359
-0.43454
-0.00308228
0.467377
0.357285
0.305313
0.455582
0.564117
0.553253
0.509399
0.446899
0.433075
0.382675
0.302338

[9]
0.110535
-0.129822
-0.460938
-0.858353
-1.05598
-1.0898
-0.845551
-0.552002
-0.29718
-0.337509
-0.0920258
-0.385834
-0.166153
-0.631897
-0.163391
-0.120407
-0.0877533
-0.122574
-0.0840759
-0.0640564
-0.0510712
-0.0282288
0.00784302
0.0245361
0.0172577
-0.0145264
-0.0186157
0.0161438
0.0298767
0.0151367
-0.00482178
-0.0138855
-0.0131226
-0.0151367
-0.0266876
-0.0448761
-0.0478668
-0.0403595
-0.0857849
-0.127319
-0.147034
-0.15419
-0.230606
-0.344894
-0.60524
-0.881485
-1.02856
-0.87381
-0.830658
-0.538971

[10]
-0.521484
0.0435791
0.699768
0.406601
0.216232
0.485703
0.588028
0.634689
0.603287
0.49144
0.406509
0.36795
0.264786
0.037384
-0.197906
-0.552322
-0.942062
-1.07872
-1.11377
-0.811249
-0.515457
-0.31337
-0.528214
0.0608215
-0.427322
-0.241196
-0.501099
-0.442932
-0.17804
-0.0288544
-0.0650635
-0.0313721
0.059082
-0.0703735
-0.0671844
-0.0197144
0.00585938
0.00613403
-0.00706482
-0.00701904
-0.0116425
0.0167847
0.0370483
0.0382385
0.0126953
-0.0482635
-0.0384521
-0.00221252
0.0125885
-0.0189209

[11]
-0.0223236
-0.0766449
-0.072464
-0.112564
-0.171661
-0.156235
-0.281998
-0.490295
-0.787857
-1.04529
-0.756332
-0.884171
-0.68486
-0.369629
-0.175125
0.68222
0.120346
0.268494
0.532196
0.565216
0.650894
0.632797
0.577194
0.497726
0.468979
0.38559
0.187027
-0.123932
-0.410751
-0.837677
-1.06306
-1.09776
-0.884171
-0.5522
-0.30722
-0.108765
-0.13237
-0.597946
-0.205872
-0.326096
-0.282013
-0.120224
-0.017746
-0.078598
0.0183105
-0.018219
-0.0977631
-0.0345001
-0.000335693
0.0223236

[12]
0.00967407
-0.0162354
-0.01091
-0.00863647
0.0124817
0.0236511
0.00767517
-0.00517273
-0.0155945
-0.030365
-0.00845337
-0.011261
-0.0589142
-0.0494385
-0.0580902
-0.113602
-0.132874
-0.157196
-0.300461
-0.517853
-0.93515
-1.07574
-1.03232
-1.00662
-0.65535
-0.427475
0.0592346
0.715164
0.509125
0.369141
0.577698
0.680908
0.652664
0.58075
0.499237
0.415054
0.410934
0.284393
0.0608673
-0.167053
-0.526871
-0.96106
-1.06876
-1.067
-0.658951
-0.465118
-0.320358
-0.32309
-0.0283813
-0.563599

[13]
-0.230362
-0.483002
-0.283142
-0.174789
0.0120087
-0.108917
-0.0299988
-0.0467224
-0.0692902
-0.01091
0.0504456
0.0339661
0.0202484
-0.0153656
-0.0310516
0.0171967
0.0218048
0.00209045
-0.00146484
-0.014267
-0.0153046
-0.025589
-0.0445862
-0.0426636
-0.0563812
-0.0841064
-0.0836945
-0.195724
-0.24559
-0.272888
-0.397018
-0.68988
-1.06186
-1.09935
-1.00481
-0.799789
-0.494995
-0.46962
0.383011
0.097168
0.255142
0.523483
0.566208
0.636414
0.590561
0.533112
0.444717
0.372696
0.34491
0.186813

[14]
-0.0403748
-0.332428
-0.689392
-1.00179
-1.06396
-0.876602
-0.547501
-0.356308
-0.377396
0.00646973
-0.298721
-0.237
-0.424667
-0.344864
-0.241348
-0.027771
-0.0762177
-0.00141907
0.0209656
-0.0705261
-0.0249329
0.00688171
0.0307465
0.00682068
-0.0230865
-0.0185394
0.0232544
0.0218811
0.0252228
0.0136414
-0.0122223
-0.0366058
-0.0578461
-0.0251465
-0.00900269
-0.0331879
-0.0700836
-0.106262
-0.166153
-0.194458
-0.138748
-0.243515
-0.372147
-0.634171
-1.01532
-1.00244
-0.921646
-0.823975
-0.544846
-0.494507

[15]
0.432816
0.171158
0.274063
0.480072
0.553146
0.618088
0.614838
0.570679
0.489014
0.421448
0.387253
0.208878
-0.0513458
-0.3452
-0.726105
-1.05167
-1.08273
-0.819611
-0.501877
-0.377884
-0.446808
-0.140945
-0.155502
-0.529495
-0.342804
-0.302872
-0.153381
-0.0761719
-0.0192413
-0.142685
0.00326538
-0.0942688
-0.0949554
0.00541687
0.0223694
-0.0236664
-0.0365143
-0.0331268
0.0378265
0.0531006
0.00146484
-0.0067749
-0.00865173
-0.0226135
-0.0201416
-0.0294647
-0.0243835
-0.0683289
-0.0513458
-0.0441284

[16]
-0.159805
-0.155823
-0.15274
-0.214645
-0.339417
-0.557846
-0.874847
-1.08986
-0.834839
-0.903366
-0.556458
-0.560791
0.0555115
0.528885
0.368027
0.324371
0.50116
0.595306
0.611099
0.561462
0.488052
0.445755
0.44838
0.307022
0.0439911
-0.224411
-0.599945
-1.03001
-1.07054
-0.913727
-0.619034
-0.512726
-0.300583
-0.555176
-0.0288391
-0.408508
-0.420425
-0.47226
-0.290497
-0.131454
-0.0589142
-0.0457764
-0.0981293
0.063385
-0.0804596
-0.0459595
-0.00132751
0.00819397
-0.0231476
-0.0269318

[17]
0.00808716
0.0147858
0.0259399
0.0148468
0.00762939
-0.00579834
-0.0202789
-0.0256348
-0.027832
-0.0214539
-0.042984
-0.0683594
-0.099762
-0.135681
-0.177429
-0.193878
-0.256622
-0.337097
-0.521118
-0.88179
-1.09128
-0.906052
-0.924286
-0.576859
-0.52597
0.110855
0.625641
0.485794
0.351089
0.576431
0.638794
0.627457
0.554459
0.46669
0.395081
0.342392
0.196915
-0.0324402
-0.306046
-0.640823
-1.04671
-1.08232
-1.11418
-0.861572
-0.423767
-0.0751343
-0.189667
-0.558685
-0.315598
-0.468643

[18]
-0.396835
-0.251266
-0.0516205
-0.0741425
-0.0319519
0.0636292
-0.0695038
-0.0368958
-0.0167389
0.0423737
0.0264893
-0.00914001
-0.0162048
-0.0183716
0.0091095
0.0256348
0.0193329
0.00775146
-0.00177002
-0.0106049
-0.0164795
-0.0103912
-0.0638123
-0.0709229
-0.0895844
-0.0890503
-0.168823
-0.162537
-0.193863
-0.365173
-0.61322
-0.912384
-1.06911
-0.799026
-0.738617
-0.539383
-0.332916
0.0257111
0.655594
0.228592
0.156143
0.453278
0.60788
0.652618
0.651093
0.587021
0.49295
0.388153
0.3022
0.103531

[19]
-0.169769
-0.528625
-0.911392
-1.08284
-1.11835
-0.690491
-0.389786
-0.367111
-0.0522003
-0.187576
-0.577118
-0.299271
-0.445267
-0.302124
-0.0189972
-0.063736
0.046875
0.0385132
-0.129959
-0.0117035
-0.00845337
0.0743866
0.0110321
-0.00891113
-0.0130615
-0.0187836
0.00497437
0.004776
-0.000152588
0.0147095
-0.0131836
-0.0409393
-0.0349579
-0.0197296
-0.0281067
-0.0340424
-0.121033
-0.161514
-0.212967
-0.214157
-0.258667
-0.403915
-0.805038
-1.08008
-0.930695
-1.04266
-0.701309
-0.663742
0.0254059
0.659561

[20]
0.313232
0.260605
0.578369
0.657425
0.705566
0.648376
0.516617
0.43367
0.40184
0.315826
0.0998688
-0.181992
-0.534393
-0.889343
-1.07123
-1.03566
-0.551041
-0.425064
-0.28064
-0.238342
-0.0721741
-0.650665
-0.491577
-0.549484
-0.177109
0.0367889
-0.0755768
-0.0995483
0.0513153
-0.0459442
-0.102997
-0.0118866
0.0173187
0.00149536
-0.00524902
-0.0337524
-0.054306
0.00579834
-0.0107574
0.00799561
0.00941467
-0.00984192
-0.0201569
-0.00544739
-0.00559998
-0.0345306
-0.0518494
-0.0799713
-0.13591
-0.1642

[21]
-0.184143
-0.186554
-0.353043
-0.512939
-0.828705
-1.05014
-0.838287
-0.893478
-0.69986
-0.628799
-0.258484
0.640289
0.147598
0.204132
0.59819
0.584412
0.647507
0.586609
0.513092
0.439667
0.36644
0.297913
0.132187
-0.125854
-0.437027
-0.797592
-1.05725
-1.08731
-0.672882
-0.448486
-0.329605
-0.355087
-0.040802
-0.218491
-0.135162
-0.534149
-0.255554
-0.193161
0.0523224
-0.0412445
-0.105835
-0.0658875
-0.11055
-0.0377045
0.0330505
0.0265045
0.00740051
-0.00970459
0.00952148
0.0203857

[22]
0.015625
-0.00230408
-0.00202942
-0.026001
-0.0240479
-0.031601
-0.0232239
-0.0101471
-0.0657349
-0.0848694
-0.136795
-0.117432
-0.155472
-0.214935
-0.3116
-0.469513
-0.686295
-0.980087
-0.91864
-0.762329
-0.64183
-0.508698
-0.0680695
0.677948
0.281494
0.170441
0.511124
0.562851
0.570786
0.506485
0.467651
0.4384
0.402145
0.301178
0.102371
-0.139954
-0.43161
-0.777039
-1.05765
-1.08978
-0.850403
-0.527481
-0.324554
-0.135696
-0.516449
0.0219727
-0.3461
-0.427124
-0.400558
-0.391602

[23]
-0.00268555
0.0175781
-0.0605316
-0.124191
-0.091507
-0.109711
-0.0754547
-0.016983
0.0250397
0.00488281
0.0216827
0.0317688
0.0093689
0.0134125
0.0121613
0.0298004
0.0140228
-0.0167389
-0.00985718
-0.00440979
-0.0354004
-0.00726318
-0.0284882
-0.0725098
-0.0966949
-0.150269
-0.186615
-0.342545
-0.523056
-0.916443
-1.07896
-1.07661
-1.06537
-0.704773
-0.417084
-0.123566
0.923828
0.375916
0.27272
0.618423
0.650925
0.631165
0.573273
0.526276
0.456146
0.410492
0.338486
0.152542
-0.081604
-0.432022

[24]
-0.836761
-1.0621
-1.09384
-0.704605
-0.436523
-0.289291
-0.176315
-0.313583
-0.125183
-0.422394
-0.330704
-0.354645
-0.289841
-0.0868225
-0.0565948
-0.0640869
-0.0311737
-0.0567627
-0.0351562
0.0183411
0.0206757
0.0322876
0.0281372
-0.0130463
-0.00198364
0.00468445
0.0154266
-0.0114746
-0.00880432
-0.021637
-0.0270386
-0.014801
-0.0153961
-0.0136719
-0.0475006
-0.064682
-0.0996246
-0.20636
-0.198822
-0.265274
-0.355743
-0.600601
-0.900192
-1.08104
-0.925171
-0.795792
-0.518021
-0.44783
0.125946
0.583694

[25]
0.46788
0.374863
0.579254
0.623962
0.587631
0.539291
0.464798
0.378845
0.3806
0.275528
0.032547
-0.223999
-0.603073
-0.94986
-1.06908
-0.935211
-0.565979
-0.45018
-0.270004
-0.0988159
-0.419815
0.102768
-0.444168
-0.28717
-0.479645
-0.278687
-0.195175
-0.0929718
-0.0653076
-0.0415802
0.0153046
-0.0995789
-0.0508423
-0.00338745
0.0361023
0.0182343
0.00587463
-0.0130463
0.0277557
0.0346985
0.00750732
-0.0065155
-0.00292969
-0.00289917
-0.0183716
-0.0175934
-0.0179291
-0.0383911
-0.0298309
-0.0612335

[26]
-0.0933075
-0.146622
-0.158813
-0.16954
-0.304016
-0.509293
-0.850967
-1.08394
-0.827026
-0.885147
-0.662018
-0.547165
-0.0804749
0.836609
0.277069
0.25679
0.575394
0.617416
0.634842
0.585953
0.525864
0.449951
0.422913
0.324753
0.095993
-0.186264
-0.584946
-1.03209
-1.06096
-1.09171
-0.587585
-0.4039
-0.260086
-0.345657
0.0586548
-0.197708
-0.392975
-0.460373
-0.447922
-0.194412
0.0386047
-0.0503387
-0.0657654
0.0513916
-0.0652924
-0.0724487
-0.0214386
0.0136414
0.00891113
-0.0209045

[27]
-0.0345459
-0.00968933
0.027298
0.0420074
0.0241241
0.000274658
-0.00335693
-0.0188293
-0.00827026
0.000976562
-0.0262451
-0.0359955
-0.0542908
-0.084259
-0.101715
-0.130386
-0.160324
-0.253891
-0.396973
-0.720139
-0.876633
-0.948776
-0.8134
-0.836075
-0.526062
-0.465836
0.130981
0.314804
0.30249
0.343414
0.471695
0.551361
0.587112
0.558029
0.523636
0.465103
0.431747
0.31456
0.0869751
-0.173065
-0.543488
-0.916183
-1.07767
-1.11099
-0.74971
-0.394897
-0.0975647
-0.251907
-0.0718536
-0.309509

[28]
-0.495361
-0.439102
-0.264801
-0.0138855
-0.0575104
-0.0570221
0.0170288
-0.054306
-0.0501556
0.00296021
-0.00125122
0.0388184
0.0159607
-0.013092
0.00163269
0.0120087
0.00614929
0.0126953
-0.0177155
-0.0143738
-0.0290375
-0.0180206
-0.0439758
-0.0457916
-0.0403748
-0.0740356
-0.076828
-0.160263
-0.21492
-0.303314
-0.532715
-0.919403
-1.08438
-0.919312
-0.874023
-0.614792
-0.51796
-0.0429382
0.743744
0.395111
0.266846
0.553238
0.625046
0.624619
0.576843
0.500946
0.408142
0.386429
0.281448
0.0640869

[29]
-0.192291
-0.598755
-0.972473
-1.0567
-0.992676
-0.523788
-0.365433
-0.232224
-0.147995
-0.28299
-0.0413513
-0.615295
-0.210571
-0.513519
-0.27121
-0.0858765
0.0906067
-0.0669861
0.0419769
-0.109222
-0.114502
0.000213623
0.0187836
0.0343475
-0.0237579
-0.013382
0.0200806
0.0354309
0.0040741
-0.00926208
-0.00386047
-0.0378571
-0.0497437
-0.0378571
-0.012146
-0.0433197
-0.0481567
-0.074585
-0.148346
-0.155289
-0.195969
-0.233124
-0.315933
-0.548233
-0.88884
-1.0936
-0.934906
-0.809509
-0.504059
-0.55484

[30]
0.118896
0.482483
0.399811
0.349319
0.493195
0.526062
0.535522
0.503082
0.454941
0.417099
0.358612
0.291031
0.0635071
-0.191177
-0.559296
-0.96991
-1.07028
-1.1039
-0.726776
-0.458908
-0.335617
-0.232224
-0.0635681
-0.447449
-0.188797
-0.392929
-0.282501
-0.126877
-0.0623779
-0.0346832
-0.0731201
0.0231171
-0.0411072
-0.0459442
-0.0213318
0.0148163
0.0183411
0.0119324
-0.0110931
-0.0131226
-0.00105286
0.00726318
0.0242157
0.0193176
-0.00398254
-0.00987244
-0.00405884
-0.006073
-0.00909424
-0.036972

[31]
-0.0377502
-0.111801
-0.128387
-0.123764
-0.170578
-0.255524
-0.491943
-0.710526
-0.971436
-0.954971
-0.901596
-0.774414
-0.442795
-0.343521
0.166214
0.320465
0.291199
0.379257
0.520309
0.615952
0.621918
0.612259
0.51059
0.437332
0.376816
0.27626
0.0478668
-0.198288
-0.53215
-0.984055
-1.07729
-1.11157
-0.613052
-0.319092
-0.405655
-0.21521
-0.205597
-0.738068
-0.307739
-0.369217
-0.264114
-0.0942383
-0.111496
-0.0708618
0.0971832
-0.0843811
-0.10907
-0.0180359
0.0411377
0.015152

[32]
-0.0411987
-0.036087
-0.00701904
0.0080719
0.00912476
0.00454712
-0.00123596
-0.00128174
-0.0178833
-0.0234528
-0.0327148
-0.0376587
-0.070282
-0.0970306
-0.131699
-0.144913
-0.144608
-0.207581
-0.349167
-0.568451
-1.0401
-1.08113
-0.916199
-0.877808
-0.563156
-0.47995
0.259537
0.455521
0.409363
0.367584
0.579544
0.588287
0.613281
0.575714
0.491425
0.408875
0.337494
0.279297
0.107376
-0.174652
-0.598907
-1.0173
-1.078
-1.11122
-0.679611
-0.321457
-0.196091
-0.0628204
-0.242538
-0.853683

[33]
-0.379791
-0.485825
-0.261887
0.0354462
0.0030365
-0.0834503
0.0753479
-0.0707397
-0.0747986
-0.0411377
0.0136414
0.0723877
-0.0201874
-0.0383759
-0.0265808
-0.0121155
0.0254517
0.0173492
0.00952148
-0.00804138
-0.0174561
0.0101776
-0.00340271
-0.0243988
-0.0132141
-0.0382996
-0.0722809
-0.103058
-0.138748
-0.151764
-0.20018
-0.29686
-0.511978
-0.743301
-0.938477
-0.658844
-0.71405
-0.577484
-0.369278
-0.340836
0.242676
0.192368
0.240952
0.415009
0.486679
0.582169
0.562988
0.533844
0.449081
0.423462

[34]
0.381683
0.239944
0.0460205
-0.196564
-0.526672
-0.915878
-1.07768
-1.08832
-0.715134
-0.413437
-0.244232
-0.4039
0.0275726
-0.376007
-0.206802
-0.473343
-0.364136
-0.203491
-0.0419617
-0.0920868
-0.00128174
0.05159
-0.0548706
-0.0349274
-0.0045929
0.0124359
0.00161743
-0.0163116
-0.0245819
0.00479126
0.0112152
0.0314636
0.0154266
0.0098877
-0.0110474
-0.0257568
-0.00604248
-0.0233154
-0.0335693
-0.00735474
-0.0326691
-0.0972137
-0.144501
-0.156326
-0.137909
-0.234131
-0.385773
-0.67157
-0.858734
-0.769455

[35]
-0.931015
-0.705109
-0.401901
-0.330246
0.205063
0.648529
0.477417
0.331589
0.528503
0.609055
0.611923
0.577011
0.529877
0.449417
0.338501
0.263168
0.0713654
-0.217743
-0.577515
-0.902557
-1.04773
-0.893494
-0.561432
-0.646606
-0.275696
-0.145447
-0.542831
-0.389969
-0.212143
-0.279221
-0.107498
0.0222778
-0.0957031
-0.0491943
0.0171661
-0.0226135
-0.126312
-0.061615
-0.00474548
0.0169525
-0.00949097
-0.0166168
-0.00135803
0.0110626
0.0426636
0.0128784
-0.00119019
-0.00688171
-0.00460815
-0.00482178

[36]
0.0192108
0.000747681
0.000518799
-0.0417175
-0.052887
-0.0838928
-0.0849304
-0.09935
-0.20578
-0.387939
-0.51297
-0.802948
-1.04651
-0.815872
-0.816177
-0.627884
-0.272797
-0.0294342
0.81308
0.389282
0.279251
0.550766
0.637634
0.567078
0.541763
0.480927
0.4366
0.379028
0.265289
0.113892
-0.0611115
-0.314896
-0.501144
-0.747589
-0.87767
-0.755173
-0.467255
-0.330124
-0.177246
-0.300476
0.0482025
-0.921204
-0.203598
-0.454041
-0.265091
0.0100861
-0.018219
0.0440521
0.0628815
0.0183258

