[1]
0.0571136
-3.05176e-05
-0.00431824
0.00050354
-0.0206757
-0.00550842
-0.0136414
0.00436401
-0.00457764
-0.00765991
-0.00901794
-0.0222626
-0.0178375
-0.00778198
-0.000671387
-0.017868
-0.0285492
0.0288696
0.0690002
-0.0728149
-0.0513611
-0.0552368
-0.0344391
-0.0455933
0.00350952
-0.0553131
-0.0445709
-0.0209045
-0.0355682
-0.012146
0.0315552
-0.00706482
0.00257874
0.068985
0.0824127
0.102814
0.155762
0.187271
0.19574
0.33345
0.287064
0.381378
0.423828
0.464905
0.525986
0.401764
0.35614
0.290985
0.231735
0.184586

[2]
0.118057
0.0353088
-0.0434875
-0.122086
-0.18631
-0.244354
-0.307816
-0.476593
-0.472137
-0.452698
-0.672012
-0.865585
-0.791641
-0.608475
-0.281723
-0.344009
-0.0148315
0.432953
0.0538635
-0.283112
-0.0425262
-0.0713043
-0.104218
-0.0196533
-0.139267
-0.0613708
-0.0484772
-0.161591
-0.0378876
0.01651
0.11087
0.0552368
0.0448303
0.00294495
0.00541687
-0.0389709
-0.0087738
-0.00628662
-0.0147858
0.0045929
0.0151367
0.0240021
0.0127563
0.0248413
0.0263977
0.0444336
0.0677032
0.0371704
0.0705566
0.0464783

[3]
0.0639038
0.0894623
0.216248
0.164307
0.17366
0.209824
0.490219
1.15115
0.650925
0.4254
0.64801
0.774902
0.604416
0.144562
0.22435
0.502716
0.689865
0.679947
0.635971
0.519943
0.367538
0.316437
0.318619
0.19339
0.00445557
-0.0606232
-0.271408
-0.989746
-1.53525
-1.56432
-1.18306
-1.5632
-1.85435
-1.5873
0.974945
0.478165
-0.608826
-0.204376
-0.55043
-0.433228
-0.282623
0.0712433
0.0622864
-0.0571289
-0.0714874
0.0888062
0.0602417
0.0675964
0.0167236
-0.013916

[4]
-0.0294952
-0.00379944
0.000198364
0.00723267
-0.0442047
-0.049057
-0.0406036
-0.025238
-0.0314178
0.0410767
0.0480652
0.0905762
0.105331
0.0225067
0.0856781
0.124298
0.163696
0.214493
0.00944519
0.771057
1.35646
0.54808
0.927948
0.61879
0.866974
0.0526886
-0.0464478
0.311295
0.79158
0.835022
0.716263
0.447037
0.294846
0.319336
0.27832
0.173599
0.0249939
-0.172928
-0.440384
-0.813232
-1.39252
-1.48285
-1.33257
-1.91344
-2.44066
-1.21118
0.157791
0.828186
-0.346527
-0.287048

[5]
-0.20076
-0.150345
-0.419601
-0.481171
-0.0625763
0.0401611
0.0358124
-0.0210571
-0.0227966
-0.0303497
0.0158386
-0.0217285
-0.0376434
-0.0294189
-0.00286865
0.0204773
0.0224609
-0.0242157
-0.0276794
0.00267029
0.0612793
-0.00228882
0.0277557
0.0260162
0.0556488
0.0631409
0.035614
0.0851135
0.136398
0.16066
0.603867
1.46481
0.670273
0.651901
0.573929
0.922638
0.601868
-0.0807495
-0.126556
0.157501
0.680817
0.833755
0.790314
0.627396
0.311081
0.252533
0.321533
0.23938
-0.016037
-0.302811

[6]
-0.540802
-0.866241
-1.55971
-1.3851
-1.21452
-1.8961
-2.04205
-1.07912
1.16719
-0.682159
-0.31778
-0.186279
-0.152481
-0.25502
-0.462631
-0.0270081
-0.0144653
0.0165863
0.028656
0.0474396
0.062851
0.0485077
-0.0791168
-0.111801
-0.0790863
-0.0308075
-0.0199585
-0.01651
0.0167236
0.00982666
0.00119019
-0.0575256
-0.016449
0.00653076
0.0352478
0.0803223
0.0493622
0.00852966
0.0294189
0.0747986
0.208801
0.308197
0.53212
1.35735
0.903732
0.380707
0.45578
0.833282
0.704315
0.0254364

[7]
0.109848
0.330856
0.634308
0.693893
0.631958
0.521027
0.367462
0.271973
0.249588
0.125275
-0.156113
-0.42157
-0.577469
-1.03291
-1.39763
-1.46771
-1.7924
-2.23384
-2.15475
0.193253
0.585266
-0.691223
0.147003
-0.58287
-0.417419
-0.46582
-0.0900574
0.00952148
-0.0112
-0.0914307
-0.0363922
0.0434875
0.0583038
-0.0135345
-0.0810242
-0.0731506
-0.0696106
-0.0577393
-0.0514984
-0.0348358
-0.0230255
-0.0723267
-0.0817413
-0.0191193
0.0370789
0.0417633
0.0182953
0.0449677
0.114273
0.138687

[8]
0.179855
0.131714
0.127304
1.09218
0.956299
0.551758
0.832184
0.602539
0.594299
-0.166809
-0.0431519
0.621048
0.861404
0.787003
0.605057
0.429657
0.327698
0.329514
0.218765
0.138916
0.0266571
-0.192184
-0.442963
-0.757614
-1.28578
-1.80453
-2.01315
-1.94957
-1.76334
-1.52834
1.54399
-0.702179
-0.941315
-0.335999
-0.399033
-0.287125
-0.291748
0.0552368
-0.0619965
-0.00624084
-0.0161438
0.062912
-0.0422974
-0.080307
-0.033783
-0.0600586
-0.0758972
-0.0266571
-0.0525665
0.00579834

[9]
-0.0518341
-0.0920868
-0.0682068
-0.0284882
-0.000564575
0.081543
0.0670471
0.103882
0.0765839
0.00456238
0.0935516
0.185959
0.19809
0.532288
1.06096
0.717316
0.92337
0.855057
0.710663
0.219742
-0.385162
0.112198
0.764984
0.892349
0.715683
0.526108
0.353226
0.319153
0.292664
0.207733
0.0947266
-0.149155
-0.40065
-0.740356
-1.26573
-1.65401
-1.50853
-1.83728
-2.23195
-1.558
0.350388
0.364532
-0.879562
-0.287552
-0.564697
-0.100632
-0.466751
-0.136536
-0.019516
-0.0823212

[10]
0.00610352
-0.0181122
0.0506439
0.0402832
-0.0761566
-0.0590057
-0.0546417
-0.0664062
-0.0833435
-0.0554962
-0.0639648
-0.0708618
-0.0788574
-0.0616608
-0.0443115
-0.0454407
-0.0344391
0.0431213
-0.00505066
0.0386505
0.056839
0.0831757
0.142517
0.187698
0.656357
1.63219
0.646591
0.438232
0.7621
0.808304
0.305695
-0.303284
0.0476532
0.394669
0.706406
0.711823
0.668716
0.459549
0.247696
0.204132
0.265335
0.194809
-0.02771
-0.279922
-0.597595
-1.06108
-1.77272
-1.81699
-1.80484
-2.24413

[11]
-1.11804
-0.384674
1.44563
-0.367371
-0.967758
-0.214661
-0.0211945
-0.297119
-0.650009
-0.322525
-0.214554
-0.0239258
0.0371552
0.0202026
-0.0332031
-0.0458069
-0.0789032
-0.14743
-0.127106
-0.0643158
0.00564575
-0.0454712
-0.0242004
-0.0190887
-0.0340118
-0.0422363
-0.0287018
-0.00212097
0.0574646
0.0223999
-0.0183716
0.0657043
0.115707
0.0951538
0.167099
0.634186
0.998947
0.560577
0.504196
0.879272
0.548752
0.459427
-0.432159
0.083847
0.728867
0.798279
0.601288
0.384689
0.225266
0.216812

[12]
0.18573
0.0918427
0.0756989
-0.0489807
-0.389023
-0.681229
-1.28275
-1.83438
-1.64578
-1.80209
-1.96895
-1.40587
0.73848
0.377838
-0.544861
-0.271194
-0.286041
-0.25531
-0.550064
-0.373047
-0.0941162
-0.0435486
-0.0447235
-0.0721588
-0.0192871
0.0345306
-0.0315399
-0.0918274
-0.0692139
0.0176086
0.0413208
-0.106628
-0.248856
-0.0821991
-0.0167694
-0.100388
-0.104599
-0.0556488
-0.0271301
0.0212097
-0.0182037
0.00149536
0.0540314
-0.0106812
0.0575562
0.000778198
0.137711
0.625061
0.957657
0.960159

[13]
0.6203
0.631012
0.846161
0.293015
-0.420914
0.0803375
0.495575
0.735947
0.64476
0.552383
0.282822
0.0812683
0.0141296
0.0767975
0.0736694
-0.110672
-0.477341
-0.814529
-0.991623
-1.38525
-1.54996
-1.33237
-1.716
-1.79422
-1.06456
0.650528
0.771439
-0.377304
-0.378815
-0.475922
-0.261734
-0.661285
-0.295319
0.0109558
-0.0213623
-0.0424347
0.00894165
-0.0343323
0.0144806
-0.0489349
-0.14212
-0.116638
-0.0395813
-0.0181732
-0.0901794
-0.0954132
-0.0440063
-0.0684662
-0.0904846
-0.0180817

[14]
-0.0364532
0.00201416
0.0492401
-0.0305023
0.0406189
0.00375366
0.0393066
0.0195312
0.204742
0.985428
1.01614
0.675629
0.867813
0.635086
0.881683
-0.14798
-0.291458
0.248947
0.690201
0.759918
0.670685
0.524368
0.302124
0.110092
0.149094
0.212677
0.0565948
-0.207123
-0.573273
-0.913971
-1.54478
-1.65245
-1.74883
-2.04268
-1.42337
-1.22559
0.716949
0.48996
-0.8237
-0.353577
-0.217117
-0.279892
-0.588348
-0.364929
-0.135269
-0.051651
-0.00318909
-0.00224304
-0.0313263
-0.0527191

[15]
-0.0504303
-0.173813
-0.0952454
-0.0809479
-0.0431366
-0.062439
-0.081131
-0.0722504
-0.064621
-0.0938416
-0.0695496
-0.0217438
0.00444031
0.0236053
0.00263977
0.0837097
0.0779572
0.0932465
0.0157166
0.327469
1.32384
0.729202
0.653488
0.713806
0.550339
0.484329
-0.187668
0.101913
0.410751
0.747665
0.707855
0.622879
0.354813
0.182709
0.241943
0.304703
0.21347
-0.165985
-0.443146
-0.651657
-1.05429
-1.38873
-1.27089
-1.43822
-1.63319
-1.70959
-1.20715
-0.727829
0.952896
0.0220642

[16]
-0.826431
-0.194214
0.127472
-0.376907
-0.802139
-0.295197
-0.029068
0.0435028
-0.101746
-0.0891113
0.0349884
-0.0269623
-0.147095
-0.071579
-0.0254822
-0.0618439
-0.10881
-0.0136261
-0.0212555
-0.10347
-0.0880737
-0.0844574
-0.0418396
-0.032486
-0.00949097
0.025238
0.0151978
-0.0368958
-0.0266876
0.00143433
0.072403
0.130859
0.139328
0.164001
0.570862
1.01674
0.408981
1.13342
0.583511
0.587265
-0.0766144
-0.292603
0.371872
0.755051
0.681396
0.523346
0.401489
0.23912
0.241104
0.260986

[17]
0.218262
0.116119
-0.0240936
-0.245239
-0.767853
-1.1656
-1.53708
-2.01265
-2.53989
-1.41074
-0.318054
-0.3582
0.838623
-0.142731
-0.736664
-0.360214
-0.376587
-0.444473
-0.271179
-0.0259094
-0.0587921
-0.0923462
-0.0826111
0.0702667
0.0729065
-0.0293274
-0.0242462
-0.0511475
-0.129242
-0.103561
-0.0597839
-0.115952
-0.0429535
-0.08284
-0.09758
-0.0158844
-0.0446777
-0.0752563
-0.0685425
-0.0476227
-0.0367279
-0.0209656
-0.0395203
-0.00935364
-0.0193329
0.134354
0.193619
0.472229
1.01842
0.564926

[18]
0.572495
0.460754
0.470444
0.685272
0.121048
-0.113586
0.361984
0.528305
0.647583
0.59169
0.468781
0.291687
0.223511
0.261429
0.234482
0.132614
-0.0392914
-0.211655
-0.422012
-0.762039
-1.16222
-1.27394
-1.52979
-1.68777
-1.45595
-0.466476
-1.05376
-0.210815
1.08844
-0.134384
-0.819641
-0.0451965
-0.147278
-0.488998
-0.64592
-0.106277
-0.0846863
0.0160522
-0.0861359
-0.0654755
-0.0626678
0.0142822
-0.0303802
-0.103546
-0.037384
0.00454712
0.0123138
-0.0986481
-0.0949097
-0.041687

[19]
-0.0447845
-0.0747223
-0.150024
-0.0762177
0.0199127
0.0294495
-0.00447083
0.0634155
0.048111
0.00999451
0.0988312
0.109146
-0.0719147
0.308731
1.25369
0.509949
0.825043
0.669296
0.522675
0.324722
-0.188828
0.0520935
0.479599
0.700638
0.655075
0.551239
0.334991
0.237671
0.33284
0.343475
0.127472
-0.0553741
-0.303116
-0.656342
-0.977127
-1.21342
-1.23923
-1.84747
-2.17824
-1.15378
-0.997025
0.327408
0.0988464
-0.36937
-0.468445
-0.245834
-0.376709
-0.42868
-0.0255432
0.0507965

[20]
0.0165558
-0.0746613
-0.118423
0.0270233
0.00985718
-0.0506439
-0.0450745
-0.0713501
-0.0524902
-0.0714874
-0.0569458
-0.0431061
-0.0540009
-0.033432
-0.0403748
-0.0415497
-0.0665741
-0.0469513
0.00646973
0.0115051
-0.0178375
-0.00918579
-0.0096283
-0.0179138
-0.0359344
0.0981903
0.0424805
0.105774
0.447998
1.08263
0.613052
0.666611
0.695831
0.500671
0.878342
0.193741
-0.259003
-0.00500488
0.381195
0.709335
0.717117
0.664108
0.444305
0.156967
0.167023
0.258545
0.0690002
-0.336014
-0.411865
-0.731415

[21]
-0.852066
-1.02383
-1.14651
-1.56038
-1.97353
-1.06566
-1.15738
0.792297
0.474945
-0.808853
-0.458984
-0.310577
-0.283142
-0.392105
-0.0705872
0.0193787
-0.0890656
-0.0830231
0.0473022
0.128723
-0.00663757
-0.0569763
-0.0809479
-0.0531158
-0.0889282
-0.0894012
-0.0630341
-0.023056
-0.0675964
-0.0884552
-0.0381775
-0.0716553
-0.0618134
-0.0277557
0.0496216
0.0794983
0.103714
0.00686646
0.0211639
0.0894928
0.0470886
0.0447693
0.706589
1.0708
0.685547
0.912552
0.408478
0.333664
-0.0110321
0.151367

[22]
0.435913
0.686325
0.662888
0.570206
0.40416
0.288559
0.264999
0.294937
0.241455
0.0827484
-0.106476
-0.347275
-0.665604
-1.06015
-1.14905
-0.938187
-1.10118
-1.30725
-1.07944
-1.14018
-0.982758
-0.205185
1.00108
-0.394821
-0.663147
0.073761
-0.0880127
-0.327713
-0.292252
-0.152756
-0.0950623
-0.0115204
-0.0451355
0.00402832
0.0589447
-0.0608673
-0.0787201
0.0072937
0.000671387
-0.063324
-0.0113831
0.00614929
-0.0552216
-0.0696259
-0.0274506
-0.0203857
0.0206146
0.0323944
0.0822144
0.0824127

[23]
0.0505524
0.0305176
0.0128326
0.0740967
0.196457
0.213913
0.204926
0.857101
0.73822
0.482086
1.09286
0.618362
0.531754
-0.207932
0.169006
0.626587
0.776108
0.63739
0.519653
0.360794
0.25946
0.286484
0.296417
0.214355
0.0498657
-0.118698
-0.565826
-0.857742
-1.28758
-1.41891
-1.66165
-1.91077
-1.01402
-1.08119
-0.257828
0.820343
-0.736496
-0.551361
-0.356888
-0.125381
-0.290405
-0.331772
-0.00357056
0.0150452
-0.0340271
-0.0298004
0.0354614
0.0518494
0.0137939
-0.05867

[24]
-0.0287628
-0.00259399
0.0354309
0.0052948
0.0151978
0.0109406
-0.0528717
-0.0355072
-0.0293579
-0.0104065
0.0157623
0.010788
0.0433044
0.0415649
0.0324554
0.0199738
0.0163879
0.00445557
0.153656
0.43364
0.989944
0.76178
0.556168
0.777481
0.548462
0.414978
0.0479736
0.170578
0.503403
0.729172
0.654282
0.583069
0.448822
0.290359
0.278214
0.315399
0.270355
0.136963
-0.0236359
-0.386856
-0.7668
-1.18488
-1.42
-1.22861
-1.62747
-1.80714
-0.941849
-1.06363
0.111786
0.841858

[25]
-0.56395
-0.518097
-0.303848
-0.354965
-0.302261
-0.0405426
0.0308685
-0.138626
-0.0898132
-0.0522766
0.124649
0.00973511
-0.0479431
-0.07164
-0.0340729
-0.0743256
-0.080307
-0.05896
-0.0297699
-0.0285797
-0.06427
-0.0755157
-0.017334
-0.00978088
-0.0103455
0.00146484
-0.0122528
-0.00370789
0.00727844
0.0951538
0.0735779
0.0527191
0.0444031
0.186188
0.620514
1.40221
0.594376
0.500565
0.479706
0.723923
0.505951
-0.153305
0.242462
0.466187
0.673019
0.664825
0.586655
0.402695
0.224075
0.169083

[26]
0.270462
0.250931
0.121948
-0.136856
-0.506073
-0.989349
-1.44205
-1.37845
-1.37538
-1.70987
-1.5816
-1.20621
-0.109299
0.897888
-0.341034
-0.309509
-0.383102
-0.176254
-0.476608
-0.357117
-0.00558472
-0.000976562
-0.0118256
-0.0514069
-0.0306854
-0.00245667
-0.0518799
-0.0630798
-0.0781555
-0.0625458
-0.0746765
-0.0522919
-0.0158539
-0.0541992
-0.0544128
-0.0570374
-0.059967
-0.00762939
-0.0179901
0.021637
0.019516
0.0195007
0.00698853
0.102554
0.0419464
0.111893
0.000778198
0.22229
0.909897
0.823257

[27]
0.627472
1.10651
0.574554
0.567902
-0.0964813
-0.192688
0.460083
0.780319
0.679718
0.549042
0.458344
0.276733
0.230331
0.193176
0.196991
0.0879822
-0.126526
-0.439362
-0.969528
-1.38577
-1.59056
-1.39673
-1.61177
-1.60515
-1.20457
-0.546722
1.3363
-0.671646
-0.67186
-0.546753
-0.418777
-0.266418
-0.188599
0.0442505
-0.0645905
-0.0796051
-0.0723419
0.0218658
0.0403137
-0.0209808
-0.0280457
-0.0726318
-0.0341797
-0.0614014
-0.0600281
-0.0458374
-0.0268555
-0.027832
-0.0578308
-0.0638885

[28]
-0.0131073
-0.0108643
-0.0166321
-0.0277405
-0.012619
0.0270844
0.0841675
0.0626221
0.0507812
0.156204
0.52597
1.17807
0.446426
0.370972
0.670197
0.507309
0.63324
-0.0800629
0.0668945
0.411575
0.624268
0.635666
0.572174
0.424255
0.238358
0.189178
0.282425
0.27858
0.0902405
-0.174744
-0.497299
-0.787399
-1.22145
-1.43964
-1.54402
-1.70239
-1.64706
-1.19894
-1.07228
1.27893
-0.264709
-0.645874
-0.247131
-0.239456
-0.289612
-0.322754
-0.0540314
-0.012146
-0.0942841
-0.0677948

[29]
0.00411987
-0.0166626
-0.0399323
-0.0398407
-0.0164948
-0.0906067
-0.0853577
-0.0207367
0.0173035
-0.0211639
-0.100235
-0.0638123
-0.0149689
-0.00483704
-0.0398254
0.0118713
0.0226898
-0.0134735
0.0180511
-0.0267639
0.0777588
-0.0652313
-0.00634766
0.0778351
0.246841
1.00156
0.600845
0.66655
0.917831
0.422531
0.346878
0.13443
0.143158
0.494751
0.756149
0.648697
0.574295
0.401459
0.270645
0.321198
0.368866
0.238007
0.00733948
-0.189911
-0.470154
-0.902023
-1.285
-1.13573
-1.21896
-1.71376

[30]
-1.91988
-1.02658
-0.943253
0.811844
-0.0212097
-0.76976
-0.392822
-0.202118
-0.385239
-0.307251
-0.12178
-0.137451
-0.0696564
-0.0253601
-0.0015564
-0.0214691
-0.0324554
-0.0131531
-0.0448608
-0.0764465
-0.0922852
-0.0645142
0.00881958
-0.034317
-0.0497894
-0.0851135
-0.0195923
0.0353241
0.0232697
-0.0196686
-0.0169983
-0.026535
-0.017868
-0.0691376
-0.0276337
0.108368
0.0261383
0.10202
0.330978
0.978577
0.559402
0.33728
0.906326
0.47493
0.51059
0.262009
-0.0508118
0.337646
0.669571
0.669128

[31]
0.569305
0.399261
0.224289
0.20192
0.280991
0.317917
0.18924
-0.26593
-0.507782
-0.721603
-1.00031
-1.13263
-1.1377
-1.18291
-1.32092
-1.28018
-0.694916
-1.17001
0.372971
0.718872
-0.734863
-0.30867
-0.180817
-0.267822
-0.28334
-0.094635
0.00190735
-0.162704
-0.0919342
0.0385895
0.0729828
0.0561218
-0.0436707
-0.0774536
-0.0697784
-0.0463867
0.0130463
0.0707092
0.0201111
-0.0418091
-0.0710754
-0.0373993
-0.000473022
-0.0606995
-0.0273132
0.0402679
0.0494995
0.00628662
0.0157166
0.0557861

[32]
-0.00344849
0.127167
0.122543
0.0986328
0.55687
1.08249
0.522583
0.930222
0.52002
0.551224
0.168442
-0.215073
0.299835
0.657669
0.704147
0.613159
0.483429
0.323471
0.229752
0.285904
0.304077
0.153488
-0.0685883
-0.332886
-0.561508
-0.941452
-1.0723
-1.03557
-1.53441
-1.94337
-1.21365
-1.04054
-0.516327
1.02112
-0.451538
-0.600357
-0.381348
-0.153748
-0.354187
-0.162567
0.0528564
-0.0613861
-0.0609436
0.00532532
0.0590515
0.0704956
-0.0132294
-0.0447998
-0.067276
-0.0815125

[33]
-0.00619507
0.0055542
-0.0542603
-0.0684662
-0.0434875
0.00245667
-0.0387573
-0.0271454
-0.00942993
0.0490723
0.0541992
0.0377502
0.0635834
0.019577
0.0590515
0.0852356
0.141357
0.488129
1.21109
0.616928
0.642822
0.561264
0.350052
0.135391
-0.029953
0.501816
0.686966
0.622177
0.561157
0.489929
0.330261
0.248901
0.30127
0.300018
0.152176
0.0565186
-0.171494
-0.525131
-0.984802
-1.29198
-1.23962
-1.61472
-2.24544
-1.1956
-1.14861
0.395218
0.672745
-0.360474
-0.643509
-0.416901

[34]
-0.280823
-0.261078
0.00701904
0.136414
-0.0257263
-0.0635834
0.0414124
0.128799
0.0504303
-0.0622253
-0.165237
-0.105133
-0.0731659
-0.0709991
-0.094101
-0.0590973
-0.00994873
-0.0269775
-0.0628357
-0.0635529
0.026535
0.0320435
0.0809479
0.0423584
0.0290833
0.024704
0.0159454
0.0821228
0.0762634
0.41774
1.06987
0.692215
0.778809
0.824707
0.330338
0.477463
0.0996704
0.143555
0.488174
0.699631
0.577362
0.531601
0.382599
0.250809
0.171051
0.178268
0.136765
0.0206451
-0.221512
-0.453552

[35]
-0.84845
-1.28754
-1.69035
-1.59659
-1.79164
-1.3933
-1.16205
0.621033
0.967606
-0.844193
-0.417191
-0.290833
-0.23967
-0.434296
-0.159088
-0.0180969
-0.0753937
-0.0782471
-0.0417023
0.0167694
0.0466156
-0.0202179
-0.118835
-0.0791473
-0.0668793
-0.0273895
-0.0438995
-0.0742035
-0.0573578
-0.0140686
-0.0497131
-0.0445709
-0.0152435
0.00119019
0.0446777
0.0460205
-0.0371094
0.0321808
0.0538177
0.0694275
0.107819
0.0871735
0.732925
1.0097
0.750961
0.986282
0.498352
0.399139
0.063797
0.0243378

[36]
0.376236
0.673492
0.679123
0.626984
0.476227
0.340179
0.302872
0.259903
0.219559
0.112778
-0.0419922
-0.176804
-0.568054
-1.22046
-1.60162
-1.46379
-1.64616
-2.14397
-1.38785
-0.0296783
1.21368
-0.71106
-0.42392
-0.301376
-0.271606
-0.582382
-0.209854
-0.00186157
-0.0679474
-0.0736237
-0.0684967
0.062851
0.00526428
-0.0830383
-0.0914001
-0.0661774
-0.0255585
-0.0640259
-0.101486
-0.0572205
-0.0240021
-0.108765
-0.0960083
-0.0691071
-0.0304413
0.00509644
0.0382996
0.0359955
0.0149841
0.0193329

[37]
0.0354156
0.123688
0.106033
0.0633698
0.77803
1.26636
0.307785
0.96434
0.517944
0.563797
-0.0388489
-0.0253906
0.469467
0.7444
0.659821
0.554565
0.420029
0.258316
0.231415
0.275131
0.230392
0.0513458
-0.251694
-0.477524
-0.742142
-1.22275
-1.54004
-1.43738
-1.57857
-1.50653
-1.55344
-0.976822
1.4285
-0.591446
-0.453522
-0.510635
-0.348541
-0.321396
-0.34317
-0.00256348
0.00288391
-0.0647888
-0.0576782
-0.0188751
-0.0336456
-0.00973511
-0.0618286
-0.142929
-0.108032
-0.0803986

