[1]
0.248932
-0.253769
-0.224854
-0.220169
-0.218979
-0.211075
-0.128967
-0.0627441
-0.0848389
-0.0307922
-0.0823212
-0.0799408
-0.0156555
0.0997772
0.0798492
0.339645
0.753311
0.69751
0.599976
0.0737915
0.0704803
-0.331192
0.019516
0.658173
0.674133
0.596222
0.476715
0.32457
0.256805
0.250259
0.119492
0.0314331
-0.0301361
-0.2005
-0.594421
-1.02686
-1.17084
-1.40131
-1.40219
-1.67137
-1.62805
-1.70773
-1.09435
-1.20515
1.09779
0.706955
-1.0827
0.0314484
-0.310135
-0.815643

[2]
-0.405304
-0.328217
0.0249786
-0.0890503
-0.0587006
-0.108871
-0.0883331
-0.0231781
-0.0244141
-0.0623932
-0.04245
-0.0406189
-0.0467377
-0.0188599
-0.0151978
-0.0683441
-0.0593719
-0.0266724
4.57764e-05
0.0337372
0.00418091
0.0469971
0.0615234
0.0935364
0.0999756
0.0974121
0.101974
0.104691
0.432495
1.08145
1.02045
0.617737
0.35463
0.269379
-0.0394135
-0.144516
0.444366
0.764832
0.662155
0.566391
0.451416
0.342346
0.328445
0.3228
0.270737
0.201218
-0.0969391
-0.238068
-0.54306
-1.04477

[3]
-1.23271
-1.735
-1.84518
-1.84758
-1.85335
-1.50116
-1.7565
0.936523
0.641922
-0.688492
-0.333755
-0.561752
-0.553223
-0.340881
-0.209274
-0.054657
-0.0475922
-0.0849609
-0.0543365
0.00257874
0.009552
0.00262451
0.0019989
-0.0703125
-0.091629
-0.027298
-0.00840759
-0.032547
-0.068634
-0.0683594
-0.0299835
-0.0159149
0.0363617
0.0396423
0.0744934
0.0916443
0.0659637
0.111053
0.135254
0.159821
0.572067
1.064
1.08807
0.657089
0.487335
0.249115
0.0207062
0.00117493
0.76207
0.776932

[4]
0.696457
0.469803
0.379929
0.303696
0.198334
0.127136
0.0555267
-0.158585
-0.308075
-0.495407
-0.833633
-1.07573
-1.40718
-1.7348
-1.57098
-1.66016
-1.72366
-1.78101
0.128937
1.47318
-0.728882
-0.272034
-0.152008
-0.491623
-0.419037
-0.240891
0.0247498
-0.112198
-0.0506287
-0.00790405
-0.0569305
-0.0254517
0.0310211
0.0346222
0.0538025
0.0160828
0.0211182
0.0304871
0.0258636
0.0127869
0.00338745
-0.021225
0.0368652
0.0897675
0.122375
0.0912781
0.114975
0.182938
0.210205
0.171616

[5]
0.25592
0.835236
1.3821
0.843613
0.420532
0.212402
0.108856
-0.322495
0.784973
0.981537
0.798035
0.635986
0.493988
0.339951
0.307205
0.228745
0.0868378
-0.0467072
-0.137085
-0.410263
-1.03961
-1.4462
-1.73499
-1.82863
-1.65244
-1.70868
-1.68298
-1.80229
0.361862
1.14326
-1.13277
-0.282379
-0.188141
-0.597961
-0.37854
-0.303192
-0.0927429
-0.125168
-0.140472
-0.0893097
-0.0827789
-0.0597076
-0.0137329
-0.0531311
-0.0501251
-0.0536804
-0.0569153
-0.0347137
-0.00942993
-0.00872803

[6]
-0.0548096
-0.04039
-0.0173187
0.00631714
0.0267029
0.0874023
0.105087
0.0345764
0.0520325
0.0823212
0.171494
0.219604
0.593857
1.19283
0.796326
0.619232
0.384094
0.315216
-0.0921021
-0.257996
0.790741
0.872803
0.612305
0.454163
0.290756
0.159027
0.153503
0.0731354
-0.00180054
-0.0689545
-0.335739
-0.689316
-1.13089
-1.63339
-1.74966
-1.81813
-1.90172
-1.72911
-1.93887
-0.708786
1.60342
-0.882492
-0.697174
-0.397156
-0.561813
-0.246841
-0.167877
-0.120605
-0.0675659
-0.0719147

[7]
-0.102982
0.0294342
-0.0337372
0.0488892
-0.0722198
-0.0335083
-0.04599
-0.0549316
-0.0224762
-0.0379028
-0.0357971
-0.0298767
0.00396729
0.0777588
0.0645294
0.0608673
0.04599
0.0824432
0.122711
0.144897
0.158447
0.382828
0.944443
1.0573
0.682556
0.438156
0.240768
-0.158325
-0.127533
0.716522
0.891464
0.674164
0.498627
0.356873
0.244339
0.222641
0.162003
0.111954
0.02034
-0.172867
-0.396118
-0.859512
-1.47403
-1.98476
-1.92796
-1.81567
-1.88423
-1.79034
-1.61722
0.585327

[8]
1.43153
-1.37392
-0.249863
-0.423141
-0.530182
-0.368011
-0.209885
-0.131897
-0.176971
-0.167282
-0.101288
-0.0806427
-0.0394897
-0.0196838
-0.0713501
-0.0823669
-0.0696716
-0.0745087
-0.0770874
-0.0645599
-0.0533295
-0.0785217
-0.0391693
-0.0297699
0.019928
0.0380249
-0.0052948
0.0384674
0.0448608
0.0753632
0.123627
0.208588
0.575638
1.29297
0.612595
0.576584
0.346466
0.320969
0.0532379
-0.135666
0.730972
0.885971
0.539642
0.324738
0.225311
0.207703
0.249863
0.247086
0.132416
0.0182953

[9]
-0.242081
-0.634186
-0.875259
-1.47455
-1.80386
-1.88141
-2.23914
-2.27608
-1.98518
-0.307999
1.1308
-0.613678
-0.853363
-0.376144
-0.584122
-0.324951
-0.0106201
-0.04599
-0.0783386
-0.139999
-0.154968
0.00901794
-0.0543976
-0.0410461
-0.0702057
-0.0571136
-0.095932
-0.0649567
-0.0452881
-0.0344391
-0.054657
-0.0902863
-0.0431976
-0.00309753
0.0325928
0.0592804
0.013031
0.0342255
0.0614929
0.0674133
0.101578
0.248825
0.592148
1.37141
0.721344
0.544815
0.261261
0.572144
-0.058609
-0.168808

[10]
0.402069
0.73848
0.709793
0.565323
0.403748
0.279251
0.243637
0.183167
0.145416
-0.000274658
-0.359253
-0.67511
-1.16661
-1.72273
-1.95683
-1.8784
-2.11035
-1.84442
-1.51064
0.222519
0.274658
-0.906448
-1.00826
-0.145996
-0.46254
-0.329651
0.0310974
-0.0738678
-0.0269012
-0.193497
-0.125
0.0162659
-0.00708008
-0.111771
-0.121185
-0.121445
-0.0962982
-0.0964813
-0.0863647
-0.0513306
-0.0627747
-0.0529785
0.0281372
0.0088501
0.0286713
0.0555115
0.0671692
0.0689087
0.118668
0.0946198

[11]
0.105988
0.522598
1.48007
0.714691
0.431519
0.09758
0.425751
-0.0658569
0.0932465
0.719086
0.78035
0.691711
0.579147
0.384445
0.309326
0.280563
0.15329
0.0831757
-0.0380096
-0.330368
-0.600403
-1.03275
-1.44992
-1.76512
-1.74603
-1.66324
-1.63911
-1.87418
-1.40189
1.60532
-0.891937
-0.505203
-0.398849
-0.568497
-0.291855
-0.185028
-0.140228
-0.066391
-0.0189362
-0.120621
0.0391846
-0.0579071
-0.0317535
-0.0725861
-0.0585175
-0.0376892
-0.0416412
-0.0352325
-0.0091095
-0.02388

[12]
-0.0314484
-0.0341949
-0.00700378
0.0423737
0.0603333
0.0848541
0.0704651
0.0191345
0.083313
0.10881
0.239868
0.525848
1.22321
0.936722
0.594315
0.28952
0.314453
-0.20752
-0.0517273
0.856476
0.86731
0.62616
0.521866
0.389542
0.266098
0.17601
0.126862
0.12439
-0.071167
-0.240936
-0.580353
-0.962387
-1.41248
-1.78645
-1.91689
-1.81122
-1.8989
-1.94063
-1.28465
1.60745
-1.12953
-0.603638
-0.432968
-0.441544
-0.319397
-0.114975
-0.112442
-0.125381
-0.02771
-0.0589447

[13]
0.0181274
0.0279541
0.00837708
-0.0495758
-0.0690308
-0.0313263
-0.0458832
-0.0271912
-0.0346375
-0.0567017
-0.0486145
-0.0426331
0.0419006
0.0419159
0.0634155
0.039032
0.0829926
0.101883
0.14946
0.15451
0.370148
0.981415
1.13074
0.609467
0.206451
0.144577
-0.0978851
-0.0435028
0.889313
0.882568
0.676056
0.506454
0.366776
0.362427
0.350327
0.24585
0.184784
0.0251923
-0.3983
-0.703049
-0.900558
-1.15279
-1.21964
-1.39038
-1.70062
-1.75571
-1.14996
-1.3232
-1.3802
1.52667

[14]
-0.418823
-1.18784
0.263199
-0.202652
-0.15303
-0.0776825
-0.0733185
-0.0621796
0.0626221
0.044693
0.098999
0.104721
0.109238
0.122299
0.050415
0.0214844
0.0302277
0.0209656
0.0393829
0.0387573
0.0308533
0.0859833
0.0716705
0.105042
0.165192
0.12796
0.165619
0.15155
0.225769
0.224655
0.542572
1.10158
0.805969
0.785736
0.2323
0.238205
-0.0301514
0.201523
0.867477
0.741089
0.587387
0.417877
0.31723
0.343918
0.331192
0.241058
0.115875
-0.0343933
-0.456085
-0.799789

[15]
-1.18085
-1.70883
-1.77026
-1.71669
-1.74928
-1.43214
-1.42528
-1.17468
1.60913
-0.809509
-0.63974
-0.317886
-0.507721
-0.311295
-0.19548
-0.113007
-0.0790558
-0.137894
-0.0840302
-0.0724792
-0.0431976
0.0154724
-0.0285645
-0.0629272
-0.0685425
-0.0316772
-0.0499115
-0.0359344
-0.0032959
-0.0265961
-0.0643311
-0.0231628
0.0147552
-0.0065155
0.0381622
0.110916
0.136398
0.0630493
0.0986328
0.122635
0.203369
0.560211
1.25166
0.889984
0.63472
0.182739
0.339249
-0.0473022
0.079361
0.869797

[16]
0.781876
0.578949
0.405396
0.254761
0.208115
0.136108
0.0717773
-0.024231
-0.230316
-0.515045
-0.87355
-1.21318
-1.38518
-1.30884
-1.40857
-1.40999
-1.45427
-1.55043
-1.02415
1.67726
-0.738571
-0.627731
-0.164398
-0.413528
-0.279724
-0.147659
-0.0564575
-0.0322571
-0.029007
-0.0136414
-0.00880432
0.0127411
0.0396271
0.00297546
-0.0317383
-0.036438
0.0198822
0.0113983
0.0328674
0.0184479
0.0164032
0.00485229
0.0264893
0.0492859
0.0241547
0.054184
0.102493
0.0608368
0.0549774
0.133194

[17]
0.126511
0.351593
0.70929
1.01797
0.771164
0.522751
0.0372162
0.0632935
-0.041153
0.411911
0.930298
0.740829
0.53183
0.430634
0.304123
0.29866
0.261444
0.182098
0.0227203
-0.219315
-0.474487
-0.796799
-1.24057
-1.63728
-1.76038
-1.76456
-1.66861
-1.69301
-1.58386
-0.142868
1.28079
-0.705887
-0.435471
-0.312042
-0.41156
-0.320786
-0.191147
-0.0453796
-0.120682
-0.0995026
-0.0550385
-0.0589447
0.00418091
-0.0450592
-0.10321
-0.0710754
-0.0402832
-0.0743408
-0.0830536
-0.0428467

[18]
-0.0276947
-0.0396271
-0.0538025
-0.0144043
0.000198364
0.00798035
0.0584259
0.0571289
0.0109406
0.0468903
0.0825958
0.234039
0.538986
1.08116
0.994675
0.694763
0.17569
0.122559
-0.107422
-0.139221
0.635147
0.775024
0.604813
0.466812
0.374451
0.270767
0.273605
0.240814
0.113403
-0.0372925
-0.240829
-0.678131
-1.07266
-1.36153
-1.64537
-1.73077
-1.6808
-1.84842
-1.11745
-1.414
0.812683
0.803299
-0.933807
-0.535889
-0.482849
-0.466904
-0.278534
-0.111237
-0.0938568
-0.119446

[19]
-0.111465
-0.105316
0.0416565
-0.0240936
-0.0329742
-0.060379
-0.0642853
-0.0570984
-0.0448303
-0.00886536
-0.0241241
-0.0326996
-0.0798492
-0.0142059
0.0420685
0.0559387
0.0908813
0.0704193
0.118591
0.0955963
0.136719
0.194
0.389404
1.08104
0.940964
0.592834
0.344696
0.243927
-0.162064
-0.0608368
0.458237
0.908417
0.680099
0.488342
0.340897
0.289932
0.321014
0.244766
0.218033
0.0456696
-0.161987
-0.433472
-0.812057
-1.40399
-1.76207
-1.86736
-1.90347
-2.18439
-1.69353
-1.43188

[20]
1.53191
0.0158234
-0.820999
-0.451981
-0.515717
-0.41748
-0.295059
-0.171738
-0.106491
-0.123337
-0.100647
-0.0562744
-0.0699615
-0.0317535
0.0193024
-0.0555725
-0.0652008
-0.0461731
-0.0284424
-0.00801086
-0.0138702
-0.0101166
-0.0167999
-0.0092926
-0.0052948
0.00282288
0.0500031
0.0489807
0.00561523
-0.00502014
0.0922852
0.108124
0.495209
0.987
0.944138
0.773956
0.649872
0.0071106
-0.0633392
-0.170151
0.749527
0.895599
0.673798
0.498383
0.3573
0.289902
0.334625
0.260574
0.154907
0.00325012

[21]
-0.174728
-0.670395
-1.13655
-1.41866
-1.61696
-1.87753
-1.79071
-1.87125
-1.79112
-1.22137
1.55435
-0.932236
-0.783646
-0.30687
-0.462326
-0.236786
-0.0964813
-0.0641632
-0.125351
-0.0463867
-0.0679626
-0.0670471
0.016449
-0.00822449
-0.034729
-0.0642548
-0.0788422
-0.041626
-0.0407715
-0.0274506
-0.0452423
-0.0279236
-0.019577
-0.0137939
0.00846863
0.0699158
0.0395813
0.04039
0.0737915
0.0217285
0.0743256
0.154709
0.392654
0.907364
1.06221
0.834122
0.561615
0.0399628
0.0035553
-0.141235

[22]
0.753281
0.982697
0.673904
0.478683
0.384674
0.279053
0.286621
0.227783
0.0353088
-0.0541992
-0.406403
-0.791214
-1.23212
-1.57307
-1.63675
-1.89175
-1.7114
-1.5752
-1.44803
-1.14145
1.26706
-0.532852
-0.889267
-0.62558
-0.499313
-0.366257
-0.125366
-0.0350647
-0.133438
-0.111984
-0.120041
-0.0605927
-0.0165253
-0.079422
-0.085083
-0.113358
-0.0794067
-0.103424
-0.0653992
-0.0559387
-0.0721741
-0.0837402
-0.0846558
-0.019928
0.0268402
0.0575409
0.0949402
-0.00517273
-0.0104828
0.0177002

[23]
0.0432587
0.048172
0.232697
0.910538
1.0276
0.699814
0.691757
0.0871582
0.191956
-0.0380859
0.196579
0.930237
0.702927
0.478012
0.338074
0.193665
0.243134
0.195114
0.154892
-0.0246582
-0.20813
-0.473938
-0.631104
-1.03981
-1.32947
-1.38728
-1.54337
-1.73993
-1.73773
-1.1637
-1.31395
-0.632858
1.45303
-0.296356
-0.554779
-0.230118
-0.549194
-0.203125
-0.223724
-0.0687408
-0.148514
-0.138916
-0.0365601
-0.00889587
-0.0205994
-0.00360107
-0.0168152
-0.0210724
-0.0119171
-0.00750732

[24]
0.00717163
0.0235138
0.00144958
-0.0198212
0.00239563
0.0169678
0.0338593
0.0525665
0.0626831
0.0700073
0.0674438
0.103897
0.134109
0.317856
0.534286
1.01436
0.799179
0.728928
0.172424
0.218323
-0.0458069
0.00831604
0.908813
0.882217
0.602402
0.422302
0.295212
0.253189
0.231522
0.18808
0.0752869
-0.0829468
-0.32515
-0.698853
-0.967148
-1.3846
-1.65797
-1.64932
-1.65968
-1.75465
-1.3231
-1.51683
-0.318527
1.44026
-1.32411
-0.247925
-0.541336
-0.325974
-0.318649
-0.196884

[25]
-0.156219
-0.207657
-0.165863
-0.0641327
-0.0122833
-0.0341034
-0.0791321
-0.103241
-0.0701752
-0.0664825
-0.0634308
-0.0562744
-0.0396118
-0.0552979
-0.0601807
-0.0856934
-0.026413
0.0318298
0.137054
0.0496674
0.0928497
0.0861969
0.164169
0.13269
0.502502
1.53183
0.852051
0.585938
0.190231
0.414062
0.00311279
-0.0569305
0.754547
0.797318
0.624664
0.496613
0.342361
0.261536
0.194931
0.0427856
0.34053
-0.228882
-0.379608
-0.759186
-0.93808
-1.1483
-1.3419
-1.6115
-1.85912
-1.53052

[26]
-1.62778
-1.6595
1.63219
-0.730774
-0.754608
-0.294876
-0.394135
-0.235168
-0.11853
-0.085556
-0.188599
-0.073761
-0.0455322
-0.052002
-0.0406647
-0.0256805
-0.00767517
-0.0123596
-0.0329437
-0.0355225
-0.0142975
-0.00109863
-0.0153503
-0.0292358
-0.0921173
0.00265503
0.0394287
0.0606384
0.120346
0.0737
0.0835876
0.110092
0.146622
0.34848
0.801971
1.12276
0.932877
0.452621
0.183929
-0.0186462
-0.0449371
0.611893
0.773911
0.671341
0.495178
0.40097
0.307114
0.279404
0.285614
0.176605

[27]
0.00999451
-0.228897
-0.559143
-0.799393
-1.01859
-1.17166
-1.15338
-1.42586
-1.63866
-1.76587
-1.56491
-1.32527
1.63548
-0.762634
-0.518204
-0.289413
-0.394577
-0.259094
-0.159195
0.0478973
0.0515747
0.0256195
-0.0291138
0.0443573
0.0771637
0.028717
0.012146
0.010849
0.00392151
0.00509644
0.0439911
0.0293274
0.0161133
0.00038147
-0.00358582
0.0530701
0.0972137
0.153198
0.107254
0.160645
0.165253
0.16951
0.213394
0.173218
0.643585
1.54984
0.922134
0.507294
0.169327
0.174896

[28]
0.0590057
0.667709
0.884644
0.731537
0.593216
0.48468
0.382141
0.373535
0.293976
0.242325
0.0664978
-0.0870514
-0.402527
-0.910782
-1.09601
-1.37987
-1.59023
-1.72676
-1.86221
-1.90263
-1.7244
-0.892517
1.65559
-0.913574
-0.59993
-0.341537
-0.416397
-0.244186
-0.102722
-0.00868225
-0.0106964
-0.0238495
-0.0365906
0.0381317
0.00971985
0.0328064
0.0156403
0.0108948
0.018692
0.0502319
0.0526581
0.0227661
-0.00192261
-0.000793457
0.0187073
0.03508
0.0620117
0.0731812
0.136841
0.0831299

[29]
0.112869
0.106964
0.191315
0.443909
1.03137
1.00066
1.00592
0.374252
0.0462189
0.263504
0.146164
1.15588
0.829651
0.579208
0.450653
0.310654
0.259415
0.312775
0.0812073
-0.019928
-0.189301
-0.420822
-0.662155
-1.08264
-1.40982
-1.53581
-1.72165
-1.86504
-2.00319
-1.38365
-1.58699
1.13838
0.418121
-0.833725
-0.26268
-0.637894
-0.367294
-0.229141
-0.109467
-0.0935974
-0.126602
-0.0492859
0.0250244
-0.0233917
-0.0161896
0.0148926
-0.00140381
-0.0348053
-0.0434723
-0.0182037

[30]
0.0324707
0.0374298
-0.0091095
-0.0411377
0.0377808
0.0397797
0.0413361
0.0262604
0.076889
0.0323792
0.090332
0.104767
0.376617
0.715744
0.969955
0.924667
0.963623
0.0553589
0.170181
-0.073822
0.312195
0.949356
0.714294
0.469803
0.381378
0.236588
0.183792
0.176041
0.155396
-0.0766449
-0.0135345
-0.723221
-0.69133
-0.982956
-1.37561
-1.56143
-1.62529
-1.61827
-1.66371
-1.72934
-1.25145
1.62064
-0.894669
-0.722397
-0.237061
-0.431122
-0.217606
-0.153488
-0.048584
-0.0684662

[31]
-0.0339355
-0.0478363
0.0300751
-0.015152
-0.00363159
-0.00457764
-0.054184
-0.0696106
-0.0439758
-0.00257874
-0.00846863
-0.023941
-0.0260773
-0.0203705
0.000396729
0.0745392
0.0773926
0.0606537
0.0828857
0.136185
0.177155
0.134048
0.428131
1.10179
0.932785
0.849457
0.739731
0.334473
0.1772
-0.392303
0.489014
1.06314
0.773392
0.466202
0.365723
0.25264
0.166565
0.131622
0.0384521
-0.117813
-0.340134
-0.621521
-0.936432
-1.44302
-1.69881
-1.85564
-1.91052
-1.68819
-1.77811
-1.54694

[32]
1.498
-0.545563
-0.753769
-0.431091
-0.558365
-0.304276
-0.240173
-0.0890961
-0.0687408
-0.0536499
-0.106262
-0.0188141
0.0140076
0.0231018
-0.0522156
-0.0429535
-0.0305481
-0.0369263
-0.0480804
-0.030899
-0.0224304
-0.0457458
-0.0400085
-0.0228577
0.0318451
0.0904694
0.05867
0.0810547
0.0914917
0.0918579
0.161758
0.253738
0.795212
1.146
0.770706
0.663239
0.0691071
-0.0120544
-0.059906
0.831253
1.00394
0.557724
0.367126
0.37355
0.295868
0.199295
0.16864
-0.0381012
-0.245941
-0.494873

