[1]
0.0671692
0.0587311
0.0539246
0.104446
0.120331
0.155746
0.154617
0.0956573
-0.0539856
-0.0114746
-0.0803986
-0.426193
-0.386688
-0.200256
-0.235199
-0.425827
-0.326477
-0.157028
-0.0285034
-0.108826
-0.0999603
-0.0451813
0.0191498
0.00227356
0.00517273
0.0112
0.09935
0.258713
0.0812988
0.00343323
-0.0642242
-0.231384
-0.135895
-0.115463
0.0795746
0.394531
0.847595
0.615906
0.427124
0.601761
0.939224
0.206924
0.347198
-0.135986
-0.227249
-0.125671
0.116089
0.237595
0.234085
0.224213

[2]
-0.0032959
-0.179108
-0.293213
0.149918
0.290573
0.139465
-0.0503998
0.0157471
0.103912
0.135681
0.0891418
0.0188599
0.0451202
0.0782928
0.0696716
0.019989
0.0722046
0.122879
0.0933075
0.124115
0.108139
0.0581665
-0.156784
-0.167648
-0.356415
-0.517365
-0.525635
-0.157684
-0.382751
-0.418839
-0.217255
-0.00935364
-0.0218811
-0.118256
-0.0842438
-0.0431366
-0.00619507
-0.024292
0.0116272
0.0496368
0.0871735
0.132996
0.158035
0.199142
0.17247
0.129028
0.10907
0.210541
0.487259
0.735916

[3]
1.08382
0.429886
-0.0914001
0.0213165
0.557144
0.215515
0.0946503
-0.00305176
-0.0146484
0.108551
0.0522461
0.0415039
0.0944519
0.0506592
0.0012207
-0.0834503
-0.0676117
0.104614
0.113495
0.0531921
0.0157013
0.0409546
0.0491943
0.0657196
0.0432587
0.0404968
-0.00694275
-0.00421143
0.0708923
0.0719604
0.0813599
0.11113
0.0683594
-0.131882
-0.18631
-0.187653
-0.660187
0.0449066
-0.157684
-0.349487
-0.692719
-0.310486
-0.228851
-0.0642395
-0.114304
-0.137115
-0.138214
-0.0576782
-0.0297089
-0.0958862

[4]
-0.0986938
-0.00540161
0.043808
0.0765686
0.268921
0.346054
0.263428
0.234589
0.206635
0.275879
0.802963
0.427933
0.0947266
0.140503
0.384506
0.171509
-0.130219
0.0112
0.00457764
0.0155029
0.025528
0.163574
0.0961304
-0.0782928
-0.193588
-0.0128937
0.134903
0.124588
0.0573425
0.0730591
0.0794983
0.0659027
0.0415955
0.0630035
0.0584106
0.0190887
0.106323
0.121201
0.0820007
0.0809937
0.0448303
0.0315247
-0.121185
-0.0557556
-0.20517
-0.668945
0.0910339
-0.109695
-0.356613
-0.887833

[5]
-0.417511
-0.299423
-0.200684
-0.175995
-0.215164
-0.229111
-0.199097
-0.145538
-0.0999451
-0.157181
-0.166382
-0.121796
-0.0656738
0.0888367
0.179276
0.281281
0.534317
0.398758
0.447983
1.03522
0.783569
-0.0669861
-0.514664
0.705215
0.0399323
0.245316
-0.0252991
0.133972
0.0557861
-0.0120239
0.0849762
0.0435181
0.0388031
-0.0781403
0.031723
0.0956573
0.082016
-0.00447083
0.0262604
0.0772705
0.0749359
0.0638123
0.0186768
0.0368042
0.0286407
0.127701
0.128006
0.07341
-0.0128784
-0.0549469

[6]
-0.0210419
-0.0512695
-0.213623
-0.393555
-0.370071
0.123505
-0.118942
-0.334579
-0.758438
-0.331665
-0.343307
-0.101715
-0.0619354
-0.101059
-0.183136
-0.177612
-0.0953217
-0.0629883
-0.0808411
-0.132309
-0.0783691
-0.0204315
0.0197449
0.0373383
0.02034
0.0789795
0.275345
0.536682
0.560089
0.512451
0.0954132
0.879166
0.488174
0.0260925
-0.0228424
-0.192749
0.0601959
0.106323
0.190292
0.16806
0.0471039
-0.00639343
-0.184341
-0.0093689
0.194443
0.111588
0.00840759
0.0210724
0.0847321
0.0940247

[7]
0.0555878
0.0296173
0.0331726
0.064209
0.0493774
0.0750275
0.0748444
0.0677185
0.0765228
-0.0490417
-0.139297
-0.0666351
-0.386337
-0.701416
-0.0150909
-0.29567
-0.456146
-0.483704
-0.24115
-0.240616
-0.0939789
-0.106079
-0.129028
-0.121948
-0.0726013
-0.0494995
-0.0316925
-0.0709534
-0.0998535
-0.0865936
-0.00134277
0.0301361
0.0235901
0.151932
0.391586
0.619492
0.809967
0.816895
0.639786
0.138641
0.457977
0.744919
-0.166367
0.130295
-0.0740509
0.0805664
0.00263977
0.0845642
0.159729
0.0214233

[8]
-0.111069
-0.093811
0.0578766
0.136353
0.0683136
-0.00254822
-0.0342865
0.0800934
0.0623779
0.0853577
0.074585
0.0731659
0.0708008
0.0611572
0.0425873
0.0933685
0.0162201
0.0410767
-0.0172577
-0.0553894
-0.0223999
-0.292816
-0.730453
-0.2444
0.0396118
-0.331772
-0.638657
-0.453171
-0.215576
-0.181198
0.00166321
-0.0317383
-0.11203
-0.119385
-0.076004
-0.0642395
-0.0630188
-0.124359
-0.0380707
-0.0395355
-0.000961304
0.00270081
-0.0270538
0.198593
0.347839
0.491898
0.852097
0.523361
0.36261
-0.0355835

[9]
0.276108
0.392426
0.095459
0.107391
0.0499878
0.11264
0.0228119
0.0695496
0.0475464
-0.0213318
-0.0850677
-0.0248413
0.0833435
0.106339
-0.01297
0.00453186
0.037674
0.0798645
0.0677032
0.0372772
0.0134277
-0.00726318
0.0332642
0.0886536
0.100357
0.153488
0.110123
0.0328369
-0.0588989
-0.0209351
-0.0436096
-0.185425
-0.412399
-0.304947
0.0441132
-0.033905
-0.421082
-0.681046
-0.395691
-0.25856
-0.0421143
-0.0954285
-0.112411
-0.148712
-0.110825
-0.0666504
-0.0439758
-0.11055
-0.132065
-0.102554

[10]
-0.0501404
-0.0240173
-0.0842285
-0.0731964
0.0158386
0.176071
0.544006
0.96814
0.640854
-0.192017
0.112991
0.219315
0.127777
0.0859833
0.157227
0.0530396
0.0440826
0.0182037
0.0508881
0.062088
-0.0138397
-0.0662689
-0.0582886
0.0309296
0.0839386
0.0648651
0.0131683
0.00610352
0.0372467
0.0605316
0.0506134
0.0277557
0.0483246
0.0449677
0.0494385
0.0702057
0.048584
0.155457
0.0783997
-0.0413971
-0.125626
-0.0488892
-0.207153
-0.745636
-0.0463409
-0.0355072
-0.310577
-0.707428
-0.53334
-0.206543

[11]
-0.119598
-0.11467
-0.165344
-0.201385
-0.16687
-0.129395
-0.150864
-0.19342
-0.153427
-0.14827
-0.00106812
0.0641937
0.0643616
0.00457764
-0.0388489
0.0682678
0.148941
0.266953
0.538315
0.656616
1.04944
0.255585
0.475998
-0.0665283
0.0787659
-0.202103
-0.0199432
0.0778198
0.116791
0.11618
0.0350189
-0.0894623
-0.113724
0.0771942
0.116989
0.0230408
-0.0231781
0.0211487
0.077774
0.0908356
0.078537
0.0401154
0.00753784
0.0249481
0.0677948
0.0684204
0.0877533
0.0547028
0.00750732
-0.0162659

[12]
-0.0731201
-0.142761
-0.400314
-0.578888
0.0851593
-0.47084
-0.388855
-0.6203
-0.286362
-0.228622
-0.115265
-0.0993805
-0.115997
-0.0760651
-0.0565186
-0.00865173
-0.0541534
-0.0306549
-0.0462799
-0.0892487
-0.0254517
-0.0755615
-0.0480194
0.0636444
0.312378
0.518204
0.839005
1.04678
0.816269
0.0132294
0.375046
0.194794
-0.0039978
0.0978851
-0.0413361
0.0759277
0.00157166
0.149399
0.100586
-0.00312805
-0.0905151
-0.0225372
0.0878143
0.0910797
-0.0383301
-0.048233
0.0125275
0.0632935
0.0832977
0.0723267

[13]
0.0853882
0.0613403
0.0438385
0.0337982
0.0687866
0.0500031
0.0443268
-0.00494385
-0.0556946
-0.0918427
-0.181107
-0.715469
-0.447784
-0.185745
-0.445312
-0.390686
-0.604065
-0.216934
-0.178925
-0.179733
-0.199524
-0.213196
-0.127609
-0.0778198
-0.0282898
-0.052887
-0.00942993
-0.000564575
0.04953
0.1185
0.101562
0.135513
0.207428
0.264755
0.403793
0.762054
0.763931
0.568695
0.0625916
0.302231
0.804352
-0.106506
0.115692
-0.136368
0.00088501
-0.0035553
0.109406
0.139923
0.0294189
-0.136032

[14]
-0.0518188
0.144943
0.156937
0.0259399
0.0334778
0.0567169
0.0725098
0.0550385
0.0270081
0.0198212
0.0498199
0.0371094
0.0856628
0.0277405
0.0045166
0.0845032
0.0309448
-0.0550385
-0.0855255
-0.185928
-0.711197
-0.252457
0.0476532
-0.494034
-0.477142
-0.440567
-0.125793
-0.192154
-0.111267
-0.142151
-0.179306
-0.117432
-0.0882111
-0.0640106
-0.0814819
-0.0783539
-0.100479
-0.0793457
-0.00247192
-0.0147247
0.000228882
0.132736
0.285049
0.487091
0.783005
0.7715
0.426788
-0.043335
0.225739
0.36972

[15]
0.253403
0.185959
-0.0416718
-0.0757294
-0.0025177
0.0202942
0.137146
0.0615997
-0.0625
-0.0935669
0.00469971
0.115265
0.0923309
0.0303802
0.0272827
0.0708008
0.0707092
0.0700226
0.0736694
0.0402374
0.0484619
0.113129
0.0754089
0.0262909
0.0414429
0.0490112
0.0107117
-0.0257416
-0.174133
-0.524933
-0.595978
0.0210419
-0.499146
-0.306351
-0.62883
-0.224289
-0.282257
-0.153717
-0.139053
-0.151321
-0.16777
-0.109055
-0.0585175
-0.0187988
-0.0318909
-0.0593719
-0.0648804
0.0410461
0.0578308
0.0307465

[16]
0.0785065
0.102341
0.171021
0.34552
0.947601
0.570618
-0.0187378
0.823715
-0.0925903
0.0866241
-0.0462799
0.0194855
0.0510864
0.0209961
0.167831
0.0930481
-0.0727081
-0.172226
-0.00802612
0.108292
0.140732
0.0141449
-0.00445557
0.040863
0.0665283
0.0480194
0.0605011
0.0359955
0.0362549
0.036438
0.124023
0.0705719
0.0475464
0.0915985
-0.0170288
-0.148178
-0.16011
-0.490601
-0.762329
-0.0868073
-0.524246
-0.45282
-0.522446
-0.119461
-0.286194
-0.133469
-0.0917511
-0.133392
-0.129593
-0.12825

[17]
-0.0721588
-0.0605469
-0.0709686
-0.072937
0.0676422
-0.0567932
-0.221085
-0.108917
0.0415497
0.16095
0.528702
0.925095
0.794266
0.746567
0.41127
0.303558
0.276855
-0.188675
0.0529938
0.0363312
0.0945129
0.038269
0.0469513
0.0518188
0.0326996
-0.0591736
-0.0734406
0.0449829
0.118042
0.108322
0.022522
-0.0124512
-0.0105743
0.00881958
0.0872192
0.059967
0.0271759
0.0347595
0.0549011
0.0385742
0.0738068
0.0291138
-0.0705109
-0.15123
-0.140106
-0.679642
-0.299484
0.191589
-0.5858
-0.366425

[18]
-0.598831
-0.152649
-0.246048
-0.133682
-0.149155
-0.197922
-0.15506
-0.131409
-0.125916
-0.129974
-0.197052
0.0634918
0.270386
0.177017
0.146759
-0.00534058
0.00456238
0.0722351
0.357422
0.683426
0.509186
0.596008
-0.181656
0.462265
-0.134201
0.170807
-0.0831757
-0.0741272
0.00544739
0.0720062
0.11525
0.0167389
-0.0984039
-0.130753
0.0241089
0.126877
0.103409
-0.0080719
-0.021637
0.0390778
0.0710449
0.0455627
0.0343628
0.0300903
0.0235443
0.0724792
0.0514069
-0.00292969
-0.00779724
0.0696564

[19]
0.0297546
-0.0413361
-0.158356
-0.370331
-0.521271
0.00944519
-0.321075
-0.417236
-0.663513
-0.309052
-0.302795
-0.109955
-0.129196
-0.159332
-0.135178
-0.103546
-0.0589905
-0.145401
-0.142075
-0.128464
-0.0572662
0.12442
0.193314
0.274673
0.480255
0.328613
0.410568
0.555206
0.315048
0.329544
1.02861
-0.034668
0.675644
-0.194931
0.0915527
-0.0868378
-0.0884705
-0.009552
0.138351
0.158081
-0.0111847
-0.226807
-0.0959625
0.0914459
0.173141
0.0388489
0.0191803
0.0295105
0.0617828
0.0672302

[20]
0.0500488
0.049057
0.057251
0.0231934
0.0871277
0.023819
0.0379333
0.0455933
0.0261841
-0.0892944
-0.0913239
-0.126801
-0.783295
-0.125015
-0.0244598
-0.459641
-0.67543
-0.465622
-0.227707
-0.0906067
0.0487671
-0.0866241
-0.175491
-0.145599
-0.0318909
-0.0305023
-0.0483093
-0.0590363
-0.0943298
-0.0784454
-0.0241089
-0.178513
-0.250336
-0.204956
0.0392151
0.362747
1.02107
0.797592
0.494385
0.306946
0.391068
0.597168
-0.143692
0.0677948
-0.0801849
0.0484772
0.0634918
0.0697937
0.147797
0.0737152

[21]
-0.0291748
-0.127319
-0.0203857
0.129745
0.0712585
0.0170746
-0.0450287
-0.00592041
0.0347748
0.0292664
0.0501862
0.0690002
0.0444183
0.0576935
0.0103607
0.0238647
0.0120392
0.0647583
-0.0341034
-0.0308685
-0.0755005
-0.279602
-0.521088
-0.0869141
-0.231689
-0.345398
-0.664429
-0.257385
-0.316528
-0.110153
-0.113174
-0.132019
-0.162979
-0.0930939
-0.0664062
-0.0692902
-0.0436707
-0.0390778
-0.019928
0.100052
0.0769196
0.0865173
0.0316925
0.107376
0.343033
0.552933
0.547363
0.629105
0.354431
0.0278931

[22]
0.422226
0.15419
-0.0744019
-0.112732
0.0127716
0.102295
0.0598755
0.186493
0.0700531
-0.0384369
-0.0805664
-0.0584869
0.0861359
0.152084
0.0986786
-0.00532532
-0.00775146
0.0546875
0.0561676
0.0470581
0.0200806
0.0180511
0.00189209
0.0239258
-0.0218201
0.132797
0.0868683
-0.0232544
-0.238693
-0.183304
-0.327637
-0.604935
0.0438995
-0.621323
-0.538177
-0.670761
-0.414536
-0.186722
-0.141708
-0.275925
-0.261719
-0.138
-0.0731964
-0.145065
-0.20993
-0.11145
0.0025177
0.11441
0.287338
0.270905

[23]
0.269226
0.230194
0.235809
0.35997
0.549088
0.698303
0.710175
0.501694
0.315018
0.154282
0.306732
-0.144501
0.139496
-0.015152
0.0687714
0.0238647
0.0506592
0.0399017
0.0243225
-0.0453644
-0.0492096
0.039566
0.0911255
-0.000366211
-0.0233002
0.00822449
0.0506592
0.0567474
0.0285492
0.0346985
0.0355225
0.0272217
0.0387726
0.0303802
0.00224304
0.00778198
-0.0212402
-0.0439911
-0.122696
-0.418152
-0.578568
0.0242004
-0.32724
-0.391434
-0.732208
-0.369614
-0.309555
-0.0799561
-0.071991
-0.0877075

[24]
-0.063797
-0.000183105
-0.0493927
-0.0901489
-0.0843506
-0.0719757
-0.0394135
-0.0201874
-0.0798035
-0.0342102
0.0415039
0.353928
0.58667
0.646729
0.618301
0.414169
0.252518
0.286942
0.566864
-0.0966797
0.248032
-0.0303955
-0.0597687
-0.0109711
0.0745239
0.135239
0.04245
-0.0916595
-0.107864
0.0139465
0.0974426
0.0414124
-0.0266571
0.0111389
0.0584106
0.0802612
0.0232391
0.0133667
0.0362396
0.00509644
0.031662
0.0325317
0.0249481
0.0719299
0.0509949
-0.0360107
-0.121246
-0.0538635
-0.372559
-0.472977

[25]
0.151932
-0.483826
-0.3992
-0.615662
-0.233032
-0.271576
-0.127762
-0.13118
-0.160355
-0.12262
-0.0779724
-0.0424652
-0.113876
-0.0897827
-0.122803
-0.146408
-0.0621796
-0.0738373
-0.00410461
0.0661163
0.152542
0.332779
0.887909
0.933609
0.476761
0.512924
0.176727
0.422089
-0.223831
0.255539
0.00263977
-0.0241241
-0.00654602
0.105835
0.103775
-0.015152
-0.14064
0.00718689
0.118362
0.098465
-0.00167847
0.0277405
0.0622101
0.0591278
0.0473938
0.0435181
0.0554504
0.031723
-0.0115204
0.0419769

[26]
0.0130768
0.0292358
0.0525818
0.0338287
-0.058548
-0.14035
-0.586563
-0.557312
0.184601
-0.543106
-0.38681
-0.569336
-0.21402
-0.216553
-0.14093
-0.108154
-0.106537
-0.0540009
-0.0632477
-0.0536652
-0.0570526
0.013031
-0.0204163
0.00944519
0.0171661
0.0965881
0.182114
0.148224
0.350616
0.637207
1.07321
0.559128
0.097168
-0.052002
0.539169
0.0102692
0.280365
0.0142059
-0.0129395
-0.0384674
-0.0437012
0.0899963
0.110184
-0.00746155
-0.121002
-0.0375519
0.0937653
0.091507
0.0206146
-0.0121765

[27]
0.0169678
0.0423279
0.0247955
0.0491943
0.0383453
0.0470581
0.0543213
0.0762787
0.00471497
0.0248108
0.0364685
0.0244598
-0.0476227
-0.162537
-0.896179
-0.345551
0.0408783
-0.454956
-0.555893
-0.429794
-0.256836
-0.268127
-0.103424
-0.115875
-0.199844
-0.172714
-0.101196
-0.065033
-0.0427094
-0.0270691
0.00100708
0.0983887
0.156296
0.0780334
0.0349426
0.159714
0.277817
0.0865479
0.455139
0.49028
0.506546
-0.342239
0.301529
0.25209
0.110077
0.0924072
-0.12384
-0.0525818
-0.0267334
0.104568

[28]
0.0104828
-0.096405
-0.0964203
0.050705
0.133759
0.0982971
0.00689697
0.00823975
0.0219879
0.0809326
0.0488892
0.0481567
0.0480804
0.0562134
0.0986633
0.0446777
0.0150909
0.107788
0.0974884
0.0102844
-0.0997314
-0.389587
-0.895096
-0.183655
-0.31485
-0.475479
-0.599182
-0.113541
-0.410538
-0.331528
-0.0867462
-0.0926361
-0.152039
-0.135452
-0.0540314
-0.00167847
0.0110931
0.00665283
0.0753937
0.203445
0.197586
0.0431519
-0.111984
-0.112076
-0.126495
0.399323
0.773743
0.669464
-0.0304871
0.383804

[29]
0.172989
0.280182
0.0210419
-0.113968
-0.0384064
0.0447083
0.16539
0.0910339
-0.108704
-0.165665
-0.0425873
0.0701904
0.0655212
-0.0460358
-0.0378571
-0.000335693
0.0439148
0.0309601
0.0559082
0.0470276
0.090683
0.0847473
0.123291
0.0762177
0.0239868
0.0377655
0.0936127
0.0117188
-0.112991
-0.565445
-0.67308
-0.05336
-0.110764
-0.399704
-0.737686
-0.149689
-0.332489
-0.0976715
-0.110794
-0.137268
-0.134766
-0.076889
-0.0286865
-0.0814819
-0.0987244
-0.164337
-0.0861664
-0.026413
-0.0202789
-0.0135651

[30]
0.0516205
0.214264
0.316635
0.771378
0.893646
0.654709
0.404846
0.652161
-0.0600128
-0.223984
0.016861
0.0578308
0.057251
0.0908813
0.110703
0.0594482
-0.150818
-0.101257
0.0386963
0.134201
0.0522156
0.0113831
0.036499
0.0517426
0.0304565
0.054245
-0.00404358
0.00784302
0.0624084
0.0415649
0.00675964
0.0261383
0.0604706
0.0586548
-0.0841217
-0.159698
-0.13826
-0.63945
-0.259979
-0.0596619
-0.445267
-0.582993
-0.507309
-0.219894
-0.113922
-0.127426
-0.164017
-0.193405
-0.141907
-0.145126

