[1]
0.0309143
0.168076
0.13591
0.112259
0.0544739
0.00550842
-0.0503387
-0.0987854
-0.169754
-0.253265
-0.291962
-0.272659
-0.253998
-0.252594
-0.204941
-0.223785
-0.277695
-0.209274
-0.213028
0.305191
0.655365
0.205231
0.0764923
-0.118042
-0.341934
-0.172928
-0.0114594
0.0540771
0.0274506
-0.0246124
0.0562439
0.00141907
-0.0440369
-0.0506592
0.0292206
0.0549011
0.013382
0.0163422
0.00320435
0.0176392
0.0085907
0.0159607
0.0230103
0.0138092
0.00746155
0.0292969
0.0366058
0.0141602
0.0222321
0.0165405

[2]
0.0493469
0.00828552
0.0110016
0.0995331
0.0999908
0.044693
0.0337677
0.103638
0.144577
0.239899
0.192902
0.295105
0.0377197
-0.0670624
-0.154663
0.0090332
-0.121185
0.0733185
0.22081
0.274719
0.240906
0.230743
0.202774
0.164642
0.112
0.119308
0.0834045
0.0290833
0.0257568
-0.086792
-0.396301
-0.668198
-0.728821
-0.882416
-0.962494
-0.842896
-0.639038
-0.448853
0.345657
0.706573
0.0808411
-0.175522
-0.124786
-0.580673
-0.132858
0.0158844
0.0412445
-0.00628662
-0.0744171
-0.106689

[3]
-0.126312
0.00187683
0.104721
-0.0140991
-0.0823517
-0.018692
0.0083313
0.00596619
0.00361633
-0.0291901
0.0085907
-0.00323486
-0.017334
-0.0189209
0.00865173
0.050293
0.026001
0.124847
0.0936584
0.0167542
-0.0654144
-0.0503998
0.0855255
0.105133
0.123306
0.154999
0.145187
0.105179
-0.0398865
-0.0396118
-0.0259247
0.244492
0.3172
0.389526
0.39064
0.340591
0.204575
0.155991
0.177628
0.139771
0.175858
0.0941925
-0.211151
-0.303513
-0.538071
-0.413895
-0.41684
-0.310242
-0.606598
-0.735245

[4]
-0.713516
-0.520401
-0.463974
-0.054657
0.621017
0.153763
0.0845032
0.0391541
-0.399628
-0.455338
-0.0459442
-0.0208282
-0.0830994
-0.0711975
-0.0351105
-0.0170593
-0.0411072
-0.0249481
0.0260162
0.0484924
0.00579834
0.00270081
-0.00285339
0.0125427
0.0085907
0.0167542
-6.10352e-05
-0.0282745
-0.00944519
0.0108643
0.0309753
0.00358582
0.0363464
0.0261688
0.0594788
0.009552
-0.0591888
-0.0040741
0.0582733
0.107132
0.192398
0.163284
0.274323
0.423981
0.0901794
-0.0528717
-0.190781
-0.0713654
-0.229263
0.201721

[5]
0.300797
0.260971
0.25473
0.250809
0.192947
0.129776
0.0776062
0.0705872
0.0112
-0.000274658
-0.0362854
-0.365707
-0.600372
-0.900787
-1.02255
-1.07201
-0.989212
-0.602676
-0.174683
1.11823
0.590881
-0.0402374
-0.37793
-0.417694
-0.283112
-0.119308
0.0427551
-0.00816345
-0.019043
-0.0192261
-0.062027
-0.12001
-0.043457
0.0479584
0.0295868
-0.0390167
-0.0492249
-0.0142365
-0.0154724
-0.0306396
0.00827026
0.0423279
0.0102539
-0.0487213
-0.049057
0.026062
0.0870361
0.102921
0.0679016
0.098114

[6]
0.0571899
-0.0157166
-0.0124969
0.0146942
0.0988464
0.367676
0.461349
0.346588
0.0119781
-0.315842
-0.165009
-0.139236
0.112244
0.332169
0.339005
0.239655
0.169525
0.160233
0.144226
0.0991364
0.0322876
-0.0471497
-0.0502319
-0.00402832
-0.133957
-0.470001
-0.74649
-0.857483
-1.01247
-0.969116
-1.0587
-0.699783
0.728256
0.269104
-0.10022
-0.282104
-0.36763
-0.262253
-0.0989227
-0.00112915
-0.0702972
0.0038147
-0.0270691
-0.0929871
-0.183289
0.019516
0.0708008
0.0579376
-0.049118
-0.0762939

[7]
-0.0248871
0.00543213
-0.00514221
-0.010849
0.0111694
0.0197296
-0.00630188
-0.00642395
0.0162964
0.0399017
0.039093
-0.00143433
-0.00753784
-0.0394135
-0.0417175
0.00978088
0.0792236
0.162766
0.319336
0.403549
0.346146
-0.0874939
-0.0874939
0.0361328
0.0471191
-0.000778198
-0.0352631
-0.0770264
-0.0543365
-0.023407
-0.0556488
-0.039093
-0.00431824
-0.00773621
-0.0276947
0.0180664
-0.0538177
-0.0375824
-0.0282593
0.0306244
0.116043
0.29805
0.359329
0.332138
-0.0928955
-0.104782
-0.019928
-0.0101929
-0.412155
0.212479

[8]
0.361435
0.341965
0.267212
0.218796
0.159058
0.147018
0.150452
0.0976257
-0.0904388
-0.176697
-0.320892
-0.651932
-0.908539
-0.882004
-1.11806
-1.08447
-0.864685
-0.528503
0.463699
1.00394
0.0631256
-0.251251
-0.534637
-0.278503
-0.0713043
-0.0420227
-0.111404
-0.0665131
-0.0177155
-0.103058
-0.201416
-0.0808563
0.0397339
0.0379791
-0.0422211
-0.0309753
-0.018158
-0.0219574
-0.0654755
-0.0429688
-0.0289764
-0.0102997
-0.0180359
-0.0414124
-0.0323944
0.0780334
0.0923615
0.0791473
0.0481415
-0.0210876

[9]
-0.0821075
-0.067749
0.0123749
0.179276
0.408691
0.423233
0.238663
-0.151718
-0.204529
0.00305176
-0.324631
0.177048
0.276459
0.271133
0.212006
0.192245
0.153397
0.0732422
0.00871277
-0.0659943
-0.0918427
-0.204849
-0.333389
-0.714264
-0.969147
-0.743683
-1.1004
-1.30598
-0.897385
-0.548004
0.247849
1.50264
0.115967
-0.0774078
-0.316238
-0.563889
-0.492371
-0.0100555
0.00741577
-0.0410614
-0.0579224
0.000427246
-0.0959015
-0.126099
-0.103699
-0.0158081
0.0292664
-0.0842896
-0.0482178
-0.0743408

[10]
-0.0144196
-0.0022583
-0.0103607
-0.0259247
-0.00845337
-0.0164337
-0.00624084
0.0201569
0.00631714
-0.0140991
-0.016571
0.0224915
0.00361633
0.00413513
-0.00463867
-0.0436401
0.0544281
0.262939
0.466385
0.279999
-0.190628
-0.186584
0.030838
-0.242905
0.257172
0.30394
0.289291
0.212219
0.190643
0.16629
0.124207
0.0487061
0.0156403
-0.0218964
-0.0498199
-0.16507
-0.428619
-0.696304
-0.843491
-0.918976
-0.971085
-0.876312
-0.803619
-0.648315
0.267654
0.925186
0.0296936
-0.0915985
-0.281754
-0.482941

[11]
-0.337296
0.0147095
-0.0401306
-0.134323
-0.0712738
-0.0286865
-0.0272522
-0.0702667
-0.0361328
0.000595093
-0.00161743
-0.0370636
-0.0674744
-0.0567627
-0.0394135
-0.0360565
-0.0502472
-0.0244598
-0.0220947
-0.0190735
-0.0092926
-0.0101624
-0.00366211
0.00547791
-0.0428619
-0.0182953
-0.0305023
0.0570526
0.0499115
0.0974426
0.05896
0.122162
0.342285
0.452866
0.0635223
-0.277786
-0.237228
-0.0817108
-0.287613
0.279663
0.267822
0.221909
0.198242
0.161957
0.13707
0.0594788
0.0717773
0.0721588
0.113831
0.037262

[12]
-0.281281
-0.629547
-0.670334
-0.807648
-0.988327
-1.17566
-0.947067
-0.780914
-0.690903
0.165375
0.705994
0.996262
0.0670776
-0.00495911
-0.335678
-0.441269
-0.198456
-0.0821075
-0.0366821
-0.0858307
-0.121063
-0.0724182
-0.117554
-0.0537415
0.0151062
-0.0267944
-0.067276
0.0170288
0.014389
-0.0415344
-0.0465088
0.00605774
-0.0115204
-0.00398254
-0.00520325
-0.0426178
-0.0113373
0.00556946
0.0184021
-0.00132751
0.0525208
0.0298462
-0.0177307
-0.0504913
0.00544739
0.10997
0.451859
0.328003
0.112488
-0.333115

[13]
-0.181107
0.125732
-0.268372
0.122971
0.216873
0.219299
0.19014
0.232758
0.133591
0.0307312
-0.0868378
-0.205109
-0.221481
-0.204117
-0.296204
-0.507355
-0.758957
-0.875259
-1.16537
-1.22968
-0.873367
-0.582397
-0.356262
-0.0153656
1.25987
0.652008
0.103027
-0.283997
-0.719223
-0.3806
-0.115814
0.0128937
0.00474548
-0.0778198
-0.120392
-0.149979
-0.109436
-0.00779724
0.00590515
-0.100693
-0.111649
-0.02034
0.0405884
0.00195312
-0.0418701
-0.0428619
-0.0487061
-0.0250397
-0.0146637
-0.0103302

[14]
-0.00961304
-0.00538635
0.0371399
0.0241699
0.0183868
-0.00434875
-0.0643768
-0.0718079
-0.0396576
0.0998993
0.283112
0.362915
0.321854
-0.154617
-0.247757
0.0352936
-0.178848
0.161407
0.336044
0.383087
0.259506
0.208817
0.180405
0.181656
0.150604
0.129074
0.0482635
0.0150604
0.025589
-0.499405
-0.887268
-0.96994
-1.06317
-1.2663
-1.12712
-0.78389
0.267166
1.04105
-0.00828552
-0.179443
-0.529404
-0.404755
-0.0775452
-0.106049
-0.0514221
0.0088501
-0.045166
-0.191299
-0.150879
-0.00643921

[15]
0.0392761
-0.0625
-0.106033
-0.0490417
-0.0616455
-0.0476227
-0.0307312
-0.0379486
-0.053833
-0.0323944
0.000534058
0.0620575
0.0696716
0.0155945
0.0352631
0.0590057
0.0265198
0.0227509
0.0427551
0.153214
0.392426
0.408447
0.160324
-0.282639
-0.161362
-0.0105896
-0.335266
0.139954
0.267746
0.28418
0.207474
0.141388
0.123337
0.134766
0.147293
0.0909576
0.0162506
-0.0115814
-0.153351
-0.491882
-0.789322
-1.07822
-1.03001
-0.904709
-0.797623
-0.69342
-0.548141
1.5078
0.400177
-0.334808

[16]
-0.189987
-0.408188
-0.272644
-0.140366
-0.048172
-0.0326385
-0.0664062
-0.0696564
-0.134537
-0.105423
0.00375366
0.0209045
-0.0600891
-0.0743713
-0.0608215
-0.0142975
-0.0106354
-0.0343781
-0.0544128
-0.0344086
-0.0411224
-0.0325928
-0.00727844
0.0388489
0.0703125
0.0782776
0.0750122
-0.0256805
-0.0818634
-0.0533752
0.103958
0.312592
0.43895
0.184158
-0.226654
-0.126083
0.0529938
-0.195801
0.0985718
0.259689
0.273361
0.206177
0.160812
0.118576
0.120453
0.145004
0.144073
0.110733
-0.0282745
-0.0313416

[17]
-0.2444
-0.615631
-0.925522
-1.0201
-0.885727
-0.674545
-0.6315
-0.676315
0.177322
1.46118
0.0502319
-0.111877
-0.620987
-0.563553
-0.0144196
-0.0656738
0.0375824
0.00389099
-0.0902252
-0.121277
-0.287659
0.0213623
0.153671
-0.00935364
-0.119873
-0.0786438
-0.0504761
-0.0152893
-0.0253601
-0.0233612
-0.0293579
-0.0176849
-0.0310669
0.00996399
0.0603943
0.096817
0.103607
0.136398
0.0734863
0.0103455
0.0130005
0.0661316
0.231796
0.318436
-0.00282288
-0.161118
-0.155594
-0.0959778
-0.242676
0.167435

[18]
0.289001
0.282074
0.245346
0.218826
0.150925
0.113708
0.122925
0.0883331
0.0412445
-0.0671234
-0.116333
-0.449081
-0.771454
-0.860779
-0.929047
-0.866882
-0.662292
-0.695557
-0.427429
0.813217
0.665359
-0.0424652
-0.0384827
-0.372269
-0.39856
-0.232254
-0.11998
-0.135971
-0.0912018
-0.0618134
-0.0578613
-0.104034
-0.122681
-0.0415497
0.0332489
0.0258026
-0.032486
-0.0726776
-0.0656281
-0.0263977
-0.00434875
-0.032608
-0.0697174
-0.058075
0.00149536
0.0197906
0.0364838
0.0164642
0.0867004
-0.0417328

[19]
-0.0311737
0.00875854
0.0831146
0.282928
0.402054
0.163727
-0.320236
-0.152206
-0.0263519
-0.220032
0.204865
0.265045
0.256699
0.206833
0.182999
0.136505
0.0926666
0.0308228
0.0250397
-0.0297699
-0.0491638
-0.101425
-0.312408
-0.596405
-0.786972
-0.769836
-0.589645
-0.454834
-0.505478
-0.387787
0.183075
1.31377
0.39296
-0.108551
-0.386154
-0.4021
-0.0140686
-0.111099
-0.0634003
-0.122772
-0.0858917
-0.0949402
-0.0757904
-0.00332642
-0.0206146
-0.048996
-0.0770569
-0.0253143
0.00424194
-0.000305176

[20]
-0.00849915
-0.00839233
-0.00909424
-0.0183258
-0.00901794
0.0721436
0.0649109
0.103958
0.0970764
0.0573578
0.0726471
0.0196381
0.116516
0.222702
0.321289
0.00776672
-0.261032
0.011261
-0.169876
-0.401947
0.326248
0.399353
0.326019
0.229218
0.218506
0.210648
0.184021
0.159348
0.154877
0.0850525
-0.125717
-0.110825
-0.468063
-0.914154
-1.14079
-1.31061
-1.2558
-1.00269
-0.924088
1.06555
0.168564
-0.129333
-0.645462
-0.298843
-0.0643921
-0.115417
-0.161667
-0.0991516
-0.0669861
-0.0491943

[21]
-0.0619965
-0.100067
-0.0931091
0.00242615
0.0250244
-0.00100708
-0.0464478
-0.0708466
-0.0499725
-0.0307465
-0.00798035
-0.0420227
-0.0308533
0.0150146
0.0413818
-0.00187683
-0.0194702
-0.07901
0.00814819
-0.0338593
0.0189819
0.0450592
0.157364
0.420853
0.354309
-0.289474
-0.352783
-0.049057
-0.087738
-0.171875
0.166077
0.278
0.237137
0.245071
0.218979
0.129059
0.010849
0.00227356
0.0276337
0.0117035
-0.0567017
-0.100754
-0.397278
-0.762711
-1.01674
-1.25099
-1.24118
-0.957779
-0.576675
1.30247

[22]
-0.00401306
-0.578293
-0.337219
-0.182281
-0.2267
-0.0888672
-0.0800781
-0.10582
-0.0625916
-0.00512695
-0.102585
-0.11525
-0.0324707
0.0140076
0.00167847
-0.0641174
-0.0869751
-0.076889
-0.0353241
-0.0052948
-0.00793457
-0.044281
-0.0426178
-0.00340271
0.0152893
0.0399933
-0.00038147
0.0128479
0.00318909
0.0575409
-0.00050354
0.0606842
0.0700073
0.2659
0.410675
0.345901
-0.194763
-0.278961
0.0526428
-0.183899
0.0823364
0.274994
0.321884
0.238449
0.176514
0.172455
0.17775
0.1436
0.105164
0.125519

[23]
0.140503
0.046402
-0.200897
-0.558578
-0.640625
-0.836121
-1.424
-1.34175
-0.883118
-0.144119
1.29945
0.181061
-0.282532
-0.526138
-0.260483
-0.113388
-0.124298
-0.105927
-0.065033
-0.0670929
-0.0668945
-0.163879
-0.122864
0.0262604
0.0666199
-0.0260468
-0.0314484
-0.0404968
-0.080658
-0.039856
-0.0106049
-0.0333405
-0.0181427
-0.024826
-0.0318909
0.003479
0.00526428
0.0283356
0.0939178
0.112579
0.0710449
-0.00695801
-0.085907
0.104202
0.400482
0.325958
0.109406
-0.368134
-0.116409
-0.133286

[24]
-0.241867
0.384933
0.363586
0.282684
0.141846
0.123932
0.145737
0.149796
0.094223
0.0319672
0.0065155
-0.0602722
-0.202606
-0.472916
-0.803772
-0.94136
-1.28268
-1.28265
-0.913025
-0.759598
1.0806
0.0858307
-0.159821
-0.419449
-0.339508
-0.0429688
-0.0467987
-0.114502
-0.178391
-0.107056
-0.0378265
-0.0780945
-0.125916
-0.0886841
-0.0233459
0.0281219
-0.0055542
-0.0269623
-0.0536804
-0.0621338
-0.0426941
-0.0216217
-0.0119781
-0.02388
-0.00942993
0.016098
0.0265045
-0.011673
-0.00610352
-0.00102234

[25]
0.0572205
0.0647125
0.0791779
0.0861206
0.286667
0.49707
0.390778
0.0288086
-0.237457
-0.10997
-0.140991
-0.0588531
0.277588
0.332428
0.233536
0.160568
0.115372
0.0968933
0.0927734
0.0475464
-0.00987244
-0.104095
-0.236526
-0.335953
-0.62886
-0.931931
-0.967026
-0.878311
-0.712387
-0.53334
-0.195251
0.0248718
1.35664
0.5289
-0.286987
-0.365967
-0.224045
-0.0951385
-0.103928
-0.143051
-0.0624542
-0.0626373
-0.066452
-0.114883
-0.105865
-0.018219
0.051651
-0.0088501
-0.0478821
-0.0502777

[26]
-0.0377655
-0.0267944
-0.0335541
-0.0266571
-0.00947571
-0.0174103
-0.00839233
0.0210114
-0.0185394
0.0040741
0.000137329
0.0177307
0.000808716
0.0625305
0.0164948
0.0518799
0.223267
0.347321
0.310593
-0.020874
-0.0339661
0.155167
-0.0244141
-0.140549
0.23439
0.387772
0.366348
0.251801
0.207565
0.189499
0.132446
0.0862732
0.0717621
0.0237579
-0.0690155
-0.256699
-0.625504
-0.875366
-0.97879
-1.09621
-1.09451
-0.861389
0.102585
1.05081
-0.22641
-0.259293
-0.385376
-0.274841
-0.156631
-0.0891876

[27]
-0.0968323
-0.105148
-0.0085144
0.0174561
-0.0940857
-0.145798
-0.0469513
0.0281982
0.00280762
-0.0483246
-0.0937805
-0.0696259
-0.0108948
-0.0111389
-0.0254822
-0.0285034
-0.0213013
0.00979614
0.0103912
0.00950623
0.0045166
0.0282898
0.033432
0.00267029
0.00636292
0.0787048
0.0731964
0.441544
0.469696
0.172256
-0.210831
-0.200165
-0.0227814
-0.468063
0.254425
0.343918
0.317368
0.197357
0.159088
0.165344
0.176224
0.123322
0.0673218
0.0247192
0.09552
0.131042
-0.460251
-0.766541
-0.804886
-1.02766

[28]
-1.46835
-1.14595
-0.85257
-0.156342
0.997833
-0.202774
-0.264557
-0.355682
-0.188751
-0.146271
-0.125488
-0.18457
-0.123093
-0.0781097
-0.0358887
-0.0718842
-0.102997
0.00675964
0.0107727
0.0085144
-0.0196381
-0.0146942
-0.0268097
-0.0454865
-0.0447388
-0.026413
-0.0218201
0.00642395
0.0264587
0.0441437
0.0522003
0.0885773
0.0440826
-0.00410461
-0.019043
-0.0237885
0.0037384
0.253922
0.433487
0.397995
-0.0809784
-0.302368
-0.0223846
-0.145508
-0.262131
0.326996
0.36174
0.308334
0.203125
0.191605

[29]
0.141678
0.0939484
0.0464935
-0.00306702
-0.0376587
-0.113632
-0.299561
-0.675079
-0.986404
-1.15118
-1.26645
-1.17035
-0.764008
-0.493225
1.34375
0.473602
-0.067215
-0.504822
-0.609879
-0.363647
-0.0688171
-0.0362549
-0.052063
0.00212097
0.00595093
-0.0498199
-0.174789
-0.110092
0.0533142
0.0643005
-0.0220032
-0.083374
-0.0731812
-0.0185242
0.00636292
-0.013916
-0.0298767
-0.0482941
-0.0202484
-0.00819397
0.0344849
0.0114288
0.108261
0.0473633
0.0533142
3.05176e-05
-0.00460815
0.133514
0.435989
0.447983

[30]
0.128891
-0.41925
-0.295761
0.0716553
-0.0672913
-0.0339661
0.175934
0.24353
0.247772
0.177658
0.165146
0.131302
0.0486755
-0.00811768
-0.00845337
-0.0988159
-0.213058
-0.434418
-0.675781
-0.851044
-0.835632
-1.05849
-0.926666
-0.572235
-0.0719757
1.52953
0.0886841
-0.173462
-0.545395
-0.303619
-0.136047
-0.10112
-0.0678101
-0.0514374
-0.0618286
-0.00308228
-0.149292
-0.0376434
0.043045
0.0282745
-0.0421143
-0.029007
-0.022934
-0.037735
-0.0091095
0.000991821
-0.0298004
-0.0644379
-0.00764465
0.0306091

[31]
0.0716553
0.0862274
0.143585
0.0686035
-0.0127563
-0.0352631
0.0446625
0.197235
0.238358
0.320496
-0.108002
-0.222198
0.0870514
-0.1763
-0.335037
0.170395
0.289856
0.285324
0.263214
0.198929
0.13472
0.0895233
0.0429077
0.0212402
-0.0623016
-0.161179
-0.285614
-0.558853
-0.716644
-0.67453
-1.04555
-0.931259
-0.662048
0.735153
0.545715
-0.172791
-0.502487
-0.233948
-0.195953
-0.0451202
-0.0283813
-0.104706
-0.00837708
-0.00727844
-0.0620728
-0.149399
-0.0720215
0.0414581
0.0230713
-0.0775146

[32]
-0.0665894
-0.0279388
-0.0114288
-0.0218964
-0.0137634
7.62939e-05
0.000579834
-0.0527039
-0.0202789
0.0340424
0.0910034
0.115982
0.132721
0.0661774
0.0235291
-0.0495605
0.11467
0.133575
0.323441
-0.126541
-0.182648
0.0309448
-0.117462
-0.338058
0.252838
0.34903
0.348068
0.304794
0.242981
0.198853
0.194214
0.174011
0.134811
0.00656128
-0.0453796
-0.217728
-0.500504
-0.719269
-0.941025
-1.24561
-1.0757
-0.727875
-0.372086
1.35143
0.288467
-0.1595
-0.464386
-0.388748
-0.223297
-0.0870819

[33]
-0.0901184
-0.0799408
-0.0410919
-0.0423584
-0.0365601
-0.0638885
-0.0854492
0.00498962
0.0700226
0.0361176
-0.0286407
-0.0521393
-0.0476685
-0.0091095
-0.00213623
-0.0244751
-0.0587616
-0.0242615
0.0217743
0.0323181
0.0485535
0.130417
0.010376
0.0391541
-0.04422
0.0592651
0.343491
0.455246
0.0805206
-0.375519
-0.102814
-0.213364
-0.247009
0.301392
0.301254
0.220184
0.190552
0.170029
0.131805
0.123291
0.0978851
0.0562897
0.0467529
-0.018219
-0.15477
-0.486145
-0.706894
-0.852524
-1.16774
-1.26019

[34]
-0.823975
-0.219528
1.77438
0.131821
-0.600327
-0.37616
-0.25766
-0.166214
-0.138702
-0.00941467
0.00932312
-0.00100708
-0.0364838
-0.147903
-0.0860748
0.0989532
0.0888214
-0.0289612
-0.0592194
-0.0507812
-0.00257874
0.00126648
-0.00769043
-0.0158234
-0.0455475
0.00396729
0.0638885
0.0639191
0.0524139
0.0839996
0.0368958
0.0775299
0.0882874
0.0821991
0.239944
0.368027
0.321503
-0.165176
-0.302368
-0.057251
-0.152084
0.200394
0.31842
0.362885
0.267868
0.267288
0.246689
0.197525
0.126312
0.0393372

