[1]
-0.0591888
0.0490112
0.0533142
-0.041275
-0.0860291
-0.0191498
-0.0653534
-0.213165
-0.105133
0.165863
-0.24295
-0.295563
-0.527679
-0.357819
-0.130753
-0.0358734
-0.0470581
-0.123672
-0.0860138
-0.0414581
-0.0234833
-0.0418701
-0.105652
-0.128113
-0.143082
-0.0858002
-0.0471497
-0.0927429
-0.112457
-0.00593567
-0.0423737
0.0337677
0.278625
0.675339
0.473953
0.42659
0.367905
0.568665
0.235352
0.111404
-0.0732269
-0.347458
-0.0548096
0.172058
0.079834
0.0531158
0.0948792
0.00737
-0.20639
-0.0541687

[2]
0.168289
0.10733
0.0205231
0.0216522
0.0702209
0.0682678
0.0699615
0.0462036
0.0490875
0.0824738
0.0916748
0.0901642
0.0137939
0.0391235
0.072403
0.060318
0.00242615
0.0443573
-0.0174255
-0.0709229
-0.047348
-0.227798
-0.675995
-0.0381927
0.0379333
-0.271622
-0.379272
-0.424255
-0.283859
-0.21666
-0.0566559
-0.0348053
-0.201401
-0.134155
0.0414734
0.126053
0.0716553
-0.0501251
-0.0709534
-0.0264893
-0.0650787
-0.0948944
-0.1595
-0.210907
-0.273193
-0.30249
-0.0360718
0.357651
0.599228
0.446609

[3]
0.619354
0.130295
0.413269
-0.0157928
-0.201553
-0.311081
-0.104492
0.0522308
0.10939
0.173615
0.183624
-0.0775909
-0.20166
-0.217529
0.0648041
0.262497
0.102768
-0.0834198
-0.0719299
0.0842743
0.0956726
0.0183105
0.0174103
0.0365906
0.0651855
0.0408783
0.0916748
0.0185394
-0.0448914
-0.0078125
0.0100861
-0.0630188
-0.0976257
-0.0529938
-0.158249
-0.574112
-0.229263
-0.0934448
-0.549072
-0.476471
-0.507645
-0.259201
-0.14946
-0.0680847
-0.147552
-0.103058
-0.052887
0.0314636
-0.0187988
-0.0218658

[4]
-0.0330353
-0.0184021
0.0333557
0.136307
0.0938416
-0.000335693
0.0362091
0.0372314
0.0121002
0.382111
0.763092
0.338943
0.238449
0.390076
0.155228
0.148666
-0.242645
-0.0613251
-0.0453491
0.0763397
-0.0731506
0.119705
0.0961609
-0.072998
-0.169815
-0.116013
-0.0142365
0.0217133
-0.0114594
0.02005
0.0801849
0.0743713
0.0534821
0.0592804
0.298004
0.0551758
0.084671
0.0270538
0.0205536
0.0606537
0.118698
0.0517426
-0.0767212
-0.0521698
-0.0399628
-0.0378418
-0.226669
-0.366394
-0.454956
-0.0184326

[5]
0.0370178
-0.319687
-0.608887
-0.378128
-0.1828
0.00814819
0.0180206
-0.0990601
-0.110199
-0.0608368
-0.0164948
-0.0364075
-0.113403
-0.108795
-0.0274506
0.0353088
0.0561829
-0.111649
-0.216599
-0.332916
-0.284607
-0.137039
0.294037
0.641495
0.212723
0.147232
0.296005
0.817825
-0.0841064
0.379379
-0.316452
-0.367386
0.0296936
0.0618286
0.023941
0.151855
0.105148
-0.00474548
-0.0900879
-0.148224
-0.0228119
0.0785065
0.0765076
-0.00984192
-0.0493774
0.0164337
0.0604095
0.0649872
0.0279846
-0.000823975

[6]
0.0180664
0.0239105
0.0430908
0.0075531
0.00466919
0.0132294
0.0886536
0.00230408
-0.0616302
-0.115295
-0.206024
-0.322418
-0.367142
-0.000411987
0.131485
-0.228882
-0.524643
-0.54097
-0.288773
-0.165329
-0.10141
-0.098053
-0.186615
-0.159988
-0.11441
-0.0804901
-0.0589294
-0.0902252
-0.211212
-0.166794
-0.0915222
-0.0847473
-0.175308
-0.24231
-0.238098
-0.243317
-0.0884857
0.313095
0.568909
0.553558
0.530396
0.620239
0.111176
0.296997
-0.354584
-0.226349
0.0741272
0.162338
0.0493317
0.0901642

[7]
0.0893555
-0.0432281
-0.151047
-0.223618
0.0399628
0.166962
0.0908966
-0.0141907
-0.0480957
0.0364227
0.0791779
0.0475616
0.0203857
0.00267029
0.0271301
0.0480347
0.0438385
0.0111389
0.00605774
0.0797424
-0.0470123
-0.163513
-0.114059
-0.0301208
-0.127792
-0.324081
-0.29306
0.0227356
-0.433975
-0.551392
-0.470673
-0.280457
0.0149231
-0.0722656
-0.190323
-0.0975494
0.000610352
0.0211639
-0.0766602
-0.153076
-0.113358
-0.093399
0.0787964
-0.0298767
-0.0728149
-0.120667
-0.151901
-0.119675
0.0444336
0.402618

[8]
0.748016
0.724838
0.57872
0.581329
0.202866
0.200745
0.193497
-0.191193
-0.238342
-0.0307007
0.130341
0.0961304
0.0632935
0.0653992
0.0227966
-0.0992889
-0.177261
0.0183105
0.139923
0.0923462
-0.0279846
-0.0477905
0.0289154
0.0871277
0.0581512
0.0372925
0.00881958
0.0162811
0.0334473
0.014328
0.0600586
0.0330658
-0.00151062
-0.0354309
0.0280609
0.0495758
-0.0248871
-0.157883
-0.170807
-0.300537
-0.478241
-0.0484772
-0.270737
-0.441711
-0.429611
-0.378891
-0.168686
-0.171478
-0.171829
-0.142548

[9]
-0.0776062
-0.0344391
-0.100616
-0.154984
-0.152344
0.129044
0.0988617
-0.0264435
0.0203247
0.00170898
-0.077652
0.0315399
0.0535583
0.358398
0.567108
0.667648
0.395355
0.591553
0.159286
-0.0184021
0.552277
-0.0444641
0.234055
-0.082428
-0.0205841
0.0433044
-0.011673
0.0131226
0.0256805
-0.104279
-0.0867004
-0.0814514
0.0310211
0.0999146
0.0303802
-0.0311279
0.00865173
0.0342865
0.0251465
0.0327606
0.0469513
0.0278931
0.0190582
0.0101776
-0.0120392
-0.0420532
-0.0529175
0.0133362
0.0623932
0.0756683

[10]
-0.0173798
-0.12738
-0.141174
-0.121902
-0.267334
-0.501572
0.108963
-0.143784
-0.3349
-0.466187
-0.383316
-0.149948
-0.123642
-0.145279
-0.202148
-0.14772
-0.10051
-0.130569
-0.102493
-0.131653
-0.110352
-0.0860443
-0.0480347
0.0232086
-0.03862
-0.113037
-0.077713
-0.0395966
0.0815735
0.25679
0.532211
0.530045
0.455963
0.290298
0.0614929
0.332397
0.179398
-0.0650635
-0.18689
-0.133438
0.102295
0.0761566
0.127121
0.0914154
0.00460815
-0.164764
-0.193893
-0.00942993
0.119736
0.104874

[11]
-0.0182495
-0.046051
0.00300598
0.079071
0.0519867
-0.0107422
0.0068512
0.0126038
-0.0206299
-0.0144958
0.00038147
-0.0375977
-0.0167236
-0.000320435
0.0383301
0.000213623
-0.0390625
-0.0864868
-0.059906
-0.0665283
-0.24881
-0.168259
-0.0491028
-0.446671
-0.494705
-0.398285
-0.213409
-0.114029
-0.0896912
-0.0947723
-0.0741882
-0.0887604
-0.0885315
-0.128036
-0.141327
-0.121323
-0.126144
-0.0696259
-0.100784
-0.242325
-0.260849
-0.213684
-0.110306
-0.00457764
0.170044
0.310303
0.358505
0.397812
0.526901
1.07582

[12]
0.391235
0.13826
0.190994
-0.292358
-0.355286
-0.0926819
0.0486145
0.165115
0.175995
0.0188904
-0.0567169
-0.18631
-0.0879364
0.104996
0.103165
-0.0477448
-0.0712585
0.00473022
0.0102692
0.00468445
0.00161743
0.0301361
0.0350952
-0.00221252
0.0010376
-0.0065918
-0.0158691
-0.0167084
-0.0354614
-0.0471344
-0.00502014
-0.0258179
-0.04245
-0.0746765
-0.268204
-0.495804
-0.0600891
0.111755
-0.279541
-0.471909
-0.484558
-0.239288
-0.163834
-0.0881958
-0.0584259
-0.111694
-0.114807
-0.0802155
-0.0850677
-0.145676

[13]
-0.166077
-0.194916
-0.0561523
-0.0114288
-0.0730133
-0.00210571
0.145828
0.194672
0.184738
0.518982
0.795303
0.452057
0.127884
0.0795288
0.373611
0.362595
-0.0884857
-0.159729
-0.0836639
0.111649
0.0445099
-0.0466461
-0.0032196
0.0287781
-0.0312653
-0.147141
-0.0764618
0.0266113
0.024765
0.0027771
-0.0430908
-0.0363617
0.019165
0.0119171
0.00634766
0.0320892
0.0165405
0.0244141
0.0133057
0.0209503
-0.0326843
-0.0665894
0.0108337
0.00462341
-0.055191
-0.0518494
-0.04599
-0.217697
-0.602402
-0.0855713

[14]
0.0617676
-0.305771
-0.565689
-0.547531
-0.344452
-0.0610962
-0.101562
-0.144165
-0.192978
-0.181183
-0.112106
-0.102554
-0.125671
-0.157379
-0.159027
-0.133392
-0.0371094
-0.0251312
-0.0178223
-0.0673065
-0.0575256
-0.0740204
-0.149261
0.074646
0.320389
0.411331
0.841248
0.570724
-0.0656738
0.283585
-0.423996
-0.138397
-0.1008
0.0546722
0.0848389
0.0851288
0.0756989
0.008255
-0.10817
-0.0440979
0.0859222
0.133759
0.0987244
-0.0900726
-0.141907
-0.0171204
0.0392914
0.0224304
-0.00166321
0.0309601

[15]
0.00715637
0.02388
0.00102234
-0.00909424
-0.0271149
-0.0369415
-0.000717163
-0.0292664
-0.0428619
-0.0378876
-0.0301208
-0.239227
-0.496307
-0.0362549
0.0280151
-0.258301
-0.56131
-0.592499
-0.296188
-0.124908
-0.0409088
-0.00154114
-0.0624084
-0.0441895
-0.0331268
-0.00279236
-0.110458
-0.149597
-0.191772
-0.0154266
-0.0345154
-0.151337
-0.0851746
0.0307922
0.0919952
0.123123
0.354279
0.45134
0.482819
0.598907
0.411346
-0.138901
0.545883
-0.328018
-0.0999146
-0.0918884
-0.0127258
0.0678864
0.168152
0.112411

[16]
-0.0554199
-0.206512
-0.0293732
0.100708
0.100021
-0.0261078
-0.0236816
0.0242004
0.0557251
0.0266724
0.000823975
0.00575256
0.0318451
0.0501099
0.0244293
-0.0219116
-0.00105286
0.0429382
0.0493164
0.0117645
-0.0173492
-0.0373383
-0.138092
-0.138596
-0.218063
-0.263641
-0.331116
0.0735931
-0.0110321
-0.422226
-0.53804
-0.372208
-0.27919
-0.282791
-0.105606
-0.119232
-0.126022
-0.132034
-0.128113
-0.0972443
-0.0500793
-0.0548553
-0.0186462
0.0277863
-0.0560608
-0.166992
-0.190704
-0.185104
-0.0880585
0.0372467

[17]
0.28685
0.490402
0.567581
0.48262
0.593613
0.0955963
0.255737
0.333939
-0.404724
0.14473
0.0253754
0.0285339
0.0270233
0.103577
0.0931854
0.0101624
-0.0832672
-0.140106
-0.0496979
0.0677795
0.0208893
-0.036499
-0.0289612
0.00856018
0.030365
0.0182343
0.0335236
0.0279541
0.039856
0.00923157
0.00318909
0.025116
0.0561371
0.0201874
-0.0317383
-0.0503845
-0.0437012
-0.0394287
-0.0216217
-0.169418
-0.37265
-0.675797
-0.14389
0.00524902
-0.404938
-0.461258
-0.398636
-0.228165
-0.233841
-0.146469

[18]
-0.127197
-0.0917358
-0.092926
-0.0537872
0.00491333
-0.0434265
-0.080719
-0.0881348
0.0627747
0.111252
0.0372925
0.0402985
0.00709534
-0.103546
-0.207291
0.492279
0.60463
0.588806
0.307556
-0.072403
0.332596
-0.148956
0.0662994
-0.134644
0.022522
0.107101
0.0681
0.0168457
0.00163269
-0.116638
-0.168106
-0.0632935
0.0858002
0.106476
0.0237274
-0.0355988
0.00614929
0.0315857
0.0529022
0.0101013
-0.00700378
0.00637817
0.0176697
0.00947571
0.0238647
0.032135
0.00386047
0.0129852
-0.0327148
0.0282898

[19]
-0.054306
-0.122116
-0.198883
-0.295074
-0.550217
-0.106766
0.0713043
-0.326233
-0.473724
-0.46936
-0.355728
-0.16806
-0.186478
-0.169067
-0.146378
-0.119965
-0.0548553
-0.0479431
-0.0570374
-0.0517731
-0.0471039
0.030777
0.133682
0.0784302
0.00531006
-0.0516357
-0.0783386
-0.196213
-0.0155792
0.504822
0.61084
0.611084
0.2939
0.204269
0.452454
-0.0241089
-0.0450592
-0.0349426
0.039566
0.02742
-0.000717163
0.00431824
0.051651
-0.0343018
-0.129639
-0.0966034
0.0851746
0.109131
0.0444336
-0.0135956

[20]
-0.00445557
0.00517273
0.00741577
0.013916
0.0147705
0.0147858
0.0303802
0.0231781
0.0101013
-0.0130463
0.0101624
0.010376
-0.0504608
-0.0878296
-0.112595
-0.122131
-0.290314
-0.695908
-0.116989
-0.158264
-0.449188
-0.56189
-0.481171
-0.181808
-0.0630493
-0.0836334
-0.137634
-0.136902
-0.0868835
-0.0862122
-0.105209
-0.139297
-0.189301
0.0213776
0.0302734
-0.110092
-0.138489
-0.0952301
-0.0619202
0.0665894
0.347549
0.728073
0.84375
0.620514
0.545074
0.0817871
0.265747
0.698761
-0.217194
0.0184479

[21]
-0.0155334
0.160797
0.00668335
0.0098114
0.00866699
0.0535431
-0.000457764
-0.142014
-0.0357666
0.0960388
0.0287018
-0.0399933
-0.042099
0.0184784
0.0145874
0.0137939
-0.0231781
0.0218658
0.0365143
-0.00123596
0.0184784
0.00616455
0.0266266
0.0293579
0.0531464
0.0529938
0.0532074
-0.0773926
-0.100891
-0.272766
-0.459015
-0.633011
0.0223999
0.057251
-0.072464
-0.411942
-0.550034
-0.383423
-0.122437
-0.103729
-0.0900269
-0.122742
-0.0792389
-0.0340271
-0.0352936
-0.0578918
-0.0877533
-0.133804
-0.0681152
-0.0167389

[22]
-0.14595
-0.197357
-0.212494
-0.116425
-0.0413666
0.165939
0.498856
0.544083
0.371521
0.525848
-0.100937
0.280167
-0.139206
-0.0228119
0.0908661
-0.0246735
0.0630798
0.0652161
0.0457764
0.0217285
-0.0437164
-0.136795
-0.145386
0.00941467
0.0959167
0.0617523
-0.00442505
-0.00450134
0.00495911
0.026001
0.0455627
0.00872803
-0.00328064
0.0327301
0.0150909
-0.0182953
-0.00639343
-0.00552368
0.019043
0.0570679
0.00750732
-0.0973053
-0.149689
-0.142258
-0.277176
-0.715698
-0.112213
0.163788
-0.291321
-0.350342

[23]
-0.333313
-0.0810394
-0.0581818
0.0959015
0.00469971
-0.0462952
-0.047287
-0.0541229
-0.0517426
-0.0662994
-0.0852051
-0.0624695
0.143936
0.0982971
-0.0554047
-0.0964203
-0.0591431
-0.151627
-0.0745697
0.357407
0.775513
0.277069
0.232666
0.0479736
-0.0259705
0.458237
-0.299713
-0.0814819
-0.0605469
0.0466461
0.0796814
0.0113525
-0.000701904
-0.00357056
0.0045166
-0.114838
-0.0673676
0.103714
0.106232
0.00172424
-0.0142517
-0.00712585
0.0450745
0.0410461
-0.0276031
-0.00964355
-0.000396729
-0.00334167
-0.00460815
0.0134277

[24]
0.0312042
-0.00271606
-0.0553741
0.000350952
0.0294647
-0.0618744
-0.0789032
-0.123993
-0.25032
-0.772186
-0.212784
0.0223236
-0.496292
-0.421051
-0.447891
-0.300003
-0.145157
-0.0644379
-0.132324
-0.131897
-0.0758362
-0.0279083
-0.0277405
-0.0986176
-0.0658417
-0.0327606
0.0729828
0.0780029
-0.0358276
-0.134995
-0.23439
-0.13327
0.100494
0.43576
0.530029
0.548965
0.5681
0.187897
0.128403
0.15097
-0.167007
-0.017395
-0.0490265
0.0799713
0.00431824
0.037323
0.0577698
0.0211182
-0.120117
-0.169479

[25]
-0.0453796
0.0732269
0.0534058
0.00256348
-0.0724335
-0.0116119
0.0275574
0.0793762
0.0340271
-0.00392151
-0.0140533
-0.0123596
-0.0146637
0.00991821
0.0127563
-0.0245667
-0.0290985
0.0301971
0.050293
0.0254822
-0.0591278
-0.144119
-0.148575
-0.317642
-0.486328
-0.024292
-0.297943
-0.427155
-0.42276
-0.359039
-0.19754
-0.15921
-0.100189
-0.138947
-0.1035
-0.0879517
-0.0704193
-0.010025
-0.0866547
-0.0841522
-0.144775
-0.0199585
-0.0310211
-0.0879517
0.0149384
0.127029
0.0688934
0.15094
0.538483
0.714127

[26]
0.624405
0.585434
0.0773163
0.271255
0.397232
-0.0724792
-0.165314
-0.174011
0.0732422
0.0162201
0.036911
0.0909576
0.1035
-0.11937
-0.199814
-0.0718689
0.0145264
0.0272064
-0.0630341
-0.0505066
0.041687
0.0914917
0.112976
0.0597382
0.0167847
-0.0142975
0.00975037
-0.00273132
-0.00556946
0.0227051
-0.0171661
-0.0732574
-0.0419769
-0.0116882
-0.0566101
0.00756836
-0.124908
-0.237808
-0.510361
-0.233063
-0.0365906
-0.187088
-0.415314
-0.437332
-0.379028
-0.289124
-0.210876
-0.132217
-0.135254
-0.108154

[27]
-0.0840912
-0.0718384
-0.0967102
-0.104187
-0.119812
-0.0628052
-0.0234375
-0.0287018
-0.0723877
-0.0405273
-0.0269928
-0.0403748
0.0866699
0.262543
0.291397
0.33139
0.573044
0.40657
-0.140228
0.219696
-0.283279
0.182953
-0.021637
-0.0439911
0.102249
0.052002
0.0392914
-0.0345764
-0.134064
-0.156998
-0.00808716
0.112473
0.0775452
-0.00271606
-0.080246
0.000259399
0.0567322
0.0149994
-0.00741577
-0.0117493
0.0231171
-0.00538635
-0.016861
-0.00262451
-0.0235596
-0.0229645
-0.00372314
-0.0146027
-0.0378113
0.00588989

[28]
-0.114334
-0.238449
-0.556091
-0.177231
0.0540924
-0.143417
-0.294495
-0.531921
-0.383713
-0.170776
-0.0695496
-0.0562744
-0.118393
-0.110428
-0.104004
-0.089859
-0.10498
-0.16832
-0.197601
-0.122284
0.0108185
-0.031311
-0.0766296
-0.0956421
-0.0765076
-0.0765533
0.00320435
0.208389
0.425491
0.49939
0.520828
0.594025
0.00767517
0.109802
-0.00286865
-0.101578
-0.0587006
0.013382
0.124512
0.00715637
0.054657
0.0344696
-0.0484619
-0.105728
-0.080719
-0.00469971
0.0256195
-0.0369263
-0.0938416
-0.0681305

[29]
0.0200348
0.113113
0.0558472
-0.0237427
-0.0230713
-0.0179291
0.0398712
0.0137177
0.0118866
-0.0217133
-0.0168457
-0.00895691
0.0171204
0.0202942
-0.121323
-0.151047
-0.315689
-0.335495
-0.495468
-0.0909576
0.0570984
-0.372696
-0.514313
-0.522797
-0.330795
-0.137451
-0.0899658
-0.111145
-0.150085
-0.12587
-0.112091
-0.10759
-0.136459
-0.144104
-0.120361
-0.0632629
-0.0400391
-0.142883
-0.161667
-0.0935364
0.0228119
-0.0124207
0.240326
0.435974
0.512573
0.547119
0.61879
0.197769
0.241043
0.451981

[30]
-0.100586
-0.0505524
-0.0823364
0.100769
0.0227356
-0.00143433
0.0136414
-0.00706482
-0.0811615
-0.140167
-0.0786896
0.0379333
-0.0165863
0.0118256
0.0383301
0.0065155
-0.0219879
-0.00370789
-0.00668335
0.013382
0.0110779
0.00691223
0.003479
-0.00872803
-0.023819
-0.0537109
-0.0836792
-0.0424957
-0.0222473
-0.0469055
-0.118759
-0.301514
-0.328247
-0.621277
-0.219147
-0.0624847
-0.29985
-0.510849
-0.411453
-0.213821
-0.100754
-0.0391541
-0.141983
-0.0980225
-0.067215
-0.0534363
-0.068634
-0.143356
-0.129562
-0.0917511

[31]
-0.0500488
0.00956726
-0.0666656
-0.105759
-0.126709
-0.165497
-0.0650482
0.27533
0.571381
0.414078
0.324203
0.300491
0.173996
0.128372
-0.200485
0.0316315
-0.0474854
-0.00384521
0.0245056
0.0129089
0.0946198
0.0299377
-0.0504608
-0.132355
-0.0630341
0.0865326
0.0657349
-0.0145111
-0.0448151
-0.0398865
0.0239258
-0.00430298
-0.0212708
-0.0093689
-0.000228882
-0.00299072
-0.0245514
0.000747681
-0.0101166
-0.0131073
-0.0427551
-0.0949249
-0.0969543
-0.147339
-0.307007
-0.643326
-0.141129
-0.183258
-0.369492
-0.508575

[32]
-0.42334
-0.101028
-0.00466919
-0.0896149
-0.0820618
-0.0797577
-0.0445251
-0.0781403
-0.0998383
-0.169266
-0.130936
-0.0931549
-0.0356598
-0.0294952
-0.0887451
-0.153564
-0.0991669
-0.0921021
0.0159454
0.266418
0.607574
0.425339
0.483917
0.548782
0.582687
-0.0239563
0.131851
-0.114624
-0.290649
0.0283356
0.0923309
0.0609283
0.0628052
0.037735
-0.0244598
-0.148117
-0.0581512
0.110245
0.0310974
-0.0540009
-0.0605774
-0.00294495
0.00187683
0.00234985
-0.0284729
-0.00424194
0.013382
0.0186157
-0.0071106
-0.00802612

[33]
0.017868
0.0205383
0.0335693
-0.0102539
-0.0335388
-0.0593719
-0.0875702
-0.0858917
-0.368362
-0.45549
-0.27887
0.107407
-0.105347
-0.302261
-0.600357
-0.349808
-0.168213
-0.0918427
-0.0464783
-0.0833588
-0.121262
-0.118027
-0.0916595
-0.0719757
-0.125046
-0.137787
-0.178574
-0.131714
-0.0611877
-0.0712128
-0.0688782
0.0857544
0.162216
0.115417
0.096283
0.16922
0.369049
0.507172
0.651581
-0.184296
0.424774
-0.439514
0.112335
-0.0150146
0.0431366
0.0767975
0.0738525
0.0400848
0.0118256
-0.0730133

[34]
-0.142395
-0.0819702
0.0729675
0.116562
0.0160217
-0.0567932
-0.0558472
0.0302887
0.017868
-0.00488281
-0.018692
0.0137329
-0.00505066
-0.0397339
0.0122375
-0.0164185
-0.0297546
-0.00575256
-0.0216522
-0.0523376
-0.017395
-0.144913
-0.207611
-0.674652
-0.195145
-0.0295715
-0.448776
-0.452118
-0.414551
-0.226852
-0.158401
-0.14418
-0.168045
-0.128281
-0.0989532
-0.0889587
-0.0767822
-0.13588
-0.161575
-0.165924
0.044342
0.0683746
0.0710907
0.0553131
0.0735168
0.14328
0.305984
0.404099
0.601578
0.491028

[35]
0.422424
0.722748
0.0208282
0.514893
-0.215683
0.101151
-0.0135193
-0.0480652
-0.0362091
-0.00585938
0.0423126
-0.0137177
-0.107071
-0.174118
-0.0253754
0.129684
0.0774841
-0.0304413
-0.0333405
-0.0199432
0.046814
0.0138702
-0.015152
0.0111694
0.01474
0.000244141
-0.0118866
0.00236511
0.000396729
0.00170898
-0.0344086
-0.000656128
-0.0358582
-0.0840302
-0.0664215
-0.227921
-0.725937
-0.203125
0.0550385
-0.459854
-0.526245
-0.478851
-0.270935
-0.214157
-0.114655
-0.149506
-0.156387
-0.130219
-0.126709
-0.0512543

[36]
-0.0976562
-0.150681
-0.185776
-0.0725098
-0.0565491
-0.149323
-0.241302
-0.238602
-0.191193
-0.0859833
0.132675
0.419083
0.585846
0.60228
0.600372
0.626221
0.0570068
0.489761
-0.315979
-0.0481567
-0.0743103
0.0615845
-0.0559235
0.0632935
0.179596
-0.0017395
-0.156509
-0.110016
0.0180664
0.1147
0.000595093
-0.0514374
-0.056778
0.0149231
0.01828
-0.01297
-0.0101013
-0.0233612
0.00602722
-0.00450134
-0.00968933
0.0065918
-0.0209503
-0.0142059
-0.0249329
-0.00947571
0.00296021
-0.0582886
-0.0921326
-0.110764

