[1]
0.0413361
0.0681152
0.0296478
-0.0495148
0.370926
0.918625
0.343765
-0.474747
0.382111
0.550354
0.217667
-0.0520477
-0.536865
-0.192093
-0.0218048
-0.0137939
-0.0280609
-0.0490417
-0.0874329
-0.160507
-0.141312
0.0362244
0.0982208
-0.00270081
-0.0561371
-0.0154419
0.0220947
0.038559
-0.0157928
-0.0229492
-0.00492859
0.000854492
-0.0203247
-0.0467682
-0.0136871
0.0487518
0.00224304
-0.0684967
-0.108963
-0.0832367
-0.124008
-0.478653
-0.722977
0.0311737
-0.316788
-0.452591
-0.680878
-0.368744
-0.255035
-0.0335236

[2]
-0.0448151
-0.14386
-0.131332
-0.0837097
0.0182953
-0.047821
-0.0638275
-0.0972137
-0.108719
-0.0729218
0.00650024
-0.00798035
0.0458069
0.0845642
-0.0518036
0.254181
1.16017
0.548767
0.251144
0.230789
0.53894
0.443298
-0.084671
-0.165146
-0.240753
0.0320892
0.0924835
0.0767822
0.0694733
0.00149536
-0.144882
-0.0319977
0.13768
0.0957642
0.00238037
-0.0432434
-0.00299072
0.0433502
0.0800018
0.102249
0.0890198
0.0453339
-0.00509644
-0.0106659
0.00701904
0.0292969
0.0686798
0.0669708
0.0116119
-0.0707245

[3]
-0.113098
-0.230347
-0.581116
-0.263901
0.0786285
-0.0391235
-0.375763
-0.687454
-0.338501
-0.137848
-0.0314789
-0.0497589
-0.114136
-0.120392
-0.0738068
-0.00578308
0.0114746
-0.0349579
-0.0344849
-0.00393677
0.0903625
0.172256
0.13266
0.113113
0.0382843
-0.0199432
0.225739
0.721054
0.496323
0.181152
0.0788269
0.456497
-0.0500488
-0.070816
-0.182541
0.0877686
0.0323486
-0.0160675
0.059906
0.0359497
-0.0513
-0.13002
-0.0110474
0.106964
0.120636
0.0258636
0.0328217
0.067215
0.0593414
0.0570831

[4]
0.0235748
0.0252686
0.026001
0.0361481
0.0388947
0.0381927
0.0788422
0.0141144
-0.0387573
-0.130981
-0.171799
-0.269867
-0.301758
-0.253647
0.254074
-0.248535
-0.297409
-0.70842
-0.408691
-0.204544
-0.0305634
0.0272827
-0.0814209
-0.0987854
-0.0844727
-0.103439
-0.0687866
-0.118561
-0.122086
-0.0824127
-0.00366211
-0.0580292
-0.0131989
0.0350494
0.304749
0.42749
0.409454
0.623077
0.584381
0.0970154
0.258331
0.252548
0.509109
0.16629
0.0907135
-0.239883
-0.065918
0.0601959
0.0253448
0.0415802

[5]
0.0252991
0.0390625
-0.0359192
-0.0606537
0.0268707
0.117661
0.0704803
0.0462799
0.0428467
0.0317841
0.0369873
0.0449829
0.0214386
0.0145721
0.00520325
0.043808
0.0358582
0.0478363
0.0630798
0.0354614
-0.0830688
-0.199509
-0.137466
-0.231491
-0.46701
0.0154724
-0.0448456
-0.279297
-0.696167
-0.514954
-0.253067
0.0151978
-0.017334
-0.100739
-0.131088
-0.0704193
0.0125275
-0.0211639
-0.0496216
-0.09729
-0.0877838
-0.0625458
0.0698395
0.0669708
0.0808716
0.15625
0.117859
0.244019
0.987305
0.819733

[6]
0.0180206
-0.106262
0.616531
0.115585
-0.000656128
-0.167328
0.02034
0.185944
0.0107574
0.0405121
0.104584
-0.0551453
-0.0836334
-0.150162
0.0661316
0.127274
0.0546265
0.0220947
0.0184937
0.00823975
0.0661316
0.0600281
0.041214
-0.00827026
-0.00650024
0.0521393
0.0914307
0.0167389
0.0799866
0.00564575
-0.144012
-0.259155
-0.305038
-0.83493
-0.100601
0.0227203
-0.373627
-0.700256
-0.370972
-0.218277
-0.195541
-0.111771
-0.114182
-0.134033
-0.122391
-0.0659943
-0.00773621
-0.0105743
-0.0305481
-0.0838013

[7]
-0.0570374
0.0657349
0.101654
0.0596466
0.203598
0.207596
0.327866
0.823669
0.783569
-0.029129
0.452423
0.461349
0.0275879
-0.0470734
-0.391739
0.112061
0.153992
0.0921326
0.139801
0.0588226
-0.00135803
-0.151215
-0.0314484
0.157288
0.131424
0.0248413
-0.0344543
0.0276642
0.066391
0.0615082
0.0290833
0.0300446
0.0163116
0.0141602
0.0292664
0.0608521
0.108841
0.0765991
-0.0280457
-0.0861664
-0.132248
-0.129883
-0.343048
-0.664352
-0.135345
0.104736
-0.342316
-0.672028
-0.426956
-0.197006

[8]
-0.209122
-0.105484
-0.123245
-0.137207
-0.127686
-0.086441
-0.0611267
-0.0565948
-0.112701
-0.134232
-0.138519
-0.113403
-0.0853729
-0.088623
0.113663
0.100113
0.053833
0.50946
0.850189
0.605118
0.25766
0.607147
0.431412
-0.119843
-0.135132
-0.208221
0.0889587
0.102829
0.14473
0.194778
0.0735931
-0.100815
-0.190613
-0.00372314
0.136414
0.15976
0.0252991
-0.00776672
0.0230865
0.0882111
0.0713348
0.0412445
0.00109863
0.0178223
0.0261383
0.0521698
0.0428925
0.00756836
0.112839
0.00724792

[9]
-0.156677
-0.286362
-0.313629
-0.418228
-0.143906
0.194412
-0.387207
-0.483627
-0.556229
-0.400314
-0.154648
0.0226898
-0.0472717
-0.119736
-0.0981293
-0.00535583
0.00624084
-0.0221558
-0.0487213
-0.00817871
0.000656128
-0.0058136
0.100555
0.0695496
0.238419
0.313675
0.183029
0.544235
0.598328
0.633453
-0.0909729
0.220291
0.785919
-0.318115
0.0865479
0.0594788
0.207504
0.054306
0.0119476
0.095932
0.0207825
-0.107086
-0.0818481
0.0631714
0.153809
0.105682
0.0428009
0.029541
0.0947876
0.0581207

[10]
0.0369263
0.0627289
0.0457764
0.0839844
0.0337219
0.0198059
0.0105133
0.0510559
0.0950928
-0.048111
-0.186935
-0.246918
-0.288849
-0.713043
-0.103439
-0.226837
-0.310425
-0.681
-0.327347
-0.175568
0.00288391
0.0134583
-0.111588
-0.100372
0.000213623
0.0387421
0.057373
0.00332642
0.00152588
0.0313263
0.0493164
0.169159
0.0770874
0.0695496
0.108734
0.0237579
-0.021286
0.536804
0.423248
0.589996
-0.0718536
0.593811
0.379944
-0.0245209
-0.167175
-0.0359802
0.101837
0.0157623
0.0627289
0.035553

[11]
0.0252686
-0.0622864
-0.0608215
0.0653839
0.0291595
-0.00527954
-0.0215607
0.0196533
0.01651
0.0348511
0.0203552
0.0214081
-0.00349426
0.00532532
0.0845795
0.0659027
-0.0257416
-0.0744171
-0.045929
0.0030365
-0.145767
-0.364914
-0.496582
-0.193375
0.159836
-0.291641
-0.785965
-0.442795
-0.216766
-0.0488892
-0.0926819
-0.116989
-0.142212
-0.107681
-0.0509186
-0.0271759
-0.0882263
-0.137405
-0.0863495
0.146454
0.0567017
-0.0973969
-0.0587463
-0.0622711
-0.0174866
0.306931
0.627213
0.266632
0.498596
0.475418

[12]
0.458282
0.595993
-0.308701
-0.202576
-0.0142212
0.0639801
-0.0944061
0.0641785
-0.00482178
-0.00186157
-0.0881195
-0.0886383
0.0598602
0.0917511
0.0783844
0.0233307
0.00230408
0.0350037
0.0415649
0.0037384
-0.0175629
-0.0150146
0.0215149
0.0371399
0.0195618
0.0496216
0.0484009
-0.0483704
-0.240433
-0.330902
-0.304657
-0.586731
0.298782
-0.353394
-0.456665
-0.851135
-0.422424
-0.173447
0.129013
0.0534668
-0.0999451
-0.150833
-0.0382538
0.0513611
0.0448303
-0.0119171
-0.0421753
0.022995
0.111526
0.1026

[13]
0.072464
0.0574646
0.0497437
0.0328827
0.541672
0.694046
0.307312
0.0339355
0.534058
0.408173
0.0177307
-0.135376
-0.0410919
0.136673
-0.0346527
0.0726471
0.0868225
0.039856
-0.118637
-0.0829315
0.0554962
0.104889
0.0259247
0.00340271
0.0366821
0.0797882
0.0432434
0.0262909
0.0111694
0.0640411
0.0440063
0.0535889
0.0518799
0.00166321
-0.0116119
0.043869
0.000396729
-0.155655
-0.23642
-0.582657
-0.472565
-0.0548859
-0.286118
-0.636856
-0.732315
-0.36055
-0.0824432
-0.0815277
-0.11348
-0.0934296

[14]
-0.0929413
0.0107727
0.0783997
-0.00108337
-0.00180054
0.0782928
0.202606
0.0895538
-0.154556
-0.329086
-0.425552
-0.273499
0.290771
0.675949
0.534958
0.748322
0.181061
0.503235
-0.246841
0.178162
-0.0155334
-0.0751801
-0.0326843
0.091629
0.165222
0.0293579
-0.245148
-0.0589447
0.137878
0.121017
0.0150757
-0.0145416
0.0282135
0.0580902
0.0270691
0.0306396
0.0451508
0.0317688
0.031662
0.0437012
0.0480347
0.0168152
0.0192261
0.0742035
-0.110077
-0.239212
-0.189743
-0.457443
-0.232193
-0.064209

[15]
-0.277725
-0.641861
-0.523148
-0.19873
-0.122818
0.0144806
-0.0128326
-0.0426941
-0.0157166
0.0164948
0.0513
0.0340118
-0.0416412
0.00614929
0.15419
0.155807
0.00102234
-0.04776
-0.134933
-0.137024
0.357285
0.567551
0.68602
0.210266
0.306808
0.415146
-0.186005
0.0704041
0.0644684
0.0740204
-0.0648804
0.0491333
0.145813
-0.0120239
-0.195267
-0.060257
0.110626
0.113998
-0.00613403
0.0180511
0.0296173
0.0878906
0.0488281
0.000869751
0.0070343
0.044754
0.0511017
0.0561829
0.029068
-0.0381927

[16]
0.0153351
0.0547791
-0.0537262
-0.125702
-0.274216
-0.544189
-0.4729
0.0853119
-0.495789
-0.499969
-0.493271
-0.2621
-0.233536
-0.0596771
-0.0580292
-0.0127411
0.00488281
0.0338898
0.0527649
0.0401611
0.0652161
0.074707
0.141739
0.365967
0.144257
0.199036
0.00891113
-0.00396729
0.581238
0.585419
0.282089
-0.169952
0.709732
0.369339
-0.228378
-0.112137
-0.115005
0.118073
-0.0205841
0.0720673
0.125214
-0.00418091
-0.102997
-0.165497
0.0691071
0.112564
0.0820923
-0.0224762
-0.0904388
-0.00427246

[17]
0.0188751
0.0165253
0.0330505
0.00317383
0.010849
0.0275574
0.0258026
0.0161591
0.138641
0.0314636
-0.192673
-0.359802
-0.222031
-0.387756
-0.242126
0.119553
-0.384018
-0.564819
-0.693649
-0.393723
-0.0982819
0.105301
-0.0419006
-0.106354
-0.154282
0.00350952
0.00958252
-0.0315094
-0.0841217
-0.00178528
0.0923004
0.197449
0.314362
0.19928
0.183563
0.0876312
0.271759
0.887711
0.644012
0.295731
-0.487137
0.468018
0.477676
-0.159592
-0.0516815
0.102783
0.277191
-0.0529785
-0.0590668
-0.0738983

[18]
0.0723267
0.0265198
-0.0187683
0.0167389
0.0450745
0.020874
0.0613556
0.0197144
0.0134583
0.00523376
0.00738525
-0.00616455
-0.0174561
-0.0288391
0.0150146
0.0151062
0.0462189
0.0547791
-0.0508728
-0.129745
-0.127029
-0.299805
-0.901276
-0.274979
0.00820923
-0.47348
-0.68782
-0.387283
-0.260468
-0.116272
-0.0937805
-0.169525
-0.172684
-0.109711
-0.0364532
-0.0141144
-0.0651398
-0.0696106
-0.0660553
0.0137939
0.164536
0.0998383
0.0501404
0.108704
0.12851
0.435562
1.06203
0.827408
0.0126343
-0.0838013

[19]
0.584625
-0.120255
0.0810394
0.0503082
0.202881
0.000900269
0.0522766
0.0337982
-0.0469666
-0.10675
-0.0300293
0.0795746
0.0609131
-0.0114594
-0.00537109
0.0286865
0.0392914
0.0436707
0.0321198
0.0204163
0.0219421
0.0334473
0.0154724
0.0528107
-0.0105438
-0.0829163
-0.0247498
0.0511322
-0.0421906
-0.216736
-0.489227
-0.869888
-0.136444
-0.0586548
-0.336716
-0.675797
-0.327881
-0.232819
-0.0634766
0.00242615
-0.0946655
-0.117188
-0.0285645
0.0251465
0.0383148
0.0383301
0.041275
0.097229
0.0770721
0.0719299

[20]
0.0141296
-0.104675
0.00497437
0.224319
0.921127
0.757416
0.176056
0.0110931
0.604218
-0.175552
0.0664062
-0.197662
0.0314026
0.0860138
0.0130768
0.122009
0.01651
-0.076416
-0.156754
0.0105896
0.103241
0.0393829
-0.00953674
-0.00793457
0.0139618
0.0405426
0.0379639
0.0525665
0.0328064
-0.0105286
-0.0111237
0.0169983
0.0661621
0.0174866
0.00621033
-0.0226898
-0.149277
-0.268723
-0.32811
-0.724945
0.0160522
-0.318344
-0.301636
-0.692932
-0.435699
-0.221436
-0.139511
-0.0821075
-0.148499
-0.125687

[21]
-0.0484924
-0.0269165
-0.0224304
-0.0399475
-0.0360107
-0.0338287
0.119217
0.252258
0.082077
0.0847626
0.370239
0.369919
0.451019
0.743622
0.654678
0.197433
0.574509
0.165054
-0.238586
0.0744171
0.181122
-0.0269928
-0.0167999
0.0850983
-0.0102997
-0.179321
-0.0745544
0.0858459
0.0734253
0.00848389
-0.00286865
0.0292511
0.0227814
0.00527954
0.0198975
0.0500488
0.0183868
-0.00195312
0.0440674
0.0583954
0.00541687
0.0341034
-0.0130005
-0.200867
-0.255493
-0.337357
-0.90416
-0.144836
-0.264038
-0.339142

[22]
-0.740967
-0.380249
-0.169891
-0.0323639
0.0254822
-0.0398865
-0.0523834
-0.0155334
-0.0183868
-0.0238342
-0.0189667
-0.0539246
-0.0057373
0.0731049
0.0857849
0.112335
0.0767517
0.193939
0.410416
0.740097
0.464035
0.595291
-0.504089
0.580154
0.458633
-0.130936
-0.190887
0.130371
0.350296
0.0383453
0.0144806
-0.0866699
-0.0797272
-0.128738
0.0583801
0.126572
0.099823
-0.0779877
-0.037323
0.0327454
0.000320435
0.00183105
0.00213623
-0.0035553
-0.0212708
0.00476074
0.0798645
0.0228882
0.0287628
0.0327454

[23]
-0.187912
-0.306732
-0.42041
-0.757828
-0.244232
-0.198868
-0.434921
-0.636185
-0.406876
-0.174576
0.0155182
-0.0194244
-0.0479126
-0.0565948
0.0550079
0.059082
0.0256805
0.0280609
0.0456543
0.110519
0.102325
0.107391
-0.0062561
-0.0210114
0.0638885
0.22168
0.941803
0.91954
0.406219
-0.180664
0.614319
0.554977
-0.264526
0.129181
0.0964203
0.0477905
-0.0548706
-0.0419769
0.0262604
0.0203247
-0.106216
-0.0473175
0.059845
0.05159
0.00257874
-0.00427246
0.0526276
0.0427094
0.0227203
0.0157471

[24]
0.0254517
0.0241852
0.0233307
0.0358276
0.0118866
0.0125732
0.0189667
-0.00627136
-0.160767
-0.219559
-0.312683
-0.94603
0.0956116
-0.378006
-0.448975
-0.769806
-0.404816
-0.158447
-0.0288239
-0.053833
-0.140442
-0.173843
-0.05896
-0.0110474
0.00177002
-0.0831909
-0.0508575
0.053772
-0.00843811
0.00419617
-0.0305328
-0.115189
0.13208
0.316925
0.446793
0.967972
0.851257
0.776001
-0.568008
0.550812
0.496414
0.108093
0.0484619
-0.0267792
0.0262604
-0.0238647
-0.071167
0.0306244
0.10173
0.0490417

[25]
-0.0560608
-0.00198364
0.0531158
0.0564423
0.0348206
0.00366211
-0.0057373
0.0376282
0.0426636
0.0263214
0.0098877
-0.00915527
0.0241241
0.0585327
0.036087
0.0246277
-0.0762939
-0.143173
-0.124603
-0.308136
-0.707947
-0.0933075
-0.0171356
-0.313629
-0.699509
-0.520142
-0.282944
-0.256775
-0.0496368
-0.0636597
-0.0782928
-0.0374146
0.0838318
0.110779
0.00318909
0.000350952
0.0522766
0.143677
0.209045
0.0596924
-0.212006
-0.329971
-0.23671
0.358414
0.803528
0.541748
0.0956116
0.280991
0.344788
-0.197998

[26]
0.319794
0.111908
-0.0280914
-0.15831
0.0863495
0.0638275
-0.162537
-0.116531
0.0384674
0.0858154
0.0349579
-0.0310516
0.0341187
0.0637207
0.0605469
0.0265503
0.0262604
0.0248413
0.0174561
0.0489807
0.0230408
-0.0431519
-0.0254974
0.0643768
-0.030365
-0.133499
-0.361923
-0.777893
-0.179977
-0.107986
-0.315079
-0.739975
-0.42363
-0.192123
-0.0441895
0.00579834
-0.0234222
-0.0678253
-0.00442505
-0.0170135
-0.0387268
-0.0674744
0.0217896
0.14209
0.206573
0.117203
0.203384
0.219467
0.080307
0.186752

[27]
0.489349
0.434311
0.372391
0.185913
0.287552
0.693207
-0.340454
-0.0758362
0.059494
0.184479
-0.0603943
0.0227203
0.0201569
0.033905
-0.101181
-0.026123
0.0685425
0.100998
0.0284271
0.000427246
0.0326538
0.0402527
0.0425873
0.0455017
0.0215149
0.0205231
0.0500946
0.0396881
0.0294342
0.0580139
0.000350952
-0.177872
-0.23288
-0.389145
-0.831161
0.161697
-0.470596
-0.34668
-0.741623
-0.330078
-0.103119
0.0131531
0.0278778
-0.00102234
-0.0322723
0.0266113
-0.000457764
0.0158539
0.00941467
-0.00431824

[28]
0.0278778
0.17131
0.114777
0.101456
0.371414
0.542786
0.416
0.914993
0.673767
-0.174881
0.142319
0.418839
-0.254425
0.190475
0.0125427
0.117416
-0.0450287
0.0151062
-0.0085907
-0.0286407
-0.0910187
0.0125885
0.0758972
0.0756836
0.0439758
0.0463104
0.0493774
0.0320587
0.062851
-0.00378418
0.0506439
0.0414429
0.0417328
0.0498962
1.52588e-05
0.0419159
0.0447998
-0.134171
-0.218506
-0.471313
-0.910187
-0.033493
-0.327957
-0.312592
-0.69136
-0.385681
-0.0464172
0.194244
0.012207
-0.0477448

[29]
-0.0657349
0.0093689
-0.0236206
-0.116379
-0.102737
-0.0613556
-0.0187683
0.0582886
-0.015274
-0.0484314
0.17778
0.2845
0.451874
0.694946
0.866791
0.664322
0.199646
0.597565
0.0996246
-0.0406189
-0.113068
0.0145264
-0.00630188
0.0583191
0.064682
-0.0162506
-0.0478058
-0.113693
-0.00492859
0.0693665
0.0164795
-0.0173645
0.0183868
0.0654144
0.0815125
0.0343933
0.0397034
0.0603027
0.0471039
-0.00488281
0.0065155
0.00157166
0.0948639
0.0998077
0.00242615
-0.14505
-0.338715
-0.550446
-0.553284
0.184113

[30]
-0.39505
-0.407227
-0.630829
-0.389557
-0.192932
-0.00570679
0.00822449
-0.0787354
-0.114761
-0.0330811
-0.0610504
-0.0714569
-0.142548
-0.0955353
-0.021286
-0.00770569
0.0181427
-0.0559845
0.152634
0.225143
0.102737
0.752655
0.975311
0.990555
-0.155457
0.810364
-0.500381
0.354584
0.030014
0.0507812
0.0773773
-0.0125427
0.0950317
0.00982666
-0.198456
-0.0544128
0.121872
0.163284
0.0157166
-0.0137939
0.0506592
0.115082
0.0947723
0.0763245
-0.000961304
0.0355682
0.0595703
0.0603485
0.036026
0.0847321

