[1]
0.2612
-0.0262909
-0.0440063
-0.0666046
-0.026947
-0.012207
0.0375671
0.0208435
0.0836945
0.113556
0.114563
0.452438
1.12952
0.841187
0.583069
0.488693
0.227814
0.256744
-0.194061
0.184967
0.747574
0.782974
0.579651
0.514572
0.401321
0.377441
0.403137
0.177719
0.12114
-0.0595398
-0.278076
-0.456436
-0.530762
-0.733582
-1.10799
-1.34631
-1.22478
-1.1424
-1.48828
-1.50949
-1.32491
-0.424179
1.43741
-0.745499
-0.141586
-0.128571
-0.365417
-0.536102
-0.25592
-0.12645

[2]
-0.0809784
-0.0551453
0.00149536
-0.00886536
-0.0372009
-0.0628662
0.0402069
0.0793304
0.00888062
-0.0680389
-0.00938416
0.015152
0.0085907
-0.0237122
0.0169983
-0.00250244
-0.00854492
0.0241089
0.0462341
0.0762329
0.0931854
0.0765381
0.0524445
0.1651
0.015564
0.0111389
0.16423
0.474213
1.04492
1.04422
0.710663
0.805283
0.120117
0.47113
-0.143494
0.0948486
0.486588
0.79187
0.679199
0.607483
0.471527
0.314117
0.268143
0.248032
0.239548
0.100479
-0.188065
-0.356033
-0.651337
-1.02151

[3]
-1.32663
-1.51839
-1.56888
-1.52701
-1.33842
-1.45705
-0.995621
1.12436
0.718201
-0.795135
-0.115784
-0.341904
-0.759888
-0.433075
0.0306091
-0.0649567
0.0847015
-0.0354614
-0.128098
-0.119415
0.101425
0.0830231
-0.0622406
-0.075592
-0.0111694
0.0215302
0.0219879
-0.0288239
-0.0325165
-0.00610352
0.0175781
-0.00184631
0.00979614
0.030304
0.0475464
0.0716858
0.0741882
0.0619049
0.000198364
0.0656128
0.113678
0.146301
0.462982
1.04729
0.928589
0.591629
0.202866
0.204208
0.279327
0.0754852

[4]
0.421478
0.804184
0.786148
0.604904
0.470306
0.427841
0.396317
0.344208
0.273254
0.182907
0.130325
-0.115753
-0.314621
-0.51619
-0.713593
-1.08614
-1.32622
-1.40016
-1.67366
-1.99538
-1.32385
-1.285
0.366302
1.07776
-0.353943
-0.358383
-0.389633
-0.577988
-0.338577
-0.0554962
-0.113205
-0.0626526
-0.0676117
0.017868
-0.0408478
-0.00628662
0.0823517
0.0450287
0.00912476
-0.026001
0.0241394
0.0333557
0.0317841
-0.00341797
-0.070694
-0.00576782
0.034317
0.0163269
-0.0143127
0.0479736

[5]
0.0726624
0.0788422
0.0401154
0.0298309
-0.00630188
0.0877228
0.23262
0.187241
0.582275
1.3205
0.779922
0.550766
0.123154
0.26416
0.136047
0.205841
0.449738
0.88208
0.714218
0.533264
0.463593
0.41925
0.353195
0.306671
0.259369
0.144562
0.0072937
-0.15744
-0.412369
-0.812805
-1.20621
-1.39626
-1.52611
-1.44368
-1.58698
-1.62727
-1.17052
0.998962
0.455673
-0.752762
-0.280273
-0.275299
-0.526199
-0.379883
-0.0393524
-0.00558472
-0.0431824
-0.00480652
-0.00115967
-0.102356

[6]
-0.0430145
0.0211639
0.022644
0.0135651
-0.0884857
0.00559998
0.0261383
0.00704956
-0.00645447
-0.0293427
-0.0395813
-0.00675964
-0.00234985
-0.00267029
0.0375519
0.113449
0.0832672
0.0736389
0.0574799
0.0673065
0.0798187
0.201752
0.502777
1.03992
1.01703
0.660858
0.479309
0.15184
0.193787
-0.0668793
0.345215
0.810547
0.825302
0.605499
0.462784
0.457138
0.475891
0.378937
0.386673
0.318115
0.143494
-0.326401
-0.520248
-0.804886
-1.20526
-1.30373
-1.26161
-1.24545
-1.36414
-1.37581

[7]
-1.13641
-0.819016
1.63997
-0.853775
-0.416107
-0.176254
-0.340668
-0.356613
-0.107513
0.0789642
-0.0118713
0.00180054
-0.0115051
-0.0557709
-0.0223083
0.0721741
0.0862732
0.00160217
-0.056778
0.00819397
0.062973
0.042572
-0.00836182
0.0249023
-0.00300598
0.0291138
0.0596771
0.0570374
0.096344
0.0927887
0.136795
0.0722046
0.104324
0.136856
0.183243
0.1828
0.728241
1.25009
0.848114
0.532318
0.200394
0.0846405
-0.033371
0.345444
0.765228
0.777069
0.641953
0.562592
0.44043
0.409943

[8]
0.457474
0.450729
0.381561
0.122742
0.0129242
-0.282501
-0.441223
-0.577164
-0.994247
-1.26376
-1.18149
-1.26054
-1.813
-1.55997
-1.5063
0.962448
0.777191
-0.615494
-0.0782928
-0.298264
-0.606079
-0.325409
-0.135849
-0.0462189
-0.123108
-0.0538483
0.0366974
-0.0269928
-0.0670929
0.0340118
-0.00434875
-0.0243683
-0.0265198
-0.0340271
-0.00514221
0.0308838
0.01828
-0.0150452
-0.0213013
0.00788879
0.0192261
0.0231323
0.0545807
0.0176392
0.0177917
0.0717163
0.0691071
0.0376434
0.0999908
0.0730743

[9]
0.303391
0.572739
1.12512
0.697632
0.729721
0.491837
0.141785
0.24765
0.183594
0.280594
0.848083
0.800964
0.572189
0.389114
0.306839
0.370117
0.337921
0.233521
0.235657
0.0823822
-0.158829
-0.393539
-0.686523
-1.04509
-1.36188
-1.48169
-1.5329
-1.90341
-1.756
-1.59145
1.64658
0.0122681
-0.700729
-0.150055
-0.443726
-0.450653
-0.272003
-0.11203
-0.131317
-0.0535583
0.00491333
0.0111084
-0.0457764
-0.000549316
-0.0240326
-0.0269623
-0.0217133
-0.0396423
-0.0405884
0.0206146

[10]
0.00653076
-0.0167389
-0.00402832
-0.00119019
0.0312653
0.0390625
0.0226746
0.0302582
0.0543518
0.0354156
0.0671539
0.028244
0.0151367
0.190308
0.467453
0.894791
0.953247
0.833984
0.790787
0.0478973
0.130264
0.0666656
0.0829926
0.625809
0.826584
0.526947
0.457825
0.376953
0.293442
0.327774
0.299347
0.164505
0.0976257
-0.163055
-0.408997
-0.733414
-0.950729
-1.19864
-1.30957
-1.39328
-1.35689
-1.27165
-1.37135
-1.20392
-0.67717
1.67589
-0.387451
-0.427734
-0.220871
-0.285309

[11]
-0.351593
-0.148605
-0.0773621
-0.0242462
-0.144806
-0.0744171
0.0241394
0.00369263
0.0135651
0.017395
-0.0131531
-0.015213
-0.0328369
-0.0391693
-0.00688171
-0.00196838
0.0236206
0.05896
0.061142
0.0144958
0.0196381
0.0238037
0.0995941
0.0372314
0.0642242
-0.00161743
0.0308533
0.031601
0.124878
0.16069
0.424423
0.846405
1.09007
0.732224
0.463745
0.134003
0.258423
0.0834961
0.234726
0.575455
0.787659
0.608582
0.443008
0.335327
0.445251
0.439926
0.333481
0.319031
0.195358
0.00788879

[12]
-0.20076
-0.599686
-1.01833
-1.44919
-1.60237
-1.63588
-1.5497
-1.4912
-1.25954
-0.893906
1.27211
0.474777
-0.883087
-0.563095
-0.230743
-0.425858
-0.264221
0.0377045
-0.0162354
-0.03302
-0.0606232
-0.148666
-0.0139618
0.13826
-0.0209961
-0.0694733
-0.0656128
-0.0091095
0.026886
-0.0229797
-0.0477295
-0.00733948
-0.0326691
-0.0197144
-0.0342102
0.0144958
0.0524139
0.0985413
0.058197
0.0623474
0.100021
0.109818
0.10408
0.171692
0.207336
0.548523
1.31075
0.876755
0.590485
0.0688477

[13]
0.2285
0.0415039
0.198883
0.540848
0.92569
0.67543
0.523727
0.418503
0.338745
0.368195
0.3526
0.237411
0.20163
0.010025
-0.414215
-0.405106
-0.580627
-1.00032
-1.04588
-1.01158
-1.14761
-1.54521
-1.84
-1.39616
-0.776184
1.57358
-0.610138
-0.295151
-0.439117
-0.421661
-0.332123
-0.119446
0.0769501
-0.00186157
0.0166168
-0.0106506
0.0490875
0.00706482
0.0322418
0.00486755
-0.0017395
-0.0270538
0.00468445
0.0415802
-0.019455
-0.0127411
0.0306854
0.0186157
-0.00268555
-7.62939e-05

[14]
0.0568695
0.061203
0.0248566
0.0511169
0.111053
0.0680847
0.135544
0.0886383
0.15564
0.156158
0.406586
1.10751
1.04593
0.647064
0.225372
0.0976562
0.170242
0.299622
0.537003
0.98996
0.76239
0.589676
0.506317
0.441956
0.401779
0.390121
0.386444
0.262192
0.14003
-0.114517
-0.492798
-0.959763
-1.43364
-1.6266
-1.67479
-1.56444
-1.57437
-1.34789
-1.39308
-0.0418243
1.66606
-1.18434
-0.370361
-0.484436
-0.503403
-0.277985
0.0730743
-0.0898132
-0.0324554
-0.106384

[15]
0.0405273
0.0952911
0.0714722
-0.0019989
-0.04599
-0.0259094
-0.0541534
0.000427246
0.0450592
0.0105438
-0.00582886
-0.043457
-0.0213928
-0.00447083
0.0239105
0.0741882
0.0733032
0.0924072
0.0809784
0.101028
0.0963593
0.123383
0.110641
0.58522
1.2646
0.963058
0.68869
0.184799
0.166672
0.0990448
0.291962
0.795883
0.932129
0.587128
0.427887
0.390762
0.327667
0.325958
0.245102
0.106827
-0.0215149
-0.104156
-0.441483
-0.682724
-0.949814
-1.15033
-1.46687
-1.41068
-1.40936
-1.44696

[16]
-1.58472
-1.44598
0.115387
1.63522
-0.807114
0.0112305
-0.328049
-0.67717
-0.307327
-0.148605
-0.0279388
-0.0825653
-0.0636292
-0.0231476
-0.0199432
0.0470581
0.0610199
-0.0506897
-0.0235138
-0.0451355
-0.00875854
-0.0170593
-0.00672913
-0.033905
-0.0110168
0.010025
0.0243683
0.0142975
0.0324402
0.0714264
0.0718536
0.0779266
0.0853424
0.094986
0.0383453
0.0789948
0.19136
0.539108
0.802734
0.967316
0.646515
0.535629
0.150787
0.326462
0.0545044
0.14595
0.652969
0.932709
0.674011
0.50943

[17]
0.38446
0.400726
0.382812
0.222046
0.190155
0.0193939
-0.142151
-0.350082
-0.680313
-1.04074
-1.37103
-1.56813
-1.59402
-1.41289
-1.3132
-1.12724
-1.11409
0.158661
1.60307
-1.34612
-0.311966
-0.346817
-0.448761
-0.188019
0.0127716
-0.0487823
-0.0903168
0.00138855
0.0305481
-0.0117645
0.068573
0.0184784
-0.0192719
-0.0487671
-0.0121765
0.0280914
-0.00102234
0.0135651
-0.00205994
-0.0456085
-0.0413361
-0.00935364
0.0258331
0.0626221
0.0698242
0.164551
0.110992
0.0366974
0.0479431
0.0995483

[18]
0.208954
0.226608
0.635406
1.17827
0.901657
0.743698
0.276794
0.228287
0.123993
0.212692
0.575974
0.959381
0.646225
0.440948
0.412659
0.398666
0.326569
0.297897
0.257278
0.150589
-0.0710754
-0.280823
-0.59082
-0.947861
-1.29729
-1.52428
-1.81326
-2.0538
-1.66478
-1.03259
-0.919067
1.40239
-0.262634
-0.529449
-0.522369
-0.497589
-0.395615
-0.154739
-0.0773926
-0.0230713
-0.031723
-0.0523071
-0.0539551
0.0216064
0.013916
0.0195007
-0.0303345
-0.0177612
0.0141296
0.0135193

[19]
-0.00767517
-0.0480652
-0.0411377
-0.00993347
-0.00558472
0.0122986
0.0189667
0.0569916
0.0807037
0.0620117
0.0725708
0.0622101
0.0796356
0.0582275
0.281219
0.675568
1.13756
0.920746
0.534866
0.31633
0.0711365
0.115402
0.161804
0.673248
0.975815
0.60611
0.484665
0.48259
0.421463
0.350693
0.327606
0.23317
0.155914
-0.0569611
-0.342133
-0.54097
-0.904236
-0.998093
-1.32198
-1.3407
-1.5598
-2.18948
-1.44197
-1.55142
0.737671
0.957016
-0.943268
-0.358231
-0.311279
-0.559662

[20]
-0.344467
-0.0619965
-0.0694427
-0.149704
-0.0419464
-0.0123138
0.0276184
-0.0136414
-0.0408325
-0.057724
-0.0342712
-0.0496063
-0.0203094
-0.034256
-0.0179596
-0.0297546
-0.0401154
-0.032547
0.0157318
-0.0104675
0.0477142
0.0494537
0.0794678
0.0935516
0.0644989
0.100861
0.131638
0.41893
0.735077
1.02631
0.548752
0.699646
0.0840607
0.250931
-0.0484619
0.196823
0.574463
0.904816
0.630997
0.492447
0.444885
0.353638
0.366119
0.292969
0.205124
0.0896149
-0.120407
-0.389542
-0.630203
-1.25154

[21]
-1.51088
-1.54872
-1.49277
-1.38255
-1.52559
-1.60826
-1.19366
1.63141
-0.559204
-0.578964
-0.221085
-0.667114
-0.322754
-0.237595
-0.0703125
-0.132584
-0.0728302
-0.0757904
-0.115265
-0.0362396
0.011795
-0.0703125
-0.0732269
-0.0673218
-0.0234528
-0.0505371
-0.0466156
-0.0336609
-0.050766
-0.0470428
-0.0668793
-0.0114746
0.0514984
0.0689392
0.0639191
-0.00469971
0.0567169
0.0801697
0.084259
0.124252
0.477402
1.0768
0.964859
0.62616
0.270767
0.174591
0.100906
0.234238
0.565384
0.985748

[22]
0.763062
0.514511
0.36351
0.321594
0.3069
0.25444
0.152481
0.0277557
-0.101151
-0.268677
-0.649918
-1.02998
-1.32402
-1.53394
-1.55774
-1.41496
-1.38036
-1.63445
-1.32652
0.17366
0.704575
-1.06807
-0.335678
-0.477921
-0.468292
-0.301514
-0.077774
-0.112976
-0.0381927
-0.139557
-0.0838776
-0.01828
0.00366211
-0.0622559
-0.109497
-0.0373383
-0.0604401
-0.0582428
-0.0424194
-0.00410461
-0.0618591
-0.0972748
-0.0908966
-0.029129
-0.0219574
-0.0144958
-0.00222778
0.0447235
0.0528107
0.0611725

[23]
0.0145569
0.0451202
0.0679932
0.443924
1.06415
0.963501
0.496475
0.413116
0.188721
0.310806
0.123245
0.30072
0.770477
0.741287
0.541016
0.463226
0.389496
0.348038
0.319382
0.262314
0.185043
0.00946045
-0.17485
-0.333328
-0.750641
-1.11458
-1.44064
-1.63663
-1.72137
-1.67363
-1.58745
-0.969055
-0.976395
0.255142
1.56065
-1.26288
-0.29213
-0.234299
-0.661789
-0.399231
-0.121429
-0.0651855
-0.0864716
-0.0748901
-0.053421
-0.133347
-0.117889
0.0495911
-0.0297852
-0.168884

[24]
-0.0661011
0.00088501
-0.0144958
-0.0631714
-0.072403
-0.0747223
-0.0626221
-0.0343628
0.0130463
0.0505219
0.0595093
0.0757446
0.0166473
0.0443878
0.065155
0.0676422
0.236404
0.753586
1.19582
0.902664
0.501343
0.0450897
0.101425
0.207275
0.3461
0.913147
0.783249
0.556137
0.40979
0.321228
0.335098
0.305267
0.223679
0.000701904
-0.0878296
-0.285095
-0.556
-0.895615
-1.06715
-1.29271
-1.31592
-1.15858
-1.23634
-1.36726
-1.29552
-0.872177
-0.588516
1.20941
0.657608
-0.870636

[25]
-0.0057373
-0.409866
-0.386368
-0.312302
-0.210739
-0.111557
-0.120728
-0.0380859
-0.00350952
-0.00511169
0.00914001
-0.0376434
-0.022583
-0.0569763
-0.0323944
-0.0111237
-0.0283661
-0.0509949
-0.0125122
-0.0100861
-0.0286865
-0.0148621
-0.0151215
0.04216
0.0816803
0.0501709
0.0516052
0.039917
0.0847015
0.117233
0.214066
0.629166
0.947449
0.830032
0.637619
0.53624
0.203827
0.315521
0.0113678
0.326294
0.75145
0.792358
0.521179
0.391403
0.343063
0.320816
0.3181
0.23613
0.170349
0.0947418

[26]
-0.122223
-0.342728
-0.681503
-1.09346
-1.36674
-1.48967
-1.59007
-1.54196
-1.55913
-1.6368
-1.09216
1.65764
-0.278091
-0.572098
-0.530731
-0.397202
-0.315994
-0.176819
-0.032547
-0.0951538
-0.0190887
-0.0753021
-0.0597534
-0.0108643
0.00500488
-0.0222321
-0.0769653
-0.030777
-0.0120392
0.0287323
-0.0484314
-0.00952148
-0.00808716
-0.0268707
-0.0708008
-0.0336761
0.0427246
0.065567
0.0847321
0.0358429
0.0987091
0.0545502
0.0772705
0.106705
0.485794
0.957428
0.929733
0.637497
0.330063
0.227356

[27]
0.215759
-0.0410461
0.340729
0.707275
0.729034
0.515717
0.439789
0.377258
0.369263
0.382919
0.374298
0.221573
0.0627289
-0.172577
-0.437485
-0.847855
-1.14902
-1.43604
-1.47011
-1.52046
-1.47452
-1.33633
-1.40778
-1.09763
1.01001
0.279724
-0.739914
-0.244049
-0.528412
-0.430542
-0.267166
-0.0993958
-0.0337067
-0.0581055
-0.0772247
-0.102783
-0.117599
-0.0833282
0.0483398
0.00509644
-0.0583344
-0.0980225
-0.039093
-0.00592041
-0.0209351
-0.041748
-0.0176086
-0.0372772
-0.0298157
-0.00691223

[28]
0.0182953
0.0681915
0.0869446
0.141403
0.113403
0.0677795
0.126022
0.253891
0.670914
1.20631
0.852737
0.597168
0.102631
0.0291901
-0.0022583
0.10202
0.770523
0.755142
0.546448
0.5177
0.407562
0.434982
0.376633
0.308929
0.234451
0.0949554
-0.110779
-0.348633
-0.782211
-1.07278
-1.34067
-1.54655
-1.54202
-1.41772
-1.33908
-1.35846
-1.25801
1.42885
-0.234299
-0.591049
-0.504135
-0.330795
-0.36644
-0.29863
-0.0666046
-0.0464935
-0.0775146
-0.0635681
-0.0357361
-0.0196686

[29]
0.0085907
-0.0126648
-0.0445404
-0.0601349
-0.0673218
-0.0471954
-0.00268555
0.00062561
-0.0274811
-0.0703583
-0.0521393
-0.0111694
0.0418701
0.0540466
0.0737762
0.072464
0.0640717
0.0794373
0.0953674
0.134598
0.239517
0.724106
1.17741
0.646347
0.596863
0.220657
0.144043
0.102692
0.273605
0.523758
0.859329
0.619019
0.466919
0.399094
0.38382
0.362686
0.312103
0.277191
0.104919
-0.0470886
-0.238571
-0.505859
-0.854309
-1.25145
-1.4778
-1.86301
-1.75871
-1.72726
-1.52145
-0.955933

[30]
1.26199
-0.438797
-0.696533
-0.279617
-0.404572
-0.373062
-0.241379
-0.065094
-0.104752
-0.0836182
-0.0791321
-0.137985
-0.0493469
0.0143433
-0.0584717
-0.0944519
-0.0850677
-0.0349274
-0.0387573
-0.0379486
-0.0694122
-0.0782166
-0.04245
-0.0360107
-0.0184326
-0.00396729
0.0287933
0.0548401
0.0681458
0.0560303
0.011322
0.0119934
0.123474
0.298386
0.745071
1.24503
0.788055
0.749756
0.0850067
0.131271
-0.167999
0.195786
0.744034
0.83403
0.531998
0.439987
0.362228
0.369492
0.325272
0.275269

[31]
0.126465
-0.0853577
-0.337112
-0.523376
-0.825165
-1.16432
-1.35904
-1.48074
-1.39903
-1.36835
-1.5074
-1.66266
-1.0408
1.63731
-0.678436
-0.590454
-0.452362
-0.491028
-0.305573
-0.260117
-0.0662079
-0.162155
-0.0756989
-0.0338135
-0.100662
0.0320129
-0.00198364
-0.0483856
-0.0574341
-0.069931
-0.0141602
-0.0367432
-0.0605469
-0.0450745
-0.0456696
-0.103394
-0.0363312
-0.0019989
0.0440826
0.124496
0.0679474
0.0804443
0.0926819
0.0864258
0.139557
0.123734
0.682602
1.50655
0.818222
0.461548

[32]
0.10611
0.197342
0.00549316
0.358627
0.830368
0.773849
0.565216
0.435303
0.38208
0.363998
0.29744
0.263443
0.189377
0.0453033
-0.149872
-0.35141
-0.813705
-1.14091
-1.36261
-1.41386
-1.32527
-1.41719
-1.47931
-1.57129
-1.50916
1.26598
-0.222351
-0.47406
-0.545273
-0.41304
-0.349762
-0.225418
-0.039444
-0.11824
-0.0446625
-0.0350037
-0.0320892
-0.000106812
-0.0175781
-0.0581512
-0.088562
-0.0438385
-0.0208435
-0.0177307
-0.0476074
-0.0646515
-0.050827
-0.0382996
-0.0654907
-0.0539398

[33]
0.00845337
0.0466766
0.0247345
0.0601349
0.0346069
0.0376892
0.0548401
0.0901642
0.26947
0.602615
1.15395
0.713608
0.727234
0.217438
0.162567
0.0580597
0.0916748
0.2836
0.81485
0.659195
0.492722
0.375473
0.321899
0.239471
0.231613
0.212036
0.152679
-0.0179138
-0.235062
-0.529327
-1.03362
-1.35223
-1.47661
-1.41147
-1.31017
-1.28214
-1.63153
-1.22108
0.232971
1.65175
-0.949249
-0.429596
-0.247131
-0.466736
-0.569794
-0.349808
0.12793
0.0641632
-0.024353
-0.134125

[34]
-0.181442
0.0615387
0.0710907
-0.146042
-0.146942
-0.0258484
0.0147095
0.0297699
-0.0544281
-0.0487061
-0.0327454
-0.0610809
-0.0333252
0.0703888
0.118942
0.0512238
0.0718536
0.0718689
0.0205231
0.225204
0.289734
0.46431
0.782135
0.923813
0.667877
0.688568
0.312241
0.187714
-0.00288391
0.0838318
0.835602
0.858688
0.575348
0.405533
0.31958
0.378922
0.258255
0.202026
0.115204
-0.0710144
-0.243805
-0.538803
-0.889053
-1.1201
-1.21669
-1.26122
-1.22427
-1.3362
-1.66089
-1.24649

[35]
-0.894913
-0.460983
1.29132
0.103012
-0.666748
-0.214554
-0.729553
-0.282593
-0.211899
-0.229507
-0.10025
-0.0695343
-0.0175629
0.104233
-0.0042572
-0.123459
0.109772
0.00431824
-0.0711365
-0.0485687
0.00186157
-0.0118561
-0.0501709
-0.0523529
0.0241394
0.0151215
0.028717
0.0657043
0.0897827
0.0788116
0.117081
0.120987
0.119949
0.188705
0.0871277
0.60733
1.45024
0.57048
0.722046
0.610428
0.42363
0.297943
0.00315857
0.115799
0.776367
0.829681
0.649567
0.511032
0.427109
0.365082

