[1]
0.0045929
-0.386917
-0.320343
-0.12175
-0.0526123
-0.0801239
-0.078598
-0.130829
-0.101562
-0.158508
-0.113098
-0.130661
-0.112503
-0.0619659
-0.0160675
0.00440979
-0.0724335
-0.0197144
0.0222321
0.0873413
0.0593262
0.15274
0.0960846
0.186234
0.187363
0.211151
0.643921
1.43094
0.702133
1.04257
0.357422
0.342422
-0.56543
-0.128983
0.546951
0.833557
0.661194
0.487137
0.366058
0.254623
0.202393
0.192596
0.148987
0.0538177
-0.194534
-0.508926
-0.906494
-1.72655
-1.87897
-2.0215

[2]
-2.55333
-1.9243
-0.273224
1.52974
-1.21153
-0.479279
-0.383209
-0.944107
-0.472321
-0.339706
-0.022171
-0.0323181
-0.0418091
0.00602722
-0.100494
0.0423279
0.0196686
-0.0563812
-0.0857239
-0.0475006
-0.0519562
-0.00115967
0.0132751
-0.0360413
-0.0187988
0.0759735
0.0679779
0.151886
0.167877
0.215637
0.169418
0.143631
0.234375
1.0528
1.56364
0.781082
0.84404
0.356491
0.0941162
-0.217499
0.00854492
0.814438
0.963898
0.654083
0.481445
0.344406
0.250885
0.240799
0.20549
0.135452

[3]
-0.0547638
-0.233627
-0.635834
-1.42592
-2.06831
-2.10138
-2.51141
-2.51645
-1.62579
0.118439
1.55811
-0.77272
-0.847549
-0.225281
-1.0831
-0.290329
-0.276871
-0.173401
-0.0114746
0.0166931
-0.00317383
-0.0704498
0.0102081
0.0284271
-0.00276184
-0.0797272
-0.0332642
-0.0217285
-0.0331726
0.034668
0.00268555
-0.0305328
0.00149536
0.0856476
0.119705
0.150772
0.219131
0.200668
0.16243
0.0998077
0.750961
1.71828
0.859329
0.80806
0.361282
0.213043
-0.21907
0.215866
0.90126
0.852798

[4]
0.53656
0.382065
0.2995
0.276825
0.219269
0.169556
-0.0482635
-0.323959
-0.388
-0.732941
-1.44267
-1.86023
-1.72803
-1.81976
-2.53137
-2.39908
0.105331
1.53505
-1.17262
-0.0822449
-0.808212
-0.736191
-0.451431
-0.237732
-0.0827332
-0.0631866
0.0568848
-0.010788
-0.0837097
0.0316925
-0.0540161
-0.0721436
-0.0531769
-0.0199585
-0.032074
-0.0496216
-0.019165
-0.0427246
0.00765991
0.0145111
0.168198
0.0290375
0.139832
0.128418
0.131393
0.0957184
0.33577
1.01379
1.49113
0.91098

[5]
0.856964
0.410309
0.394012
-0.324265
-0.0429688
0.724411
0.891098
0.530304
0.333984
0.250031
0.248184
0.25441
0.14418
0.0687103
-0.122543
-0.526138
-0.877014
-1.30673
-1.85715
-1.77496
-2.06403
-2.45274
-2.09
-1.14439
1.5663
-0.146149
-0.879425
-0.272018
-0.832001
-0.538895
-0.221069
-0.143906
0.00498962
0.0222626
0.0345306
0.0305634
0.0543518
0.0307922
0.000350952
-0.0567627
0.00544739
0.0187531
0.00816345
0.041748
0.0107727
0.0088501
0.0890656
0.156952
0.119339
0.102081

[6]
0.163803
0.162766
0.219513
0.123474
0.526428
1.60774
0.934799
0.778656
0.517761
0.437943
-0.282318
0.162094
0.677078
1.00052
0.649719
0.413406
0.270279
0.195724
0.178513
0.126587
0.0519714
-0.0349579
-0.22702
-0.717926
-1.32796
-2.22429
-2.43544
-2.31689
-2.39507
-2.36559
-0.995209
1.56635
-0.404297
-0.573212
-0.579803
-0.869339
-0.271973
-0.218964
0.00260925
-0.115875
-0.0531464
-0.0993042
0.0238037
0.0419006
0.016098
-0.0392914
-0.0338745
-0.0686646
-0.0228119
0.0121918

[7]
0.00500488
-0.00112915
0.0242767
0.119568
0.152344
0.105759
0.111649
0.15921
0.134979
0.103989
0.568298
1.57852
1.00723
0.746628
0.402573
0.516907
-0.503906
0.270248
0.47876
0.848862
0.703949
0.463898
0.31044
0.220444
0.241806
0.209274
0.20546
0.0525208
0.0747986
-0.57901
-1.05598
-1.72195
-2.24028
-2.05008
-2.5701
-2.54825
-1.73631
1.53264
0.18895
-0.948044
-0.363617
-0.730103
-0.576523
-0.275543
-0.0999908
-0.0671387
-0.0196686
-0.110382
-0.0238647
0.00285339

[8]
0.0566864
-0.0314941
-0.0773621
-0.0248718
-0.0215302
-0.0615692
-0.0286102
-0.0161743
-0.049469
0.0201263
0.0731354
0.0766144
0.120102
0.167831
0.162155
0.132889
0.112625
0.267227
1.28384
1.28026
0.862411
0.674347
0.448746
-0.207291
0.068512
0.206299
0.919922
0.809433
0.529327
0.37587
0.323318
0.322311
0.217728
0.15921
-0.0445557
-0.410049
-0.462051
-0.903091
-1.64606
-2.02882
-1.98619
-2.09801
-2.51779
-2.09328
1.55116
-0.0844727
-0.558746
-0.227341
-0.649841
-0.645142

[9]
-0.328094
-0.149948
-0.139587
-0.0732422
0.00486755
-0.0197906
-0.131256
-0.0236511
-0.00209045
0.0150299
-0.051651
-0.018631
0.0230255
-0.0012207
0.0487671
0.00837708
0.0503845
0.0540466
0.0832214
0.066864
0.00480652
0.0872345
0.0118408
0.205292
0.664902
1.39365
1.12576
0.933105
0.570312
0.523743
-0.0679932
0.0579224
0.320374
0.850342
0.706741
0.500076
0.381088
0.297409
0.26738
0.182526
0.171265
0.103012
-0.257385
-0.601059
-0.963531
-1.64449
-2.24159
-2.12068
-2.55273
-2.30751

[10]
-1.78622
1.5425
0.291748
-1.35704
-0.501999
-1.00482
-0.463699
-0.370605
-0.0211945
-0.0720215
0.00816345
-0.139404
-0.140915
0.081192
-0.00396729
-0.0176544
-0.0344849
0.00384521
-0.0320282
-0.0628815
-0.0599976
0.0176392
-0.0101318
0.134888
0.0939178
0.0978699
0.200073
0.18959
0.160751
0.196259
0.469406
1.57143
0.858902
1.1582
0.517822
0.421005
-0.604691
-0.0710907
0.646133
0.988297
0.673737
0.494003
0.377853
0.244522
0.262619
0.242416
0.243927
-0.0615387
-0.284164
-0.856903

[11]
-1.49992
-2.2397
-2.57458
-2.58548
-2.39523
-1.83405
1.50186
-0.0558014
-1.34477
-0.870987
-0.510651
-0.534225
-0.542358
0.032547
-0.0487823
-0.0682678
-0.181595
-0.128357
0.0644989
0.00694275
-0.100479
-0.125839
-0.0661011
-0.0653229
-0.082489
-0.0818176
-0.0682678
-0.0536194
0.0182495
0.0966644
0.149094
0.157455
0.155975
0.228287
0.284683
0.513168
1.44798
1.10036
1.256
0.757263
0.368195
-0.72467
-0.128876
0.753571
0.961899
0.60762
0.459335
0.348862
0.255829
0.240585

[12]
0.24292
0.181168
0.08078
-0.045929
-0.539551
-1.08888
-2.04065
-2.33357
-2.60004
-2.58813
-1.52731
1.46603
-1.18161
-0.647537
-0.634521
-0.899292
-0.497818
-0.391846
-0.0796204
-0.103607
-0.0286255
-0.0918579
-0.0318298
0.0776367
-0.0411682
-0.00198364
-0.0282288
-0.0916901
-0.0816803
-0.0422516
-0.0569
-0.0464935
-0.034317
0.11644
0.100159
0.150742
0.17189
0.215744
0.167328
0.167313
0.510803
1.47508
0.969543
1.13083
0.625885
0.573853
-0.594208
-0.197052
0.343414
0.874008

[13]
0.802505
0.581436
0.381012
0.195633
0.104446
0.089035
0.0598907
-0.0231323
-0.232635
-0.711731
-1.55132
-2.315
-2.24054
-2.61163
-2.59489
-1.61736
0.0907745
1.49467
-0.597473
-0.915665
-0.390182
-1.08286
-0.358078
-0.319061
-0.15239
-0.213577
-0.0932922
-0.0655212
-0.121307
0.066391
-0.035553
-0.0437469
-0.0509796
-0.0666656
-0.0397797
-0.0542145
-0.01651
-0.00744629
-0.0214996
0.10231
0.045166
0.103119
0.156952
0.164322
0.221359
0.286041
0.928238
1.63635
0.957138
0.889801

[14]
0.509232
0.274963
-0.369659
0.0571747
0.822586
0.927979
0.532639
0.37793
0.279312
0.227692
0.215714
0.177078
0.12204
-0.178558
-0.582275
-1.16827
-1.97926
-2.46257
-2.34232
-2.58733
-2.15559
-0.542999
1.50185
-1.14548
-0.46077
-0.7173
-0.879913
-0.305603
-0.362564
-0.109497
-0.150742
0.0496063
-0.0957031
0.0484467
-0.0137634
0.0183258
-0.0647583
-0.0758057
-0.0985413
-0.0441589
-0.0450439
-0.0653687
-0.0167236
-0.0214386
0.0369873
0.125641
0.0734558
0.143417
0.134293
0.143158

[15]
0.138489
0.750458
1.83267
1.13554
0.768707
0.477585
0.612381
-0.231979
-0.208237
0.565796
0.901031
0.708832
0.476105
0.348618
0.275177
0.137924
0.142731
0.128937
-0.123047
-0.463455
-1.00102
-1.59529
-2.38518
-2.34392
-2.54881
-2.5311
-1.56866
1.53526
-0.272797
-1.0826
-0.853683
-0.59584
-0.32782
-0.400604
-0.00540161
-0.0708466
0.0527954
-0.0188446
-0.0698853
0.050293
-0.0110626
-0.0664978
-0.0375824
-0.0348206
-0.0352631
-0.0418701
0.00390625
0.047226
0.0908508
0.122147

[16]
0.127655
0.167664
0.242157
0.204483
0.201035
0.906616
1.58893
1.12953
1.06023
0.286346
-0.126678
0.0670624
0.623169
1.15219
0.557449
0.375458
0.407425
0.339828
0.328186
0.281219
-0.0197601
-0.149139
-0.495483
-0.898102
-1.48586
-1.88663
-2.06262
-2.13783
-2.2034
-2.00797
-1.22897
1.56871
-1.09941
-1.21202
-0.542847
-0.599945
-0.5439
0.193909
-0.00404358
0.0343628
-0.205231
-0.128357
0.132584
0.0368195
-0.0702057
-0.0462646
-0.0800934
-0.0573578
0.033844
-0.0223236

[17]
0.038147
-0.0320435
0.0377655
0.143967
0.16893
0.233047
0.3125
0.360886
0.276428
0.802658
1.59744
0.794098
0.984238
0.244476
-0.720474
0.237106
0.649551
0.975159
0.685364
0.505112
0.367996
0.290863
0.28363
0.268448
0.224762
-0.0123138
-0.347717
-0.522949
-1.31241
-2.00616
-2.3049
-2.56349
-2.57738
-2.25168
0.584793
1.17096
-1.61427
-0.513901
-0.826096
-0.673126
-0.499405
-0.145172
-0.275223
-0.0977783
-0.127625
-0.182617
-0.0578461
-0.0897064
-0.121521
-0.0607147

[18]
-0.102646
-0.116745
-0.0546722
-0.0908966
-0.0699005
-0.0422058
0.00660706
0.0788727
0.0256653
0.103333
0.127533
0.122604
0.211914
0.825943
1.44072
1.23206
0.773224
0.450027
-0.140198
-0.154449
0.331116
0.82901
0.751663
0.522186
0.377258
0.26593
0.206619
0.161804
0.125916
-0.00860596
-0.321503
-0.643478
-0.983765
-1.62982
-2.01097
-2.17245
-2.58192
-2.35678
-1.93437
1.50024
-0.553162
-0.967346
-0.395111
-0.683426
-0.515366
-0.452133
-0.0256348
-0.0991211
0.0803223
-0.109879

[19]
0.00224304
0.033493
-0.0152893
-0.0970459
-0.0365295
-0.087677
-0.0449219
-0.0448456
-0.00309753
0.00302124
0.0465393
0.117966
0.138245
0.160919
0.181763
0.270767
0.19455
0.217072
1.34288
1.56915
1.33414
0.727203
0.407913
-0.509933
-0.0437469
0.724304
0.941513
0.587402
0.467484
0.423615
0.34935
0.221573
0.224518
0.0675659
-0.162033
-0.372803
-0.762039
-1.27736
-1.87535
-2.06357
-1.94086
-1.99744
-1.7339
-1.80942
1.17651
0.394318
-1.1731
-0.4823
-0.667831
-0.359909

[20]
-0.530853
-0.0151672
-0.164017
0.0271759
-0.063446
0.107376
0.0449219
-0.0263672
-0.121765
-0.0737152
-0.0667877
-0.0283051
-0.0025177
-0.0335236
-0.0506592
-0.0507812
0.0353394
0.0366821
0.0265808
0.138901
0.0934753
0.0967407
0.0979919
0.189316
0.810028
1.24588
0.947647
1.41992
0.307602
0.167419
-0.0590363
0.0899658
0.980453
0.840195
0.444916
0.399399
0.399994
0.35051
0.243118
0.18045
-0.0205078
-0.234787
-0.535477
-0.90892
-1.39008
-2.02756
-2.33229
-2.21884
-2.02351
-1.9863

[21]
0.906982
-0.272842
-1.11528
-0.215408
-0.674011
-0.829498
-0.255386
0.00915527
-0.0109863
-0.174271
-0.0816956
-0.107864
-0.12114
0.0718384
-0.0535431
0.000473022
-0.00956726
-0.0164032
-0.0117645
-0.055603
-0.0674286
0.0124817
0.154922
0.149536
0.182388
0.17392
0.186569
0.191467
0.412399
0.76268
1.41151
0.987991
0.983994
0.293503
-0.174332
-0.29715
0.655762
1.0219
0.619995
0.417755
0.377075
0.291031
0.178452
0.178833
0.139481
-0.0665436
-0.319916
-0.587952
-1.0163
-1.6321

[22]
-2.0887
-2.33212
-2.17964
-1.92879
-2.05743
0.42807
0.560196
-0.784332
-0.702316
-1.17177
-0.579147
-0.301315
0.027771
-0.0753784
-0.115524
-0.0704041
-0.212982
-0.0456238
-0.032547
-0.0397644
-0.0604553
-0.0497742
-0.0418396
-0.00382996
-0.0125427
-0.0092926
0.0109406
0.139832
0.108932
0.113998
0.19812
0.185364
0.125641
0.401245
1.10768
1.59946
1.12112
0.465744
0.347824
-0.133316
-0.0921936
0.759232
1.03419
0.530151
0.385223
0.426926
0.397644
0.272766
0.277527
0.121948

[23]
-0.173721
-0.335007
-0.689972
-1.38245
-1.86719
-1.86133
-2.2235
-2.31834
-2.19884
-1.91563
1.20804
-0.231201
-0.589905
-1.1646
-0.952637
-0.387695
-0.388
-0.0145111
-0.122101
-0.0933685
-0.114227
-0.176697
-0.201447
0.0155182
-0.0423279
-0.00654602
-0.0299072
-0.0461578
-0.0176849
-0.0216217
-0.0108337
-0.0119476
0.115311
0.0793152
0.160919
0.176514
0.158661
0.219666
0.72464
1.17389
0.778824
1.29607
0.442642
0.155807
-0.0501556
-0.146545
0.967072
0.983429
0.549362
0.409637

[24]
0.275665
0.228958
0.189316
0.21698
0.0530548
-0.0865326
-0.47226
-0.872284
-1.57874
-2.11087
-2.31815
-2.47249
-2.24551
-2.3522
0.0739288
1.45215
-1.08847
-0.144547
-1.28377
-0.845169
-0.310028
-0.245041
-0.0828552
-0.166504
-0.121185
-0.100967
-0.224487
-0.130051
-0.0964508
-0.00431824
0.0485687
-0.0749664
-0.140533
-0.0612183
-0.0651398
0.0570221
0.0886993
0.0572968
0.111084
0.0946503
0.205231
0.208252
0.559006
1.00294
1.34424
1.00481
1.04898
0.29985
0.069519
-0.159454

[25]
0.539368
0.991165
0.589874
0.301102
0.290726
0.271423
0.225967
0.190079
0.128647
-0.111221
-0.4151
-0.763504
-1.26495
-2.02934
-2.27312
-2.49106
-2.55367
-2.11317
-2.11163
1.05125
0.769791
-1.30504
-0.829514
-1.005
-0.580826
-0.521347
-0.153778
-0.306137
-0.155075
-0.168945
-0.23671
-0.22612
-0.135529
-0.0764618
-0.0449219
-0.100815
-0.147614
-0.082077
-0.0851593
-0.0777435
-0.0496674
0.0427246
0.0494995
0.00869751
0.0730591
0.104172
0.22052
0.516434
1.23581
1.20076

[26]
0.834549
0.259293
0.372452
-0.190155
-0.125076
0.796158
0.924561
0.531876
0.392136
0.312592
0.243027
0.182297
0.19809
0.0133209
-0.183823
-0.389938
-0.789597
-1.19124
-1.60487
-1.80203
-2.02797
-2.15813
-1.92435
-2.06795
-0.368454
1.51686
-1.09521
-0.781799
-0.858978
-0.849457
-0.391174
-0.182266
-0.0597687
-0.0758209
-0.138718
-0.170639
-0.214722
-0.129807
-0.0771637
0.0174408
-0.0196381
-0.066452
-0.0279083
-0.0457916
-0.0447998
-0.0671692
0.0320282
0.0233307
0.0558014
0.0861206

