[1]
0.00950623
0.180267
-0.0826111
0.030899
0.0777588
0.0502319
-0.102173
-0.056366
0.081665
0.119568
0.0502319
-0.0343475
-0.0128326
0.0139771
0.0362244
0.00325012
-0.0114899
0.00218201
-0.0190582
0.0812836
0.0553741
0.0310211
-0.0150146
-0.0991669
-0.162552
-0.243484
-0.494614
-0.444153
-0.222092
-0.445312
-0.770218
-0.378555
-0.33606
-0.194504
0.0741272
-0.185028
-0.165512
-0.152512
-0.0279388
-0.0395813
-0.0492859
-0.052475
-0.0350494
-0.034317
-0.0884247
0.0857849
0.169022
0.0964813
0.331223
0.258392

[2]
1.40919
0.798203
-0.228729
0.87616
0.715424
-0.191544
-0.0625458
-0.370163
0.206757
0.124725
0.167297
0.200546
0.0240326
-0.104752
-0.162292
0.0868683
0.17746
0.0983582
0.020874
0.0478973
0.0644989
0.0641022
0.0284729
0.0702209
0.0461426
-0.0140381
0.0691833
0.0583801
0.0596008
0.0984039
-0.0733337
-0.20517
-0.377335
-1.04219
-0.378006
-0.134262
-0.369537
-0.780121
-0.222061
-0.176758
-0.225357
0.0946655
-0.0585785
-0.058136
-0.0869904
-0.022934
-0.0435944
-0.0406189
-0.060379
-0.0523834

[3]
-0.0987244
0.086319
0.143906
-0.0581818
0.0244598
0.182037
0.565979
0.715164
0.780869
-0.0948334
1.28973
0.889053
-0.146912
0.0432434
-0.478424
0.206955
0.0575714
0.110718
0.201767
0.0800323
-0.0651245
-0.113937
0.0659485
0.165833
0.159393
0.0630341
0.00642395
0.0222015
0.0941467
0.087326
0.0727234
0.0177002
-0.00683594
0.0158539
0.0124359
0.0878448
0.121811
0.0283813
-0.185165
-0.280457
-0.653275
-0.223465
0.0827026
-0.425079
-0.706726
-0.415436
-0.140854
-0.000137329
0.049881
-0.0423431

[4]
-0.0329437
-0.026947
-0.0116272
0.0359344
-0.0418243
-0.0413208
-0.0863037
-0.0553894
0.248032
0.208954
0.162125
0.540329
0.80481
0.56311
0.725159
0.468689
0.00694275
0.555832
0.533585
0.0181122
-0.0843353
-0.0184479
0.136459
-0.0266571
0.0141602
0.124969
0.0826874
-0.0522308
-0.115814
0.0149078
0.136581
0.172989
0.0576477
0.0464172
0.0606232
0.0610199
0.0749359
0.0507202
0.00878906
0.0453949
0.0816956
0.0578766
0.0869293
0.0757141
-0.0235138
-0.0965881
-0.296066
-0.731552
-0.179825
0.120926

[5]
-0.336502
-0.649643
-0.386612
-0.205566
-0.485138
-0.0943451
-0.0783844
-0.0666046
-0.114029
-0.0716248
-0.0406494
-0.0440216
-0.0715637
-0.0606995
-0.0383759
-0.0391388
0.0220337
0.0657196
0.146515
0.149338
0.200607
0.984268
0.943619
0.170822
-0.0045929
0.7117
-0.159622
0.311768
-0.228363
0.109985
0.0700836
0.0128784
0.105988
0.0690155
-0.0496368
-0.0914307
0.0156708
0.0737762
0.0705872
0.00614929
0.010849
0.0412292
0.0318298
0.0492554
0.0738678
0.0803833
0.045929
0.0328064
0.0215912
0.0132904

[6]
0.0597839
0.0433044
-0.0704651
-0.185074
-0.560806
-0.824097
0.200623
-0.37561
-0.38858
-0.637177
-0.302765
-0.333466
-0.180878
-0.0626526
-0.0608215
-0.0682983
-0.0564728
-0.0349121
-0.0503387
-0.0672455
-0.111221
-0.116531
-0.0553436
0.0276794
0.122665
0.30072
0.288879
0.20195
0.550568
0.717697
0.623383
0.522079
0.296677
0.0582581
-0.43013
-0.394547
0.221817
0.0433807
0.0836029
0.101944
0.0969086
-0.199142
-0.0463104
0.0959625
0.132004
0.0567627
0.0217133
0.0594788
0.0795746
0.0686951

[7]
0.0831299
0.0381317
0.0588531
0.102463
0.094223
0.0136871
0.0790405
0.00440979
-0.132294
-0.20163
-0.50972
-0.887131
0.172287
-0.373734
-0.424133
-0.633011
-0.306259
-0.199173
-0.104279
-0.0516205
-0.0924988
-0.0904236
-0.0720978
-0.0477753
-0.0336151
-0.14032
-0.154541
-0.0939178
0.258057
0.173843
0.216263
0.208893
-0.0418549
-0.22319
0.125229
0.850723
0.763489
0.0460052
0.467178
-0.0402832
-0.0689697
-0.216812
0.104904
0.00250244
-0.00210571
0.18158
0.0789032
-0.0866394
-0.150436
-0.00288391

[8]
0.102844
0.0715332
-0.0148621
-0.00448608
0.035675
0.0482178
0.064682
0.0539093
0.0799255
0.0256805
0.00564575
0.0225372
0.00439453
0.136047
0.0765076
-0.232239
-0.433655
-0.461716
-0.908234
-0.0409241
-0.290909
-0.352158
-0.712631
-0.217987
-0.165237
-0.0528564
0.0286407
-0.0482635
-0.036087
-0.0269318
-0.0150604
0.021347
-0.0284424
-0.0170746
-0.0408325
0.0149841
0.26828
0.24646
0.202301
0.543594
0.839233
0.711975
0.50441
0.0809326
0.439651
0.63678
0.131409
-0.00346375
-0.242722
0.0122528

[9]
0.191696
0.0124664
0.0262146
0.0846863
0.0218048
-0.040802
-0.11673
-0.0106354
0.0926819
0.108551
0.0224457
-0.0257416
0.00395203
0.0358582
0.0749817
-0.00119019
-0.00538635
0.00250244
0.0357208
0.0690613
0.00823975
-0.0247345
-0.0525208
-0.24057
-0.654938
-0.399292
0.210876
-0.410019
-0.366653
-0.827484
-0.339142
-0.182587
-0.020462
-0.0345306
-0.168716
-0.192062
-0.125916
-0.0644379
-0.0394135
-0.0858307
-0.114807
-0.130173
-0.0846558
-0.00119019
0.106583
0.108414
0.243744
0.294891
0.638947
0.850067

[10]
0.452377
0.536346
0.388779
0.185867
-0.254318
-0.267242
0.26091
-0.0558014
0.0246582
0.227951
0.146927
-0.147598
-0.17363
0.0342865
0.134018
0.108841
0.0199127
0.0133209
0.0694733
0.0365143
0.032074
0.00653076
0.0419464
0.148392
0.0979309
0.0611877
0.0890045
-0.0394287
-0.220459
-0.312042
-0.424179
-0.631729
0.0832825
-0.483902
-0.589691
-0.542923
-0.380829
-0.324005
0.0549927
-0.0827942
-0.0328217
-0.0281067
0.0680084
0.0515442
0.0282135
0.0758514
0.1595
0.130539
0.314529
0.24408

[11]
0.0746918
-0.0452576
-0.134583
0.264114
0.865372
0.992096
0.0341492
0.49675
-0.189117
-0.401138
-0.0215149
0.181747
0.00947571
0.193756
0.164551
0.0331573
-0.190903
-0.173065
0.116669
0.204926
0.0131836
-0.000259399
0.0394135
0.0279083
0.0440826
0.0415649
0.0530396
0.0475616
0.0370636
0.0252533
0.00950623
-0.0090332
-0.0374298
-0.0962372
-0.227493
-0.384644
-0.625107
0.253845
-0.544418
-0.510284
-0.567673
-0.452972
-0.64119
-0.0190735
-0.0556488
-0.0609131
-0.0876312
-0.0365295
0.0586243
0.0640869

[12]
0.0693054
0.0816956
0.167252
0.21347
0.35202
0.355972
0.119934
-0.120972
0.831955
1.16283
-0.0299225
0.166489
0.800934
-0.172729
0.203094
-0.0333099
0.20929
0.0177917
-0.05159
0.121033
0.0628815
-0.0631104
-0.0671844
0.02388
0.0862274
0.055069
0.0426331
0.0575409
0.0831909
0.0718231
0.0366364
0.0226135
-0.016861
0.0532074
0.053772
0.0197296
0.0922241
0.0214386
-0.145584
-0.265091
-0.487854
-0.712692
0.27652
-0.545425
-0.606842
-0.61087
-0.365234
-0.0503387
0.277466
-0.0692291

[13]
-0.100952
-0.155121
-0.0553894
-0.0648499
-0.137405
-0.13707
-0.0948639
-0.0291748
0.0407257
0.180664
0.0932159
0.246964
-0.0272064
-0.0892487
0.818954
0.802292
0.186142
0.949158
0.496796
-0.230515
0.0547943
-0.344269
0.149323
0.103989
0.121414
0.0813904
0.120346
-0.117493
-0.100952
0.0845795
0.093399
0.0467987
0.0154266
0.0502014
0.0741577
0.0524445
0.0391083
0.00778198
0.0623627
0.0894165
-0.0173492
0.0111694
0.0794373
0.0156403
-0.0800018
-0.234802
-0.729416
-0.364853
0.0524292
-0.389008

[14]
-0.788818
-0.444977
-0.155945
-0.37677
-0.0103149
-0.0945892
-0.0714569
-0.0883789
-0.0566101
0.00183105
-0.0176239
-0.00485229
0.0164795
-0.0179138
-0.0263977
0.0604401
0.122955
0.217468
0.235901
0.907166
0.860077
0.010849
0.721741
0.683182
-0.202728
-0.0612183
-0.0479126
0.243195
0.0243988
0.0709381
0.146606
0.113174
-0.182831
-0.0664215
0.0314941
0.130112
0.0713196
0.0113373
0.0347443
0.0494843
0.084259
0.108719
0.0848083
0.0661011
0.0680695
0.0600281
-0.0133514
0.0651703
0.144165
0.00250244

[15]
-0.324615
-0.561554
-0.18187
0.103577
0.0507812
-0.621628
-0.99324
-0.596725
-0.502731
-0.11261
-0.0657959
-0.0836639
-0.110764
-0.024704
0.0795288
-0.00376892
-0.0648041
-0.110046
-0.143097
-0.0101166
-0.00509644
0.00926208
0.0840454
0.043808
0.0331573
1.05016
0.975311
0.493225
0.655502
-0.0647888
-0.291458
-0.296127
0.177521
0.114777
0.216644
0.179031
0.135941
-0.166321
-0.110184
0.157654
0.198746
0.131668
0.0639343
0.06604
0.0961609
0.102982
0.0595093
0.0173798
0.0683136
0.110168

[16]
0.0276947
0.0203247
-0.0541229
-0.136566
-0.224426
-0.513062
-0.306976
0.131516
-0.335297
-0.722839
-0.361618
-0.402954
-0.357285
-0.0272675
-0.0478821
-0.119995
-0.0547791
-0.0276031
-0.05336
0.0336456
0.0650787
0.19751
0.193268
0.0698547
-0.0570068
0.0473938
0.125946
0.0230713
0.838562
1.03329
1.39821
0.415863
0.711349
-0.288269
-0.162201
-0.216904
0.091095
0.276962
0.45665
0.0694427
-0.133057
-0.259262
0.174789
0.397324
0.0256042
0.011322
0.0269165
0.114334
0.123474
0.102386

[17]
0.104263
0.0996857
0.0615387
0.0750275
0.0535889
0.00219727
0.114182
-0.0576019
-0.303497
-0.682022
-0.644073
-0.484955
-0.361801
-0.780334
-0.392715
0.138504
0.139557
-0.126419
-0.0784607
0.02034
0.0646973
0.0723877
0.034256
0.0900116
0.122284
0.146469
0.3452
0.427887
0.280029
0.353546
0.386703
0.71965
1.0713
0.420364
-0.18544
0.784424
0.652832
-0.0821686
-0.281342
0.0462646
0.0345459
0.113174
0.102783
0.0319519
0.122299
-0.133972
0.0211945
0.0935822
0.0762024
0.0325928

[18]
0.0668793
0.128265
0.0133209
0.054306
0.0120392
-0.00822449
0.0858459
0.126373
0.024353
0.0188751
-0.038559
-0.0888824
-0.283524
-0.494354
-0.155899
0.169022
-0.542847
-0.909775
-0.429398
-0.164047
0.0717316
-0.0148468
-0.137405
-0.0713959
-0.0258179
-0.0161438
-0.0848846
-0.129532
-0.0785675
-0.0357361
-0.0260773
0.137848
0.184464
0.270554
0.256348
-0.035965
0.650131
1.09132
0.625153
0.00701904
0.747299
-0.0875244
0.0554962
-0.172852
0.102737
0.00724792
0.146378
0.221039
0.0477753
-0.102219

[19]
-0.11058
0.0951233
0.1091
0.0749054
-0.0198669
0.0632019
0.0772552
0.0466766
0.0428772
-0.0162354
0.098526
0.0995483
0.061615
-0.0375977
0.0335083
0.0388641
-0.145386
-0.222748
-0.696854
0.111633
-0.510406
-0.678284
-0.884689
-0.55925
-0.461868
-0.15094
-0.195953
-0.122055
-0.131104
-0.0232391
0.0317841
-0.0272064
-0.0355225
-0.0663757
0.112762
0.141174
0.0839996
0.0992584
0.174744
0.221161
0.625259
1.17122
0.815231
0.347916
0.371094
0.753647
0.108292
-0.151978
-0.0235596
0.107971

[20]
-0.0417786
0.0796967
0.120911
0.111511
-0.0616608
-0.10614
-0.0192871
0.0684814
0.0457306
0.0224609
0.0430145
0.0464325
0.0231628
-0.0122833
0.0250397
0.0634918
0.132385
0.00308228
0.00218201
0.0733795
0.0439453
-0.0579834
-0.136688
-0.248322
-0.498917
-0.347107
0.0144501
-0.490356
-0.588028
-0.575577
-0.197113
-0.0223541
-0.00106812
-0.0181274
-0.0805359
-0.00691223
0.0337067
-0.0249481
-0.0510559
-0.030304
0.053009
0.19342
0.0978088
0.0308838
0.0462799
0.045517
0.21019
0.677872
0.90686
0.82132

[21]
-0.480881
0.688492
0.11879
0.192902
-0.0065918
0.0422974
0.0746765
0.17894
-0.0213165
-0.112045
0.0441284
-0.0149536
-0.0575409
0.027298
-0.00267029
-0.0301056
-0.0442047
0.0311127
0.0413055
0.016983
0.0093689
0.032608
0.0943909
0.00152588
-0.0256958
-0.0452728
-0.167542
-0.240723
-0.434296
-0.719711
-0.410248
-0.230515
-0.37178
-0.847046
-0.348831
-0.0240784
0.378311
-0.0979004
-0.11647
-0.0752716
0.02211
0.0277863
-0.098526
-0.0582123
-0.000701904
0.0965271
0.12471
0.0161896
-0.0360565
-0.0743103

[22]
0.0670166
0.317154
0.744583
0.85202
0.6689
-0.1521
0.261139
0.168976
-0.0517273
-0.211807
0.168076
0.216461
0.10408
-0.0850677
0.0240173
-0.00245667
-0.156433
0.0422668
0.0371857
-0.0138397
-0.0333252
-0.00578308
0.058548
0.0489655
0.0515137
0.0175476
0.0312653
0.0679932
-0.0181274
-0.0316162
-0.0496063
-0.0705109
-0.0766754
-0.271774
-0.581192
-0.27005
-0.0726929
-0.408524
-0.888657
-0.449448
-0.499557
-0.0986938
-0.125
-0.0794067
-0.0517883
0.0132904
0.0389709
-0.0956116
-0.0420685
-0.0118408

[23]
0.0810852
0.222137
0.130936
-0.0122223
0.040329
0.096283
0.248993
0.808197
0.687271
0.478989
-0.421432
0.816284
-0.0662689
-0.254044
-0.0547638
0.259064
-0.0371857
0.0673523
-0.0340271
0.037262
0.0594482
-0.0067749
-0.0389252
0.0654297
0.0394592
0.0249481
0.00521851
0.0543365
0.00317383
-0.0208282
-0.0225677
-0.00192261
0.100433
0.0299988
-0.0146637
-0.0490417
-0.171234
-0.225555
-0.526947
-0.649033
0.128677
-0.39566
-0.502197
-0.635513
-0.333221
-0.0661774
0.2005
-0.0245819
-0.130386
-0.00439453

[24]
-0.0113983
-0.055954
-0.0737457
0.00190735
0.0848541
0.225784
0.207153
0.129089
0.0294952
0.0774384
0.328522
0.7444
0.481583
0.165436
-0.320465
0.567047
0.480606
0.351669
-0.350769
-0.221603
0.215851
-0.0668488
-0.00720215
-0.0157166
0.12236
0.0412445
-0.058609
-0.0534821
0.0307617
0.032547
-0.0106201
-0.153992
-0.0741577
0.105911
0.168472
0.175446
0.150558
0.0238342
-0.0956726
-0.0765076
-0.0916138
-0.0175171
-0.208832
-0.395157
-0.222229
-0.167725
-0.243942
-1.01495
-0.564606
-0.228226

[25]
-0.26445
-0.0734863
-0.0657349
-0.0697327
-0.00810242
0.0284119
-0.00588989
-0.0275879
-0.00723267
0.130066
0.178879
0.0892792
-0.0415192
-0.0145264
0.203201
0.476181
0.830551
0.392822
0.256516
-0.00679016
0.725693
0.268997
0.123642
-0.233902
0.0621338
-0.14389
0.127914
-0.0301361
0.154572
0.127258
0.0252838
-0.0968628
-0.0283051
-0.0202026
0.0272369
-0.0419769
-0.0189972
0.0847473
0.116989
0.121048
0.0548859
-0.0137482
0.0481567
0.0137329
0.00466919
-0.033432
-0.106491
-0.274094
-0.436951
0.0228424

[26]
-0.317993
-0.510529
-0.822906
-0.394028
-0.329941
-0.00497437
-0.0615387
-0.0307007
-0.0356445
-0.0121918
-0.00331116
-0.12355
-0.114304
-0.0868835
0.122223
0.155273
0.0937042
0.152893
0.157089
0.122116
0.378143
0.901245
0.519897
0.300797
-0.301849
0.516373
0.630554
-0.241608
0.000579834
0.127487
0.0701141
0.0648499
0.0816803
0.0952454
0.123352
0.0798798
-0.0115662
0.0369263
0.0845337
0.0870972
-0.0311432
-0.0550537
-0.0435791
0.0518494
0.148361
0.187927
0.115387
-0.0248566
-0.0690613
-0.0125275

