[1]
-0.18811
0.0937805
0.735855
0.0984497
-0.887039
-0.213593
-0.597305
-0.497482
-0.470642
-0.24556
-0.275085
-0.217667
-0.112244
-0.143234
-0.174789
-0.128204
-0.126358
-0.0821075
-0.0570984
-0.122208
-0.0714874
-0.113556
-0.0942841
-0.0806732
-0.0988922
-0.106674
-0.0690613
-0.0580597
-0.013382
-0.0325928
0.0055542
0.0152893
0.0395813
0.050415
0.0741577
0.161377
0.720123
0.998566
0.748077
0.573181
0.28476
0.198975
-0.0801544
0.0195007
0.306885
0.785782
0.619278
0.395096
0.305481
0.248108

[2]
0.225616
0.171539
0.106995
-0.0219879
-0.13414
-0.378784
-0.675537
-1.31216
-1.52615
-1.7652
-1.82181
-2.37253
-1.52055
-1.64198
-0.180969
1.20212
-0.254272
-0.723724
-0.400864
-0.758209
-0.520706
-0.289093
-0.0359344
-0.127213
-0.13443
-0.0911865
-0.0899353
-0.0135956
-0.0334473
-0.0897522
-0.122238
-0.104492
-0.0581665
-0.0447235
-0.0359802
-0.0180359
-0.0479584
-0.145569
-0.11087
-0.0059967
-0.00737
0.064743
0.0487823
0.0521393
0.0425568
0.0422516
-0.000442505
-0.085556
0.185104
0.621567

[3]
1.12253
0.870087
0.601013
0.358368
0.231308
0.0860138
-0.0441589
0.200958
0.751724
0.718307
0.494278
0.31015
0.108566
0.0627136
0.0148468
-0.00889587
-0.0563049
-0.44696
-0.782593
-0.872925
-1.07138
-1.30995
-1.28467
-1.16287
-1.2578
-1.35164
-1.44029
-1.08946
-0.802292
1.7888
0.838501
-0.722565
0.184921
-0.60527
-0.617111
-0.162445
0.0604706
-0.0185699
0.160172
0.209732
0.0273743
0.124313
0.265427
0.141571
0.10434
0.0319519
0.096817
0.133606
0.119156
0.101837

[4]
0.111862
0.0871277
0.0759583
0.0944061
0.132874
0.155685
0.167328
0.173767
0.115967
0.121185
0.127335
0.130173
0.178375
0.306473
0.730911
1.11548
0.832718
0.625504
0.483414
0.415543
0.307037
-0.155502
0.213318
0.6819
0.793884
0.515961
0.334198
0.311523
0.317673
0.315979
0.199677
-0.0453949
-0.209976
-0.26178
-0.456497
-0.734192
-0.722855
-1.18661
-1.45485
-1.48042
-1.71986
-1.6824
-1.563
-0.681854
1.68381
-1.15834
-0.371719
-0.363235
-0.246735
-0.117584

[5]
-0.0735931
-0.0254364
-0.000320435
0.0493011
0.0246124
0.0411682
0.071579
0.0744629
0.0201263
0.0160522
0.0164642
0.0186768
0.0347443
0.0314331
0.0540619
0.0232239
0.0241241
0.0432892
0.073349
0.114822
0.117691
0.11087
0.0585632
0.0904846
0.0490112
0.0635681
0.0991669
0.573486
1.34314
0.869034
0.640121
0.563919
0.139343
0.255676
-0.15744
0.235519
0.609268
0.787399
0.542892
0.420731
0.357025
0.312393
0.271362
0.300446
0.182404
0.0659027
-0.113144
-0.390701
-0.809677
-1.0802

[6]
-1.24698
-1.43379
-1.47504
-1.40244
-1.56862
-1.75557
-1.21249
1.68889
-0.483002
-0.339249
-0.0725098
-0.629059
-0.296967
-0.0896454
-0.0539856
-0.00970459
0.0132446
0.082077
0.0964508
0.0212555
0.037262
0.104263
0.0314484
0.068985
0.0548096
0.0433655
0.110657
0.0720825
0.0991058
0.049118
0.0201569
0.0631409
0.0903168
0.12149
0.140991
0.117004
0.107498
0.0966187
0.0889587
0.0936279
0.245209
0.792816
1.46544
0.869385
0.731049
0.164932
0.140747
-0.231339
0.282928
0.610733

[7]
0.857681
0.633133
0.495712
0.361328
0.288193
0.303741
0.283218
0.204956
0.10144
-0.0528564
-0.307632
-0.680038
-1.21606
-1.51306
-1.38042
-1.49954
-1.50024
-1.76111
-1.32706
-1.34602
1.0743
0.647934
-0.873962
-0.0938721
-0.301193
-0.501724
-0.368179
-0.165573
-0.113144
-0.161331
-0.0550232
-0.00411987
-0.0408936
-0.0486755
-0.0195312
0.0424957
-0.0146942
-0.0510864
-0.0109711
0.0248566
0.0474854
-0.00511169
0.0287933
0.0177612
-0.0422974
-0.00416565
0.0449677
0.0459442
0.0407104
0.0454559

[8]
0.0356903
0.0839844
0.0740356
0.0779266
0.283798
0.6828
1.46324
0.891571
0.888168
0.130386
0.196991
-0.40773
0.190216
0.570969
0.817505
0.55986
0.435745
0.325043
0.279388
0.26947
0.217773
0.209732
0.0662384
-0.111084
-0.312561
-0.794693
-1.26045
-1.66031
-1.86517
-1.90614
-1.7718
-1.7451
-1.29276
-0.538147
1.5815
0.0109406
-0.833298
-0.224121
-0.49762
-0.709732
-0.273209
-0.00430298
-0.0696564
-0.0487366
-0.0717316
-0.0185852
-0.0813446
-0.0448608
0.180847
0.0200958

[9]
-0.082901
-0.0481415
0.00691223
0.004776
-0.0284576
-0.0323792
-0.0441284
-0.0400848
-0.0215912
0.0105896
0.0845184
0.079361
0.0951538
0.0678864
0.0561981
0.0683899
0.044632
0.0430603
0.522354
1.19109
1.06403
0.753769
0.342789
0.0913696
0.0398712
0.215057
0.564499
0.90773
0.649628
0.495605
0.325119
0.217987
0.245987
0.145584
0.0332794
-0.0759125
-0.251938
-0.460846
-0.780243
-1.13139
-1.36409
-1.50943
-1.61169
-1.59579
-1.51324
-1.35657
-1.28958
0.0863647
1.62106
-1.00401

[10]
-0.395462
-0.381088
-0.560913
-0.419662
0.0190735
0.00653076
0.000366211
0.0234833
0.0239105
-0.0817566
0.0495911
0.159531
0.0560913
-0.071579
-0.0209961
0.0686035
0.0607605
0.00579834
-0.0243225
0.0188141
0.00398254
-0.00933838
0.0719604
0.120392
0.103668
0.199188
0.0384369
0.106506
0.100815
0.199539
0.250076
0.431122
0.763229
1.14232
0.675278
0.432281
0.0457458
-0.0584717
0.209564
0.404037
0.846832
0.640396
0.462769
0.369278
0.298019
0.278702
0.178833
0.144653
0.0844574
0.0590057

[11]
-0.1819
-0.564789
-0.909851
-1.2095
-1.24611
-1.51479
-1.58318
-2.0479
-1.21161
-1.48387
0.462341
0.945923
-0.268661
-0.551468
-0.181061
-0.696075
-0.547806
-0.295258
-0.0345306
-0.123978
0.0183563
-0.0689545
-0.107315
-0.106903
0.0930328
-0.0147247
-0.0202637
-0.102615
-0.011734
0.0237885
-0.00460815
-0.0459595
-0.0455627
-0.041748
0.00640869
0.0266571
0.0902252
0.125763
0.0773621
0.117828
0.0870056
0.0667114
0.0390778
0.114258
0.385483
1.22212
1.02718
0.624939
0.183701
-0.00483704

[12]
-0.218735
0.329269
0.605591
0.7565
0.518875
0.45018
0.379303
0.367676
0.370819
0.30246
0.0793915
0.0527191
-0.0766754
-0.393616
-0.450485
-0.699799
-1.16115
-1.66371
-1.76079
-1.74953
-1.98624
-1.70795
-1.29678
0.997894
0.777374
-1.47479
-0.373718
-0.559402
-0.609711
-0.565689
-0.0146484
-0.086731
0.0508728
-0.0738983
-0.0926514
-0.0612946
-0.0252838
-0.0495148
-0.0993805
-0.0784454
-0.0627289
-0.0488739
-0.0404968
-0.0428619
-0.0612793
-0.061676
-0.0619659
-0.0474701
0.0287476
0.0586548

[13]
0.0460358
0.0102539
0.00357056
0.0352325
0.0258331
0.0611267
0.232574
0.686966
1.22171
0.637482
0.575012
0.268326
0.318817
-0.247833
-0.0294342
0.196548
0.594482
0.617661
0.439774
0.33548
0.252701
0.220505
0.170685
0.175125
0.0933838
-0.0677948
-0.588516
-0.896866
-1.33955
-1.47565
-1.62285
-1.66083
-1.75554
-1.69051
-1.68115
0.0387573
1.54597
-1.15891
-0.509491
-0.563751
-0.621384
-0.433426
-0.246811
-0.164078
-0.0682831
-0.020752
-0.114227
-0.0379333
0.00212097
-0.0663605

[14]
-0.0888062
-0.0922089
-0.0349426
-0.0776672
-0.0830536
-0.0466461
-0.0474243
-0.0729065
-0.0530701
-0.0343323
0.019928
0.104309
0.0584259
0.0672607
0.0335541
0.0388794
-0.0151215
0.209152
0.696732
1.2518
1.04222
0.651962
0.179398
0.0728149
-0.269333
0.165085
0.587814
0.803452
0.529373
0.379501
0.256058
0.293137
0.281677
0.283157
0.235352
0.0280914
-0.179962
-0.502518
-0.839066
-1.59474
-2.01369
-1.82864
-2.02838
-2.0239
-1.48524
-0.588699
1.55753
-0.942017
-0.570618
-0.471191

[15]
-0.619659
-0.401413
-0.0662079
-0.0327148
-0.0211487
-0.0313416
-0.0626221
-0.0559235
0.0259247
0.00895691
-0.0321808
-0.133286
-0.0406952
-0.0164032
-0.0196533
-0.0283508
-0.0491486
-0.0609894
-0.0383606
-0.0632629
0.00637817
0.0512238
0.116028
0.117783
0.11351
0.0990753
0.0943451
0.151947
0.135513
0.661789
1.3199
0.824692
0.732025
0.208939
0.281036
-0.0396118
0.089035
0.402618
0.827362
0.657013
0.434464
0.290375
0.218994
0.253265
0.215164
0.130356
0.00895691
-0.156555
-0.624969
-1.10939

[16]
-1.56059
-1.75864
-1.64452
-1.79323
-1.96136
-1.68857
-1.28435
1.57265
-0.417542
-0.84993
-0.466141
-0.55246
-0.464462
-0.307617
0.0905762
-0.00865173
0.00909424
-0.14534
-0.0630188
0.00209045
0.0102997
-0.0229034
-0.0691376
-0.00344849
-0.0188293
-0.0197906
0.00358582
-0.00683594
-0.046936
-0.0619812
-0.0264587
0.0328522
0.108978
0.0964355
0.0838318
0.116379
0.105362
0.084198
0.140671
0.309235
1.02084
1.3933
0.631042
0.665878
0.176773
0.200928
-0.0566254
0.146103
0.769516
0.895859

[17]
0.552063
0.378311
0.306061
0.347183
0.295578
0.282837
0.150528
-0.0229034
-0.244537
-0.765793
-1.39992
-1.96703
-2.13159
-2.04639
-1.87039
-1.53998
-1.5909
-0.0947876
1.58409
-0.878525
-0.521637
-0.361328
-0.632477
-0.411087
-0.197006
-0.0987396
-0.0173645
0.0268555
-0.0272522
-0.15123
0.0340576
0.0699768
-0.0441895
-0.0804443
-0.0461426
0.016098
-0.0261383
-0.0182648
-0.00846863
-0.036377
-0.0317383
-0.00393677
0.0341949
0.0822296
0.133255
0.100555
0.0998993
0.0847931
0.0686646
0.0562897

[18]
0.489441
1.26534
1.12959
0.771591
0.253311
0.174011
-0.20787
0.261932
0.649628
0.892273
0.610519
0.524109
0.418427
0.302063
0.27446
0.262894
0.19751
0.102966
0.0344849
-0.237411
-0.506119
-1.17387
-1.64078
-1.63838
-1.83496
-2.45648
-1.536
-0.927429
-1.20975
0.333435
1.59138
-0.701157
-0.54039
-0.304443
-0.778519
-0.190323
-0.175674
-0.00947571
-0.0902405
-0.0487518
0.0760956
-0.0644073
-0.025177
0.0215912
0.0260773
-0.00765991
0.0114746
0.0666809
0.0839844
0.0258789

[19]
0.011322
-0.0171204
0.0220795
0.0370941
0.0523834
0.112396
0.104462
0.148529
0.0448608
0.104935
0.106613
0.140228
0.454727
1.31747
0.809311
0.886993
0.645767
0.268921
-0.0408783
0.186325
0.461838
0.968628
0.676071
0.446075
0.348389
0.314362
0.288834
0.249146
0.18988
0.0666046
-0.121948
-0.642578
-1.24338
-1.74747
-2.02823
-2.03026
-1.90865
-1.87408
-1.81445
-0.410461
1.5717
-1.03998
-0.676468
-0.518997
-0.306381
-0.381821
-0.154099
-0.0693817
-0.0329132
0.0456848

[20]
-0.0493774
-0.0930786
0.0538788
0.00621033
-0.0380707
-0.156631
-0.0584259
0.00904846
-0.0855255
-0.0444336
-0.0125732
-0.0361633
-0.0214539
0.028595
0.105972
0.117874
0.0929108
0.0751038
0.110153
0.118454
0.123749
0.451447
1.161
0.926605
0.967987
0.224762
0.13652
-0.300171
0.052948
0.475815
0.81369
0.619965
0.506226
0.380066
0.277145
0.323273
0.317047
0.246521
0.0167847
-0.107681
-0.440216
-0.850586
-1.4296
-1.7912
-1.90852
-1.84262
-2.0105
-1.8125
-0.769821
1.57076

[21]
-0.852219
-0.39267
-0.388138
-0.553268
-0.42836
-0.241226
-0.0484924
-0.0434265
0.0149994
-0.0254822
-0.0763702
-0.117874
0.0888977
0.047226
-0.0263519
-0.106003
-0.0113068
-0.00566101
-0.0268097
-0.0322418
-0.0210419
-0.00912476
0.0216827
0.00749207
0.083847
0.106232
0.123535
0.124588
0.0747986
0.0785522
0.0611267
0.349686
0.80275
0.900467
0.576645
0.94812
0.222153
-0.00234985
-0.206009
0.0259705
0.835358
0.8508
0.535324
0.389206
0.263702
0.262314
0.244965
0.154526
0.0121918
-0.181946

[22]
-0.481201
-0.85054
-1.33839
-1.90775
-1.78854
-1.51402
-1.59398
-1.68074
-1.57762
-1.12878
1.57207
0.0458069
-0.815918
-0.0917206
-0.598801
-0.551559
-0.369644
-0.156769
-0.150299
-0.095932
0.0685883
-0.0996704
-0.0467377
-0.0141602
0.0148468
-0.0175934
-0.102585
-0.0389709
-0.0205688
-0.0214539
-0.143875
-0.0404053
-0.0170746
-0.015564
-0.0131378
-0.00445557
0.0509338
0.0938416
0.0860901
0.0745544
0.0779724
0.121918
0.132126
0.492859
0.962173
1.03235
0.637466
0.706741
0.437943
0.369781

[23]
-0.408188
0.0682373
0.63176
0.840866
0.589966
0.347275
0.267822
0.252838
0.188278
0.123886
0.0689545
-0.119217
-0.436432
-0.72049
-1.23567
-1.83173
-1.76451
-1.64914
-1.78752
-1.92897
-1.60033
-0.806686
1.56238
-0.00250244
-0.681366
-0.12088
-0.504715
-0.707153
-0.307709
-0.146927
-0.0863495
-0.0507355
-0.0990143
0.0269012
-0.146027
0.00100708
-0.042511
-0.0462036
-0.0732269
-0.0441437
0.00997925
0.0299225
-0.065979
-0.0770111
-0.0381775
-0.0174255
-0.0427246
0.00123596
0.0203094
0.0500488

[24]
0.0703583
0.0496521
0.0460663
0.0234833
0.0682068
0.316284
0.668884
1.13109
0.756241
0.676529
0.463409
0.395599
-0.204041
-0.0231628
0.213943
0.715927
0.628799
0.41127
0.281113
0.22757
0.199509
0.141159
0.0737
0.0141907
-0.145172
-0.392365
-0.75296
-1.34598
-1.86617
-1.83115
-2.08023
-2.06726
-1.5563
-1.47617
0.435425
1.26591
-1.2986
-0.662003
-0.308121
-0.864532
-0.33551
-0.240173
-0.182312
-0.0868225
-0.14389
-0.26239
-0.0177765
-0.0604401
-0.0970612
-0.109528

[25]
-0.126587
-0.114044
-0.113602
-0.095108
-0.0930023
-0.105789
-0.113525
-0.0679474
-0.0449829
-0.0161285
0.0357971
0.0697784
0.0891266
0.0957642
0.089798
0.101837
0.216949
1.14821
1.11089
0.559387
0.427734
0.39534
0.186325
-0.354553
0.167908
0.668121
0.787491
0.501236
0.356644
0.30896
0.299927
0.21492
0.189438
0.0948486
-0.0818024
-0.315842
-0.62178
-1.09457
-1.64677
-2.0126
-2.2437
-2.19138
-1.50612
-1.56059
-0.417969
1.30074
0.0679321
-0.781158
-0.228745
-1.00063

[26]
-0.436249
-0.16037
-0.192993
0.0213928
-0.186676
-0.0413055
-0.0257568
-0.0197601
-0.0992279
-0.0950775
-0.0772095
-0.0663452
-0.0534821
-0.0451508
-0.0248108
-0.0171814
-0.0684204
-0.101776
-0.0150452
0.00445557
0.0736542
0.0626068
0.0727386
0.0229492
0.0700836
0.0210876
-0.0493774
0.286682
1.43686
1.11453
0.624146
0.560654
0.267426
0.247742
-0.368454
0.0573883
0.611221
0.831879
0.532227
0.359451
0.271606
0.242981
0.214569
0.219727
0.141464
-0.0690918
-0.218582
-0.509964
-0.912613
-1.32181

[27]
-1.62798
-1.81912
-2.1731
-1.70518
-1.52975
-0.688034
1.56445
-0.588821
-0.604706
-0.312744
-0.681351
-0.323822
-0.194061
-0.000610352
-0.0836334
-0.0120087
0.0361786
-0.00318909
-0.0187683
-0.0177155
-0.0324554
-0.0208435
-0.0654144
-0.0177612
0.0253296
0.0160217
-0.00273132
-0.0261078
-0.00564575
-0.0151062
-0.0356903
0.0570831
0.097702
0.0808563
0.0979309
0.0731506
0.0958405
0.105804
0.315582
0.734818
1.11238
0.691513
0.81192
0.521576
0.283539
-0.201401
0.0825958
0.564835
0.919434
0.518127

[28]
0.298523
0.225616
0.252151
0.249756
0.149902
0.084137
-0.0662994
-0.365005
-0.658447
-0.95549
-1.44308
-1.54662
-1.44296
-1.84792
-2.06375
-1.7075
-1.06091
-0.0795898
1.58054
-0.410461
-0.875366
-0.291534
-0.683228
-0.203262
-0.215988
-0.0187531
-0.0984955
-0.00968933
-0.0289764
-0.0238495
0.0198669
-0.0372162
-0.0868225
-0.0439911
-0.0722351
-0.0358887
0.0170135
0.0122681
-0.0037384
-0.0552368
0.0287628
0.0346375
0.0590515
0.100555
0.0498199
0.0375671
0.0611877
0.0649261
0.232666
0.818359

[29]
1.18262
0.788208
0.656525
0.304504
0.044754
-0.152328
0.13681
0.636856
0.852905
0.455551
0.354431
0.307404
0.274231
0.250916
0.250732
0.0618896
-0.0613251
-0.230301
-0.477768
-1.02371
-1.35725
-1.72336
-1.89542
-1.8492
-1.83163
-1.58273
-1.49377
0.0198212
1.5461
-1.21997
-0.395203
-0.320786
-0.601959
-0.254868
-0.291275
-0.137665
-0.112244
-0.0340118
-0.0247803
-0.089447
-0.0513763
-0.0348511
-0.118195
-0.0857697
-0.140732
-0.0940247
-0.0763245
-0.0832062
-0.0872345
-0.114044

[30]
-0.0876465
0.0125122
0.0548859
0.118591
0.0888062
0.0548859
0.0823212
0.0415802
0.100296
0.249161
0.891693
1.00572
0.602264
0.828171
0.0411987
0.244476
-0.21727
0.192612
0.61586
0.78569
0.520432
0.370956
0.246292
0.204117
0.227036
0.113556
0.0633545
-0.0593262
-0.123367
-0.35704
-0.841629
-1.35608
-1.63918
-1.81903
-1.98793
-2.23689
-1.60925
-1.23886
1.53644
0.0976715
-0.99675
-0.381317
-0.526459
-0.57724
-0.334656
-0.0791321
-0.104782
-0.060379
-0.0453033
-0.0607758

[31]
-0.0871582
-0.00390625
-0.0429993
-0.0905151
-0.0592346
-0.0780487
-0.0281525
-0.0433197
0.106384
0.0586243
-0.0515289
-0.0636597
-0.0304718
0.0642548
0.0548706
0.0606689
0.0290375
0.0475159
0.05867
-0.0421753
0.321472
0.883499
1.07979
0.947678
0.662643
0.172882
0.198715
-0.226944
-0.182617
0.536667
0.788132
0.442978
0.331039
0.213699
0.245819
0.227219
0.135132
0.144363
-0.00222778
-0.195801
-0.496979
-0.990555
-1.53348
-1.96649
-2.21078
-2.2202
-1.93349
-1.67775
1.00284
0.374954

[32]
-1.11787
-0.503967
-0.433182
-0.568329
-0.374207
-0.0455933
-0.116959
0.00144958
-0.121796
-0.0613403
0.0153351
-0.0306244
-0.0854187
-0.132339
-0.0964355
-0.0810699
-0.113617
-0.0558624
-0.0341339
-0.0497131
-0.0549011
-0.0304718
0.0151215
0.0228271
0.0282593
0.0514069
0.117828
0.0592194
-0.0286713
0.203857
0.639816
1.23781
0.976151
0.975433
0.129791
0.0271301
-0.32193
0.0331879
0.54364
0.873276
0.590042
0.41774
0.303314
0.246567
0.163254
0.112549
0.083374
-0.125641
-0.286194
-0.591995

