[1]
-0.0322723
-0.610992
-0.419205
-0.260757
-0.112518
-0.156601
-0.123367
-0.0654297
-0.142273
-0.110397
-0.0945587
-0.078186
-0.100235
-0.0679932
-0.0675354
-0.0166931
-0.0331879
-0.0600586
-0.0710907
-0.0437164
-0.0595093
0.0371094
0.152161
0.00598145
0.0685425
0.0822144
0.0643158
0.499924
1.42569
0.997833
0.948318
0.306458
0.536423
-0.330948
-0.308105
0.675018
0.958755
0.817978
0.639191
0.522339
0.398163
0.335464
0.302795
0.202194
-0.0401764
-0.194931
-0.41188
-0.830048
-1.36552
-1.70563

[2]
-1.83081
-2.04018
-1.56648
-1.77565
-1.23407
1.64517
-1.22055
-0.740005
-0.473236
-0.519165
-0.384796
-0.192032
-0.0391235
-0.022995
-0.0176544
-0.0714417
0.0462646
-0.0323639
0.00602722
-0.0535431
-0.0315094
-0.0345612
-0.0437622
-0.00476074
0.0204926
-0.00270081
-0.055542
-0.0546112
0.111572
0.0949097
0.13356
0.157761
0.145813
0.092041
0.0735474
0.24144
0.685104
1.22353
1.05556
0.805725
0.52594
0.590195
-0.378418
-0.272614
0.851852
1.00525
0.790817
0.587494
0.441635
0.351288

[3]
0.378967
0.378265
0.401733
0.19191
-0.0390015
-0.457565
-1.1046
-1.8624
-2.11969
-2.35632
-2.40273
-2.23961
-1.04387
1.65808
-0.700546
-0.339828
-0.405563
-0.543686
-0.524887
-0.164124
-0.0573273
0.0107727
-0.0488129
-0.0368805
-0.00631714
0.00195312
0.0390167
0.00816345
-0.0266418
-0.0281067
-0.00285339
-0.024231
-0.00646973
-0.0144806
0.00440979
0.0247345
-0.0063324
0.0729065
0.0748749
0.136139
0.148071
0.0720978
0.14769
0.181274
0.723709
1.34718
1.26678
0.872253
0.40155
0.5849

[4]
-0.140259
-0.000457764
0.625
0.855194
0.813034
0.684937
0.550903
0.435287
0.298401
0.270889
0.290863
0.245743
-0.0146027
-0.283875
-0.731628
-1.29523
-2.03331
-2.15211
-2.03499
-2.21092
-1.9153
0.262863
1.01718
-1.07048
-0.302383
-0.523178
-0.406723
-0.404877
-0.132095
-0.12175
-0.0802002
-0.0325623
-0.0102692
-0.0549011
0.0513611
0.0171204
-0.0596619
-0.0529633
0.00276184
-0.0263977
-0.0239105
-0.0136261
-0.0294647
-0.0162964
0.019165
0.0896301
0.0944214
0.162537
0.0694122
0.0806732

[5]
0.0777893
0.127426
0.381851
1.35983
1.48976
0.962921
0.475388
0.700836
0.0406342
-0.0986176
0.110077
0.917542
0.983353
0.794525
0.617889
0.400986
0.27951
0.284698
0.244415
0.14682
-0.110031
-0.379807
-0.871765
-1.42935
-1.70358
-1.65262
-1.82021
-1.77682
-1.60832
-1.84683
1.66505
-0.437408
-0.652985
-0.213089
-0.594498
-0.340271
-0.212585
-0.114746
-0.0895386
-0.0584106
-0.0726624
-0.0157928
-0.0227509
0.0130157
0.0273132
0.0144958
-0.00143433
-0.0267639
0.000213623
0.0124207

[6]
-0.0309143
-0.0323029
0.0798035
0.076355
0.0775604
0.115417
0.0436707
0.0756989
0.0879364
0.0793152
0.427094
1.0336
1.40477
0.89241
0.687729
0.383682
0.218613
-0.141754
0.499557
1.10925
0.839218
0.606323
0.536606
0.369461
0.34111
0.30188
0.295456
0.158142
-0.105377
-0.360916
-0.691452
-1.22952
-1.54782
-1.77269
-1.78856
-1.97409
-1.84718
-1.69734
1.63857
-1.09781
-0.944687
-0.448608
-0.32341
-0.466995
-0.104294
-0.0862274
-0.0761871
-0.0384216
0.0141449
-0.0485077

[7]
-0.0858002
0.0422058
-0.0171204
-0.0334015
-0.0372467
-0.0620575
0.00621033
0.00146484
0.0407257
-0.00669861
0.023819
0.0890503
0.0773315
0.0622101
0.117386
-0.0113068
0.078064
0.179642
0.32518
0.827789
1.24612
0.946136
0.594376
0.389511
-0.00621033
-0.207977
0.586151
1.03073
0.87149
0.703522
0.60553
0.460403
0.410385
0.34407
0.299881
0.0827026
-0.0953522
-0.250107
-0.800659
-1.35779
-1.70078
-1.89864
-1.88936
-1.81097
-1.90872
-1.54678
1.65607
-1.01099
-0.856613
-0.119598

[8]
-0.394745
-0.337234
-0.177383
-0.13797
-0.130096
-0.0896759
0.0162964
0.0160522
-0.0438843
0.0212708
0.0399628
0.0335083
-0.058197
-0.0765686
-0.0177002
-0.00405884
-0.0527344
-0.0431671
-0.0116425
0.0679779
0.0624084
0.178955
0.0267334
0.120834
0.116089
0.143356
0.189316
0.804626
1.55066
0.873306
0.511566
0.232346
-0.0968933
0.031311
0.790329
0.856934
0.805679
0.682846
0.626373
0.509567
0.428253
0.335968
0.249893
0.101929
-0.0428162
-0.298462
-0.83139
-1.45174
-1.9357
-2.15752

[9]
-2.05702
-1.69566
-1.73965
-0.870758
1.65482
-1.02718
-0.935852
-0.305756
-0.399979
-0.48703
-0.240387
-0.139282
0.0107117
0.038559
-0.0210419
-0.0641327
0.0767365
0.0816956
0.000686646
-0.0514374
-0.0515289
-0.048645
-0.0892334
-0.0289459
-0.000991821
-0.0823517
0.0131073
0.0907745
0.154663
0.0606537
0.136642
0.0694733
0.114746
0.180481
0.330643
1.06387
1.14627
0.932693
0.394257
0.367538
0.0154419
-0.293701
0.634979
1.07681
0.929382
0.723618
0.519623
0.305923
0.405945
0.442734

[10]
0.343628
0.118103
-0.0492401
-0.34906
-1.03308
-1.72191
-1.98442
-2.16734
-1.92804
-1.88104
-1.48325
-1.0123
1.66707
-0.912292
-1.05989
-0.241776
-0.569244
-0.320023
-0.184723
-0.068512
-0.0857697
0.0561218
-0.0617371
0.0810242
0.0116425
0.00384521
-0.0679016
-0.051239
-0.0309601
-0.0321045
-0.0338135
-0.0132904
-0.00532532
-0.0320587
0.0133362
0.082489
0.108551
0.0950317
0.103912
0.0705566
0.0639343
0.185318
0.837036
1.37912
1.00081
0.634781
0.330612
0.543488
-0.110107
-0.282211

[11]
0.841858
1.03059
0.755264
0.587875
0.43718
0.386917
0.385635
0.391373
0.188797
0.0939026
-0.31012
-0.743378
-1.11465
-1.65475
-1.9623
-1.98364
-1.68814
-1.77397
-1.58403
0.701538
0.0371399
-0.911453
-0.598755
-0.384018
-0.544586
-0.384842
-0.104233
-0.0454712
0.0121002
0.034668
0.00157166
-0.0658264
-0.0504456
-0.00587463
-0.0382996
-0.0861969
-0.0926666
-0.0435944
-0.0068512
-0.0245209
-0.0308533
-0.02211
0.0517426
0.0935211
0.0355835
0.0881805
0.0156097
0.0836792
0.0583344
0.191345

[12]
0.62854
1.38844
1.09932
0.45726
0.194855
0.360626
0.125473
0.286865
1.03127
0.917633
0.670151
0.54277
0.447067
0.401108
0.397491
0.376511
0.224686
0.0337067
-0.169281
-0.465576
-1.19255
-1.88957
-2.24666
-2.18784
-1.74251
-1.97511
-1.83853
1.60324
-0.305542
-0.743011
-0.531448
-0.477829
-0.538269
-0.317505
-0.211334
-0.0491486
-0.0532684
-0.0951233
-0.134811
-0.0823975
-0.000473022
-0.0141296
-0.0266418
-0.0637512
-0.0636749
-0.0894775
-0.0393372
-0.0740662
-0.102692
-0.0144501

[13]
0.0586243
0.0457001
0.0485687
0.120667
0.0611115
0.0827637
0.12413
0.671448
1.54507
1.02177
0.436325
0.143417
0.27478
-0.00993347
0.449677
1.04749
0.808777
0.61821
0.540543
0.420334
0.470078
0.405884
0.373047
0.0905762
-0.286438
-0.450089
-0.629898
-0.960876
-1.43665
-1.60078
-1.86169
-2.05246
-2.07869
-1.67824
1.63065
-0.812378
-1.1534
-0.721695
-0.546631
-0.451736
-0.305969
0.0103607
-0.00248718
-0.000946045
-0.144577
-0.145157
0.0466766
0.100281
0.0294495
-0.0999908

[14]
-0.0497742
-0.0690002
-0.0992737
-0.0647125
-0.0444489
-0.00679016
0.0414886
0.0999603
0.0669098
0.109665
0.0550995
0.175476
0.0874023
0.182816
0.738083
1.66867
0.760315
0.771698
0.26416
0.243713
-0.0546265
0.325928
1.00912
0.832565
0.595596
0.488022
0.382309
0.318176
0.314835
0.320633
0.114914
-0.137695
-0.3172
-0.792969
-1.16127
-1.46954
-1.81223
-1.92911
-1.93221
-1.89749
-1.35442
-0.427292
1.65256
-1.11914
-1.6741
-0.119919
-0.643478
-0.278809
-0.153931
-0.0760193

[15]
-0.0495605
-0.0318146
-0.0362854
-0.0315399
-0.000701904
0.00756836
-0.00984192
-0.107193
-0.115005
-0.0853577
-0.106903
-0.0685272
-0.014679
0.0124664
0.0616455
0.0269775
0.0758667
0.0530396
0.053421
0.0760345
0.189484
0.597488
1.20508
1.06219
0.758743
0.342178
0.285583
0.0329895
-0.137817
0.892303
0.996765
0.70491
0.539169
0.437195
0.361237
0.338745
0.304916
0.218338
-0.0123138
-0.195145
-0.45314
-0.94104
-1.44243
-2.01422
-2.13074
-1.88892
-1.53383
-1.91927
-1.49039
1.6357

[16]
-0.676712
-0.749161
-0.636734
-0.450272
-0.455566
-0.311646
-0.0701294
-0.0760651
-0.0801239
-0.0595093
-0.123337
-0.0859528
-0.0411072
-0.0564117
-0.00364685
-0.0516968
-0.0379333
-0.0838013
-0.0940552
-0.0806274
-0.0873566
-0.0441132
-0.00209045
0.0314178
0.0451965
0.0757751
0.0289764
0.0214233
0.030365
0.0713043
0.70549
1.27083
1.1024
0.729385
0.214645
0.368713
-0.021637
0.0888519
0.976135
0.871262
0.644989
0.509995
0.339447
0.246796
0.256058
0.271713
0.128082
-0.0608521
-0.253937
-0.581451

[17]
-1.03088
-1.41057
-1.49854
-1.67833
-1.96684
-1.82726
-1.30502
-1.73434
1.64774
0.390198
-1.14011
-0.366913
-0.951355
-0.36647
-0.382675
-0.139847
-0.134628
-0.0852203
-0.0544128
-0.104095
-0.015213
-0.0696259
-0.0624084
-0.0756683
-0.0983887
-0.0353851
-0.0293884
-0.0218506
-0.0301514
-0.0776825
-0.0624084
0.0473022
0.0436707
0.077179
0.0460968
0.057785
0.124023
0.145599
0.268036
0.884979
1.32219
0.713867
0.734879
0.269089
0.16124
-0.0870819
0.52179
1.20134
0.851669
0.543594

[18]
0.439804
0.37619
0.414886
0.354218
0.320969
0.133911
-0.108337
-0.381958
-0.772934
-1.2373
-1.74358
-1.97247
-2.19131
-2.19936
-1.66321
-1.64041
1.63559
-0.00038147
-0.927734
-0.470062
-0.617752
-0.441162
-0.430664
-0.214584
-0.104111
-0.0398865
-0.0302277
-0.109436
-0.0396881
-0.0662994
-0.0274658
-0.0454254
-0.0489349
-0.0522461
-0.054184
-0.0486603
-0.0476532
-0.045578
-0.0484009
0.0167084
0.0826111
0.113663
0.0534973
0.0722198
0.0787659
0.146973
0.456039
1.08975
1.19617
0.839981

[19]
0.776138
0.393463
0.278015
-0.186356
0.413574
1.16037
0.943954
0.579468
0.389771
0.260178
0.326233
0.300507
0.259964
-0.00814819
-0.236908
-0.530914
-0.98793
-1.67537
-1.97327
-2.22913
-1.98662
-1.86948
-1.72322
-1.24762
1.61525
-0.658066
-0.635284
-0.542343
-0.689362
-0.592133
-0.187088
-0.0909424
-0.0791016
-0.0393982
-0.12558
-0.203903
-0.0658569
0.0463257
-0.0613251
-0.0602417
0.00744629
0.0434418
-0.0787506
-0.107941
-0.116501
-0.0588989
0.0113678
0.0500336
0.033432
0.115753

[20]
0.0412598
0.0749817
0.119156
0.250763
0.716248
1.19638
0.847183
0.751938
0.208435
0.533005
-0.0915833
-0.185989
0.921478
1.07735
0.797104
0.594284
0.375763
0.28537
0.272491
0.246262
0.131516
0.000473022
-0.143356
-0.630554
-1.07269
-1.63347
-1.77455
-1.99301
-2.07759
-2.12712
-1.67673
1.21999
-0.25827
-0.472809
-1.02895
-0.474014
-0.611496
-0.361069
-0.0178986
-0.0566559
-0.0753937
-0.104324
-0.170776
0.0272369
-0.0824432
-0.0486755
-0.0576935
-0.0321655
-0.0301971
-0.0554352

[21]
-0.0753937
-0.096405
-0.0609894
-0.0712891
-0.0144501
0.0937347
0.0475006
-0.0196228
0.0427551
0.0502319
0.0508423
0.209
0.692062
1.26595
1.03479
0.824875
0.251053
0.479111
-0.132401
-0.0415497
0.868118
0.924362
0.698471
0.524368
0.434631
0.375763
0.361832
0.308365
0.198288
-0.045639
-0.161545
-0.609848
-1.25542
-1.86041
-2.0956
-2.17442
-2.20178
-1.86378
-1.65703
0.360886
1.60931
-1.33308
-0.734161
-0.407761
-0.649063
-0.445633
-0.376312
-0.120987
-0.0908661
-0.0782166

[22]
-0.10173
-0.169373
-0.0810852
-0.112198
-0.0371552
-0.0618439
-0.0905609
-0.0619202
-0.0629272
-0.111969
-0.0930328
-0.0273743
0.0861816
0.00543213
0.0745392
0.134521
0.0792694
0.0975647
0.0861053
0.40004
1.04391
1.2139
0.629242
0.238037
0.33606
0.23053
0.0512238
0.997559
0.924515
0.60968
0.53183
0.520615
0.415588
0.303207
0.233612
0.0519867
-0.0612488
-0.413116
-0.78421
-1.28998
-1.60838
-1.65154
-1.53288
-1.76021
-1.79065
-1.73051
-0.530121
0.750015
-0.834503
-0.887024

[23]
-0.310669
-0.641434
-0.391434
-0.0946655
-0.0188293
-0.0984039
-0.0824738
-0.181046
-0.140823
-0.0228271
-0.0689697
-0.0585632
-0.0469818
-0.0373688
-0.0447693
-0.0918121
-0.0864105
-0.0957336
-0.0828705
-0.0108032
0.0272675
0.0121155
0.0756378
-0.0492554
-0.0130768
0.0237885
0.0871887
0.330139
0.934494
1.27013
0.838287
0.621811
0.0968018
-0.0942993
-0.192993
0.774338
1.06563
0.702271
0.53746
0.45079
0.348846
0.351242
0.380203
0.259186
-0.00796509
-0.305191
-0.524734
-0.867233
-1.33266
-1.52034

[24]
-1.61884
-1.80362
-1.83755
-1.92451
-1.39191
1.62872
-0.757248
-0.483429
-0.560562
-0.570236
-0.502777
-0.357941
-0.0429382
-0.042984
-0.0905762
-0.086441
-0.142487
-0.120544
-0.0672302
-0.0805054
-0.0938721
-0.0782471
-0.0251312
-0.0409546
-0.0489349
-0.0400085
-0.089035
-0.0936432
-0.00202942
0.0192261
0.0486755
0.0502319
0.049469
0.0141754
0.0721741
0.30867
0.784286
1.13152
1.05412
0.495316
0.0661774
-0.0597076
-0.0913086
0.652969
0.90741
0.7565
0.614685
0.559586
0.462128
0.360733

[25]
0.304337
0.188522
0.0146179
-0.0944519
-0.317139
-0.689575
-1.26048
-1.73782
-2.11356
-2.18124
-1.87299
-1.42798
-1.59573
1.58215
-0.242111
-0.786438
-1.08974
-0.394165
-0.742218
-0.300369
-0.0129395
-0.0652771
-0.0610352
-0.119415
-0.179352
-0.0363312
-0.0819702
-0.0587921
-0.0841522
-0.0651245
-0.059494
-0.0677032
-0.109314
-0.090271
-0.1073
-0.0800476
0.0153656
0.0458221
0.00463867
0.044693
0.0569458
0.0927582
0.136032
0.432312
1.1628
1.02945
0.7715
0.177704
0.117828
-0.0255432

[26]
0.18396
1.02698
0.834152
0.621231
0.575043
0.432312
0.379059
0.415283
0.320679
0.203598
0.058197
0.0562439
-0.561081
-0.970505
-0.980118
-1.52251
-1.78719
-1.93349
-1.95595
-2.10492
-2.05507
1.55447
-0.275116
-1.13571
-0.401154
-0.700485
-0.365341
-0.114075
-0.19017
-0.0772552
-0.0863953
-0.0961609
-0.062027
-0.115051
-0.0762634
-0.0746002
-0.0620117
-0.0529327
-0.0753479
-0.0331879
-0.0797729
-0.101349
-0.0672607
0.0144806
0.0364532
0.0363007
0.0263367
0.037796
0.0432587
0.0917206

[27]
0.17543
0.636826
1.03127
0.841431
0.876038
0.411621
0.242905
0.138245
-0.00808716
0.848694
0.902496
0.682739
0.543701
0.469543
0.380066
0.355698
0.399445
0.205093
0.000946045
-0.356842
-0.626816
-1.14859
-1.5518
-1.78352
-2.45584
-2.09488
-1.96948
-1.59308
1.4532
-1.02592
-0.899338
-0.171402
-0.83873
-0.197525
-0.0874329
-0.037262
-0.123276
-0.156677
-0.140015
-0.0296326
-0.0245209
-0.112915
-0.0626526
-0.0635376
-0.088089
-0.0919647
-0.0972443
-0.125534
-0.0977936
0.00299072

[28]
0.0716095
0.0776062
0.116699
0.102402
0.145721
0.19072
0.159912
0.407028
1.25449
0.966568
0.644867
0.535049
0.449356
-0.32608
-0.215195
1.0244
1.04443
0.678085
0.539032
0.390884
0.431305
0.375565
0.307617
0.057251
-0.0737
-0.271378
-0.698822
-1.00128
-1.59537
-2.21565
-2.22951
-1.8167
-1.66301
-2.14655
0.264725
0.648315
-0.761902
-0.469513
-0.43013
-0.552032
-0.271149
-0.121796
-0.0801392
-0.13446
-0.0743713
-0.185196
-0.0793152
-0.0757446
-0.0509338
-0.0408783

[29]
-0.0627289
-0.0546417
-0.0446777
-0.0909119
-0.0910339
-0.0934906
-0.0480652
-0.0160675
0.0539551
0.0680237
0.0122681
0.0725555
0.123383
0.0815277
0.348801
0.689438
1.08881
1.08098
0.712372
0.302124
0.25563
-0.0466461
0.0344696
1.10493
0.770157
0.51329
0.440033
0.355423
0.382767
0.335312
0.274155
0.0639954
-0.236969
-0.350494
-0.665375
-1.3168
-1.8575
-2.02928
-2.11041
-1.93782
-1.62422
-1.57906
1.61185
-0.347809
-1.16147
-0.625107
-0.581436
-0.450851
-0.212509
-0.0347748

[30]
-0.0947418
-0.103577
-0.154297
-0.119278
-0.0988617
-0.102829
-0.096817
-0.112259
-0.0412292
-0.0298767
-0.0674896
-0.0652771
-0.0800781
-0.110809
-0.0533752
0.0200195
0.0219116
0.00282288
0.0826569
-0.0710449
0.0681305
0.0393829
0.359634
0.952835
1.13481
0.98027
0.492294
0.154755
0.0937195
-0.220428
0.438263
1.01152
0.787003
0.576736
0.454453
0.39743
0.345154
0.357086
0.131332
-0.0799408
-0.353271
-0.596191
-1.05621
-1.41243
-1.87955
-1.9855
-1.72015
-1.41515
-1.66386
1.19707

