[1]
0.0502625
0.110443
0.216156
0.0085907
0.0371857
0.0253601
-0.0205841
-0.00706482
-0.0277863
0.0463257
0.125549
0.0819855
0.0607605
0.025238
0.0434418
0.0789032
0.0773621
0.0397186
0.0380554
-0.0244293
0.0226593
0.08255
0.203796
0.0976257
-0.128983
-0.229233
-0.163162
-0.213379
-0.417053
-0.134552
-0.500122
-0.583054
-0.571701
-0.357925
-0.185989
-0.0589752
-0.0726776
-0.126785
-0.0915833
-0.0045929
-0.0277557
-0.0827942
-0.0222473
-0.00234985
0.00950623
0.116211
0.040863
-0.112915
-0.285141
-0.262115

[2]
-0.209198
0.424637
1.32903
0.896515
0.00343323
0.226822
0.85672
-0.184021
0.20253
0.0200653
0.058075
0.0248413
0.10321
0.198425
0.0168304
-0.138489
-0.056778
0.0696869
0.163712
0.0801086
-0.00349426
0.0291595
0.0589752
0.106995
0.0941772
0.0552216
0.0442963
0.0332184
0.0750122
0.0752869
0.0690002
0.136292
0.0623016
-0.0964508
-0.198868
-0.270416
-0.519058
-0.443192
0.0186615
-0.324738
-0.413589
-0.582642
-0.42894
-0.285782
-0.101883
-0.0844574
-0.106308
-0.0701752
-0.0506439
-0.0619965

[3]
-0.0578156
-0.026123
0.0409546
0.13472
0.212646
0.298508
0.244904
0.187576
0.191711
0.186325
0.48494
0.815048
0.0712433
-0.136093
0.498398
-0.0110626
0.0827637
-0.0766754
0.210892
0.144867
-0.00938416
-0.00146484
-0.00827026
0.00447083
-0.0646362
-0.0364838
0.114578
0.130661
0.0305786
-0.033371
-0.0199738
0.0272369
0.0869751
0.0999146
0.0931396
0.0579681
0.0436249
0.0745697
0.0722961
0.132034
0.0406036
-0.0144806
-0.0518799
-0.166031
-0.453445
-0.448273
0.0289764
-0.144348
-0.528961
-0.778412

[4]
-0.459885
-0.242645
-0.0394135
-0.112457
-0.188812
-0.193954
-0.112839
-0.0575714
-0.0811005
-0.121628
-0.0719299
-0.0380402
-0.103073
0.00294495
0.10733
0.133759
0.0927124
0.224518
0.620712
1.04337
0.629532
0.00209045
0.264465
0.364777
-0.170151
-0.0189056
0.102142
0.22522
0.00572205
-0.0433655
0.0678253
0.0293121
-0.0384674
-0.0552368
0.0618896
0.136124
0.0721436
0.0388641
0.00274658
0.0718994
0.0656281
0.033905
0.0681
0.0531921
0.0623169
0.0401306
0.0279083
0.071579
0.12117
-0.00682068

[5]
-0.120941
-0.07901
-0.208267
-0.523117
0.110474
-0.276428
-0.372467
-0.990707
-0.524323
-0.223038
-0.00756836
-0.112198
-0.150589
-0.163879
-0.0806885
-0.0423431
-0.117966
-0.154831
-0.170578
-0.129211
-0.151428
0.0506287
0.0463867
0.0723114
0.215866
0.30545
0.591034
1.15999
1.07129
0.490753
-0.158752
0.834732
-0.102036
0.104202
-0.0610809
0.0858307
0.000152588
0.0480042
0.120209
0.0733795
0.026886
-0.0656281
0.0172424
0.0823212
0.0762634
0.0157776
0.0329132
0.069397
0.0985718
0.0670166

[6]
0.0499573
0.0495911
0.0593109
0.0698395
0.0492401
0.030426
0.0912628
0.0477448
-0.0497284
-0.161331
-0.328491
-0.842651
-0.174866
0.064682
-0.441833
-0.814194
-0.392914
-0.289337
-0.172592
-0.0907288
-0.10849
-0.176514
-0.124222
-0.10051
-0.0932312
-0.15361
-0.148575
-0.151505
-0.0214081
0.0139313
0.0192261
-0.0154114
0.00460815
0.00405884
0.315933
1.18893
1.00975
0.81662
-0.286804
0.649384
0.0124207
0.129089
0.0243835
0.0252838
0.0484009
0.075943
0.0439758
0.0167847
-0.0377808
-0.0971527

[7]
-0.0679169
0.102463
0.157623
0.0969391
0.00695801
-0.0191498
0.0811462
0.0918732
0.0460663
0.00776672
0.0159302
0.0332794
0.0362854
0.085907
0.0846558
-0.00813293
-0.101135
-0.144623
-0.227249
-0.74115
-0.271835
-0.0148621
-0.453522
-0.633133
-0.425217
-0.236176
-0.117416
-0.158539
-0.153503
-0.0753937
-0.0270081
-0.073822
-0.127319
-0.134537
-0.146423
-0.13765
-0.0464172
0.0593414
-0.0375519
-0.0526581
0.0601959
0.0445404
0.400726
1.10953
1.01706
0.706528
0.0362091
0.609833
-0.117889
0.207611

[8]
-0.0550079
0.0231171
0.0293884
0.0230865
0.150818
0.0830688
-0.0135651
-0.14267
-0.100189
0.0141907
0.112534
0.0959625
0.0400696
0.0105896
0.0404358
0.0906982
0.0574036
0.0374756
0.0311127
0.066803
0.0202637
0.0384369
0.106003
0.07341
-0.0513763
-0.126846
-0.186905
-0.673401
-0.267136
-0.0521698
-0.582306
-0.680435
-0.465317
-0.218781
-0.140762
-0.147888
-0.159653
-0.11467
-0.0650635
-0.0662537
-0.0645294
-0.0764771
-0.0658722
-0.0872192
0.0358276
0.0271149
0.0128479
0.00782776
0.100311
0.120438

[9]
0.566559
0.749634
0.887054
0.537766
0.287613
0.522598
0.148926
0.00224304
-0.0482635
-0.0980225
0.164246
0.127731
0.124863
-0.00286865
-0.110977
-0.187424
0.00247192
0.153442
0.103333
0.00126648
-0.0114594
0.0693207
0.101257
0.0677643
0.0419006
0.0254822
0.0545197
0.0519257
0.0156708
0.0705109
0.0496826
-0.0239105
-0.0952148
-0.0676422
-0.352951
-0.843109
-0.0588074
-0.279419
-0.349411
-0.672745
-0.457428
-0.277512
-0.115631
-0.0606842
-0.0636902
-0.0192261
0.019577
-0.0404053
-0.0198364
-0.105042

[10]
-0.0789337
-0.135345
0.0286865
0.0731964
-0.0853882
0.0622711
0.218201
0.27182
0.744476
0.920837
0.515182
0.0988464
0.173843
0.774506
-0.202042
0.146652
-0.0393829
0.0565643
0.0549011
0.0890656
0.110657
0.0186462
-0.132706
-0.0826874
0.0431976
0.112991
0.0777283
0.0101776
0.067276
0.0643768
0.08461
0.0537872
0.0487518
0.03125
0.0205231
0.0846863
-0.000854492
0.0773773
0.0321198
-0.0563354
-0.04245
-0.0709686
-0.453613
-0.493484
-0.100784
-0.355804
-0.547058
-0.344971
-0.430008
-0.225159

[11]
-0.185608
-0.12796
-0.166672
-0.0763702
-0.0400085
-0.0834503
-0.218307
-0.234314
-0.0926819
0.160843
0.0019989
-0.0357361
-0.00244141
-0.00733948
0.103119
0.497482
0.940475
0.668335
0.482498
0.309937
0.163483
0.434402
-0.268921
0.0941772
0.046524
0.155579
0.114517
0.0277405
-0.0126495
-0.0733643
-0.126099
-0.10965
0.0444794
0.14653
0.148849
0.0309906
-0.0279541
-0.00712585
0.0798492
0.0978394
0.0258026
-0.00408936
0.0144196
0.0582886
0.04039
0.137451
0.050293
-0.012558
-0.039856
-0.115585

[12]
-0.609589
-0.285126
0.0290375
-0.394165
-0.614334
-0.532211
-0.376053
-0.129318
-0.120224
-0.114197
-0.141937
-0.0401611
-0.00270081
-0.0498047
-0.11644
-0.0688171
-0.0814209
-0.0705261
0.0504608
0.0892792
0.0285492
0.0963745
0.125732
0.211594
0.453583
0.643585
0.581573
-0.128998
0.359238
-0.113525
0.00323486
0.0633392
0.0707245
0.104553
0.121628
0.0759277
-0.0413208
-0.0753632
-0.104797
-0.0220184
0.117966
0.0694733
0.0138245
-0.0328979
0.0721283
0.104752
0.0559692
0.0327606
-0.000915527
0.0531769

[13]
0.0169678
0.0256348
0.10025
0.0243378
-0.0527344
-0.0626221
-0.0703278
-0.434662
-0.422623
0.0210876
-0.435089
-0.589935
-0.479309
-0.332184
-0.140594
-0.162964
-0.13942
-0.1259
-0.0426941
-0.0576019
-0.0520935
-0.0715637
-0.059967
-0.134964
-0.107025
0.0224609
0.0704346
0.130936
0.282684
0.571228
1.00345
1.04944
0.761185
0.903885
-0.00476074
0.4897
-0.0910797
-0.0671234
0.141052
0.0658112
0.178802
0.107071
0.0787506
-0.0291595
-0.191055
-0.110199
0.0440826
0.120453
0.0406952
-0.0818176

[14]
0.0391998
0.129608
0.0893707
0.0663605
0.000183105
0.0367737
0.0418549
0.0927429
0.0780334
0.11438
0.0407715
-0.104111
-0.0959778
-0.167007
-0.519974
-0.237579
0.0035553
-0.455322
-0.732437
-0.441391
-0.256622
-0.142776
-0.200668
-0.165619
-0.166061
-0.108673
-0.0873718
-0.0915222
-0.198364
-0.189713
-0.1922
0.0353394
0.107422
0.059021
0.0887604
0.360306
0.507675
0.75972
1.01692
0.925598
0.53804
-0.154373
0.131592
0.375732
-0.217865
0.539215
0.118332
0.0100555
0.0546875
0.0850372

[15]
0.0175171
-0.0730896
-0.0663147
0.0292816
0.0122375
-0.00912476
-0.0405884
0.0249634
0.0784454
0.108887
0.107651
0.0511475
0.0435944
0.0700531
0.0577698
0.0321198
-0.00588989
0.047699
-0.02211
0.0259705
-0.128769
-0.438309
-0.558273
0.0332947
-0.188507
-0.383469
-0.668991
-0.269409
-0.325119
-0.152924
-0.0875854
-0.106781
-0.100494
-0.0425568
-0.0539703
-0.0806122
-0.0934143
-0.123734
-0.141037
0.0525208
-0.00621033
-0.0667725
0.0236969
0.164825
0.263123
0.600906
0.715149
0.597565
0.420883
-0.139862

[16]
0.489929
0.0728302
-0.0451202
0.0294189
0.114853
0.0249329
0.104126
0.00984192
0.0144501
-0.0314941
-0.0425415
0.03302
0.0827026
0.0553131
0.0128632
0.00132751
0.0384064
0.0612335
0.0767365
0.0714569
0.0367432
0.0382996
0.041687
0.0463409
0.036972
0.0327759
-0.0178528
-0.0176849
0.0308533
0.0203705
-0.347061
-0.386795
0.00631714
-0.220428
-0.488098
-0.553329
-0.312653
-0.26738
-0.185486
-0.151581
-0.181015
-0.168747
-0.161057
-0.0964508
-0.147629
-0.162003
-0.136017
-0.0399628
0.00492859
-0.0533295

[17]
-0.0298767
0.122757
0.108994
0.174103
0.608566
0.951294
0.883545
0.507111
0.303833
0.503815
0.082077
-0.222397
0.0666046
0.226898
0.0649414
0.122482
0.0521698
0.0213013
-0.0355988
-0.100189
0.034256
0.0615845
0.0418854
-0.00456238
0.0150604
0.105972
0.111206
0.101257
0.0487671
0.0524445
0.0603485
0.0773468
0.00907898
0.0850983
0.0717773
0.00709534
-0.0807495
-0.0978546
-0.218765
-0.870087
-0.169922
0.0742035
-0.425903
-0.584427
-0.468918
-0.278549
-0.272522
-0.108002
-0.0563202
-0.101257

[18]
-0.0681
-0.0965729
-0.0559082
-0.0921021
-0.0678558
-0.046875
0.166458
0.289917
0.278687
0.261047
0.237198
0.204971
0.378418
0.704407
0.656876
0.333542
0.0796661
0.472443
0.317703
-0.133163
-0.0426025
0.147659
0.0604401
0.0810242
0.104218
0.0312653
-0.00489807
-0.106262
-0.0059967
0.0486603
0.0657043
0.0400085
0.000656128
0.0145569
0.0728912
0.0996246
0.0378876
0.0190887
0.0393372
0.0449982
0.0635834
0.0440216
0.0581207
-0.0252228
-0.0829163
-0.118271
-0.310852
-0.621674
0.0522156
-0.082077

[19]
-0.245392
-0.907822
-0.567612
-0.34259
-0.152222
-0.0914307
-0.068924
-0.105148
-0.0487518
-0.0685883
-0.0776215
-0.0725098
-0.22876
-0.0977936
0.0484467
0.0777893
-0.124573
-0.191269
-0.285599
-0.197739
0.232513
0.426544
0.680252
0.713333
-0.119339
0.575821
-0.268997
-0.212875
-0.139908
0.165466
0.211975
0.167831
0.0125885
-0.0395966
-0.0156403
-0.0951538
0.0476532
0.141022
0.0326385
-0.0607147
-0.0509949
0.074646
0.10553
0.0805664
0.058197
0.0348663
0.0339813
0.0245056
0.0522003
0.0802917

[20]
0.0368805
-0.0388947
-0.0711365
-0.153442
-0.429169
-0.385284
0.316498
-0.389938
-0.442184
-0.389023
-0.285233
-0.165497
-0.0509949
0.0129852
-0.0600433
-0.0126953
-0.0222168
-0.11937
-0.219559
-0.220566
-0.217392
-0.0913239
-0.00038147
0.00842285
0.0492249
0.179184
0.207169
0.2379
0.656998
0.804184
0.739868
-0.0209198
0.320465
0.129715
-0.232376
0.0609894
0.0246124
0.102493
0.178452
0.0111694
0.0122833
-0.0322266
-0.128113
0.0385284
0.101746
0.0816498
-0.0367126
-0.0152588
0.0509644
0.0878601

[21]
0.063324
0.0489655
0.0615082
0.0466919
0.0611267
0.0653381
0.0181885
0.013504
0.0480347
-0.030365
-0.0171509
-0.124405
-0.43689
-0.404739
0.111313
-0.283707
-0.538254
-0.667145
-0.334595
-0.152405
-0.0826721
-0.0807037
-0.156677
-0.120514
-0.0677338
-0.0769196
-0.15033
-0.159698
-0.197433
-0.159607
0.042511
-0.00404358
0.00939941
0.110306
0.021637
0.0847931
0.675415
0.566513
0.719376
0.136108
0.303314
0.519226
-0.182724
-0.0189972
0.0676727
0.103394
0.010498
0.124222
0.104889
0.0200653

[22]
0.00453186
-0.094162
0.00508118
0.0836792
0.101868
-0.00805664
0.000930786
0.0506439
0.0991058
0.0725555
0.0533295
0.0605316
0.0200653
0.0523376
0.0431213
0.0827942
-0.0230103
-0.10408
-0.066925
-0.24971
-0.633804
-0.132431
-0.231857
-0.470276
-0.632477
-0.443466
-0.264923
-0.135864
-0.0590363
-0.087265
-0.00854492
-0.0292816
-0.0549011
-0.162308
-0.142609
-0.0411377
0.129501
-0.000747681
-0.0418701
-0.0320282
0.108887
0.164597
0.427185
0.879196
0.891342
0.713074
0.3396
-0.0112457
0.681
-0.214935

[23]
0.0544739
0.00263977
0.00012207
0.247925
0.116211
-0.0240479
-0.0606537
-0.0892792
-0.0421906
0.131546
0.10321
0.01651
-0.0447693
0.0373993
0.0643921
0.0965424
0.0475769
0.0393524
0.0439148
0.0649872
0.0425568
0.0184631
0.0232391
0.0196991
-0.000640869
-0.02005
-0.0155334
-0.301727
-0.613647
-0.164551
0.0441437
-0.398804
-0.69429
-0.403366
-0.274124
-0.140091
-0.154755
-0.139542
-0.127396
-0.036026
-0.0091095
-0.0522614
-0.0312958
-0.0402527
0.0155945
0.0632477
0.0377502
0.0401306
0.0764465
0.306

[24]
0.360321
0.680786
0.892166
0.651184
0.304092
-0.0425415
0.562622
-0.0586548
-0.18486
0.0646973
0.163055
0.0885162
0.0723877
0.042099
-0.0178528
0.0340576
-0.0559998
1.52588e-05
0.12207
0.106552
0.0144653
-0.0292664
0.0557861
0.0505371
0.0489655
0.0174255
0.0466614
0.0452118
0.0497894
0.0309906
0.0726776
0.0606384
0.0187378
-0.000473022
-0.0448303
-0.177185
-0.647491
-0.207291
-0.0865173
-0.448853
-0.596741
-0.488678
-0.274017
-0.123337
-0.177521
-0.138168
-0.118195
-0.0456085
-0.0479889
-0.114471

[25]
-0.0825958
-0.167374
-0.0795746
0.00274658
-0.0393066
-0.108414
-0.0688782
-0.0127869
-0.0486298
0.256302
0.828629
0.738358
0.731995
0.262329
0.30835
0.394867
-0.430466
0.184036
0.0293579
0.0766907
0.193695
-0.0101471
-0.0022583
-0.0637512
-0.10704
0.0821381
0.110626
0.057312
-0.00393677
0.0203094
0.0783844
0.0566406
0.0346222
0.056778
0.0593262
0.0852814
0.0914764
0.0311127
0.0198364
0.0214844
0.0498657
0.0233154
0.0151215
-0.359299
-0.843872
-0.0294952
-0.266541
-0.49501
-0.637054
-0.375458

[26]
-0.253006
-0.12616
-0.0894165
-0.0888519
-0.0525208
-0.049118
-0.080246
-0.0652618
-0.0378265
-0.10672
0.0270386
0.215195
0.0789642
-0.012558
0.052597
0.0397339
0.333481
0.692169
0.731796
0.561646
0.290359
-0.788696
0.864914
-0.30127
0.282822
0.0347595
0.122391
0.0321198
0.0292969
0.0443878
-0.0317535
-0.0384827
0.0325012
0.0425415
0.0248566
-7.62939e-05
0.0119019
0.0107574
0.0318909
0.0334167
0.0248108
0.0266266
0.0540466
0.0805969
0.0784454
0.116577
0.0441742
0.0189362
-0.019928
-0.0194092

[27]
-0.0906372
-0.385544
-0.556824
0.00738525
-0.0572205
-0.392227
-0.785812
-0.3181
-0.216782
-0.0805969
-0.151825
-0.187531
-0.137711
-0.0340424
-0.0233459
-0.102005
-0.0948639
-0.118851
0.0281982
0.116989
0.0602417
-0.102631
-0.0948944
-0.150543
0.564957
0.803192
0.95726
0.694
-0.0402222
0.666275
-0.0266571
0.0507355
-0.0662689
0.145111
0.209702
0.0630646
-0.0735931
-0.0675964
-0.0864258
0.0842133
0.131851
0.00578308
-0.0517426
-0.0121307
0.0355377
0.0623322
0.0650787
0.0575104
0.0222015
0.0681

[28]
0.0235748
0.0465851
0.0306854
0.115021
0.0621033
-0.100647
-0.0599518
-0.374969
-0.986115
-0.003479
-0.535751
-0.396362
-0.620056
-0.318192
-0.180786
-0.0727386
-0.0829926
-0.105804
-0.0157013
-0.0199738
0.0106659
-0.0650787
-0.0843658
-0.00294495
0.241669
0.244431
0.0257568
-0.104767
-0.0363007
0.11937
0.501358
0.926895
0.308334
0.207474
-0.152954
0.295792
0.232803
0.136398
-0.000915527
-0.0135651
0.158417
0.091156
0.000534058
-0.00375366
0.0158691
-0.107025
-0.000900269
0.0637817
0.0411072
-0.0227051

[29]
-0.0152588
0.0255432
0.0401764
0.0576324
0.056488
0.0428619
0.037735
0.0658722
0.0930634
0.0480194
-0.0116425
0.0493927
0.0230713
-0.0256805
-0.257095
-0.476868
-0.55867
-0.0863342
-0.29744
-0.365189
-0.603378
-0.210587
-0.367508
-0.136612
-0.15744
-0.209671
-0.138458
-0.110916
-0.0720673
-0.124603
-0.15683
-0.113358
-0.00773621
0.0563507
0.0815887
0.0040741
0.173996
0.0761566
0.328201
0.883118
0.945221
0.597321
0.126862
0.480087
-0.386292
-0.113678
0.17485
-0.0114899
0.0453339
0.082962

[30]
0.0177917
-0.0153961
-0.0513306
-0.0586548
0.0756836
0.10257
0.0635834
0.0191498
0.0362091
0.0645599
0.0394287
0.0116882
0.0249023
0.0320892
0.0602264
0.0477448
0.0214691
0.0721741
0.099884
-0.019516
-0.0355377
-0.0437469
-0.302521
-0.745544
-0.188431
-0.0511932
-0.434296
-0.65451
-0.423996
-0.270111
-0.0578003
-0.121887
-0.128616
-0.114441
-0.0622711
-0.0108948
-0.134109
-0.0969696
-0.108154
0.098114
0.139877
0.0758514
-0.0121765
0.194031
0.284668
0.401367
0.818954
0.849609
0.751358
-0.319504

