[1]
-0.0454102
-0.150574
-0.15802
-0.148727
-0.0501404
-0.0735931
-0.0451355
-0.0325317
-0.00608826
0.00959778
-0.00120544
-0.00828552
-0.0115967
-0.0138245
-0.0196228
-0.0444183
-0.040802
-0.0631866
-0.0690918
-0.0767365
-0.132141
-0.204498
-0.304581
-0.27478
-0.345764
-0.534424
-1.01802
-1.08136
-1.01865
-0.907486
-0.553726
-0.506027
0.277237
0.504333
0.461655
0.62941
0.696365
0.710693
0.652725
0.632706
0.531662
0.454544
0.357773
0.146439
-0.0921631
-0.291199
-0.547699
-0.951218
-1.08554
-1.10899

[2]
-0.85289
-0.846619
-0.785904
-0.53363
-0.160248
-0.378799
-0.752899
-0.536026
-0.351807
-0.082077
-0.113083
0.0242004
-0.0566711
-0.0822754
-0.0266571
-0.0158081
0.00909424
-0.0254669
-0.0413666
-0.0257111
0
-0.0168762
-0.0437012
-0.0411224
-0.057251
-0.0382843
-0.0658722
-0.0596924
-0.170746
-0.168518
-0.19397
-0.227432
-0.284027
-0.402496
-0.52417
-0.883652
-1.09953
-0.990158
-1.02475
-0.835114
-0.640152
0.205551
0.360886
0.422897
0.578979
0.589798
0.611435
0.608765
0.634323
0.622482

[3]
0.546936
0.444855
0.262802
-0.0433044
-0.318848
-0.762939
-1.06607
-1.1022
-1.13364
-0.937225
-1.06927
-0.438919
-0.0384064
-0.370743
-0.416687
-0.48616
-0.221497
-0.209732
-0.118378
-0.0589447
-0.032135
0.00543213
-0.0492859
-0.0225983
-0.0167694
-0.00012207
-0.00531006
0.0040741
0.0136261
0.004776
0.0106659
-0.014389
-0.0503998
-0.0726166
-0.0977325
-0.0828552
-0.114975
-0.174118
-0.200546
-0.264481
-0.301331
-0.350464
-0.470261
-0.763687
-1.0912
-1.10716
-1.12697
-0.701569
-0.895493
-0.0346832

[4]
0.531082
0.33522
0.545486
0.685028
0.656143
0.649246
0.615829
0.551712
0.503937
0.446671
0.288803
0.0719299
-0.222885
-0.631195
-1.04779
-1.08406
-1.12125
-1.14134
-0.838882
-0.693008
-0.554504
-0.147217
-0.304581
-0.695679
-0.353256
-0.185928
-0.091568
-0.0966187
-0.0338745
-0.035675
-0.014328
3.05176e-05
-0.0267639
-0.0167999
-0.0187225
-0.0510712
-0.0312653
-0.0183868
-0.0068512
-0.0203247
-0.0340881
-0.0219421
-0.0376282
-0.0562744
-0.0812531
-0.130478
-0.186508
-0.272476
-0.28035
-0.311829

[5]
-0.465347
-0.76358
-1.08983
-1.10408
-1.09366
-0.719879
-0.762695
-0.124573
1.08087
-0.0270996
0.357208
0.660385
0.665344
0.62236
0.60611
0.561844
0.489441
0.431702
0.28096
0.0180817
-0.272858
-0.607498
-0.980408
-1.08847
-1.12399
-0.926498
-0.881439
-0.615982
-0.500763
-0.447235
-0.606415
-0.563675
-0.687225
-0.311157
-0.130676
-0.00320435
-0.0105133
-0.0616913
-0.0421753
-0.0419006
-0.0583344
-0.0280914
-0.000823975
-0.00900269
-0.0222015
-0.0232391
-0.0253448
-0.0127563
-0.0169373
-0.0331879

[6]
-0.0505219
-0.0522003
-0.0420532
-0.117096
-0.217178
-0.249115
-0.27655
-0.269897
-0.410538
-0.666794
-1.07899
-1.09856
-1.11578
-0.945755
-0.844528
-0.358688
0.938507
-0.0838623
0.390518
0.692505
0.641327
0.672592
0.630203
0.578033
0.516769
0.415863
0.260757
-0.0136719
-0.235504
-0.527863
-0.853058
-1.07466
-1.10947
-0.943649
-1.054
-0.80159
-0.537048
-0.593445
-0.731247
-0.490204
-0.598755
-0.348022
0.0531921
-0.091507
0.00260925
-0.0522308
-0.0576935
-0.0241089
-0.025589
-0.0285492

[7]
-0.00546265
-0.0111084
-0.0186615
-0.0239105
0.00357056
0.0068512
-0.0242157
-0.0451202
-0.0452423
-0.0473022
-0.0966797
-0.118423
-0.182831
-0.218521
-0.340988
-0.312378
-0.418198
-0.728058
-1.07733
-1.0914
-0.957779
-0.810806
-0.650604
-0.198059
0.970612
0.111145
0.339371
0.619308
0.626541
0.641434
0.619293
0.564545
0.51239
0.439209
0.288254
0.0553894
-0.190475
-0.515396
-0.913986
-1.07176
-1.10403
-0.945999
-0.832611
-0.600449
-0.656509
-0.556976
-0.822281
-0.474167
-0.571945
-0.179291

[8]
0.0573578
0.00813293
-0.00636292
-0.0622253
-0.0710297
-0.0754547
-0.0335846
-0.036026
0.0111237
-0.0101471
-0.0286713
-0.0309296
-0.00411987
-0.0108795
-0.0149841
-0.0312958
-0.0614166
-0.0753937
-0.0690002
-0.107681
-0.162445
-0.26738
-0.2659
-0.288284
-0.383865
-0.615311
-1.07414
-1.08498
-1.0276
-0.939224
-0.754486
-0.196716
1.05025
0.292755
0.489609
0.654816
0.694336
0.693466
0.657837
0.593903
0.507172
0.427002
0.238266
-0.0317841
-0.290085
-0.684799
-1.05437
-1.08882
-1.12341
-0.983292

[9]
-0.740479
-0.881027
-0.314957
-0.420212
-0.51651
-0.574722
-0.524323
-0.3069
0.0750885
-0.0399628
-0.0119476
-0.0799561
-0.0736847
-0.0388031
0.0123901
-0.0120087
-0.02742
-0.0500793
-0.0472107
-0.00921631
-0.000350952
-0.016571
-0.0308838
-0.0234833
-0.0418701
-0.0720825
-0.0840149
-0.120499
-0.2155
-0.211365
-0.275864
-0.349121
-0.432816
-0.843384
-1.0799
-1.09349
-0.889618
-0.716873
-0.627472
-0.0264587
0.959625
0.436371
0.328369
0.604324
0.61026
0.597839
0.585114
0.544235
0.485245
0.409683

[10]
0.188278
-0.107834
-0.376846
-0.762955
-1.06258
-1.09596
-1.06963
-0.850937
-0.621155
-0.500916
-0.665222
-0.0526886
-0.353622
-0.57962
-0.59996
-0.415939
-0.0488892
0.00415039
-0.0176849
-0.0860291
-0.0754547
-0.00224304
-0.0333252
0.00946045
-0.0130463
-0.0212097
-0.0151367
-0.0210266
-0.0250549
-0.0330048
-0.0484924
-0.0482178
-0.0470734
-0.0617828
-0.11351
-0.139099
-0.195389
-0.197861
-0.263657
-0.341949
-0.522446
-1.03229
-1.08658
-0.855865
-1.01906
-0.591461
-0.5
0.238754
0.290756
0.475204

[11]
0.665726
0.693192
0.686707
0.666794
0.627701
0.542526
0.511429
0.315002
0.00720215
-0.240326
-0.661453
-1.04044
-1.06738
-1.09947
-0.886276
-0.827408
-0.686508
-0.40274
-0.438934
-0.371719
-0.436996
-0.499054
-0.18013
0.105835
-0.146805
-0.113266
-0.0741425
-0.077652
-0.0314636
-0.000976562
-0.0342102
-0.0062561
0.00511169
-0.0208282
-0.0113983
-0.0126038
0.00308228
-0.0125732
-0.030365
-0.0370331
-0.0574646
-0.0585175
-0.0818634
-0.146515
-0.181839
-0.295929
-0.315063
-0.323715
-0.579819
-1.0699

[12]
-1.07968
-0.865173
-0.958633
-0.451462
-0.473297
0.511414
-0.0461731
0.410248
0.640213
0.597137
0.634735
0.598282
0.578369
0.509689
0.455673
0.288147
0.0373383
-0.25
-0.607056
-0.946259
-1.07825
-1.11264
-0.986786
-0.717377
-0.77504
-0.260315
-0.409866
-0.597687
-0.443497
-0.422134
-0.224487
0.043396
-0.133194
-0.0496674
-0.120621
-0.0452728
-0.00386047
-0.00837708
-0.0394287
0.00335693
-0.0196686
-0.0302124
0.00244141
-0.0192871
-0.0339661
-0.0282135
-0.0498199
-0.0378265
-0.0628357
-0.07547

[13]
-0.133865
-0.186035
-0.246765
-0.297195
-0.378754
-0.609726
-1.0679
-1.07774
-0.818283
-1.02281
-0.513412
-0.428146
0.732605
-0.12114
0.347122
0.636002
0.604065
0.632172
0.612228
0.592178
0.517532
0.427979
0.25943
-0.0384216
-0.292969
-0.50499
-0.831024
-1.08411
-1.12376
-1.13164
-0.735367
-0.753998
-0.505844
-0.587769
-0.765427
-0.372879
-0.453964
-0.172943
0.0193634
-0.070816
-0.0661621
-0.0744019
-0.0460815
-0.00152588
-0.0351257
-0.000411987
-0.0181274
-0.033783
-0.02034
-0.00950623

[14]
-0.0358124
-0.0355377
-0.0405731
-0.0418396
-0.0553894
-0.0863342
-0.139938
-0.24234
-0.213638
-0.263687
-0.297195
-0.364761
-0.56636
-1.04596
-1.07947
-0.751144
-1.00172
-0.808212
-0.286514
0.856659
-0.157303
0.301956
0.674911
0.59288
0.626144
0.601212
0.591995
0.513138
0.449493
0.25885
-0.0799561
-0.271576
-0.586899
-0.950256
-1.0919
-1.12894
-1.02249
-0.855896
-0.622284
-0.433243
-0.467789
-0.259079
-0.202774
-0.672577
-0.959747
0.114395
-0.115692
0.00219727
-0.078598
-0.0839691

[15]
-0.044693
-0.0267029
-0.0244751
0.0133972
-0.000823975
0.00231934
0.0256348
-0.0224609
-0.0261841
-0.0305328
-0.060257
-0.0576477
-0.07341
-0.0775604
-0.1492
-0.21875
-0.264877
-0.273041
-0.329559
-0.445114
-0.848618
-1.06985
-0.961563
-1.08368
-0.598984
-0.615433
0.0556183
0.594345
0.485306
0.519119
0.640961
0.649231
0.636871
0.603958
0.533798
0.481094
0.347198
0.12822
-0.124619
-0.381088
-0.72995
-1.06302
-1.09715
-1.03682
-0.853134
-0.644974
-0.725235
-0.388474
-0.394714
-0.64473

[16]
-0.427139
-0.38298
-0.0454865
-0.0369568
-0.0351715
-0.0990753
-0.0643921
-0.042923
-0.0190277
-0.0213165
-0.0557098
0.000183105
-0.0289612
-0.0229797
0.00128174
-0.00387573
-0.00592041
-0.0310059
-0.0324554
-0.026413
-0.0364532
-0.070282
-0.109146
-0.124832
-0.179016
-0.242081
-0.296066
-0.35582
-0.498337
-0.955124
-1.0802
-0.975784
-1.09605
-0.632843
-0.580383
0.226578
0.113052
0.483047
0.675018
0.637878
0.678589
0.622467
0.588257
0.542068
0.477936
0.31012
0.0723724
-0.141525
-0.402786
-0.710831

[17]
-0.976608
-1.09166
-0.978867
-0.848007
-0.694885
-0.453247
-0.494476
-0.411179
-0.441986
-0.428604
-0.675705
-0.276733
-0.186218
-0.10231
-0.0229034
-0.110046
-0.0708313
-0.00762939
-0.0215759
0.00364685
0.0337677
0.0175476
-0.00576782
0.0181274
0.0155945
-0.0231171
-0.0494995
-0.055954
-0.0678711
-0.0980377
-0.0997925
-0.145264
-0.176468
-0.255676
-0.31488
-0.299347
-0.378159
-0.626602
-1.06845
-1.08032
-0.855804
-0.901505
-0.814224
-0.250061
0.853012
-0.0107727
0.280762
0.615921
0.621033
0.650162

[18]
0.615448
0.599289
0.525085
0.398071
0.209076
-0.103149
-0.369553
-0.690491
-1.06976
-1.1089
-1.14656
-1.07135
-0.742813
-0.567001
-0.558273
-0.370056
-0.549347
-0.367661
-0.421219
-0.27832
-0.18898
-0.127808
-0.0697021
-0.13916
-0.120193
-0.0250854
-0.00852966
-0.0348358
0.0127106
0.00439453
-0.0124664
0.00289917
0.00463867
-0.00596619
-0.00765991
-0.0519257
-0.0384979
-0.0671997
-0.0968475
-0.136475
-0.202103
-0.210693
-0.257431
-0.303177
-0.41629
-0.627579
-1.07204
-1.08406
-1.00427
-0.772385

[19]
-0.803406
-0.101044
1.00482
0.104095
0.209412
0.674454
0.592163
0.62442
0.563019
0.526337
0.440735
0.365097
0.15744
-0.175827
-0.445831
-0.817505
-1.07184
-1.10641
-1.06
-0.702072
-0.716904
-0.433029
-0.453262
-0.543732
-0.625137
-0.434814
-0.193115
-0.0802155
-0.217087
-0.131073
-0.0370789
-0.0966187
-0.0463257
-0.0168762
-0.00604248
-0.0204163
-0.0198364
-0.0455627
-0.013855
0.0109406
-0.00965881
-0.0244904
-0.0325165
-0.0752258
-0.0424042
-0.0310364
-0.106369
-0.140076
-0.202057
-0.232956

[20]
-0.248138
-0.337769
-0.464645
-0.939468
-1.0775
-0.935287
-0.978241
-0.690384
-0.509857
0.210968
0.288239
0.397186
0.624786
0.626801
0.655945
0.620438
0.571045
0.483597
0.472336
0.317657
0.0748138
-0.134995
-0.449875
-0.937119
-1.07846
-1.11629
-1.08521
-0.80217
-0.811844
-0.559967
-0.503708
-0.67569
-0.43367
-0.311066
-0.245682
-0.0741577
-0.106857
-0.0570984
-0.0192261
-0.0419769
-0.0116425
-0.00515747
-0.0275574
0.00682068
-0.0281525
-0.0386353
-0.0222321
-0.0191498
-0.0260162
-0.0388031

[21]
-0.0411377
-0.0361481
-0.0310974
-0.0644226
-0.0873413
-0.155807
-0.172333
-0.207993
-0.254532
-0.278458
-0.477142
-0.902832
-1.07211
-0.944427
-1.09666
-0.640442
-0.685242
0.0951233
0.394196
0.451096
0.532043
0.655472
0.693466
0.696381
0.646439
0.561676
0.507568
0.349213
0.0990295
-0.197311
-0.509491
-0.940796
-1.08757
-1.12669
-1.00888
-0.737839
-0.539948
-0.959503
-0.277237
-0.227631
-0.311447
-0.768356
-0.520233
0.00987244
-0.048172
-0.0699768
-0.094574
-0.100281
-0.0565338
-0.00563049

[22]
-0.0547791
-0.0164642
0.0255737
-0.00170898
-0.0219727
-0.0122986
-0.0231934
-0.0462189
-0.0523682
-0.062561
-0.0649261
-0.0812073
-0.149368
-0.151245
-0.194473
-0.265442
-0.310379
-0.436295
-0.700867
-1.06822
-1.08046
-0.897614
-0.528992
-0.505463
0.154449
0.319733
0.47554
0.630829
0.591644
0.636383
0.615768
0.594818
0.527863
0.414276
0.179825
-0.0523987
-0.312973
-0.617752
-0.845108
-1.02971
-0.973633
-0.875351
-0.917068
-0.407288
-0.456161
-0.583572
-0.588257
-0.498657
-0.465469
-0.225342

[23]
0.104599
-0.0659637
-0.175659
-9.15527e-05
-0.0948639
-0.0345001
0.0187531
-0.0228577
-0.0163116
-0.0213013
-0.026062
-0.0370331
0.00105286
-0.0231171
-0.0322266
-0.038559
-0.04039
-0.0379486
-0.0446167
-0.0910339
-0.107941
-0.140732
-0.184845
-0.246368
-0.29335
-0.396637
-0.704041
-1.06293
-1.07405
-1.04047
-0.767838
-0.698135
-0.245697
1.15131
0.202637
0.456772
0.680984
0.667084
0.681808
0.670563
0.587067
0.552216
0.418671
0.167419
-0.116119
-0.380554
-0.662949
-1.04877
-1.10326
-1.12595

[24]
-0.973679
-0.760437
-0.660812
-0.454468
-0.322464
-0.525223
-0.504395
-0.269394
-0.0731201
-0.0123291
-0.166336
-0.156494
-0.0485687
-0.0386353
-0.0162201
-0.0271301
-0.0258331
0.0178223
-0.00947571
-0.00898743
-0.00552368
-0.00926208
-0.0191803
-0.0270233
-0.0101471
-0.0605164
-0.0761566
-0.0970764
-0.097702
-0.131912
-0.225906
-0.265793
-0.273773
-0.398331
-0.628525
-1.0638
-1.0731
-0.945679
-0.980164
-0.541367
-0.350067
1.07922
0.0216217
0.435349
0.671906
0.658035
0.678467
0.652985
0.5625
0.480438

[25]
0.385757
0.216812
-0.000350952
-0.214447
-0.526077
-0.944153
-1.0872
-1.12277
-0.912018
-0.759903
-0.528076
-0.662659
-0.431534
-0.686279
-0.369614
-0.289627
-0.254837
-0.0341797
-0.136459
-0.0368652
-0.0688324
-0.0700531
-0.0262299
-0.00765991
-0.0108795
0.00338745
-0.0352478
-0.0188293
-0.0175476
-0.013031
-0.0166473
-0.0404358
-0.0412445
-0.0185242
-0.0738373
-0.0572205
-0.120819
-0.150269
-0.204422
-0.278427
-0.362747
-0.439011
-0.793015
-1.06448
-1.07501
-0.939545
-0.615158
-0.637177
0.164154
0.398575

[26]
0.52742
0.533356
0.605713
0.670471
0.658844
0.620041
0.569427
0.484406
0.353394
0.138977
-0.14415
-0.391968
-0.768875
-0.991226
-1.05678
-1.07512
-0.920914
-0.702087
-0.792313
-0.331238
-0.417313
-0.662766
-0.547546
-0.372849
-0.271164
-0.0771332
-0.101074
-0.0290833
-0.0817871
-0.0345764
0.000137329
-0.0266113
-0.0131836
0.00462341
0.000106812
0.0132904
-0.0131683
-0.0146942
-0.00808716
-0.030899
-0.0379639
-0.0635681
-0.0744934
-0.0914917
-0.116577
-0.117905
-0.219574
-0.254913
-0.30188
-0.436813

[27]
-0.814407
-1.06339
-1.0699
-0.967041
-0.705505
-0.664062
-0.160156
0.812515
0.281418
0.410721
0.636841
0.656342
0.675156
0.636078
0.561386
0.501282
0.33699
0.0194702
-0.210648
-0.529617
-0.853119
-1.07544
-1.11104
-1.145
-0.979446
-0.568451
-0.532333
-0.726273
-0.876083
-0.367142
-0.460373
0.191299
-0.0650024
-0.025238
-0.0288696
-0.0679474
-0.0293274
0.0218964
-0.0365143
-0.0731354
-0.0558929
-0.0293274
-0.0010376
0.00521851
-0.0186768
-0.0134583
-0.0270233
-0.0643158
-0.0572357
-0.100098

[28]
-0.146683
-0.154922
-0.217133
-0.288147
-0.327805
-0.430984
-0.740433
-1.06801
-1.08049
-0.922409
-0.67981
-0.628098
0.12233
0.782684
0.529739
0.536957
0.652832
0.686188
0.680191
0.640854
0.560135
0.437393
0.257629
-0.0476379
-0.317307
-0.61116
-1.00781
-1.08086
-1.09059
-1.02635
-0.752975
-0.50589
-0.797729
-0.0984344
-0.436462
-0.344269
-0.44426
-0.22525
0.106628
-0.138062
-0.0701599
-0.0582733
-0.0454407
-0.0163727
-0.0198364
-0.0244751
0.00337219
-0.0169373
-0.0311127
-0.0045929

[29]
0.00769043
-0.00166321
-0.0261536
-0.0484161
-0.0436096
-0.05867
-0.0592957
-0.0938721
-0.125
-0.190598
-0.240738
-0.277634
-0.375473
-0.497147
-0.936203
-1.0686
-0.920715
-1.07677
-0.585663
-0.49086
0.271667
0.113312
0.433044
0.778091
0.686722
0.738068
0.682068
0.659103
0.583374
0.45079
0.248444
-0.0288696
-0.315613
-0.580078
-0.963669
-1.09596
-1.13127
-0.918594
-0.744614
-0.508484
-0.419312
-0.483978
-0.575439
-0.401031
-0.46373
-0.4142
0.0699615
-0.0829468
-0.0154572
-0.0417633

[30]
-0.0348816
0.00616455
-0.0230865
-0.0127106
0.023941
-0.00120544
-0.00769043
0.00134277
-0.0180511
-0.0167847
-0.019928
-0.0340729
-0.0459747
-0.053772
-0.0662079
-0.113312
-0.177902
-0.195862
-0.305023
-0.275528
-0.417343
-0.674881
-1.05649
-1.06758
-1.082
-0.849945
-0.443375
-0.127274
1.18726
0.0947876
0.426407
0.781952
0.746292
0.735611
0.697433
0.635193
0.526733
0.397598
0.13089
-0.126068
-0.361252
-0.706177
-1.05992
-1.07202
-0.945892
-0.826874
-0.53894
-0.345306
-0.448883
-0.634888

