[0]
1.3345
-1.71899
-0.58223
-0.268692
-0.56871
-1.07535
-0.755417
-1.49271
-0.554535
0.698151
0.834915
0.579178
0.784897
1.32471
-0.833542
1.23343
0.716248
0.913254
1.24689
1.24818
1.24411
1.23276
1.21713
1.20941
-2.37204
1.25349
1.27367
1.31488
1.36806
1.41196
1.45036
1.43359
-0.184372
-1.4079
-2.20123
-0.633926
0.122879
0.222748
-0.392273
-0.43956
-0.967636
-0.272934
1.38647
1.0975
0.0313873
0.539917
1.28296
1.22696
-0.38472
1.06512

[1]
1.22014
1.2216
1.21819
1.19868
1.19089
-2.80077
1.22229
1.24969
1.30669
1.37587
1.43187
1.48331
1.5229
0.109711
-1.7226
-2.55748
-0.641891
1.0611
0.169388
-0.320038
-0.61647
-1.29829
0.0891113
1.43451
1.49997
1.07002
1.45586
1.38467
-2.73044
-2.30493
1.19659
1.19402
1.20653
1.22499
1.23355
1.21376
1.20709
-2.65756
1.23297
1.2674
1.34328
1.43588
1.50455
1.59109
1.65488
-0.118576
-2.34088
-2.42509
-1.13287
-0.364609

[2]
0.126907
-0.193558
-0.434372
-1.13875
0.677811
1.48943
1.59196
1.62355
1.37558
-0.428284
1.43971
0.208893
0.568604
1.23915
1.2261
1.22607
1.22037
1.21408
1.21597
1.22804
1.23831
1.27405
1.32971
1.40207
1.47697
1.55588
1.60934
-0.111862
-2.39339
-2.50375
-0.544067
-0.00140381
0.135712
-0.28186
-0.573273
-0.762833
1.50266
1.64435
1.74269
1.58891
1.7126
1.60318
1.48332
-2.6098
1.30768
0.413391
1.24069
1.23341
1.23087
1.2204

[3]
1.22159
-0.253372
1.23073
1.25932
1.31454
1.39212
1.46436
1.54791
1.61908
0.152908
-2.34277
-2.42522
-0.99408
0.217728
0.373611
-0.0740662
-0.565063
-0.871674
0.366013
1.65215
1.77774
1.83589
1.29086
1.74733
1.64267
1.51213
-2.58852
1.32928
1.28188
1.26109
1.25348
1.2458
1.24229
1.24336
1.24576
1.2467
1.27155
1.32571
1.39178
1.46141
1.54321
1.58176
0.319946
-2.36581
-2.45848
-0.630676
0.0579071
0.410004
-0.00239563
-0.325745

[4]
-0.221832
0.497711
1.71031
1.84135
1.88748
1.48883
1.76482
1.67181
1.55284
1.44328
1.36562
1.31828
1.2951
1.28789
1.28093
1.27112
-0.123138
1.2379
1.23489
1.25127
1.29761
1.35265
1.41336
1.47704
1.05363
-0.305115
-2.4608
-2.55406
-0.316452
0.0171661
0.268982
0.0269623
-0.182953
-0.158752
1.24165
1.80325
1.92966
1.96822
1.93288
1.82251
1.66872
-2.46397
1.43721
0.104218
1.32211
1.30298
1.29425
1.29118
1.28575
-0.22551

[5]
1.2411
1.23402
1.24614
1.28458
1.33241
1.38361
1.4335
1.14738
-0.865097
-2.54825
-2.62605
-1.024
-0.35257
0.800919
0.474075
0.290695
0.187393
1.6196
1.76146
1.85759
1.52431
1.81664
1.71207
1.54613
-2.58885
1.32742
1.28709
1.25517
1.23706
1.23448
1.23654
1.22749
1.20898
1.19679
1.2054
1.23224
1.27521
1.32379
1.36974
1.01097
-1.07292
-2.36687
-1.91479
-0.54538
-0.250427
0.00387573
-0.281967
-0.14296
-0.241348
1.65958

