[0]
-1.78661
-0.0959473
-0.198715
-0.474686
-0.201736
0.431885
0.718933
1.91158
1.98375
2.03662
2.08142
2.0666
1.98132
-2.16628
-2.25087
1.34744
1.62444
1.09518
0.759109
0.256073
-0.412186
-1.81361
-2.50513
0.479111
1.49919
-2.07578
-2.16486
-1.13583
-0.832642
-2.29796
-2.53877
-2.3233
-1.17386
-0.877487
-0.272079
-0.197968
-0.785583
-0.635452
-0.175125
0.84375
1.9541
2.05223
2.1203
2.1647
2.12131
2.02208
-2.06024
1.82729
1.73772
1.65112

[1]
-0.219025
-0.74411
-1.52148
-2.4623
0.993973
1.56647
-2.50081
-2.54759
-0.933273
-0.945328
-2.78897
-2.84995
-2.87877
-1.58128
-0.955322
-0.0939331
0.11377
-1.7314
0.455566
-0.785645
0.387894
2.1097
2.21011
2.31146
2.40971
2.40123
2.28955
-1.84981
1.34996
0.991821
0.655121
1.69675
-0.00495911
-0.226852
-1.79137
-2.48238
1.55489
1.55078
-1.83939
-2.55299
-0.432404
-1.019
-2.84499
-2.91113
-2.93848
-2.00726
-0.921967
-0.094574
-1.11751
-1.01642

[2]
-1.15382
-1.12895
-0.36322
1.36996
2.20453
2.31905
2.43427
2.47093
2.39986
0.122345
2.18605
1.83406
1.91621
1.80374
0.784393
-1.00053
-2.3943
-2.40688
1.58937
1.51657
-1.78699
-1.53587
-1.02574
-2.00208
-2.83801
-2.89584
-2.92255
-1.81451
-0.826736
0.341812
-0.636444
-0.0570526
-0.641785
-0.614166
0.156418
1.78026
2.21725
2.34113
2.48572
2.50992
2.44911
2.33835
-1.77621
2.12543
-0.459869
1.7233
1.02585
0.738876
-2.12971
-2.34805

[3]
1.65858
1.59216
-2.14981
-1.78761
-0.365875
-1.683
-2.80794
-2.88463
-2.92336
-2.24437
-1.67313
-0.350571
-0.900528
-0.62558
-0.520477
-0.991608
-0.728561
0.737015
2.03903
2.27608
2.41899
2.52132
2.49406
2.42273
0.562057
-1.76619
2.14192
1.88037
1.90253
1.06805
-1.25562
-2.30499
-1.27896
1.67792
0.839828
-1.31795
-0.891602
-0.377075
-2.19403
-2.80879
-2.88477
-2.9209
-1.88416
-1.33835
-0.236786
-0.570953
-0.522888
-0.423309
-0.731781
-0.813843

[4]
0.495071
2.19711
2.29419
2.44894
2.51839
2.4761
1.97412
-1.06337
1.00502
1.52473
-0.655167
0.0423889
0.30867
-2.2769
-2.31285
1.14241
1.66904
-2.11449
-1.22499
-0.60495
-0.641312
-2.45268
-2.78029
-2.84584
-2.88028
-1.71027
-0.711853
-0.0696259
-0.479843
-0.188614
-0.605759
-0.832535
-0.731705
0.789398
2.2524
2.34026
2.47472
2.49928
2.45128
2.37868
1.19942
2.25435
-0.775574
-0.31459
1.12032
0.487976
-2.12364
-2.22388
1.73607
1.74704

[5]
-1.59013
-1.08574
-0.704132
-0.778915
-2.40576
-2.74236
-2.80954
-2.82953
-1.90776
-0.200851
0.185379
-0.85376
-0.533844
-1.45863
-1.10397
-0.503296
1.21585
2.27708
2.35091
2.46674
2.49553
2.43773
-0.15625
2.29857
2.18011
2.05745
1.41841
-0.123627
-1.45264
-2.19229
-2.19643
1.78929
0.957977
-1.07455
-1.38
-0.833542
-2.06215
-2.54027
-2.76192
-2.75826
-1.46059
0.0645599
-0.0382385
-0.310074
-0.0634918
-0.474487
-0.290421
0.380219
2.13394
2.26186

