[1]
-0.661789
-0.661789
-0.0453339
-0.0497284
-0.046524
-0.0510712
-0.0586243
-0.0556488
-0.0510254
-0.0864563
-0.0970306
-0.110001
-0.149155
-0.235611
-0.186096
-0.272827
-0.384476
-0.54924
-0.907608
-1.04321
-0.763428
-0.615173
-0.35434
-0.106522
0.582184
0.318619
0.659683
0.731216
0.811768
0.786942
0.698303
0.644165
0.568375
0.441818
0.21196
-0.00543213
-0.309967
-0.531952
-0.694763
-0.717514
-0.678696
-0.610123
-0.51593
-0.44606
-0.335037
-0.369232
-0.300262
-0.154343
-0.244507
-0.326355

[2]
-0.185089
0.0200806
-0.139847
-0.408951
-0.463562
-0.295898
-0.102783
-0.0519409
-0.0586395
-0.0583801
0.0135956
0.00543213
0.00236511
0.00427246
0.0247498
0.00462341
0.0765839
0.0630646
0.0938263
-0.0126343
-0.047287
-0.059494
-0.0466309
-0.0365143
-0.00907898
-0.0509644
-0.019104
-0.0437012
-0.0463409
-0.0584412
-0.0370178
-0.0737152
-0.0995941
-0.102936
-0.161072
-0.183487
-0.211487
-0.355301
-0.520279
-0.727005
-0.883698
-0.788818
-0.712723
-0.633713
-0.390549
-0.190063
0.184082
0.410339
0.247101
0.524033

[3]
0.54808
0.621475
0.628082
0.594498
0.534775
0.487274
0.327591
0.0483704
-0.163162
-0.440292
-0.666733
-0.77478
-0.863831
-0.819916
-0.712952
-0.63002
-0.435699
-0.299072
-0.185257
-0.213104
-0.265182
-0.286575
-0.0884399
-0.494644
-0.401108
-0.180466
-0.0589447
0.0643921
0.00697327
0.050705
-0.0600891
-0.0781403
-0.00935364
-0.0137939
-0.0250702
-0.0269928
-0.00439453
0.00660706
-0.0161896
0.00109863
-0.0195007
-0.0055542
-0.00834656
-0.0158844
-0.0498657
-0.066391
-0.0381927
-0.0470734
-0.075119
-0.105515

[4]
-0.182083
-0.205307
-0.225128
-0.233353
-0.315979
-0.395309
-0.563416
-0.822983
-1.03394
-0.819916
-0.875214
-0.560165
-0.485565
0.224792
0.442245
0.23558
0.658966
0.579758
0.634323
0.59906
0.569977
0.526108
0.455933
0.292206
0.0785065
-0.122864
-0.31488
-0.480408
-0.557877
-0.665421
-0.655579
-0.682266
-0.726273
-0.611969
-0.367126
-0.363083
-0.248047
-0.118851
-0.464645
-0.216736
-0.463669
-0.359756
-0.247543
0.0982208
-0.0172424
0.00691223
0.0315247
-0.0520172
-0.0699768
-0.0114136

[5]
0.0428925
-0.0116577
-0.0789948
-0.0540161
-0.006073
0.00949097
-0.0323944
-0.035202
-0.0352325
-0.0348663
-0.0567169
-0.0562439
-0.0521393
-0.0779572
-0.0998688
-0.116837
-0.131302
-0.203979
-0.246536
-0.27504
-0.316605
-0.438797
-0.614395
-0.872009
-1.04156
-0.956375
-0.96225
-0.518005
-0.430664
0.0890961
0.416351
0.293854
0.627792
0.606232
0.647079
0.631882
0.600342
0.587448
0.512756
0.382904
0.156937
-0.0673676
-0.363541
-0.773819
-1.04562
-1.07127
-1.10829
-1.1413
-0.811813
-0.0999603

[6]
-0.427704
-0.0668182
-0.172562
-0.306061
-0.647202
-0.484039
-0.223907
0.111038
-0.0438843
0.0697632
0.050415
-0.0309448
-0.0495453
-0.0560303
0.0125427
-0.0144958
-0.0370026
-0.0201263
-0.0198975
0.031723
0.0240936
0.0166473
0.00166321
-0.00593567
-0.0189056
-0.0132294
-0.0402832
-0.0512543
-0.106445
-0.134216
-0.147018
-0.233231
-0.20578
-0.283447
-0.304733
-0.437408
-0.737488
-1.06161
-1.0162
-1.02046
-0.747437
-0.418121
-0.0998535
0.672745
0.195419
0.691956
0.633392
0.696487
0.665283
0.615219

[7]
0.56926
0.492844
0.399185
0.175812
-0.0032959
-0.247421
-0.49382
-0.780212
-1.0038
-0.972931
-0.791153
-0.796875
-0.605743
-0.472763
-0.3936
-0.493195
-0.263702
-0.167419
-0.490814
-0.724609
-0.342957
-0.147644
0.0825043
-0.0607147
0.000732422
-0.0501709
-0.0500488
0.0106506
-0.00811768
0.0118408
0.0203857
0.00845337
0.00343323
-0.00271606
-0.00961304
-0.0167084
0.00932312
-0.0479431
-0.0473175
-0.0370789
-0.0504761
-0.0539246
-0.0824432
-0.0802155
-0.0960693
-0.174713
-0.17804
-0.231033
-0.272629
-0.398926

[8]
-0.62175
-0.889938
-1.01537
-0.760452
-0.728378
-0.334747
-0.181259
0.334061
0.317307
0.390198
0.527725
0.573837
0.587875
0.570312
0.557526
0.530075
0.411133
0.254166
0.0437164
-0.130768
-0.33667
-0.57515
-0.795273
-0.926819
-0.867584
-0.772675
-0.655151
-0.436417
-0.48175
-0.389633
-0.526459
-0.238876
-0.564865
-0.559647
-0.358093
-0.150604
-0.0778503
-0.0222778
0.0729675
-0.103394
-0.0851593
0.0447693
0.0210266
-0.0211029
-0.04245
-0.0323029
4.57764e-05
0.00700378
0.0114288
0.000778198

[9]
-0.0101929
0.00357056
-0.0243988
-0.0437317
-0.0755463
-0.0796814
-0.103241
-0.115036
-0.144592
-0.182526
-0.202347
-0.233749
-0.278564
-0.392273
-0.614624
-0.818268
-0.991516
-0.849838
-0.714127
-0.490631
-0.254166
0.480545
0.182831
0.517548
0.654465
0.660416
0.669968
0.639496
0.619293
0.548691
0.497314
0.334381
0.152206
-0.0832825
-0.330917
-0.603302
-1.01172
-1.10939
-1.14397
-0.894699
-0.621094
-0.395065
-0.506729
-0.248337
-0.427994
-0.218399
-0.616333
-0.460037
-0.167831
-0.156113

[10]
0.0144348
-0.00624084
-0.0374908
-0.093811
-0.0513611
0.0150299
-0.0254364
-0.0320435
-0.0106049
-0.00732422
0.0225525
0.0140381
-0.00202942
-0.0206757
-0.0198669
-0.0358887
-0.0256958
-0.0734711
-0.0914917
-0.0823364
-0.121414
-0.114594
-0.211182
-0.199203
-0.233521
-0.32193
-0.466537
-0.73822
-0.938263
-1.05933
-0.846848
-0.680054
-0.37767
-0.119537
0.809219
0.188797
0.710968
0.666595
0.691635
0.695541
0.643387
0.588516
0.49202
0.39299
0.125977
-0.0732574
-0.319626
-0.651505
-0.958496
-1.08875

[11]
-1.1288
-1.07422
-0.913834
-0.57283
-0.41098
-0.293671
-0.334473
-0.156479
-0.61998
-0.463135
-0.305908
-0.260269
-0.0256653
0.0508728
0.0845795
-0.0684509
-0.0880737
-0.00405884
0.0141907
-0.00538635
0.00370789
-0.0182037
-0.00872803
0.011734
-0.0113068
-0.0130463
-0.019577
-0.0285492
-0.0244598
-0.0280151
-0.0394287
-0.0844269
-0.0937805
-0.11586
-0.143295
-0.166489
-0.179398
-0.26741
-0.410965
-0.664948
-1.03647
-1.07535
-1.05145
-0.743103
-0.498871
-0.155136
0.624527
0.261856
0.778549
0.660858

[12]
0.713501
0.711136
0.657974
0.600647
0.529266
0.391434
0.193893
0.0158081
-0.290665
-0.504532
-0.694962
-0.804626
-0.902908
-0.975174
-0.825089
-0.601624
-0.506302
-0.463989
-0.323364
-0.268219
0.0375824
-0.0738525
-0.303391
-0.732025
-0.313492
0.0141602
-0.280792
-0.10704
0.0581818
-0.0193024
-0.0634155
-0.0580444
0.0194855
0.00245667
-0.0233765
-0.0357666
-0.00590515
0.0198364
-0.0134125
-0.0160828
-0.0132446
-0.0326538
-0.017746
-0.0157928
-0.0180206
-0.0901489
-0.0997162
-0.152618
-0.20694
-0.181122

[13]
-0.279587
-0.307297
-0.392853
-0.586182
-0.912003
-1.08484
-0.706528
-0.78064
-0.550385
-0.380341
0.469635
0.130188
0.577774
0.612167
0.649506
0.65007
0.595779
0.567963
0.534073
0.423599
0.212616
0.00234985
-0.189484
-0.350677
-0.531357
-0.655807
-0.676834
-0.77951
-0.857407
-0.747604
-0.574982
-0.465164
-0.418976
-0.389526
-0.13858
-0.376694
-0.820297
-0.389069
0.146317
-0.25177
0.0484924
0.0379791
-0.0429382
-0.03479
-0.0387726
0.0188751
0.0280457
0.0109863
0.00587463
-0.0189514

[14]
-0.020752
0.0172119
-0.0132141
-0.0285645
-0.033371
-0.0328674
-0.00117493
-0.0446625
-0.0852051
-0.114136
-0.113663
-0.123917
-0.202148
-0.222412
-0.290253
-0.380508
-0.505875
-0.756302
-1.06557
-1.10832
-0.776154
-0.66275
-0.459854
-0.12355
0.620468
0.138885
0.622711
0.608063
0.668213
0.67041
0.61879
0.627625
0.578033
0.442841
0.204056
0.00790405
-0.328873
-0.494049
-0.711517
-0.754089
-0.716049
-0.744492
-0.850525
-0.637878
-0.497818
-0.431473
-0.331497
-0.237579
-0.355362
-0.617599

[15]
-0.355011
-0.323242
-0.0210724
0.0171051
0.0160065
0.0238953
-0.044281
-0.0163422
0.00558472
0.0280151
-0.000991821
-0.0190887
-0.0254517
0.00582886
-0.0221405
-0.0314026
-0.0449829
-0.026001
-0.0294342
-0.0506134
-0.0289154
-0.0825653
-0.124802
-0.142685
-0.153641
-0.179993
-0.209702
-0.259735
-0.32103
-0.524612
-0.95636
-1.0609
-0.859619
-0.943802
-0.653748
-0.423462
0.0244751
0.442734
0.211166
0.626175
0.5466
0.634216
0.632431
0.612183
0.594757
0.507309
0.372162
0.177933
-0.0845642
-0.321854

[16]
-0.474548
-0.676651
-0.84227
-0.859482
-1.00603
-0.845261
-0.705948
-0.462921
-0.389435
-0.483032
-0.226074
-0.619003
-0.248947
-0.320389
0.102737
-0.102539
0.00415039
0.045929
-0.0522156
-0.0599365
0.00802612
0.00410461
-0.010025
-0.0469971
-0.0671082
-0.0241394
-0.0102081
-0.0149994
-0.0336761
-0.0238342
-0.0268555
-0.0565186
-0.0490875
-0.0534058
-0.0914764
-0.188492
-0.166641
-0.187363
-0.216232
-0.268158
-0.375656
-0.419342
-0.768555
-1.09909
-1.11467
-0.872406
-0.612381
-0.499924
-0.134064
0.680756

[17]
0.219482
0.698593
0.591248
0.632568
0.616425
0.541718
0.510422
0.437241
0.302582
0.0805817
-0.0971375
-0.348312
-0.541733
-0.675964
-0.847763
-0.939484
-0.95665
-0.839462
-0.667175
-0.5495
-0.403976
-0.414734
-0.21579
-0.254761
-0.652237
-0.209091
-0.13327
-0.115952
-0.137558
-0.00628662
-0.0294037
-0.059433
-0.0183868
0.0340271
0.0370483
-0.00357056
-0.0586853
-0.015274
-0.0050354
0.00354004
-0.015152
-0.023941
-0.00593567
-0.004776
-0.0196075
-0.0377808
-0.0603485
-0.0959015
-0.090332
-0.109818

[18]
-0.189285
-0.246613
-0.229874
-0.315781
-0.41011
-0.65126
-0.950836
-1.08871
-0.774246
-0.690338
-0.307312
-0.182236
0.505981
0.379745
0.404633
0.658615
0.644043
0.674957
0.589264
0.519287
0.530167
0.429443
0.197678
-0.0453949
-0.263046
-0.498184
-0.742279
-0.940506
-0.947571
-0.912109
-0.80307
-0.554245
-0.362411
-0.386215
-0.371552
-0.530518
-0.182785
-0.516357
-0.329483
-0.227127
-0.144257
-0.0239105
-0.0368347
0.0351715
-0.0660706
-0.0328064
-0.000991821
0.00843811
0.00228882
-0.00334167

[19]
-0.00552368
-0.0207214
-0.0107269
-0.00709534
-0.00457764
-0.0196533
-0.00717163
-0.0285034
-0.0337219
-0.0454559
-0.0960388
-0.131241
-0.192032
-0.239777
-0.249741
-0.286743
-0.376602
-0.606674
-1.00435
-1.08824
-0.964996
-0.906128
-0.468811
-0.139069
0.903122
0.274521
0.689346
0.691589
0.659149
0.631104
0.505127
0.476868
0.339554
0.077713
-0.155624
-0.312653
-0.544754
-0.759521
-0.876022
-0.890671
-0.892365
-0.717972
-0.629791
-0.404907
-0.432388
-0.42009
-0.587753
-0.168503
-0.841705
-0.139633

[20]
-0.327103
-0.0541687
-0.0650177
-0.00485229
-0.0329895
-0.0822296
-0.0182953
0.0139618
0.00552368
-0.0288696
-0.0463257
-0.0136871
-0.00250244
0.00840759
-0.0195312
-0.0222778
-0.0209656
-0.0380554
-0.0346527
-0.0107422
-0.0596924
-0.124542
-0.126114
-0.154465
-0.151077
-0.215958
-0.267136
-0.36525
-0.510147
-0.751068
-0.967224
-1.03532
-0.965546
-0.559631
-0.402832
0.0800476
0.617172
0.346115
0.655151
0.65123
0.663071
0.622543
0.597855
0.556625
0.515244
0.393768
0.143417
-0.05896
-0.37738
-0.62912

[21]
-0.888046
-1.08913
-1.12881
-1.15135
-0.813553
-0.608551
-0.488098
-0.374466
-0.213684
-0.526306
-1.00603
-0.401291
-0.109436
-0.139435
-0.0400391
0.082016
-0.0498962
-0.0150146
-0.0294647
-0.0055542
-0.0337372
-0.0407104
-0.0289307
-0.0226135
-0.00297546
-0.00215149
4.57764e-05
0.0139923
-0.0025177
-0.0297852
-0.0416718
-0.0226288
-0.0651855
-0.0993958
-0.128586
-0.182526
-0.222412
-0.248505
-0.310181
-0.438232
-0.708679
-1.05576
-1.06691
-1.06503
-0.847076
-0.522156
-0.13681
0.728745
0.178741
0.656158

[22]
0.761017
0.781921
0.775986
0.734009
0.66658
0.608124
0.522568
0.334579
0.0384827
-0.211975
-0.436829
-0.754761
-0.863602
-0.954819
-1.05888
-1.14757
-0.845764
-0.598007
-0.606339
-0.411453
-0.208893
-0.520645
-0.564987
-0.226395
-0.317856
-0.186539
-0.092041
0.0225525
-0.0574799
-0.0357513
0.010437
-0.0032196
-0.00190735
0.00440979
-0.00227356
0.00119019
-0.00965881
-0.00447083
-0.0189056
-0.0146332
-0.0420227
-0.0324249
-0.0136871
-0.0417328
-0.111862
-0.120651
-0.130203
-0.217178
-0.248901
-0.308594

[23]
-0.375214
-0.611206
-0.937836
-1.06131
-0.67485
-0.785995
-0.438095
-0.280609
0.395569
0.23027
0.50296
0.556976
0.678391
0.657196
0.625839
0.591217
0.539383
0.493759
0.349197
0.117523
-0.0737305
-0.334915
-0.581116
-0.827057
-1.06026
-1.14497
-1.14751
-0.876022
-0.635193
-0.642685
-0.40715
-0.615524
-0.309982
-0.851395
-0.282349
-0.343536
-0.0547638
-0.126938
-7.62939e-05
-0.0732269
-0.0847626
-0.0562744
-0.00387573
0.0101624
0.0266113
-0.029953
-0.0379944
0.00163269
0.00746155
-0.0216217

[24]
-0.027298
-0.00462341
-0.0167694
-0.0357208
-0.0501404
-0.0534668
-0.1436
-0.104218
-0.156326
-0.204071
-0.24588
-0.306107
-0.381042
-0.529007
-0.902466
-1.06731
-0.83313
-0.882339
-0.503189
-0.364624
0.390656
0.327042
0.455994
0.731216
0.713959
0.773315
0.751511
0.657959
0.614609
0.557144
0.365967
0.0220795
-0.205994
-0.584106
-0.834076
-1.02342
-1.03912
-0.9375
-0.888168
-0.714142
-0.523315
-0.369522
-0.442642
-0.299683
-0.102051
-0.652008
-0.730103
-0.246048
-0.0909424
-0.303925

[25]
-0.052948
0.0749512
-0.0925446
-0.0466309
-0.0163879
-0.0116577
0.00921631
-0.0117188
-0.0417328
-0.0234985
0.0042572
-0.00404358
-0.0348358
-0.0206146
-0.0169525
-0.0198669
-0.037384
-0.0628815
-0.115311
-0.121002
-0.182373
-0.23172
-0.245819
-0.301819
-0.396042
-0.551605
-0.833054
-1.07788
-0.84436
-0.91954
-0.537323
-0.325729
0.201767
0.54924
0.373932
0.713013
0.628189
0.634338
0.580414
0.507278
0.483124
0.394287
0.211716
-0.026123
-0.218384
-0.461044
-0.755478
-0.976913
-1.07657
-0.916199

[26]
-0.742142
-0.569885
-0.437057
-0.552246
-0.40451
-0.514252
-0.175674
-0.619797
-0.283508
-0.17244
-0.245178
-0.0400848
-0.105026
-0.0570221
-0.0684814
-0.0275879
-0.0332794
0.000946045
0.0296783
-0.00276184
-0.0348358
-0.0191345
0.00424194
0.0114594
-0.0171204
-0.0417786
-0.0449371
-0.0433655
-0.0550079
-0.0942841
-0.121567
-0.121445
-0.247513
-0.169098
-0.227402
-0.344742
-0.475571
-0.796005
-0.935669
-1.0746
-0.847794
-0.703522
-0.319305
0.026886
0.679871
0.197021
0.507477
0.721375
0.648956
0.643005

[27]
0.613464
0.550507
0.501724
0.359436
0.0926666
-0.183838
-0.466339
-0.673538
-0.828613
-0.966248
-0.98259
-0.867432
-0.661026
-0.535812
-0.450516
-0.500336
-0.283707
-0.408401
-0.316116
-0.788742
-0.254578
-0.252258
-0.0519867
-0.101379
-0.024292
-0.0760345
-0.0492401
-0.0127716
0.02005
0.0212097
0.0158234
-0.0252686
-0.0258179
0.0208588
0.00335693
-0.030365
-0.0272827
-0.043457
-0.0243073
-0.0162964
-0.0686646
-0.106247
-0.132568
-0.145538
-0.20134
-0.226654
-0.286316
-0.422638
-0.62677
-0.890656

[28]
-1.0746
-1.00346
-0.978867
-0.521088
-0.317276
0.547272
0.131638
0.687012
0.690521
0.703018
0.68454
0.619797
0.566742
0.525299
0.415527
0.159042
-0.106247
-0.323181
-0.52092
-0.679062
-0.737961
-0.74678
-0.83989
-0.847061
-0.707397
-0.545319
-0.469147
-0.392441
-0.276871
-0.473373
-0.528336
-0.317154
-0.214935
-0.11644
-0.0390472
-0.00361633
-0.058197
0.00309753
-0.00164795
-0.00952148
-0.00437927
-0.0135345
-0.00582886
0.012619
0.024765
0.00537109
-0.00802612
-0.0377808
-0.0487366
-0.0478516

[29]
-0.0417633
-0.0330658
-0.108215
-0.138504
-0.162445
-0.260315
-0.288818
-0.302338
-0.382202
-0.561935
-0.888123
-1.07019
-0.960205
-0.95166
-0.509247
-0.319504
0.404053
0.162354
0.546814
0.626892
0.668716
0.688309
0.664734
0.602921
0.578079
0.494476
0.337738
0.0427704
-0.174316
-0.434494
-0.621704
-0.76474
-0.813919
-0.799911
-0.835449
-0.7612
-0.611755
-0.494812
-0.543991
-0.267944
-0.290192
-0.152145
-0.846939
-0.320633
-0.343353
0.0320587
-0.0295563
-0.0296631
-0.0298462
-0.0347137

[30]
0.00784302
-0.0336304
0.000946045
0.000427246
-0.0543518
-0.0523834
-0.0149384
-0.033844
-0.0303192
-0.0259399
-0.0328674
-0.023468
-0.0439148
-0.0771027
-0.103836
-0.136398
-0.213577
-0.258743
-0.251373
-0.308456
-0.37796
-0.453903
-0.743576
-0.933609
-0.954788
-0.95517
-0.614777
-0.311386
0.0876617
0.451309
0.262375
0.59642
0.533447
0.597275
0.563889
0.542587
0.555618
0.506302
0.397858
0.176392
-0.0639648
-0.266342
-0.549103
-0.834152
-1.08762
-1.13133
-1.01422
-0.797409
-0.45517
-0.486816

[31]
-0.522476
-0.851425
-0.425812
-0.601334
-0.355621
-0.00883484
-0.0672913
0.0462952
-0.0162506
-0.0958405
-0.0417328
-0.00146484
0.0237732
-0.044342
-0.0543365
-0.0428314
-0.00935364
-0.0038147
-0.0229187
-0.026123
-0.0279694
-0.0296478
-0.0290527
-0.0500946
-0.0644379
-0.11792
-0.180252
-0.181122
-0.228943
-0.257874
-0.295303
-0.405655
-0.710617
-1.0641
-1.07642
-0.926712
-0.623611
-0.432312
-0.052536
0.668472
0.231537
0.714127
0.657257
0.71637
0.695038
0.646332
0.60083
0.551666
0.44574
0.227173

[32]
0.00471497
-0.228836
-0.469803
-0.747574
-0.986542
-1.06688
-1.05423
-0.894821
-0.652802
-0.54129
-0.478714
-0.447906
-0.399994
-0.568069
-0.561996
-0.406418
0.00218201
-0.184799
-0.0708008
0.0668488
-0.107727
-0.0503235
0.0187225
0.0392303
-0.00282288
-0.0516357
-0.0461121
-0.0167999
0.00115967
-0.0323792
-0.0281067
-0.0243988
-0.0250397
-0.0266418
-0.0168915
-0.0600281
-0.0734863
-0.131668
-0.142609
-0.205658
-0.252563
-0.268494
-0.395233
-0.61615
-0.964615
-1.07024
-0.705505
-0.806961
-0.450134
-0.22551

[33]
0.510132
0.139206
0.589081
0.641144
0.690552
0.695419
0.657745
0.61525
0.596161
0.515839
0.365662
0.136795
-0.106171
-0.37677
-0.616623
-0.849152
-1.03308
-1.04704
-0.967239
-0.778839
-0.71524
-0.561035
-0.453873
-0.624374
-0.345535
-0.891357
-0.35173
-0.258774
-0.0887604
-0.0188141
0.0502625
-0.0641632
-0.0361481
-0.0129242
0.0156097
-0.0368195
-0.0674438
-0.0494232
0.0166931
-0.00473022
-0.00196838
-0.029892
-0.00596619
-0.0102844
-0.0132446
-0.0316315
-0.0174866
-0.0397034
-0.0832977
-0.0917206

