[0]
-0.369949
-0.381195
-0.281143
-0.209442
-0.134415
-0.12355
-0.156586
-0.138855
0.0341492
0.190842
0.248764
0.302078
0.32692
0.400192
0.416641
0.440826
0.47316
0.567413
0.662872
0.695099
0.730286
0.737854
0.732971
0.750961
0.77533
0.762451
0.726257
0.681519
0.551605
0.387909
0.228043
0.0743561
-0.0328064
-0.167664
-0.41301
-0.520065
-0.62175
-0.65242
-0.675186
-0.735748
-0.76033
-0.725403
-0.555939
-0.440109
-0.478271
-0.546722
-0.649643
-0.781189
-0.811707
-0.79924

[1]
-0.733795
-0.715805
-0.670181
-0.569336
-0.439865
-0.378494
-0.297928
-0.261185
-0.212509
-0.158417
-0.158615
-0.133484
0.105484
0.247681
0.207077
0.202774
0.264435
0.355316
0.438736
0.514984
0.612869
0.666382
0.655472
0.665833
0.680573
0.643707
0.646606
0.642181
0.615372
0.607117
0.587433
0.529236
0.571075
0.499405
0.317673
0.0853271
-0.14917
-0.381073
-0.534256
-0.627975
-0.677185
-0.633331
-0.557922
-0.679138
-0.658295
-0.519119
-0.583359
-0.626465
-0.568695
-0.548447

[2]
-0.57048
-0.640411
-0.672256
-0.668732
-0.640732
-0.564316
-0.479523
-0.370483
-0.288971
-0.235458
-0.191544
-0.170547
-0.140808
-0.120911
-0.112167
0.0794067
0.220688
0.252991
0.322464
0.389023
0.416336
0.400024
0.426376
0.480423
0.616287
0.723648
0.73407
0.70549
0.645065
0.582443
0.583694
0.586609
0.566986
0.534042
0.472885
0.395081
0.296783
0.205139
0.107193
0.0131378
-0.0731506
-0.211761
-0.460831
-0.594009
-0.590408
-0.602676
-0.556396
-0.505112
-0.564987
-0.577209

[3]
-0.498978
-0.431625
-0.432724
-0.414337
-0.362152
-0.351257
-0.373505
-0.40744
-0.446579
-0.452591
-0.427734
-0.367828
-0.364609
-0.386322
-0.388367
-0.353653
-0.286697
-0.180511
-0.0931854
-0.0570679
-0.08078
-0.0520782
0.0299835
0.282455
0.266632
0.214813
0.278839
0.305832
0.321091
0.374924
0.423431
0.46701
0.514313
0.518387
0.46666
0.436783
0.453003
0.453186
0.475662
0.495041
0.474503
0.415466
0.332779
0.254059
0.188965
0.137482
0.0624847
0.0139465
-0.169983
-0.446045

[4]
-0.527298
-0.588837
-0.696259
-0.643784
-0.599976
-0.715378
-0.649811
-0.478851
-0.415222
-0.480118
-0.415497
-0.394897
-0.460358
-0.537247
-0.606812
-0.595535
-0.532867
-0.490952
-0.422119
-0.374481
-0.346695
-0.289108
-0.206039
-0.14032
-0.063797
-0.0286102
-0.0812531
-0.114014
0.105835
0.286209
0.19606
0.186356
0.263428
0.313858
0.323685
0.340363
0.412827
0.522491
0.599243
0.604645
0.592728
0.626663
0.625778
0.660645
0.653091
0.591263
0.515503
0.426773
0.329697
0.200073

[5]
0.0894165
-0.00749207
-0.0884857
-0.142166
-0.418976
-0.560593
-0.579803
-0.673355
-0.645493
-0.447205
-0.417206
-0.463623
-0.383179
-0.395233
-0.442841
-0.469086
-0.46814
-0.465317
-0.440369
-0.465683
-0.487671
-0.483078
-0.436859
-0.414078
-0.419815
-0.374527
-0.313202
-0.212189
-0.118378
-0.0599213
-0.0260315
-0.0391235
-0.0644073
0.106598
0.257614
0.265396
0.340454
0.335098
0.305557
0.390366
0.366486
0.422913
0.579224
0.654114
0.680832
0.671661
0.645676
0.615982
0.58667
0.577362

[6]
0.598099
0.567047
0.432449
0.281723
0.154617
0.0393982
-0.047287
-0.148926
-0.22261
-0.339767
-0.594223
-0.613815
-0.562515
-0.59491
-0.581482
-0.576797
-0.647644
-0.603943
-0.507553
-0.443527
-0.442383
-0.469421
-0.505692
-0.577545
-0.636978
-0.649124
-0.605042
-0.529633
-0.445312
-0.362885
-0.28981
-0.207962
-0.137878
-0.0477142
-0.0192719
-0.0078125
-0.08992
-0.0204315
0.221207
0.194031
0.243439
0.336365
0.381119
0.345703
0.331085
0.372253
0.463882
0.543686
0.58519
0.65097

[7]
0.690933
0.60585
0.52951
0.55687
0.586472
0.653107
0.616867
0.508484
0.358063
0.14357
-0.0371246
-0.278641
-0.480789
-0.593521
-0.519257
-0.523849
-0.529953
-0.501663
-0.524857
-0.568161
-0.487595
-0.422913
-0.387665
-0.372726
-0.413208
-0.552261
-0.637024
-0.672668
-0.644638
-0.571701
-0.521271
-0.440216
-0.384155
-0.329437
-0.26387
-0.192917
-0.137009
-0.0878143
-0.0624542
-0.110626
-0.102768
0.0865631
0.216843
0.176514
0.192154
0.251221
0.300705
0.313446
0.350952
0.442505

[8]
0.528198
0.580414
0.650879
0.680237
0.660416
0.651947
0.656189
0.711334
0.66333
0.516586
0.390762
0.265686
0.160126
0.0700684
0.0361328
-0.0905609
-0.271835
-0.394058
-0.515854
-0.586502
-0.642776
-0.740631
-0.773666
-0.76239
-0.695847
-0.640427
-0.604691
-0.615891
-0.614059
-0.607315
-0.598358
-0.60939
-0.596817
-0.540253
-0.486832
-0.444489
-0.377151
-0.302933
-0.232681
-0.158768
-0.123535
-0.191925
-0.216736
0.0378418
0.112183
0.111786
0.224091
0.321838
0.347275
0.35762

[9]
0.35289
0.388092
0.452667
0.556519
0.641113
0.685608
0.67897
0.668411
0.670792
0.634613
0.571869
0.548767
0.504242
0.477097
0.371902
0.237656
0.129913
0.0431976
-0.00389099
-0.115067
-0.353302
-0.491486
-0.512085
-0.551117
-0.570374
-0.544464
-0.586609
-0.601776
-0.486237
-0.365173
-0.378723
-0.360809
-0.428284
-0.509171
-0.566422
-0.60498
-0.561142
-0.446976
-0.386902
-0.364273
-0.3367
-0.30928
-0.255356
-0.18924
-0.122009
-0.0984955
-0.137634
-0.126892
0.123077
0.164993

[10]
0.13559
0.163269
0.209213
0.284653
0.284271
0.329117
0.419067
0.484528
0.529816
0.621964
0.647446
0.651184
0.606613
0.603622
0.575623
0.547592
0.545959
0.508423
0.416061
0.332504
0.205994
0.112091
0.0448914
-0.146469
-0.280258
-0.372818
-0.529648
-0.6716
-0.744476
-0.878204
-0.962799
-0.846527
-0.659363
-0.504837
-0.458832
-0.483688
-0.542572
-0.624512
-0.687988
-0.712738
-0.674393
-0.603958
-0.48735
-0.413498
-0.359528
-0.289581
-0.210129
-0.166931
-0.0941772
-0.119843

[11]
-0.175552
0.0144958
0.0955963
0.123276
0.177719
0.229889
0.281464
0.30658
0.325851
0.402832
0.512436
0.654358
0.766052
0.759415
0.718857
0.719513
0.773346
0.759705
0.686584
0.618973
0.524521
0.404526
0.283646
0.195419
0.120636
0.0530548
0.0280609
-0.20491
-0.441208
-0.446716
-0.517776
-0.62796
-0.647003
-0.694763
-0.764282
-0.705093
-0.547714
-0.528931
-0.535477
-0.512939
-0.564407
-0.603836
-0.619659
-0.670013
-0.658005
-0.600784
-0.579163
-0.525833
-0.467255
-0.400848

