[1]
0.122192
0.0543823
0.418594
0.581909
0.477707
-0.426056
0.0285645
0.0949097
0.315201
0.0885315
0.0663757
0.122223
0.0689545
0.122086
0.115875
0.122986
0.072052
0.0373993
0.0592957
0.0687408
0.0831146
0.102097
0.165649
0.139221
0.181976
0.25824
0.377411
0.613571
0.737823
0.830719
1.05995
1.21957
1.25383
1.22081
1.34096
0.87178
0.462311
-0.167007
0.541229
-0.357132
-0.316147
-0.328033
-0.28595
-0.289825
-0.297653
-0.223526
-0.092392
0.12851
0.53064
1.02289

[2]
1.04747
1.08218
0.934967
0.751221
1.04138
0.601089
0.537994
1.03586
-1.20427
0.261993
0.127716
0.377762
-0.00311279
0.0640411
0.00691223
0.0693817
0.0990448
0.0264893
0.0716705
0.152328
0.144699
0.179688
0.169617
0.253433
0.261993
0.350388
0.622269
0.767227
0.863541
1.15553
1.2061
1.24298
1.29832
0.781052
1.0789
-0.207901
0.141785
-0.645523
-0.318024
-0.345932
-0.217392
-0.247421
-0.146774
-0.000274658
0.258087
0.871368
1.0414
1.08223
1.12531
0.575378

[3]
0.332596
0.527405
1.11858
0.398636
0.574249
0.977081
0.548569
0.292236
0.12471
-0.0374298
0.0585022
0.0581055
0.0322876
-0.00387573
0.0412445
0.0326538
0.137878
0.110535
0.169556
0.16893
0.191162
0.204559
0.467117
0.658173
0.798264
0.963669
1.18318
1.21979
1.26248
1.31714
0.509354
1.17685
0.70433
-0.51709
-0.413101
-0.549942
-0.378311
-0.369125
-0.30632
-0.251633
-0.149353
0.13858
0.737305
1.03824
1.07938
1.12634
1.10771
0.415451
0.628189
1.12558

[4]
0.443375
0.895081
0.696579
0.663345
-0.0108337
0.20784
-0.0262756
0.0691833
0.0322876
0.0181732
-0.0194702
0.0414276
0.0552826
0.0937347
0.0661469
-0.00971985
0.172028
0.287994
0.426147
0.552536
0.752747
0.865326
1.05666
1.15508
1.18729
1.22861
1.28267
0.27179
-0.462524
0.294098
-0.688904
-0.467087
-0.485107
-0.323425
-0.246841
-0.160187
0.0429077
0.334229
1.02231
1.06761
1.12399
1.17679
0.693542
0.564331
0.665131
1.1454
0.182602
1.08682
1.05077
-0.00389099

[5]
0.253494
0.334961
0.00549316
0.0558014
0.0327606
0.0345459
-0.0284882
-0.0188599
-0.0308838
0.0661926
0.126495
0.0630493
0.166916
0.24324
0.397964
0.561554
0.700684
0.830765
1.07683
1.13739
1.16689
1.21021
1.00386
0.411392
-0.383072
0.129349
-0.695801
-0.456848
-0.555557
-0.39209
-0.393448
-0.274567
-0.14772
0.126938
0.731476
1.07623
1.13652
1.19608
0.79834
0.430969
0.800247
0.934036
0.351578
1.09138
0.851303
0.173187
0.285629
0.217056
0.0183105
0.00772095

[6]
0.00193787
-0.0531311
-0.069397
0.0519257
0.0637665
0.0940552
0.0832825
0.072403
0.164444
0.241196
0.549973
0.695068
0.822144
0.986908
1.09906
1.1274
1.16165
1.21085
0.518723
0.102188
0.475616
-0.792923
-0.379791
-0.51828
-0.487823
-0.372192
-0.332092
-0.169586
0.0366058
0.471619
1.06664
1.12483
1.18753
1.23445
0.56604
0.658325
1.202
1.1595
0.996765
0.716476
0.124588
0.173996
0.352875
-0.0174255
0.0539703
0.0228882
-0.00518799
-0.0409088
-0.0776215
-0.0246887

[7]
0.0658112
0.0915222
0.108658
0.202576
0.262527
0.411667
0.584106
0.759674
0.838287
0.961014
1.09538
1.12119
1.15712
1.00401
0.567398
-0.215622
-0.102966
-0.829346
-0.576004
-0.495453
-0.401978
-0.379593
-0.288727
-0.0660553
0.214401
0.867035
1.10179
1.16699
1.22643
0.830734
0.406937
0.740082
0.594238
1.13562
1.12056
1.07739
0.0674744
0.190994
0.19014
0.0167236
0.0427856
-0.0558167
-0.059967
-0.0635223
-0.00485229
0.0428925
0.0528412
0.0843964
0.124008
0.205826

[8]
0.272461
0.447067
0.684982
0.807816
0.888855
1.07181
1.09697
1.1261
1.1711
0.324448
1.23241
0.326035
-0.597214
-0.643143
-0.483017
-0.469955
-0.304901
-0.277557
-0.102951
0.0836029
0.402863
1.02536
1.14899
1.22154
1.28148
0.515305
0.878372
0.846954
0.813019
-0.0944672
1.01837
1.10863
0.382416
0.340851
0.18927
0.0463104
0.103699
0.0394592
-0.0127716
-0.00411987
-0.00744629
0.0551605
0.0528107
0.0372467
-0.0123596
0.0174103
0.204071
0.381149
0.611435
0.741882

[9]
0.845505
1.0564
1.07635
1.09889
1.1265
1.17119
0.255524
-0.518188
0.22139
-0.757797
-0.520905
-0.614304
-0.485062
-0.416016
-0.386215
-0.265564
-0.0919342
0.255051
0.994751
1.1579
1.22878
1.2827
0.53476
0.885635
1.25615
1.08278
1.16031
0.419662
0.256744
0.253998
0.350616
0.048172
0.0198364
0.0118408
6.10352e-05
-0.0825195
-0.0755463
0.0286713
0.0856323
0.0389709
0.021759
0.128586
0.334366
0.311783
0.481033
0.690613
0.753098
0.878601
1.05214
1.07176

[10]
1.097
1.13783
0.501587
1.19753
0.368896
-0.457596
-0.624374
-0.534073
-0.578873
-0.454742
-0.475464
-0.331757
-0.19046
0.0223541
0.664764
1.13654
1.21063
1.27846
0.997162
0.721756
0.893738
1.24062
-0.515289
1.04201
0.566422
0.71434
0.070755
0.289169
0.0250854
0.0535583
0.0461578
0.0294342
-0.00727844
-0.0334015
-0.0449219
0.0314026
0.0861969
-0.003479
0.13063
0.161728
0.308136
0.540833
0.681381
0.806931
0.995514
1.06418
1.08418
1.11247
1.15115
0.161041

[11]
-0.656311
0.368393
-0.757385
-0.479874
-0.600693
-0.554749
-0.430862
-0.42128
-0.256943
-0.0418091
0.431244
1.1169
1.18909
1.26093
1.27104
0.802368
0.705139
0.654602
0.410202
0.700348
1.13847
0.840164
0.260391
0.0641937
0.0326996
0.0848236
0.0946503
0.00396729
-0.0257111
0.0367584
0.0376129
0.084549
0.133759
0.100693
0.135239
0.21283
0.361572
0.592529
0.692871
0.848785
1.04584
1.06241
1.08537
1.12053
0.391159
0.753357
0.102982
-0.0444489
-0.721512
-0.643799

[12]
-0.655869
-0.459259
-0.44397
-0.428314
-0.299652
-0.0212555
0.60585
1.14845
1.22812
1.29782
0.747604
0.99675
1.32054
1.25856
0.610245
1.09756
0.209793
0.207169
0.25737
0.0485687
0.0133209
0.0127411
0.00311279
-0.0344543
-0.0233154
0.0030365
0.0574341
0.0966797
0.0913391
0.23172
0.133728
0.152664
0.463089
0.664337
0.781815
0.908005
1.04457
1.06258
1.08701
0.956833
0.629578
0.253403
0.627213
-0.861862
-0.538071
-0.57457
-0.578049
-0.435898
-0.399765
-0.224442

[13]
0.00134277
0.306198
0.916168
1.17346
1.24808
1.30817
0.734329
0.932159
1.04176
1.23802
0.660156
1.13647
-0.379852
0.570251
0.228134
0.078949
-0.0188446
0.00314331
0.00184631
-0.0725403
0.0489349
0.0686035
0.0239258
0.0550079
0.100754
0.173737
0.22934
0.301743
0.553436
0.697952
0.73941
0.935638
1.05019
1.06943
1.101
1.12674
0.191193
-0.61499
0.0559387
-0.806396
-0.534378
-0.648026
-0.465088
-0.47525
-0.36171
-0.222214
0.101456
0.635635
1.14279
1.22023

[14]
1.29317
1.34332
0.640823
0.70282
0.716995
0.882797
1.19221
0.774734
0.159653
0.289276
0.204468
0.0354156
0.088028
0.04216
-0.0443573
-0.0514679
-0.00849915
-0.00221252
0.0330658
0.0864105
0.16333
0.0900879
0.166595
0.315186
0.599136
0.72641
0.841904
1.03375
1.05037
1.07098
1.10194
0.438095
0.216522
-0.0410461
-0.434052
-0.753036
-0.61322
-0.613586
-0.467026
-0.456619
-0.281616
-0.0632629
0.2043
0.802383
1.16251
1.24039
1.3098
0.771988
0.71463
0.926666

[15]
0.912796
0.500443
1.17484
0.530365
0.0664062
0.369049
0.211807
-0.00701904
0.07724
0.080658
-0.0249023
-0.0400238
0.0523376
0.0351105
0.0364685
0.0258636
-0.0142975
0.108231
0.262787
0.394745
0.568222
0.673828
0.832962
1.03627
1.05365
1.07372
1.10577
0.685608
0.22847
-0.194061
-0.00639343
-0.81572
-0.530716
-0.523102
-0.441833
-0.355316
-0.266861
-0.125854
0.170135
0.78746
1.17117
1.25302
1.32451
0.880234
0.669235
0.924393
1.28958
0.208023
0.856155
1.14908

[16]
0.519379
0.207672
0.391159
-0.0343933
0.0929565
0.0539703
0.00160217
-0.0113983
-0.015274
-0.0275574
0.0823975
0.096344
0.121552
0.127777
0.187729
0.250504
0.513504
0.669601
0.770157
0.92926
1.05077
1.06668
1.0948
0.756393
0.486191
-0.351944
0.0050354
-0.832123
-0.603195
-0.639145
-0.466171
-0.461029
-0.372162
-0.224136
-0.00875854
0.484665
1.14575
1.2202
1.28941
1.05049
0.770065
1.3237
1.26604
0.726135
1.17122
0.267715
0.580841
0.335419
0.259567
-0.0305786

[17]
0.121582
0.0921478
-0.012619
-0.00227356
0.025528
0.0253448
0.112579
0.130844
0.117218
0.106033
0.172607
0.210175
0.488632
0.620544
0.736191
0.93428
1.04524
1.06125
1.08463
1.03134
0.059494
-0.627731
0.0488281
-0.910629
-0.488205
-0.644775
-0.481476
-0.36763
-0.310501
-0.199249
0.0164032
0.42717
1.10751
1.21451
1.29243
1.3499
0.700211
0.860291
0.879074
0.71698
0.127731
1.15128
1.09875
0.397751
-0.0207977
0.319031
0.0456543
0.0750885
0.0709381
-0.0288391

