[0]
-0.0845947
-0.262177
-0.237427
-0.237778
-0.220169
-0.210846
-0.202667
-0.218765
-0.244873
-0.271423
-0.272141
-0.220032
-0.137375
-0.0870514
-0.0709686
-0.0364838
-0.0495605
-0.00639343
0.0252075
-0.0243988
-0.0725861
-0.0482788
-0.0324402
0.0594025
0.139374
0.183121
0.223984
0.326965
0.385559
0.33136
0.262726
0.25499
0.318558
0.419815
0.449051
0.485443
0.505951
0.518753
0.486786
0.442429
0.400665
0.340378
0.261536
0.212509
0.136536
0.0716705
0.00187683
-0.0431213
-0.0533142
-0.0609283

[1]
-0.181992
-0.237534
-0.204697
-0.221909
-0.27243
-0.312256
-0.324066
-0.326309
-0.345627
-0.375504
-0.388657
-0.409531
-0.398239
-0.3815
-0.327423
-0.315277
-0.261963
-0.25679
-0.186813
-0.110916
-0.033371
0.0144043
-0.0045929
-0.0202332
-0.0123291
0.0687103
0.152313
0.228653
0.259308
0.220566
0.319885
0.388306
0.340851
0.264587
0.279999
0.302521
0.382355
0.431107
0.452255
0.504013
0.548401
0.535263
0.480911
0.404678
0.293686
0.23143
0.159988
0.104019
0.0491791
0.00126648

[2]
-0.00769043
-0.0361328
-0.0662842
-0.15715
-0.271255
-0.350479
-0.340958
-0.32756
-0.348434
-0.419312
-0.472763
-0.511642
-0.500244
-0.476471
-0.432053
-0.436234
-0.462021
-0.474045
-0.457916
-0.398941
-0.316864
-0.266769
-0.241074
-0.189407
-0.15097
-0.115997
-0.102921
-0.0492249
-0.0135345
0.0540924
0.0758972
0.0886383
0.223663
0.293427
0.270233
0.366425
0.511322
0.548599
0.472717
0.402191
0.386414
0.440369
0.42807
0.389877
0.370148
0.382996
0.3871
0.375
0.333557
0.293793

[3]
0.26651
0.254333
0.258667
0.225098
0.151794
0.0916901
0.0205383
-0.0297241
-0.0799408
-0.0618896
-0.125473
-0.174957
-0.110184
-0.182587
-0.309601
-0.372177
-0.382339
-0.360199
-0.391266
-0.430862
-0.442551
-0.465317
-0.475937
-0.521835
-0.551361
-0.566681
-0.567963
-0.542603
-0.510773
-0.446106
-0.383224
-0.314438
-0.24353
-0.190643
-0.152756
-0.123962
-0.112518
-0.120636
-0.0932617
-0.0451965
0.0043335
0.207748
0.31134
0.298218
0.391846
0.493301
0.376709
0.320251
0.423935
0.438553

[4]
0.38208
0.379959
0.402359
0.438095
0.431259
0.37735
0.339081
0.307022
0.24791
0.207031
0.16124
0.0937042
0.0263519
-0.0274963
-0.0689697
-0.115646
-0.146057
-0.194595
-0.328003
-0.368652
-0.34404
-0.33667
-0.306976
-0.27327
-0.281158
-0.356186
-0.440552
-0.463913
-0.459869
-0.458252
-0.437027
-0.369537
-0.315475
-0.290466
-0.290222
-0.317596
-0.289383
-0.253586
-0.226532
-0.162903
-0.0778046
-0.0336761
0.0119019
0.0364532
0.0360565
0.0340881
-0.00544739
0.160828
0.279022
0.267471

[5]
0.3181
0.411819
0.423141
0.369476
0.31813
0.323959
0.362167
0.366959
0.370941
0.421783
0.445328
0.448318
0.42691
0.384003
0.34906
0.258987
0.212479
0.150925
0.0683594
0.0389404
-0.0419312
-0.0886078
-0.122513
-0.0610657
-0.071228
-0.204468
-0.307297
-0.330307
-0.379044
-0.395706
-0.381851
-0.400482
-0.469711
-0.493286
-0.468567
-0.500839
-0.520294
-0.552643
-0.503586
-0.44957
-0.406815
-0.369476
-0.329254
-0.291367
-0.231949
-0.16864
-0.11174
-0.0507965
0.0167389
0.0514069

[6]
0.0811462
0.131302
0.0959015
0.209488
0.365128
0.413864
0.457397
0.499756
0.546341
0.461716
0.314453
0.264511
0.325302
0.388214
0.445068
0.480286
0.515167
0.51651
0.46524
0.430145
0.364655
0.302658
0.250427
0.22644
0.117493
0.0521698
-0.00881958
-0.0742645
-0.132385
-0.164764
-0.218964
-0.346176
-0.32048
-0.302292
-0.359879
-0.403305
-0.423111
-0.48848
-0.554596
-0.594299
-0.626938
-0.618774
-0.505325
-0.371521
-0.29158
-0.314758
-0.358887
-0.313828
-0.268448
-0.200577

[7]
-0.151367
-0.0980988
-0.0892487
-0.0495911
0.017868
0.0533905
0.108429
0.169586
0.197891
0.265045
0.375351
0.330902
0.271667
0.358414
0.472977
0.475571
0.388382
0.335999
0.36705
0.412888
0.433945
0.416382
0.400375
0.421539
0.399139
0.366135
0.332809
0.285828
0.241989
0.190216
0.136398
0.0469971
-0.0484772
-0.119873
-0.165665
-0.232437
-0.369522
-0.401993
-0.301514
-0.25061
-0.277817
-0.302322
-0.298721
-0.393555
-0.514267
-0.566803
-0.547531
-0.547516
-0.534149
-0.475266

[8]
-0.416962
-0.361771
-0.340363
-0.31926
-0.297897
-0.263336
-0.237793
-0.207993
-0.152908
-0.088089
-0.0530396
-0.0268707
-0.00245667
0.0318756
0.0860901
0.132965
0.195526
0.200378
0.216476
0.314545
0.391571
0.401306
0.380249
0.342438
0.312241
0.308258
0.331924
0.367569
0.377808
0.367783
0.360504
0.326584
0.287445
0.29538
0.277679
0.22467
0.155609
0.0743408
-0.00791931
-0.0538788
-0.0870361
-0.103806
-0.150452
-0.183044
-0.218613
-0.255127
-0.296066
-0.318649
-0.361481
-0.344009

[9]
-0.350647
-0.35553
-0.36055
-0.348801
-0.368576
-0.378799
-0.38324
-0.37648
-0.352325
-0.340836
-0.298386
-0.282745
-0.253357
-0.239975
-0.202164
-0.142303
-0.124771
-0.0691528
-0.0488892
-0.0213623
0.0138245
0.0237579
0.0742035
0.167145
0.246429
0.328323
0.390503
0.43187
0.3983
0.378479
0.364853
0.35585
0.306931
0.305832
0.330658
0.33989
0.35733
0.32634
0.32695
0.30658
0.273605
0.22142
0.183548
0.121201
0.0733032
0.0199738
0.00968933
-0.00881958
-0.015213
-0.0880737

[10]
-0.154526
-0.156677
-0.198792
-0.301834
-0.342377
-0.312546
-0.32048
-0.366669
-0.436371
-0.45372
-0.456528
-0.460831
-0.441467
-0.407227
-0.371841
-0.351028
-0.319275
-0.263199
-0.207077
-0.162918
-0.120193
-0.100082
-0.0619659
-0.0275116
0.0087738
0.01828
0.0389252
0.0708923
0.0901642
0.242691
0.337997
0.350739
0.402863
0.424942
0.373688
0.278625
0.227875
0.199936
0.22171
0.258591
0.336334
0.403488
0.381912
0.379654
0.393036
0.372467
0.330017
0.287125
0.22261
0.166611

[11]
0.115067
0.0918121
0.0239716
-0.0184937
-0.0645142
-0.107224
-0.185577
-0.196579
-0.15921
-0.251144
-0.330765
-0.354538
-0.373688
-0.393936
-0.428391
-0.433899
-0.424088
-0.440018
-0.431534
-0.423706
-0.420013
-0.400864
-0.387497
-0.351227
-0.295944
-0.263931
-0.211792
-0.177612
-0.137756
-0.0942688
-0.0610962
-0.032608
-0.0287628
0.00204468
0.0302277
0.0810242
0.222565
0.223984
0.196396
0.290619
0.421387
0.428299
0.35582
0.366959
0.380386
0.36731
0.355652
0.329758
0.349243
0.389908

[12]
0.428894
0.400894
0.360168
0.304703
0.27536
0.246384
0.192139
0.117477
0.0652313
-0.00645447
-0.0385742
-0.0314026
-0.0898895
-0.175644
-0.21254
-0.252457
-0.313538
-0.360687
-0.370361
-0.334564
-0.320114
-0.333694
-0.363663
-0.409851
-0.415573
-0.46402
-0.501984
-0.472305
-0.413635
-0.322128
-0.272644
-0.228195
-0.244873
-0.251556
-0.187546
-0.142166
-0.0835876
-0.0469513
-0.0557098
-0.0575409
0.00430298
0.0514679
0.13266
0.228821
0.223465
0.272903
0.43782
0.474564
0.420685
0.387283

[13]
0.375809
0.384079
0.399551
0.379517
0.391098
0.410294
0.426315
0.414566
0.374252
0.324432
0.322449
0.285416
0.228348
0.140991
0.0573425
-0.0211792
-0.0857697
-0.128494
-0.135498
-0.201218
-0.307648
-0.312225
-0.25972
-0.300461
-0.373459
-0.387817
-0.364136
-0.39003
-0.416855
-0.412125
-0.424301
-0.47937
-0.501343
-0.41745
-0.338699
-0.277374
-0.247314
-0.237488
-0.222641
-0.200851
-0.151352
-0.109573
-0.081665
-0.0709839
-0.00382996
0.0726318
0.123428
0.140488
0.266678
0.308121

[14]
0.307877
0.354446
0.449478
0.503952
0.480927
0.456177
0.450623
0.458984
0.421829
0.408264
0.40155
0.421051
0.400986
0.35466
0.305862
0.275406
0.224136
0.15654
0.0732269
0.0112457
-0.0325165
-0.0679321
-0.134689
-0.248306
-0.325256
-0.340881
-0.280319
-0.288879
-0.331268
-0.362213
-0.34375
-0.372299
-0.432739
-0.462708
-0.484726
-0.469788
-0.483383
-0.470535
-0.444946
-0.389023
-0.322968
-0.227493
-0.171234
-0.136108
-0.111267
-0.0881653
-0.0351868
0.00811768
-0.00454712
0.0172119

[15]
0.0670166
0.0851898
0.158676
0.221405
0.201904
0.25145
0.398376
0.432526
0.341995
0.261292
0.235458
0.266296
0.3116
0.317139
0.31337
0.348923
0.348602
0.350784
0.303329
0.270691
0.229645
0.190781
0.13472
0.0964966
0.0434875
0.0045166
-0.0615234
-0.076004
-0.0874939
-0.216614
-0.39621
-0.369232
-0.271973
-0.319122
-0.356339
-0.384689
-0.376953
-0.402542
-0.433365
-0.394287
-0.417542
-0.486816
-0.47876
-0.386292
-0.318314
-0.288345
-0.278732
-0.254669
-0.230423
-0.160782

[16]
-0.107376
-0.0386353
0.0105133
0.00671387
0.0422974
0.0865021
0.113663
0.0875092
0.213089
0.283859
0.28714
0.375198
0.483139
0.502319
0.440994
0.373566
0.371216
0.407074
0.422836
0.417603
0.410995
0.441788
0.432556
0.395706
0.352798
0.321777
0.250824
0.205093
0.131195
0.0899658
0.0308685
-0.0381775
-0.0682678
-0.13797
-0.250244
-0.39267
-0.351273
-0.294296
-0.31131
-0.348328
-0.396942
-0.434814
-0.463577
-0.490204
-0.46312
-0.460205
-0.495804
-0.490219
-0.397705
-0.315765

[17]
-0.233673
-0.211273
-0.18512
-0.165359
-0.126526
-0.092865
-0.0270538
0.0259094
0.00794983
0.0351868
0.075592
0.065567
0.117462
0.22229
0.202957
0.229355
0.352066
0.41481
0.403885
0.334442
0.289459
0.302811
0.335526
0.362732
0.373413
0.375687
0.36171
0.361786
0.327072
0.273468
0.222626
0.185745
0.146774
0.0861053
0.0204926
-0.0459442
-0.068634
-0.0761566
-0.160141
-0.293823
-0.300934
-0.231613
-0.241776
-0.320007
-0.424713
-0.483673
-0.463608
-0.476837
-0.496582
-0.470627

[18]
-0.402191
-0.334991
-0.291153
-0.280655
-0.318619
-0.310669
-0.237228
-0.196594
-0.140732
-0.10878
-0.0894928
-0.0532227
-0.0699158
-0.0192566
0.0879669
0.168701
0.199188
0.291229
0.273285
0.208786
0.245544
0.374771
0.408371
0.361435
0.327209
0.325897
0.355026
0.357269
0.349014
0.318695
0.286392
0.265442
0.287277
0.251068
0.221313
0.195374
0.166611
0.119202
0.053299
0.0151215
-0.0448456
-0.0942535
-0.106506
-0.123642
-0.215286
-0.271774
-0.337158
-0.282822
-0.236816
-0.306549

[19]
-0.384155
-0.355301
-0.326141
-0.344971
-0.367477
-0.34169
-0.358124
-0.346191
-0.362167
-0.338821
-0.291245
-0.231247
-0.186768
-0.140823
-0.113739
-0.0738068
-0.030899
-0.022171
-0.00761414
0.0332794
0.0617981
0.101578
0.126221
0.174454
0.318146
0.299179
0.232147
0.2686
0.336685
0.324081
0.264709
0.250778
0.296646
0.361664
0.381012
0.360565
0.328125
0.331024
0.326996
0.289429
0.270432
0.249756
0.207855
0.162521
0.118179
0.0550537
-0.0137482
-0.0542297
-0.099472
-0.114548

[20]
-0.172653
-0.242584
-0.279678
-0.30368
-0.321228
-0.367386
-0.398315
-0.392883
-0.371231
-0.362701
-0.368652
-0.395447
-0.403458
-0.376526
-0.377792
-0.358932
-0.356339
-0.351044
-0.306641
-0.255859
-0.221436
-0.175354
-0.111801
-0.0594635
-0.023941
-0.0136719
-0.00761414
0.0113525
0.038147
0.112915
0.120331
0.144562
0.249069
0.330475
0.316284
0.26149
0.256134
0.323303
0.36554
0.391312
0.389694
0.396286
0.365341
0.340302
0.307938
0.291
0.2659
0.238281
0.195984
0.155609

[21]
0.116119
0.0911865
0.0337067
-0.0180511
-0.102859
-0.1987
-0.284485
-0.361801
-0.37825
-0.346024
-0.36647
-0.408585
-0.376236
-0.312927
-0.319458
-0.344055
-0.359818
-0.395416
-0.420135
-0.41478
-0.387436
-0.328812
-0.251892
-0.203323
-0.177338
-0.145508
-0.136932
-0.131195
-0.0999146
-0.0782318
-0.0679626
-0.00997925
0.038559
0.0737457
0.13855
0.348572
0.310715
0.209106
0.26033
0.315353
0.34288
0.30162
0.243408
0.257385
0.312881
0.315918
0.296707
0.297073
0.292755
0.29097

[22]
0.245239
0.226151
0.210358
0.218796
0.161026
0.119125
0.138885
0.116852
0.0859985
0.00926208
-0.115952
-0.242859
-0.25441
-0.241699
-0.329803
-0.402588
-0.431671
-0.397415
-0.411057
-0.479675
-0.460464
-0.437653
-0.45726
-0.427917
-0.395279
-0.375076
-0.342972
-0.309128
-0.232681
-0.173355
-0.100449
-0.056366
-0.0339661
-0.0407715
-0.00198364
0.0560303
0.0700073
0.121323
0.0763092
0.0700378
0.132462
0.215744
0.312347
0.365448
0.354813
0.293167
0.212173
0.214462
0.243256
0.301926

[23]
0.308426
0.299683
0.325119
0.335373
0.293671
0.271149
0.226257
0.177582
0.14473
0.100967
0.0558777
0.0113678
-0.0287476
-0.029007
-0.0281219
-0.0731812
-0.240463
-0.240875
-0.185989
-0.210175
-0.346985
-0.431564
-0.408234
-0.384247
-0.402634
-0.390945
-0.353943
-0.379898
-0.415588
-0.406067
-0.349533
-0.253036
-0.186615
-0.185074
-0.162064
-0.146225
-0.123047
-0.0941162
-0.0470581
-0.0230408
-0.0245972
-0.0078125
-0.0700989
-0.115936
0.000595093
0.114426
0.185089
0.304123
0.371033
0.302551

[24]
0.228699
0.233566
0.292389
0.321289
0.314529
0.317108
0.280899
0.266205
0.24382
0.240326
0.208435
0.182999
0.155807
0.0962677
0.107513
0.114487
0.0904999
0.0253754
-0.0220947
-0.0345306
-0.0935516
-0.178696
-0.244858
-0.271179
-0.290756
-0.328247
-0.393509
-0.427017
-0.398346
-0.376419
-0.379745
-0.442719
-0.468048
-0.478027
-0.399536
-0.29567
-0.222824
-0.210068
-0.210236
-0.206055
-0.181946
-0.123581
-0.0817871
-0.0140381
-0.0221252
0.00743103
0.024704
0.0858765
0.136047
0.162079

[25]
0.30777
0.327194
0.21669
0.198456
0.295746
0.353378
0.309967
0.234848
0.239731
0.338669
0.367249
0.333115
0.320038
0.29071
0.269485
0.24408
0.254074
0.225967
0.189667
0.171204
0.131744
0.0471344
-0.0140839
-0.0527496
-0.0594788
-0.10463
-0.153168
-0.256744
-0.36142
-0.286102
-0.255875
-0.285828
-0.31424
-0.335663
-0.400787
-0.46344
-0.513504
-0.527237
-0.50621
-0.392151
-0.28627
-0.261322
-0.320831
-0.320694
-0.277496
-0.189728
-0.140091
-0.114777
-0.093338
-0.0310669

[26]
-0.00314331
0.0338593
0.0488586
0.05513
0.0738068
0.226898
0.381699
0.312515
0.298233
0.426132
0.486359
0.469879
0.37149
0.331131
0.351959
0.389618
0.38678
0.3685
0.314377
0.288696
0.246979
0.214539
0.157028
0.123642
0.0910339
0.0326843
-0.00363159
-0.0178528
-0.0537262
-0.0850372
-0.133835
-0.216721
-0.28241
-0.244507
-0.267014
-0.332779
-0.336258
-0.262756
-0.272156
-0.361801
-0.458862
-0.447144
-0.415558
-0.337692
-0.294327
-0.308609
-0.31456
-0.310013
-0.267471
-0.202393

[27]
-0.164871
-0.101562
-0.0704803
-0.029129
0.0148163
0.0372925
0.0769501
0.111679
0.122818
0.182693
0.343155
0.358017
0.277969
0.311813
0.402542
0.412994
0.33847
0.256042
0.244843
0.286133
0.336914
0.358871
0.38147
0.356339
0.354874
0.330612
0.281448
0.218689
0.144257
0.105515
0.0469055
-0.0479126
-0.102234
-0.104675
-0.111526
-0.128799
-0.240921
-0.275528
-0.255905
-0.305115
-0.352219
-0.386047
-0.395676
-0.427246
-0.405273
-0.378601
-0.407669
-0.435135
-0.448502
-0.411301

[28]
-0.350784
-0.299423
-0.261063
-0.259781
-0.23465
-0.16478
-0.10463
-0.0467834
0.0167236
0.0569611
0.0617371
0.075882
0.115997
0.112717
0.128754
0.281509
0.444702
0.343826
0.279358
0.336441
0.434677
0.441818
0.380554
0.347702
0.361938
0.414368
0.386078
0.3526
0.309509
0.289139
0.241638
0.206848
0.191193
0.153854
0.101242
0.063385
0.00769043
-0.030899
-0.0636749
-0.1595
-0.243637
-0.315994
-0.351578
-0.321686
-0.386917
-0.384903
-0.326431
-0.279739
-0.287949
-0.346527

[29]
-0.407303
-0.435333
-0.458771
-0.445297
-0.379333
-0.298523
-0.253433
-0.23056
-0.219101
-0.193558
-0.165482
-0.120132
-0.085968
-0.0466766
-0.0166321
0.000549316
0.0160828
0.0347443
0.0533295
0.127579
0.251358
0.245331
0.143631
0.223724
0.318253
0.375824
0.360825
0.347809
0.345322
0.379379
0.376999
0.340622
0.323242
0.3022
0.276886
0.261398
0.255005
0.261322
0.213348
0.164383
0.120117
0.0388794
-0.0311737
-0.074585
-0.187714
-0.302292
-0.303329
-0.337433
-0.338089
-0.311356

[30]
-0.329376
-0.391464
-0.487381
-0.537643
-0.541855
-0.477875
-0.413483
-0.329208
-0.277756
-0.270142
-0.282501
-0.257858
-0.206573
-0.163559
-0.109329
-0.0528564
-0.0282288
-0.00650024
-0.0164337
0.0207672
0.0511627
0.0791168
0.0565338
0.107925
0.262253
0.296448
0.291229
0.399216
0.43927
0.377274
0.264694
0.232498
0.264557
0.281586
0.320389
0.292358
0.319901
0.341934
0.333801
0.287491
0.253906
0.216827
0.197327
0.164948
0.0938873
0.029541
-0.0226288
-0.0555115
-0.0960541
-0.151932

[31]
-0.324173
-0.320786
-0.227631
-0.216568
-0.272263
-0.320755
-0.361145
-0.401016
-0.396988
-0.391266
-0.422958
-0.447418
-0.389648
-0.295486
-0.256836
-0.260773
-0.270477
-0.241074
-0.192169
-0.147659
-0.112
-0.0891724
-0.0461121
-0.016449
0.0153503
0.0353699
0.0792847
0.116745
0.133652
0.225525
0.243439
0.223236
0.280121
0.39856
0.398697
0.338608
0.309097
0.307159
0.345062
0.341309
0.336334
0.311417
0.315933
0.313522
0.277527
0.262756
0.236526
0.195892
0.134171
0.0582123

[32]
-0.0205383
-0.0448456
-0.0612793
-0.0934601
-0.148972
-0.214828
-0.312134
-0.327271
-0.337189
-0.426422
-0.475174
-0.482147
-0.429871
-0.372925
-0.347687
-0.360962
-0.387955
-0.358749
-0.311859
-0.254242
-0.248169
-0.214111
-0.181961
-0.144333
-0.122635
-0.0560913
-0.0157166
0.0045166
-0.0423889
-0.0562897
-0.03508
0.0201416
0.123398
0.271011
0.318329
0.250092
0.223343
0.297272
0.357376
0.284256
0.235474
0.23996
0.256699
0.258652
0.210434
0.223343
0.203476
0.213867
0.209351
0.17836

[33]
0.174911
0.149094
0.136383
0.112488
0.0679626
-0.00350952
-0.0635223
-0.083252
-0.109436
-0.136063
-0.155884
-0.24971
-0.251404
-0.243469
-0.251816
-0.339386
-0.383179
-0.3741
-0.292587
-0.252991
-0.311539
-0.365387
-0.359375
-0.322021
-0.241653
-0.201416
-0.193954
-0.206406
-0.194412
-0.165131
-0.126724
-0.0977631
-0.0681152
-0.0693359
-0.0532837
-0.0408783
-0.0150299
0.0150146
0.0843048
0.215744
0.430389
0.324554
0.132782
0.187271
0.307983
0.344269
0.303223
0.252747
0.286469
0.332275

[34]
0.329086
0.289459
0.248047
0.228989
0.220612
0.223175
0.19873
0.189499
0.177704
0.127701
0.0853729
0.019989
-0.0552368
-0.105606
-0.115723
-0.135422
-0.21196
-0.302216
-0.268433
-0.243317
-0.255615
-0.288132
-0.303665
-0.313797
-0.347946
-0.382828
-0.378006
-0.380844
-0.397064
-0.411285
-0.377441
-0.333557
-0.284103
-0.257523
-0.226822
-0.208405
-0.169708
-0.1259
-0.104691
-0.0466461
-0.0424347
-0.0399475
-0.026535
0.0184631
0.0423737
0.184204
0.334702
0.319351
0.218292
0.223038

[35]
0.314819
0.380966
0.380875
0.333603
0.313431
0.329407
0.320724
0.314026
0.29332
0.278839
0.281662
0.271317
0.247864
0.227249
0.202057
0.158478
0.100952
0.0730896
-0.0113678
-0.0630951
-0.113541
-0.144073
-0.187393
-0.227066
-0.22345
-0.27774
-0.306808
-0.324036
-0.370148
-0.421143
-0.437378
-0.410889
-0.346893
-0.326004
-0.296555
-0.279831
-0.260544
-0.248688
-0.252823
-0.202209
-0.177658
-0.136047
-0.0809784
-0.0362549
-0.0574036
-0.0670776
-0.0339508
-0.0152893
-0.0361328
0.103806

[36]
0.234863
0.22139
0.198807
0.287155
0.329147
0.284119
0.201431
0.19873
0.24646
0.298065
0.300476
0.309647
0.285385
0.275391
0.262405
0.217758
0.198425
0.171204
0.124954
0.10408
0.0444489
0.0472717
-0.00888062
-0.0299835
-0.0566254
-0.100647
-0.179352
-0.231171
-0.22171
-0.221268
-0.230362
-0.276367
-0.316803
-0.346024
-0.35524
-0.363861
-0.34993
-0.330734
-0.309479
-0.298813
-0.294647
-0.302948
-0.286026
-0.249786
-0.199081
-0.153854
-0.12439
-0.115112
-0.0473785
-0.0172729

[37]
0.0275574
0.0765228
0.117615
0.108795
0.136917
0.243423
0.301483
0.217514
0.187805
0.213394
0.279083
0.316116
0.342346
0.362701
0.367798
0.376297
0.352631
0.306641
0.248886
0.237793
0.238052
0.194733
0.162125
0.125397
0.0759583
0.0449219
-0.0150909
-0.0591431
-0.0667114
-0.142426
-0.218414
-0.345688
-0.307098
-0.209869
-0.232224
-0.325699
-0.342224
-0.326141
-0.324448
-0.350143
-0.332733
-0.327927
-0.335678
-0.319702
-0.321823
-0.278137
-0.240601
-0.177704
-0.157867
-0.134567

[38]
-0.106491
-0.0628357
-0.0428772
-0.0401001
-0.0453339
0.0101318
0.0270538
0.104279
0.21405
0.341202
0.393692
0.280136
0.216583
0.198853
0.256836
0.292557
0.278091
0.264099
0.28656
0.308517
0.291306
0.258469
0.250153
0.208862
0.196579
0.170319
0.14949
0.118362
0.0883331
0.0354462
-0.00154114
-0.0476379
-0.0871429
-0.113602
-0.198273
-0.328323
-0.34082
-0.330536
-0.364227
-0.382507
-0.361008
-0.347488
-0.35997
-0.401764
-0.459
-0.443756
-0.391479
-0.318604
-0.254623
-0.246277

[39]
-0.241196
-0.229614
-0.191101
-0.137894
-0.0999451
-0.0667572
-0.0143433
0.0353546
0.0749969
0.112366
0.116089
0.0896912
0.143173
0.231293
0.204163
0.172333
0.264801
0.322144
0.33049
0.295273
0.230087
0.191788
0.228333
0.276093
0.271439
0.240036
0.232773
0.221237
0.214325
0.195374
0.170731
0.142136
0.0977631
0.04599
-0.0100403
-0.0545197
-0.0710449
-0.0534363
-0.0629578
-0.162186
-0.22197
-0.165817
-0.167389
-0.270828
-0.337219
-0.359131
-0.393707
-0.413895
-0.381546
-0.372437

