[1]
-0.015625
-0.529282
0.613312
0.215424
0.120193
0.266678
0.0279846
-0.273926
-0.179504
-0.210266
-0.0796967
0.0859222
-0.0209503
-0.0804443
-0.065506
-0.109329
-0.0726776
-0.0697174
-0.153595
-0.184845
-0.146149
-0.0750122
-0.00920105
-0.0182953
-0.100342
-0.134277
-0.0758209
-0.10759
0.0299072
0.133713
0.0574188
-0.147949
-0.3013
-0.471222
-0.779282
0.348785
-0.462875
-0.52977
-0.473358
-0.323425
-0.151382
0.00958252
-0.0315094
-0.0760345
-0.135284
-0.00730896
-0.0442657
-0.145126
-0.315109
-0.405365

[2]
-0.476318
-0.578094
-0.572479
-0.413361
-0.0268097
0.140045
0.0896149
0.430939
0.444778
-0.0887451
1.34338
0.0609131
-0.0393677
-0.315369
-0.100723
-0.255463
-0.0946045
0.147034
-0.0447083
-0.0609436
-0.103378
-0.227112
-0.163025
-0.0442352
-0.0022583
-0.0733185
-0.107941
-0.0233459
0.00872803
-0.0210419
-0.0418243
-0.0662842
-0.075592
-0.0455322
0.121246
0.101456
-0.0236969
-0.586319
-0.898972
0.182816
-0.314194
-0.443481
-0.30954
-0.417236
-0.221161
-0.113297
-0.0254669
-0.0366516
-0.133652
-0.0614319

[3]
0.00598145
-0.0156708
-0.0701599
-0.138443
-0.205353
-0.256638
-0.262253
-0.202042
-0.0652771
-0.0311127
0.102844
-0.18071
0.187515
-0.197693
0.726425
-0.127701
0.328018
-0.696304
-0.00184631
-0.132401
-0.0596313
0.042038
-0.0374146
-0.104996
-0.10675
-0.138245
-0.0265656
0.0411224
-0.053299
-0.136627
-0.115417
-0.0617218
-0.0207367
-0.0622101
-0.0817719
-0.03508
-0.0375824
-0.0493164
0.0948334
0.0596313
-0.163605
-0.322647
-0.662598
-0.469238
0.0400391
-0.519745
-0.641373
-0.798126
-0.371796
0.117783

[4]
-0.0372467
0.0109558
-0.0822906
-0.178864
-0.0830536
-0.0445251
-0.0443878
-0.094696
-0.0140228
-0.187225
-0.099411
0.0430145
0.263168
0.108139
0.352798
0.533966
0.293625
-0.8479
1.12544
0.259995
-0.15416
-0.372177
0.0336456
-0.114426
-0.199707
-0.040741
-0.0333252
0.0251312
-0.0422974
-0.128006
-0.109543
-0.0522308
-0.0492554
-0.0684509
-0.098877
-0.069809
-0.056427
-0.0444794
-0.0577545
0.0248413
-0.0331116
-0.0423126
-0.0363007
-0.00247192
-0.138931
-0.203842
-0.685715
-0.510544
0.184128
-0.288193

[5]
-0.832169
-0.684616
-0.39119
-0.0714874
-0.00140381
0.0765381
0.00498962
-0.122864
-0.0374603
0.0392303
0.0523224
0.0400543
-0.00602722
-0.0620117
0.0528717
0.105637
-0.00143433
-0.255096
0.255112
0.127533
-0.367477
0.266342
1.06967
-0.460312
-0.019928
-0.0574493
0.0709991
-0.311081
0.0735321
-0.00579834
-0.0531464
-0.156158
-0.132874
-0.0263824
0.00419617
-0.0701599
-0.082428
-0.0492706
-0.00805664
0.00106812
-0.0346527
-0.0741272
-0.0201874
0.0407715
0.0107117
-0.0809784
-0.00161743
0.0328217
0.0113983
-0.159073

[6]
-0.732605
-0.258087
-0.0782166
-0.565628
-0.256836
-0.470154
-0.151886
0.0571899
0.111588
0.070755
-0.0187225
-0.0267487
0.0716705
0.0614014
0.0590363
-0.0267334
-0.137115
0.0796356
-0.018692
0.134338
0.053299
-0.098587
0.136841
0.273239
-0.674118
0.661911
0.199203
0.118195
-0.13678
-0.00909424
0.0228424
-0.171646
0.0290222
-0.0629883
-0.0449829
-0.11441
-0.111908
-0.0744324
-0.0544739
-0.0865479
-0.0884552
-0.0530853
-0.0328217
-0.0124969
0.0263519
0.0215149
0.0394897
0.0110168
-0.0192566
-0.0864716

[7]
-0.000457764
0.0856018
0.0405884
-0.476944
-0.675873
0.128067
-0.556335
-0.466614
-0.457901
-0.458145
0.0190582
-0.139069
-0.0168915
-0.094162
-0.113464
-0.0183258
-0.0222321
-0.00582886
-0.145004
-0.247925
-0.0977478
-0.0670929
0.00450134
-0.0975189
-0.0801849
0.289688
-0.128189
0.0581818
-0.311081
1.25328
0.166595
0.129913
-0.537735
-0.0344391
-0.119308
-0.11644
9.15527e-05
-0.0598145
-0.0597687
-0.125031
-0.079895
-0.0065155
0.0185699
-0.00978088
-0.0608063
-0.0886536
-0.0546265
-0.0379028
-0.0114441
0.0120392

[8]
0.0527191
0.114105
-0.00704956
-0.0575714
0.00938416
-0.0383148
-0.089386
-0.468781
-0.422821
0.230392
-0.435364
-0.812927
-0.43959
-0.352524
-0.0552826
-0.112442
0.0085144
-0.0815125
-0.141891
-0.0535583
-0.0199432
-0.0369415
-0.171738
-0.272629
-0.30368
-0.327118
-0.306671
-0.189407
-0.0628662
0.0342407
0.245285
0.490662
0.0777283
0.598831
0.579483
-0.0969238
-0.467514
-0.153702
-0.0589294
-0.0170441
0.113724
-0.0601044
-0.056488
-0.147232
-0.057251
0.0603943
0.0774384
-0.020874
-0.0715942
-0.00758362

[9]
0.0592346
0.0562439
0.00294495
-0.0606689
-0.0159607
-0.0469513
-0.0231323
0.0410919
0.0531464
-0.0312195
-0.168411
-0.849182
0.286087
-0.514664
-0.671799
-0.41452
-0.341202
-0.188995
0.107956
0.104233
0.0425415
-0.052002
-0.0565491
0.0183258
0.0370636
0.014801
-0.0713043
-0.0110321
0.00364685
-0.0514526
-0.171082
-0.194473
0.0447235
0.504059
0.460236
-0.694626
1.12271
-0.0370636
-0.134064
-0.337265
0.0895691
-0.0405579
-0.107224
0.0446167
-0.0862579
-0.0403748
-0.128006
-0.0666351
0.0101471
-0.0233612

[10]
-0.0517426
-0.0403748
-0.00538635
-0.0178833
0.0190582
-0.00491333
-0.00296021
0.0143738
0.0272369
-0.0595093
-0.000167847
0.0254211
0.00050354
-0.0323792
-0.471893
-0.71312
0.258179
-0.678833
-1.0405
-0.314453
-0.429611
-0.302948
-0.0384827
0.191177
0.108093
0.0327759
0.0491638
0.0997162
0.100159
0.081604
0.043869
0.0850525
0.132828
0.00686646
0.343536
0.397202
0.181503
0.38829
-0.183899
-1.20889
0.728943
0.365906
-0.237213
-0.195938
0.0422211
-0.109009
-0.0957184
-0.0400848
-0.0779114
-0.0232849

[11]
-0.0226135
-0.115005
-0.0960541
-0.047821
-0.0446167
-0.0832214
-0.105301
-0.0675964
-0.021347
-0.0320587
-0.0138245
-0.0380554
-0.0129852
-0.0329285
-0.0237885
0.0263062
-0.0227966
-0.102798
-0.349182
-1.04713
0.0373688
-0.0533905
-0.740265
-1.15265
-0.501907
-0.356201
-0.0393677
-0.0247803
-0.0296783
-0.0919037
-0.12767
-0.0422058
-0.011795
-0.0803833
-0.10582
-0.0315552
-0.230545
-0.0869293
-0.103333
-0.168304
-0.194641
0.305008
0.244263
0.478851
0.698654
0.0374146
-0.460556
-0.0830078
-0.0297089
-0.164047

[12]
0.169556
0.127991
-0.0332794
-0.193283
-0.204712
0.0497742
0.0622864
-0.0223846
-0.0789337
-0.0442047
-0.0210419
-0.0199432
-0.0619812
-0.0648346
0.021637
0.0196991
0.00805664
0.0297546
0.0481262
-0.0460968
-0.221603
-0.501099
-0.853973
0.152908
-0.326355
-0.61496
-0.607803
-0.231567
-0.0621185
0.0160217
0.00976562
0.0174408
-0.165848
-0.0722351
0.00819397
0.00671387
-0.104965
-0.238037
-0.282959
-0.2388
-0.418365
-0.512436
-0.314651
0.350174
0.305466
0.359222
-0.112656
1.21867
0.074707
-0.0540466

[13]
-0.669205
0.132034
-0.171371
-0.0940704
0.118088
-0.137451
-0.0992432
-0.211426
-0.0231476
-0.00354004
-0.0442657
-0.0454407
-0.0397949
-0.0281677
-0.00430298
-0.0164642
0.000442505
0.0313873
0.00486755
-0.0637054
-0.0493469
0.0368652
-0.0145874
-0.00132751
-0.432236
-0.481812
0.371323
-0.562561
-0.912415
-0.534149
-0.473892
-0.138779
-0.105438
0.00994873
-0.0702362
-0.157455
-0.155991
-0.142426
-0.123627
-0.156097
-0.19101
-0.271393
-0.213257
-0.173904
-0.0264587
-0.421127
-0.0160522
0.580505
0.58316
0.165085

[14]
0.858673
0.159454
-0.348526
-0.119629
0.172668
-0.291672
-0.0045166
-0.0207062
-0.0253754
-0.0307617
-0.168442
-0.0932007
-0.0543518
-0.0464478
-0.050827
-0.0517883
0.0085907
0.0253448
0.0248718
0.02565
0.0522919
-0.0494995
-0.0959778
0.0545807
0.0257568
-0.041626
-0.353577
-0.744629
0.366714
-0.278549
-0.890533
-0.413498
-0.383499
-0.241913
0.0602722
0.114441
0.0692139
-0.0521545
-0.0618134
0.0261383
0.0305786
-0.058136
-0.133011
-0.241226
-0.215118
-0.136276
0.0281982
-0.298065
-0.0369415
0.341583

[15]
0.38884
-0.379761
1.19748
0.0444489
-0.0806732
-0.383606
-0.108994
-0.061142
-0.207397
-0.0462799
0.0294952
-0.133698
-0.0288849
-0.125031
0.00384521
0.0854797
-0.00364685
-0.077652
-0.0482941
-0.029541
0.00709534
-0.00750732
-0.0645294
-0.0142365
-0.0713806
-0.106735
0.0602417
0.00369263
-0.123489
-0.230545
-0.669662
0.221848
-0.112442
-0.603882
-0.791443
-0.559097
-0.363159
-0.085556
-0.0249023
0.076355
-0.0983734
-0.133408
-0.129944
-0.102829
-0.0215607
-0.0167847
-0.0887299
-0.0223236
0.000137329
-0.00708008

[16]
-0.168259
-0.277267
0.309113
0.627258
-0.226776
0.63002
0.27623
-0.274963
-0.0686646
0.000579834
-0.213043
-0.100037
0.00312805
-0.075943
-0.0452118
-0.0766449
-0.0754242
0.00675964
-0.0307922
-0.084137
-0.103165
-0.0292206
0.0411377
0.0527649
0.0130768
0.0154724
-0.0148773
-0.051712
0.0367432
0.101288
0.0898743
-0.44281
-0.628677
0.387512
-0.270462
-1.10316
-0.69014
-0.473633
-0.176132
-0.108551
0.017807
-0.0872803
-0.175629
-0.146103
-0.0715027
-0.0319366
-0.0940094
-0.0910187
-0.0570374
-0.108215

[17]
-0.216751
-0.45723
-0.453629
0.311951
0.444717
-0.0868835
1.23145
0.126602
-0.147614
-0.628784
-0.160599
-0.00244141
-0.132675
0.0775757
0.088974
-0.132492
0.0286407
-0.105774
-0.0786438
-0.026123
0.0281067
-0.0753326
-0.080246
-0.009552
0.0510712
0.0107117
0.0558167
0.0420837
-0.0629578
0.0526123
0.06987
-0.0562744
-0.110168
-0.356949
-0.514023
0.0132294
-0.376968
-0.494934
-0.464722
-0.315247
0.161102
0.181351
0.157196
-0.0240631
0.00465393
0.0847015
0.0948181
0.102097
0.108398
-0.0642395

[18]
0.312439
0.0145111
-0.134277
-0.407715
-0.333588
0.138474
-0.00178528
-0.89035
1.17148
-0.0936737
-0.102112
0.0548859
0.209518
-0.307861
-0.0272675
-0.00749207
-0.1138
-0.116409
-0.0718231
-0.0372772
-0.117294
-0.140106
-0.0873566
0.0428162
0.0669098
0.0503082
0.0413666
0.0444641
0.0713043
0.0479584
-0.0343628
-0.0685425
-0.0114441
0.0241241
0.0150909
-0.0685272
-0.518768
0.14946
-0.297501
-0.912567
-0.935318
-0.508698
-0.264832
0.0930328
-0.0785522
-0.0993347
-0.119797
-0.182556
-0.141174
-0.132843

[19]
-0.129654
-0.165421
-0.27681
-0.185364
0.0718384
0.213821
-0.418289
-0.0761871
0.883606
0.484039
-0.33548
1.13606
-0.389908
-0.013443
-0.0654755
-0.0499725
-0.153214
0.0213928
0.047226
0.0297852
-0.0196533
-0.112595
-0.00213623
0.000686646
-0.0204926
-0.0844421
-0.0552368
0.0591888
0.0726929
-0.00212097
0.128052
0.109634
-0.011795
-0.0138397
0.0638885
-0.00376892
-0.0617676
-0.406326
-0.668533
0.0541077
-0.327271
-0.675201
-0.509537
-0.22226
0.0668488
0.0744476
-0.000518799
-0.0830078
-0.0922546
0.0542603

[20]
0.0487518
0.0295105
-0.0871124
-0.13002
-0.105011
-0.158539
-0.108963
-0.32692
-0.319092
0.22113
0.337265
0.732101
0.838669
0.0604706
-0.293945
-0.151947
-0.0274048
-0.128632
-0.0306396
0.0675201
-0.0860901
-0.111221
-0.201782
-0.0644989
-0.0259399
-0.0159607
-0.0608063
-0.0108948
0.0899353
0.109619
0.0274658
-0.00811768
-0.00221252
0.0593719
-0.0226746
-0.0157623
0.0543518
0.00537109
-0.15863
-0.254578
-0.760239
0.0918274
-0.202362
-0.681
-0.61322
-0.262985
0.0550079
0.0926666
0.039917
0.0121155

[21]
-0.0428467
-0.0161438
0.0601807
-0.00726318
-0.119537
-0.230942
-0.0579224
-0.0273743
-0.0589905
-0.0870972
-0.249191
0.00250244
0.349213
0.358841
-0.140549
1.2072
0.011795
-0.0501099
-0.254059
-0.198776
0.0180664
-0.0970764
0.104599
0.0216217
-0.143356
-0.117828
-0.116119
-0.028595
-0.0133057
-0.0226288
-0.0292816
0.0255585
0.0974274
0.0901794
0.0204468
-0.0231476
-0.0312347
0.00592041
-0.00485229
0.101273
0.174469
0.070343
-0.0904694
-0.469833
-0.747849
0.071579
-0.202072
-0.627319
-0.639862
-0.330368

[22]
-0.102676
0.0498505
0.172073
0.164474
0.0134888
0.101044
0.165909
0.153702
0.094162
0.020752
-0.052475
0.122849
-0.145767
-0.356735
-0.433395
-0.0667267
0.108139
0.159927
-0.860931
0.85199
0.206192
0.0825043
-0.219772
-0.00909424
-0.0508118
-0.235977
0.0805511
-0.0714569
-0.107849
-0.108185
-0.060257
-0.00306702
-0.0426941
-0.0714111
-0.0733795
0.0191345
0.0958557
0.101837
0.00280762
-0.0614319
0.0203552
0.00689697
0.00218201
0.0180206
0.0281525
-0.010437
0.0105133
-0.641098
-0.50531
0.134888

[23]
-0.280502
-0.47644
-0.357361
-0.219604
0.0766602
0.0259857
0.101196
-0.0254211
-0.143143
-0.0457153
-0.0065918
0.0261688
-0.0772705
-0.180542
0.112915
0.0497894
-0.0419312
0.0820618
0.07901
0.22818
0.169708
-0.666489
1.09372
0.267975
-0.177734
-0.247452
-0.000427246
-0.0998383
-0.0521545
0.0806732
-0.106689
-0.0775757
-0.145386
-0.0740509
-0.0132294
0.00419617
-0.0188446
0.000411987
0.0124664
0.0341034
0.0478973
0.0319519
-0.0481415
-0.021759
0.0244446
0.0551758
0.100586
0.0727386
-0.0687256
-0.215073

[24]
-0.76973
-0.380829
-0.127518
-0.768051
-0.445328
-0.491592
-0.00566101
0.173813
0.0810242
0.0860596
-0.0546875
-0.0386505
0.0788879
0.0653534
0.0233459
0.0241241
0.0161743
0.0778351
-0.0351257
-0.167786
-0.305786
0.119888
0.311646
-0.0186768
0.425964
0.616516
0.0411072
-0.392502
-0.154205
0.095932
-0.140686
0.0890961
0.0467224
-0.0767517
-0.098877
-0.0712891
0.0291595
0.0635376
0.0290985
-0.00228882
0.0237427
0.0312347
0.0345459
0.00102234
0.0248718
0.0492096
0.000213623
-0.0408325
0.0342712
0.072525

[25]
0.0274811
-0.09729
-0.84996
-0.144135
-0.105728
-0.555023
-0.413208
-0.699219
-0.114334
0.0910492
0.0816956
0.115891
-0.033493
-0.0572662
0.0428314
0.096283
0.069809
0.0381012
0.0670471
0.171036
0.107498
0.0635681
-0.202454
-0.0721588
0.350739
0.185577
-0.42627
0.414276
-0.0674744
-0.226318
-0.0317841
0.162521
-0.0972595
0.0297699
-0.00320435
-0.0619507
-0.09198
-0.0760803
0.0305939
0.0393677
0.00804138
-0.00436401
0.0083313
0.0417328
0.0600128
0.0135498
-0.0037384
0.0666046
0.0348053
-0.0251007

[26]
-0.0159912
0.119827
0.0470276
0.0504761
-0.200272
-0.990265
0.233734
-0.234085
-0.669846
-0.43541
-0.559433
-0.401733
0.0509644
0.0736542
0.0713348
-0.0851898
-0.0325012
0.0819244
0.138916
0.0335693
0.0929108
0.0795288
0.175186
-0.100113
-0.216003
-0.342026
-0.0187378
0.101227
0.141052
-0.459137
0.953888
-0.0257874
-0.256805
-0.127243
0.188934
-0.12912
0.0172882
0.0067749
-0.144562
-0.0505829
-0.0717621
0.0544434
0.0750885
0.0136414
-0.00549316
0.0337524
0.0719299
-0.0428009
-0.086853
-0.000991821

