[1]
-0.61615
-0.21199
-0.194489
-0.209671
-0.115891
-0.135498
-0.0408936
-0.0257721
-0.105377
-0.13092
-0.0460968
0.0106964
-0.00869751
-0.0389709
-0.0533447
-0.0560608
-0.0311279
-0.0260162
-0.032959
-0.0412445
-0.00946045
-0.016098
-0.0183411
-0.0286865
-0.0201416
-0.0390167
-0.0361481
-0.0388794
0.0101624
0.0413666
-0.00152588
0.00857544
0.0272369
-0.0415344
0.0393219
0.0787354
-0.166962
0.101822
0.219376
-0.159348
-0.310974
-0.205597
-0.169159
-0.24971
0.17746
0.194077
0.226852
0.1707
0.173782
0.14389

[2]
0.147186
0.111694
0.0981293
0.0728302
0.0356598
0.0302124
-0.142288
-0.273926
-0.651016
-0.62117
-0.298508
-0.660706
-0.88736
-0.82486
-0.369507
0.469696
-0.301804
0.00819397
-0.0940094
-0.309738
-0.170044
-0.0302582
-0.116806
-0.0465393
-0.0357971
-0.103149
-0.124207
-0.0779724
0.0245972
-0.062149
-0.14502
-0.0490417
0.136673
0.0685425
-0.0379181
-0.0674896
-0.0577393
0.00973511
0.0423431
0.0158386
-0.00346375
0.000411987
0.00964355
0.0338135
0.0631409
0.0510559
0.00904846
-0.00997925
-0.129715
-0.119202

[3]
-0.0811615
-0.0153198
0.418915
0.232529
-0.414444
-0.414246
-0.216934
-0.0913391
-0.133286
0.138931
0.180435
0.117447
0.0743866
0.0788574
0.0616608
-0.0353699
-0.0614777
-0.0431824
-0.0867767
-0.103928
-0.101852
-0.251953
-0.238129
-0.31813
-0.521423
-0.973343
-0.860428
-0.566986
-0.232071
-0.0394135
0.0141449
0.972473
-0.0860596
-0.0705566
-0.270706
-0.213837
-0.141586
-0.0323486
-0.0122833
-0.0118103
0.00860596
-0.0584717
-0.11644
-0.0724335
0.0511322
0.0413513
0.00500488
-0.0329437
-0.0424957
-0.0340118

[4]
0.00151062
-0.0133209
-0.0494385
-0.054184
-0.0194244
-0.00317383
0.0615692
0.094696
0.107239
0.0379486
0.0204468
0.00302124
0.008255
-0.0250092
0.00192261
-0.072052
-0.103943
-0.0578461
0.249695
0.529358
-0.0457306
-0.345291
-0.179855
-0.170654
-0.296646
0.182388
0.211426
0.178558
0.0464935
0.034256
0.0535431
0.0551453
0.0471191
0.0018158
0.0194092
0.0452423
-0.22525
-0.291046
-0.397293
-0.632904
-1.00336
-0.937912
-0.756668
-0.422791
-0.188187
0.358795
0.834686
0.221985
-0.0597076
-0.551666

[5]
-0.237839
-0.01091
-0.119232
-0.117371
-0.0393677
-0.083374
-0.0766754
-0.122208
0.0166626
0.0583649
-0.0200653
-0.0514526
-0.0515289
0.0092926
0.00187683
-0.0262604
-0.0310516
-0.00816345
-0.00811768
-0.0118256
0.0493774
0.0993805
0.0904236
0.0795898
0.056839
0.000350952
-0.161606
-0.0295868
-0.00111389
0.00637817
0.409576
-0.0100098
-0.27446
-0.262299
-0.217438
-0.190247
0.047348
0.252518
0.282684
0.210526
0.145981
0.10997
0.125107
0.105133
0.0706787
0.0488892
-0.0688934
-0.199539
-0.304031
-0.697357

[6]
-0.88826
-0.825607
-0.656387
-0.447235
-0.398758
0.51239
0.745834
0.148956
-0.117004
-0.726593
-0.4142
-0.0381165
-0.114304
-0.0107269
0.0184479
-0.0384827
-0.0841675
-0.158493
-0.0688629
-0.00511169
0.0155945
-0.0909576
-0.115906
-0.135361
-0.0888824
0.00880432
0.103912
0.142502
0.0537415
-0.0215912
-0.0216827
0.00794983
0.022171
0.0168152
0.00195312
0.00125122
0.0217743
-0.0115356
0.040863
-0.119095
0.0948486
0.0892334
-0.204056
-0.374985
-0.201309
0.0312653
0.0583344
0.155807
0.193359
0.141495

[7]
0.119812
0.118912
0.10054
0.0812378
0.0877533
0.0523224
-0.0235901
-0.0480042
-0.336151
-0.39859
-0.564316
-0.80072
-0.76532
-0.459976
-0.856964
-0.510376
-0.0742493
0.133148
0.85231
-0.116058
-0.356949
-0.377731
-0.119263
-0.0811615
-0.197205
-0.0762634
-0.00558472
-0.0104218
-0.054718
-0.122406
-0.0436249
0.0233459
0.0579071
-0.0459137
-0.0772858
-0.0395813
-0.0170288
-0.0154419
-0.0212708
-0.037735
-0.0379333
-0.0177612
0.0105133
-0.00253296
-0.0298615
-0.0136719
0.0133972
0.0737305
0.108017
0.0429077

[8]
-0.0722046
-0.00862122
0.0568085
0.28476
0.323654
-0.184784
-0.432144
-0.170181
-0.324249
-0.122208
0.121994
0.129288
0.145386
0.105377
0.093811
0.0954742
0.0124054
-0.0392456
-0.0386963
-0.0328369
-0.0979309
-0.187164
-0.41246
-0.490753
-0.430023
-0.654846
-0.992126
-0.309296
-0.0102997
0.408798
0.77034
0.0135651
-0.509933
-0.262756
-0.123901
-0.125381
-0.219162
-0.105545
0.0608826
-0.0530396
-0.118179
-0.148819
-0.0282745
0.0399933
-0.0227509
-0.0804901
-0.063797
-0.0193329
0.000167847
0.00102234

[9]
-0.0198517
0.0177002
0.0226135
0.0231628
0.0353241
0.0118408
0.0770264
0.0874023
0.0536957
0.00437927
-0.130219
-0.0640106
-0.110458
0.052002
0.44725
0.095047
-0.356567
-0.177856
-0.402603
-0.208801
0.2742
0.217651
0.183105
0.159592
0.126251
0.0864105
0.0059967
-0.0449371
-0.056778
-0.0722809
-0.175156
-0.325928
-0.500015
-0.578201
-0.626678
-0.872757
-0.817993
-0.70752
1.2278
0.0434265
0.234146
-0.276672
-0.398071
-0.152481
-0.0790558
-0.201187
-0.161224
0.119522
0.0436096
-0.0948944

[10]
-0.131409
-0.0715027
0.0434265
0.0382233
-0.0169678
-0.0360565
-0.0360107
-0.0406342
-0.0249634
-0.0119476
-0.0111694
-0.0157471
0.0659027
0.112213
0.126083
0.10437
0.0627441
0.022644
0.0531158
0.0314484
-0.0448151
-0.0875702
-0.123901
0.414459
0.170135
-0.265244
-0.370438
-0.200348
-0.0988922
-0.156403
0.153275
0.173386
0.171341
0.114487
0.0437469
0.0627136
0.022171
-0.0118256
-0.0955658
-0.150375
-0.194565
-0.439133
-0.692642
-0.805969
-0.718964
-0.923004
-1.26485
-0.508911
0.270584
1.02222

[11]
1.14127
-0.183563
-0.58696
-0.227036
-0.121185
-0.382965
-0.138214
0.0306854
0.1064
-0.0177002
-0.171066
-0.214645
0.0621033
0.178009
-0.0394135
-0.0779419
-0.00656128
0.045578
0.0285187
-0.0327454
-0.0496979
-0.0152893
0.0434265
0.0138092
-0.0126343
-0.0292664
0.0245972
0.0902252
0.06633
0.0462952
-0.0237122
-0.0565948
-0.104507
0.0273743
0.0358734
0.431
-0.102036
-0.395782
-0.341736
-0.107025
-0.0483398
0.227219
0.260132
0.204346
0.132187
0.117767
0.0931702
0.0226135
-0.00445557
-0.0274963

[12]
-0.065567
-0.20784
-0.325623
-0.509506
-0.67337
-0.686386
-0.481979
-0.21225
-0.0363617
-0.077652
-0.194839
-0.0714722
0.0509338
0.142975
0.835724
0.206192
0.0245056
-0.188339
-0.252762
-0.148621
0.0292511
0.0795441
0.035141
0.112076
0.0264435
-0.085434
-0.0903778
0.0368195
0.101547
0.0630951
-0.0367584
-0.0139618
0.0252533
0.0477142
0.0491028
0.0402527
0.047821
0.0687103
0.0424194
0.0214844
0.0213013
0.0143738
0.029007
0.0580292
0.113785
0.087738
0.0218048
-0.0754395
0.0412292
0.147736

[13]
0.527634
0.0708923
-0.619904
-0.403091
-0.113281
-0.14035
0.0567627
0.131683
0.154938
0.170593
0.0909424
0.0934906
0.0421143
-0.0253448
-0.0703583
-0.114532
-0.0294037
-0.134323
-0.465637
-0.617081
-0.6362
-0.6828
-0.629379
-0.349686
-0.192932
0.130661
0.416794
0.561493
1.32504
0.173248
-0.310791
-0.247482
-0.217072
-0.175751
-0.0112915
0.156204
0.107651
-0.0366974
-0.0416412
-0.0592651
0.112595
0.0909119
0.00465393
-0.0241241
0.0155334
0.0386353
0.0349426
0.0297394
0.0202789
0.0206909

[14]
0.0209045
0.0153503
0.0284729
0.0412598
0.0554199
0.0696564
0.0371552
0.0232239
0.0416412
0.0162048
0.0152283
-0.0129089
-0.0233612
0.0857391
0.165466
0.393738
-0.0282898
-0.380234
-0.440247
-0.172348
-0.120804
-0.128815
0.117401
0.0863342
0.0699463
0.0311737
0.048172
0.0262756
-0.00312805
-0.0125732
-0.0460205
-0.0894928
-0.0349426
-0.135681
-0.261658
-0.380707
-0.428665
-0.663223
-0.638504
-0.39006
-0.327408
-0.155777
1.0528
0.495163
-0.135788
-0.131912
-0.110092
-0.0983887
-0.151382
-0.0586395

[15]
0.0639801
0.073761
-0.0465698
-0.155975
-0.12088
0.0336761
0.0886078
0.0688324
-0.00669861
-0.0343781
-0.052475
-0.0491028
0.0133362
0.0523071
0.049881
0.0461273
0.0485687
0.0888062
0.134811
0.107727
0.0766907
0.0692291
0.0761261
0.0703583
0.0544739
-0.167084
-0.382828
0.110016
0.205368
-0.292404
-0.444016
-0.00772095
-0.0665131
-0.0882416
0.165695
0.228989
0.170593
0.112823
0.0805206
0.0690613
0.0511322
0.00263977
-0.101425
-0.211411
-0.320709
-0.60704
-0.677017
-0.858658
-0.850464
-0.744385

[16]
-0.833542
-0.632385
-0.240891
0.302383
0.635498
1.05968
-0.11676
-0.099884
-0.45549
-0.353592
-0.196716
0.0277252
0.0185242
0.119049
0.0921326
-0.0827484
-0.150177
-0.0482178
0.0791016
0.07341
-0.0417938
-0.0570679
-0.0258789
0.00816345
0.0210114
0.0318909
0.0123444
-0.00244141
0.0113983
0.0103302
0.0525818
0.101776
0.10025
0.077179
0.0428619
0.0195312
-0.0392303
-0.105957
-0.0814819
-0.121994
0.582718
0.383759
-0.270004
-0.441788
-0.168686
-0.113159
-0.0569
0.145386
0.161163
0.155029

[17]
0.0720062
0.00605774
0.0160065
0.00175476
-0.0286713
-0.0764618
-0.0870819
-0.0718842
-0.213089
-0.453094
-0.49202
-0.547348
-0.887009
-0.923706
-0.46994
-0.0107574
0.472961
0.686844
0.0700684
0.0997314
-0.428757
-0.299789
-0.167374
-0.157364
-0.0312653
-0.0127411
0.0647888
-0.0106354
-0.0684052
-0.172577
-0.0232697
0.0555267
0.0269623
-0.0556793
-0.0598907
0.0240631
0.0797882
0.0502777
0.0137024
0.00222778
-0.0292511
0.00979614
0.042038
0.0415344
0.0340424
0.0382233
0.0840912
0.055481
0.0328217
-0.00401306

[18]
-0.0760803
0.0737
0.197098
0.390411
-0.118225
-0.469635
-0.276215
-0.145447
-0.0707092
0.133926
0.138519
0.129211
0.0355225
0.0487061
0.0580902
0.0564117
0.0194092
-0.0116882
0.0124054
-0.0379791
-0.088501
-0.119324
-0.291397
-0.498199
-0.501083
-0.446274
-0.375549
-0.806931
-0.42189
0.0346985
0.235321
0.597595
0.22963
-0.573685
-0.276031
-0.144409
-0.225189
-0.140182
0.0347748
0.0817719
0.0490723
-0.0689392
-0.125137
0.00384521
0.0872498
0.013382
-0.0575104
-0.00892639
0.0384827
0.0227814

[19]
-0.0108185
0.00695801
0.00942993
-3.05176e-05
0.00218201
-0.0108185
-0.00216675
-0.00320435
0.0236359
0.0618286
0.0674591
0.0173035
0.0322418
0.00437927
0.0758209
0.00309753
0.146698
0.292526
0.0604858
-0.225143
-0.166275
-0.219986
-0.187927
0.0701904
0.19751
0.237534
0.201477
0.128311
0.0844727
0.0178986
-0.0137787
-0.0450287
-0.122177
-0.174805
-0.224945
-0.47731
-0.586884
-0.507278
-0.394257
-0.506744
-0.644806
-0.520767
0.0290833
0.303864
0.992401
0.128723
0.0388794
-0.59346
-0.475616
-0.172119

[20]
0.0325928
-0.117447
-0.0302887
0.0301971
-0.0883484
-0.181183
-0.0891724
0.0919037
0.0495148
-0.0380096
-0.0665588
-0.00534058
0.0214233
0.00863647
-0.0350342
-0.012619
-0.00117493
0.00265503
-0.0371704
0.0108337
0.0443268
0.0327911
0.0351715
0.048111
0.0180969
-0.0194092
-0.0591278
-0.0309143
-0.00672913
0.288101
0.194611
0.00990295
-0.320206
-0.271774
-0.0765076
-0.0834656
0.229828
0.258591
0.160172
0.0863342
0.0566559
0.0144806
-0.036438
-0.0417786
-0.113098
-0.0937958
-0.206299
-0.432007
-0.563522
-0.654434

[21]
-0.481873
-0.374756
-0.40741
-0.325592
-0.142014
-0.193924
-0.0045929
0.322449
0.549683
0.118042
0.146942
-0.450531
-0.341904
-0.189957
-0.00106812
-0.0323486
-0.0276031
-0.0387115
-0.102295
-0.132553
-0.0121613
0.0561523
0.0372009
-0.0211639
-0.074585
-0.0425415
0.00900269
0.0352478
0.0361023
0.0801086
0.0642242
0.0136719
0.0144043
0.0170288
0.0419312
0.0615387
0.07164
0.032608
-0.00315857
-0.0873108
-0.112442
-0.0342102
0.416092
0.339401
-0.203934
-0.466202
-0.336578
-0.103195
-0.0942078
0.202667

[22]
0.240601
0.12796
0.0763855
0.0917664
0.0917206
0.034729
0.0010376
-0.0835266
-0.129379
-0.191406
-0.404343
-0.550125
-0.499222
-0.573456
-0.81546
-0.681229
-0.524765
-0.557236
-0.1474
0.810928
1.05997
-0.10585
-0.303482
-0.40123
-0.240204
-0.0916443
-0.0019989
0.0773163
0.0995789
-0.0738831
-0.0903931
-0.120911
0.0542297
0.117844
0.0408936
-0.0516663
-0.0378418
0.050415
0.0786743
0.0513458
0.0177765
0.0383148
0.0440216
0.0403442
0.0490875
0.0905304
0.088028
0.0557709
0.0722351
0.0676727

[23]
0.0158081
-0.00796509
-0.0639648
-0.00776672
0.312393
0.471878
0.139862
-0.384918
-0.305496
-0.329529
-0.293137
-0.192902
0.214142
0.168732
0.113037
0.036438
0.057663
0.0550079
0.0701294
-0.00366211
-0.0534515
-0.101151
-0.12413
-0.422394
-0.616745
-0.697418
-0.854645
-0.771454
-0.652267
-0.426346
-0.0435028
0.646545
0.793274
-0.124512
-0.0960541
-0.434326
-0.153076
-0.162628
-0.0648041
-0.026886
0.0838318
0.0191345
-0.0398712
-0.0709229
-0.0515442
0.0113983
0.0463562
0.0124054
-0.0255585
-0.0242157

[24]
0.0508118
0.0656281
0.0739746
0.0381775
0.0125122
0.0130157
0.0504456
0.0546417
0.0452118
0.00111389
0.0336914
0.0783691
0.103241
-0.0148926
0.0877533
-0.00262451
0.476761
0.0805817
-0.413956
-0.439316
-0.285614
-0.109985
0.220627
0.228836
0.176819
0.114105
0.117569
0.119232
0.0852051
0.0431213
0.0144501
-0.0189209
-0.0784912
-0.0934753
-0.229401
-0.295135
-0.402344
-0.59729
-0.547165
-0.321625
-0.392807
-0.36734
0.21489
0.849442
-0.0489044
-0.113739
-0.347168
-0.103348
-0.114853
-0.0870667

[25]
-0.0542755
0.0102997
0.00866699
-0.0649567
-0.0663452
-0.0371857
0.0167389
0.0588531
0.00297546
-0.0361328
-0.00697327
0.011261
0.0294342
0.0257416
0.0290833
0.00340271
0.0242004
0.0420532
0.042038
0.0392761
0.0227051
0.0759125
0.106552
0.0568085
-0.00836182
-0.105606
-0.00395203
0.0875702
0.489777
0.274673
-0.0866547
-0.491028
-0.199936
-0.110062
-0.241776
0.138641
0.167587
0.115982
0.0372925
0.0455017
0.055603
0.0405121
0.0275574
0.00396729
-0.0380554
-0.0630646
-0.18277
-0.379929
-0.361542
-0.133545

[26]
-0.629959
-1.23199
-0.618317
0.0437927
0.00128174
0.305588
0.596313
-0.00666809
0.00717163
-0.405151
-0.231903
-0.138855
-0.0271759
-0.0768585
-0.0279541
-0.00654602
-0.0302887
-0.062088
-0.0470581
-0.020813
-0.0030365
-0.00379944
-0.0101013
-0.019516
0.0307617
0.04216
0.0123291
0.000701904
-0.0135345
0.00535583
0.0131683
0.0160828
0.00569153
0.0544891
0.0672302
0.0306396
-0.00170898
-0.135406
-0.0275879
0.00837708
0.396286
0.206787
-0.395157
-0.431137
-0.200684
-0.152786
0.108337
0.201157
0.198288
0.150391

[27]
0.10849
0.0815887
0.00305176
-0.0168762
-0.0855713
-0.10025
-0.113739
-0.149628
-0.239227
-0.488235
-0.481506
-0.537277
-0.59433
-0.411148
-0.393677
-0.0876617
0.55307
1.18661
0.113632
-0.216141
-0.456131
-0.306061
-0.220566
-0.0722809
0.065506
0.0243073
-0.0318146
-0.0916138
-0.112885
-0.081131
0.0342407
0.0531158
-0.014679
-0.0354767
-0.0300903
0.0367584
0.0142365
-0.0121765
-0.0254211
-0.00361633
0.00604248
0.0388489
0.0506439
0.046463
0.0979156
0.119034
0.0380554
0.0277863
-0.0274506
0.138077

[28]
0.229797
0.324478
-0.0965271
-0.511932
-0.227615
-0.22438
-0.0855713
0.160919
0.127213
0.156418
0.0619202
0.0662384
0.0499878
0.0586243
0.0237274
-0.0133057
-0.0466156
-0.108505
-0.169235
-0.216293
-0.530869
-0.551865
-0.465485
-0.423721
-0.389404
-0.465164
0.91185
0.751755
0.0748291
-0.29097
-0.357193
-0.202332
-0.0608673
-0.130844
-0.0353241
0.0948944
0.0219574
-0.0393066
-0.131058
0.0134125
0.0886078
0.0454102
-0.0447998
-0.05336
-0.0188141
0.0183258
0.0370636
0.0487061
0.0292206
0.0253448

[29]
0.0455017
0.073822
0.0942993
0.0857544
0.0895081
0.0714264
0.0358124
0.00183105
-0.061676
-0.10759
0.0469513
0.41597
0.0835114
-0.283966
-0.29863
-0.164764
-0.0139771
-0.0122223
0.173676
0.214249
0.123337
0.0664978
0.332764
0.111465
-0.0675049
0.0512695
-0.0259705
-0.0749817
-0.226379
-0.477921
-0.668793
-0.653015
-0.647888
-0.957367
-0.971558
-0.701797
-0.0792236
0.540054
0.746765
0.0588684
0.00630188
-0.737061
-0.36235
-0.0922852
-0.100433
0.0150604
0.130508
-0.00276184
-0.0647125
-0.155273

[30]
0.00111389
0.0603943
0.021347
-0.0419312
-0.00923157
0.0189819
0.0271301
0.0242004
0.0298462
0.0370026
0.00300598
0.0183105
0.020462
0.0331573
0.0320129
0.0395813
0.0419464
0.0516052
0.0530396
0.063797
0.0619659
0.114792
0.42067
0.318787
-0.148392
-0.553467
-0.266937
-0.284012
-0.0939941
0.149765
0.1017
0.202393
0.192596
0.159348
0.145782
0.150894
0.0213165
-0.08284
-0.221252
-0.24498
-0.427353
-0.603027
-0.724121
-0.715439
-0.721603
-0.455505
-0.629623
-0.174652
1.23219
0.896683

[31]
-0.0402374
-0.635574
-0.280869
-0.242188
-0.187714
0.0292816
0.0698242
0.126663
0.043808
-0.0447083
-0.191879
-0.0992889
0.129303
0.14772
0.016922
-0.0611877
-0.0167084
0.0669098
0.0551758
0.00950623
-0.0195923
0.0117035
0.0228119
0.0234222
0.0281525
0.0304413
0.0764313
0.102539
0.0768738
0.0417786
-0.00224304
0.00968933
0.0421906
-0.0451813
0.247223
-0.024292
-0.292221
-0.300278
-0.310638
-0.188446
0.190964
0.0867004
0.124924
0.0662079
0.0815887
0.121307
0.114273
0.106262
0.0797272
0.0684509

[32]
-0.001297
-0.0993347
-0.140106
-0.258224
-0.51445
-0.904678
-0.863449
-0.500687
-0.275375
-0.110672
0.736816
0.531448
-0.143982
-0.366043
-0.222198
-0.085022
-0.0042572
-0.102448
-0.0415192
-0.00971985
-0.0430603
-0.0684662
-0.0612793
-0.0232697
0.0440063
0.0158997
-0.0467529
-0.0282593
0.0114746
0.0422363
0.0338745
-0.0103912
0.00143433
0.00785828
-0.00325012
0.0203705
0.0362244
0.0428314
0.0545807
0.0797119
0.0653534
0.00717163
-0.105515
-0.0487671
-0.0403137
0.472961
0.286346
-0.175339
-0.481201
-0.163376

[33]
-0.137878
-0.174149
0.165039
0.176102
0.1595
0.0631104
0.0515289
0.0583496
0.0284729
0.0155487
-0.0578613
-0.128769
-0.171524
-0.247482
-0.470673
-0.546432
-0.620453
-0.943726
-0.701477
-0.481293
-0.304306
0.00282288
0.553696
1.30939
-0.0384064
-0.341522
-0.255371
-0.19693
-0.183838
-0.0691071
0.0526123
0.0406952
-0.0487213
-0.0829926
-0.0962524
0.0305023
0.0824738
0.0288849
-0.0250397
-0.0430908
-0.014679
0.0130157
0.0185852
0.0101929
0.0092926
0.0150146
0.00802612
0.00874329
0.0301971
0.0325165

