[1]
-1.74068
0.0296021
0.00756836
-0.0706787
-0.105087
-0.0657196
0.0329895
0.0433044
0.0912628
0.0706177
0.0572205
0.0918732
0.0624847
0.0523987
0.0866241
0.0995636
0.0806885
0.098587
0.0609436
0.0694733
0.110931
0.0740814
0.0662537
0.0610199
0.0346069
0.0610046
0.0596619
0.0387726
0.0956726
0.149994
0.166687
0.157578
0.162445
0.223663
0.255371
0.235703
0.840897
1.35016
0.679077
0.637344
0.377258
0.292801
0.158081
0.0251007
0.434418
0.721375
0.665176
0.560059
0.421494
0.262634

[2]
0.241043
0.260254
0.266998
0.0955048
-0.185196
-0.439178
-0.601456
-1.06137
-1.42696
-1.81802
-2.00114
-1.99428
-1.48726
-1.57404
1.54936
0.182816
-0.504852
-0.219208
-0.273712
-0.240509
-0.259537
-0.123886
-0.0244446
-0.0521088
0.0144501
0.0670166
0.0905151
-0.0582275
0.0437622
0.019104
0.00520325
-0.200897
-0.111755
-0.0284119
0.0876617
0.116364
0.06633
0.0631256
0.0711975
0.0871124
0.0144196
0.0276489
0.033432
0.0289459
0.021225
0.0454254
0.0498199
0.106537
0.166367
0.133652

[3]
0.502289
1.11266
0.816132
0.557907
0.818039
0.285019
0.353546
0.239059
0.0864258
0.369965
0.58696
0.581207
0.503311
0.34285
0.21492
0.198669
0.184265
0.186722
0.146225
-0.0505066
-0.400543
-0.483719
-0.963837
-1.36925
-1.62018
-2.13916
-2.144
-1.17891
-0.924606
-0.560135
0.319931
0.669601
-0.548355
-0.870193
-0.256271
-0.0750122
-0.126968
-0.220764
0.0340424
-0.123291
-0.0374603
0.0530396
0.135635
0.0984039
0.0928192
-0.0226746
0.0301666
-0.00897217
0.00457764
-0.020462

[4]
0.0304871
0.0688324
0.042984
0.0187988
0.0158997
-0.0426178
0.00585938
0.0200958
0.0616608
0.0398712
0.0321808
0.0932922
0.12999
0.114716
0.1427
0.179672
0.384201
1.17744
1.07703
0.468964
0.619354
0.576447
0.539719
0.0908661
-0.14769
0.407684
0.591431
0.58345
0.476273
0.420258
0.244781
0.0407257
0.0753326
0.132065
0.138535
-0.107727
-0.363159
-0.544617
-1.19992
-1.7366
-2.05481
-2.60844
-1.87459
-0.696686
-0.112274
1.32968
-0.242142
-0.222519
-0.545547
-0.542999

[5]
-0.257599
-0.264954
-0.259857
0.016098
-0.0925903
-0.0460663
0.0249481
-0.0499268
-0.01828
-0.0546112
-0.0588379
-0.0214691
-0.0173187
-0.001297
-0.0196228
-0.0330811
-0.0248413
-0.0207672
0.0122528
-0.017807
-0.0260162
0.0571594
0.0827179
0.0801544
0.0600128
0.108887
0.217072
0.162079
0.453842
1.92523
0.670731
0.465302
0.641998
0.602295
0.167603
-0.0511169
0.438431
0.668991
0.670822
0.486633
0.446579
0.235931
0.185059
0.208191
0.172165
0.106964
-0.0243225
-0.311935
-0.598495
-1.36926

[6]
-2.09985
-2.22572
-2.43701
-2.19516
-1.48492
1.38979
-0.463165
-0.728714
-0.681992
-0.23671
-0.347488
-0.449692
-0.435333
-0.163513
-0.128311
-0.0514221
-0.0361176
-0.0226593
0.0207367
0.0362091
-0.00645447
0.016098
0.0511932
0.091095
0.0410309
-0.0939026
-0.139771
-0.120819
-0.0667114
-0.110168
-0.0669403
0.00765991
0.0670471
0.0904846
0.0926056
0.0770416
0.124313
0.280075
0.0346527
0.901703
2.01532
0.350204
0.512512
0.387436
0.028595
-0.0320282
0.389343
0.691772
0.73175
0.551971

[7]
0.444946
0.318726
0.225891
0.231461
0.21846
0.143906
0.051651
-0.0907593
-0.344513
-0.970764
-1.60028
-1.8577
-2.06244
-2.63678
-1.54324
-1.53406
0.357849
0.515015
-0.223618
-0.11908
-0.725296
-0.492081
-0.425888
-0.372589
-0.111481
-0.0686951
-0.152496
-0.0270996
-0.0258331
-0.052536
-0.0797272
-0.0333252
-0.0426178
-0.0451202
-0.0420532
0.0111389
0.0178528
-0.0343475
-0.0406952
0.0183258
-0.0422363
-0.0691833
-0.0671082
-0.039093
0.024826
0.0752258
0.0448914
0.045166
0.0314636
0.194031

[8]
0.286499
0.335526
0.289566
1.6221
0.932953
0.904648
0.579239
0.492737
0.127487
-0.0505219
0.0112305
0.618103
0.752975
0.556747
0.466553
0.333832
0.163406
0.10614
0.0967102
0.0134125
-0.115082
-0.255508
-0.838333
-1.39029
-1.9433
-2.35139
-2.657
-1.58536
0.904816
0.548187
-0.671173
-0.159576
-1.38708
-0.318405
-0.561096
-0.328445
-0.123062
-0.105438
-0.158066
-0.0778503
-0.016037
-0.0411377
-0.0527954
-0.0764771
-0.07547
-0.0995483
-0.108475
-0.109268
-0.061615
-0.0397034

[9]
-0.112289
-0.110657
-0.0914307
-0.038269
0.0335541
0.025589
0.0541382
0.0125732
0.0216064
0.130005
0.286087
0.225754
0.530228
1.62933
0.932358
0.678696
0.607483
0.571014
0.076767
-0.0485535
0.120392
0.669601
0.723282
0.48436
0.392059
0.201721
0.0498047
-0.0270691
0.0052948
-0.0853729
-0.231094
-0.561447
-1.10007
-1.84077
-2.02393
-2.29253
-2.66766
-1.8391
1.39961
-0.253479
-0.700668
-0.734268
-0.766327
-0.358093
-0.444366
-0.136017
-0.0332336
-0.145996
-0.103119
-0.0105133

[10]
-0.00254822
0.0260315
-0.00975037
-0.075592
-0.0857697
-0.0730286
-0.0432892
-0.0471344
-0.0326996
0.00930786
0.00158691
-0.0868073
-0.108459
-0.065155
-0.010498
0.0193634
0.0526886
0.0603333
0.0715485
0.147705
0.280151
0.230057
1.21455
1.76244
0.530899
0.459259
0.872406
0.147552
-0.0715179
-0.166092
0.137238
0.643829
0.67012
0.541336
0.438873
0.261871
0.130478
0.0873108
0.104248
0.0408478
-0.00495911
-0.179306
-0.691788
-1.41789
-1.81828
-2.60808
-2.17542
-1.26732
0.0502472
0.839706

[11]
-0.212524
-0.141434
-1.07314
-0.214798
-0.345322
-0.423904
-0.168869
-0.112839
-0.143204
-0.106689
-0.0576782
-0.0989838
0.00408936
-0.0205383
-3.05176e-05
-0.0170441
-0.0155334
0.0390778
-0.0855408
-0.0125122
-0.0162201
-0.0780182
-0.0829315
-0.0303497
0.00941467
0.064621
0.104416
0.104965
0.0631866
0.0553131
0.117203
0.156998
0.206635
-0.00193787
1.43936
1.61832
0.648956
0.461044
0.168716
0.211487
0.0722198
0.304626
0.552155
0.640381
0.579117
0.450592
0.301727
0.147171
0.217468
0.314102

[12]
0.033432
-0.192566
-0.212463
-0.600494
-0.775467
-1.03065
-1.13702
-1.30103
-1.05971
-0.867706
-1.142
-1.21912
-0.975784
0.174698
1.27385
-0.728622
-0.089035
-0.0147095
0.112183
-0.0945282
-0.100845
0.0795441
0.0556488
0.216537
0.18129
0.182297
0.194382
0.186066
0.143356
0.158768
0.158234
0.190063
0.175339
0.186508
0.168976
0.151077
0.138123
0.102875
0.137527
0.163086
0.178284
0.164474
0.178909
0.188446
0.222336
0.253235
0.310287
0.36467
0.194656
1.01976

[13]
1.77274
0.882507
0.915771
0.336395
0.428955
-0.0360565
-0.0229492
0.374039
0.762344
0.759338
0.633133
0.526962
0.23822
0.221817
0.216797
0.1828
0.136902
-0.197388
-0.494751
-0.881821
-1.15955
-1.34959
-1.49152
-1.95793
-1.41919
-0.693878
-0.709351
0.966782
1.14908
-0.822845
-0.815399
-0.0610657
-0.12384
-0.181412
-0.0733032
-0.0661469
-0.0429535
0.0756836
0.105576
0.0996399
0.126419
0.108658
0.11853
0.0916595
0.0605621
0.0709839
0.0931396
0.0735626
0.0750122
0.0579681

[14]
0.0702515
0.0515594
0.0563049
0.0766296
0.10701
0.160843
0.12825
0.0595551
0.104248
0.112671
0.122894
0.241394
0.122665
0.2034
1.60945
1.21674
0.670547
0.63504
0.639679
0.217255
0.0751801
0.0833435
0.341751
0.66069
0.633743
0.558807
0.426361
0.275024
0.148865
0.236572
0.310226
0.190796
-0.0990753
-0.224884
-0.766708
-1.50128
-1.67592
-1.62279
-2.20627
-2.05518
-1.4847
0.490814
1.36687
-0.638763
-0.520126
-0.810715
-0.213257
-0.315186
-0.153442
-0.00338745

[15]
-0.046875
-0.0127563
0.0313873
0.0852966
0.0926819
0.0842743
-0.0192566
0.0280304
-0.0219574
0.0224915
0.0465088
-0.0161743
-0.0500793
-0.0627899
0.0131683
0.00444031
-0.0789948
-0.00590515
0.0945282
0.104141
0.0894928
0.0722198
0.113831
0.162613
0.273422
0.241302
1.1543
2.21545
0.479233
0.567261
0.77507
0.345642
0.181396
-0.125198
0.0705719
0.581726
0.680084
0.596191
0.551636
0.353821
0.163162
0.137115
0.21463
0.106033
-0.010849
-0.56781
-0.750549
-1.38037
-1.65958
-1.71678

[16]
-1.5157
-1.32346
-1.52582
-1.00369
0.982132
-0.0907593
-0.545944
-0.466492
-0.164093
-0.0208588
-0.397949
-0.273773
-0.0942383
-0.0874939
0.0505066
0.0185394
0.0497589
0.0733795
0.0455627
0.0368652
0.0396271
0.0349426
0.0654755
0.0227203
0.00648499
0.0346985
0.046051
0.041626
0.0213928
0.0405121
0.0131226
0.0515442
0.114578
0.144089
0.102432
0.129608
0.191345
0.3078
0.0128021
0.737488
2.06311
0.750229
0.812469
0.61879
0.435364
0.182022
-0.0426941
-0.00579834
0.566177
0.715134

[17]
0.615875
0.485168
0.282913
0.111633
0.0581665
0.125229
0.0711823
-0.0147552
-0.303223
-0.761627
-1.3969
-1.62256
-1.96736
-2.6223
-1.47247
-0.447754
1.02863
-0.389755
-0.219894
-0.59903
-0.508728
-0.176483
-0.527802
-0.239868
0.0115356
-0.0725555
-0.0461273
-0.0464172
0.0374451
0.0204926
0.055481
0.0350647
-0.0756683
-0.0165405
0.0424957
-0.0068512
-0.0640717
-0.0851135
-0.0544128
-0.0216675
-0.0624542
-0.0558014
0.0120239
0.0492096
0.0910339
0.0750732
0.0938721
0.0704193
0.0958862
0.220032

[18]
0.0146027
0.289368
2.26686
1.11539
0.646286
0.515259
0.404419
0.118607
0.011261
0.277054
0.644653
0.673874
0.541229
0.449493
0.260803
0.178528
0.122925
0.0749207
0.0449219
-0.0450745
-0.223419
-0.465958
-0.842392
-1.41469
-1.66245
-1.9637
-2.63741
-1.64804
-0.892288
1.43851
-0.573898
-0.31987
-0.287277
-0.765427
-0.204025
-0.265274
-0.300201
-0.118759
-0.0926819
-0.0713654
0.0184784
-0.0486755
-0.0812836
-0.0128784
-0.120193
-0.0417633
0.0207977
0.0471344
0.0579529
0.021225

[19]
-0.0237274
-0.0333252
-0.0517273
-0.0493011
-0.0227661
-0.032196
0.0287018
0.0569916
0.0968933
0.098053
0.0854187
0.0799561
0.121445
0.263336
0.319092
0.39563
1.28859
1.11667
0.54184
0.590225
0.667252
0.132599
-0.125092
0.0708771
0.5672
0.723022
0.499695
0.409409
0.310989
0.249573
0.175674
0.161667
0.115875
0.00875854
-0.267487
-0.545074
-1.20972
-1.33588
-1.29086
-1.62929
-2.6611
-1.91727
-1.20325
0.806412
0.611038
-0.685959
-0.435822
-0.519196
-0.131042
-0.386383

[20]
-0.395844
-0.211914
-0.0912628
-0.0231323
-0.00575256
-0.00105286
-0.00231934
-0.00558472
-0.0317078
-0.0256348
-0.0515747
-0.0372314
-0.0471039
-0.0310364
-0.0450592
-0.0865479
-0.0806274
-0.0455017
-0.0122223
0.0235138
0.0634155
0.0937347
0.104462
0.1259
0.155273
0.171417
0.206055
0.179123
0.982132
1.25029
0.434479
0.631607
0.557129
0.0982666
-0.246017
-0.0250549
0.564789
0.767761
0.536591
0.420135
0.299927
0.162155
0.117477
0.134201
0.209717
0.0636139
-0.241318
-0.63324
-0.923294
-1.37244

[21]
-1.5257
-1.46603
-1.75705
-1.80144
-1.51353
-1.00975
-0.311783
1.44209
-0.697342
-0.710724
-0.316345
-0.239304
-0.10817
-0.290436
-0.153503
-0.15947
-0.0995026
0.0980377
0.0414734
0.0328827
-0.0059967
0.00344849
0.0505066
0.0796814
0.0254669
0.00389099
0.00469971
-0.0447998
-0.120956
-0.0751343
-0.0379333
0.0113525
0.0310669
0.0568695
0.0884399
0.0702667
0.117783
0.110672
0.142349
0.207504
0.29541
1.21675
1.515
0.826309
0.700745
0.592194
0.17067
-0.0548096
0.215271
0.541931

[22]
0.702103
0.555756
0.498489
0.355927
0.20697
0.153442
0.170349
0.170883
0.0603333
-0.150848
-0.312744
-0.954025
-1.35356
-1.33188
-1.54773
-2.601
-1.7429
-1.06065
-0.700562
1.29202
0.315063
-0.56073
-0.614212
-0.374252
-0.248779
-0.211624
-0.0190582
-0.0512848
-0.069931
-0.0341492
0.0470734
0.0626221
0.0897369
0.0693817
0.0655365
0.0328827
-0.0112305
0.00390625
0.0288849
0.010376
-0.0158844
0.010849
0.00968933
0.0262451
0.0484161
0.066864
0.11734
0.113831
0.11113
0.133606

[23]
0.149094
0.200638
0.167633
0.421677
1.76799
1.1169
0.301056
0.950363
1.06075
0.136444
-0.449829
-0.126175
0.375229
0.822891
0.688828
0.576202
0.447952
0.182159
0.123856
0.137177
0.189484
0.0648499
0.101639
-0.363052
-1.19254
-1.75708
-1.93684
-2.65395
-2.41269
-1.16216
-0.478607
1.44695
-0.575272
-0.597168
-0.438385
-0.39006
-0.254318
-0.400574
-0.160294
-0.150284
-0.192673
-0.0622406
0.031723
0.049057
0.0343475
0.040451
-0.00308228
-0.054657
-0.035141
-0.0157013

[24]
-0.0133362
-0.0444183
-0.024353
0.0242157
-0.0828247
-0.0852203
0.00234985
0.0344391
0.0495758
0.079834
0.142853
0.150803
0.16037
0.223816
0.0203705
0.899399
1.94843
0.752838
0.785934
0.127151
0.163345
-0.151993
0.315536
0.59343
0.668045
0.573776
0.447067
0.324219
0.180969
0.140472
0.130005
0.0935516
0.00511169
-0.0499725
-0.555374
-0.866699
-1.54831
-1.80174
-2.10963
-2.36752
-1.55998
-1.31015
1.47627
-0.0819397
-0.771378
-0.654083
-0.368835
-0.160507
-0.385025
-0.220154

[25]
-0.0618896
-0.0295105
0.0525665
0.00318909
-0.0058136
-0.00236511
0.0411072
-0.00895691
-0.0355377
0.00650024
0.00970459
-0.0151978
-0.0323792
-0.0395355
-0.0211487
0.00151062
0.00476074
0.00663757
0.028656
0.0856934
0.0812683
0.0697632
0.0697937
0.108612
0.162949
0.106537
0.244797
1.06134
1.39302
0.748367
0.493027
0.574722
0.330048
0.021637
0.0867615
0.37793
0.599747
0.547852
0.465225
0.382919
0.221909
0.163315
0.142883
0.150528
0.0656586
0.00151062
-0.238724
-0.478317
-1.41672
-1.81311

[26]
-1.90648
-2.65155
-2.04083
-0.832657
0.272629
0.964874
-0.595108
-0.437073
-0.598785
-0.449966
-0.151123
-0.183838
-0.247513
-0.0966492
-0.164429
-0.0887299
-0.0451508
-0.0325775
-0.0191956
0.0139313
0.0183868
0.00978088
-0.0426025
-0.114319
-0.0678711
0.00474548
-0.130798
-0.0782471
-0.0255432
-0.018692
0.0162201
0.0738525
0.0367279
0.0339661
0.0930176
0.133118
0.181488
0.239029
0.167313
0.865204
1.53586
0.80043
0.794327
0.306946
0.357956
0.0666199
0.0432739
0.23378
0.668427
0.665329

[27]
0.499939
0.423843
0.208084
0.127258
0.0917206
0.0776215
0.00386047
-0.06633
-0.270279
-0.839539
-1.28326
-1.8647
-1.93347
-2.27855
-1.79707
-1.38309
0.729904
0.769424
-1.16478
-0.729385
-0.381287
-0.0755157
-0.405731
-0.319519
-0.0959015
-0.0838013
0.0366211
-0.00561523
0.021698
0.016861
0.0334778
-0.0844116
-0.0515289
0.0183411
0.00790405
-0.0192413
-0.0359192
-0.037384
-0.00424194
-0.0216522
-0.0438538
0.0253601
0.0973816
0.101562
0.117828
0.153778
0.166183
0.242599
0.286026
0.0765686

[28]
1.82552
1.39639
0.795868
0.682678
0.485229
0.0372772
-0.0550842
0.215256
0.703308
0.768524
0.574844
0.507217
0.33754
0.211121
0.109177
0.150116
0.062973
-0.148453
-0.319839
-0.554886
-1.10191
-1.67998
-1.9521
-2.64893
-1.99678
-0.607147
1.45253
-0.928925
-0.32312
-0.824326
-0.278625
-0.331192
-0.526184
-0.0264282
-0.0700989
0.0149689
-0.0133057
0.0448761
0.0275726
0.0918121
0.0496368
0.0340576
0.0277252
0.000488281
-0.0122375
0.00518799
0.000793457
-0.02211
-0.0175629
-0.00805664

[29]
0.0415955
0.0729523
0.0919342
0.0962982
0.120193
0.110199
0.143875
0.182709
0.261383
0.491776
1.81398
1.17758
0.342361
0.862854
0.906174
0.0043335
-0.0998993
0.278595
0.661377
0.685135
0.486954
0.417007
-0.347153
-0.667038
0.245163
0.512115
0.286057
0.131973
0.0362244
-0.373871
-0.836853
-1.64615
-1.8149
-1.85226
-2.62836
-1.776
-0.97789
1.47334
0.0480652
-0.597122
-0.385086
-0.58078
-0.263596
-0.41394
-0.20285
-0.00317383
-0.0730743
-0.0509186
0.0237274
-0.00411987

[30]
-0.00224304
0.030838
0.0262451
0.0342712
0.0172119
0.0369415
0.00376892
0.0119629
-0.0434113
-0.00584412
-0.0312653
-0.0350342
0.0191803
0.0353088
0.0756226
0.0891418
0.106293
0.135223
0.153717
0.164124
0.220078
0.134628
2.077
1.21487
0.477798
0.814011
0.474701
0.133011
0.0515594
0.176804
0.671936
0.808884
0.588684
0.509933
0.338348
0.135651
0.12001
0.0645447
0.046814
-0.0380249
-0.562073
-0.864258
-1.44389
-1.64148
-1.61983
-2.59579
-1.98328
-1.23027
1.31519
0.0751801

[31]
-0.728241
-0.690659
-0.190079
-0.202881
-0.58136
-0.0867767
-0.110931
0.010025
0.0148163
0.0477295
0.0768585
-0.00724792
0.0455933
-0.0234222
-0.0645294
-0.0161133
-0.0230255
-0.00956726
-0.00111389
0.0270386
0.0251312
0.0273132
0.00646973
0.0362854
0.0701752
0.0639191
0.0904846
0.10527
0.103119
0.107758
0.166168
0.0761566
0.587021
1.98505
1.09027
0.587616
0.631317
0.519989
0.0305176
-0.209656
0.254044
0.74176
0.735733
0.534866
0.465576
0.25589
0.192612
0.189453
0.204483
0.111786

[32]
-0.00105286
-0.2043
-0.567917
-1.19115
-1.82849
-2.00891
-2.56339
-2.62825
-1.1223
0.391968
1.46825
-0.650665
-0.549561
-0.788528
-0.273499
-0.336929
-0.290695
-0.0126343
-0.0387573
-0.0487976
0.0219574
0.0101471
-0.0303192
-0.00411987
0.0430908
0.00732422
-0.040451
-0.0211792
-0.00227356
0.0283051
-0.019928
-0.0539246
-0.0257568
0.00212097
-0.0124817
-0.0192108
0.0428314
0.0940552
0.0934296
0.0682373
0.103271
0.111359
0.199341
0.0631409
0.804749
1.74637
0.797363
0.644623
0.484772
0.288498

[33]
0.326004
-0.102386
0.303574
0.657837
0.646072
0.517303
0.438171
0.257217
0.143082
0.124146
0.147369
0.0385895
0.00202942
-0.235321
-0.716599
-1.29779
-1.75911
-1.83093
-2.07535
-2.09953
-1.08528
-0.965942
1.49895
0.180511
-0.715515
-0.693481
-0.202148
-0.213181
-0.277359
-0.080307
-0.0991821
-0.0861969
-0.0186768
0.0295868
0.0764923
0.0377655
0.0328064
0.0110626
-0.00538635
0.0163727
0.00639343
-0.0197449
-0.00830078
-0.0343628
-0.0135651
-0.0111542
-0.00257874
0.0038147
0.0158539
0.0180511

