[1]
-0.0238342
-0.113953
-0.122894
-0.0916748
-0.0769043
-0.0560455
-0.0989685
-0.0953369
-0.0840149
-0.0333862
-0.103409
-0.100052
-0.108002
-0.102371
-0.10202
-0.0733337
-0.085907
-0.100006
-0.0974579
-0.0612335
-0.0138855
0.0153351
-0.000656128
0.0232239
0.0864563
0.014801
0.107574
0.261826
0.337601
0.323761
0.458572
0.552597
0.492218
0.381104
0.292114
0.21933
0.161926
0.089859
-0.0522614
-0.1716
-0.261154
-0.369843
-0.420685
-0.544189
-0.680038
-0.562042
-0.711029
-0.66127
-0.888733
-0.923203

[2]
-0.789505
-0.700302
0.0588989
0.589661
0.165054
-0.170715
-0.0285645
-0.124695
0.0431976
0.0587463
0.0442505
-0.240067
-0.39473
-0.175171
-0.0703278
-0.0103302
0.0458527
0.0858765
0.0726624
0.0631104
0.0433502
0.0443115
0.0403595
0.0346985
0.0384521
0.0591888
0.0544586
0.0288544
0.0556946
0.0732269
0.0683746
0.0839691
0.118912
0.108826
0.164291
0.0557251
0.0261078
0.0382233
0.189774
0.119492
0.143539
0.0820618
0.170319
0.756805
0.774979
0.439651
1.03748
0.529251
0.37912
-0.163513

[3]
0.163376
0.551514
0.674789
0.528931
0.435471
0.343079
0.323441
0.237366
0.117386
0.000686646
-0.103424
-0.105179
-0.435547
-0.532715
-0.853455
-1.01659
-1.27667
-1.23068
-1.42107
-1.59895
-1.23703
-0.856873
-0.100067
0.566116
-0.0413513
-0.360611
-0.115707
-0.0609589
-0.272888
-0.364716
-0.127731
0.0729675
0.0327911
0.033432
0.0780334
0.10791
0.0633087
0.0397339
0.0258942
0.0628815
0.0339813
0.0632935
0.0987854
0.076828
0.0284729
0.0692902
0.0588531
0.10994
0.0888062
0.108505

[4]
0.0847015
0.0643158
0.116699
0.0760345
0.161179
0.152313
0.130127
0.245926
0.68898
0.843948
0.585526
1.04597
0.531143
0.435394
0.0251465
-0.048233
0.491699
0.754211
0.612411
0.519913
0.36644
0.26178
0.304749
0.271515
0.232025
-0.176804
-0.495987
-0.611588
-0.620667
-0.778336
-0.621323
-0.816254
-1.03569
-1.0468
-1.54196
-1.87404
-0.992172
-0.624481
0.673401
0.353485
-0.406387
-0.313995
-0.192871
-0.065567
-0.186691
-0.139175
0.0590973
0.0209351
-0.0030365
0.119873

[5]
0.140015
0.103317
0.0770569
0.0584412
0.0914612
0.049057
0.017807
0.115524
0.127151
0.102768
0.0258026
0.0652924
0.0194244
0.0510254
0.0410461
0.0925293
0.150101
0.117615
0.153702
0.131714
0.140808
0.160065
0.165543
0.487396
1.54681
0.802902
0.496231
0.618027
0.518433
0.616898
-0.249237
0.438019
0.650223
0.681808
0.539047
0.457809
0.284073
0.188812
0.193741
0.171997
0.145737
-0.154556
-0.273285
-0.641556
-0.90036
-1.18864
-1.22722
-1.57063
-2.03517
-1.61406

[6]
-0.946198
-0.948303
0.877853
0.222427
-0.676971
-0.226852
0.00706482
-0.0873413
-0.253906
-0.240601
-0.0454865
-0.177948
-0.170258
-0.0763702
0.0600128
0.123138
0.0293427
-0.040329
-0.0409851
3.05176e-05
0.026825
-0.0264587
0.00366211
-0.0232697
0.0118103
-0.00187683
0.00184631
0.000732422
0.020874
0.075119
0.0801239
0.0713959
0.122955
0.0467377
0.127396
0.057312
0.167633
0.660599
1.08635
0.778473
0.677933
0.536514
0.795486
-0.00791931
-0.297211
0.133316
0.475845
0.633286
0.56842
0.527039

[7]
0.309753
0.143036
0.0509644
0.122086
-0.0158081
-0.363724
-0.627457
-0.825806
-1.00095
-1.16356
-1.53598
-1.46591
-1.79828
-1.56885
-1.48561
0.665939
0.278397
-0.416306
-0.458145
-0.115417
-0.430557
-0.662064
-0.3134
-0.105545
-0.0943451
-0.0828857
-0.0261383
-0.0301666
-0.0313721
-0.0178375
-0.0315094
-0.0327454
-0.0187073
-0.0173645
-0.009552
-0.0537415
-0.0247498
-0.0246887
-0.0302734
-0.0283356
-0.0271454
-0.0224609
0.0145111
0.0264587
-0.0153046
-0.0287476
-0.000518799
0.0336304
0.0260773
0.344101

[8]
0.733582
1.03838
0.603119
0.640152
0.551117
0.697449
0.530029
-0.237534
-0.202637
0.21373
0.598984
0.602448
0.53923
0.366623
0.154205
-0.00450134
0.0399017
0.160873
0.0489807
-0.224838
-0.655807
-1.04301
-1.47426
-1.47108
-1.84615
-1.89693
-1.37975
-1.10782
0.0621033
0.437592
-0.237701
-0.344162
-0.207855
-0.282379
-0.667023
-0.164551
-0.0449066
-0.114624
-0.15126
-0.0301971
0.00576782
0.0032959
-0.0290222
-0.167313
-0.145401
-0.0858154
-0.0632782
-0.0718231
-0.0870361
-0.0544128

[9]
-0.0354614
-0.0291138
-0.0371552
-0.035202
0.0168457
0.0472565
-0.0402222
-0.0176544
0.000534058
0.0153961
0.100372
-0.0022583
0.334534
1.20517
0.902771
0.691971
0.851303
0.251343
0.449081
-0.310287
0.160889
0.504013
0.63736
0.5121
0.465698
0.283218
0.113281
0.0700684
0.174484
0.192917
-0.0933685
-0.444199
-0.650955
-1.06306
-1.35762
-1.19873
-1.47894
-2.26686
-1.70889
-0.83519
-0.375656
1.00575
0.0435181
-0.723618
-0.312866
0.0848846
-0.240082
-0.266373
-0.165039
-0.3134

[10]
-0.311996
-0.112717
0.0309906
0.0456085
-0.0488281
-0.10141
-0.102905
-0.0805664
-0.0589294
-0.0267792
-0.022171
-0.07341
-0.039566
-0.0458374
-0.0163269
-0.0385284
-0.0300751
0.0378876
0.0362091
0.0820465
0.0531158
0.0656891
0.070694
0.0738983
0.100525
0.0613251
0.504044
1.45093
0.584671
0.664383
0.510971
0.661835
0.0444641
-0.343582
0.239304
0.610138
0.642532
0.537964
0.472321
0.315674
0.158478
0.0750427
0.128555
0.116013
-0.031723
-0.475311
-0.803482
-1.16479
-1.22974
-1.23886

[11]
-2.10651
-1.74153
-1.35242
-0.654419
0.483292
-0.218658
-0.647781
-0.187744
-0.180161
-0.429016
-0.309036
0.0322571
-0.0437317
-0.0767822
-0.0316315
0.0680847
0.122513
0.0829315
-0.02211
-0.0625153
-0.0540161
0.00292969
0.0505829
0.0717163
0.0274658
-0.0195618
-0.0276184
-0.0700073
-0.0581055
0.00556946
0.0306091
0.00222778
0.0117493
0.0582275
0.014389
0.0352783
0.158875
0.173096
0.430481
0.940201
1.05855
0.342392
0.669601
0.41069
0.968521
0.042511
-0.282806
-0.153397
0.261642
0.644836

[12]
0.637314
0.509109
0.336472
0.159409
0.0981293
0.0849609
-0.00808716
-0.244598
-0.418411
-0.670609
-1.15787
-1.59229
-1.60248
-1.63873
-1.8963
-1.43936
-0.584229
0.834473
0.580826
-0.449463
-0.998642
-0.271561
-0.227982
-0.214951
-0.167831
-0.266418
-0.291306
-0.183701
-0.0521545
-0.0376587
-0.0564728
-0.037796
-0.0704193
-0.0132446
0.0421753
-0.0185547
-0.044693
-0.0134125
-0.0245361
-0.12706
-0.0827789
-0.0180054
0.0409546
-0.00283813
0.0311584
0.0657501
0.0859833
0.156006
0.229721
0.0574951

[13]
0.63118
1.40356
0.225067
1.60001
0.606476
0.836334
-0.338318
-0.143494
0.521042
0.862244
0.641159
0.468216
0.348099
0.17189
0.209686
0.164948
0.0779114
-0.065918
-0.407227
-0.534348
-0.949112
-1.62367
-1.64259
-1.82124
-2.58661
-2.06416
-0.191376
1.42087
-1.32588
-0.186523
-0.383102
-0.307022
-0.566895
-0.305145
0.0303802
-0.0942535
0.0505219
0.0421295
0.127777
-0.0503082
-0.0211487
-0.1129
-0.0881653
-0.0450897
-0.0343018
0.0253296
-0.0527802
-0.0581055
-0.0449524
-0.0274506

[14]
0.00642395
0.0758972
0.0427094
0.0382843
0.0627136
0.124557
0.186234
0.07547
0.318741
1.8374
0.709381
0.752197
0.744095
0.892303
-0.0919647
-0.454651
0.19455
0.665009
0.787659
0.615616
0.505875
0.27623
0.16011
0.15799
0.13237
0.0513458
-0.190231
-0.413345
-0.712494
-1.13123
-1.72987
-1.58888
-2.33891
-2.61804
-1.51683
1.09831
0.131851
-0.973236
-0.319229
-0.229507
-0.402969
-0.462891
-0.241043
0.000976562
-0.0646667
-0.0906067
0.0258331
0.0392456
-0.0682678
-0.0982666

[15]
-0.0802307
-0.0574493
-0.0439758
-0.0216827
-0.0171661
-0.0426636
-0.0644073
-0.0469055
-0.0341644
0.0177612
0.0715942
0.128571
0.0526276
0.0379181
0.117691
0.0662689
0.50798
1.91257
0.89859
0.75708
0.59581
0.997192
-0.220764
-0.377838
0.20401
0.598679
0.741531
0.591858
0.504974
0.276459
0.116577
0.124786
0.118896
-0.0164642
-0.270905
-0.53537
-0.685471
-1.4064
-2.01534
-1.8002
-2.31503
-2.40503
-0.2155
1.22615
-1.25433
-0.136475
-0.355911
-0.196793
-0.581436
-0.351837

[16]
-0.0970612
-0.128113
-0.000717163
-0.0255127
0.0318451
0.039505
-0.00785828
-0.0625305
-0.0587463
-0.0171204
-0.062439
-0.0167389
-0.0251312
-0.0769196
-0.0531921
-0.0183105
0.0201569
0.0322113
0.0729065
0.0750885
0.100586
0.133499
0.231583
0.238724
0.484177
1.48112
0.34816
1.49484
0.723846
0.867188
-0.175201
-0.511108
0.217758
0.914307
0.856995
0.636017
0.408752
0.204376
0.138962
0.0970306
-0.0314331
-0.0615845
-0.164307
-0.527039
-1.05859
-1.3168
-1.595
-1.83809
-2.60561
-1.79222

[17]
0.138214
0.726715
-1.24323
-0.113312
-0.119827
-0.333282
-0.626404
-0.334183
-0.0776215
0.000686646
-0.0795441
0.0198669
0.0366669
-0.0233612
-0.075943
-0.0371246
-0.0305328
-0.0535278
-0.0654144
-0.0180664
-0.00909424
-0.133072
-0.0680237
-0.0379486
0.0241547
0.0330658
0.0464478
0.0548401
0.109665
0.0630646
0.0814362
0.0981445
0.0664673
0.691589
1.44421
0.717102
0.420532
0.750183
0.787628
0.695953
-0.0608826
-0.0887756
0.345596
0.653061
0.627762
0.523514
0.331421
0.146973
0.0983276
0.0582733

[18]
0.0321503
-0.143539
-0.514618
-0.750168
-1.22224
-1.75133
-1.5811
-2.23306
-2.60213
-1.25723
0.8535
0.342087
-0.634415
-0.357422
-0.409912
-0.407013
-0.556473
-0.218323
0.039444
-0.0382233
-0.0789795
-0.0212097
-0.0680084
-0.00521851
-0.0310974
-0.0817719
-0.00466919
0.00410461
-0.0871277
-0.0618744
0.00105286
-0.00178528
-0.0388336
-0.061615
-0.0301208
0.0141449
0.0591583
0.0796509
0.0203705
0.0233765
0.173737
0.0722198
0.459579
1.73
0.83252
0.798279
0.607101
0.920746
-0.0311432
-0.420975

[19]
0.0535278
0.437149
0.749969
0.684326
0.626221
0.399887
0.219482
0.104797
0.105743
0.0596771
-0.0605927
-0.3293
-0.559326
-0.932861
-1.6738
-1.88768
-1.89824
-2.61069
-1.52783
1.38651
-0.0828094
-1.08778
-0.192139
-0.390472
-0.473724
-0.694733
-0.263504
-0.0348969
0.041214
0.0273285
0.00428772
0.075592
0.0532227
-0.0926819
-0.113052
-0.131668
-0.0933075
-0.0502014
-0.00401306
-0.0278931
-0.0502014
-0.0441895
-0.0104065
0.0288849
0.106735
0.0814362
0.0614014
0.0865936
0.149323
0.128387

[20]
0.253098
1.785
0.891617
0.564468
0.743042
0.873688
0.059021
-0.32814
-0.045166
0.417252
0.748535
0.685913
0.642944
0.397186
0.142532
-0.00787354
0.0106049
0.0475006
-0.0903168
-0.381149
-0.728043
-0.952408
-1.75323
-1.99916
-2.10844
-2.61307
-1.2486
1.44403
-0.282578
-0.980591
-0.294083
-0.350494
-0.292831
-0.66539
-0.351181
-0.0649109
0.0139618
0.0553436
-0.00450134
-0.0346527
0.0469971
-0.0413818
-0.0420227
-0.0621796
-0.0259552
-0.0129547
-0.0388947
-0.0198975
-0.0415497
-0.065506

[21]
-0.032135
0.0364532
0.0292511
0.0896606
0.0932617
0.0994873
0.0606537
0.110733
0.203888
0.914581
1.96996
0.454956
0.721359
0.621124
0.998444
-0.171585
-0.263
0.120087
0.457993
0.685791
0.618134
0.558151
0.339615
0.144424
0.0243225
0.0288544
0.016037
-0.134995
-0.325714
-0.651993
-1.14258
-1.93297
-1.82072
-2.57089
-2.32954
-0.806229
1.24786
-0.80748
-0.126663
-0.476944
-0.202988
-0.751404
-0.319595
-0.189774
-0.0883026
0.00796509
0.00970459
0.0706482
0.0569916
0.0204468

[22]
-0.0697021
-0.0998077
-0.02742
0.00875854
-0.0557251
-0.054718
-0.014679
-0.0160217
-0.0277863
-0.0222321
0.0348663
0.0745544
0.0678711
0.0861206
0.0378571
0.109818
0.183578
-0.0708618
1.05029
1.73412
0.765549
0.741821
0.868454
0.593292
-0.129288
-0.274551
0.210541
0.649521
0.780792
0.674149
0.565704
0.271393
0.0778809
-0.00335693
0.0449982
0.0277863
-0.0738373
-0.175674
-1.00179
-1.53902
-1.67218
-1.83615
-2.61603
-1.05003
-0.160782
1.00703
-0.17514
-0.774185
-0.34433
-0.176178

[23]
-0.508713
-0.468124
-0.166992
-0.188202
-0.0836487
-0.0500488
0.0426941
0.0478516
0.0233612
-0.0614929
-0.152817
-0.0472107
-0.027832
-0.029953
-0.0569
-0.0270233
0.0130463
-0.0557404
0.00669861
0.0423584
0.0639038
0.0158539
-0.0153503
0.0191498
0.00430298
0.14389
0.145172
0.243851
1.01147
1.00906
0.499725
0.907013
0.605331
0.780548
-0.225021
-0.0193481
0.413025
0.633469
0.588516
0.50415
0.367599
0.224823
0.131683
0.108093
0.103119
0.0140381
-0.143616
-0.313629
-0.636963
-1.19142

[24]
-1.66786
-1.74141
-2.61639
-1.22955
-0.645035
1.04366
0.0656586
-0.861023
-0.502472
-0.311615
-0.375961
-0.413361
-0.217636
-0.128723
-0.0404968
-0.0250549
0.0216217
0.0747681
0.016922
-0.0751801
-0.125961
-0.184723
-0.0780792
-0.0476074
-0.0630798
-0.0341644
-0.0827484
-0.0431671
-0.0175018
-0.00906372
0.0902405
0.0743561
0.0811005
0.0455017
0.0583496
0.174835
0.0624084
0.196411
1.87299
0.798325
0.942657
0.637146
0.837006
-0.242371
-0.411118
0.340912
0.600937
0.642395
0.563492
0.48201

[25]
0.2948
0.161102
0.108841
0.139938
0.106293
-0.088562
-0.3172
-0.720703
-1.1113
-2.06569
-1.80684
-2.3774
-2.37112
-0.512009
1.22833
-0.779053
-0.517883
-0.324997
0.0629425
-0.412949
-0.49678
-0.276199
-0.1241
-0.0355072
0.0239105
0.0265045
0.00253296
-0.0396271
-0.00544739
-0.124817
-0.119812
-0.0184021
0.0331421
0.000839233
-0.0313721
-0.00257874
0.00205994
0.0364685
-0.0332184
0.0634003
0.0934906
0.0795898
0.0052948
0.0874481
0.179504
0.136932
0.484253
1.34407
0.685074
0.941605

[26]
0.855087
0.640808
0.0743408
-0.640732
0.055954
0.563965
0.749313
0.547104
0.445999
0.303329
0.149353
0.0237122
-0.0088501
0.000198364
-0.216217
-0.313904
-0.678223
-1.3103
-1.94344
-1.89377
-2.53661
-2.16127
-0.421707
1.49222
-0.302658
-0.663361
-0.217651
-0.527405
-0.322906
-0.456192
-0.249939
0.000656128
-0.0190125
-0.042511
-0.0406952
-0.00854492
0.0636749
0.0103302
0.0348816
0.00471497
0.00852966
-0.0143433
-0.0583496
-0.0813141
-0.0572968
-0.0670624
-0.0105896
0.0600433
0.11058
0.0819397

[27]
0.0627899
0.0535889
0.0914154
0.112671
0.151245
1.12952
1.3105
0.701385
0.74408
0.626144
0.845963
-0.0371704
-0.278687
0.243988
0.592377
0.698196
0.602585
0.516983
0.291626
0.103348
0.0724487
0.114624
0.0681305
-0.182266
-0.367966
-0.743469
-1.30959
-1.8205
-1.71071
-2.3972
-2.00569
-0.290268
1.24921
-1.18237
-0.122589
-0.301575
-0.233429
-0.593903
-0.208786
-0.0518951
0.00628662
-0.00218201
0.00817871
0.0803528
0.0140381
-0.0167389
-0.0534973
-0.0385284
-0.00413513
-0.0316315

[28]
-0.013855
0.0164642
0.0352783
0.00257874
-0.0351257
0.00898743
0.0511475
0.107681
0.068512
0.0378723
0.0556183
0.135117
0.0304871
0.488419
1.6749
0.907227
0.735626
0.622665
0.827988
0.134613
-0.39502
0.210785
0.506027
0.649582
0.560638
0.541336
0.379471
0.204895
0.0976868
0.0794373
0.0668182
-0.0836182
-0.375534
-0.629501
-1.00406
-1.86618
-1.96655
-1.92455
-2.25996
-1.42325
1.41174
0.271957
-1.18002
-0.292633
-0.120453
-0.31015
-0.480881
-0.101776
-0.0653381
-0.0355835

[29]
0.00593567
0.0208893
0.0568542
-0.0509644
-0.0806885
-0.0379639
-0.0118103
-0.0400085
-0.0367126
-0.00259399
0.0549011
-0.0365753
-0.0318604
0.0394897
0.0940399
0.0896759
0.117142
0.0566864
0.120148
0.14595
0.198837
0.554581
1.50171
1.13855
0.512558
0.558701
1.03081
0.1064
-0.0884094
-0.0201721
0.454498
0.717697
0.71756
0.625534
0.447845
0.226578
0.0880127
0.0795135
0.0983887
0.0114899
-0.266968
-0.564026
-0.858856
-1.50192
-1.8291
-1.61285
-2.55983
-1.81801
1.10838
-0.20491

[30]
-0.8255
-0.119797
-0.0762024
-0.305588
-0.460403
-0.0602722
-0.033371
0.0280914
-0.00823975
0.0201721
0.0652466
-0.10437
-0.0444336
-0.0126801
-0.00483704
-0.00802612
-0.0123138
-0.0215759
-0.00489807
0.00836182
-0.0264893
0.00956726
0.0332947
0.0505829
0.0868835
0.092514
0.0714264
0.0926208
0.193817
0.161407
0.884338
2.00998
0.529602
0.432495
0.651184
1.10507
-0.316559
-0.274048
0.240738
0.564713
0.680771
0.573532
0.502045
0.314529
0.107697
0.0762329
0.124893
0.0475464
-0.186127
-0.399475

[31]
-0.725586
-1.3342
-1.95346
-1.64708
-2.09915
-2.58551
-0.722031
0.442917
0.805939
-0.684235
-0.178986
-0.199432
-0.352036
-0.598846
-0.240646
-0.0587921
-0.015625
-0.0598755
-0.040863
0.00445557
0.000564575
-0.0504303
-0.10173
-0.0533752
0.0072937
-0.0847015
-0.0858154
0.00175476
0.0197906
-0.0323486
-0.0175934
0.00128174
0.0391083
0.0694885
0.00311279
0.00837708
-0.0337219
0.0843048
0.100357
0.392715
1.19232
0.840271
0.615372
1.01639
0.491623
0.80368
-0.0614777
-0.243469
0.179916
0.587601

[32]
0.64859
0.573151
0.444122
0.223679
0.0900269
0.0639191
0.0459747
0.0251312
-0.169586
-0.457169
-1.11269
-1.42123
-1.61194
-1.56587
-2.20398
-1.6844
-1.02618
1.01576
0.151108
-0.779373
-0.250183
-0.153442
-0.297699
-0.607391
-0.229935
-0.0904541
-0.0714722
-0.0575562
0.0119781
0.036499
-0.0992584
-0.113556
-0.157166
-0.139725
-0.146362
-0.155975
-0.12117
-0.0379944
-0.0552216
0.00650024
0.0183105
0.0507507
0.0384369
0.0557251
0.0140076
-0.0578461
-0.029953
-0.0183868
0.0482635
0.0438995

