[1]
0.330841
-0.140015
-0.164429
-0.166306
0.0974426
0.0127563
-0.082489
-0.116486
-0.00360107
0.0323944
-0.0118713
0.00819397
-0.0212555
-0.0896454
-0.0596466
-0.00102234
0.0196991
0.0504761
0.167007
0.0543365
0.043869
0.107834
0.0812073
0.144897
0.271835
0.754318
1.29918
0.785263
0.54097
0.540009
0.406952
0.193665
0.189224
0.736008
0.835358
0.72377
0.607025
0.453796
0.388397
0.271622
0.320984
0.256882
0.203262
0.0411377
-0.215317
-0.685257
-1.20766
-1.52983
-1.48793
-1.5451

[2]
-1.97646
-1.92197
-1.82349
0.282898
1.47496
-0.929977
-0.494827
-0.343155
-0.771072
-0.412048
0.0435028
0.0288696
-0.0956726
-0.0610657
-0.0176086
-0.0126801
0.00370789
-0.0498047
-0.0520325
-0.00463867
-0.00454712
-0.0324554
-0.00775146
-0.00323486
-0.00860596
-0.0713348
-0.0259399
0.0837708
-0.00717163
0.0465851
0.102188
0.126282
0.162842
0.0948486
0.121826
0.170639
0.348495
1.1554
1.28943
0.555084
0.517639
0.535355
-0.0316162
-0.260254
0.447098
0.870132
0.717651
0.497253
0.413742
0.256531

[3]
0.235977
0.205261
0.153351
0.186432
-0.0122681
-0.243118
-0.353256
-0.64061
-0.96788
-1.2683
-1.38741
-1.30998
-1.38271
-1.43839
-1.39221
-1.2934
0.574097
1.58217
-1.06979
-0.273697
-0.306503
-0.565948
-0.322739
0.115082
-0.109894
0.0622406
-0.00540161
-0.0279083
0.148697
0.000534058
-0.0244751
0.010849
0.0576019
0.0301514
-0.0039978
0.0212097
0.0604095
0.0520935
0.00157166
0.00883484
0.01828
0.05513
0.053009
0.0115204
0.051712
0.0943756
0.0826416
0.0989838
0.140121
0.132721

[4]
0.192429
0.2491
0.437393
0.879944
1.35855
0.715546
0.236542
0.373642
0.522018
0.357117
0.0162048
0.48494
0.747787
0.727493
0.562653
0.438934
0.307831
0.206497
0.287262
0.215042
0.176941
-0.000488281
-0.324188
-0.59288
-0.839752
-1.09515
-1.31267
-1.3257
-1.40039
-1.48169
-1.52464
-1.27197
-0.708496
1.72775
-0.388626
-0.648163
-0.200592
-0.512115
-0.25592
-0.0177765
0.0793152
-0.0189362
0.0497742
0.0760803
0.0487976
0.0475616
0.106522
0.041626
0.029129
0.0326233

[5]
0.0343018
0.10228
0.0784149
0.0619507
0.0262146
0.0403137
0.0817261
0.0586395
0.0469513
0.0406342
0.123245
0.147827
0.153503
0.164093
0.125137
0.163757
0.142059
0.220596
0.320938
0.981415
1.397
0.783981
0.452713
0.345001
0.353043
0.193085
0.170715
0.825928
0.835938
0.666077
0.52684
0.452591
0.434387
0.435211
0.446182
0.407501
0.300385
0.0103149
-0.42981
-0.761917
-1.07211
-1.25218
-1.41495
-1.59435
-1.69258
-1.51553
-1.12125
-1.15387
1.07545
0.213135

[6]
-0.610291
-0.25972
-0.236267
-0.429977
-0.00654602
0.0961151
-0.0617065
-0.016571
0.018158
0.0444946
0.00434875
0.0431519
0.0242615
0.0543365
0.0876465
-0.0268707
0.0350647
0.0618896
0.0281525
0.00480652
-0.00413513
0.024292
0.0744476
0.0737915
0.0493011
0.0814972
0.103531
0.108978
0.167343
0.161575
0.130447
0.205368
0.347504
0.694763
1.11369
1.00597
0.353943
0.454636
0.378113
0.41124
0.067688
0.381866
0.733124
0.710037
0.628601
0.517105
0.428802
0.26564
0.184235
0.196274

[7]
0.102158
4.57764e-05
-0.150299
-0.425034
-0.697464
-1.05597
-1.17357
-1.19304
-1.28102
-1.1701
-1.43217
-1.31476
-0.719147
1.64317
-0.601089
-0.516159
-0.249344
-0.199936
-0.552902
0.130386
0.0739288
0.11795
0.106903
0.00717163
-0.0297546
0.139389
0.0515594
0.0428467
0.0541687
0.0352936
0.0849762
0.0755768
0.10672
0.0757141
-0.0122375
0.0169525
0.0866699
0.0653687
0.089035
0.112335
0.135681
0.172104
0.154938
0.183884
0.180283
0.186493
0.303055
0.48407
0.689178
0.992523

[8]
0.80864
0.288956
0.400513
0.589447
0.41478
0.063324
0.238464
0.6577
0.780472
0.63205
0.470016
0.39064
0.353897
0.308105
0.265167
0.260178
0.134354
-0.107788
-0.422211
-0.825195
-1.15848
-1.42693
-1.57236
-1.63707
-1.45319
-1.56526
-1.3694
0.871765
0.398453
-0.517105
-0.34169
-0.157104
-0.452545
0.0441589
0.106659
-0.0584259
-0.00563049
0.00456238
0.0241394
0.0388031
-0.00138855
-0.0282135
0.0383148
-0.0530853
-0.0273895
0.0463562
0.0520935
0.033783
-0.0118408
-0.0454407

[9]
0.0553131
0.0573883
0.0727539
0.106064
0.121414
0.131836
0.130005
0.148621
0.198608
0.14595
0.242737
0.438293
1.15179
1.16901
0.418777
0.392273
0.484528
0.420868
0.376907
0.0808411
0.411758
0.598801
0.62059
0.578979
0.451538
0.278412
0.21228
0.241455
0.220749
-0.0288239
-0.261444
-0.492432
-0.727982
-0.914871
-1.00197
-1.07483
-1.23541
-1.32587
-1.39079
-1.15495
-1.16185
-0.538284
1.59676
0.10585
-0.731262
-0.206894
-0.412506
-0.40976
0.0177307
0.0163879

[10]
-0.0597687
0.00930786
0.0539856
0.0406952
0.0632935
0.174225
0.0817719
0.0584259
0.056427
0.0712128
0.0847778
0.081131
0.0633392
0.0716553
0.0315857
0.023819
0.0727539
0.0515137
0.0615387
0.119186
0.114136
0.156784
0.127426
0.127396
0.193573
0.198868
0.24585
0.348999
0.677185
1.13586
0.862488
0.378311
0.165207
0.487045
0.38089
-0.0548859
0.483917
0.819397
0.783829
0.654877
0.479645
0.397919
0.308151
0.372574
0.29007
0.160156
-0.165665
-0.43515
-0.640594
-0.895996

[11]
-1.01093
-1.00417
-1.02737
-1.06009
-1.1312
-1.20274
-1.36589
-0.877518
1.12697
0.472321
-0.422882
-0.16272
-0.221573
-0.438858
-0.347366
0.172256
0.0406799
0.135483
0.128784
0.022995
0.0110168
0.14209
0.0624237
0.0325928
0.0187225
0.036499
0.0703125
0.0680542
0.0618744
0.0705872
0.00730896
0.0247345
0.0424805
0.0733337
0.0911255
0.149063
0.173386
0.208725
0.148727
0.168839
0.222717
0.190689
0.221237
0.234238
0.661591
1.41577
0.768509
0.34787
0.334167
0.343811

[12]
0.315308
0.0643311
0.72702
0.866531
0.715637
0.568771
0.465698
0.394119
0.42482
0.418335
0.393799
0.331161
0.079895
-0.16713
-0.419891
-0.767838
-1.17528
-1.3273
-1.31325
-1.40633
-1.80078
-1.1413
-1.25114
-0.0496674
1.66714
-0.070816
-0.843903
-0.387497
-0.449799
-0.361847
0.315857
0.0718231
0.095871
0.108704
0.0169067
0.00906372
0.182098
0.104095
0.062973
0.042923
0.0506134
0.0632172
0.148987
0.0635223
-0.0093689
0.0387421
0.0530701
0.0562439
0.100204
0.10849

[13]
0.186218
0.10466
0.164108
0.168091
0.190445
0.203995
0.209869
0.217438
0.592896
1.25377
1.276
0.50412
0.342377
0.677933
0.464325
0.183319
0.2668
0.727783
0.83313
0.727814
0.528625
0.426819
0.419434
0.412155
0.369095
0.302216
0.164978
-0.0191345
-0.275772
-0.863358
-1.20918
-1.24414
-1.38831
-1.5197
-1.76057
-1.5784
-1.37395
0.892059
0.321716
-0.998306
-0.221588
-0.412704
-0.248383
-0.116943
0.0799103
0.030838
0.0805206
0.0441437
-0.0574036
-0.0279541

[14]
0.103333
0.0873566
0.0311279
-0.00259399
0.0661469
0.112442
0.0921631
0.0403442
0.0447388
0.0199127
0.0335541
0.0576477
0.0933685
0.0972443
0.109299
0.131256
0.14212
0.165848
0.205597
0.194946
0.189987
0.290192
1.05493
1.52203
0.663269
0.37056
0.520981
0.335175
0.205215
0.213364
0.823776
0.870514
0.687683
0.552261
0.433762
0.29747
0.298065
0.304276
0.283005
0.0896454
-0.0850372
-0.318237
-0.663513
-1.13702
-1.3663
-1.27672
-1.30034
-1.35175
-1.60579
-1.33272

[15]
-1.19989
0.910812
1.07744
-0.971375
-0.469788
-0.322098
-0.399139
-0.106964
0.113281
-0.0866547
0.0418854
0.0716248
0.0261536
0.0409851
0.0348053
0.129517
0.105911
0.0470886
0.142426
0.071228
0.0627747
0.0743866
0.0522308
0.0820007
0.0597839
0.035553
0.0885468
0.133255
0.184952
0.129868
0.169128
0.189651
0.186966
0.225464
0.314728
0.396255
0.838623
1.27248
0.680969
0.431488
0.562027
0.641205
0.0645905
-0.280075
0.649445
0.962341
0.729248
0.547272
0.4245
0.375122

[16]
0.308746
0.328415
0.411057
0.2668
-0.0718689
-0.365326
-0.617813
-0.931274
-1.21652
-1.27565
-1.49231
-1.53049
-1.53543
-1.35768
-1.20773
-0.450058
1.36215
0.113281
-0.495728
-0.529099
-0.505676
-0.201065
-0.0763855
-0.0135803
-0.0391541
0.0466614
0.0383148
0.123032
0.130722
0.120789
0.0999146
0.0938721
0.0390472
0.0529633
0.0809021
0.111725
0.0477753
0.0070343
0.0234222
0.133972
0.0844574
0.0708313
0.112076
0.141724
0.15712
0.175705
0.178329
0.182144
0.206055
0.224182

[17]
0.846619
1.37407
0.928619
0.363892
0.42807
0.572067
0.296875
0.0478668
0.422821
0.722153
0.723465
0.698166
0.554016
0.403336
0.315399
0.332077
0.320587
0.234833
-0.0474091
-0.367859
-0.558777
-0.771347
-0.952255
-0.982574
-1.0899
-1.03773
-1.44235
-1.48331
-1.38213
-1.04736
1.64726
0.215866
-0.778107
-0.246124
-0.254028
-0.439697
-0.250473
0.105225
-0.0579224
0.0593262
0.156357
0.110718
0.0165558
0.0919189
0.0582886
0.0476379
0.0326691
0.0334473
0.0927277
0.0826569

[18]
0.0970154
0.0753174
0.0476532
0.0233459
0.0458832
0.0467682
0.0967255
0.106155
0.132126
0.127304
0.0856018
0.18602
0.164963
0.148087
0.236694
0.280655
0.548508
0.869705
1.1162
0.474457
0.386566
0.36113
0.411346
0.331528
0.188812
0.759109
0.829971
0.681274
0.470917
0.401489
0.358734
0.3311
0.336639
0.29834
0.132584
-0.130569
-0.407761
-0.710098
-0.827118
-0.836563
-0.936478
-1.10966
-1.12224
-1.32944
-1.50977
-0.955688
-1.19739
0.274811
1.14166
-0.129318

[19]
-0.322601
-0.277496
-0.546341
-0.237762
0.00811768
0.0514069
-0.0443115
-0.00440979
0.094223
0.00547791
0.117676
0.0747223
0.0931702
0.0877533
0.094696
0.0617371
0.0588226
0.0527802
0.0926361
0.0793915
0.0276031
0.0439911
0.103134
0.0601959
0.0528107
0.0407715
0.0834198
0.147064
0.0795898
0.103027
0.174484
0.186188
0.3069
0.474533
0.679199
0.947708
1.13345
0.430008
0.352585
0.476761
0.313293
-0.0218964
0.647888
0.881317
0.733292
0.551544
0.46814
0.405457
0.423981
0.407852

[20]
0.371857
0.281281
0.0445251
-0.187363
-0.465271
-0.803024
-1.04924
-1.16557
-1.20276
-1.25122
-1.11195
-1.2776
-1.2585
-1.15291
-0.601273
1.74037
-0.463104
-0.577576
-0.208786
-0.424332
-0.297104
0.0336151
-0.0112915
-0.00498962
0.110489
0.10025
0.0315857
0.0614777
0.163254
0.130249
0.100067
0.0514374
0.154297
0.143936
0.09758
0.109451
0.0680847
0.0521851
0.0327606
0.0765533
0.0693359
0.11763
0.189774
0.0812683
0.169357
0.183273
0.24791
0.276855
0.262619
0.302811

[21]
0.725449
1.48494
0.68959
0.534805
0.557709
0.441208
0.316452
0.0309296
0.805267
0.947922
0.717667
0.547424
0.397995
0.314987
0.336853
0.304947
0.222656
-0.0239105
-0.229889
-0.528656
-0.745071
-0.865997
-1.10135
-0.962585
-0.856369
-0.995102
-1.15543
-1.24011
-1.25993
-0.792923
-0.720016
1.4104
0.865967
-0.812622
-0.428604
-0.40715
-0.213409
0.0334625
-0.0156403
-0.108109
0.125137
0.10054
0.0513458
0.183014
0.138062
0.0646515
0.0814819
0.121552
0.135712
0.110474

[22]
0.0779114
0.0923462
0.11351
0.0565186
0.0465851
0.112198
0.103943
0.145096
0.11293
0.163452
0.216995
0.181931
0.262451
0.26236
0.237823
0.387756
0.400513
1.02898
1.3559
0.389008
0.362289
0.406082
0.469635
0.257294
0.417023
0.829239
0.782013
0.616943
0.486084
0.42482
0.383865
0.403641
0.347885
0.247177
0.114136
-0.176346
-0.470367
-0.75853
-1.00693
-1.13983
-1.08575
-1.11774
-1.11015
-1.17767
-1.05681
-1.26453
-1.24535
1.45457
0.296585
-0.414062

[23]
-0.266083
-0.279297
-0.235458
-0.154755
0.0953369
0.0620117
0.103348
0.134705
0.0217896
0.133423
0.194244
0.0772095
0.0818024
0.0940704
0.125137
0.109604
0.0785217
0.0673828
0.0911407
0.0899048
0.134369
0.178314
0.148911
0.114792
0.171295
0.152603
0.191864
0.218246
0.291397
0.284271
0.315704
0.578339
1.28607
1.0536
0.435181
0.718048
0.501114
0.374069
0.163513
0.740997
0.891846
0.697678
0.508011
0.465515
0.400009
0.237366
0.26947
0.214172
0.0888062
-0.110931

[24]
-0.412689
-0.697235
-0.923645
-1.09163
-1.11617
-1.07881
-1.1226
-1.2225
-1.24638
-1.16873
-0.874908
-0.458893
1.81339
0.0496674
-0.566422
-0.256592
-0.438507
-0.202133
-0.0132446
0.0460815
0.0535278
0.142975
0.180038
0.210358
0.196518
0.050827
0.0743866
0.0887451
0.130859
0.0825653
0.121872
0.125397
0.141876
0.122421
0.0713196
0.068222
0.146194
0.198395
0.195862
0.174896
0.157394
0.173416
0.226303
0.278229
0.291336
0.285141
0.271622
0.658585
1.32588
0.975571

[25]
0.527161
0.577835
0.439529
0.352753
-0.121185
0.825912
0.998917
0.690292
0.542679
0.448334
0.329575
0.333664
0.358383
0.29158
-0.000198364
-0.188614
-0.40686
-0.599945
-0.795441
-0.846497
-0.932068
-0.989807
-0.988907
-0.938599
-1.13179
-1.19644
-1.05751
-0.388519
1.79993
-0.60141
-0.308441
-0.269943
-0.304596
-0.338928
0.0513306
0.049057
0.0545349
0.1642
0.121704
0.107315
0.207932
0.163376
0.15509
0.105011
0.186234
0.170837
0.14032
0.10939
0.118103
0.112213

[26]
0.0785065
0.0756531
0.105164
0.147766
0.171799
0.209686
0.237503
0.239212
0.24498
0.26152
0.310043
0.371613
0.389999
0.856888
1.44652
0.538467
0.467819
0.502655
0.511536
0.317337
0.376114
0.866592
0.836243
0.67897
0.555649
0.471588
0.426575
0.429825
0.340927
0.297195
0.173645
-0.092453
-0.322449
-0.594589
-0.871628
-1.16351
-1.25157
-1.26387
-1.00357
-1.23877
-1.48552
-1.21265
0.707809
0.332855
-0.545853
-0.473373
-0.231995
-0.166458
0.0769958
0.0975494

[27]
0.0748138
0.0627747
0.194839
0.196106
0.155304
0.100983
0.122528
0.109497
0.0983582
0.127258
0.135315
0.0859222
0.0709076
0.0971222
0.125687
0.149933
0.115906
0.132355
0.157486
0.154587
0.220993
0.187149
0.210663
0.22995
0.275116
0.346298
0.467667
0.881714
1.16365
0.716995
0.369171
0.495377
0.650101
0.227966
0.0636902
0.419144
0.826065
0.805328
0.651657
0.470856
0.410065
0.383652
0.430801
0.366867
0.258209
-0.00831604
-0.282379
-0.557755
-0.944504
-1.23131

[28]
-1.25252
-1.20709
-1.33894
-1.42715
-1.37598
-1.09198
-0.567627
1.82071
-0.133057
-0.232758
-0.286835
-0.508377
-0.0514069
0.15712
0.0534973
0.0141754
0.0461121
0.00488281
0.222626
0.0896149
0.091629
0.0882721
0.135529
0.0949402
0.12558
0.151855
0.127136
0.120636
0.126434
0.106308
0.129517
0.151245
0.142731
0.128372
0.169769
0.220459
0.234161
0.324753
0.326187
0.324219
0.307495
0.751144
1.31941
0.855225
0.301163
0.517868
0.58873
0.251419
-0.183456
0.576157

[29]
1.00238
0.860916
0.657745
0.551941
0.444275
0.325912
0.389908
0.41243
0.264008
-0.146423
-0.474686
-0.632599
-0.8284
-1.05432
-1.19681
-1.353
-1.21307
-0.986572
-1.01601
-1.18759
-1.06595
0.465668
1.03717
-0.491653
-0.400818
-0.188965
-0.367599
0.0145721
0.110504
0.0518951
0.0625153
0.132736
0.124786
0.155151
0.212585
0.180237
0.115524
0.0957947
0.0986786
0.186707
0.0936737
0.134628
0.120773
0.11441
0.128708
0.106888
0.113861
0.112305
0.0871277
0.16127

[30]
0.135345
0.180725
0.193039
0.246063
0.263229
0.287445
0.370407
0.607376
0.789627
1.04036
0.621841
0.346802
0.365417
0.378479
0.282303
0.312012
0.928238
0.927277
0.662079
0.49295
0.361465
0.429199
0.414124
0.392807
0.290207
0.0626526
-0.129639
-0.319
-0.536087
-0.756607
-0.935593
-1.01566
-1.02385
-1.10832
-0.991776
-1.18448
-1.36191
-1.21283
0.782501
0.281799
-0.772919
-0.367584
-0.143066
-0.191055
-0.0216827
0.0748749
0.0270844
0.102386
0.140076
0.114792

[31]
0.157303
0.182663
0.120926
0.110641
0.0950623
0.110367
0.070816
0.110352
0.0978699
0.108276
0.136993
0.0686188
0.0827789
0.153885
0.172104
0.169693
0.162567
0.182449
0.193634
0.245163
0.260071
0.263046
0.435532
0.505386
0.949829
1.07027
0.479492
0.231216
0.521286
0.434097
0.300461
0.274429
0.782516
0.837692
0.727524
0.576233
0.503784
0.405045
0.447586
0.536179
0.309601
0.116379
0.0121613
-0.199829
-0.379364
-0.693344
-1.09486
-1.30923
-1.44778
-1.43405

[32]
-1.14706
-1.33228
-1.34882
-0.818573
1.70392
-0.435501
-0.668381
-0.210342
-0.190613
-0.218109
0.104919
0.0163422
0.00672913
0.118668
0.0990143
0.079895
0.159668
0.260849
0.184479
0.0582275
0.108521
0.103928
0.0856934
0.0457458
0.0724182
0.0987701
0.0618286
0.0597839
0.141647
0.148529
0.210754
0.203568
0.234848
0.176605
0.191986
0.216553
0.344788
0.32457
0.751968
1.24243
0.589172
0.593613
0.502701
0.425629
0.290878
-0.0653229
0.721741
0.979874
0.777802
0.612717

[33]
0.489365
0.447464
0.472198
0.45311
0.390381
0.329498
0.128235
-0.0309296
-0.261063
-0.743973
-1.03532
-1.28192
-1.43491
-1.42476
-1.66777
-1.52777
-1.37521
-0.706192
1.3989
-0.115646
-0.541794
-0.18779
-0.369644
-0.212219
0.0506897
0.141541
-0.00268555
0.0554657
0.137527
0.161636
0.0649872
0.0865479
0.0885925
0.0235901
0.022049
0.118835
0.0874786
0.0807953
0.0678558
0.0630646
0.0901489
0.0917358
0.120605
0.0814056
0.19133
0.166779
0.104111
0.159821
0.126556
0.216095

[34]
0.285828
0.210632
0.529236
1.27591
0.729736
0.454453
0.49852
0.430359
0.333328
0.0384979
0.56839
0.901398
0.821426
0.623779
0.466064
0.419952
0.432358
0.379349
0.28096
0.242981
0.123642
-0.0372467
-0.343414
-0.690231
-0.975494
-1.20384
-1.23152
-1.28688
-1.40475
-1.67131
-1.09058
-1.15895
0.783081
1.19803
-0.717148
-0.250427
-0.341019
-0.509781
-0.16394
0.0622101
0.00996399
0.0654907
0.113419
0.0257568
0.101624
0.103516
0.0840302
0.0521545
0.0676117
0.089447

[35]
0.102036
0.080719
0.133713
0.103058
0.0335236
0.0409088
0.00889587
0.0466766
0.112411
0.16893
0.1633
0.199203
0.193146
0.187683
0.221985
0.236481
0.398941
1.26279
1.01508
0.542908
0.553497
0.383911
0.354553
-0.00466919
0.332581
0.822189
0.797714
0.643127
0.551163
0.379852
0.335846
0.283005
0.23967
0.191315
-0.0130768
-0.37352
-0.552612
-0.747726
-1.0417
-1.26959
-1.30727
-1.14763
-0.888
-1.1622
-1.14688
0.842865
0.6241
-0.940659
-0.227539
0.0546875

