[0]
0.0359802
-0.864624
-0.748932
-0.713593
-0.781693
-0.800003
-0.879852
-0.952484
-0.933014
-0.881104
-0.87088
-0.918076
-0.895355
-0.815735
-0.715668
-0.6315
-0.5345
-0.424576
-0.320587
-0.272583
-0.265808
-0.111481
0.081955
0.155045
0.263443
0.371353
0.449341
0.459747
0.673645
0.952316
1.02989
0.994247
0.902786
0.840469
0.900177
0.96608
0.928558
0.885803
0.861908
0.756271
0.639618
0.540024
0.362518
0.203842
0.0761566
-0.0465393
-0.10553
-0.272171
-0.542648
-0.741776

[1]
-0.872894
-0.977097
-1.01918
-0.972168
-0.921555
-0.866638
-0.801987
-0.782608
-0.765152
-0.742508
-0.722946
-0.79303
-0.844315
-0.872604
-0.867676
-0.806992
-0.728561
-0.638474
-0.554123
-0.439865
-0.334213
-0.235977
-0.138748
-0.123535
-0.185608
-0.245407
-0.0679474
0.165405
0.2836
0.387192
0.482407
0.600967
0.694305
0.80899
0.854401
0.693451
0.692276
0.798294
0.853333
0.861282
0.82251
0.780655
0.714462
0.599487
0.4431
0.317581
0.246826
0.199814
0.109909
-0.0165558

[2]
-0.158066
-0.363068
-0.558868
-0.703018
-0.81868
-0.937195
-0.99852
-1.03773
-0.972092
-0.87413
-0.81456
-0.800781
-0.798981
-0.794327
-0.795685
-0.78656
-0.816666
-0.835297
-0.843063
-0.802689
-0.757568
-0.676392
-0.571564
-0.450104
-0.331039
-0.223679
-0.143387
-0.134216
-0.139511
0.0304718
0.209473
0.329147
0.448318
0.490036
0.553726
0.561432
0.705597
0.854797
0.906601
0.829361
0.696686
0.632523
0.672562
0.673874
0.605621
0.514999
0.478378
0.419266
0.340622
0.259018

[3]
0.196457
0.0849152
-0.0265198
-0.125046
-0.236603
-0.371384
-0.524338
-0.543716
-0.515793
-0.565033
-0.628067
-0.693115
-0.728729
-0.729187
-0.713989
-0.646652
-0.626114
-0.654114
-0.680634
-0.711151
-0.662827
-0.570374
-0.626175
-0.570389
-0.519928
-0.490158
-0.445114
-0.391129
-0.31012
-0.238586
-0.151154
-0.116241
-0.216675
-0.0770264
0.137909
0.0718384
0.175171
0.313583
0.349442
0.352249
0.389648
0.434845
0.514709
0.565643
0.546021
0.549332
0.570801
0.611801
0.649551
0.637451

[4]
0.598495
0.524628
0.457123
0.393555
0.301254
0.242157
0.176163
0.157562
0.0267181
-0.18985
-0.235229
-0.344406
-0.471069
-0.574432
-0.630829
-0.741577
-0.745651
-0.721664
-0.63974
-0.609268
-0.586227
-0.541397
-0.535568
-0.575638
-0.637238
-0.643875
-0.620834
-0.572937
-0.545166
-0.504761
-0.438293
-0.371521
-0.295883
-0.19339
-0.129318
-0.107834
-0.151245
-0.183228
0.0826263
0.128479
0.15007
0.242661
0.316025
0.327133
0.340515
0.413757
0.498047
0.542313
0.584702
0.579376

[5]
0.546585
0.535736
0.546692
0.571198
0.555679
0.519485
0.466461
0.420151
0.354996
0.282196
0.199142
0.12323
0.0915527
-0.0153656
-0.398682
-0.354004
-0.428375
-0.536194
-0.562988
-0.573196
-0.707977
-0.728592
-0.657944
-0.5914
-0.564697
-0.581757
-0.574036
-0.608658
-0.684616
-0.737656
-0.742096
-0.682739
-0.575378
-0.516693
-0.487137
-0.446228
-0.393784
-0.335571
-0.232986
-0.145477
-0.108398
-0.167267
-0.198471
-0.00482178
0.0821991
0.174988
0.284348
0.368225
0.388702
0.203476

[6]
0.280106
0.455353
0.532837
0.60527
0.660889
0.652283
0.631363
0.57576
0.543259
0.534134
0.495697
0.4655
0.429413
0.393753
0.317947
0.230118
0.142838
0.0542145
-0.086319
-0.196167
-0.282654
-0.384506
-0.462891
-0.559738
-0.706253
-0.837173
-0.93959
-0.822525
-0.602402
-0.52977
-0.552536
-0.540192
-0.566803
-0.616608
-0.616104
-0.592865
-0.545364
-0.502426
-0.46048
-0.42157
-0.361649
-0.324265
-0.294662
-0.228409
-0.164398
-0.145844
-0.201431
-0.0405121
0.0933075
0.0731812

[7]
0.146088
0.228531
0.291351
0.300034
0.344818
0.410049
0.483353
0.526718
0.544083
0.56218
0.577225
0.561981
0.577377
0.603073
0.573837
0.538574
0.499664
0.43895
0.364044
0.28392
0.22377
0.169617
0.118317
-0.00204468
-0.186874
-0.249115
-0.356796
-0.459518
-0.490387
-0.532944
-0.626511
-0.665863
-0.649536
-0.614105
-0.597351
-0.604599
-0.605103
-0.650421
-0.697403
-0.689835
-0.656631
-0.671204
-0.63385
-0.604919
-0.536057
-0.468857
-0.40419
-0.303329
-0.221725
-0.165741

[8]
-0.170227
-0.199127
-0.0482025
0.0541382
0.121353
0.239975
0.323288
0.328629
0.323959
0.365295
0.42366
0.519501
0.611115
0.668503
0.653564
0.635559
0.634781
0.67337
0.647202
0.59967
0.517731
0.4478
0.383942
0.311859
0.238632
0.197144
0.134064
0.0653534
-0.0526276
-0.234314
-0.286514
-0.394379
-0.486511
-0.553665
-0.624756
-0.749725
-0.779755
-0.788147
-0.729156
-0.676086
-0.63298
-0.677307
-0.659622
-0.697403
-0.73674
-0.735748
-0.688843
-0.61998
-0.582443
-0.520126

[9]
-0.442963
-0.385651
-0.316376
-0.224762
-0.156921
-0.139023
-0.167877
-0.0142517
0.176132
0.198425
0.27742
0.363754
0.370514
0.380081
0.409607
0.514069
0.625641
0.695206
0.684097
0.646088
0.610962
0.608704
0.608521
0.585953
0.575958
0.511398
0.459045
0.406555
0.342407
0.27829
0.193466
0.136581
0.0282288
-0.171951
-0.277878
-0.407455
-0.52388
-0.577179
-0.627594
-0.727753
-0.774231
-0.727585
-0.667587
-0.6707
-0.698471
-0.678284
-0.709381
-0.73349
-0.688339
-0.634521

[10]
-0.598038
-0.597672
-0.580093
-0.581604
-0.54744
-0.473389
-0.396622
-0.292542
-0.207596
-0.181305
-0.245743
-0.104248
0.0678101
0.0980835
0.198334
0.326187
0.37941
0.365784
0.337982
0.390976
0.49617
0.664444
0.804581
0.837021
0.782242
0.70433
0.674149
0.677719
0.652786
0.627243
0.567902
0.462601
0.351288
0.268448
0.222733
0.158966
0.0891266
-0.0147095
-0.270813
-0.403778
-0.498032
-0.607941
-0.645416
-0.636139
-0.728607
-0.734589
-0.670715
-0.592239
-0.573471
-0.58876

[11]
-0.570267
-0.624695
-0.657822
-0.672592
-0.62764
-0.601212
-0.566742
-0.524536
-0.468521
-0.410583
-0.340179
-0.245499
-0.158066
-0.0961609
-0.0672302
-0.1138
-0.0610962
0.15892
0.169708
0.202805
0.262039
0.306473
0.343918
0.370193
0.413788
0.488815
0.560562
0.572357
0.583618
0.549942
0.568069
0.602158
0.647018
0.622696
0.577591
0.504776
0.413116
0.337021
0.260376
0.182449
0.104752
0.0452576
-0.0307159
-0.233505
-0.355576
-0.471466
-0.545532
-0.568741
-0.599136
-0.686935

[12]
-0.715454
-0.674057
-0.639664
-0.564697
-0.597778
-0.589508
-0.615448
-0.67009
-0.694061
-0.694717
-0.648666
-0.584793
-0.541702
-0.48056
-0.399704
-0.292847
-0.229553
-0.163483
-0.140915
-0.178818
-0.137421
0.187607
0.185303
0.212173
0.345032
0.418808
0.443848
0.438004
0.547394
0.681427
0.746811
0.736038
0.727676
0.7202
0.68486
0.64444
0.603546
0.563293
0.507446
0.445251
0.361038
0.2715
0.202011
0.132675
0.0707703
-0.00849915
-0.104538
-0.348907
-0.457321
-0.504135

