[0]
0.334854
0.390701
0.364944
0.380692
0.401596
0.485046
0.601181
0.710648
1.12338
0.669708
0.401932
0.331985
0.258682
0.140152
0.0688019
0.368729
0.539719
0.269394
0.0770111
0.0384216
0.0161591
0.00675964
-0.0107269
-0.0458374
-0.00999451
-0.00242615
0.0175476
0.0772552
0.074585
0.0203705
0.0155945
0.0687561
0.179871
0.426987
0.76651
1.01401
0.647797
0.274307
-0.186646
-0.428131
-0.58374
-0.730225
-0.556595
-0.419586
-0.182693
0.0177612
0.128204
0.238159
0.335403
0.427292

[1]
0.477692
0.557663
0.605896
0.568787
0.493835
0.429886
0.355942
0.345215
0.499863
0.33609
0.700684
0.130859
0.481995
-0.292938
0.157181
0.358017
0.0570831
0.0416565
0.0727234
-0.00891113
-0.00935364
0.0257721
0.0092926
-0.00418091
0.0227509
0.00914001
0.0178986
0.0527039
0.0776215
0.0730896
0.0905609
0.174774
0.383621
0.504471
0.708191
0.783829
0.834015
1.04893
1.09146
1.11801
1.15303
0.64592
-0.0062561
-0.508606
-0.040741
-0.70314
-0.72261
-0.57785
-0.519882
-0.458725

[2]
-0.434052
-0.277359
-0.134048
0.112167
0.459442
1.09746
1.14481
1.21013
1.26088
0.888535
0.842865
0.726746
0.44606
-0.0697784
0.413483
1.08766
0.707748
-0.039505
-0.0846863
-0.061142
0.134537
-0.093277
0.00558472
-0.0521393
-0.0014801
0.0583649
0.059967
0.0539246
0.0622559
-0.00289917
0.0724182
0.254898
0.419373
0.574738
0.689041
0.846085
1.06094
1.08075
1.10315
1.13814
0.233673
0.439301
-0.341095
-0.372742
-0.681732
-0.720551
-0.675125
-0.64798
-0.566284
-0.43634

[3]
-0.349014
-0.153061
0.111511
0.699783
1.13914
1.21219
1.28201
0.928207
0.843613
0.94632
0.516388
1.19591
1.15276
0.559082
0.583069
-0.419449
0.0726013
0.0887909
0.0626678
0.029068
-0.00724792
-0.0252838
-0.0478973
-0.0131836
0.00946045
0.000991821
0.0209808
0.0624695
0.0990601
0.233582
0.212112
0.206161
0.483139
0.591537
0.735855
0.994415
1.05978
1.0778
1.1035
0.827682
0.0557251
0.276306
-0.00872803
-0.482529
-0.807648
-0.817505
-0.75441
-0.704559
-0.615326
-0.492935

[4]
-0.342239
-0.0925598
0.346313
1.10818
1.17851
1.25212
1.30904
0.820114
0.829544
1.27446
0.18605
0.869446
1.16434
0.312607
0.323212
-0.161118
0.190201
0.147125
0.0539551
-0.0141907
-0.0333252
0.00439453
-0.0138702
0.00270081
0.0359802
0.0422821
0.0207214
0.0497589
0.0849915
0.166229
0.208878
0.368057
0.627823
0.7061
0.809814
1.04396
1.06073
1.07971
1.10869
0.721222
-0.25943
-1.06616
0.0261841
-0.615036
-0.774673
-0.790787
-0.747955
-0.663467
-0.581329
-0.458466

[5]
-0.313187
-0.0241241
0.54303
1.12726
1.19958
1.27194
1.23164
0.893234
0.915939
0.746124
0.876419
1.17946
0.647385
0.0473938
0.0484467
0.204819
0.0618896
0.0835114
0.0307922
-0.0215454
-0.0482483
-0.00866699
-0.0325165
0.0269928
0.0431213
0.0439606
0.0676117
0.0556641
0.1138
0.180557
0.305405
0.552246
0.650101
0.773956
1.00685
1.05585
1.07436
1.08673
1.03232
-0.258759
0.637878
-0.547791
-0.539383
-0.843048
-0.806366
-0.721603
-0.629242
-0.550934
-0.409668
-0.102707

[6]
0.0472412
0.685013
1.14287
1.21741
1.28958
1.04761
0.970947
1.308
0.383514
1.17975
1.19473
0.739319
0.310547
-0.234283
0.14476
0.0899353
0.0773315
0.00386047
-0.0691223
-0.0195618
0.00213623
0.00756836
0.0546112
0.0653076
0.0250854
0.0646057
0.153305
0.118942
0.24173
0.458725
0.60463
0.71962
0.827698
1.03532
1.05038
1.06857
1.09608
0.46759
0.029892
-1.56551
-0.159515
-0.776978
-0.849228
-0.752243
-0.67334
-0.594162
-0.500183
-0.363831
-0.189331
0.0989532

