[0]
-0.462234
-0.377106
-0.313553
-0.360641
-0.358276
-0.301971
-0.671677
-0.106796
0.248978
0.08461
0.298645
0.229126
-0.146301
-0.247253
-0.201859
0.0580444
0.377457
0.225693
-0.0198059
-0.00950623
0.172043
0.239716
0.229523
0.170837
0.156189
0.143539
0.157501
0.0811462
0.0677338
0.086319
0.0721741
0.0184479
-0.105286
-0.307358
-0.576141
-0.442261
-0.637238
-0.659531
-0.256912
-0.38295
-0.347855
-0.288681
-0.0944366
-0.0301666
0.0644531
0.195892
0.287384
0.278961
0.237885
0.213898

[1]
0.274017
0.27861
0.361832
0.456787
0.63916
0.800125
0.888092
0.937683
0.667816
0.737762
0.137131
0.782898
0.891418
0.0912476
0.529358
0.20018
-0.044693
-0.162827
-0.0602112
0.00576782
0.0801392
0.115372
-0.00378418
-0.119843
-0.0969238
-0.03125
-0.0131073
-0.0373383
-0.0551147
-0.103302
-0.0809479
-0.125565
-0.0660553
-0.169647
-0.160324
-0.0620422
-0.371124
-0.89296
-1.30518
-1.71408
-0.874756
-0.813782
-0.428223
-0.335358
-0.368881
-0.635574
-0.409668
-0.253555
-0.0320435
0.111176

[2]
0.145737
0.180298
0.189163
0.224579
0.255829
0.291504
0.618073
0.741043
1.2899
2.10571
1.19295
1.37575
1.27368
-1.58435
1.19838
0.646851
0.725372
0.570633
-0.308075
-0.27063
0.0295868
0.121567
-0.065155
-0.0400696
-0.0842133
-0.00791931
0.164474
0.101746
0.025177
-0.133453
-0.279694
-0.102982
0.0289612
-0.0261841
-0.0248108
-0.259186
-0.628967
-1.58383
-1.23555
-1.53348
-1.1656
-0.435379
0.0271606
-0.370804
-0.45433
-0.341156
-0.28421
-0.228516
-0.115356
-0.0551758

[3]
-0.0279999
0.0394592
0.0710144
0.101089
0.181351
0.467163
0.779922
1.16962
1.60181
1.1499
0.947784
0.897781
1.2679
0.0748138
0.387405
0.317001
-0.0941772
0.144714
0.072937
0.0535431
0.0679169
-0.130463
-0.101639
-0.0821381
-0.00135803
0.00627136
-0.0612488
-0.0315552
0.108841
0.138184
-0.0389557
-0.262543
-0.238358
0.0466614
0.0214539
-0.296997
-0.93396
-1.68164
-0.692963
-1.03664
-0.786499
-0.274414
-0.452576
-0.409332
-0.281067
-0.252258
-0.242828
-0.215393
-0.150238
-0.0599365

[4]
0.0109863
0.0934143
0.160339
0.221573
0.599182
0.346924
1.05508
1.39282
1.47595
0.437012
-1.07304
1.47267
0.942215
0.0903015
0.0995636
0.435577
-0.104721
0.228912
0.0666962
-0.0416565
-0.0960236
0.102173
0.0117645
0.0527802
0.056488
0.0934296
0.0397491
-0.053772
-0.137238
-0.119141
0.104874
-0.00108337
-0.0443268
-0.0144958
-0.185104
-0.505585
-1.4604
-1.23471
-1.03958
-1.19695
-0.490433
-0.297577
-0.246353
-0.414459
-0.466522
-0.310242
-0.3022
-0.23494
-0.141937
-0.0452576

[5]
0.0124817
0.0912018
0.129745
0.578156
0.849777
1.00728
1.08104
2.0408
1.67288
0.641922
-0.0589447
1.68639
0.299377
0.228821
0.419479
0.130875
0.0664215
0.115402
-0.0118256
-0.0839081
0.024353
-0.111755
-0.0202637
0.0430908
0.0440674
-0.0233002
-0.0797729
-0.0465088
-0.00161743
-0.0480042
-0.0701447
-0.0545807
0.0763855
-0.150955
-0.520142
-1.28375
-1.71201
-0.788849
-1.18326
-1.18506
0.259262
0.106567
-0.402817
-0.618713
-0.325897
-0.354813
-0.216827
-0.0536346
0.0624847
0.231384

[6]
0.287689
0.0861359
0.393509
0.609665
1.00093
1.17836
2.07295
0.841751
-0.11113
1.35005
1.57423
-0.0277863
0.390076
0.303223
-0.0358124
0.178421
0.138931
0.0295715
-0.0681305
0.129791
-0.0766144
-0.0671692
0.0866852
0.0554352
-0.0440826
-0.0553741
0.0981903
-0.0768738
0.0130615
-0.0675964
-0.0667725
0.0102692
-0.305405
-0.750916
-1.2771
-1.42012
-0.986664
-1.12935
-0.284866
-0.262039
-0.626862
-0.522095
-0.362274
-0.283356
-0.179855
-0.0287323
0.0688019
0.100464
0.1539
0.23436

