[1]
-0.0748596
-0.0491486
-0.0854034
-0.0610199
-0.0701294
-0.109573
0.0340118
0.10437
-0.0901489
-0.351822
-0.394379
-0.563095
-0.165634
-0.20787
-0.395859
-0.362061
-0.233765
0.108765
0.0803986
0.0443268
-0.0482178
-0.00294495
0.0278625
0.0665894
0.0401001
-0.00871277
-0.0560608
0.0360718
0.0202026
0.150284
-0.0990448
-0.859604
0.12291
0.29126
0.691956
0.342514
-0.993744
0.203659
0.0973663
0.269699
0.0392914
0.0639648
0.105316
-0.261566
-0.283096
-0.241913
0.00836182
0.125153
0.135712
-0.0313263

[2]
-0.165192
-0.0597687
0.0655823
0.162506
0.157715
-0.00183105
0.239899
0.0387573
-0.340363
-0.909592
-0.480316
-0.782791
-1.20883
-0.031723
0.0680695
0.154739
0.0899811
0.0402985
-0.0769196
0.0364838
0.0851746
0.0847778
0.0963593
0.0713806
0.0966797
0.00718689
-0.191208
-0.453308
-0.495178
-0.997894
0.155502
-0.224899
-0.43837
0.882385
0.548309
-0.329834
-0.227585
-0.15712
0.0801239
-0.070282
0.0083313
-0.00918579
-0.0930176
-0.0299835
-0.0804291
-0.0704956
0.0670776
0.0205994
-0.0510864
-0.0956879

[3]
-0.169418
-0.0427094
0.118103
0.173935
0.286133
-0.0784607
-0.387466
-0.751389
-0.119965
-0.960495
-0.792969
-0.328568
-0.00430298
0.0897675
0.0519409
0.0449982
-0.000640869
0.0825806
0.156174
0.164688
0.166611
0.171951
0.0189972
0.100479
-0.245972
-0.254868
-0.616699
-0.514069
0.331177
0.0405884
-0.658783
0.754395
0.435516
0.0155487
-0.0539398
-0.35788
0.145676
-0.142776
-0.0133057
-0.0251312
-0.0598602
-0.0730896
-0.240219
-0.0806732
-0.0844421
-0.0559845
-0.00791931
-0.0142822
0.0248566
0.0771484

[4]
-0.00541687
0.0785065
0.186462
0.0175018
-0.085495
-0.471786
-0.53421
-0.930664
-1.14635
-0.6483
0.109375
-0.156113
0.146301
0.190689
0.0505371
0.00120544
0.0889893
0.138718
0.148788
0.193634
0.0668793
0.0698853
-0.320389
-0.238403
-0.494705
0.0158539
0.0134277
-1.09113
0.952942
0.580475
-0.504242
-0.201614
-0.149261
-0.00756836
-0.132584
0.0473938
-0.0906372
-0.0595856
-0.143173
-0.198227
-0.0547333
0.0374908
-0.0107117
-0.033432
-0.0821991
-0.0713043
0.118225
0.14801
0.172302
0.140381

[5]
-0.0789795
-0.246857
-0.225586
-0.518768
-0.585342
-1.38583
-0.715714
-0.437607
0.102463
0.204163
0.091156
-0.0307922
0.00205994
0.0514984
0.0741882
0.0915375
0.128296
0.206421
0.127487
0.12326
-0.09729
-0.57901
-0.26947
-0.578491
0.664581
0.324524
0.126984
-0.760513
-0.0884399
0.0669861
-0.0139008
-0.215912
0.00642395
-0.0735016
-0.0898132
0.00387573
-0.180008
-0.178497
-0.041275
-0.0423126
-0.0287628
-0.0891113
-0.0977325
0.039444
0.0787964
0.0983429
0.0762329
-0.157822
-0.330109
-0.574448

[6]
-0.229034
-0.553864
-0.710022
-0.647614
-0.740326
-0.613068
0.236008
-0.0407867
-0.058136
-0.194397
0.0446625
0.167999
0.165146
0.153488
0.0601196
0.287018
0.116119
0.171921
0.423187
-0.309845
0.0100555
0.384094
-0.646271
0.56897
0.772949
-0.211411
-0.346344
0.148102
-0.0336304
-0.0533447
-0.101303
0.0447235
-0.0677643
0.00250244
-0.0732269
-0.0689545
-0.0422516
0.00904846
0.00379944
-0.025238
-0.0514679
-0.0540619
0.138428
0.0951385
0.144257
0.0136261
-0.183624
-0.275085
-0.591751
-0.361176

[7]
-0.523636
-0.895874
-0.0278931
-0.323761
-0.12767
0.110291
0.113907
0.00465393
0.041275
-0.0236511
0.589523
0.13298
0.0399475
0.0373077
0.143295
-0.0457916
-0.227249
-0.393661
-0.568497
-0.0571747
0.000839233
0.963699
2.03276
-1.22911
0.207153
0.0554199
-0.0945587
-0.153122
-0.164825
0.00753784
-0.0636597
-0.141388
-0.312164
-0.228134
0.0116272
0.104874
0.0325165
0.0209503
0.135376
0.097229
-0.00271606
-0.00559998
-0.0774078
0.113663
0.175629
0.0389099
-0.0700989
-0.563385
-0.249664
-0.644287

[8]
-0.98204
-0.0882874
-0.407669
-0.373108
0.208023
0.253448
0.179443
-0.00772095
0.098526
0.189423
0.193817
0.176041
0.0198975
0.180466
-0.126556
-0.550079
-0.589691
-0.717285
-0.266785
-0.564041
-0.604889
0.955093
-0.0246277
-0.293228
-0.160553
-0.280273
-0.0461426
-0.0304565
0.032135
0.015564
-0.151917
-0.217392
-0.287903
-0.191452
-0.0123749
0.241455
0.151535
0.059021
-0.0959473
-0.0322113
0.0462341
0.0849152
0.255112
-0.0613708
-0.272202
-0.408554
-0.154312
-0.800034
-1.13884
-0.703903

[9]
-0.14064
-0.323639
0.17868
0.0985718
-0.0340881
-0.0556946
0.0391846
0.0612335
0.060318
0.0942535
-0.282272
0.0307922
-0.11673
-0.21405
-0.921265
-0.257736
-0.00418091
-0.166061
-0.183929
1.4444
-0.540543
0.0916138
0.000473022
-0.438812
0.0848541
-0.148163
0.0723114
-0.0866699
-0.100021
-0.0582581
-0.0799866
-0.0534058
-0.0315399
0.0400085
-0.0521088
0.0621185
0.0532684
0.129532
0.0515289
0.155701
0.167542
-0.0222168
-0.0983124
-0.355469
-0.086319
-0.632965
-0.611755
-0.182434
-0.254517
0.243011

[10]
0.168777
0.0979309
0.00378418
-0.0296478
0.0671539
0.13176
0.130493
0.183945
0.142883
0.110306
-0.0159912
-0.224976
-0.61348
-0.403351
-0.241959
-0.122849
-0.406448
0.213806
-1.15886
0.260162
0.101105
0.267654
-0.0683746
-0.14119
-0.012146
-0.0933685
-0.216156
-0.250778
-0.198975
0.000839233
0.130676
0.118668
-0.0196991
-0.126205
-0.127258
-0.0102386
0.0526733
0.0336456
0.232788
0.0789795
-0.164429
-0.40979
-0.419983
-0.0591888
-0.981445
-0.994751
0.327652
0.197632
0.160278
0.0701752

[11]
0.141785
0.00297546
-0.058609
0.0639496
0.160965
0.161255
0.210495
0.20134
0.13327
-0.0914001
-0.266083
-0.41748
-0.232452
-0.759644
0.174744
1.16701
0.522064
-0.619781
-0.203445
0.111404
-0.116348
-0.22406
-0.0798798
-0.107574
-0.10553
-0.0280304
-0.200241
-0.051239
-0.0730286
-0.109894
-0.175613
-0.0666351
0.0116882
0.0442047
0.0671387
-0.0463867
0.138596
0.045517
-0.154892
-0.544479
-0.512787
-0.473373
-0.427917
-0.800995
-0.71402
-0.168823
0.114349
0.122635
0.0765381
0.0970612

[12]
0.174881
0.192429
0.159821
0.16983
0.175247
0.237991
0.0750732
-0.176361
-0.347855
-0.808167
-0.639206
-0.0180359
0.477066
-0.686935
0.227051
-0.671341
0.294464
-0.104095
0.0455475
-0.123611
-0.0702515
-0.00352478
-0.0935211
-0.0796509
-0.207413
-0.158997
0.0251312
0.0568542
-0.0254211
-0.0157623
0.0261383
0.0503235
0.0352325
-0.0294495
0.109802
0.128845
-0.0738525
-0.106827
-0.135574
-0.147797
-0.54454
-0.666672
-0.149841
-0.375656
0.102554
0.17804
0.116333
-0.046814
-0.0724182
0.0302429

[13]
0.0986023
0.137741
0.210724
0.164368
0.0865936
-0.241226
-0.0879974
-0.146378
-0.151947
-0.232452
-0.20784
0.981125
0.86377
-0.467972
0.217575
-0.134766
0.0469666
-0.155701
-0.0271149
-0.064621
-0.110947
-0.0363007
-0.207031
-0.036087
-0.0147247
0.0170441
-0.0444794
0.00772095
0.0461731
0.152893
0.0222626
0.00137329
0.145142
0.020462
-0.0117645
-0.271439
-0.283325
-0.829895
-0.839264
-0.478897
-0.933456
-0.0092926
0.198395
0.200653
0.0326691
0.0487366
0.0897522
0.18956
0.197937
0.240189

[14]
0.168121
0.267883
-0.0319366
-0.516296
-0.592255
-0.589539
-0.345383
-0.911621
0.712311
0.279724
-0.837204
0.299805
0.0852661
-0.156769
-0.235367
-0.039978
-0.010376
-0.0759583
0.0126648
-0.0419617
-0.177704
-0.170471
-0.0847015
-0.0118408
0.0710449
0.1707
0.103378
0.112183
0.0243835
0.0697021
0.174622
-0.230118
-0.179092
-0.316589
0.0599213
-1.16808
-0.803268
-0.247681
-0.339462
-0.0993652
0.246185
0.0781403
-0.0777588
-0.0873718
-0.00738525
0.0173798
0.0123596
0.0507202
0.0307465
0.0448761

[15]
0.158386
-0.133286
-0.470703
-0.669693
0.125839
0.0404053
1.27422
0.233383
-0.737564
0.0967407
-0.128769
0.0894012
-0.171906
-0.153702
-0.013916
-0.10112
-0.140457
-0.0634918
-0.147247
-0.0864563
0.0025177
0.0528412
0.00947571
-0.0356903
-0.063736
0.169907
0.0761871
0.120804
0.0439148
-0.211624
-0.156006
-0.276855
-0.0391388
-0.944382
-0.932983
-0.720352
-0.458176
-0.0383759
0.0339203
-0.0395203
-0.129715
-0.147278
-0.134354
-0.0898132
-0.0586243
-0.0242615
-0.0718079
0.0412598
-0.041153
-0.0796204

[16]
-0.734665
0.114517
0.371185
0.988998
1.2402
-0.5896
0.350128
-0.367493
0.108749
-0.105972
-0.0497589
-0.0373077
-0.0519867
-0.0375519
-0.20929
-0.152115
-0.121109
0.0288391
0.043869
0.0668488
0.0995941
0.0791931
0.165634
0.0349426
0.0784912
0.173615
-0.0871429
-0.278702
-0.52655
-0.277725
-0.332703
-1.0374
-0.85463
-0.0890198
0.199036
-0.0247192
-0.0381775
-0.0758362
0.0272217
0.058136
0.0202789
0.00331116
-0.131439
-0.143372
-0.37355
-0.279587
-0.537231
-0.445084
0.173828
-0.572632

[17]
1.44347
0.629028
-0.298248
-0.343475
0.0141602
0.0923157
-0.120209
0.0892181
-0.08992
-0.00904846
-0.28035
-0.139664
-0.00692749
0.0395508
0.0424347
0.0387421
0.0202332
0.0905151
0.146271
-0.0306702
0.0333099
0.119873
-0.123932
-0.459366
-0.262543
-0.197098
-0.170898
-0.497894
-0.458359
-0.19899
0.239456
0.0193787
0.057251
0.0608521
0.172791
0.134491
0.151932
0.206314
-0.0184174
0.211777
-0.166306
-0.115021
-0.157211
0.0209351
0.0463562
0.380066
1.3261
0.23819
-0.410797
0.101334

[18]
-0.146378
0.187057
-0.243698
0.0345306
-0.0536041
-0.0632935
-0.0489197
-0.222122
-0.00112915
0.127762
0.119568
0.00389099
-0.103088
-0.00248718
0.121689
0.0797272
0.0198212
0.157608
0.0231323
-0.0828552
-0.520081
-0.124115
-0.889862
-0.684845
-0.0644379
0.0337067
0.0963135
0.144562
0.156296
0.0408325
0.0527802
0.188171
0.219284
0.175491
0.234467
0.231125
0.132401
-0.286118
-0.269714
-0.401733
-0.072998
0.0898132
-0.505203
0.105988
0.480026
-0.191635
-0.245712
0.269913
-0.221786
-0.0909882

