[0]
0.103226
0.704086
0.808731
0.831055
0.735031
0.706818
0.63887
0.543213
0.425705
0.262924
0.096283
-0.0376587
-0.0986328
-0.0478821
0.0101166
0.0325317
0.0415192
0.111053
0.202286
0.244446
0.244141
0.269287
0.296021
0.41893
0.658127
0.708603
0.562424
0.526855
0.505829
0.513214
0.61644
0.657013
0.505798
0.306961
0.107834
0.0445099
0.0308685
0.0204468
-0.00119019
-0.019928
-0.0371552
-0.0464172
-0.0550995
-0.0380096
-0.00762939
0.0426483
0.108292
0.180695
0.217407
0.25296

[1]
0.393433
0.590454
0.523285
0.540268
0.84079
1.06554
1.06679
0.956985
0.68454
0.458359
0.344147
0.292801
0.322205
0.33313
0.301544
0.22049
0.140198
0.0493622
0.0310516
0.0661621
0.138321
0.16655
0.12178
0.120132
0.144638
0.21196
0.486221
0.900177
0.85939
0.502823
0.635803
0.896942
0.932327
0.865906
0.68103
0.312958
0.101822
0.0540009
0.0304718
0.00827026
-0.000366211
-0.0544281
-0.0952606
-0.129135
-0.152527
-0.151947
-0.144379
-0.0743866
-0.0310669
0.0321045

[2]
0.072937
0.104019
0.139862
0.342621
0.84613
0.851318
0.457092
0.703094
0.767929
0.836044
0.965118
0.852097
0.61618
0.464828
0.312607
0.222534
0.208908
0.181747
0.13913
0.119583
0.152359
0.197464
0.226593
0.238159
0.237747
0.267288
0.261948
0.26329
0.291397
0.560577
0.890869
0.589676
0.434738
0.494507
0.503296
0.582977
0.74263
0.746536
0.472351
0.182404
0.10321
0.0284424
-0.0759583
-0.143509
-0.186279
-0.199219
-0.187424
-0.118057
-0.0553894
0.00706482

[3]
0.110123
0.171936
0.224091
0.239243
0.28775
0.323456
0.53299
1.06252
0.812363
0.673203
0.953583
0.937714
0.932236
0.841019
0.614288
0.442032
0.251892
0.0860748
0.0219879
0.0560455
0.0977783
0.124176
0.104172
0.0732574
0.120117
0.168472
0.238556
0.276123
0.325684
0.349365
0.373245
0.46376
0.747345
0.932663
0.643173
0.556778
0.558411
0.471039
0.463348
0.488953
0.352936
0.144318
-0.00228882
-0.0763092
-0.0915833
-0.130661
-0.126602
-0.149704
-0.159241
-0.153748

[4]
-0.111069
-0.0402527
0.0205841
0.12323
0.212784
0.308075
0.340652
0.349228
0.332565
0.428802
0.912003
0.907242
0.388062
0.540298
0.789322
0.824356
0.73262
0.583557
0.402557
0.238922
0.153732
0.106476
0.0588531
0.0668793
0.108841
0.121078
0.092514
0.0944977
0.116577
0.147217
0.172577
0.147583
0.128082
0.124313
0.150375
0.312866
0.693359
0.761139
0.579636
0.634109
0.544052
0.40361
0.376816
0.366943
0.217514
0.0881958
0.0155945
-0.0369263
-0.0759888
-0.0926208

[5]
-0.118942
-0.139618
-0.133514
-0.107895
-0.0934906
-0.0648193
-0.0548859
-0.0278168
-0.0169678
0.00785828
0.0396729
0.0523376
0.101242
0.322189
0.61322
0.231857
0.160233
0.418549
0.583008
0.735519
0.702682
0.526733
0.333923
0.209641
0.140106
0.117203
0.133087
0.0843658
0.0794983
0.0862274
0.109573
0.092804
0.0558472
0.0674286
0.079483
0.0843506
0.103714
0.0923004
0.0973663
0.358368
0.639206
0.468842
0.32959
0.300323
0.222656
0.200607
0.32515
0.436447
0.38768
0.274857

[6]
0.150314
0.0801239
0.0421295
-0.0242004
-0.04599
-0.103271
-0.126892
-0.139999
-0.12175
-0.0997009
-0.0901642
-0.039032
0.0370178
0.0719604
0.104858
0.202087
0.451462
0.7789
0.47728
0.22374
0.388031
0.49675
0.657257
0.772812
0.713333
0.460632
0.318695
0.190781
0.107559
0.0163116
-0.0341492
0.00210571
0.00856018
0.0468597
0.0604248
0.0841522
0.0910187
0.109253
0.148407
0.18367
0.190399
0.181213
0.403488
0.585098
0.460815
0.462112
0.412186
0.371643
0.405273
0.493057

[7]
0.382614
0.200745
0.0638123
0.0106659
-0.00741577
-0.0361633
-0.0588379
-0.0909576
-0.124069
-0.148483
-0.158997
-0.103287
-0.0494385
0.00817871
0.0890198
0.129135
0.129135
0.150772
0.269501
0.65094
0.749908
0.300934
0.446335
0.709457
0.834442
0.807419
0.617569
0.394135
0.271408
0.122543
0.0514221
0.0406952
0.0515594
0.0653687
0.0728912
0.0665588
0.108414
0.129745
0.135818
0.141602
0.176666
0.168747
0.145493
0.108871
0.253296
0.638107
0.661346
0.515976
0.517303
0.394516

[8]
0.296448
0.389862
0.430099
0.324799
0.150513
0.0574493
0.0211792
-0.0431519
-0.0770874
-0.147354
-0.158737
-0.137573
-0.100662
-0.0246429
0.0351105
0.0769196
0.0939331
0.0980225
0.109497
0.185333
0.296494
0.82872
0.68866
0.232986
0.57309
0.810867
0.848404
0.804337
0.609634
0.443466
0.276672
0.163239
0.107559
0.0962372
0.0719604
0.0761414
0.0546112
0.0441284
0.0619354
0.0770264
0.107483
0.155182
0.175262
0.186798
0.220963
0.211746
0.227753
0.52359
0.817871
0.577225

[9]
0.513351
0.55394
0.476456
0.397186
0.421021
0.329269
0.156296
0.0393219
0.00895691
-0.0169983
-0.0366821
-0.0965424
-0.142059
-0.14653
-0.128555
-0.0832672
-0.0267181
0.056839
0.126022
0.167496
0.186844
0.220978
0.325729
0.686752
0.96524
0.556
0.562729
0.832809
0.862595
0.757568
0.609833
0.485168
0.322418
0.213913
0.101562
0.0151062
0.0131378
0.0359192
0.0543976
0.0787354
0.105606
0.137787
0.194016
0.247345
0.290054
0.32132
0.363434
0.358902
0.410278
0.752991

[10]
0.955017
0.563858
0.318008
0.250977
0.237228
0.387894
0.551102
0.489075
0.232986
0.0301666
-0.092804
-0.166534
-0.196304
-0.182693
-0.187073
-0.166992
-0.128342
-0.0751953
-0.0434723
0.0383759
0.135925
0.196823
0.206955
0.223663
0.242905
0.437729
0.872177
0.864288
0.539825
0.583618
0.628235
0.649902
0.610428
0.480042
0.316833
0.201813
0.123611
0.0737457
0.0443726
0.0637817
0.0696259
0.0656128
0.0964508
0.147018
0.171082
0.185944
0.201843
0.210281
0.226212
0.22023

[11]
0.263107
0.562851
0.770981
0.629944
0.63298
0.575317
0.404922
0.300613
0.328827
0.202332
0.150696
0.1017
0.0533905
-0.0309601
-0.0881348
-0.123413
-0.143997
-0.139267
-0.101822
-0.0432892
0.022171
0.0821533
0.136505
0.155197
0.18927
0.253006
0.403458
0.716187
0.831665
0.567795
0.690842
0.766327
0.826202
0.823654
0.696732
0.499908
0.360367
0.243683
0.0924683
-0.0189056
-0.0272675
0.00701904
0.0514526
0.0832367
0.132965
0.154297
0.207413
0.220932
0.220963
0.245132

[12]
0.26387
0.268509
0.44075
0.828339
0.924591
0.642944
0.493973
0.27092
0.233978
0.351044
0.388519
0.34462
0.178238
0.060791
-0.0419006
-0.0985718
-0.118423
-0.164169
-0.16153
-0.130417
-0.0892029
-0.0321808
0.0131226
0.0617371
0.108292
0.141205
0.142578
0.184357
0.328613
0.696243
0.970413
0.670517
0.437851
0.340881
0.484146
0.595764
0.700974
0.594955
0.457413
0.290436
0.173279
0.110077
0.0431671
0.0446167
0.0595856
0.0640259
0.0538788
0.050415
0.0896606
0.14592

