[1]
-0.0641785
-0.454651
-0.583832
-0.717682
-1.0399
-1.04622
-0.919144
-0.839828
-0.682465
-0.185562
0.929123
0.106888
0.237244
0.835938
0.83847
0.80545
0.765427
0.61409
0.608871
0.527893
0.386353
0.0744781
-0.132431
-0.650803
-1.13069
-1.19017
-1.24878
-1.29533
-0.997162
-0.74147
-0.675186
0.0859985
-0.304001
-0.753387
-1.21205
-0.567734
-0.363647
-0.338455
-0.0586243
-0.0373077
-0.116104
-0.0743561
-0.0474091
0.0601654
0.0276642
0.0453033
0.0655365
0.0357056
-0.0296478
-0.100967

[2]
-0.120346
-0.0965271
-0.0940704
-0.0739594
-0.062561
-0.145599
-0.217117
-0.264938
-0.337601
-0.38028
-0.525131
-0.796112
-1.061
-1.0712
-1.08101
-0.728165
-0.747498
-0.080658
0.435623
0.276306
0.406479
0.709961
0.720718
0.727692
0.641296
0.590424
0.568146
0.499054
0.304016
-0.0159454
-0.389496
-0.923019
-1.13602
-1.19832
-1.2538
-1.28687
-0.768463
-0.650513
-0.140625
-0.406906
-1.16173
-0.752777
-0.265747
-0.28688
-0.0787201
-0.0254364
-0.0578613
-0.138092
-0.0858307
-0.0096283

[3]
0.07547
0.0579529
-0.0422821
-0.0376282
-0.0375366
-0.0106812
-0.00942993
-0.0572205
-0.115173
-0.107452
-0.11351
-0.172623
-0.272522
-0.262634
-0.392365
-0.447647
-0.597595
-0.92485
-1.07918
-1.09389
-1.10863
-0.945648
-0.426193
0.776306
-0.0266876
0.0395813
0.771606
0.811371
0.796173
0.807785
0.625
0.596924
0.499725
0.41922
0.158524
-0.291672
-0.64798
-1.09523
-1.15031
-1.19923
-1.02116
-0.96637
-0.790848
-0.198792
-0.320755
-1.05084
-0.839722
-0.163116
-0.484726
0.0641479

[4]
-0.108612
0.066864
-0.0292511
-0.0738678
-0.00848389
0.047287
-0.0454712
-0.0538483
-0.00924683
0.00476074
-0.0723267
-0.0566711
-0.0517731
-0.0832062
-0.0840759
-0.0949249
-0.167358
-0.246719
-0.291519
-0.382172
-0.470871
-0.676285
-1.07533
-1.08887
-1.10307
-1.00528
-0.791046
0.0279236
0.305771
0.286926
0.463104
0.768524
0.768845
0.783173
0.726242
0.630325
0.605896
0.505249
0.277252
-0.0982208
-0.654419
-0.965652
-1.12512
-1.17648
-1.21597
-1.07639
-1.05136
-0.456223
-0.387589
-0.491653

[5]
-1.01003
-0.325211
-0.0968933
-0.174026
-0.235657
-0.00587463
-0.0182648
-0.0879211
-0.0259247
-0.00737
0.0452728
-0.0288544
-0.0172424
-0.00135803
-0.0287323
-0.017868
-0.0215302
-0.0591888
-0.113968
-0.122208
-0.148849
-0.216599
-0.319016
-0.321381
-0.431213
-0.493027
-0.6409
-1.02408
-1.09149
-1.10922
-0.999588
-0.93988
0.0178986
0.203766
0.109543
0.550629
0.796112
0.881439
0.843124
0.753922
0.620743
0.586838
0.517929
0.347946
0.003479
-0.306992
-0.724258
-1.10065
-1.15305
-1.20074

[6]
-1.23621
-0.935654
-0.640762
0.104385
-0.154892
-0.821259
-0.711777
-0.186569
-0.375809
-0.0677185
-0.159744
-0.00662231
-0.100037
-0.0103912
-0.0311127
0.025528
0.0511169
0.0280457
-0.0323486
-0.0410309
-0.0125885
0.0178528
-0.0308075
-0.0278778
-0.0818634
-0.0823364
-0.150726
-0.236755
-0.333282
-0.424728
-0.599472
-0.754822
-1.06537
-1.08214
-1.10014
-1.08989
-0.774536
-0.110641
0.782455
0.271271
0.300674
0.793411
0.832123
0.748016
0.716965
0.641632
0.586319
0.486801
0.349228
0.107849

[7]
-0.358521
-0.798096
-1.10667
-1.15929
-1.20435
-1.08627
-0.92717
-1.00766
0.181915
-0.269592
-0.707565
-0.741135
-0.318405
-0.0773163
-0.292664
-0.139999
-0.0597534
-0.138947
-0.0805969
-0.0426331
0.00390625
0.0363312
-0.0182495
-0.0164337
-0.00422668
-0.0160828
0.00656128
-0.00927734
-0.0666351
-0.108841
-0.149506
-0.0970459
-0.2117
-0.335251
-0.40004
-0.47316
-0.512054
-0.750198
-1.07719
-1.08943
-1.10413
-0.900528
-0.685791
0.540024
-0.0127106
-0.030899
0.698563
0.664307
0.744797
0.704468

[8]
0.604401
0.540726
0.491364
0.347168
0.0959473
-0.528702
-0.73024
-1.11229
-1.16762
-1.21191
-1.09708
-0.908813
-0.968735
0.0656586
-0.355118
-1.02962
-0.829941
-0.332581
-0.345322
-0.0101624
-0.0451965
0.039444
-0.0474854
-0.0569763
0.00210571
0.0307007
-0.0057373
-0.0139465
-0.00169373
-0.0140381
-0.00868225
-0.0109711
-0.054184
-0.101456
-0.13707
-0.116959
-0.192871
-0.290359
-0.323456
-0.429153
-0.453812
-0.685425
-1.07639
-1.0914
-1.10393
-0.911346
-0.889069
0.146606
0.369141
0.518509

[9]
0.46904
0.840897
0.836655
0.828293
0.714432
0.582214
0.536636
0.48465
0.358032
-0.0596161
-0.494217
-0.928513
-1.12466
-1.17801
-1.21278
-1.19586
-0.626572
-0.924301
0.285141
-0.231583
-1.00912
-0.587219
-0.0660095
-0.511154
-0.14621
-0.0684357
-0.0204315
-0.0620117
-0.00508118
-0.0274811
0.0381012
-0.000259399
-0.0171204
-0.0584717
-0.0507202
-0.0305481
-0.0208893
-0.0578918
-0.123184
-0.119843
-0.168182
-0.172272
-0.329895
-0.346863
-0.422302
-0.512329
-0.698761
-1.082
-1.09669
-1.11089

[10]
-0.874542
-0.92955
0.419006
-0.00804138
0.181824
0.768219
0.764099
0.764038
0.813538
0.637619
0.558029
0.497452
0.365814
0.0865173
-0.500183
-0.745956
-1.108
-1.16512
-1.21214
-1.11456
-0.905838
-1.05522
0.358383
-0.272415
-0.943008
-0.992401
-0.141281
-0.386124
-0.103271
-0.09758
0.0942688
-0.1409
-0.0682068
0.019577
0.0315552
-0.0154877
-0.0395355
-0.0566711
-0.0595245
-0.0187225
-0.0240479
-0.0422363
-0.0963593
-0.125626
-0.146744
-0.141281
-0.283646
-0.329117
-0.40625
-0.476791

[11]
-0.547943
-1.04095
-1.09125
-1.10442
-1.12582
-1.1528
-0.101852
0.419846
0.298569
0.184265
0.955612
0.811707
0.802094
0.775085
0.602539
0.539749
0.445312
0.384796
-0.00906372
-0.476151
-0.846725
-1.11931
-1.16789
-1.20436
-1.11101
-0.86702
-1.19302
0.445206
-0.226715
-0.868652
-0.685776
-0.139343
-0.392899
-0.12468
-0.175949
0.0409393
-0.111282
-0.0423279
-0.00790405
0.0242157
0.000946045
-0.0124512
-0.027359
-0.0347748
-0.0248718
-0.0569153
-0.0488586
-0.102814
-0.169724
-0.142349

[12]
-0.264771
-0.350784
-0.39711
-0.505371
-0.637268
-0.925751
-1.09175
-1.10681
-1.08264
-0.988602
-0.0347443
0.524063
0.113571
0.389877
0.925232
0.816696
0.77536
0.674561
0.573151
0.514923
0.410385
0.256027
-0.0712585
-0.50502
-0.944321
-1.12755
-1.18042
-1.22177
-1.19028
-0.784698
-0.757477
-0.0630951
-0.316833
-1.14076
-0.577591
0.0664673
-0.728333
-0.141098
-0.0817871
0.0128784
-0.0959778
-0.0127411
0.0423279
0.0158081
-0.018692
-0.0466919
-0.0236816
-0.0134125
-0.0724335
-0.0535431

[13]
-0.0927277
-0.122574
-0.180389
-0.120789
-0.222763
-0.299576
-0.347488
-0.432648
-0.529266
-0.890549
-1.08801
-1.10391
-1.12375
-1.0036
-0.320648
0.65831
0.252869
0.307251
0.840256
0.735031
0.742462
0.685257
0.573273
0.531738
0.411285
0.259125
-0.214844
-0.582825
-1.0218
-1.14162
-1.19333
-1.16286
-1.06523
-0.602051
-0.584869
-0.131027
-0.404419
-1.04121
-0.459427
-0.087326
-0.372284
-0.206177
-0.0284882
0.00535583
-0.118576
0.0219421
0.0228882
0.0465851
0.0105438
-0.00369263

[14]
-0.039444
-0.041153
-0.00305176
-0.00714111
-0.050293
-0.0890045
-0.10498
-0.102051
-0.15831
-0.275055
-0.327271
-0.379929
-0.441299
-0.587967
-0.95256
-1.08813
-1.10092
-1.11827
-0.898254
-0.37471
0.751633
-0.0748444
0.201462
0.794952
0.754318
0.795166
0.782257
0.66452
0.598282
0.511551
0.393799
0.187805
-0.331512
-1.05431
-1.09926
-1.15512
-1.20245
-1.23596
-0.839752
-1.18462
0.5914
-0.167007
-0.875275
-1.0043
-0.0649261
-0.478577
-0.140015
-0.090744
0.0928955
-0.102798

[15]
0.00466919
-0.018692
0.0441437
-0.0326996
-0.0361633
-0.0589905
-0.0598907
-0.0590973
-0.0309448
-0.0331421
-0.0610809
-0.106125
-0.157349
-0.188583
-0.349792
-0.378845
-0.464401
-0.501358
-0.83075
-1.0766
-1.06917
-1.10606
-1.05882
-0.521912
0.828079
0.0940857
0.259659
0.833481
0.775635
0.798508
0.801163
0.637802
0.58847
0.478546
0.363266
0.0532532
-0.626282
-0.787399
-1.11766
-1.17221
-1.2132
-1.04622
-0.755402
-0.844635
-0.0398865
-0.315704
-1.07979
-0.466278
0.147049
-0.414429

[16]
-0.224945
-0.152618
-0.0541229
-0.12114
-0.024765
0.026825
0.0470276
0.0392914
-0.0108795
-0.0519714
-0.0236969
-0.00193787
-0.0109558
-0.0737
-0.126846
-0.105698
-0.142227
-0.376877
-0.359802
-0.391327
-0.514847
-0.832779
-1.06299
-1.07881
-1.0936
-0.864243
-0.664398
0.348419
-0.0487213
0.115585
0.764603
0.735336
0.773224
0.744247
0.693008
0.616348
0.563217
0.462799
0.262573
-0.112869
-0.765427
-1.08981
-1.14813
-1.20445
-1.24556
-1.22501
-1.23927
-0.148712
-0.213043
-0.661667

[17]
-1.08755
-0.308533
-0.0860443
-0.303421
-0.244446
0.0114136
-0.0555725
-0.0594177
0.0167999
0.0017395
0.0232849
-0.00311279
0.0382843
-0.00961304
-0.0449219
-0.0479736
-0.0512695
-0.0688477
-0.0421906
-0.0948792
-0.0901642
-0.235596
-0.297195
-0.366837
-0.454315
-0.537735
-0.819138
-1.0706
-1.08534
-1.10158
-0.920456
-0.665375
0.608109
0.00938416
0.149429
0.781906
0.820618
0.794357
0.798889
0.668808
0.57016
0.49054
0.373215
0.180344
-0.241119
-0.803329
-1.1073
-1.16827
-1.22261
-1.12848

[18]
-0.967773
-1.14664
0.480301
-0.211487
-0.989532
-1.09784
0.0249481
-0.204025
-0.408142
-0.10405
0.00177002
-0.13797
-0.0955505
-0.00509644
-0.015274
0.0416107
-0.0471039
-0.041687
-0.0150452
-0.0240326
0.000610352
-0.0186462
-0.0499725
-0.0563507
-0.121567
-0.17778
-0.250977
-0.347305
-0.443893
-0.482498
-0.617661
-1.07111
-1.08826
-1.10645
-1.13068
-1.10103
-0.19342
0.497696
0.326981
0.424911
0.913971
0.848862
0.81073
0.76207
0.595184
0.518906
0.430222
0.286224
-0.0694122
-0.647598

[19]
-1.09219
-1.15297
-1.21173
-1.25465
-1.17
-0.631638
-0.577621
-0.00540161
-0.667679
-1.16772
-0.647919
-0.0852814
-0.569031
-0.0819855
0.0246582
0.0699768
-0.111221
-0.0699768
-0.0280151
0.0306244
0.0162659
0.0171967
-0.0362396
-0.0292969
-0.0188599
-0.0170288
-0.0731201
-0.112381
-0.148163
-0.106583
-0.222519
-0.337204
-0.364761
-0.416275
-0.652985
-1.06152
-1.08463
-1.09761
-1.11488
-0.966003
-0.299332
0.684738
0.212814
0.092453
0.871048
0.752502
0.770828
0.763962
0.649704
0.594177

[20]
0.458862
0.352203
0.0243073
-0.532654
-1.08176
-1.13902
-1.19315
-1.15512
-1.03743
-1.23262
-0.466919
-0.668137
-0.697495
-1.02719
-0.16098
-0.453445
0.0308533
-0.144211
0.0131226
-0.071701
-0.00436401
0.00167847
-0.00648499
0.0361176
-0.0137024
-0.0351868
-0.015625
-0.0494995
-0.0335541
-0.0579376
-0.0868378
-0.12912
-0.159744
-0.171616
-0.282715
-0.361908
-0.429214
-0.48407
-0.671722
-1.07947
-1.09566
-1.11238
-1.0728
-0.948334
0.224762
-0.0487671
-0.071106
0.71228
0.781052
0.819916

[21]
0.825684
0.722092
0.609467
0.508621
0.352478
0.120407
-0.477234
-0.637329
-1.10831
-1.16547
-1.21509
-1.16945
-1.03003
-0.643066
0.285065
-0.0656738
-0.881317
-1.04785
-0.141968
-0.476624
-0.0749817
-0.20491
0.127289
-0.151443
-0.0477142
0.00306702
0.0372467
-0.0185242
-0.0132294
0.0292358
-0.00445557
-0.0171814
-0.0230408
-0.0435638
-0.0885468
-0.0962524
-0.108841
-0.160385
-0.245529
-0.360458
-0.435287
-0.464157
-0.753952
-1.07919
-1.09329
-1.10767
-0.977417
-0.853699
-0.16925
0.562469

[22]
0.425339
0.303513
0.753357
0.72728
0.761047
0.702759
0.599899
0.545212
0.398712
0.216095
-0.167252
-0.697479
-1.09529
-1.1521
-1.20299
-1.17818
-0.951508
-1.09715
0.18515
-0.389374
-0.810623
-0.854782
-0.171814
-0.575638
-0.039505
-0.14212
0.0610962
-0.081604
0.0521851
-0.00445557
0.0317383
-0.0155182
-0.0402222
-0.0157318
-0.0374451
0.00238037
-0.0188904
-0.0535278
-0.0979767
-0.0912933
-0.143784
-0.185852
-0.261078
-0.361877
-0.464447
-0.514923
-0.963852
-1.0782
-1.09412
-1.11177

[23]
-0.931107
-0.449936
0.839096
-0.0551758
0.0431671
0.82843
0.751236
0.76297
0.742889
0.633636
0.589005
0.471252
0.347122
0.00892639
-0.508362
-1.07872
-1.13535
-1.19226
-1.23486
-1.091
-0.687912
-0.249664
-0.537292
-1.16925
-0.802475
-0.0607452
-0.370895
0.0628967
-0.10878
-0.00550842
-0.0744781
-0.0132751
-0.0122223
0.00146484
0.0256653
-0.00909424
-0.055954
-0.0239258
-0.0163269
-0.0230408
-0.0546265
-0.0446777
-0.126358
-0.152512
-0.18103
-0.28244
-0.490402
-0.584686
-0.632355
-0.980209

[24]
-1.08438
-1.10428
-1.12547
-0.857986
-0.346817
1.01631
0.279221
0.140488
0.924194
0.807541
0.751755
0.723068
0.628525
0.568466
0.437149
0.296021
0.0191345
-0.542831
-1.08237
-1.13669
-1.18863
-1.06516
-0.957367
-1.19235
0.354492
-0.492691
-1.0276
-0.941833
-0.0717163
-0.542587
0.121719
-0.0905609
-0.0142365
-0.0956879
-0.0449371
0.00665283
0.0366364
0.0464783
-0.00265503
0.000305176
-0.0360718
-0.0067749
0.0110474
-0.0141754
-0.0749969
-0.139236
-0.102356
-0.167236
-0.319122
-0.369507

[25]
-0.524002
-0.59787
-0.971939
-1.08311
-1.09877
-1.11513
-0.750229
-0.430161
0.935547
0.0195618
0.0231934
0.83577
0.798447
0.81575
0.782013
0.648346
0.578323
0.472763
0.309647
-0.0641174
-0.453568
-0.865845
-1.1163
-1.16431
-1.07024
-1.18398
-0.745087
-0.845871
0.391541
-0.0882111
-1.06111
-0.50972
-0.211426
-0.474274
-0.0133972
-0.161957
0.00544739
-0.106537
-0.0290222
0.0169525
0.0273132
0.0201569
-0.0126953
-0.0185547
-0.0222168
-0.0313416
-0.0202637
-0.0704193
-0.08461
-0.157776

