[1]
-0.0127411
1.11673
1.07695
0.694702
0.39032
0.159485
0.0649414
-0.0964661
-0.0757751
0.0286102
-0.0730286
-0.0848083
-0.0675659
-0.0448151
-0.0363007
-0.179367
-0.377365
-0.530121
-0.449631
-0.513657
-0.687439
-0.805328
-0.774445
-0.88559
-0.85881
-0.773056
-0.753723
-0.682709
-0.624496
0.98941
0.272797
-0.89119
0.106964
-0.456345
-0.255783
-0.0459137
0.259827
0.434311
0.327896
0.192078
0.137146
0.164398
0.240158
0.193436
0.157181
0.0988922
0.108795
0.139679
0.0779266
0.154175

[2]
0.19191
0.163544
0.135971
0.103561
0.207504
0.251617
0.225174
0.192307
0.229675
0.280884
0.405304
0.536774
0.206741
0.105972
1.53802
1.26732
0.952484
0.612869
0.453873
0.338196
0.207199
0.149841
0.0914612
-0.138489
-0.0871429
-0.118713
-0.163712
-0.205353
-0.398605
-0.367889
-0.249695
-0.374664
-0.372269
-0.456985
-0.353073
-0.37381
-0.386215
-0.38208
-0.386581
-0.429489
-0.438965
-0.450653
-0.529922
-0.645721
-0.606827
-0.511658
1.50336
-0.125366
-0.106918
0.0537415

[3]
-0.184128
-0.268387
-0.0808258
0.221725
0.245667
0.246613
0.0859222
0.139526
0.0297394
0.12233
0.276031
0.217819
0.1371
0.0898438
0.0773163
0.194092
0.220947
0.174759
0.162369
0.161026
0.101074
0.124222
0.136719
0.23584
0.202072
0.163681
0.204407
0.314667
0.656006
0.264999
0.101089
1.1315
1.09645
1.14403
0.940445
0.734543
0.590485
0.314346
0.122314
0.0499115
-0.121078
-0.118576
-0.0727081
-0.0410767
-0.182449
-0.204208
-0.269669
-0.342346
-0.396149
-0.538361

[4]
-0.751724
-0.823563
-0.863297
-0.961487
-0.867432
-0.800797
-0.97998
-1.00584
0.256409
1.76787
-1.01634
0.192291
-0.311737
-0.115585
-0.187302
0.0677032
0.10112
0.231689
0.303452
0.25119
0.15184
0.0966339
0.169815
0.14856
0.0853882
0.0826569
0.131546
0.11908
0.139206
0.0834351
0.0953369
0.155975
0.161499
0.308121
0.217606
0.14502
0.0932312
0.209473
0.222015
0.412796
0.315842
0.578384
-0.189133
0.784607
1.52081
0.665237
0.510223
0.470093
0.562561
0.448578

[5]
0.35585
0.211929
0.129822
0.037323
-0.0666656
-0.0488892
-0.0736542
-0.081131
-0.157379
-0.345612
-0.309158
-0.25824
-0.454361
-0.510651
-0.558899
-0.615005
-0.577591
-0.630615
-0.786041
-0.937714
-0.864365
-0.829239
-0.883133
-0.918381
1.65796
0.170197
-0.556076
-0.422714
-0.0294647
-0.280762
-0.0927124
0.237289
0.382767
0.305359
0.217209
0.0645447
0.0686035
0.166245
0.245819
0.158096
0.127411
0.158508
0.196777
0.207443
0.183029
0.118942
0.111343
0.168457
0.193909
0.177307

[6]
0.227432
0.059433
0.0718689
0.0395966
0.307465
0.325012
0.452316
0.429092
-0.0257721
0.0435028
0.964523
1.56398
0.894501
0.735397
0.631531
0.457275
0.279556
0.154495
0.0499878
-0.0123444
-0.0928345
-0.123672
-0.194427
-0.42038
-0.274704
-0.128693
-0.25769
-0.317383
-0.377289
-0.522232
-0.536194
-0.449585
-0.501724
-0.516464
-0.512787
-0.545288
-0.573517
-0.701691
-0.775391
-1.00247
-0.3349
0.48056
1.0775
-0.281387
0.0186615
-0.101868
-0.162109
-0.023819
0.0399475
0.260406

[7]
0.256119
0.189819
0.123337
0.0296783
0.0265198
0.195068
0.22377
0.223007
0.0499115
0.0740356
0.0675201
0.104645
0.205994
0.137375
0.232864
0.200546
0.275238
0.255554
0.107117
-0.0678864
0.141327
0.282776
0.290466
0.351639
0.532364
0.504639
0.338058
-0.3349
1.10588
0.822525
1.13747
1.14622
0.99498
0.78804
0.529327
0.322571
-0.0219879
-0.207886
-0.239243
-0.318008
-0.404968
-0.375
-0.309982
-0.343063
-0.248978
-0.32663
-0.44252
-0.566849
-0.651276
-0.697021

[8]
-0.852402
-1.10172
-1.17706
-1.25343
-1.50615
-1.20381
1.51227
0.852142
-0.806412
-0.0161133
-0.17009
0.118378
-0.00248718
-0.123398
0.118835
0.131958
0.275726
0.342499
0.276627
0.159454
0.124023
0.118958
0.0782318
0.114944
0.106033
0.152161
0.176285
0.140686
0.131485
0.192505
0.1465
0.299805
0.297165
-0.095871
-0.0570221
0.203903
0.219559
0.255905
0.352951
0.565521
0.203857
0.109131
0.119446
0.928925
0.994812
0.985596
1.03386
0.805984
0.634109
0.404282

[9]
0.0821686
-0.105896
-0.19426
-0.250061
-0.234558
-0.141846
-0.156525
-0.180481
-0.259628
-0.240524
-0.319962
-0.580475
-0.734528
-0.831573
-1.10883
-1.14688
-1.15686
-1.8535
-1.63235
0.882828
0.632233
-1.26495
0.141251
0.0680084
0.0443573
-0.136978
-0.193314
0.0554962
0.271851
0.219696
0.168137
0.0274658
0.00343323
0.0650024
0.0831909
0.136871
0.0628967
0.0553436
0.0198212
0.0430298
0.0678101
0.11908
0.0865021
0.105453
0.0913391
0.159149
0.260406
0.0497589
-0.101593
0.0185852

[10]
0.0933533
0.238159
0.315247
0.537292
0.213516
0.27446
0.124222
0.618515
0.796021
0.779236
0.896698
0.767929
0.648727
0.483398
0.237747
-0.00302124
-0.17778
-0.237823
-0.31012
-0.356918
-0.371979
-0.343994
-0.4328
-0.455093
-0.42836
-0.429108
-0.511978
-0.497009
-0.558655
-0.6978
-0.74556
-0.774139
-0.75882
-1.2867
-1.33775
0.3255
1.4099
-0.0144806
-0.604828
0.279312
-0.0850067
0.0918732
-0.0768585
0.0370178
0.195618
0.240967
0.232559
0.10051
0.0825653
0.026001

[11]
0.0642853
0.171158
0.133896
0.081955
0.118958
0.162567
0.13887
0.145081
0.133041
0.0729675
0.0691223
0.165726
0.250977
0.235062
0.0436096
-0.00134277
0.125687
0.213226
0.241943
0.565247
0.190155
0.230133
0.0604401
0.439026
0.913788
0.839523
0.907257
0.844269
0.758759
0.587402
0.390503
0.166626
-0.0672302
-0.277344
-0.325607
-0.367996
-0.389496
-0.372818
-0.414154
-0.391754
-0.359314
-0.35907
-0.480881
-0.537048
-0.510147
-0.470123
-0.500488
-0.54126
-0.60463
-0.724274

[12]
-0.694199
-0.638184
-0.770172
-0.511642
0.867188
1.82787
-0.34668
-0.302216
-0.423264
-0.206436
-0.224167
0.126129
0.13736
0.285156
0.256805
0.0554199
0.0909576
0.103806
0.202225
0.277466
0.178757
0.101501
0.134659
0.108704
0.159958
0.162125
0.146362
0.129013
0.12323
0.121933
0.152573
0.300613
0.156448
0.128738
0.115524
0.0704193
0.313156
0.462646
0.376038
0.216431
0.423035
1.07254
1.16771
1.09703
1.04147
0.803543
0.47998
0.182343
-0.023468
-0.160522

[13]
-0.152267
-0.221756
-0.339325
-0.299896
-0.244263
-0.204437
-0.259979
-0.32756
-0.46106
-0.581131
-0.516052
-0.547073
-0.692612
-0.931335
-1.04912
-0.931488
-0.77623
-1.48795
-0.359558
1.8116
-1.58104
0.142334
-0.20282
0.0575562
-0.0626526
0.0449066
0.0714417
0.181839
0.0831299
0.141968
0.158081
0.0794525
0.173264
0.162796
0.0863647
0.115891
0.0993805
0.0977783
0.104691
0.11554
0.162308
0.12085
0.0692291
0.145081
0.150528
0.241043
0.0982819
0.0421143
0.0892944
0.142746

[14]
0.17099
0.19429
0.444016
0.472061
0.131897
0.0136414
1.47383
1.04187
1.22354
0.991058
0.805069
0.624008
0.431488
0.0676117
-0.243683
-0.279907
-0.324814
-0.743912
-0.485184
-0.261703
-0.164719
-0.201309
-0.271179
-0.324661
-0.546799
-0.580948
-0.669189
-0.721146
-0.853119
-1.15509
-1.53362
-1.79477
-0.560364
1.18266
0.175873
-0.551773
0.0395355
0.124496
0.312576
-0.210037
0.0434265
0.321991
0.132721
0.0716705
0.0643005
0.0716858
0.0476685
-0.00276184
0.0262909
0.0251007

[15]
0.0696259
0.0836182
0.0599213
0.107925
0.111374
0.106873
0.139954
0.21756
0.134338
0.0823212
0.187653
0.198395
0.316147
0.483154
0.146408
-0.0400696
0.383499
0.345993
0.826477
0.887177
0.971603
0.802429
0.645142
0.486786
0.246445
0.00268555
-0.18013
-0.251968
-0.256897
-0.265564
-0.268753
-0.280197
-0.253876
-0.413483
-0.491379
-0.652222
-0.694809
-0.653656
-0.764816
-0.983887
-1.02245
-0.994125
-0.851685
-0.728882
-0.541901
-0.036499
1.82518
-2.15637
1.25015
-0.248856

[16]
0.00382996
-0.0510864
0.0509338
0.0436707
0.213242
0.264587
0.0567169
0.0596924
0.0970917
0.0967865
0.119675
0.0759888
0.0596771
0.0245056
0.0408936
0.119812
0.158783
0.0705261
0.0558014
0.0554657
0.270706
0.21315
0.0152893
-0.0800781
0.102493
0.163818
0.239197
0.210754
0.424225
0.244476
0.163437
-0.0662537
0.890549
0.805801
1.08426
1.02654
0.879898
0.737732
0.480865
0.206711
0.00721741
-0.154816
-0.194199
-0.22702
-0.219482
-0.318832
-0.293869
-0.226166
-0.383667
-0.418152

[17]
-0.386185
-0.562561
-0.834061
-1.0569
-1.16168
-1.05885
-0.927155
-1.62466
-0.911591
1.82245
-0.313629
-0.665665
0.0546722
-0.153809
-0.0238953
0.14856
0.133163
0.373093
0.203781
0.126007
0.044632
0.114868
0.179688
0.0788574
0.0158539
0.0562439
0.0688171
0.0565033
0.0772705
0.114517
0.097702
0.0466309
0.0935211
0.144882
0.141388
0.163254
0.109421
0.136978
0.217789
0.201126
0.265366
0.367493
0.45668
-0.0175934
0.033432
-0.00288391
0.450287
0.911026
0.951172
1.10124

[18]
0.995346
0.900085
0.622192
0.355774
-0.0174866
-0.108322
-0.16246
-0.259277
-0.595062
-0.589905
-0.155746
-0.118713
-0.223755
-0.333603
-0.496368
-0.596359
-0.564453
-0.714981
-0.986298
-1.09309
-1.07906
-0.91597
-1.27519
-0.522644
1.32605
0.419785
-1.73466
0.473541
-0.0347595
0.111298
0.0715485
-0.146439
0.0898438
0.109985
0.251724
0.144867
0.144241
-0.000701904
0.0595551
0.0922852
0.13385
0.08461
0.0629425
0.0627289
0.0588989
0.119614
0.165192
0.0862274
0.0626526
0.167755

[19]
0.123108
0.0937653
0.0336609
0.0470123
0.0605469
0.103058
0.47319
0.36499
0.178329
0.078125
-0.105637
0.392197
0.511612
0.869873
0.870865
0.840103
0.765091
0.616486
0.343903
0.131088
0.0153656
-0.09935
-0.148041
-0.0940857
-0.147156
-0.231659
-0.235214
-0.219254
-0.278183
-0.525406
-0.817734
-0.772278
-0.699219
-0.845474
-0.932755
-0.878342
-1.02487
-1.41611
-0.645691
0.904099
0.650406
-0.965759
-0.266891
0.0379486
0.00138855
0.0763397
0.0326691
0.161438
0.171265
0.26535

[20]
0.131638
0.104813
0.179581
0.216156
0.102631
0.0493317
0.0368347
0.117615
0.156296
0.10257
0.121002
0.100449
0.104462
0.123352
0.0691833
0.11618
0.141739
0.126526
0.129761
0.207108
0.260437
0.374115
0.437637
0.170776
0.0193024
0.371155
0.884354
0.710159
0.969604
0.919083
0.839844
0.673981
0.463821
0.213364
0.0088501
-0.207932
-0.174393
-0.168274
-0.126175
-0.0791779
-0.102386
-0.154907
-0.347672
-0.440659
-0.459122
-0.702026
-0.808563
-1.12546
-1.18881
-1.75537

[21]
-1.96095
-0.999344
1.72496
-0.530365
-0.60347
0.0644226
-0.092392
-0.0931091
-0.160095
0.0444489
0.109283
0.238586
0.132446
0.115143
0.0132599
0.045578
0.1409
0.106232
0.0344696
0.0394897
0.0493164
0.0299683
-0.00282288
-0.0251923
0.0263519
0.064743
0.126572
0.238525
0.172592
0.118439
0.108963
0.102722
0.0442505
0.0367737
0.0901337
0.305725
0.355499
0.125854
0.00193787
-0.115189
0.37001
0.901779
0.87822
0.973236
0.816635
0.74411
0.609741
0.361359
0.0890503
-0.0470886

[22]
-0.114838
-0.167786
-0.287643
-0.302765
-0.533783
-0.593063
-0.402634
-0.49707
-0.16684
-0.209488
-0.395325
-0.468857
-0.724854
-0.908401
-1.49077
-1.83693
-2.31847
-1.62122
1.72768
-1.68474
0.642151
-0.0572662
-0.0395813
-0.038681
-0.0246124
-0.296875
0.0214081
0.0404968
0.16156
0.153137
0.0738983
-0.0725861
-0.0798492
-0.00495911
0.0811768
-0.0126648
-0.044693
-0.0873566
0.0468903
0.087204
-0.0557404
0.0275879
0.0668945
0.0909119
0.12764
0.0831757
0.0516205
-0.00201416
0.00889587
0.0449066

[23]
0.0868988
0.0410461
0.314529
0.571289
0.227814
0.00198364
0.230865
0.360199
0.882019
0.830566
0.82785
0.851273
0.658966
0.480423
0.251129
0.0726929
-0.099884
-0.228897
-0.199341
-0.247711
-0.25708
-0.232819
-0.364868
-0.540939
-0.394928
-0.273071
-0.514801
-0.999039
-1.79921
-1.62201
-1.40759
-1.91124
-0.699997
1.61873
-1.05522
-0.460052
-0.226593
-0.197403
-0.204529
-0.248001
0.0203705
-0.0052948
0.0841522
0.0774078
0.0254059
-0.0936127
-0.0285034
0.0153503
0.0511475
0.010788

[24]
-0.0529938
-0.00587463
0.0153961
0.0096283
0.0278168
-0.0243225
-0.00335693
-0.0226746
0.192871
0.268967
0.0711365
0.0108032
0.0667114
0.132462
0.394943
0.219864
-0.167831
-0.0316162
0.43689
0.338531
0.656769
0.576797
0.673645
0.616547
0.481995
0.328506
0.114258
-0.0110779
-0.121597
-0.174866
-0.242355
-0.216965
-0.207245
-0.162537
-0.123367
-0.148224
-0.181671
-0.147324
-0.143082
-0.287048
-0.378067
-0.530731
-0.72641
-0.97374
-1.20714
-1.25642
-1.34734
-0.726685
1.73502
-0.453842

[25]
-0.419769
-0.161911
-0.136124
-0.246307
-0.0317078
-0.0445404
0.118698
0.180145
0.0398712
0.0422516
-0.0185242
0.0774231
0.0634308
0.103973
0.117966
0.0228271
0.0315247
0.071167
0.0413666
0.0634308
0.073761
0.107361
0.107498
0.194427
0.195679
0.0466309
-0.00289917
0.0393677
0.142151
0.157547
0.0757294
0.323257
0.405563
0.652328
0.145691
0.232452
-0.151291
0.518494
1.09781
1.22191
1.15913
0.934021
0.768417
0.41301
0.276871
0.00370789
-0.160995
-0.264252
-0.425858
-0.472809

[26]
-0.476532
-0.607635
-0.897858
-0.591629
-0.637192
-0.741058
-0.650558
-0.78241
-0.918686
-1.19479
-1.29669
-1.5424
-1.26241
0.912659
0.862625
-0.84549
-0.208557
-0.492569
-0.17926
0.0804901
0.224625
0.191116
-0.146866
-0.0414429
0.0601044
0.155975
0.240723
-0.0138397
-0.0284882
0.0339966
0.0668793
0.121796
0.199738
0.144028
0.141998
0.186417
0.0315704
0.0646667
0.241959
0.227493
0.0186768
0.027832
0.147507
0.274719
0.46492
0.725418
0.241547
0.277588
-0.442642
0.789612

[27]
0.92807
1.14723
1.0896
0.895615
0.568314
0.449951
0.208633
-0.0543518
-0.234283
-0.301575
-0.341232
-0.487579
-0.477356
-0.420731
-0.367645
-0.343475
-0.324768
-0.364044
-0.363876
-0.372986
-0.500305
-0.596878
-0.803589
-0.979187
-1.4621
-2.01556
-0.379532
1.49706
-0.702438
-0.505371
-0.162109
-0.111816
-0.0241852
-0.102402
0.0390167
0.0637207
0.118011
0.136139
0.176468
0.0717773
0.0836487
0.0727386
0.0779572
0.0948486
0.0944672
0.0205231
0.0229034
0.0634918
0.134384
0.0935516

[28]
0.0726776
0.0794373
0.172424
0.127701
0.100403
0.0509491
-0.00712585
0.00570679
0.314285
0.0592957
0.511505
0.33255
0.216553
0.299286
-0.243042
0.100098
0.635971
0.828018
1.08679
0.959915
0.832001
0.662979
0.393524
0.150864
-0.138626
-0.315216
-0.329697
-0.374283
-0.331345
-0.327774
-0.42511
-0.604919
-0.626587
-0.652786
-0.603256
-0.58844
-0.637604
-0.590958
-0.670334
-0.69194
-0.594482
-0.650299
-0.823273
-1.41826
1.04446
1.29089
-0.352158
0.0964813
-0.0715637
-0.319366

[29]
-0.233215
0.0124817
-0.0846863
0.15683
-0.0136719
0.148224
0.00752258
0.0675964
0.0948334
0.122284
0.144638
0.0821075
0.11171
0.117752
0.0440521
0.126358
0.17717
0.0740509
0.0896606
0.0918579
0.090683
0.087204
0.102966
0.124527
0.106766
0.091507
0.0904999
0.13092
0.129608
0.107269
0.134155
0.157852
0.0863953
0.264771
0.598007
0.568802
0.202026
-0.0304871
0.450882
0.937805
1.05469
1.21365
1.00275
0.745071
0.497192
0.152298
-0.103714
-0.232162
-0.361618
-0.909302

[30]
-0.517212
-0.670822
-0.835571
-0.360428
-0.401047
-0.21138
-0.301361
-0.183075
-0.307358
-0.194885
-0.154663
-0.38829
-0.546799
-0.647919
-0.802567
-0.996536
-1.15053
-1.19548
-1.00204
-0.268707
1.7435
0.123764
0.0711975
0.161407
-0.187958
0.0458374
-0.0250244
-0.00263977
-0.0267334
0.0379944
0.165192
0.00375366
0.14505
0.0908508
0.0407104
0.127426
0.152069
0.109573
0.0820007
0.0538025
0.169098
0.195343
0.157837
0.126678
0.142899
0.143112
0.111435
0.0887451
0.140244
0.206818

[31]
0.152084
0.12709
0.0709381
0.0767517
0.143448
0.174316
0.159592
0.320511
0.398819
0.525635
0.444366
0.644226
-0.285522
0.0713348
1.35512
0.933136
1.08565
1.00978
0.780746
0.560715
0.346268
0.333481
0.12468
-0.144638
-0.320938
-0.611557
-0.693314
-0.679626
-0.711884
-0.59404
-0.543335
-0.554916
-0.331161
-0.39566
-0.432816
-0.544617
-0.80896
-0.784637
-0.907761
-1.03416
-1.30411
-1.17717
0.0828857
1.67157
0.805588
0.338593
-0.244308
-0.506027
-0.135605
-0.102829

[32]
-0.182816
0.253952
0.0385132
0.0960083
0.0405121
0.113892
0.0866089
0.214874
0.235794
0.185089
0.17276
0.154922
0.15686
0.18895
0.153244
0.114716
0.112549
0.13533
0.163345
0.218063
0.160721
0.198288
0.177216
0.186768
0.134354
0.0626221
0.297668
0.536835
0.437775
0.53624
-0.200027
0.230698
0.550278
0.942749
0.957581
1.08684
0.919205
0.702148
0.491379
0.295609
0.0193329
-0.0298004
-0.0599213
0.314102
-0.432678
-0.298721
-0.53212
-0.368607
-0.425949
-0.502991

[33]
-0.454193
-0.445343
-0.41156
-0.456085
-0.555542
-0.653625
-0.815582
-1.24265
-1.4545
-1.61894
-1.16203
1.70415
-0.00839233
0.487778
-0.321136
-0.284073
-0.308533
-0.244263
-0.217377
-0.039093
0.10498
0.140961
0.0964813
0.0843658
0.0748291
0.154007
0.148285
0.178238
0.146576
0.0751953
0.1082
0.0835724
0.108398
0.112427
0.0798187
0.114822
0.117889
0.18309
0.225464
0.211868
0.120209
0.0379028
0.103867
0.105011
0.0892944
0.166122
0.242111
0.39566
0.404892
0.349319

[34]
0.269958
-0.0605621
0.576385
1.22643
0.955673
1.0818
0.955368
0.748184
0.461243
0.198181
0.0423126
-0.152008
-0.198654
-0.209457
-0.117386
-0.11676
-0.176941
-0.392624
-0.75589
-0.397171
-0.388062
-0.564941
-0.79425
-0.849152
-0.919983
-1.17551
-1.48665
-1.41499
-1.86388
1.69652
-0.635391
-0.0567474
-0.378448
-0.0968933
-0.183548
0.0554199
-0.0365448
-0.0754242
0.0731812
0.110519
0.102554
0.0339661
0.00726318
0.0825195
0.0928192
0.169601
0.0483398
0.0707092
0.114777
0.131577

[35]
0.144043
0.115875
0.0612335
0.134918
0.222961
0.129929
0.0735168
0.0734711
0.132614
0.226028
0.152222
0.409149
0.110046
0.175171
0.16066
0.444489
1.00987
0.87056
0.9711
0.86647
0.738159
0.57663
0.341721
0.0979919
-0.131744
-0.236877
-0.225052
-0.267685
-0.258133
-0.305496
-0.437759
-0.653366
-0.405792
-0.417328
-0.515533
-0.511978
-0.637222
-0.747345
-0.742416
-0.892899
-1.04121
-1.08553
-1.4812
-0.132553
1.77092
-0.532455
-0.0289459
-0.189651
-0.453934
-0.151047

[36]
-0.127411
-0.0253296
0.0846405
0.224182
0.188599
0.185226
0.116791
0.110779
0.211304
0.234711
0.117096
0.0934906
0.0848694
0.123215
0.168167
0.0385895
0.115341
0.142609
0.196808
0.126038
0.178879
0.184998
0.24057
0.254852
0.20163
0.144073
0.448822
0.77211
0.390976
0.563278
0.29541
1.19366
0.901886
0.993576
0.947205
0.922256
0.835846
0.671097
0.404526
0.0316925
-0.299789
-0.55011
-0.649368
-0.66214
-0.731781
-0.716415
-0.756378
-0.776047
-0.784164
-0.929062

