[1]
-0.00776672
0.856842
0.587753
0.150528
-0.0714417
-0.25061
-0.337006
-0.415909
-0.390991
-0.360443
-0.357376
-0.284897
-0.205338
-0.158981
-0.195694
-0.219971
-0.247604
-0.247726
-0.154419
-0.213867
-0.235672
-0.215591
-0.122955
-0.0654449
-0.0413971
0.039856
0.02211
0.0462036
-0.187347
0.187714
-1.03398
-1.02045
-0.150406
-0.0045929
-0.0248718
0.0466614
-0.0126648
-0.022995
0.0558624
0.0597076
0.00630188
0.0454254
0.000396729
-0.0271149
-0.00997925
-0.0106201
-0.0164032
-0.0269318
-0.0206909
-0.0386505

[2]
-0.000961304
-0.0386505
-0.0256805
-0.0295258
-0.0506744
-0.131836
-0.117783
-0.140488
-0.285767
-0.369675
-0.767227
-0.645309
-0.31131
0.076004
0.655334
0.826904
0.590225
0.198914
-0.0479736
-0.17424
-0.21553
-0.228149
-0.224823
-0.255081
-0.284668
-0.268967
-0.202911
-0.19545
-0.230179
-0.221603
-0.194885
-0.197708
-0.144012
-0.0855255
-0.0171814
-0.016098
-0.0235443
-0.016571
-0.0636749
-0.10321
-0.0975342
-0.102585
-0.132782
-0.164658
-0.386353
-0.251648
-0.125656
-0.660263
-0.301743
-0.173294

[3]
0.102585
0.0573273
-0.0232239
-0.115616
-0.00534058
0.0464325
-0.0588074
-0.0500946
0.0538483
-0.0443573
0.0105743
0.0395813
0.0323029
0.0226135
-0.0169067
0.0259094
-0.0334473
-0.0210876
-0.0352783
-0.0712585
-0.0590363
-0.0196533
-0.0487366
-0.0800781
-0.209534
-0.333359
-0.561249
-0.668869
-0.587753
-0.224213
0.116898
0.847931
0.558289
0.342834
0.181686
-0.00737
-0.106705
-0.192612
-0.270111
-0.321518
-0.298767
-0.287262
-0.221451
-0.199493
-0.202164
-0.246719
-0.197098
-0.156647
-0.179001
-0.164795

[4]
-0.257706
-0.208664
-0.189545
-0.167313
-0.14621
-0.230331
-0.471878
-0.0735931
-0.0834198
-0.457962
-1.05003
-0.774734
0.12088
0.288254
-0.112778
0.0737152
-0.00897217
-0.0324554
0.0314331
0.108917
0.0435791
0.00338745
-0.0224915
-0.0498505
-0.0363617
0.00270081
0.0190582
-0.0149536
0.010498
-0.0279236
-0.0892792
-0.0552063
0.00553894
-0.0207672
-0.0760651
-0.118088
-0.141495
-0.246368
-0.324051
-0.59169
-0.495422
-0.542221
-0.0877686
0.616364
0.687286
0.326263
0.113495
0.112686
0.0593872
-0.0105743

[5]
-0.0618439
-0.101654
-0.161331
-0.159302
-0.165482
-0.17981
-0.210449
-0.265381
-0.27449
-0.231583
-0.181946
-0.179871
-0.160156
-0.118988
-0.0967712
-0.103333
-0.15509
-0.192871
-0.245926
-0.251755
-0.226608
-0.229019
-0.212189
-0.20491
0.547729
-1.07251
-0.932098
-0.576462
0.432373
-0.0068512
-0.0518951
0.0144501
-0.025589
0.0463715
0.116409
0.0572815
0.059082
-0.050705
-0.059845
-0.0389862
-0.0167847
0.0304108
0.000839233
-0.0199127
-0.0202789
-0.0424652
-0.0378571
-0.0420532
-0.0154572
0.0341797

[6]
-0.0267792
-0.0697021
-0.132767
-0.160767
-0.274643
-0.593796
-0.614655
-0.460281
-0.180252
0.180664
0.661545
0.790268
0.360901
0.017334
-0.0367889
-0.0794525
-0.105377
-0.133514
-0.166443
-0.176834
-0.163483
-0.164093
-0.211441
-0.128113
-0.146118
-0.368805
-0.210541
-0.224258
-0.212463
-0.186798
-0.12822
-0.11467
-0.153671
-0.162552
-0.171768
-0.162949
-0.170227
-0.220505
-0.46965
-0.358109
-0.144989
0.108902
-1.00482
-0.714691
-0.132751
0.163162
0.0409393
0.063446
-0.0845032
-0.0948181

[7]
-0.0215607
-0.0266113
-0.0266724
-0.00169373
0.0560608
0.0141907
-0.0259247
-0.0287781
-0.00442505
0.0327301
-0.0175018
-0.0085144
-0.0450134
0.01091
0.00357056
-0.104202
-0.0971985
-0.165756
-0.137238
-0.198318
-0.266418
-0.449249
-0.517914
-0.598022
-0.755173
-0.529266
-0.17131
-0.211716
0.733627
0.490799
0.776718
0.51857
0.30423
0.142609
-0.105576
-0.290588
-0.355408
-0.450867
-0.358368
-0.436783
-0.48671
-0.546814
-0.28241
-0.069397
-0.167297
-0.160706
-0.138611
-0.238647
-0.245895
-0.274963

[8]
-0.315094
-0.30719
-0.303787
-0.237671
-0.540359
-0.190308
0.286713
-1.05005
-0.690704
-0.244034
0.0141907
0.122681
0.113388
-0.0432434
-0.0274658
-0.00775146
0.0400391
0.0243683
-0.00134277
0.0256653
0.0427094
0.0240479
-0.0210876
-0.00613403
-0.0147095
-0.0171509
-0.0440979
-0.0392151
-0.000640869
-0.00419617
-0.0886536
-0.0746002
-0.014389
-0.255859
-0.187332
-0.272247
-0.583817
-0.553528
-0.577881
-0.596771
-0.364334
-0.138626
0.27121
0.50708
0.616776
0.408966
0.435471
0.253311
0.0704346
-0.159256

[9]
-0.295319
-0.408249
-0.427322
-0.432053
-0.327133
-0.363953
-0.293915
-0.260727
-0.193329
-0.204483
-0.266373
-0.219833
-0.246735
-0.302307
-0.27919
-0.22374
-0.471405
-0.308777
-0.545197
0.0696259
-1.04893
-0.79007
-0.105606
0.214203
0.0928497
0.0222321
0.181351
-0.00830078
-0.0685272
-0.0371094
-0.0581512
-0.0175323
0.0205383
0.0429535
0.0123138
-0.0127106
-0.0150757
0.0226746
-0.0080719
-0.0475464
-0.0288849
-0.00942993
-0.0189972
-0.0636597
-0.0677338
-0.076004
-0.0709991
-0.127426
-0.126526
-0.170258

[10]
-0.363754
-0.306137
-0.672653
-0.927429
-0.610138
-0.174255
0.128784
0.630707
0.694016
0.529037
0.461945
0.360504
0.210754
-0.0505524
-0.236938
-0.247574
-0.379288
-0.405884
-0.445267
-0.416611
-0.407745
-0.354614
-0.306564
-0.314133
-0.242996
-0.217789
-0.168015
-0.145126
-0.109283
-0.10437
-0.109268
-0.111191
-0.22818
-0.317459
-0.504517
-0.368637
0.354858
-1.04634
-0.567062
-0.0743408
0.227295
0.183029
0.0466614
0.117569
-0.0901489
-0.0501251
-0.066925
-0.0296936
-0.0163269
0.0225983

[11]
0.0323334
-0.00761414
-0.00152588
0.0227509
0.0267334
0.00727844
-0.0200806
-0.0317993
-0.0346527
-0.0158997
-0.0356445
-0.0635834
-0.0317078
-0.137726
-0.116867
-0.161987
-0.237015
-0.56752
-0.652206
-0.753433
-0.412308
-0.265015
0.0759888
0.525482
0.581268
0.577942
0.378708
0.310608
0.231781
0.0901184
-0.0860138
-0.282196
-0.403824
-0.451233
-0.457764
-0.405823
-0.370773
-0.349472
-0.310165
-0.25383
-0.186188
-0.148407
-0.0835266
-0.0217133
-0.0300751
-0.0336761
-0.0623779
-0.0844421
-0.104156
-0.134232

[12]
-0.165283
-0.189529
-0.380798
-0.362762
0.00410461
0.00856018
-1.0562
-0.601791
-0.239197
0.161774
-0.0206451
0.073822
-0.0658569
-0.0384521
-0.0309906
0.024353
0.0191498
0.0479584
0.0532379
-0.0204163
-0.0416565
-0.016922
-0.0032196
-0.0190582
-0.0478516
-0.00717163
-0.0450745
0.00276184
0.0148163
-0.0715027
-0.0879822
-0.101959
-0.137253
-0.178268
-0.212631
-0.468735
-0.561371
-0.905319
-0.584595
-0.135727
0.532822
0.722122
0.668152
0.392975
0.201019
0.0318909
-0.142273
-0.290726
-0.345749
-0.364594

[13]
-0.373413
-0.362198
-0.344757
-0.366379
-0.140671
-0.321854
-0.188705
-0.146576
-0.105911
-0.0722198
-0.094101
-0.103241
-0.0792847
-0.139038
-0.114288
-0.111664
-0.0612488
-0.503586
-0.218613
0.155136
-1.04788
-0.56871
-0.016983
0.103088
0.126724
0.184006
0.0357971
0.0238495
-0.0180359
-0.00856018
-0.03862
-0.0195312
0.00346375
-0.016861
-0.00901794
0.00117493
-0.01474
-0.010788
-0.0232239
-0.0418091
-0.0329285
-0.0188599
-0.0498657
-0.0374756
-0.0986023
-0.127335
-0.0646973
-0.098053
-0.170013
-0.229111

[14]
-0.443787
-0.552124
-0.686203
-0.60434
-0.302017
0.0195618
0.898361
0.649139
0.366287
0.12706
-0.037262
-0.0757599
-0.175507
-0.24913
-0.280167
-0.318604
-0.321045
-0.569199
-0.446106
0.0330048
-0.142197
-0.193512
-0.00550842
-0.219147
-0.0674286
-0.176224
-0.140778
-0.128784
-0.10672
-0.326645
-0.30127
-0.439972
-0.0661621
-1.05717
-1.03276
0.352051
0.208923
-0.0293427
0.0671997
0.128174
0.0464935
-0.0379486
-0.0305634
-0.0394745
-0.0388794
-0.00257874
-0.0132141
-0.036911
-0.013092
0.00456238

[15]
-0.000762939
0.00170898
-0.0154572
-0.0733795
-0.0788879
-0.0642395
-0.112717
-0.161469
-0.159119
-0.321182
-0.526245
-0.705338
-0.682388
-0.65361
-0.366074
-0.0339203
0.322708
0.731628
0.702698
0.458191
0.311035
0.268127
0.176834
0.0017395
-0.204666
-0.302917
-0.38382
-0.411453
-0.403076
-0.372772
-0.332504
-0.302002
-0.290207
-0.239014
-0.209122
-0.218262
-0.246231
-0.247177
-0.216934
-0.258316
-0.238297
-0.233566
-0.198257
-0.46376
-0.252792
0.024765
-0.621033
-1.03694
-0.443115
0.342072

[16]
0.176208
0.103195
0.0868683
-0.0729675
-0.0292511
-0.0566864
0.00230408
-0.0277252
0.0153961
0.00953674
-0.0128632
-0.0265656
-0.00608826
-0.0406342
-0.0287781
-0.0141602
-0.0356598
-0.035202
-0.0252075
-0.0297089
-0.0768585
-0.107773
-0.0675964
-0.132401
-0.211044
-0.333115
-0.55928
-0.69809
-0.423782
-0.346497
-0.0721588
0.193405
0.688156
0.511246
0.376358
0.18634
0.0817261
0.0447693
-0.03685
-0.144836
-0.226501
-0.280106
-0.338287
-0.323975
-0.321213
-0.42189
-0.0546722
-0.344131
-0.189957
-0.205429

[17]
-0.175858
-0.177872
-0.188187
-0.201111
-0.221954
-0.151749
-0.493942
-0.0921478
-0.174286
-0.128403
-1.04341
-0.531235
0.122955
0.0151367
0.0683746
0.180298
0.0319977
-0.0451202
0.00344849
0.0308838
-0.040451
0.0211182
-0.0198669
0.00750732
0.00392151
-0.0334625
-0.0532532
-0.0537109
-0.00840759
-0.0269318
-0.0666962
-0.031311
-0.0319519
-0.0767517
-0.118942
-0.10672
-0.140274
-0.20549
-0.347229
-0.513901
-0.591995
-0.852509
-0.643677
-0.25267
-0.181839
0.244873
0.763641
0.618896
0.472626
0.409363

[18]
0.346817
0.20639
0.0550995
-0.134399
-0.0428772
-0.343735
-0.473526
-0.545898
-0.665436
-0.611526
-0.33757
-0.205688
-0.320587
-0.238419
-0.195267
-0.271576
-0.19487
-0.177658
-0.163879
-0.108658
-0.124664
-0.0376434
-0.476532
0.0897522
0.462097
-1.04433
-1.03017
-0.440109
0.479294
0.0440979
0.158112
0.0205994
0.0231628
0.0348511
-0.00776672
-0.0456238
-0.0307465
0.0226288
0.00424194
-0.0114441
-0.0283356
-0.0664062
-0.0159302
0.0149994
-0.00332642
-0.0544891
-0.0257416
-0.0736542
-0.0332184
-0.0768738

[19]
-0.0348969
-0.167068
-0.177094
-0.211426
-0.39856
-0.49205
-0.753784
-0.557114
-0.311554
-0.112457
0.0424194
0.396179
0.425659
0.31546
0.308701
0.320831
0.278061
0.141113
0.000106812
-0.149811
-0.256454
-0.331223
-0.390854
-0.376785
-0.339355
-0.332092
-0.314545
-0.262573
-0.258698
-0.178009
-0.195602
-0.203796
-0.158203
-0.209106
-0.189682
-0.163712
-0.250473
-0.220993
-0.35141
0.216309
-1.05051
-0.691101
-0.353683
0.0737305
0.142563
0.0858154
0.0690918
-0.0385437
-0.0410004
-0.00511169

[20]
-0.0240479
0.00679016
0.0175781
-0.0070343
-0.0268402
-0.0362244
-0.00532532
-0.0177002
-0.00297546
-0.03685
-0.0225525
-0.0215302
-0.0461426
-0.0700836
-0.0768585
-0.115295
-0.128052
-0.105515
-0.271439
-0.422165
-0.576828
-0.952972
-0.725525
-0.344772
0.0116882
0.452576
0.492935
0.635742
0.396667
0.264114
0.182999
0.0737
-0.0267639
-0.180206
-0.302933
-0.302353
-0.31897
-0.345108
-0.330505
-0.296341
-0.270126
-0.258987
-0.236603
-0.169403
-0.196762
-0.185013
-0.266479
-0.328552
-0.223892
-0.622971

[21]
-0.463638
0.0209198
-0.732697
-1.04541
-0.62471
0.00839233
0.190689
0.0332947
0.129059
0.0410156
-0.0114899
-0.0191193
-0.0130768
-0.0314636
0.00350952
0.0253906
0.00230408
-0.0190277
-0.0105133
0.00502014
-0.0289001
-0.0522461
-0.0294495
-0.0176544
-0.04216
-0.081543
-0.0455017
-0.0627747
-0.11322
-0.132645
-0.137711
-0.179626
-0.30867
-0.488434
-0.576935
-0.680206
-0.332016
-0.413696
-0.0870361
0.175491
0.551437
0.433624
0.406479
0.25946
0.332932
0.235916
0.0738068
-0.0548096
-0.273483
-0.234039

[22]
-0.467972
-0.422028
-0.367798
-0.218887
-0.387146
-0.335083
-0.304474
-0.269058
-0.151016
-0.0333557
0.219696
-0.207169
-0.156494
-0.223892
-0.182495
-0.348114
-0.474976
-0.400162
0.277527
-1.05396
-0.412689
0.310135
0.159622
0.0775757
0.0646973
-0.0233917
0.0067749
-0.00564575
-0.0366058
-0.0789795
-0.0509491
-0.0075531
0.0339203
0.0153656
-0.026947
-0.0381317
0.0100403
0.0167236
-0.0183258
-0.0495605
-0.0814972
-0.0439606
-0.0313263
-0.120865
-0.0861664
-0.0722504
-0.0855713
-0.107773
-0.196747
-0.291

[23]
-0.51474
-0.574921
-0.872025
-0.408356
-0.395081
-0.128296
0.146652
0.623352
0.430649
0.373306
0.310577
0.365372
0.179855
0.0622253
-0.0219574
-0.370377
-0.273361
-0.287125
-0.340942
-0.358154
-0.323212
-0.236847
-0.225876
-0.233582
-0.338867
-0.388809
-0.41774
-0.47084
-0.444427
-0.315277
-0.500168
-0.122803
-0.0423279
-1.10106
-1.08905
-0.390762
-0.0981903
0.0638275
0.0686493
0.115479
0.029129
-0.0498199
-0.0840759
-0.0772552
-0.0825348
0.00942993
-0.00389099
-0.00238037
-0.0217133
-0.0129089

[24]
0.0107422
0.00640869
-0.0122375
-0.0300446
-0.00747681
-0.0353699
-0.0522919
-0.0406647
-0.0641479
-0.165222
-0.101257
-0.145172
-0.290176
-0.710068
-0.887207
-1.0208
-0.317291
0.212357
0.541779
0.671173
0.670624
0.691406
0.358612
0.27211
0.0201874
0.00405884
-0.19252
-0.25943
-0.294006
-0.304504
-0.280243
-0.25386
-0.240799
-0.242523
-0.23587
-0.198471
-0.130539
-0.0801697
-0.0119629
-0.0305939
-0.0583801
-0.080658
-0.29248
-0.310913
-0.415009
-0.669937
-0.544357
-0.168579
-0.243652
-1.0788

[25]
-0.430832
-0.103958
0.15947
0.00894165
0.161972
-0.117935
-0.0669861
-0.0154724
-0.00384521
-0.0222473
-0.00596619
0.0368958
0.00697327
-0.0301361
-0.0129395
-0.000930786
0.00254822
-0.0313263
-0.0421753
-0.0296173
-0.00950623
-0.023819
-0.0484009
-0.0298615
-0.0874481
-0.133621
-0.200897
-0.225677
-0.254044
-0.436401
-0.459534
-0.544022
-0.547409
-0.349197
-0.489548
-0.112366
0.0509033
0.652115
0.458801
0.570847
0.413651
0.298538
0.143326
-0.12674
-0.333389
-0.436401
-0.568878
-0.660187
-0.608261
-0.541702

[26]
-0.415161
-0.313507
-0.249496
-0.224167
-0.155746
-0.204041
-0.232651
-0.254852
-0.353989
-0.366653
-0.492035
-0.372253
-0.444168
0.0560608
-0.258911
-1.07555
-0.923325
-0.46051
-0.35405
0.107208
0.0791779
0.00662231
0.0236664
0.0653992
0.046936
0.00617981
-0.01091
-0.00447083
0.0717773
0.0257721
-0.0554047
-0.0513
-0.0684662
-0.0961151
-0.00793457
-0.0418091
-0.109802
-0.0874329
-0.0968628
-0.0751953
-0.242828
-0.38797
-0.534058
-1.0542
-0.973846
-0.584442
-0.80452
-0.228226
0.303513
0.637024

[27]
0.872925
0.648773
0.560669
0.462112
0.19455
-0.180527
-0.292511
-0.432938
-0.451263
-0.538528
-0.612793
-0.521759
-0.371689
-0.254898
-0.130478
-0.0991058
-0.0444946
-0.058136
-0.061203
-0.0887756
-0.129105
-0.151047
-0.208374
-0.279068
-0.746521
-0.828903
0.0642853
-1.088
-1.04593
-0.461258
-0.116531
0.0979614
0.0397491
0.0255737
0.0483704
0.0466614
0.0144196
0.0227661
0.00883484
-0.0145111
-0.00117493
-3.05176e-05
-0.0255127
0.0114136
0.00125122
-0.00195312
-0.00521851
-0.012146
-0.0204163
-0.0332642

[28]
-0.0470276
-0.0292053
-0.036438
-0.100555
-0.0341797
-0.1427
-0.212692
-0.255661
-0.576035
-0.686462
-0.669022
-0.508759
-0.462799
-0.182587
0.160538
0.389053
0.417023
0.461548
0.537537
0.413223
0.301758
0.215485
-0.048584
-0.114883
-0.33284
-0.427414
-0.435059
-0.524704
-0.514999
-0.488754
-0.410583
-0.3685
-0.265579
-0.164993
-0.119003
-0.0594177
-0.0725861
-0.0631409
-0.0211029
-0.0357513
-0.118744
-0.20462
-0.327469
-0.45079
0.0522003
-0.618896
-0.637451
-0.34845
-0.0810089
0.0905762

[29]
-0.140915
-0.0550995
0.0124512
-0.0171204
-0.0894318
-0.0504761
0.00831604
0.0370941
0.033844
0.00968933
-0.00479126
-0.0131378
0.000579834
0.0101166
-0.0154724
-0.014389
-0.0129395
-0.0456238
4.57764e-05
-0.0624237
-0.0637054
-0.00712585
-0.030777
-0.0448303
-0.0653076
-0.0516815
-0.0822449
-0.122742
-0.203293
-0.222702
-0.335129
-0.458191
-0.62886
-0.69693
-0.625671
-0.397705
-0.471848
-0.0749512
0.424179
0.520874
0.568771
0.494247
0.38826
0.0353546
-0.15213
-0.231476
-0.281891
-0.399933
-0.431091
-0.967621

[30]
0.311417
-0.852264
-0.0939636
-0.0429993
-0.206955
-0.0734558
-0.0827026
-0.0161743
-0.0271301
-0.0292358
-0.0450439
-0.0964508
-0.162186
-0.158081
-0.262604
-0.297821
-0.34938
-0.337723
-0.292358
-0.13089
0.161133
-0.575287
-0.531219
-0.448441
-0.115784
-0.0213318
0.0585632
0.0455322
0.00465393
-0.046814
-0.0824432
-0.120514
-0.0249481
-0.0148926
-0.0252686
0.0314331
0.0118713
0.0163422
-0.00576782
-0.0122375
-0.0218353
-0.0569763
-0.0595245
-0.048111
-0.0327301
-0.0457153
-0.0478821
-0.0572052
-0.0259857
-0.042984

[31]
-0.0870819
-0.13205
-0.119415
-0.189194
-0.26088
-0.371948
-0.573944
-0.772202
-0.832504
-0.553391
-0.729965
-0.456177
-0.120468
0.64679
1.22366
0.795395
0.642548
0.491287
0.146942
-0.0488129
-0.380234
-0.534225
-0.562897
-0.546341
-0.723587
-0.491837
-0.391434
-0.262054
-0.24678
-0.170868
-0.111511
-0.123138
-0.112381
-0.130844
-0.105286
-0.0947723
-0.106323
-0.158066
-0.285355
-0.321289
-0.447067
-0.370102
0.0126801
0.0450439
-0.71933
-0.797836
-0.388382
-0.367554
-0.221939
-0.0540161

[32]
0.0937958
0.00196838
-0.0917053
-0.026001
-0.0207214
0.013855
0.0435791
0.0299377
-0.0156403
-0.0162811
-0.0375519
-0.0112305
-0.0243225
-0.0521698
-0.0623322
-0.0489197
-0.077774
-0.0447235
-0.0584412
-0.0547333
-0.138885
-0.143677
-0.191376
-0.275589
-0.44249
-0.639053
-0.79509
-0.757874
-0.574829
-0.450424
-0.14537
-0.152237
0.423767
0.408417
0.510696
0.47995
0.45282
0.340607
-0.0193787
-0.14064
-0.255341
-0.428696
-0.44809
-1.00627
0.116211
-0.657227
-0.294937
-0.223007
-0.240387
-0.17009

[33]
-0.168945
-0.0836182
-0.0499115
-0.0677795
-0.126526
-0.181747
-0.27037
-0.377213
-0.547516
-0.507782
-0.27536
0.0588989
-0.537338
-0.715561
-0.444336
-0.122208
-0.135727
-0.154785
-0.0865784
-0.0316925
-0.0231171
-0.0671539
0.0148926
0.0273132
0.0178528
0.0116272
0.015564
0.00137329
-0.0305939
0.00747681
-0.00349426
-0.0188599
-0.0338593
-0.0327911
-0.0437622
-0.0549164
-0.0528717
-0.0432129
-0.0675354
-0.0650635
-0.0698242
-0.128845
-0.201172
-0.297455
-0.418259
-0.44162
-0.492569
-0.463074
-0.326614
-0.339386

[34]
-0.222504
-0.163162
0.552734
0.344116
0.428848
0.333664
0.248566
0.11615
-0.0728912
-0.202713
-0.458206
-0.53009
-0.506424
-0.523483
-0.469986
-0.410782
-0.372116
-0.336624
-0.302414
-0.211548
-0.199463
-0.216415
-0.217819
-0.203384
-0.23027
-0.254135
-0.261368
-0.242767
-0.0629272
-0.163254
-1.05617
-0.774292
-0.377655
0.0126038
0.0419922
0.255966
0.0770111
-0.107941
-0.140167
-0.047287
0.000167847
0.0358887
0.0237427
0.00686646
0.0275269
-0.0149841
-0.0238342
-0.0107422
-0.031601
-0.0177307

[35]
-0.0163574
-0.0769806
-0.0460205
-0.0437622
-0.0641937
-0.104996
-0.200272
-0.272552
-0.371719
-0.525711
-0.657349
-0.688202
-0.375732
-0.294922
0.112762
0.492523
0.562424
0.475906
0.28894
0.293137
0.161804
0.0392609
-0.0366669
-0.223267
-0.334793
-0.360931
-0.428864
-0.419312
-0.387192
-0.36467
-0.306351
-0.293076
-0.238678
-0.208603
-0.206192
-0.194611
-0.198181
-0.209122
-0.193008
-0.202408
-0.24855
-0.354034
-0.266327
-0.17189
-0.229919
-1.05971
-0.367004
-0.239304
0.0671082
-0.0605164

[36]
-0.0385742
-0.0913391
-0.0330963
0.0253601
-0.0362244
0.0346527
0.0412903
0.0504456
0.00944519
-0.022644
-0.0103302
-0.00907898
-0.0209656
-0.0209503
-0.0316162
-0.0370483
-0.0284729
-0.0615997
-0.0594635
-0.110703
-0.141617
-0.196991
-0.228348
-0.272186
-0.451385
-0.68959
-0.834534
-0.781479
-0.815613
-0.236786
0.0562592
0.191818
0.506226
0.521835
0.481003
0.383057
0.126617
-0.0191193
0.032196
-0.241592
-0.343002
-0.360962
-0.396835
-0.458481
-0.39003
-0.332291
-0.265457
-0.290237
-0.324905
-0.510193

