[1]
0.0100861
0.240463
0.0672302
-0.143356
-0.154999
0.0110931
0.0878296
0.128326
-0.075119
-0.17424
-0.0595856
-0.0471954
-0.0199585
-0.0350647
-0.0687714
-0.0569153
-0.0591125
-0.07164
-0.0730286
-0.0345612
-0.0483246
-0.117661
-0.0597076
-0.0618286
-0.0908661
-0.0884094
-0.0606384
-0.0837555
-0.153397
-0.225616
-0.214767
-0.219147
-0.251526
-0.287842
-0.399567
-0.715866
-0.637085
-0.346848
-0.28212
-0.291931
0.44278
0.471848
-0.306122
-0.340744
-0.621933
-0.580109
-0.48613
-0.292526
-0.192337
-0.145996

[2]
-0.154587
-0.0127258
-0.395325
0.174835
0.61113
0.989426
1.43906
1.50764
1.1772
0.868546
0.797928
0.683594
-0.317825
-0.640091
-0.30188
-1.25464
0.109161
0.0813446
0.0259552
0.426071
0.189835
0.0588989
-0.0241852
-0.0458069
-0.0396118
-0.0187988
-0.0267792
-0.0107574
-0.069458
-0.0604248
-0.025238
-0.0540619
-0.037262
-0.0592957
-0.105759
-0.0713959
-0.0050354
-0.0802307
-0.104172
-0.104584
-0.114853
-0.178253
-0.193069
-0.179138
-0.252396
-0.226959
-0.213562
-0.220764
-0.354736
-0.712814

[3]
-0.761612
-0.481735
-0.342606
-0.175659
-0.090683
0.0844574
-0.239304
-0.439865
-0.467285
-0.63205
-0.496307
-0.466049
-0.357162
-0.277267
-0.204254
-0.26799
-0.0740509
-0.170944
0.268555
0.695267
1.26625
1.98685
2.0209
1.26793
1.42329
0.07724
-0.389359
-1.38959
0.0490417
0.224487
0.48349
0.0996704
0.275604
0.156662
-0.149719
-0.0637207
-0.081131
0.0962219
0.0649719
-0.0848846
-0.121323
-0.0636902
-0.00784302
-0.0313416
0.000762939
-0.0468903
-0.082962
-0.0293884
-0.0456543
-0.0963593

[4]
-0.0934753
-0.0664368
-0.159195
-0.158585
-0.165359
-0.201965
-0.191971
-0.161362
-0.157257
-0.389572
-0.765472
-1.09715
-0.767639
0.0253754
-0.302124
0.371841
0.390503
-0.513092
-0.30806
-0.498428
-0.504059
-0.373352
-0.330734
-0.1539
-0.0407257
-0.0209045
-0.0153198
0.0294647
-0.105927
0.250336
0.489502
1.06563
1.88524
1.99477
1.53082
0.929474
0.0783386
-0.348221
-1.37962
-0.100571
0.399841
0.355026
0.19577
0.192032
0.0388947
-0.154739
-0.0414886
0.0303345
0.0976715
-0.0223389

[5]
-0.108841
-0.129852
-0.0278015
0.00038147
-0.00144958
-0.00157166
-0.0264587
-0.0744324
-0.0871887
-0.0359497
-0.0926056
-0.11113
-0.208893
-0.133759
-0.110428
-0.297531
-0.328003
-0.259888
-0.161026
-0.67009
-0.853409
-0.791183
0.204514
-0.363907
0.480865
0.448364
-0.494476
-0.372955
-0.497238
-0.625656
-0.429153
-0.286011
-0.1017
-0.0389862
-0.050827
-0.0529785
-0.0310364
0.278259
0.674927
1.05408
1.6062
2.11755
1.72856
0.851486
-0.0203857
-0.977859
-1.7195
1.09413
0.501816
0.29599

[6]
0.438187
0.171082
0.0540161
-0.175552
-0.0773163
0.0896606
0.0366364
0.015213
-0.145172
-0.0886078
0.0279388
0.0849915
0.0261993
-0.0527496
-0.0406799
0.00878906
0.0107422
0.0241394
-0.0632477
-0.149521
-0.165161
-0.21669
-0.215637
-0.164139
-0.0874786
-0.231949
-0.344193
-1.02603
-0.604599
-0.730392
-0.12323
-0.350204
0.29361
0.0129395
-0.499008
-0.610153
-0.679489
-0.501541
-0.349213
-0.188019
-0.0874176
-0.0801392
-0.0770721
0.0205994
-0.104752
-0.0124207
0.539917
0.971664
1.05142
1.30487

[7]
1.43359
1.05321
0.0472565
-0.787628
-0.741608
-0.376968
0.109222
0.221985
0.216492
0.563766
0.215271
0.0328827
-0.0826874
-0.0329132
0.0244751
0.0669098
0.0699463
-0.0150299
-0.0652161
0.0208282
0.0472717
0.093277
0.0143127
-0.0538635
0.00193787
-0.0146637
0.00834656
0.0222168
0.00482178
-0.0806732
-0.139145
-0.0651703
-0.0378571
-0.0975189
-0.0797119
-0.218155
-0.128555
-0.36644
-0.645477
-0.80304
-0.269577
-0.144196
-0.50238
0.351624
0.444275
-0.434235
-0.401245
-0.702698
-0.584427
-0.365891

[8]
-0.202011
-0.0573425
-0.0706024
-0.0690308
-0.0769348
-0.00439453
-0.116928
0.460602
0.933487
1.34972
1.87703
1.7462
0.612946
0.31955
-0.828735
-0.663742
0.368042
0.13652
0.435516
0.232208
0.178482
0.132202
0.00401306
-0.00546265
0.0568237
0.0755615
0.0657654
-0.00413513
-0.0441589
0.00140381
0.105469
0.0722656
0.0233917
-0.0241241
0.0167847
0.0188751
0.021759
-0.0153503
-0.0601044
-0.0605316
-0.0318909
-0.0597839
-0.1418
-0.105576
0.0135345
-0.146362
-0.192429
-0.545959
-0.995529
-0.861923

[9]
-0.321381
-0.00187683
-0.0583954
0.31546
-0.193268
-0.43074
-0.626968
-0.58522
-0.478943
-0.373108
-0.27092
-0.171585
-0.179565
-0.202713
-0.156982
-0.0858459
-0.0849304
0.415268
0.845261
1.46019
2.30588
1.77164
0.736206
0.218964
-0.819458
-0.810394
0.991165
0.33638
0.271683
0.517242
0.204666
0.0345001
-0.0385742
0.0466919
0.185349
0.0424042
-0.000320435
0.0037384
0.0691986
0.112244
0.0652771
0.0466156
0.0223999
0.0462646
0.00878906
0.0482788
0.0488892
-0.011734
-0.0550079
-0.147583

[10]
-0.0874023
-0.0656433
-0.189484
-0.0523682
-0.044693
0.00257874
-0.153366
-0.738983
-0.792923
-0.553558
-0.128952
-0.376007
0.195755
0.783951
-0.51915
-0.555252
-0.646759
-0.56073
-0.365753
-0.268173
-0.11055
-0.139175
-0.075531
-0.0856018
-0.0786285
-0.236877
0.314102
0.740479
1.46298
2.31012
2.32359
1.2253
0.728714
0.233932
-1.30228
-0.766144
0.403595
0.831604
0.510422
0.331009
0.234192
0.129822
-0.088028
0.0214539
0.133881
0.139526
0.193268
0.00482178
-0.0116272
0.0178528

[11]
0.164017
0.124405
-0.00479126
-0.0171356
0.0426025
0.0703888
0.0748444
0.0230255
-0.0276794
-0.0222473
-0.00479126
-0.107086
-0.0772705
-0.00119019
-0.0964661
-0.246628
-0.489685
-0.653625
-0.867905
-0.101105
-0.157928
0.0805511
0.501816
-0.026825
-0.386429
-0.522446
-0.622803
-0.497238
-0.304611
-0.127518
-0.0460205
-0.0267639
-0.0513153
0.0283813
-0.277756
0.273911
0.699646
1.20302
1.82895
1.86487
1.17908
1.04102
0.622818
-0.764328
-1.13696
0.152328
0.582977
0.274429
0.302063
0.266296

[12]
0.2061
0.0424805
0.0842285
0.105667
0.0934296
0.0794373
0.0388489
0.0161743
0.0940247
0.127335
-0.000778198
0.0847015
-0.00921631
0.0373535
0.0436707
0.0820923
0.0594177
0.057373
0.0219421
-0.0132446
0.0129395
-0.0505981
-0.0986023
-0.03685
-0.0854034
0.00234985
-0.285721
-0.417068
-0.67897
-0.694534
-0.225021
-0.314972
-0.345871
0.252045
-0.543198
-0.376068
-0.44368
-0.406677
-0.346512
-0.272736
-0.25975
-0.0774994
0.125961
0.226654
0.241898
0.314636
0.660736
1.15627
1.43613
1.62611

[13]
1.55
1.20468
1.00244
-0.232422
-1.51204
-0.193268
0.680023
0.423782
0.523773
0.436203
0.223953
0.0490723
-0.0824585
-0.0271149
0.173248
0.204773
0.167709
-0.0458832
-0.0592499
0.124115
0.117401
0.0469818
-0.0310211
-0.00727844
0.0684357
0.0667419
0.0648041
0.0104523
0.0100555
-0.0030365
-0.203629
-0.0720367
-0.0764771
-0.0743713
-0.115845
-0.0167542
-0.523834
-1.06473
-0.641159
-0.0981293
-0.0682983
-0.0615692
0.111221
-0.279465
-0.490707
-0.469513
-0.423889
-0.331268
-0.255539
-0.135132

[14]
-0.132324
-0.199982
-0.176498
-0.118073
-0.238525
0.257309
0.37645
0.777374
1.67282
2.19798
1.64799
1.54996
-0.139236
-1.09462
-0.111832
0.624222
0.297134
0.218475
0.365326
0.205261
0.113922
0.0393372
0.0812225
0.109085
0.0193176
0.0746002
0.0634155
0.048172
0.133041
0.108658
0.0483093
0.0428772
0.0776825
0.069046
0.0911865
0.0862274
-0.00473022
-0.0576782
0.0204468
-0.0333405
-0.0571594
-0.155655
-0.148834
-0.211426
-0.199295
-0.600754
-0.647339
-0.670166
-0.364212
-0.300125

[15]
-0.398987
-0.0579987
-0.442642
-0.60672
-0.428711
-0.471786
-0.328537
-0.2491
-0.193176
-0.241577
-0.180984
-0.130707
-0.312042
0.127472
0.427109
0.750931
1.45406
2.05034
1.59819
1.53633
1.59511
-1.32211
-0.111115
0.569092
0.595856
0.312927
0.445679
0.181351
0.200439
0.0697327
0.187164
0.139969
0.166077
0.0032196
0.064743
0.106598
0.0866852
0.0975189
0.0593719
0.077301
0.0687866
0.0686035
0.113647
0.071579
-0.0622864
-0.099884
-0.0738525
-0.081131
-0.161469
-0.0567474

[16]
-0.047699
-0.11113
-0.624313
-0.872025
-0.575378
-0.129883
-0.142776
0.365799
0.724731
-0.357956
-0.344269
-0.507309
-0.276505
-0.200485
-0.160156
-0.130173
-0.12886
-0.108109
0.0201263
0.00526428
0.117493
0.313354
0.745392
1.22659
1.24776
1.37549
1.17311
0.825958
0.871231
-0.965225
-0.950485
0.67543
0.45433
0.441849
0.419693
0.353226
0.288025
-0.0508728
-0.0105438
0.166992
0.234192
0.0992279
-0.071228
0.0199432
0.16568
0.0832977
0.0672302
0.0660706
0.0636292
0.0392303

[17]
0.0719757
0.0897369
0.0254822
-0.0676422
-0.0868835
-0.0703735
-0.145081
-0.103378
-0.114792
-0.0793915
-0.119415
-0.533661
-0.758759
-0.571671
-0.222366
-0.202133
0.180023
0.47081
-0.392517
-0.563705
-0.710495
-0.617157
-0.38327
-0.24321
-0.0825653
-0.113983
0.0133667
-0.0492249
-0.225708
0.275009
0.684662
1.26825
1.70772
1.84932
1.46593
1.18446
1.08966
0.724426
-0.821274
-1.47504
0.204636
0.660721
0.51152
0.493973
0.11525
0.209549
0.110703
0.17067
-0.029892
0.119751

[18]
0.12323
0.0970154
0.0780945
0.0045929
-0.00944519
0.030899
0.02565
0.0713348
0.0874176
0.0729828
0.0643311
0.0440521
0.0712738
-0.136139
-0.245865
-0.188446
-0.116928
-0.0664673
-0.159302
-0.944687
-0.571243
-1.00114
-0.293549
-0.160004
0.3013
0.723618
-0.523529
-0.0488892
-0.374527
-0.578094
-0.286743
-0.21254
-0.0889893
-0.0236359
-0.190811
-0.221756
-0.305634
0.300842
0.626068
1.1228
1.43755
1.70941
1.50134
0.573074
1.48247
-1.81071
-0.306747
0.921631
0.53566
0.197662

[19]
0.323486
0.388596
-0.019165
-0.0508118
0.0358734
0.174088
0.222397
0.0174713
-0.182541
-0.00143433
0.216217
0.0901184
0.0348663
0.059845
0.0571899
0.059082
0.0688477
0.0292358
-0.0610504
-0.121979
-0.0680237
-0.0583801
-0.138016
-0.104828
-0.0778961
-0.11203
-0.42099
-0.860138
-0.961777
-0.221985
-0.183212
-0.35434
0.669434
0.478683
-0.273682
-0.354996
-0.562515
-0.521103
-0.364395
-0.173401
-0.100708
-0.103592
-0.176926
-0.110229
-0.452362
0.296021
0.576965
1.16028
1.5658
1.90103

[20]
1.48938
1.50266
1.08818
-1.01591
-1.18668
0.474609
0.275833
0.718124
0.461319
0.173676
0.180923
-0.09375
0.0551453
0.150101
0.110199
-0.0265656
-0.0427094
0.0400238
0.145004
0.0279541
0.0846252
0.0820618
-0.00793457
-0.0331573
0.0211487
0.0736389
0.0522003
-0.0555878
-0.0657349
-0.121185
-0.0161896
-0.111954
-0.106506
-0.0935364
-0.300888
-0.934998
-0.984222
-0.680588
-0.078598
-0.439041
0.36348
0.118851
-0.517181
-0.39772
-0.710251
-0.467102
-0.305176
0.0687408
-0.0870514
-0.00747681

[21]
-0.348007
0.258911
0.61618
0.674759
1.03114
1.17836
1.23425
1.57948
1.43503
1.0768
1.25067
-0.545822
-0.822784
0.503098
-0.00619507
-0.18013
1.25513
0.309326
-0.0556641
0.336319
-0.244751
0.157776
-0.0449066
0.0883026
0.133118
0.146881
0.0271301
-0.0337677
0.128723
0.0953674
0.108139
0.00350952
-0.0657043
-0.0317383
-0.0476074
-0.0269775
0.0404205
-0.0910645
-0.139709
-0.109558
-0.146057
-0.189819
-0.168228
-0.659332
-1.29732
-0.850021
-0.0111694
0.026001
0.220444
0.720535

[22]
-0.374832
-0.298843
-0.524139
-0.539612
-0.396027
-0.236145
-0.0735931
-0.0175323
-0.0327148
0.0339661
-0.079483
0.0170898
0.542206
1.2336
1.63116
1.84647
1.44446
1.34273
0.972824
-1.61798
-0.169174
0.872177
-0.0220642
0.296509
0.245468
0.30838
0.0662384
0.0513306
0.0479736
0.107483
0.0904694
-0.0107574
-0.0750885
0.0114899
0.0511932
0.0355682
0.0605927
0.0301514
0.0284882
0.0161438
0.0025177
0.0131683
-0.0654449
-0.146149
-0.019165
-0.104767
-0.16748
-0.236877
-0.110138
-0.0883636

[23]
-0.581223
-0.843445
-0.645477
0.160629
-0.345718
0.176132
0.467651
-0.434387
-0.469345
-0.643463
-0.621964
-0.495239
-0.278549
-0.154053
-0.131485
-0.166321
-0.0538025
-0.299988
-0.00631714
0.446182
0.900848
1.54922
2.03983
1.79018
1.18011
1.35794
0.181396
-1.29156
0.0672302
0.4133
0.164993
0.52446
0.344681
0.113174
0.159119
0.0124664
0.0771484
0.155243
0.0880585
0.0384369
0.0359344
0.0156097
0.0967865
0.07901
0.0499878
0.0447998
0.0807495
0.0294952
0.00715637
0.0503082

[24]
0.018692
-0.105103
-0.0856781
-0.00613403
-0.104874
-0.168411
-0.176086
-0.205353
-0.298645
-0.915634
-0.721069
-0.483917
0.166138
-0.241653
0.449387
0.450104
-0.476471
-0.340958
-0.542526
-0.379883
-0.271484
-0.238129
-0.159241
-0.107101
-0.175522
-0.150833
-0.275665
0.0596619
0.485413
1.05209
1.91949
2.11162
1.54562
0.976242
0.68428
-1.47823
-0.337509
0.748001
0.368057
0.209869
0.324158
0.183365
0.141281
0.0790405
0.143936
0.0738068
0.120117
0.00958252
0.0168915
0.0745239

[25]
0.106552
0.077301
0.0754852
0.0877991
0.039444
0.0236053
0.0417938
0.0665436
-0.0372467
-0.0990906
-0.0829315
-0.0635681
-0.0775604
-0.046051
-0.0632172
-0.0941315
-0.595108
-1.27257
-0.806824
-0.282425
-0.0409546
0.267288
0.324371
-0.377441
-0.420532
-0.500244
-0.40921
-0.350327
-0.234833
-0.176376
-0.153015
-0.162979
-0.124832
-0.102692
-0.143845
0.308105
0.741516
1.33412
1.83597
1.85303
1.2583
1.53227
0.240112
-0.552521
-1.26981
0.28804
0.482437
0.0710907
0.779251
0.161652

[26]
0.100769
0.145996
0.080368
0.0963898
0.12352
0.113785
-0.00791931
0.0978851
0.0988464
0.0632324
0.0220642
0.0526276
0.0682373
0.0540314
0.0391541
0.0635681
0.0405731
0.0354614
0.0168762
-0.0979614
-0.0809174
-0.0530396
-0.095932
-0.12326
-0.00480652
-0.265305
-0.992172
-0.89119
-0.993546
0.41185
-0.0753632
0.547989
0.464813
-0.263031
-0.134445
-0.477448
-0.508026
-0.372055
-0.206039
-0.036026
0.027771
0.0807953
0.0838165
-0.178711
0.146149
0.637955
1.11217
1.40933
1.65402
1.56956

[27]
1.03879
0.449265
-0.151703
-0.494141
-1.07393
0.255722
0.719604
0.768127
0.328934
0.237991
0.0560303
-0.0302734
-0.0549469
0.147156
0.17691
0.133133
0.0245361
-0.0937042
0.0720825
0.163483
0.112534
0.0375977
-0.0148315
0.0634308
0.11795
0.0604248
0.0700073
0.0549622
-0.00431824
-0.0688629
-0.171387
-0.096756
-0.220795
-0.168274
-0.141785
-0.206451
-0.573898
-0.755692
-0.877274
-0.0681763
-0.205734
0.512253
0.54277
-0.242676
-0.198547
-0.517349
-0.417404
-0.291962
-0.243042
-0.115219

[28]
-0.0743103
-0.0610657
-0.0584717
-0.140274
0.161896
0.694168
1.15182
1.68983
1.84799
1.47966
0.779892
0.309921
-1.29185
-0.954208
0.362076
0.387695
0.620102
0.416885
0.229858
0.109711
-0.0590515
0.0210876
0.0825195
0.185837
0.146606
0.0329895
-0.00619507
0.0439301
0.0965576
0.101151
0.0292053
0.0235901
0.0473785
0.0707245
0.0426025
0.0285339
0.0153809
-0.0394745
-0.0396423
-0.0373688
-0.057724
-0.0292664
-0.114304
-0.121201
-0.199127
-0.43483
-0.700974
-0.884979
-0.0230103
0.201248

[29]
-0.17807
0.109589
-0.075058
-0.292877
-0.398727
-0.51889
-0.445389
-0.370071
-0.184402
-0.0457153
0.00343323
0.0307465
0.136261
0.216461
0.258636
0.815674
1.35426
1.78557
1.68214
1.24911
0.941452
0.0933075
-0.642197
-0.847595
0.228699
0.356598
0.388565
0.403061
0.204819
0.145691
0.110565
-0.00532532
0.12056
0.0928345
0.133652
0.0644073
0.00404358
0.0909882
0.0857086
0.0744476
0.0509491
0.0531921
0.0654602
0.0337524
0.0188446
0.0486298
0.0673523
-0.0192108
-0.0268097
-0.0915375

[30]
-0.0417328
-0.11322
-0.146591
-0.181702
-0.18071
-0.778641
-0.835861
-0.418274
0.193054
-0.242813
0.664169
0.340897
-0.256393
-0.243195
-0.453262
-0.537354
-0.405426
-0.26741
-0.0388641
0.0469513
0.0604248
0.15477
-0.0862274
0.184677
0.783218
1.28337
1.74207
1.89871
1.54776
0.855927
0.563583
-0.43692
-1.16368
-1.29617
0.899521
0.194717
0.454178
0.317993
0.250214
-0.0143585
0.107971
0.146088
0.264572
0.0397949
0.00944519
0.0272522
0.0970001
0.060318
0.0326538
0.02388

