[1]
0.0372162
-0.00973511
-0.00791931
0.059845
0.0314789
-0.124115
-0.211105
-0.216949
-0.112534
-0.0346375
-0.123184
-0.0921326
-0.136505
-0.0697479
-0.0868378
-0.108292
-0.083252
-0.0751038
-0.112762
-0.111084
-0.127579
-0.110245
-0.13884
-0.161209
-0.134369
-0.15921
-0.18042
-0.175827
-0.170898
-0.158539
-0.238068
-0.306152
-0.420181
-0.496826
-0.641159
-1.23509
-0.676758
-0.731674
-1.015
-1.20589
-0.463318
-0.0817719
-0.34462
-0.642807
-0.732666
-0.708572
-0.556442
-0.489288
-0.458038
-0.510849

[2]
-0.435547
-0.383713
-0.0688019
0.0409851
0.322449
0.67363
0.844635
0.834427
1.07651
1.57468
1.36353
1.05025
0.062561
-0.826416
0.0484161
0.0898285
0.107727
0.274933
-0.0389709
-0.189392
-0.0464172
0.112396
0.0521393
0.0247345
-0.0767059
-0.113007
-0.202469
-0.0886993
-0.0123291
-0.042984
-0.0856781
-0.112747
-0.0965881
-0.114578
-0.156448
-0.136185
-0.0843964
-0.0481262
-0.0819855
-0.129974
-0.117691
-0.0769501
-0.140778
-0.166809
-0.321594
-0.222198
-0.229507
-0.311829
-0.662674
-1.51268

[3]
-0.955276
-0.226059
-0.93988
-1.08487
-0.62619
-0.24733
-0.0304108
-0.58168
-0.703156
-0.73175
-0.627472
-0.426468
-0.31871
-0.339111
-0.409546
-0.380768
-0.236832
0.152847
0.433563
0.787674
1.03699
1.07697
1.72314
1.88524
0.893265
-0.417358
-0.924255
0.748703
-0.485275
0.519958
0.188416
0.0964661
0.00669861
-0.0772552
0.0546722
-0.000244141
0.023056
-0.143021
-0.146652
-0.0562286
-0.0273132
-0.0575562
-0.100784
-0.0363312
-0.072998
-0.0775909
-0.0940704
-0.023819
-0.00325012
-0.0428467

[4]
-0.0966492
-0.101288
-0.117325
-0.14566
-0.199097
-0.130798
-0.155411
-0.202225
-0.412827
-0.852386
-1.1281
-0.760803
-0.569717
-0.648178
-1.45496
-0.234787
-0.0297241
-0.246368
-0.716354
-0.754013
-0.729599
-0.5896
-0.484543
-0.346024
-0.325699
-0.347763
-0.381821
-0.347412
-0.132019
0.325012
0.820786
1.16611
1.28238
1.51733
1.88718
0.573288
-0.191269
-0.52948
0.254272
-0.186539
0.676056
0.105606
0.0386963
0.177368
0.0529175
0.00886536
-0.0417023
-0.0458221
-0.149139
-0.150894

[5]
-0.0918121
-0.0224152
-0.0300751
0.00236511
-0.0243225
-0.0397186
-0.0738525
-0.0905457
-0.0524902
0.0401306
0.0294342
0.0312653
-0.0219727
-0.155945
-0.29068
-0.120529
-0.166031
-0.333267
-0.700363
-1.93665
-1.09335
-0.640488
-0.806412
-1.72089
-0.297043
-0.0245667
-0.262863
-0.778625
-0.773361
-0.756897
-0.615479
-0.47345
-0.351349
-0.348206
-0.358902
-0.310318
-0.170792
-0.0295715
0.521286
0.851471
1.35347
1.41412
2.38049
1.83038
0.727158
-1.22113
0.595276
0.612473
0.460403
0.0075531

[6]
0.133041
0.00382996
0.0512238
0.277298
0.227066
-0.0321045
-0.204178
-0.224182
0.0294189
0.106735
0.0435028
-0.02565
-0.00250244
0.040863
0.0182648
0.042572
-0.0132599
-0.0483246
-0.0349274
-0.067276
-0.0995789
-0.0579224
-0.0899658
-0.219986
-0.433929
-0.501358
-0.601334
-1.47931
-0.474792
-0.919022
-0.811279
-1.17047
-0.388794
0.174637
-0.399597
-0.659134
-0.692963
-0.551468
-0.410172
-0.361435
-0.323441
-0.277771
-0.22435
-0.262848
-0.0889282
0.278351
0.721222
1.37469
1.68098
1.51814

[7]
1.98909
1.7157
1.06882
-1.07059
0.415573
0.0192108
0.556595
0.234909
-0.00704956
0.192184
0.088623
0.111847
0.0718536
0.0331726
-0.107193
-0.136322
-0.143677
-0.0222931
0.0523071
0.108963
0.0786438
0.00552368
0.00224304
0.0298462
0.00344849
-0.0212555
-0.0080719
-0.036499
0.0244751
-0.018219
-0.059082
-0.124924
-0.0461426
-0.0890961
-0.145447
-0.2388
-0.407593
-0.927582
-1.13831
-0.591309
-1.05002
-0.565247
-1.18309
-0.28067
0.218414
-0.405899
-0.677322
-0.66362
-0.599457
-0.459167

[8]
-0.353928
-0.311081
-0.280319
-0.22905
-0.202438
-0.165329
0.232132
0.66217
1.11485
1.46831
1.62941
2.57033
1.22229
-0.244766
-0.716507
0.508133
0.141205
0.776993
0.21106
0.102448
0.222794
0.175873
0.194809
0.113678
-0.0643616
-0.125259
-0.0881805
-0.0321045
0.0813446
0.0690765
0.0123749
0.0615234
0.0482635
0.0401764
0.0666046
0.0281372
-0.00396729
-0.0358582
-0.0137939
-0.0553894
0.00219727
0.000656128
0.0205841
-0.0931549
-0.210297
-0.268066
-0.327469
-1.28128
-0.770676
-0.828766

[9]
-0.775726
-1.04503
-0.714996
-0.00585938
-0.114014
-0.611435
-0.679245
-0.617065
-0.444656
-0.349915
-0.31987
-0.301071
-0.280487
-0.20166
-0.157074
-0.0950928
0.285416
0.70842
1.09941
1.47125
1.87801
2.07004
0.588867
-0.713531
-0.181656
0.622009
0.337219
0.287109
0.294144
0.16925
0.0937805
0.0937805
0.132477
0.0630188
-0.0496063
-0.132263
-0.0241394
0.0804596
0.0681763
0.062149
0.0480042
0.040741
0.045578
0.0212708
0.00254822
0.0509338
0.0556183
0.0719604
0.036438
-0.0246735

[10]
-0.0424042
-0.011795
-0.00688171
-0.110672
-0.242096
-0.312149
-0.812881
-1.09219
-0.448273
-1.01044
-0.392349
-1.07646
-0.381882
0.168961
0.125641
-0.33696
-0.589401
-0.667236
-0.402435
-0.30162
-0.339722
-0.25856
-0.238403
-0.214355
-0.0415649
0.292206
0.602921
0.977249
1.10152
1.00722
1.73071
1.78259
0.229233
-0.91304
0.0856934
0.42836
0.200195
0.282822
0.236847
0.211578
0.160355
0.093689
0.18573
0.0639038
-0.048584
-0.075058
-0.0125427
0.118179
0.112915
0.0398407

[11]
0.0432587
0.0359955
0.0752411
0.00456238
-0.00909424
0.0440369
0.0230103
-0.00205994
0.000991821
-0.0218048
-0.0193939
-0.0714111
-0.199539
-0.236298
-0.226974
-0.429916
-1.08604
-0.659302
-1.07674
-0.431442
-1.10124
-0.622116
0.0981293
0.0799255
-0.431595
-0.590118
-0.599075
-0.464783
-0.336777
-0.284561
-0.261215
-0.247589
-0.213303
-0.132431
0.211746
0.469482
0.84549
1.14151
1.23328
1.70786
1.81044
0.643753
0.871735
-0.840378
0.246429
0.537781
0.315323
0.0804138
0.128555
0.199265

[12]
0.167282
0.166641
0.182022
0.0282898
-0.0467834
-0.0773926
-0.0133209
0.0258179
0.0688477
0.0498047
0.0101624
0.0730286
0.0880127
0.0512543
0.00357056
0.0401459
0.0853882
0.0555725
0.0195312
-0.0119629
-0.0361633
-0.0165558
-0.0650177
-0.116486
-0.215576
-0.297195
-0.886093
-0.972015
-0.251083
-0.713547
-0.404816
-0.959778
-0.219025
0.0574951
-0.349243
-0.670883
-0.528442
-0.278534
-0.285339
-0.287338
-0.254211
-0.28595
-0.313354
-0.248932
-0.0617676
0.253876
0.658569
0.902847
1.22227
1.33801

[13]
1.71693
1.71758
0.634735
0.0450897
-0.235992
0.388428
0.480911
0.211288
-0.0431213
0.218948
0.232727
0.170792
0.219955
0.119308
-0.081192
-0.0743713
-0.00764465
0.119659
0.150757
0.102066
0.0253754
0.0657654
0.0700378
0.0706329
0.0252533
0.0307617
0.0498505
0.0708008
0.0389252
-0.0221863
0.0043335
-0.0506287
-0.0700073
-0.108124
-0.243607
-0.228104
-1.26808
-0.322754
-0.867096
-0.61438
-0.941422
-0.754486
-0.067215
-0.101212
-0.636963
-0.676987
-0.587738
-0.413849
-0.281235
-0.231155

[14]
-0.270981
-0.288193
-0.222794
-0.0523834
0.339813
0.70459
1.01735
1.21236
1.2045
1.98169
2.21274
1.22951
-0.950302
-0.118515
0.395187
0.383774
0.479797
0.255051
0.162033
0.136185
0.0908203
0.103424
0.0182343
-0.0236359
-0.106033
0.0254517
0.0635834
0.0530701
0.0198364
0.0360107
0.0570068
0.0742645
0.0346069
0.000732422
0.0505676
0.15892
0.117142
0.109833
-0.0510712
-0.0171051
-0.0655975
-0.0332031
-0.0448761
-0.125107
-0.153351
-0.837112
-1.30878
-0.454666
-0.900696
-0.641983

[15]
-1.1787
0.00967407
-0.201523
-0.818893
-0.570419
-0.461136
-0.337357
-0.274582
-0.184509
-0.225098
-0.268402
-0.205002
0.172302
0.411438
0.80307
1.31177
1.57068
1.63573
2.43839
1.50346
0.895691
-1.18102
-0.0230865
0.645493
0.542618
0.297302
0.0351257
0.160629
0.0957642
0.184097
0.0645752
0.0285034
-0.0408783
0.0739746
0.103821
0.0603027
-0.00151062
0.0533905
0.0666199
0.0180817
0.0737915
0.05336
0.0322418
-0.00505066
0.0431976
0.0699768
-0.0445251
-0.0159302
-0.033493
-0.166916

[16]
-0.287338
-0.30246
-0.984009
-0.916763
-1.07402
-0.680695
-0.92984
-0.286499
0.139252
-0.524094
-0.664261
-0.568268
-0.50563
-0.425354
-0.32933
-0.287613
-0.277222
-0.243896
-0.187775
0.0997314
0.359009
0.627975
0.888763
1.01935
1.18437
1.52344
2.19182
1.48903
1.00684
-1.10522
0.102478
0.958542
0.312363
0.154434
0.22702
0.167389
0.151337
0.195328
0.0663452
-0.0196228
-0.103928
0.0333557
0.118729
0.112488
-0.0105133
0.0197449
0.0603333
0.0582581
0.072464
0.0645447

[17]
0.0429077
0.0517273
0.0510254
-0.0185394
-0.0724182
-0.00254822
-0.0209503
-0.0328827
-0.115067
-0.268387
-0.305664
-0.999924
-0.979797
-0.657791
-0.648361
-1.02379
-0.573578
0.039566
-0.159012
-0.602737
-0.632721
-0.516022
-0.39386
-0.289566
-0.331223
-0.31778
-0.22435
-0.0321503
0.229675
0.519592
0.792725
0.929565
0.906952
0.850204
1.37482
1.79085
1.50247
1.16844
-0.0932007
-0.831116
0.591934
0.464951
0.272659
0.382446
0.312576
0.000946045
0.133682
0.178665
0.226135
0.09021

[18]
-0.0271606
0.00759888
-0.0397186
0.0120392
0.0342407
-0.00627136
-0.0253448
0.0609436
0.0553131
0.0681152
-0.00157166
-0.0117493
-0.0503235
-0.0149384
0.00984192
-0.063858
-0.259109
-0.450073
-0.568283
-1.34645
-0.573715
-1.05095
-0.778625
-1.59491
-0.623886
0.776108
0.0167389
-0.627411
-0.819778
-0.736588
-0.502213
-0.363022
-0.218338
-0.115143
-0.185654
-0.0263672
0.300598
0.505707
0.761032
0.92746
0.98941
1.24934
2.61418
1.58226
0.645996
-1.4086
1.21407
0.440567
0.582153
0.153915

[19]
0.292099
0.10524
0.220123
0.210556
0.0515442
-0.117035
-0.111694
0.0175934
0.114868
0.0805054
0.0118866
0.0225677
0.0972443
0.0848694
0.0262299
0.0372467
0.020874
0.0264587
0.0527802
0.0293121
-0.0533447
-0.0481415
-0.0629425
-0.157135
-0.294739
-0.32254
-0.620392
-0.883453
-0.558578
-1.02338
-0.769958
-1.30373
-0.168121
0.372833
-0.358383
-0.68512
-0.685654
-0.608398
-0.416077
-0.257462
-0.248611
-0.294174
-0.265366
-0.150574
0.240524
0.432526
0.81694
1.10934
1.17824
1.47659

[20]
2.60457
1.0213
0.958633
-0.951736
0.208649
0.433624
0.610855
0.377762
0.176208
0.237122
0.138779
0.199295
0.0558014
-0.0459137
-0.0891724
-0.0632935
0.0327148
0.0530243
0.0430603
-0.00314331
0.0473938
0.130219
0.0667725
-0.00794983
-0.0359802
0.0161743
0.126877
0.0132751
0.0397186
-0.00543213
-0.0683746
-0.125229
-0.287689
-0.362015
-0.59935
-1.1209
-0.546158
-1.05484
-0.872757
-1.51202
-0.224976
0.205856
-0.469162
-0.719452
-0.621353
-0.534195
-0.194168
-0.246597
-0.416855
-0.0919189

[21]
0.270981
0.334763
0.582962
0.860001
0.992264
0.766769
1.17421
1.536
1.97446
1.47533
0.993561
-1.42876
0.420563
0.758011
0.196457
0.158615
-0.0185394
-0.00619507
0.43718
0.122406
0.298508
-0.0925446
0.108231
0.049942
0.15947
0.117172
0.269852
0.147964
0.022522
-0.0218048
0.0152588
0.0633698
-0.0196991
-0.151871
-0.0919952
-0.022522
0.0153809
-0.00517273
0.0128326
-0.0891266
-0.148148
-0.192596
-0.379684
-1.29642
-0.945435
-0.521225
-0.996307
-1.31549
-0.476501
0.0870514

[22]
-0.199966
-0.658356
-0.606384
-0.55632
-0.390106
-0.26207
-0.279877
-0.346588
-0.312256
-0.260391
0.0154724
0.281738
0.636398
1.11856
1.45358
1.47179
2.45024
1.35791
0.666061
-1.36954
0.854218
0.597748
0.436462
0.219833
0.224304
0.120331
0.161163
0.178543
0.0695343
0.0218353
-0.0754242
-0.0696411
-0.00961304
0.0427094
0.0252838
0.0287628
0.0741272
0.114456
0.0750427
0.0171356
0.0761871
0.0634613
0.0240936
-0.0357208
-0.00764465
-0.0376434
-0.0301666
-0.11795
-0.195496
-0.379395

[23]
-1.58681
-0.884308
-0.499725
-0.734634
-1.41957
-0.142548
0.183014
-0.260574
-0.570908
-0.555695
-0.489853
-0.373703
-0.270599
-0.235458
-0.309631
-0.295029
-0.198669
0.0806732
0.346359
0.669449
0.96106
1.01306
1.02615
1.90276
2.13689
1.34352
-1.34999
-0.158142
0.742233
0.320541
0.347824
0.235779
0.177338
0.100082
0.107315
0.112564
0.0331573
0.0114899
-0.0508881
-0.0213013
0.0494385
0.106598
0.0976562
0.0533142
0.0471344
0.0843658
0.0647583
0.0429382
-0.0207062
0.0371857

[24]
0.0935516
0.0671082
0.0109406
-0.0083313
-0.0189972
-0.0647888
-0.216705
-0.200272
-0.524048
-1.71025
-0.529282
-0.786743
-0.77301
-1.38774
-0.053009
0.0591583
-0.470657
-0.638824
-0.564743
-0.509293
-0.345871
-0.24617
-0.21347
-0.27919
-0.240326
-0.190674
0.200211
0.517303
0.840546
1.218
1.4422
1.72162
2.47672
0.866608
-0.173141
-0.568451
0.0323792
0.857071
0.402786
0.275742
0.232971
0.127411
0.113663
0.217987
0.0586548
-0.00741577
-0.0733643
0.0220337
0.069931
0.108688

[25]
0.0429535
0.0489044
0.0485687
0.0672607
0.0731964
0.0148926
0.0266266
0.0558929
0.0643768
0.0858917
0.0388336
0.0187378
-0.066925
-0.146408
-0.266098
-0.225067
-0.917358
-1.07114
-0.428452
-0.521683
-1.14023
-0.302902
0.00483704
-0.145309
-0.62973
-0.610046
-0.519852
-0.376282
-0.275696
-0.239456
-0.297821
-0.293335
-0.279861
-0.0325775
0.249008
0.531693
0.900406
1.27815
1.29486
1.82057
2.33456
0.900467
0.0927429
-0.863998
0.673508
0.349518
0.441177
0.224655
0.46048
0.186295

[26]
0.17984
0.180786
0.11908
0.0954895
-0.0253906
0.0219574
0.0477295
0.0901489
0.106842
0.0856628
0.0743713
0.0500946
0.0598755
0.0865936
0.0911102
0.0796661
0.0449219
0.0489197
0.0344543
0.0423279
0.0516663
-0.00813293
-0.110107
-0.160645
-0.0936737
-0.322556
-1.45018
-0.550415
-0.717834
-0.577637
-1.28775
-0.374603
0.120621
-0.0512848
-0.505554
-0.585358
-0.57196
-0.457886
-0.283478
-0.237885
-0.286743
-0.276794
-0.27977
0.0761719
0.203949
0.448822
0.786957
0.947281
1.00578
1.70352

[27]
2.22903
0.983795
-0.487503
-0.812485
0.783386
0.55809
0.307419
0.136246
0.176575
0.184235
0.168961
0.247055
0.143814
-0.0297852
-0.00114441
0.024765
0.105392
0.108536
0.115967
0.0896912
0.0554657
0.0468597
0.0207367
0.02948
0.0666809
0.0361481
0.0258331
0.03125
-0.00140381
-0.0340729
-0.0292206
0.0180511
-0.0952454
-0.196884
-0.216965
-0.282257
-1.35924
-0.840057
-0.978745
-0.662827
-1.32567
-0.153
0.192169
-0.08284
-0.540344
-0.566971
-0.564194
-0.435776
-0.297775
-0.2314

[28]
-0.218552
-0.242203
-0.208191
0.145508
0.421204
0.81192
1.14622
1.25908
1.15067
1.81586
1.44972
0.991028
-1.29703
0.563339
0.153732
0.680405
0.179413
0.0771942
0.125031
0.113983
0.115479
0.112869
-0.0266418
-0.00204468
-0.0202179
0.085434
0.107635
0.0714874
0.0440216
0.0857849
0.0841064
0.0430908
0.0306091
0.0653229
0.056839
0.0420685
0.0123138
0.0164948
0.024704
0.00886536
-0.0313721
-0.0671082
-0.141129
-0.180481
-0.423981
-1.53877
-0.768387
-0.551865
-0.570297
-0.991272

[29]
-0.674362
-0.132782
0.186844
-0.330582
-0.576324
-0.551636
-0.488327
-0.334839
-0.257431
-0.2612
-0.256638
-0.220459
-0.152954
-0.000762939
0.417557
0.741913
1.16162
1.31055
1.30273
1.87071
1.33331
0.72963
-1.18071
0.886414
0.314163
0.43663
0.240952
0.137207
0.210083
0.103699
0.169815
0.164062
0.0184937
-0.00193787
-0.0935211
0.0265961
0.0626221
0.0660095
0.0781403
0.0593567
0.0461121
0.0508728
0.0684662
0.0601196
-0.000595093
-0.00669861
0.0841827
0.0344391
-0.0282898
-0.0385284

[30]
-0.0266113
-0.0931702
-0.21524
-0.180038
-0.357117
-1.47334
-0.632492
-0.540405
-0.843918
-1.32034
-0.373535
0.0664215
-0.138123
-0.509674
-0.5522
-0.551376
-0.421616
-0.318466
-0.298141
-0.297241
-0.302094
-0.239532
0.126129
0.318527
0.540054
0.81279
0.936768
0.915802
1.31953
1.87039
0.68071
0.419052
-0.596695
0.211609
0.687027
0.149017
0.158875
0.24646
0.0756073
0.249603
0.131363
0.0520477
-0.0340576
0.00854492
0.0597687
0.0644836
-0.00318909
0.0312958
0.0843353
0.0466003

