[0]
0.0992126
0.817566
1.25885
1.37656
0.456146
0.690048
0.461853
0.329681
0.194748
0
0.0290527
0.0163574
0.160934
0.252884
0.149689
0.06633
0.123199
0.178085
0.222168
0.14389
0.149155
0.186279
0.0259857
-0.059845
-0.200378
-0.423691
-0.327408
-0.147369
-1.16794
-1.31224
-1.08434
-0.599106
0.102478
1.02306
-0.608627
-0.834595
-0.709274
-0.5905
-0.401077
-0.253113
-0.272308
-0.189377
-0.107956
-0.0287476
-0.00164795
0.360336
0.903915
1.66101
2.10901
2.61469

[1]
2.61086
2.29375
-1.47853
0.735779
1.1228
0.603119
1.56465
0.296829
0.571808
0.514969
0.303131
0.230453
0.0822906
-0.0285492
-0.0944214
0.161362
0.133255
0.181686
0.162643
0.138397
0.119492
0.107574
0.17572
0.153442
0.053421
-0.126221
-0.236694
-0.378738
-0.430023
-0.359116
-0.140701
-1.75542
-1.21382
-0.87236
-0.35759
0.709641
0.623001
-0.762985
-0.61908
-0.820389
-0.719177
-0.397385
-0.221909
-0.105148
-0.0450287
-0.0501251
-0.00161743
0.0201263
0.581741
1.28462

[2]
2.03893
2.54153
2.55875
2.53046
2.25723
-1.57224
0.73793
1.36406
0.520767
1.4366
0.584106
0.68602
0.497986
0.262222
0.116638
-0.152527
-0.194092
0.121002
0.0660706
0.316589
0.00917053
0.0604248
0.0906067
0.0823059
0.174469
0.136581
-0.00984192
-0.158691
-0.317307
-0.348175
-0.350021
-0.330505
-0.507172
-1.87453
-0.85231
-1.24216
-0.545624
0.675903
-0.136703
-0.979202
-0.834229
-0.833832
-0.534012
-0.440643
-0.34552
-0.280563
-0.198837
-0.132339
-0.182617
0.411026

[3]
0.903717
1.73495
2.55263
2.58308
2.56259
2.16989
1.37375
-1.60638
-0.358383
1.58414
1.50116
0.569626
0.673767
0.644135
0.158325
0.0952911
0.050705
0.113144
0.207169
0.201248
0.182541
-0.0103912
-0.0631256
0.00325012
0.102127
0.130615
0.125961
-0.0981598
-0.290192
-0.367859
-0.388687
-0.340149
-0.336716
-0.37793
-1.69385
-0.445038
-1.05759
-0.385956
1.08655
-0.341064
-1.13376
-0.915619
-0.861526
-0.576813
-0.350266
-0.432129
-0.371292
-0.306366
-0.157364
-0.105591

[4]
0.265793
1.00908
1.83586
2.57414
2.60072
2.57681
2.40248
-1.02513
-1.55017
0.768692
1.27359
1.66806
0.378677
0.47641
0.784576
0.175308
-0.056839
0.0547943
0.171356
0.238602
0.212891
0.110184
0.0347748
-0.0254211
0.0204468
0.104736
0.145889
-0.00480652
-0.185211
-0.219727
-0.357712
-0.295181
-0.298813
-0.480743
-1.55797
-0.858536
-1.48976
-0.586899
0.445465
-0.0319977
-1.10115
-0.848892
-0.795624
-0.508255
-0.32338
-0.221924
-0.173828
-0.138855
-0.0842133
-0.0248108

[5]
0.477814
1.19493
1.81313
2.59332
2.61308
2.59703
2.44875
1.93237
-1.56743
-0.189163
1.9422
0.871277
1.08545
0.342957
0.774979
0.268799
0.0348358
0.0553436
0.148148
0.165039
0.228516
0.188141
0.153244
-0.0136261
-0.0371857
-0.062149
0.0773621
0.0331421
-0.12442
-0.289276
-0.320419
-0.383026
-0.363602
-0.590637
-1.36208
-1.39175
-1.25021
-1.37801
-0.321884
0.220673
-1.15768
-0.780624
-0.425995
-0.294083
-0.286148
-0.277176
-0.230499
-0.120636
-0.0625458
0.011795

[6]
0.646881
1.16162
1.73253
2.58696
2.60545
2.58771
2.539
0.32489
-1.53337
1.75482
1.43591
1.61894
0.586731
0.726028
0.36824
0.23111
0.00648499
0.138138
0.20993
0.172333
0.188934
0.0820923
0.0702667
0.0561676
0.0654297
0.120544
0.0696716
-0.180435
-0.319427
-0.297882
-0.350555
-0.303024
-0.400894
-0.977356
-1.68466
-0.607422
-1.81953
-0.745041
1.4063
-0.785309
-1.00119
-0.902695
-0.571823
-0.348495
-0.2323
-0.197083
-0.118484
-0.0829163
0.056015
0.218689

[7]
0.909882
1.75078
2.52803
2.59842
2.59114
2.48048
1.00992
-1.52684
2.11992
0.981339
1.66307
0.536072
0.614426
0.553574
0.225601
-0.00813293
0.0983429
0.161667
0.246887
0.15184
0.0564575
0.02742
0.0957336
0.132584
0.0932159
0.0978241
-0.20372
-0.259415
-0.290009
-0.302567
-0.199356
-0.294144
-0.615143
-1.8219
-0.656326
-1.18942
-0.370758
1.40468
-0.201614
-0.890427
-0.785706
-0.668579
-0.477783
-0.32251
-0.280075
-0.187393
-0.15004
-0.0370636
0.188873
0.395493

[8]
1.22327
1.91508
2.54393
2.56686
2.54948
2.49634
-1.55948
-0.876846
1.78455
1.27481
1.47699
0.483093
0.826569
0.113312
0.144028
0.0601501
0.164917
0.228119
0.23761
0.128311
0.0581512
0.0364227
0.0733337
0.0132446
0.017395
0.174301
0.0488892
-0.192612
-0.271729
-0.304688
-0.250946
-0.303604
-0.6064
-1.69044
-0.637115
-1.34914
-0.221207
1.40125
-0.558258
-1.03131
-0.847702
-0.545319
-0.396927
-0.269196
-0.213943
-0.135925
-0.046814
0.0806732
0.0851898
0.440414

[9]
1.34056
1.85619
2.57401
2.59164
2.56844
2.50969
-1.55157
-1.04417
2.10146
0.922806
1.71715
0.556656
0.657471
0.402283
0.160141
-0.0491028
0.0454865
0.181458
0.325424
0.269714
0.106705
-0.0234375
-0.0822296
0.00779724
0.0606537
0.193176
0.101166
-0.294571
-0.302353
-0.331955
-0.230728
-0.272919
-0.974411
-1.70993
-1.2513
-1.2634
0.0534821
1.44473
-0.55896
-0.878387
-0.718674
-0.561951
-0.346222
-0.352051
-0.353729
-0.240036
-0.205612
-0.12619
-0.0449066
0.54097

[10]
1.21669
2.00316
2.58505
2.59644
2.56938
-0.121384
-0.776413
1.07622
0.871201
1.40758
0.56926
0.734055
0.404892
-0.00402832
0.13089
0.223679
0.207001
0.266647
0.135849
0.0842285
0.0637054
0.0101471
-0.00190735
0.0489807
0.191544
0.144394
-0.239777
-0.346481
-0.308899
-0.278992
-0.252609
-0.41658
-1.57062
-1.33531
-1.2292
-1.25388
-0.0290222
0.425995
-0.971237
-0.864639
-0.551361
-0.452805
-0.352554
-0.287384
-0.262543
-0.25769
-0.135651
-0.167755
0.669312
0.993835

[11]
1.81383
2.57088
2.59789
2.5863
2.47731
2.10643
-1.58298
-0.14978
2.16415
1.85844
0.578506
0.750961
0.291809
0.0134583
0.199219
0.112366
0.364807
0.181656
0.149673
0.110153
0.0604401
0.0499725
0.00883484
-0.0366516
-0.0563202
-0.139221
-0.240891
-0.343628
-0.391129
-0.44809
-0.844025
-1.83318
-1.3826
-1.14865
-0.285751
1.44199
-0.59256
-1.10622
-0.702042
-0.475021
-0.391891
-0.320297
-0.32547
-0.242416
-0.135651
-0.0177307
0.317627
0.776062
1.3633
2.0873

[12]
2.59601
2.60408
2.57188
2.01083
-1.54059
0.112869
1.75362
1.90692
0.690002
0.964676
0.410019
0.112869
0.131073
0.228622
0.199432
0.494019
0.108643
0.0835114
0.0589447
0.0934448
0.0655975
0.00311279
-0.0198364
-0.21524
-0.285172
-0.209915
-0.314728
-0.416
-0.406281
-0.747421
-1.99249
-0.936783
-1.39842
-0.291229
1.4389
-0.635513
-1.07158
-0.77124
-0.647247
-0.364044
-0.305389
-0.264908
-0.203247
-0.226852
-0.092804
0.261795
0.58255
1.26814
2.27293
2.57114

[13]
2.57312
2.38832
-0.726913
0.204315
1.01318
0.154526
2.30284
0.154327
0.143311
0.839325
0.0389099
0.260025
0.217728
0.25441
0.155243
0.149078
0.144836
0.149963
0.151596
0.193451
-0.0187836
-0.0320435
-0.0624542
-0.150208
-0.183304
-0.268372
-0.295044
-0.325897
-0.403412
-1.88774
-0.918762
-0.937088
-0.829025
0.563522
0.404831
-1.04884
-0.797852
-0.783051
-0.570618
-0.256149
-0.164612
-0.108414
-0.143097
-0.0640411
0.00387573
0.376495
1.02882
1.78157
2.58342
2.5954

[14]
2.57016
1.77805
-1.51875
0.945206
1.34851
1.48764
0.804489
0.796631
0.514023
-0.116043
0.141098
0.144943
0.216217
0.290298
0.17601
0.0706024
0.0512695
0.0895081
0.091156
0.123062
0.162979
-0.028244
-0.241318
-0.234344
-0.327576
-0.358032
-0.36145
-0.44545
-1.6636
-0.783249
-1.36072
-0.12912
0.975281
-0.166855
-0.988007
-0.74205
-0.731293
-0.465759
-0.361618
-0.309311
-0.265503
-0.227661
-0.120163
0.0778809
0.571472
1.3364
2.16209
2.57722
2.58676
2.56216

[15]
2.06358
-1.52455
0.827408
0.664047
2.03928
0.640518
0.667267
0.750107
0.0532074
0.191605
0.121277
0.102081
0.301285
0.121262
0.123642
0.0583344
0.0241089
0.0098877
0.0793457
0.128235
0.0582581
-0.159729
-0.269348
-0.305664
-0.303528
-0.197723
-0.339417
-0.916641
-1.69286
-0.778214
-1.20389
-0.218033
1.45702
-0.670868
-0.992874
-0.721207
-0.631638
-0.320877
-0.15477
-0.131165
-0.130402
-0.148804
-0.0819092
-0.0277252
0.506119
1.21481
1.97978
2.55345
2.57132
2.5504

[16]
2.1353
-1.54187
0.43576
0.896988
2.142
0.631454
0.632477
0.696686
-0.110474
0.20047
0.129257
0.224106
0.326767
0.175186
0.146057
0.0615387
0.112778
0.0797119
0.0867004
0.0306244
0.0112152
-0.105011
-0.182129
-0.197861
-0.26944
-0.228424
-0.197037
-0.922394
-1.66931
-1.27254
-1.26443
0.1595
1.45244
-0.420624
-0.88855
-0.731949
-0.685623
-0.384171
-0.285461
-0.166214
-0.122299
-0.110809
-0.0147705
0.10463
0.673706
1.29994
2.12909
2.5403
2.55023
2.52708

[17]
1.22026
-1.53027
1.58571
0.785583
1.9194
0.583099
0.800797
0.490402
0.118546
0.0882111
0.0124359
0.173645
0.229492
0.144531
0.111481
0.00730896
0.0435486
0.0368958
0.170441
0.249664
0.169601
-0.102722
-0.305542
-0.269684
-0.332779
-0.252762
-0.38559
-0.585083
-1.60042
-0.380875
-1.75185
-0.477463
1.11755
0.0926514
-0.874588
-0.748352
-0.734909
-0.428955
-0.38385
-0.309708
0.0906525
-0.160324
-0.167053
0.0598145
0.548325
1.52974
2.21526
2.56049
2.56573
2.4769

[18]
0.390259
-1.53255
0.935532
0.843887
1.98999
0.456436
0.76033
0.526779
0.04422
0.109436
0.0900726
0.250473
0.233078
0.10762
0.0787811
-0.0307617
0.00819397
0.117996
0.11705
0.0378723
-0.11879
-0.248978
-0.201859
-0.317673
-0.240402
-0.192047
-0.698914
-1.84126
-1.01254
-1.41612
-0.563736
0.242523
0.785355
-0.941711
-0.710129
-0.818405
-0.62764
-0.303162
-0.164337
-0.081543
-0.169174
-0.105469
0.0380554
0.392838
1.10303
1.90392
2.52586
2.55238
2.54283
2.49057

[19]
-1.55838
0.315994
1.35872
1.43562
1.14737
0.404037
0.699371
0.205627
0.0121002
0.111588
0.21933
0.243301
0.218933
0.110565
0.124939
0.0427399
0.073288
0.0735779
0.032608
0.0179443
-0.179993
-0.27507
-0.300079
-0.369553
-0.341568
-0.473923
-1.75696
-1.12039
-1.48175
-0.531891
0.505722
0.025116
-1.01338
-0.819778
-0.740448
-0.456741
-0.32634
-0.327042
-0.202789
-0.253555
-0.00679016
0.159363
0.642059
1.22348
2.45291
2.53116
2.54327
2.52017
1.60268
-1.56599

