[0]
0.076767
0.914062
0.723618
0.731598
-0.0325012
0.280975
0.0874634
0.127899
0.18721
0.108948
0.0459747
0.0276947
0.0220032
0.0936432
0.12561
0.131348
0.109329
0.0587616
0.0378723
0.0871429
0.151581
0.158463
0.156845
0.36998
0.496384
0.623398
0.913956
1.04184
1.05214
1.06433
1.08406
0.384796
-0.500534
-0.934769
-0.191818
-0.824219
-0.763443
-0.800232
-0.764435
-0.726379
-0.663208
-0.588837
-0.462723
-0.261322
0.0708466
0.648804
1.16766
1.24347
1.31305
1.35895

[1]
0.645081
1.2659
0.0601044
0.376846
1.23013
0.551758
0.566193
0.154984
-0.0229645
0.195892
0.0768433
0.106415
0.112732
0.0649567
0.0313568
0.029007
0.0175934
0.0307312
0.0847321
0.0424194
0.0232239
0.0533905
0.0570374
0.106018
0.180588
0.331345
0.49469
0.645798
0.676849
1.03387
1.04579
1.06157
1.07893
1.01268
-0.0472565
-0.0760651
-0.349411
-0.423218
-0.979523
-0.785736
-0.837952
-0.797043
-0.794983
-0.69603
-0.617325
-0.476822
-0.25473
0.138214
0.70163
1.16814

[2]
1.24193
1.30397
0.971497
0.787109
1.0347
0.2108
0.797607
1.20128
0.419785
0.414551
0.131409
0.201157
0.0880432
0.0786438
0.127472
0.0958405
-0.0761108
-0.0358429
-0.0569916
0.00344849
0.0954437
0.137177
0.0602722
0.0348511
0.0714569
0.0778656
0.251221
0.400681
0.490601
0.599823
0.623199
1.00253
1.06612
1.08246
1.10503
0.969406
-0.302811
0.840652
-0.531265
-0.550629
-0.891281
-0.819763
-0.737335
-0.662827
-0.588181
-0.468567
-0.305603
-0.11322
0.280716
1.09651

[3]
1.15967
1.23398
1.29832
0.72258
0.330414
1.01476
1.15369
-0.172348
1.09279
1.09764
0.650604
0.368439
-0.123047
0.0249023
0.11496
0.0999451
0.036438
-0.0239868
-0.0208893
-0.0231171
0.0127106
0.0186768
0.0455475
0.0293884
0.0715485
0.0929718
0.139999
0.259277
0.381439
0.501266
0.603073
0.735886
1.04819
1.06311
1.08055
1.10023
0.994446
-0.337692
0.041214
-0.0426636
-0.587875
-0.64682
-0.641159
-0.616333
-0.583389
-0.470688
-0.396317
-0.235718
-0.0145569
0.313309

[4]
1.10913
1.17705
1.25055
1.31224
0.500565
0.900055
0.964401
0.153595
0.556335
0.919373
0.909286
0.419373
0.245529
0.015213
0.082428
0.0244598
0.0799713
0.0413666
-0.00816345
-0.0132446
0.00778198
0.00419617
0.00941467
0.0433807
0.0734406
0.0805511
0.116196
0.23027
0.330902
0.490967
0.537598
0.692474
1.02533
1.05083
1.06784
1.08508
0.952164
-0.217194
0.699554
-0.173279
-0.456696
-0.776398
-0.693024
-0.632416
-0.614899
-0.532806
-0.421509
-0.24469
-0.0320129
0.401398

[5]
1.12038
1.19237
1.26723
1.32701
0.548676
0.916077
0.941971
0.984528
0.134674
0.626801
1.14853
0.467026
0.395981
-0.125916
0.0949097
0.111084
0.0814514
0.0614929
-0.00865173
-0.0321045
0.00834656
-0.0546265
-0.0606689
0.0381317
0.056076
0.0813599
0.115051
0.234619
0.296799
0.474655
0.639603
0.695862
0.892548
1.0555
1.0742
1.09618
1.12762
0.022644
0.993927
-0.217758
-0.451065
-0.673752
-0.692459
-0.680008
-0.58989
-0.514664
-0.407272
-0.249115
0.0187073
0.416092

[6]
1.11697
1.18805
1.26302
1.32338
0.556091
0.882935
0.859238
0.294174
1.21892
1.17459
0.578629
0.266647
-0.176651
0.260773
0.153625
-0.0471344
0.0844574
0.000793457
-0.0287781
0.0107269
0.029541
0.0280304
0.0225983
0.0332947
0.00735474
0.132767
0.155823
0.236115
0.450241
0.570892
0.661697
0.803452
1.04547
1.06258
1.08157
1.10739
0.523315
-0.0780029
-1.50288
0.108398
-0.890945
-0.647491
-0.631332
-0.562119
-0.479065
-0.410416
-0.253143
-0.0723724
0.2827
0.959076

[7]
1.17511
1.25307
1.32123
0.873352
0.90303
0.978134
0.361099
1.04056
1.14818
0.493973
0.353455
-0.00178528
0.152237
0.148773
-0.0435944
0.12085
0.0445251
-0.0336609
-0.0112762
0.0267792
-0.00143433
0.0533142
0.00836182
0.00215149
0.105865
0.117493
0.2146
0.398819
0.550018
0.589111
0.728012
1.02142
1.0585
1.07591
1.09689
0.892776
-0.176666
-0.251389
0.217239
-0.678131
-0.626175
-0.760208
-0.711288
-0.673355
-0.605835
-0.514984
-0.363449
-0.186768
0.196381
0.701019

[8]
1.15971
1.23701
1.30354
1.03459
0.800964
1.29973
0.0281677
0.265671
1.09543
0.356857
0.684967
-0.176346
0.233292
0.0498962
0.0839386
0.085968
-0.0350189
-0.0449982
-0.00479126
0.0393829
0.00891113
0.0340424
0.0685883
0.0341797
0.0254822
0.136368
0.147552
0.392105
0.515671
0.539963
0.696014
1.04355
1.05794
1.0744
1.095
0.767609
-0.267258
-0.714233
0.217819
-0.697037
-0.649094
-0.719223
-0.648361
-0.629028
-0.581787
-0.48703
-0.360458
-0.125488
0.279327
0.958862

[9]
1.18987
1.26668
1.32394
0.518204
0.937012
0.90126
0.361557
0.187073
0.969711
0.261246
0.465927
0.137878
0.149429
0.115204
0.0957489
0.0876007
-0.00396729
-0.0922699
-0.0433197
-0.0035553
0.0387268
0.0730743
0.037262
0.0352325
0.0678253
0.190872
0.233185
0.466888
0.514359
0.602951
0.745743
1.04585
1.06219
1.07874
1.10306
0.839661
-0.406967
-0.667801
-6.10352e-05
-0.700562
-0.728302
-0.781525
-0.730057
-0.630463
-0.551331
-0.423416
-0.231705
0.00621033
0.558319
1.13159

[10]
1.20428
1.27702
1.30205
0.98909
0.995972
0.959808
0.825714
1.06636
0.427689
0.0119171
0.240906
0.155441
0.174088
-0.0613403
0.0625153
-0.00157166
-0.0617218
0.00585938
0.0341949
0.0351257
0.0283051
-0.0222778
0.00643921
0.0596313
0.202911
0.182739
0.374435
0.522064
0.57724
0.675873
0.931274
1.04732
1.06296
1.08006
1.00346
0.0528412
0.862854
-0.704559
-0.174591
-0.842804
-0.667236
-0.754303
-0.684845
-0.612762
-0.516586
-0.33667
-0.127441
0.276459
1.07379
1.16118

[11]
1.23537
1.29637
0.839767
0.685013
0.786346
1.21591
0.00299072
0.815933
1.12517
0.855804
0.303635
0.0269928
-0.042099
0.112549
0.00180054
-0.0338898
-0.0317993
0.0504608
0.0441132
-0.00344849
0.00105286
0.0255737
0.0727386
0.169785
0.184982
0.272369
0.434464
0.60112
0.676041
0.937241
1.06174
1.07912
1.10297
0.955292
-0.0845795
-1.297
0.511307
-0.744095
-0.689346
-0.711075
-0.695038
-0.628296
-0.544525
-0.397491
-0.211594
0.13681
0.582031
1.10182
1.20508
1.2746

[12]
1.17891
0.898849
0.729507
1.25562
0.784653
0.567108
1.13431
0.247208
-0.00630188
0.18512
0.0583191
0.0547485
0.0949249
-0.0124359
-0.038559
-0.0338135
-0.00691223
0.00914001
0.0389862
-0.00134277
0.0116272
0.111481
0.22464
0.234131
0.440704
0.586929
0.677429
0.717575
1.00198
1.0603
1.07889
1.10674
0.549088
-0.297607
-1.38806
0.184937
-0.737564
-0.662094
-0.688309
-0.686279
-0.609467
-0.495529
-0.371124
-0.229904
0.104141
0.699539
1.1422
1.21747
1.28722
1.23837

[13]
1.2093
0.926193
0.605759
0.374146
0.796768
-0.570709
0.67247
0.71669
0.163727
-0.0668488
-0.0832367
0.0900574
0.0331726
-0.0614777
-0.0126038
0.0263214
-0.0104675
-0.0592041
-0.0724945
-0.100937
0.0187988
0.188919
0.18013
0.316345
0.483704
0.620453
0.692734
0.989029
1.04941
1.06554
1.08035
1.03024
-0.368515
0.768723
-0.243301
-0.615387
-0.812164
-0.71666
-0.735886
-0.658401
-0.568481
-0.476624
-0.288712
-0.0534821
0.343857
1.05357
1.17267
1.24789
1.30803
0.676712

[14]
1.31352
1.28986
1.01698
0.57132
0.819397
0.0419617
0.096405
0.0616455
0.169586
-0.0111542
0.112381
0.0313721
-0.0398102
-0.0288086
0.0198517
0.001297
0.0452576
0.0424957
0.0361481
0.0924683
0.18399
0.178574
0.294159
0.492859
0.616226
0.648468
0.907715
1.04471
1.06165
1.0789
1.06947
-0.37207
0.831604
-0.182419
-0.455734
-0.729874
-0.765594
-0.7034
-0.605087
-0.54068
-0.394424
-0.267273
0.0155029
0.455414
1.10049
1.19662
1.27019
1.32266
1.00172
0.747452

[15]
0.696365
1.11855
0.648804
0.733322
0.00270081
0.514191
0.13887
0.058197
0.00741577
0.0829926
0.067337
-0.0220795
-0.0219421
-0.00215149
-0.00502014
0.0131531
0.0257874
0.0194092
0.0093689
0.0776978
0.145111
0.269562
0.420578
0.532562
0.563538
0.807037
1.04529
1.0614
1.07884
1.10107
0.608673
-0.306778
-1.34044
0.243546
-0.770782
-0.543167
-0.719772
-0.712036
-0.686935
-0.612823
-0.529327
-0.371582
-0.138535
0.311203
1.00327
1.17
1.24005
1.29361
0.78891
0.724976

[16]
1.25629
0.611542
0.694702
0.974304
0.233414
0.609421
0.00634766
0.0279236
0.028595
0.0467987
0.00836182
0.00222778
-0.0180054
-0.0248871
-0.0172424
-0.000259399
0.00956726
0.000473022
0.0417023
0.0920258
0.160095
0.226334
0.388062
0.452271
0.525955
0.704361
1.04523
1.06102
1.07748
1.10188
0.783752
-0.373505
-0.418228
0.107819
-0.684372
-0.675186
-0.716095
-0.765244
-0.691071
-0.637848
-0.537369
-0.381973
-0.14418
0.357391
1.03412
1.16788
1.23958
1.29201
0.961655
1.30551

[17]
0.793182
0.749771
0.904617
0.769012
-0.0446777
0.0844116
0.166885
0.208099
-0.066803
0.0318756
0.0397644
-0.0655212
-0.0231628
-0.0126495
-0.00779724
0.0299683
0.0261536
0.0262909
0.0584717
0.105423
0.121597
0.177307
0.411819
0.536713
0.613754
0.771469
1.04005
1.05612
1.07469
1.09682
0.704498
-0.485519
-0.941589
0.0945892
-0.684433
-0.797531
-0.735474
-0.597626
-0.577515
-0.414322
-0.338364
-0.337402
-0.0437317
0.450256
1.06857
1.19069
1.25975
1.26004
1.03564
0.830765

[18]
0.351959
0.273132
1.13478
0.789688
0.148315
0.116287
0.0349884
0.162994
0.0424652
0.0712891
-0.00874329
-0.0329285
-0.0670929
-0.0416565
0.0379639
0.00886536
0.0266724
0.0974121
0.137878
0.171432
0.175659
0.374039
0.496262
0.556976
0.646729
0.938675
1.05832
1.07382
1.09662
1.12402
-0.331467
0.943344
-0.446686
-0.458435
-0.863953
-0.729965
-0.715668
-0.670242
-0.646866
-0.554626
-0.388535
-0.227966
0.221161
0.73761
1.15349
1.22031
1.27422
0.874603
0.711792
1.25308

[19]
0.578537
0.360947
0.956802
0.16481
1.01132
0.0309753
0.128342
0.00485229
0.0706329
0.000213623
-0.0252991
-0.0222626
-0.00289917
-0.00585938
-0.0304565
0.033432
0.0199432
0.0354156
0.143326
0.19783
0.307205
0.500443
0.628967
0.706345
0.855286
1.0535
1.07025
1.09117
1.06808
-0.17337
0.826447
-0.31691
-0.490402
-0.83992
-0.735397
-0.737015
-0.627518
-0.540375
-0.465683
-0.271225
-0.00679016
0.338928
1.00157
1.17194
1.23508
1.27934
0.781952
0.659409
0.972687
0.858383

