[1]
0.230194
-1.17879
-1.73778
-1.64003
-2.13496
-2.09065
-1.33835
1.90694
0.951813
-0.820679
0.0734558
-0.157425
-0.346024
0.0620575
-0.0253143
0.333389
0.328659
0.247192
0.218307
0.09198
0.187454
0.180054
0.111511
0.151718
0.241791
0.269821
0.253494
0.160172
0.193588
0.262161
0.203323
0.281204
0.323944
0.467346
0.4561
0.497452
0.850662
1.71556
1.12213
1.30536
0.968842
0.838333
-0.287094
-0.0531158
0.745056
1.09076
0.937103
0.80397
0.42691
0.267624

[2]
0.258728
0.205307
0.244446
0.216507
-0.120193
-0.82135
-1.42436
-1.98552
-2.53723
-2.59659
-2.47801
-1.48685
1.52184
0.858032
-1.22925
-0.399033
-1.31804
-0.547653
-0.301926
-0.156677
-0.0668182
0.00769043
0.0216217
-0.0977325
0.00491333
-0.0704346
-0.0110474
-0.121872
-0.0783386
-0.0230713
-0.0334473
-0.0286102
-0.00627136
0.0694427
0.136475
0.180725
0.0820923
0.146759
0.274551
0.317108
0.369644
1.02853
1.82639
0.860123
1.03806
0.893906
0.372101
-0.794708
0.363205
0.786728

[3]
0.854279
0.724472
0.490356
0.139877
0.0842285
0.0761871
0.0260468
-0.12291
-0.502518
-0.840759
-1.52333
-2.24156
-2.42885
-2.64954
-2.63417
-1.80283
0.454117
1.45787
-1.1524
-0.571548
-0.654236
-1.11362
-0.264099
-0.213394
-0.164139
-0.163467
-0.122131
-0.122177
-0.137894
-0.0059967
-0.0819092
-0.0991364
-0.0612335
-0.0147247
-0.0482635
-0.112686
-0.0152435
-0.0311737
0.0926208
0.17453
0.235809
0.279312
0.397079
0.361359
1.0914
1.80275
0.82222
1.09668
0.977615
-0.549911

[4]
-0.805496
0.568222
0.986435
0.870239
0.695343
0.435394
0.173264
0.118118
0.0991364
0.0829468
-0.0361176
-0.432785
-0.726929
-1.41145
-2.37
-2.65018
-2.67139
-2.65355
-1.99608
1.43893
0.0528717
-1.243
-0.499374
-1.14127
-0.493103
-0.406174
-0.0125885
-0.208984
-0.0634613
-0.180832
-0.198364
-0.162506
-0.0228424
-0.0693512
-0.071167
-0.0679016
-0.0471649
-0.100647
-0.0103912
0.0124512
0.025528
0.139008
0.160828
0.223694
0.233551
0.330673
0.832764
1.75313
1.23705
0.897293

[5]
1.07259
0.691544
-0.606537
0.0258179
0.691147
0.761765
0.670746
0.546219
0.324341
0.155624
0.00494385
-0.0771179
-0.0689697
-0.328171
-0.72879
-1.004
-1.81787
-2.58372
-2.66638
-2.65979
-2.07579
0.306381
1.4494
-1.69202
-0.771362
-0.869888
-0.912476
-0.286484
-0.0113983
-0.083374
-0.140121
-0.0331726
-0.3573
-0.0599213
-0.0119324
-0.112091
-0.124634
0.0206909
-0.0102234
0.00158691
-0.0731049
0.0677643
0.131683
0.166809
0.10672
0.253464
0.361481
0.447433
0.429993
1.53941

[6]
1.26082
1.14923
1.03656
0.863693
-0.31955
-0.325928
0.516983
0.898026
0.864258
0.756485
0.435211
0.252686
0.227905
0.163818
0.116379
0.122726
-0.269592
-0.518356
-1.32944
-2.16833
-2.60919
-2.634
-2.61464
-1.04434
1.49287
-0.645981
-0.807007
-0.248566
-1.00502
-0.453735
-0.443085
-0.0361023
0.0826111
0.0388184
-0.0766296
-0.182068
0.100143
0.140274
0.0266571
-0.0917969
0.0265656
-0.0149994
0.0228729
0.0895081
0.106354
0.232864
0.222015
0.290268
0.315414
0.424759

[7]
0.549255
1.12103
1.86861
1.1443
1.17641
1.1283
-0.225647
-0.837921
0.365234
0.758926
0.997513
0.935852
0.653397
0.2565
0.188507
0.08992
-0.0160065
-0.0189972
-0.348022
-0.746475
-1.43742
-2.2724
-2.59818
-2.61501
-2.58533
-0.493118
1.51503
0.00654602
-1.22301
-0.36734
-1.12895
-0.446701
-0.361221
0.103256
-0.0838928
0.103653
0.0353546
0.00553894
0.0667877
0.0861969
0.0293732
-0.0496368
-0.00743103
-0.0894623
-0.0101318
0.0964813
0.184464
0.137695
0.19516
0.213516

[8]
0.302231
0.497696
0.533859
0.86998
2.17589
1.15146
0.733063
1.15053
0.299454
-0.249481
0.156082
0.695862
0.828873
0.80365
0.654419
0.329178
0.208527
0.136978
-0.016098
0.0137634
-0.258667
-0.62326
-0.997604
-1.69748
-2.55806
-2.60855
-2.60242
-2.44795
0.58194
1.47784
0.140091
-0.974487
-0.830032
-1.14871
-0.546158
-0.187912
-0.162109
-0.100235
0.0157013
-0.0826416
-0.159027
-0.117172
-0.0112152
0.0529175
0.0619507
0.0349274
-0.0177155
-0.0820312
-0.00917053
0.104721

[9]
0.140625
0.142654
0.219238
0.242203
0.395096
0.376709
1.16818
2.01637
1.16367
0.97049
1.1136
-0.263229
-0.665482
0.407745
0.858887
0.971695
0.951279
0.698395
0.314224
0.155136
0.0414734
-0.0394135
-0.223633
-0.404953
-0.702682
-1.20975
-2.161
-2.61682
-2.63876
-2.62077
-1.75127
1.47194
-0.620987
-0.804443
-0.501205
-1.06496
-0.728226
-0.308044
0.0220795
-0.0765381
0.125504
0.0473328
0.0589752
0.0256042
0.158966
0.118286
0.019455
-0.0675812
-0.0359039
-0.00189209

[10]
0.115036
0.0782166
0.202377
0.139008
0.231461
0.30574
0.380707
0.47438
0.390594
1.3295
2.3739
1.05214
1.27068
1.0676
-0.410172
-0.152252
0.738342
0.996475
0.839981
0.805389
0.472702
0.287964
0.167938
0.0948181
0.0491943
-0.225266
-0.576508
-0.959808
-1.42967
-2.42416
-2.57133
-2.57625
-2.49342
1.0094
1.18675
-1.60217
-0.0970001
-1.2382
-0.824539
-0.287018
-0.129471
-0.0868225
-0.046814
0.154068
0.0820923
0.0682983
0.0410309
0.0635986
-0.0648041
-0.039093

[11]
0.00527954
0.0557861
-0.00845337
0.113785
0.161697
0.190506
0.189423
0.210632
0.359406
0.417557
0.492691
1.92792
1.72421
1.04994
1.12683
0.923294
-0.344315
0.116318
0.80278
0.903412
0.823578
0.75531
0.355728
0.257187
0.160782
0.0361176
0.00628662
-0.253845
-0.498352
-0.973557
-1.53616
-2.37888
-2.55826
-2.57837
-2.54898
-0.328735
1.54437
1.09715
-1.46393
-0.434769
-1.42772
-0.426193
-0.182938
-0.0861053
-0.221451
0.00743103
0.0274048
-0.16954
0.0501251
0.0291901

[12]
0.09729
0.0841522
-0.0199432
-0.0717773
-0.0592651
0.0726624
0.177429
0.188614
0.123642
0.238373
0.269012
0.393219
0.393906
1.41324
2.08252
1.11882
0.88942
1.09203
-0.371628
-0.725159
0.451599
0.883072
0.770981
0.814072
0.567032
0.323456
0.228271
0.129105
0.0572968
0.0547333
-0.261856
-0.585327
-0.863617
-1.63994
-2.51537
-2.58914
-2.58803
-2.03436
1.31882
1.2309
-0.809753
-0.413986
-0.751785
-0.802185
-0.257095
-0.324692
0.0138245
-0.0366211
0.144791
0.130768

[13]
-0.110092
-0.00535583
-0.0266113
0.091095
0.0990448
0.072937
0.0979919
0.0752716
0.105164
0.101807
0.144394
0.22879
0.122192
0.309799
0.367554
0.270966
1.05051
2.33397
1.28981
1.03947
1.20992
0.0836945
-0.672363
0.300262
0.885071
0.975586
0.892685
0.696243
0.469589
0.327911
0.176605
0.0880432
0.0298157
-0.241852
-0.562241
-0.899872
-1.73082
-2.47726
-2.52269
-2.51152
-1.93729
1.58546
0.677444
-1.07875
-0.293625
-1.18033
-0.764053
-0.300339
0.00814819
0.0441284

[14]
0.0979462
0.105194
-0.0696106
0.0981293
0.187164
0.221649
0.0790863
-0.0229187
0.0608978
-0.000869751
0.0883179
0.101044
0.246399
0.17337
0.262329
0.235779
0.3703
0.430862
0.385468
1.31799
2.12276
1.14452
1.19215
0.926514
-0.533371
-0.471848
0.643723
1.01062
0.856339
0.809723
0.529739
0.368515
0.303726
0.195877
0.145004
0.0171661
-0.31723
-0.617615
-1.04256
-2.07286
-2.49081
-2.54015
-2.52148
-1.26144
1.59288
-0.261902
-0.83371
-0.290283
-0.988144
-0.456284

[15]
-0.327911
0.185089
0.0237732
0.242249
0.0853882
0.127563
0.0811005
0.198029
0.146561
0.103973
0.137863
0.0528412
0.0756378
0.0771637
0.159103
0.314499
0.219772
0.270004
0.287964
0.373108
0.470154
0.475616
1.74551
1.99886
0.906357
0.932968
1.02499
-0.509354
-0.621475
0.53212
0.970139
0.892365
0.860596
0.623703
0.378494
0.21228
0.100906
0.109558
-0.0184937
-0.289505
-0.61908
-1.08884
-1.99973
-2.38704
-2.52376
-2.50624
-1.39648
1.57323
0.20694
-1.16576

[16]
-0.412064
-0.734497
-0.522034
-0.265823
-0.0136871
-0.00831604
0.0202484
-0.0428314
0.0156097
0.0594025
0.190048
0.136703
0.0191803
0.0118866
0.0572205
0.0188599
0.0332489
0.071167
0.163727
0.215408
0.234833
0.314774
0.367065
0.472961
0.470078
1.33911
1.78365
1.1012
1.16592
1.03249
-0.452606
-0.560867
0.584732
1.01003
1.04277
0.976608
0.548386
0.297699
0.236679
0.175751
0.0908813
-0.0200348
-0.313904
-0.62738
-1.30412
-2.26624
-2.5515
-2.56215
-2.52979
-0.357819

[17]
1.5768
1.52641
-1.32713
-0.543411
-1.0298
-0.756348
-0.105148
-0.0231934
-0.123749
0.106735
0.0635681
-0.107529
-0.0235291
0.028244
0.0489349
0.1017
0.115021
0.0956421
0.0177002
0.0412903
0.163116
0.215225
0.181427
0.263611
0.393265
0.419479
0.384232
0.98912
1.9897
1.22034
1.18187
1.26973
0.5336
-0.48674
0.0710602
0.657684
0.849228
0.775009
0.644043
0.400681
0.295181
0.213715
0.0413513
0.0772552
-0.120438
-0.445206
-0.931122
-1.64478
-2.51527
-2.55009

[18]
-2.54111
-1.63875
1.45387
1.2103
-1.46368
-0.250916
-0.719681
-0.879807
-0.368912
-0.206879
-0.0135651
0.127975
0.101425
-0.0250549
0.0359955
-0.031601
0.0927429
0.0662231
-0.0360413
0.0330811
0.0577087
0.0637665
0.055603
0.0787964
0.202545
0.211411
0.253448
0.318039
0.488876
0.621323
1.99191
1.63802
0.871964
1.00061
1.19954
-0.369797
-0.732559
0.532211
0.820282
0.841644
0.773438
0.536835
0.307312
0.167465
0.0781403
0.0717468
0.0387573
-0.386932
-0.881378
-1.37143

[19]
-2.35965
-2.51195
-2.57048
-2.54063
-0.262207
1.54546
0.16069
-1.45992
-0.484329
-1.15668
-0.247711
-0.348221
0.0316315
-0.0709991
0.120285
-0.0455627
0.0233765
0.0458069
0.177139
0.0270691
-0.00901794
0.0117645
0.0211182
-0.06073
0.0620422
0.193512
0.166473
0.247574
0.231171
0.345871
0.423416
0.434708
1.37006
2.03412
0.957321
1.10254
1.02138
-0.644226
-0.674194
0.612427
1.04173
0.86702
0.849792
0.501953
0.3414
0.26506
0.151917
0.152878
0.0754089
-0.422394

[20]
-0.675949
-1.26672
-2.2187
-2.58401
-2.60376
-2.57704
1.45575
0.0897217
-1.50128
-0.232773
-1.37483
-0.632401
-0.496307
0.0550079
-0.154556
0.122055
-0.1866
-0.0471649
-0.0119934
0.0352936
-0.00421143
-0.164459
-0.12619
-0.0651093
-0.0122986
-0.0284729
0.0792389
0.0951843
0.196014
0.193436
0.249008
0.389587
0.426743
1.05821
2.01419
1.15494
1.09485
0.812943
-0.528351
-0.634171
0.597778
0.946335
0.909195
0.835022
0.452454
0.272583
0.213257
0.0922394
0.0453644
-0.209412

[21]
-0.383606
-0.753464
-1.4682
-2.47078
-2.60492
-2.61826
-2.37065
0.867676
1.46567
-1.21532
-0.897156
-0.754456
-0.822968
-0.324158
-0.176773
0.105591
-0.0651245
-0.0130615
-0.170868
-0.0938873
-0.0689392
-0.0650024
-0.0636444
0.0724792
0.141815
0.0602875
-0.0806427
0.0241394
0.0950165
0.172729
0.187531
0.208969
0.366898
0.439178
0.858704
2.28265
1.36661
0.78363
1.14328
0.304123
-0.601959
0.303543
0.904465
0.818405
0.694748
0.548615
0.239975
0.1409
0.0647736
-0.017868

[22]
-0.0722046
-0.353149
-0.736435
-1.31786
-1.899
-2.58299
-2.60945
-2.59573
-1.82576
0.948044
1.48378
-1.65053
-0.563736
-0.783173
-0.878815
-0.323029
-0.220734
-0.0894012
-0.0500488
-0.001297
-0.165131
-0.0753937
-0.0122833
0.0695496
-0.0228271
-0.0471344
-0.0339813
-0.0653229
-0.105011
0.0651093
0.0865021
0.185852
0.217377
0.311371
0.363663
0.331223
0.795486
1.95166
1.27617
1.10835
1.31725
0.661682
-0.715118
0.124603
0.67131
0.921402
0.790665
0.69632
0.339859
0.187088

