[0]
-0.492523
-0.492523
0.885513
1.09134
0.0982819
1.21916
0.968719
0.00714111
-0.123093
0.0631714
0.0562897
0.0462952
-0.190674
-0.094574
-0.0712891
-0.169006
-0.213776
-0.306
-0.25209
-0.124054
0.0465698
0.0657501
-0.0619354
-0.122574
-0.133041
-0.0774536
-0.0486908
-0.133377
-0.264023
-0.0459137
0.0323639
-0.358047
-0.869568
-2.0295
-1.08189
-1.01834
-0.839371
-0.618011
-0.283661
0.0830841
-0.25032
-0.751877
-0.27597
0.0705719
0.0893555
0.0393066
0.197083
0.0806427
0.116882
0.0807495

[1]
0.134857
0.315765
0.399887
0.853607
1.00302
2.15213
1.20535
-0.684967
0.763412
0.562881
0.432709
0.233475
0.0789337
0.220245
-0.0217285
-0.157745
0.0257263
-0.0168304
-0.172958
-0.176529
-0.0620575
0.00990295
0.141479
0.0492249
-0.0208435
-0.0431824
-0.0552979
0.0401917
0.0518341
0.0154877
-0.0957947
0.0270538
-0.0459747
-0.395554
-0.742706
-1.63304
-0.835754
-0.760468
-0.983353
-0.731796
-0.141693
0.222275
-0.173508
-0.561661
-0.249496
-0.178436
-0.0454254
0.033783
0.118698
0.183243

[2]
0.248215
0.321487
0.485931
0.575592
0.729263
1.04794
1.39447
2.21667
0.217056
-1.49387
0.925339
0.42926
0.348282
0.314774
0.473389
0.0993805
-0.180069
-0.197235
-0.0990601
-0.0482635
-0.0417328
-0.027832
0.0104523
0.0167389
0.053299
-0.00898743
-0.0154572
0.0198059
0.0722656
-0.0294952
0.00247192
-0.0714111
-0.0651245
-0.0296783
-0.128494
-0.348938
-0.998993
-1.2811
-0.972656
-1.07155
-0.666702
0.0110626
-0.415222
-0.436035
-0.315979
-0.28978
-0.26384
-0.156525
-0.0303802
0.0326538

[3]
0.0590057
0.0984192
0.183014
0.43782
0.736267
0.963898
1.3723
1.91356
1.08611
0.653946
-0.942932
0.359009
0.992599
-0.213074
0.482132
0.192154
-0.134689
0.0465698
0.00605774
0.0112762
-0.159912
-0.0427094
0.0235596
0.0122528
0.0118866
0.00987244
0.054184
-0.0506744
-0.0050354
0.0106201
0.0730286
0.0191193
-0.0841827
0.0458069
-0.206375
-0.522354
-1.06522
-1.64156
-0.859833
-1.38393
-0.703415
0.00814819
-0.232895
-0.410599
-0.259232
-0.131866
-0.0928802
-0.0359802
0.0527039
0.0607758

[4]
0.103088
0.162796
0.17662
0.241882
0.513962
0.610016
0.942429
1.49068
1.58212
1.06287
-0.405243
1.29065
0.595016
-0.0190277
0.529678
0.233231
0.00645447
0.0928497
-0.0137787
-0.133286
-0.18866
-0.0609589
-0.0105133
0.0242615
0.0389862
0.090683
0.0409088
0.0233459
0.0543671
0.00132751
0.0477295
-0.0806122
-0.0362701
-0.0476227
-0.390625
-0.569717
-1.21097
-1.05977
-1.09972
-1.20955
-0.581421
-0.18158
-0.489426
-0.513916
-0.244278
-0.276108
-0.264923
-0.198639
-0.143707
-0.118851

[5]
-0.0977325
-0.0386353
0.0543213
0.0900116
0.377716
0.584534
0.825623
1.31
1.533
1.46147
0.471878
0.758041
0.31752
0.153748
0.337952
0.272552
0.191437
-0.0256195
0.0723572
0.0919495
-0.012558
0.101212
-0.0641479
-0.0165558
0.0655212
0.0381165
-0.0793457
-0.0977478
-0.0243988
0.123535
0.116058
-0.0750885
-0.0140076
-0.198792
-0.59407
-0.647781
-1.5296
-0.779846
-1.17252
-1.13029
0.0698395
0.0924072
-0.390564
-0.320557
-0.190384
-0.176865
-0.149231
-0.127502
-0.0539856
0.00932312

[6]
0.0758362
0.290176
0.336456
0.659332
0.676376
1.00793
1.57841
1.52431
0.601395
-0.784821
0.130753
1.11395
-0.203918
1.05664
0.0690308
0.0699615
0.0910339
0.128815
0.0812225
0.0641785
-0.0237732
-0.0122528
0.00520325
0.0655365
0.0684357
0.0150909
0.0956421
0.0893402
0.144608
0.0196686
-0.0942078
-0.0500488
-0.300797
-0.573792
-1.49384
-1.53011
-0.844467
-0.900375
0.000244141
0.00190735
-0.472595
-0.439835
-0.242432
-0.168243
-0.0545502
0.0281067
0.0634308
0.130234
0.175262
0.211929

[7]
0.282181
0.655396
0.779861
0.803787
1.16185
1.83496
0.553116
-1.05792
0.565872
1.25317
-0.279572
0.792618
0.390564
-0.0566254
0.082016
0.0428619
0.0688629
-0.0430145
0.0280457
-0.078476
0.00495911
0.0526886
0.0250702
0.0486908
0.022995
0.0480652
0.0901642
0.0635986
-0.0812225
-0.0928345
-0.00378418
-0.291153
-0.70163
-1.47098
-1.4715
-0.80278
-0.408646
-0.263901
-0.163422
-0.258987
-0.410217
-0.203094
-0.128647
-0.0299377
0.0551758
0.0700378
0.0633698
0.0916748
0.151352
0.144516

[8]
0.318329
0.510895
1.24457
1.86829
1.48741
1.23131
-0.452789
0.933136
0.932098
-0.0380707
0.721527
0.0767365
0.123108
0.126129
0.0284119
-0.12088
-0.160873
-0.0582581
-0.0390778
0.0386353
0.0469971
0.0345001
-0.0186768
0.0445557
0.112076
0.0531006
0.00335693
-0.0878448
-0.0331116
-0.0177155
-0.252563
-0.45459
-1.32965
-0.988876
-1.11041
-0.952225
-0.275284
-0.0832672
-0.491394
-0.396286
-0.299698
-0.322418
-0.257217
-0.162506
-0.101013
-0.0372009
0.000869751
0.099411
0.14389
0.304108

[9]
0.532761
0.847961
0.691513
1.3929
1.27324
0.818069
0.190491
1.10268
-0.357391
0.356171
0.457581
0.0718231
0.110809
0.0574646
-0.0903625
-0.0952454
-0.00308228
0.0124969
-0.0899963
-0.104416
-0.0022583
0.13829
0.0307007
-0.0728455
-0.0877075
-0.00987244
-0.101715
0.0106964
0.106812
-0.228165
-0.557098
-1.05713
-1.71733
-0.706909
-1.48347
-0.684296
0.129608
-0.102753
-0.486404
-0.375565
-0.178482
-0.162369
-0.130478
-0.100296
0.00474548
0.0558929
0.0830383
0.157761
0.592392
0.693924

[10]
1.00557
1.55655
1.26796
0.730362
-0.483856
0.706177
0.713257
-0.27948
0.845825
0.1483
-0.0413666
0.13295
0.0560913
0.0317383
-0.17688
-0.0911407
-0.172012
-0.0266113
0.0270996
0.0237122
0.0198517
0.0402222
0.0417023
-0.0537415
-0.0604706
-0.11879
-0.0311127
-0.0724945
-0.426041
-0.662094
-1.87193
-0.790573
-1.23398
-1.48579
-0.126099
0.319809
-0.394623
-0.580856
-0.269516
-0.231598
-0.167282
-0.0666351
0.013504
0.0495911
0.129318
0.222336
0.493378
0.55658
0.542343
1.12506

[11]
1.99495
1.06252
0.855759
-0.867645
0.52597
0.60202
0.0700378
0.470886
0.0591888
-0.219971
0.0648956
0.0661621
0.0716248
-0.0486603
0.0325317
-0.0974884
-0.100449
-0.0273438
0.000244141
-0.0825806
-0.0996857
-0.0559082
0.109634
0.00692749
-0.107681
-0.083252
-0.23175
-0.463837
-1.01654
-1.55354
-0.897934
-1.42424
-0.960632
-0.385635
-0.329956
-0.382935
-0.331314
-0.240997
-0.241089
-0.19191
-0.143326
-0.0831757
-0.0285797
0.048645
0.16687
0.443314
0.695969
0.700958
1.10117
1.92409

[12]
1.34901
-0.669876
0.477249
1.0407
-0.268448
0.694122
0.113556
0.0649414
0.0847473
-0.00317383
-0.0424957
-0.0237732
0.00946045
-0.195312
-0.0671234
-0.0653839
0.00817871
-0.12944
-0.0510101
0.0829315
0.0358734
0.0409088
-0.136215
-0.135391
-0.420486
-0.6465
-1.77985
-0.527588
-1.36137
-1.50723
-0.184235
0.412323
-0.330673
-0.742371
-0.343628
-0.260834
-0.115662
-0.0361328
0.0222931
0.0649109
0.113113
0.208649
0.552841
0.653381
0.705521
0.905975
1.35226
1.08307
1.07864
0.078476

[13]
1.09668
-0.0785828
0.580566
0.310059
0.153152
0.0404816
-0.0454559
-0.00375366
0.0234222
0.0648499
-0.0661011
-0.0966644
-0.0614166
-0.0429993
-0.00505066
-0.0932159
-0.0353088
-0.185226
-0.057785
-0.0321045
-0.00125122
-0.0203552
-0.252258
-0.5867
-1.63809
-0.482346
-1.49013
-1.02257
-0.761322
-0.409744
-0.43576
-0.277466
-0.234573
-0.126709
-0.143372
-0.102859
-0.0326385
0.0138702
0.123047
0.269302
0.596863
0.703705
0.540482
0.853943
1.533
1.34613
1.16855
-1.01697
1.38925
0.627365

[14]
0.668747
0.463699
0.0662231
0.0983276
0.0065918
-0.0161743
0.0214844
0.0621033
-0.0506897
-0.0383606
-0.102463
0.0257416
0.0715485
0.108353
0.118118
0.152176
0.143875
-0.0289764
-0.0907135
-0.0547791
-0.330093
-0.618912
-1.81766
-0.417648
-1.62579
-1.20229
0.0367432
0.24791
-0.371414
-0.402725
-0.175461
-0.156082
-0.0745239
-0.00654602
0.0261841
0.0713196
0.139877
0.20192
0.324585
0.577271
0.593918
1.10056
1.98817
1.13365
0.62236
0.399261
1.15364
0.00947571
0.891342
0.408508

[15]
0.0743713
0.176361
0.0321655
0.0583191
-0.0458221
-0.0331726
-0.0772705
0.0108032
0.0514526
0.0556946
0.0548706
0.0814056
0.138931
0.120987
0.0334167
-0.154312
-0.0512238
0.0753479
-0.170242
-0.528336
-0.943665
-1.44617
-0.787582
-1.20328
-0.506424
-0.177872
-0.30687
-0.37648
-0.298523
-0.139771
-0.191101
-0.143692
-0.0275421
0.0596161
0.08255
0.15799
0.268295
0.633179
0.683563
0.540588
1.00374
1.8212
1.34201
0.141159
0.307465
0.998596
-0.154251
0.773621
0.36824
0.156403

[16]
0.124573
-0.0114136
-0.0845795
-0.170288
-0.0535431
-0.0435944
-0.00782776
0.0186615
0.0118256
-0.0323029
0.0360107
-0.0341339
-0.0298767
0.0754242
0.0781555
-0.0091095
-0.0277557
-0.392166
-0.769485
-1.30168
-1.39171
-0.710266
-1.11609
-0.642334
-0.42804
-0.180664
-0.475525
-0.421082
-0.189209
-0.139038
-0.00891113
0.0362396
0.0928192
0.159744
0.221527
0.324966
0.49968
0.425613
0.827042
1.36388
1.60753
0.841385
-1.16753
1.14806
1.40807
-0.246811
0.482635
0.11293
-0.0805206
0.0214844

[17]
0.0544739
0.128265
-0.00236511
0.129944
-0.159195
-0.0261841
-0.00939941
0.108139
0.0621796
0.0764771
0.0794067
0.00796509
0.0137787
-0.0905457
0.0391998
-0.177094
-0.521194
-0.944351
-1.79955
-0.161118
-1.09193
-0.961075
-0.207916
0.227783
-0.330826
-0.452744
-0.132812
-0.124832
0.0222626
0.127106
0.151428
0.169556
0.161514
0.246704
0.548889
0.679657
0.669052
1.04546
1.68042
1.33997
0.919479
0.16893
0.973389
0.184204
0.291702
0.318329
0.209839
0.103653
0.0792847
0.0449982

[18]
-0.0637207
0.0641632
0.00358582
-0.00642395
0.0306091
0.0763855
0.0599823
-0.0426178
-0.0105286
0.0205078
0.0768585
0.0388489
0.0175323
0.0797729
-0.21286
-0.526459
-0.897156
-1.70671
-0.547119
-1.4137
-0.873886
0.438568
0.25145
-0.448029
-0.527344
-0.210449
-0.221558
-0.100952
0.0283966
0.115936
0.136765
0.209549
0.28949
0.46994
0.662689
0.865463
1.3457
1.91731
0.980255
-0.0868835
0.317352
1.25027
-0.131287
0.753738
0.416794
-0.0795288
0.108765
0.0413208
0.144318
0.0333862

[19]
-0.11879
-0.0682526
0.0458679
0.0888672
0.0928192
0.0532227
0.0177612
0.0362396
0.140457
0.118805
-0.021698
-0.104721
-0.0590363
-0.255005
-0.360031
-0.696838
-1.22081
-0.876328
-1.09935
-1.0459
-0.0559692
0.130615
-0.502411
-0.429825
-0.249329
-0.199234
-0.156982
-0.073349
-0.0135498
-0.0124664
0.0637054
0.196213
0.62178
0.728165
0.734192
1.19667
1.74596
1.15701
1.23651
-0.436859
1.04196
0.557678
0.140732
0.816757
0.0496979
0.235764
0.13858
0.0440674
-0.0985413
0.106613

