[1]
0.290512
0.290512
0.196808
0.189621
0.151947
0.125961
0.0875092
0.0513458
-0.0424805
-0.119415
-0.159592
-0.181595
-0.262726
-0.331009
-0.387329
-0.413025
-0.377747
-0.38826
-0.463287
-0.180527
0.602112
0.387833
0.216278
0.148849
-0.118149
-0.267227
-0.33049
-0.0594025
0.0328064
0.0659637
0.0129395
0.0088501
0.0236816
-0.0111237
-0.0656128
-0.0107422
0.0770569
0.0608215
0.0222931
-0.00648499
0.0067749
0.035965
0.0502167
0.0436554
0.019165
0.0176697
0.0261993
0.0473175
0.0146942
0.00312805

[2]
0.0349426
0.0850525
0.101547
0.0570526
0.0961456
-0.0218048
0.0119019
0.0957336
0.112228
0.207214
0.247849
0.326599
0.267349
-0.0909271
-0.133423
0.00354004
-0.103485
0.162674
0.278305
0.317139
0.262299
0.230713
0.201736
0.167313
0.116653
0.107193
0.113922
0.0816193
0.0239868
-0.0484467
-0.29068
-0.456345
-0.562775
-0.793274
-0.918243
-0.801712
-0.837845
-0.929581
-0.412552
0.95961
0.334366
0.0743103
-0.34549
-0.555634
-0.281418
-0.0366821
0.0145569
-0.0885315
0.0261383
0.0619507

[3]
-0.0338898
-0.144257
-0.0476379
0.0924835
0.103851
-0.00413513
-0.0572662
0.00727844
0.0485687
0.0396271
0.0189362
0.0168915
0.02034
0.0279541
0.0283661
0.0201263
0.0343323
0.123413
0.157791
0.112732
0.00723267
-0.0508728
-0.00541687
0.117218
0.342194
0.35376
0.0788727
-0.0276489
-0.0499878
-0.0768585
-0.204193
0.154266
0.306488
0.285461
0.284088
0.244171
0.16156
0.112732
0.0898132
0.0540009
0.0344849
0.0162659
-0.0231323
-0.403946
-0.666351
-0.734909
-0.833191
-0.960251
-0.70787
-0.697205

[4]
-0.507355
0.3396
0.967545
0.0481262
-0.0322723
-0.273178
-0.31955
-0.225815
-0.095871
-0.0674286
-0.0145874
0.0595093
0.00538635
-0.122726
-0.0321655
0.0630798
0.055603
-0.0310364
-0.0211334
-0.0114746
-0.0142975
-0.0189972
0.0163422
0.0215607
0.0370941
0.0267792
-0.00215149
0.0345764
0.0824738
0.101105
0.0617981
0.0253448
0.0128021
0.0377808
0.0740967
0.0858459
0.18187
0.441055
0.372025
-0.236908
-0.411957
0.0662079
-0.148468
-0.00621033
0.262161
0.276855
0.185303
0.0931244
0.158371
0.181885

[5]
0.00918579
-0.0868988
-0.0886383
-0.147781
-0.146408
-0.269241
-0.631927
-0.890915
-0.874222
-1.07217
-0.96286
-0.790146
-0.356293
-0.219666
0.791824
0.692963
-0.0709839
-0.0713806
-0.335281
-0.527847
-0.132538
0.000350952
0.0384979
-0.0123291
-0.0155945
-0.0119476
-0.0731964
-0.0758209
-0.0220795
0.0528717
0.0498962
-0.0343475
-0.0531769
-0.0345917
0.015274
0.0222473
-0.0298615
-0.0357361
-0.0205536
0.0121307
0.0353699
0.059021
0.059082
0.0648804
0.0652771
0.0560608
0.0497742
0.0229187
0.0579987
0.158173

[6]
0.51355
0.407135
0.103867
-0.375839
-0.182251
-0.111633
-0.20076
0.23082
0.263962
0.233215
0.181763
0.149719
0.157608
0.161087
0.0617218
0.00613403
-0.0175934
-0.0667267
-0.18222
-0.315262
-0.641235
-0.838272
-0.952377
-1.01871
-0.887329
-0.673843
-0.582947
0.0147552
1.22578
0.111862
-0.167435
-0.374115
-0.218597
-0.104507
-0.113632
-0.087326
0.0274048
-0.00357056
-0.0148315
-0.1465
-0.0407867
0.0600433
0.0509949
-0.0336304
-0.0609894
-0.0406647
0.0415802
0.0198975
0.0135345
-0.0139313

[7]
-0.0308533
0.0207672
0.0339966
0.0149536
0.000640869
0.0169678
0.0460205
0.052887
0.036911
-0.00784302
0.0171204
0.0773926
0.129181
0.196945
0.293747
0.349915
0.135941
-0.180099
-0.140839
0.00869751
-0.371796
0.162247
0.278183
0.276321
0.213776
0.15062
0.136337
0.10231
0.062149
0.0367432
0.1073
0.00102234
-0.216782
-0.519806
-0.631592
-0.755234
-0.994461
-1.13222
-0.888031
-0.727219
-0.797485
-0.516113
-0.0240326
0.834335
0.335754
0.0196228
-0.0232239
-0.473572
-0.504684
-0.228317

[8]
0.0444183
0.034668
0.0214386
-0.0228119
-0.0287018
-0.118439
-0.105392
-0.0434723
0.0337982
0.0432587
-0.0201874
-0.0561829
-0.0299072
0.0133972
0.0318604
-0.00762939
-0.00415039
-0.0281677
-0.0101624
0.0142517
0.00708008
0.0115967
-0.0348358
-0.0440979
0.0188904
0.0137024
0.0273438
-0.0217743
0.0396729
0.0789642
0.120651
0.264023
0.342758
0.386597
0.16037
-0.248154
-0.199768
0.00892639
-0.190186
0.22583
0.280853
0.241257
0.189331
0.146942
0.126205
0.0596313
-0.0401001
-0.0658875
-0.0654907
-0.0315704

[9]
-0.194672
-0.372742
-0.564774
-0.690735
-0.730865
-0.705582
-0.714355
-0.670807
-0.511719
-0.482391
0.535736
0.885605
-0.136856
-0.0355988
-0.391312
-0.291183
-0.222763
-0.0705109
-0.0227203
0.00552368
0.029892
0.0139313
-0.0406342
-0.129929
-0.116486
0.0266724
0.0733643
0.0284882
-0.0513763
-0.0884247
-0.0499878
0.0152435
0.0379333
-0.00756836
-0.0256348
-0.00218201
0.0149536
0.0438538
0.0181274
0.0301971
0.008255
-0.0126801
0.0163269
0.018692
0.068512
0.0138855
-0.00219727
0.0055542
0.0119476
0.192108

[10]
0.365189
0.283615
0.2621
-0.164764
-0.206223
0.0791016
-0.0165863
0.172028
0.265793
0.293365
0.189941
0.206497
0.108765
0.0323944
-0.081131
-0.123703
-0.0695648
-0.0765839
-0.165482
-0.284729
-0.519241
-0.750763
-0.91893
-1.01303
-0.814255
-0.681793
-0.650681
-0.470093
0.0720062
1.72487
0.0260162
-0.417572
-0.528854
-0.209137
-0.164795
-0.119278
-0.0128021
-0.00959778
0.00779724
0.0154419
-0.0103912
-0.148834
-0.06427
0.0899658
0.0815735
-0.00262451
-0.0580139
-0.0513763
0.0303802
0.0675049

[11]
-0.00291443
-0.0317078
-0.00576782
0.00186157
0.0108643
0.0267334
0.0311432
0.0260315
0.0462646
0.0675507
0.0435028
0.0223389
0.0687866
0.0567322
0.0839386
0.178955
0.359848
0.318817
0.306915
-0.213287
-0.243591
-0.0265503
-0.174438
0.172516
0.297821
0.314972
0.239395
0.176651
0.189865
0.184784
0.123276
0.0247498
0.024292
0.0282745
0.00491333
-0.18187
-0.564255
-0.786835
-0.887299
-1.07384
-1.23177
-1.10428
-0.65564
-0.28569
1.00883
0.554947
-0.17157
-0.509094
-0.357803
-0.209351

[12]
-0.22464
-0.048111
-0.0337982
0.000442505
0.0377045
-0.0128937
-0.0959778
-0.116867
0.0012207
0.104218
0.0201721
-0.00413513
-0.063858
-0.0457764
-0.00569153
0.0282135
0.0160828
0.00201416
-0.0485535
0.00942993
0.0255585
0.0466919
0.00363159
-0.00361633
0.0201874
0.0250092
-0.00987244
-0.062088
-0.0135345
0.101898
0.140076
0.442322
0.424713
0.1604
-0.317703
-0.259171
0.0213928
-0.165955
0.277191
0.259216
0.209824
0.185623
0.155411
0.103012
0.0796356
0.0369568
0.0115204
-0.0241547
-0.0146179
-0.0892029

[13]
-0.465103
-0.637253
-0.583664
-0.622986
-0.782364
-0.903732
-0.799545
-0.715805
-0.39856
-0.074234
1.12294
0.464142
-0.442001
-0.375961
-0.0788422
-0.164444
-0.143906
-0.0400391
-0.00592041
0.0603027
0.00747681
-0.108337
-0.112732
0.0503387
0.104385
0.0113831
-0.0752106
-0.0540314
-0.00888062
-0.00180054
-0.00395203
0.00215149
-0.0212402
0.00410461
-0.0155487
-0.00254822
-0.0193024
0.028717
0.0639801
0.0810242
0.0605011
0.0282288
0.0351715
0.0111694
0.0101776
0.00294495
0.19072
0.508286
0.471786
0.144211

[14]
-0.265442
-0.130707
0.00283813
-0.231415
0.215088
0.267624
0.250214
0.184875
0.117813
0.0952454
0.0428925
-0.00741577
-0.0624695
-0.100937
-0.144852
-0.267502
-0.514664
-0.726059
-0.81546
-0.915527
-1.00578
-0.839722
-0.58371
-0.637741
-0.339005
-0.0136108
1.02267
0.592758
-0.127213
-0.437363
-0.379196
-0.274414
-0.202225
-0.0355835
0.0423737
0.0152283
0.00410461
-0.0775757
-0.215622
0.00665283
0.128021
0.0371246
-0.0496063
-0.0628052
0.00575256
0.0250702
0.00143433
-0.0175476
-0.0270386
-0.00422668

[15]
0.0122528
0.00724792
0.021347
0.031601
0.0847778
0.0591431
0.0235901
0.0378723
0.0387573
0.0564728
0.0505981
0.0212097
0.246216
0.473724
0.336166
-0.0175781
-0.330719
-0.00621033
-0.0880585
-0.203018
0.270859
0.346298
0.308258
0.247726
0.19841
0.134491
0.0883026
0.0171509
-0.0087738
-0.0270996
-0.0833435
-0.187851
-0.379776
-0.601532
-0.733582
-0.805847
-0.625198
-0.746033
-0.777908
-0.59697
0.380524
0.986725
0.00369263
-0.439636
-0.482254
-0.306442
-0.162567
-0.0293732
-0.0227203
-0.0118408

[16]
-0.00358582
0.0098877
-0.110275
-0.112427
0.0325928
0.117661
0.0279541
-0.0572052
-0.0467987
0.0106812
0.0264587
0.000137329
-0.0242004
0.00125122
0.0200195
0.00637817
-0.00692749
0.00888062
0.037735
0.100128
0.0468903
0.0606842
0.0524292
0.0452271
0.0870209
0.0686798
0.179138
0.297775
0.348785
-0.0119019
-0.132889
0.115051
-0.103622
-0.331894
0.160995
0.247589
0.246017
0.202591
0.16304
0.116684
0.0691528
0.0233612
-0.0279541
-0.040451
-0.0786896
-0.297379
-0.659103
-0.880585
-0.932999
-1.08018

[17]
-1.04793
-0.635147
-0.509338
-0.5215
-0.133621
1.45599
0.341171
-0.139511
-0.529846
-0.482574
-0.366974
-0.152237
0.0729218
0.0321655
-0.00613403
0.0233917
-0.00935364
-0.16655
-0.132935
0.0739594
0.115295
0.0734406
-0.061615
-0.118607
-0.0106049
0.0637054
0.0243378
-0.0248718
-0.00813293
-0.0282135
0.0096283
0.0209808
0.0410156
0.0507202
0.041214
0.0951538
0.0364838
-0.00563049
-0.0585022
-0.0253906
0.0610199
0.16571
0.329285
0.47049
0.112213
-0.210037
-0.0446625
0.0341492
-0.222946
0.129395

[18]
0.220581
0.283066
0.283173
0.242172
0.1586
0.021698
-0.038559
-0.0625458
-0.0965271
-0.117889
-0.313553
-0.71376
-0.888535
-0.887024
-0.991135
-0.978073
-0.672897
-0.589951
-0.538147
-0.160553
0.854401
0.76297
-0.141617
-0.0248108
-0.346893
-0.503281
-0.152573
-0.0165863
-0.0118256
-0.0269012
-0.0465546
-0.0199432
-0.0888672
-0.139633
-0.0519714
0.0451202
0.04422
-0.0180206
-0.0578766
-0.0419006
0.00810242
0.0157776
-0.0131683
-0.0353851
-0.0231628
-0.0160217
0.0207062
0.0150757
0.0218964
0.0140076

[19]
0.0080719
0.0187836
0.0213623
0.0702057
0.00286865
0.00601196
0.016571
0.113495
0.141495
0.354752
0.387497
0.0717926
-0.273819
-0.159302
-0.0694122
-0.153519
0.286484
0.294098
0.222275
0.171356
0.164017
0.138748
0.0743408
-0.00195312
-0.0367889
-0.0599213
-0.139786
-0.244339
-0.531555
-0.791809
-0.779984
-0.894745
-0.950256
-0.751648
-0.725113
-0.22226
0.197189
1.15106
0.172394
-0.129745
-0.431412
-0.39592
-0.294128
-0.0660248
-0.0270691
-0.0471191
0.0127563
0.0214081
-0.0822144
-0.193497

[20]
-0.0707245
0.133972
0.065155
-0.0723114
-0.0960999
-0.0375519
0.0144501
-0.000137329
0.000717163
-0.0303802
-0.0195312
0.00138855
-0.00700378
0.00134277
0.0285492
0.0433807
0.0890656
0.0524292
0.0156555
-0.0511169
-0.0410156
0.0226898
0.013031
0.150696
0.403885
0.416794
0.30867
-0.125854
-0.310226
-0.0162506
-0.0240479
-0.00454712
0.292007
0.308151
0.215591
0.146713
0.0839539
0.0581055
0.0118408
-0.0610962
-0.135513
-0.178528
-0.261963
-0.422363
-0.731018
-0.761887
-0.819061
-1.08531
-0.958557
-0.676788

[21]
-0.599564
-0.31044
1.14667
0.275299
-0.231735
-0.522385
-0.178146
-0.141678
-0.228317
0.000610352
-0.019516
0.0164337
-0.028183
-0.0188751
-0.150909
-0.144836
0.0460968
0.085556
0.0267639
-0.0904999
-0.0723114
0.00062561
0.026474
0.00596619
-0.0375061
-0.0223236
-0.0140076
-0.0417633
-0.0303955
-0.00343323
0.00738525
0.00604248
0.0565033
0.0476074
-0.012619
-0.0400543
0.0661926
0.099762
0.217102
0.378952
0.412018
0.119659
-0.238297
-0.210068
-0.0973663
-0.174988
0.28418
0.30397
0.258667
0.225464

[22]
0.193329
0.151779
0.0969849
0.0455475
-0.00367737
-0.0678406
-0.114517
-0.202972
-0.532288
-0.775375
-0.874939
-1.01086
-0.942947
-0.685318
-0.653091
-0.415009
0.105713
1.31461
0.106583
-0.305405
-0.23497
-0.187698
-0.195404
-0.0828705
-0.0754242
0.0293427
-0.0257111
-0.0619202
-0.150024
-0.149109
0.0424957
0.0818939
-0.0111389
-0.0629425
-0.0561523
-0.00907898
0.0222015
-0.00942993
0.00959778
0.0132446
0.0113983
-0.00909424
-0.0222473
-0.00738525
0.0320282
0.0355835
0.0670624
0.0478973
-0.00900269
-0.0171814

[23]
0.0391846
0.0165405
0.115891
0.187332
0.268982
0.406052
-0.070816
-0.252045
0.00697327
0.0159607
-0.24501
0.19104
0.266205
0.233643
0.181229
0.144272
0.113937
0.0782318
0.0370636
0.00486755
-0.0435028
-0.140762
-0.291672
-0.537338
-0.685715
-0.894089
-0.966324
-0.868408
-0.561539
-0.526764
-0.121353
0.019989
0.34198
0.764603
0.0814362
-0.235886
-0.456421
-0.159622
-0.0739594
-0.067337
-0.0340118
-0.00814819
-0.0405121
-0.0829468
-0.0913544
-0.0408478
0.0379639
0.0178223
-0.0297089
-0.0449066

[24]
-0.0193634
-0.018692
-0.00643921
-0.0282135
-0.0281677
-0.0248108
0.00569153
-0.0134125
-0.0085907
0.000259399
0.0544281
0.0567017
0.0614929
0.0882874
0.0296631
0.0297241
0.00282288
0.053299
-0.0217438
0.106201
0.334229
0.412979
0.360855
-0.0670166
-0.338257
-0.0328522
-0.0720215
-0.0632935
0.277222
0.246353
0.19136
0.118607
0.0948792
0.0698547
0.0390015
-0.0456696
-0.0739594
-0.0808868
-0.184479
-0.425568
-0.661209
-0.761917
-0.944229
-1.07924
-1.13698
-0.982788
-0.842117
-0.279434
0.0411072
1.04294

[25]
0.397049
-0.232086
-0.343826
-0.422501
-0.323502
-0.146912
0.00231934
0.00213623
0.000137329
-0.00167847
-0.0401611
-0.142426
-0.178268
-0.0391998
0.0688477
0.0483551
-0.0314636
-0.109879
-0.0520172
0.0101166
0.0214233
-0.0212708
-0.0317688
-0.00799561
-0.0123138
0.00175476
-0.013916
0.00724792
0.0144501
0.000564575
0.013504
0.0108337
-0.000640869
0.00276184
0.0272217
0.0249176
0.109772
0.130997
0.405472
0.388794
0.103378
-0.192047
-0.127457
0.0242004
-0.413849
0.253937
0.323853
0.308517
0.273163
0.217743

[26]
0.147537
0.143585
0.1073
0.0125427
0.189804
0.0298615
-0.32103
-0.518005
-0.718918
-0.682281
-0.768295
-1.02284
-0.937668
-0.770416
-0.60054
-0.358521
0.830673
0.477737
-0.171463
-0.228043
-0.419647
-0.294006
-0.0768585
-0.0224915
-0.0505829
0.0106659
0.0101166
-0.0351562
-0.10643
-0.114502
0.0274963
0.0748749
0.0357361
-0.094696
-0.0628204
-0.0285645
0.019043
0.0122375
-0.0133514
-0.0344543
0.0019989
0.0115204
0.0137329
0.0150452
0.0215149
0.0326233
0.00740051
-0.0162659
0.0322876
0.0111084

[27]
0.00617981
-0.00389099
0.0851288
0.208481
0.443588
0.353851
0.0232391
-0.216537
-0.138016
-0.00384521
-0.233154
0.122208
0.247803
0.253891
0.22554
0.140671
0.0963593
0.0661011
0.0265656
-0.0208893
-0.0748901
-0.108643
-0.210876
-0.437347
-0.717636
-0.86026
-1.13214
-1.0041
-0.455093
-0.505463
-0.319626
-0.314346
1.65457
0.389206
-0.397568
-0.126907
-0.22963
-0.180313
-0.0769501
-0.0241699
0.00453186
0.0275879
-0.0306244
-0.173752
-0.0263977
0.0832062
0.0516968
-0.0619659
-0.0623932
-0.0269318

[28]
0.00350952
0.00523376
0.000701904
-0.0171967
-0.0354919
0.00285339
0.013855
0.0191193
0.0177307
0.0450287
0.0934296
0.0621948
0.0217285
0.00588989
-0.0224152
-0.00288391
0.0217133
-0.0110474
0.100128
0.158569
0.286255
0.465775
0.0277252
-0.213348
0.00193787
0.198273
-0.196655
-0.0742798
0.270279
0.295609
0.242126
0.221771
0.169037
0.16539
0.116302
0.10379
0.04776
0.0290222
-0.0762177
-0.264893
-0.522659
-0.776031
-0.946732
-1.09308
-1.07346
-0.888
-0.845718
-0.366241
0.336212
0.784241

[29]
-0.0250397
-0.287659
-0.551239
-0.248871
0.0358582
-0.0702057
-0.0760651
-0.0257416
-0.00415039
-0.028183
-0.118561
-0.0773926
-0.0249939
0.0601501
0.0364838
-0.0085144
-0.0659943
-0.0298157
0.0189819
0.0298157
-0.0136108
-0.0324249
-0.019928
-0.0284271
0.015976
-0.0138702
0.0238647
0.0578613
0.0280914
0.0401764
0.123978
0.121185
0.0544739
-0.000976562
-0.0328674
-0.0156555
0.108582
0.445602
0.310745
0.11586
-0.198792
-0.237213
-0.127029
-0.243912
0.352493
0.319229
0.196686
0.119827
0.121826
0.129028

[30]
0.0509491
-0.0437775
-0.110306
-0.159866
-0.252304
-0.333282
-0.50238
-0.798782
-0.904022
-0.899231
-1.04694
-0.97258
-0.851074
-0.932877
-0.23468
0.218048
0.822906
0.125977
0.0428619
-0.199142
-0.908997
-0.316681
0.0829926
-0.094986
-0.0594177
0.0144653
-0.00352478
-0.0807495
-0.0876617
-0.0501099
0.0576172
0.0682831
-0.0108032
-0.0647125
-0.0404053
0.00657654
0.0448761
0.015976
-0.0336456
-0.0329437
-0.0367889
-0.00811768
0.00787354
0.0424194
0.0108948
0.032196
0.0150604
0.026062
-0.0630035
0.00802612

[31]
0.107498
0.138275
0.280807
0.412537
0.406036
-0.0993195
-0.240921
0.00332642
-0.107971
-0.00244141
0.250366
0.302917
0.254089
0.222275
0.167038
0.124435
0.0791931
0.0123749
-0.0337982
-0.0804749
-0.115524
-0.265335
-0.655609
-0.785355
-0.847717
-0.993469
-1.0164
-0.708832
-0.650955
-0.546387
-0.0545197
0.453003
0.867554
0.236115
-0.199341
-0.218277
-0.578445
-0.149246
-0.100098
-0.0398712
-0.072525
-0.0573883
-0.0415192
-0.0606689
-0.0810852
-0.0227661
0.025116
-0.0287476
-0.0738525
-0.0450592

[32]
0.00134277
0.0178986
0.0240021
0.0121155
-0.0178223
-0.0207367
-0.0278168
-0.0118561
0.00315857
0.0197144
0.00891113
0.00502014
-0.0263367
0.00358582
0.0158081
0.0531006
0.0616913
0.0847473
0.11676
0.400269
0.399078
0.223755
-0.266739
-0.301788
0.0415649
-0.301819
0.243668
0.300537
0.267868
0.181381
0.147659
0.163071
0.190323
0.166245
0.116852
0.0533295
0.0353088
-0.0198059
-0.228607
-0.506104
-0.716934
-0.976028
-1.1683
-0.924652
-0.770401
-0.860611
-0.423508
0.00062561
0.70993
0.20694

[33]
-0.232895
-0.0686951
-0.50177
-0.165512
-0.0605164
-0.123779
-0.0799408
-0.0458069
-0.00372314
-0.0934448
-0.0920868
-0.0106049
-0.00550842
-0.0377045
-0.0621338
-0.0479126
-0.0128784
-0.0017395
0.00486755
-0.0170135
0.0100708
-0.0347443
-0.0233917
0.0106049
0.011734
0.0269318
0.0142517
0.000320435
0.0300598
0.0266724
-0.0258636
0.0118561
0.0258942
0.0842896
0.149643
0.361557
0.384094
0.171753
-0.171661
-0.131775
0.086441
-0.395218
0.193985
0.30545
0.292236
0.179413
0.110321
0.12146
0.121964
0.0724487

[34]
0.0129547
-0.0420532
-0.125443
-0.186844
-0.316666
-0.583679
-0.703445
-0.815964
-0.851318
-0.717743
-0.487091
-0.545212
-0.656204
0.636047
0.629654
-0.185867
-0.247803
-0.161057
-0.20697
-0.115448
-0.0661469
-0.057724
-0.0609894
-0.0113983
-0.00184631
-0.0740356
-0.0988464
-0.0179138
0.0200806
-0.00308228
-0.0690308
-0.0251617
-0.049469
-0.0323792
-0.0366364
0.0062561
-0.124695
-0.0962067
0.0065918
0.00152588
-0.0195007
0.0326538
0.015213
0.00471497
0.0119629
0.00845337
0.0369873
0.021637
0.0303345
0.0144348

[35]
0.117615
0.334534
0.369354
0.350525
-0.242706
-0.388947
-0.104797
-0.118011
-0.0350342
0.221161
0.23584
0.174744
0.11705
0.138443
0.102463
-0.0219116
-0.0968781
-0.120789
-0.126724
-0.216141
-0.347916
-0.508087
-0.637222
-0.80246
-0.983627
-0.910477
-0.53891
-0.554901
-0.184631
1.41901
0.543304
-0.166687
-0.529419
-0.271957
-0.328629
-0.184036
0.00326538
-9.15527e-05
0.00227356
-0.00140381
-0.0142059
-0.177719
-0.0933533
0.0854797
0.101227
-0.025116
-0.0954895
-0.046814
0.0313721
0.0137787

[36]
-0.00920105
-0.0219879
-0.0361328
-0.012146
-0.010498
0.0298309
0.0444183
0.0338745
0.0945892
0.116562
0.0472412
-0.0106812
-0.00401306
0.0113068
0.0960846
0.294785
0.393143
-0.0150909
-0.234848
-0.0541687
-0.0676117
-0.263657
0.264877
0.303574
0.290207
0.23938
0.229309
0.213989
0.183563
0.149384
0.104828
0.152313
0.208939
0.0355682
-0.31958
-0.315353
-0.51033
-0.710251
-0.836319
-0.640671
-0.735031
-0.758087
-0.809525
-0.678467
-0.364853
0.0993652
0.658661
-0.0423126
-0.250183
-0.400574

