[1]
0.475296
0.475296
0.092392
0.0457611
0.0161743
-0.0214386
-0.0740662
-0.095047
-0.104889
-0.142426
-0.151657
-0.193848
-0.195114
-0.193802
-0.142639
-0.080658
-0.0196533
-0.0150604
0.105316
-0.0950165
-0.121704
-0.153442
-0.200226
-0.125031
-0.117096
-0.0130157
0.0444794
-0.124985
-0.0874481
-0.134354
-0.0226135
0.00396729
-0.0630493
-0.0233765
0.00289917
0.0114136
-0.00942993
-0.0190277
0.00621033
0.02034
0.00949097
0.00341797
-0.00668335
-0.00874329
0.00395203
-0.0105438
-0.0154419
-0.0239868
-0.037323
-0.0545197

[2]
-0.0449219
-0.0563202
-0.0766144
-0.131317
-0.20372
-0.265839
-0.350677
-0.513504
-0.654678
-0.861221
-1.05699
-0.619202
-0.712601
-0.623383
-0.584045
0.0121613
-0.171616
-0.0510254
0.309006
0.363037
0.391037
0.386078
0.369324
0.371994
0.352081
0.338364
0.225067
0.103134
-0.110931
-0.433365
-0.766068
-0.985977
-1.04729
-0.953613
-0.820557
-0.40097
-0.266937
-0.458176
0.0492554
-0.279312
-0.278885
-0.391235
-0.152786
-0.0769501
-0.0396576
-0.168808
-0.144547
0.0426025
-0.0215607
-0.0946655

[3]
-0.0189056
0.0249634
0.0363464
0.00471497
-0.0183868
-0.00715637
0.0187531
0.00440979
-0.00505066
0.00520325
-0.026062
-0.0357361
-0.0349731
-0.0413208
-0.044632
-0.0740814
-0.101349
-0.20343
-0.199646
-0.215759
-0.298813
-0.447983
-0.747971
-1.07051
-1.1255
-0.931961
-0.907761
-0.605225
-0.265579
0.627106
0.243881
0.180725
0.472641
0.559998
0.512314
0.478119
0.436264
0.406723
0.377686
0.308319
0.151077
-0.0948486
-0.426804
-0.860306
-1.04451
-1.07393
-0.824463
-0.661728
-0.476669
-0.0749817

[4]
-0.156906
-0.27272
-0.333755
-0.380447
-0.614075
-0.0933838
-0.040863
-0.0516357
-0.113174
-0.0063324
-0.0175171
-0.102829
-0.0204315
0.0262451
0.0043335
-0.00382996
-0.0124664
0.0200958
0.0104065
-0.0039978
0.00665283
0.0119019
0.00221252
-0.0378418
-0.0376282
-0.0422058
-0.0403442
-0.0355835
-0.119476
-0.137573
-0.154404
-0.164154
-0.207825
-0.321594
-0.560181
-0.975281
-1.10292
-0.97702
-1.01782
-0.653473
-0.630859
0.279877
0.0259552
0.217529
0.336853
0.480164
0.545883
0.58754
0.548157
0.439285

[5]
0.461227
0.455582
0.268921
0.0405273
-0.316528
-0.665771
-1.03589
-1.0676
-1.10104
-0.788269
-0.491058
-0.125793
-0.430817
0.0385284
-0.222534
-0.402771
-0.576721
-0.341675
-0.0107574
-0.0614319
0.0697327
-0.157471
-0.0247955
-0.0603333
-0.121857
-0.0670929
0.0106354
0.0271454
0.00341797
-0.0182343
-0.0366821
-0.00642395
0.0384064
0.0120697
0.0172882
-0.00759888
-0.0305328
-0.00900269
-0.00247192
-0.0268402
-0.0388489
-0.055191
-0.109695
-0.16452
-0.187775
-0.253036
-0.293655
-0.480316
-0.867432
-1.08589

[6]
-0.92395
-0.805771
-0.653336
-0.626907
-0.2108
0.541046
0.134949
0.158035
0.397614
0.498642
0.548889
0.563782
0.548096
0.465668
0.461853
0.426193
0.269501
0.0139465
-0.238083
-0.630875
-1.01685
-1.05818
-1.05388
-0.642395
-0.404541
-0.236572
-0.0903778
-0.0913544
-0.25444
-0.320862
-0.598663
-0.168503
-0.0335083
-0.116776
-0.10968
0.0516205
-0.0504303
-0.100311
-0.00709534
0.0022583
0.0404205
0.00776672
0.000930786
0.0332184
0.0184326
-0.00431824
-0.0397339
0.00311279
-0.00540161
-0.00758362

[7]
-0.0149536
-0.0302582
-0.0461426
-0.0580292
-0.0440826
-0.0516052
-0.102142
-0.108704
-0.165695
-0.223755
-0.33313
-0.495621
-0.721695
-0.938797
-0.799026
-0.848541
-0.717163
-0.533859
-0.384979
0.586929
0.206131
0.113495
0.452103
0.516312
0.56337
0.543533
0.510422
0.455627
0.420319
0.295486
0.0782471
-0.145233
-0.364594
-0.620163
-0.856644
-0.900864
-0.897247
-0.713272
-0.415466
-0.321915
-0.0970001
-0.133652
-0.0629425
-0.252579
-0.15477
-0.234848
-0.309296
0.0192871
-0.0690155
-0.0893555

[8]
-0.0593719
-0.169357
-0.0305786
-0.106339
-0.0659027
0.000305176
-0.00559998
-0.0276337
-0.025589
-0.026062
0.0176392
0.0399628
0.00198364
0.00898743
-0.0176239
0.00134277
-0.000610352
0
-0.00794983
-0.0366364
-0.0153503
-0.0379486
-0.0552216
-0.0665894
-0.0666351
-0.0834045
-0.160034
-0.208847
-0.349792
-0.525787
-0.759888
-0.938721
-0.693573
-0.708649
-0.64267
-0.529022
-0.272202
0.519089
0.124496
0.10733
0.349365
0.445068
0.486481
0.498993
0.467987
0.430313
0.435669
0.341431
0.119537
-0.0749512

[9]
-0.314178
-0.553558
-0.707428
-0.72998
-0.768219
-0.71022
-0.52829
-0.477112
-0.161224
-0.190506
-0.389877
-0.323502
-0.21048
-0.334198
-0.0737
-0.148087
-0.0721741
-0.0979156
-0.0262909
0.00550842
-0.0306396
-0.0476074
-0.0231171
-0.0232849
0.0158539
-0.0243378
-0.0226898
-0.0213776
0.0101776
0.0451813
0.0276947
0.00984192
-0.00996399
0.0065155
0.0157471
0.00474548
-0.00346375
-0.00888062
-0.0242157
-0.0496826
-0.0717468
-0.0756683
-0.105392
-0.0801697
-0.196243
-0.18927
-0.284836
-0.465439
-0.692352
-0.849701

[10]
-0.693298
-0.734573
-0.66362
-0.488327
-0.292892
0.401413
0.091629
0.0367889
0.308731
0.403717
0.467117
0.426224
0.396805
0.375198
0.366531
0.331909
0.2276
0.0965576
-0.0854645
-0.284882
-0.519913
-0.74028
-0.835785
-0.907379
-0.635712
-0.407303
-0.180069
-0.0184326
-0.146286
-0.577179
-0.14621
-0.634384
-0.130859
-0.0825806
-0.1194
-0.197037
0.0220795
-0.0298767
-0.098114
-0.0226898
0.0323029
0.0242767
0.035141
-0.0183868
-0.0417938
-0.0184937
0.0182648
0.0150299
0.0171356
-0.0162964

[11]
-0.021759
0.00149536
0.00987244
-0.000961304
-0.0335236
-0.0326538
-0.0623932
-0.0614014
-0.0649109
-0.113174
-0.166306
-0.243332
-0.294861
-0.453476
-0.698227
-0.948868
-0.975632
-0.753036
-0.715149
-0.519043
-0.403214
0.43338
0.0351868
0.117828
0.396622
0.447433
0.522247
0.510422
0.512863
0.445007
0.408478
0.393097
0.247559
0.0385742
-0.206512
-0.574371
-0.96521
-1.0518
-1.07997
-0.675171
-0.37326
-0.157135
-0.184738
-0.0225677
-0.381241
-0.312653
-0.470016
-0.433334
-0.29126
-0.0310669

[12]
-0.0839691
0.0131073
0.0914764
-0.0120544
-0.0684052
-0.0449677
-0.0146942
0.0217133
0.0080719
0.00785828
-0.0090332
-0.0135651
0.0108185
0.0219727
0.0310669
0.00253296
-0.017395
0.00805664
0.0105286
-0.00314331
-0.056366
-0.0249329
-0.0376892
-0.0668488
-0.097229
-0.130524
-0.22435
-0.29982
-0.559158
-0.879257
-1.05032
-0.876541
-0.935608
-0.674011
-0.393478
-0.192108
0.557327
0.334747
0.270233
0.487549
0.565903
0.556946
0.543427
0.49617
0.485489
0.437256
0.339935
0.147537
-0.132187
-0.442963

[13]
-0.708618
-0.847641
-0.886932
-0.810791
-0.71257
-0.419189
-0.240082
-0.291061
-0.0831299
0.0443268
-0.280212
-0.285797
-0.637512
-0.27475
-0.156052
-0.117981
-0.106125
0.0568542
0.0693054
-0.0853577
-0.0447235
0.013916
0.0575409
-0.0165558
-0.0564728
-0.029953
0.00306702
0.0316772
0.00794983
-0.0146027
0.00442505
0.00811768
-0.00364685
0.00828552
-0.00794983
-0.0262451
-0.0573273
-0.0524597
-0.0870209
-0.13736
-0.140686
-0.138336
-0.19725
-0.298859
-0.466461
-0.762054
-1.04398
-0.841064
-0.80304
-0.650269

[14]
-0.606277
-0.179214
0.614746
0.200699
0.144058
0.389999
0.482483
0.498703
0.466599
0.463837
0.39978
0.417419
0.341568
0.126404
-0.0706177
-0.312073
-0.574997
-0.833771
-0.924469
-0.813034
-0.605927
-0.46077
-0.27063
-0.0397491
-0.263153
0.0333862
-0.3405
-0.276093
-0.537949
-0.182968
-0.131241
-0.0724792
-0.138519
-0.128326
-0.00393677
-0.0905914
-0.0763245
0.016571
0.0440979
-0.0085907
-0.0407104
-0.0417328
0.00115967
0.0332489
0.00811768
0.00346375
-0.0132599
0.0136414
-0.0192719
-0.0240021

[15]
-0.0324097
-0.0527802
-0.0392456
-0.0406647
-0.0834503
-0.0996246
-0.134598
-0.141602
-0.221741
-0.283508
-0.514343
-0.88884
-1.10002
-0.812485
-0.779663
-0.618622
-0.633728
-0.034729
0.515625
0.228928
0.168961
0.393814
0.48645
0.506165
0.480438
0.441177
0.375534
0.363129
0.346313
0.16301
-0.0592346
-0.291153
-0.626541
-0.930557
-1.06071
-1.05316
-0.748184
-0.442932
-0.401474
-0.095993
-0.085495
-0.26358
-0.392029
-0.393967
-0.251205
-0.0326996
-0.123428
-0.150986
0.0476379
-0.0376282

[16]
-0.0518188
-0.016037
0.0324249
0.0340881
0.0101776
-0.0234833
-0.0298004
0.00604248
0.0227661
-0.00161743
-0.00520325
-0.0164795
-0.0144043
-0.00183105
-0.0182648
-0.037323
-0.0435181
-0.0598297
-0.0731964
-0.131638
-0.140503
-0.18306
-0.241745
-0.327469
-0.540619
-0.884232
-0.995819
-0.851059
-0.941299
-0.697662
-0.619308
-0.158936
0.497055
0.372391
0.19841
0.436569
0.550552
0.551743
0.478867
0.427048
0.374191
0.362946
0.28891
0.101822
-0.193909
-0.508682
-0.879578
-1.03992
-1.05554
-0.691437

[17]
-0.563812
-0.417526
-0.189346
-0.158173
-0.20929
-0.521744
-0.233261
-0.605164
-0.0971832
-0.137344
0.0436249
-0.144928
-0.12294
-0.00682068
-0.0746002
-0.0709229
-0.0298309
0.0326233
0.0423889
-0.00828552
-0.0500946
-0.0183563
0.0349579
0.0362549
0.0158997
-0.0136261
-0.0161438
-0.0128479
0.00914001
1.52588e-05
-0.035614
-0.0486145
-0.0761261
-0.0841217
-0.11142
-0.181717
-0.0798492
-0.195465
-0.346115
-0.536224
-0.794769
-1.0148
-0.847076
-0.86853
-0.697525
-0.569122
-0.146973
0.55954
0.190689
0.00450134

[18]
0.373917
0.542587
0.548798
0.503235
0.467773
0.402679
0.403427
0.292389
0.105225
-0.167847
-0.546219
-0.940414
-1.04614
-1.03557
-0.726456
-0.566544
-0.415146
-0.0406494
-0.537872
0.129944
-0.282425
-0.251129
-0.275864
-0.541855
0.00140381
-0.0915985
-0.053894
-0.144394
-0.00991821
-0.00880432
-0.067749
-0.0687103
-0.0160217
0.0140839
0.0107117
-0.0116425
-0.0161285
0.0205536
0.0229187
0.0342102
0.0149536
-0.012619
-0.0131073
-0.00379944
0.0232544
-0.00210571
-0.0435486
-0.0641174
-0.0289459
-0.042099

[19]
-0.0744324
-0.108887
-0.140244
-0.169968
-0.222809
-0.344543
-0.51297
-0.780075
-0.997681
-0.778854
-0.765396
-0.595108
-0.515274
-0.0941772
0.60202
0.293427
0.218384
0.450897
0.535553
0.546539
0.528809
0.483078
0.430283
0.424332
0.274277
0.0956573
-0.148483
-0.479248
-0.799667
-0.999557
-1.04771
-0.799179
-0.667648
-0.406494
-0.00186157
-0.170334
-0.0692444
-0.412018
-0.25322
-0.593475
-0.0777435
-0.126602
-0.113312
-0.136444
-0.0246429
0.0495758
-0.095108
-0.062973
-0.00234985
0.0368195

[20]
0.0154724
-0.0563049
-0.0291138
-0.0032959
0.0342865
0.0105591
0.00486755
0.00637817
-0.00511169
-0.0305939
-0.0114136
-0.00604248
-0.0106659
-0.0398712
-0.0835114
-0.0947723
-0.109024
-0.0866394
-0.121246
-0.196899
-0.219803
-0.363449
-0.642227
-0.873245
-0.939255
-0.797775
-0.734772
-0.55249
-0.418213
0.261841
0.133118
0.227676
0.361603
0.460556
0.536118
0.529648
0.473541
0.417938
0.33609
0.349731
0.204742
-0.019989
-0.273285
-0.600723
-0.903122
-1.05513
-1.03505
-0.683731
-0.502747
-0.250565

[21]
-0.0596619
-0.15947
-0.480652
-0.348465
-0.362747
-0.33139
-0.161697
0.0554047
-0.111206
-0.0276031
0.0560455
-0.0606384
-0.0762939
-0.000991821
-0.0045166
0.0182648
0.00436401
-0.0603027
-0.0358429
0.0189819
0.020874
0.0239258
0.000930786
0.000289917
0.00497437
0.00291443
-0.00570679
-0.0497131
-0.0528259
-0.0557098
-0.0554352
-0.0753021
-0.096817
-0.109421
-0.203445
-0.284668
-0.513947
-0.732071
-1.08482
-1.09671
-0.814148
-0.645248
-0.478104
-0.183258
0.745392
0.296463
0.231842
0.495529
0.583527
0.55368

[22]
0.510086
0.448685
0.431778
0.418121
0.308945
0.129684
-0.146652
-0.481323
-0.749237
-1.04317
-1.07024
-0.712769
-0.531372
-0.33197
-0.140594
-0.302612
-0.140106
-0.349213
-0.170715
-0.476639
-0.188507
-0.0511475
-0.100296
-0.0552673
0.0139923
-0.0695648
-0.110886
-0.0632477
0.00712585
0.0121918
-0.00158691
-0.034729
0.00209045
0.0460205
0.0441742
0.0252228
0.011261
0.0186462
-0.012558
-0.034256
-0.00315857
-0.026123
-0.0518951
-0.0721588
-0.0483093
-0.0664368
-0.11879
-0.127792
-0.168533
-0.284851

[23]
-0.435516
-0.628693
-0.791275
-0.854385
-0.772629
-0.740067
-0.530945
-0.462463
0.0309296
0.411652
0.40271
0.25206
0.42511
0.540344
0.577606
0.549576
0.482742
0.429245
0.385818
0.268356
0.0509949
-0.209915
-0.530685
-0.854324
-1.05305
-1.08339
-0.764786
-0.549072
-0.335281
0.0790558
-0.263321
-0.00843811
-0.0411072
-0.488007
-0.434021
-0.421448
-0.205856
-0.120621
-0.056839
-0.0158539
0.062439
-4.57764e-05
-0.0685883
-0.0228577
-0.00259399
-0.00511169
-0.0344696
-0.0513306
-0.0168457
0.0124054

[24]
-0.00233459
0.00280762
0.0187988
0.0202332
0.0125732
-0.00445557
-0.00260925
-0.0158234
-0.0233765
-0.0531464
-0.0503387
-0.0810852
-0.0899048
-0.104034
-0.166229
-0.188263
-0.226227
-0.330093
-0.577026
-0.838074
-0.957581
-0.876343
-0.853256
-0.544189
-0.495407
0.267227
0.237534
0.314194
0.416916
0.501617
0.594467
0.582199
0.545822
0.485764
0.417892
0.390976
0.224503
0.00221252
-0.217178
-0.560776
-0.90181
-1.04364
-1.07018
-0.691711
-0.431396
-0.207062
-0.253494
-0.0791473
-0.0851135
-0.441391

[25]
-0.24527
-0.300278
-0.349548
-0.107956
-0.109024
-0.141571
-0.0367432
-0.000900269
-0.0169067
-0.0659637
-0.0502777
-0.0149994
0.0266571
-0.0144348
-0.047226
-0.0355377
0.00584412
0.0382538
0.0444489
0.00088501
0.00367737
0.0163879
-0.00883484
-0.00289917
0.00775146
-0.00628662
-0.0245209
-0.0449524
-0.0349579
-0.0504913
-0.069046
-0.0728302
-0.196716
-0.299088
-0.369019
-0.559021
-0.76619
-1.00117
-0.786972
-0.736908
-0.609634
-0.45665
-0.242691
0.748688
0.299057
0.144531
0.464172
0.54718
0.554825
0.554443

[26]
0.527496
0.468582
0.429337
0.32045
0.0203857
-0.192139
-0.394897
-0.886902
-0.83168
-0.765732
-0.675262
-0.597763
-0.420471
-0.135483
-0.309158
-0.0187988
-0.295639
-0.170212
-0.356628
-0.448929
-0.123672
-0.141846
-0.0827484
-0.0332947
0.0213776
-0.017334
-0.0865021
-0.0324554
0.00636292
0.00828552
0.0192108
-0.0122375
-0.00273132
0.0149384
0.0242462
-0.00527954
0.00712585
-0.00561523
-0.00942993
-0.0101471
0.00794983
-0.0147095
-0.0371552
-0.0375671
-0.0311584
-0.0579834
-0.065567
-0.0892181
-0.218216
-0.264664

[27]
-0.397293
-0.647614
-0.833481
-0.99173
-0.814087
-0.740646
-0.586731
-0.400085
-0.140213
0.444016
0.380676
0.183624
0.376114
0.512024
0.527054
0.553848
0.514267
0.474228
0.446808
0.314667
0.125931
-0.124252
-0.426819
-0.759644
-1.03645
-1.06384
-0.783066
-0.59584
-0.351242
-0.079361
-0.205353
-0.0460358
-0.642365
-0.336197
-0.673309
-0.163589
-0.0867004
-0.00517273
-0.102341
0.0148773
0.00888062
-0.105942
-0.0423889
0.0220795
0.0345154
-0.036438
-0.0220795
0.013504
0.00178528
0.0127258

[28]
0.00709534
0.00653076
-0.00227356
-0.0216675
-0.00325012
0.00326538
-0.00453186
-0.0141144
-0.0503387
-0.0374756
-0.0688477
-0.0991058
-0.10965
-0.108017
-0.119614
-0.175949
-0.345535
-0.580307
-0.804092
-0.900696
-0.649109
-0.819977
-0.660416
-0.577393
-0.191803
0.467056
0.115448
0.161652
0.317566
0.450577
0.510666
0.541656
0.488617
0.414948
0.347122
0.283203
0.166168
-0.0856476
-0.395233
-0.751312
-0.947388
-1.06889
-1.00084
-0.663635
-0.318039
-0.174561
-0.123596
0.144531
-0.194443
-0.200684

[29]
-0.310776
-0.650009
-0.171951
-0.202667
-0.108658
-0.0444489
0.0481567
-0.00714111
-0.121521
-0.0422363
0.0043335
0.0160522
-0.00340271
-0.00842285
-0.0117645
0.00419617
0.0304565
0.0249939
0.0132141
-0.0113068
-0.0178833
0.00738525
0.0178375
0.0101013
0.0114441
-0.0100403
-0.0512085
-0.0885162
-0.0966034
-0.111053
-0.188828
-0.196915
-0.269135
-0.321762
-0.519867
-0.74469
-0.930695
-0.827805
-1.01115
-0.753403
-0.736404
-0.0102844
0.368317
0.256256
0.287949
0.481766
0.531555
0.568298
0.511536
0.449829

[30]
0.385834
0.365036
0.289474
0.0901031
-0.125137
-0.366074
-0.697556
-1.037
-1.07396
-0.897934
-0.639359
-0.446045
-0.225616
-0.097168
-0.27272
-0.0071106
-0.222229
-0.314377
-0.615799
-0.127563
0.0256805
-0.373886
-0.0956116
-0.154114
-0.0469666
-0.0606232
-0.0550995
0.0334625
0.0402679
0.0366974
0.0193329
-0.00679016
-0.00514221
0.0194092
0.0140686
0.00119019
-0.020401
-0.00846863
0.00822449
-0.0058136
-0.0410309
-0.0392456
-0.0459747
-0.0444489
-0.0758057
-0.107864
-0.135269
-0.232941
-0.292969
-0.369843

[31]
-0.623703
-0.964798
-1.09566
-0.891632
-0.878952
-0.568207
-0.521667
0.146454
0.148087
0.189194
0.397369
0.457031
0.560028
0.537048
0.516769
0.472229
0.397903
0.381744
0.240158
0.0139313
-0.241653
-0.585236
-0.913696
-1.05501
-1.00269
-0.716293
-0.533142
-0.345383
-0.0218658
-0.216385
0.0370789
-0.137009
-0.292923
-0.384766
-0.695587
-0.230804
-0.120163
-0.0588226
-0.0638123
-0.00531006
-0.00541687
-0.052948
-0.0560455
-0.00440979
0.0296783
0.0213928
0.0267029
0.02388
0.0654144
0.0203552

[32]
-0.0312653
-0.0308228
-0.0128326
-0.0318756
-0.0151367
-0.0027771
-0.030777
-0.0379944
-0.0547485
-0.0569153
-0.0632324
-0.104553
-0.111679
-0.158035
-0.257217
-0.307114
-0.413239
-0.661789
-0.918304
-0.78334
-0.835114
-0.712006
-0.568527
-0.341599
0.559921
0.0842743
0.0854645
0.40802
0.449142
0.510071
0.514023
0.485489
0.396469
0.432159
0.321381
0.120056
-0.124008
-0.435913
-0.738754
-1.00667
-1.06761
-0.961334
-0.829742
-0.5811
-0.304718
0.0174255
-0.175415
-0.0670624
-0.185333
-0.359528

[33]
-0.693634
-0.283249
-0.148499
-0.160507
-0.134125
0.0268707
-0.00201416
-0.0859222
-0.0619812
0.0220184
0.0236053
0.0151367
0.011795
0.0304871
0.0152283
0.0171051
0.0392456
0.00231934
-0.0072937
-0.0195923
-0.0197601
0.00276184
-0.0150604
-0.0273132
-0.04245
-0.0615692
-0.0779114
-0.0744171
-0.132751
-0.15802
-0.239349
-0.31958
-0.519821
-0.765274
-0.963577
-0.764297
-0.795547
-0.618744
-0.475571
-0.289688
0.6091
0.195633
0.0856781
0.453827
0.509033
0.524857
0.497391
0.500946
0.427246
0.423874

[34]
0.32225
0.109665
-0.101456
-0.364883
-0.680252
-0.952499
-1.02184
-0.794495
-0.554031
-0.398026
-0.197388
-0.268539
-0.0733032
-0.358551
-0.363937
-0.485184
-0.376709
-0.12558
-0.0956726
0.0284729
-0.0456238
0.000778198
0.0272217
-0.0363312
-0.0417175
0.00576782
-0.00764465
-0.00688171
-0.00878906
-0.0383301
0.000274658
-0.00549316
0.0291901
0.0092926
-0.00196838
0.0109711
-0.033371
0.026413
-0.0157013
-0.0345306
0.00880432
-0.045105
-0.0953522
-0.111069
-0.13974
-0.153168
-0.185471
-0.290497
-0.385315
-0.594894

[35]
-0.898239
-0.832733
-0.956436
-0.895767
-0.495789
-0.34964
0.301849
0.242218
0.322769
0.375732
0.501663
0.602341
0.570816
0.520462
0.462448
0.46315
0.44516
0.32019
0.102463
-0.122009
-0.444229
-0.849045
-1.04993
-1.0802
-0.699631
-0.52417
-0.457626
-0.0876007
-0.170822
-0.566742
-0.212112
-0.38736
-0.237
-0.129776
0.0251007
-0.118973
-0.117722
-0.0694122
-0.111649
-0.0379639
-0.0263519
0.0276794
0.0218506
-0.00390625
-0.0270081
0.000930786
0.0350952
0.0411987
-0.00439453
-0.0193024

[36]
-0.00440979
-0.0114899
-0.0296478
-0.0405884
-0.0433044
-0.0656128
-0.0711823
-0.12001
-0.193298
-0.192535
-0.253372
-0.351913
-0.464096
-0.728043
-1.08609
-0.94104
-0.940384
-0.689575
-0.639603
-0.139893
0.696655
0.306442
0.204712
0.499084
0.578644
0.558945
0.526047
0.473083
0.414108
0.379288
0.219574
0.0144196
-0.259094
-0.54129
-0.83223
-1.01031
-0.981796
-0.828522
-0.765213
-0.51973
-0.275818
-0.0634155
-0.195084
0.105698
0.00785828
-0.195587
-0.364136
-0.73732
-0.480453
-0.21199

