[1]
0.23613
0.17955
-0.0404358
-0.337585
-1.10681
-1.76447
-2.04286
-2.30807
-2.10684
-0.500244
1.78427
-0.852051
0.120636
-0.497498
-0.52446
-0.254562
-0.208466
0.272507
0.195145
0.364059
0.199509
0.0964508
0.222794
0.239288
0.228348
0.0761108
0.0812531
0.165314
0.147903
0.156921
0.170761
0.168777
0.170944
0.244522
0.277313
0.360306
0.40506
0.457779
0.456131
0.70607
1.6779
1.10164
1.59315
0.91478
1.04689
0.0114594
-0.565109
0.446106
1.02866
1.17616

[2]
0.986603
0.610443
0.397018
0.354507
0.350388
0.192627
0.237808
0.0594788
-0.226089
-0.929474
-1.554
-1.83028
-2.18317
-2.42041
-1.94847
1.66402
0.546799
-0.947189
-0.451538
-0.745651
-0.359573
-0.371979
-0.179001
0.0979004
0.104294
0.144775
0.13739
0.059021
0.0274353
0.117401
0.0332794
0.0388336
0.0038147
0.0954132
0.0874939
0.0921478
0.0723724
0.0452118
0.170868
0.164215
0.268265
0.325119
0.415649
0.313568
0.582367
1.78958
1.06871
1.25002
0.883026
1.0298

[3]
-0.10643
-0.551651
0.604431
1.13794
1.07704
0.941315
0.619217
0.369568
0.336884
0.281891
0.273438
0.27504
-0.170776
-0.397415
-0.846619
-1.72388
-2.24809
-2.5022
-2.50035
-1.55415
1.58412
-0.340759
-0.596878
-0.466415
-1.0097
-0.516113
-0.344635
0.121857
0.00379944
0.0877533
-0.0729828
0.0264893
0.0659027
0.165436
-0.0410156
-0.0558014
-0.0297699
-0.0320129
0.00187683
0.0124664
0.0553894
0.0592651
0.0904083
0.178909
0.218811
0.252731
0.296265
0.390518
0.376877
1.23779

[4]
1.86246
0.932617
1.04549
1.13541
-0.146973
-0.543945
0.264923
0.831238
0.966553
0.904297
0.727798
0.467514
0.327423
0.237473
0.192245
0.131119
-0.206818
-0.506149
-0.899841
-1.85292
-2.39751
-2.52791
-2.52716
-1.92905
1.55974
0.0615845
-1.0657
-0.285294
-0.854767
-0.550766
-0.42514
-0.143082
0.0759583
0.0107117
-0.0513611
-0.0935669
0.0739136
0.0961761
0.11496
-0.0050354
-0.045578
-0.00297546
-0.0517426
-0.0408173
-0.0106964
0.0658722
0.0615692
0.147949
0.213058
0.212006

[5]
0.290344
0.36174
0.322464
1.08087
1.97707
1.17474
1.04791
1.14226
0.179779
-0.631058
0.436157
0.884766
0.886978
0.781296
0.637192
0.422943
0.277817
0.211563
0.207138
0.123672
-0.235123
-0.660095
-1.02875
-2.04985
-2.42375
-2.56262
-2.54948
-1.17551
0.367752
1.5584
-0.594238
-0.840652
-0.411179
-1.0174
-0.47197
-0.158844
-0.00837708
-0.123184
0.07901
-0.0138245
-0.0740509
0.0177917
0.063446
0.0592041
-0.00370789
-0.0756531
-0.0292358
0.00863647
-0.0177765
0.022583

[6]
-0.000717163
0.213806
0.144562
0.169891
0.234329
0.269089
0.408173
0.465546
1.44528
1.81291
0.858719
0.957993
0.876877
-0.269272
-0.601578
0.658707
0.985504
0.884567
0.818268
0.558029
0.353271
0.289536
0.16037
0.0919189
-0.0757751
-0.396896
-0.991577
-1.50255
-2.2887
-2.54982
-2.5629
-2.5383
-0.845444
1.54749
-0.0502014
-0.69545
-0.428848
-0.926392
-0.510269
-0.536224
-0.250641
0.0285034
0.0762177
-0.00108337
-0.105072
-0.111023
-0.0277405
0.0591278
0.0148621
-0.00541687

[7]
0.0197449
-0.0124817
-0.0329895
-0.00120544
0.00166321
0.0293121
0.158432
0.12059
0.190094
0.241684
0.29129
0.294037
0.857559
2.03737
0.987732
0.866531
1.06035
0.754303
-0.337341
-0.109879
0.692276
0.928314
0.944031
0.801941
0.503845
0.324768
0.203522
0.15538
0.131256
-0.0979462
-0.423615
-0.865753
-1.56207
-2.29901
-2.55814
-2.5618
-1.77034
0.461136
1.53506
-0.858887
-0.394592
-0.75885
-0.802979
-0.603958
-0.344528
0.0626221
-0.0470428
0.0220947
-0.0657043
-0.107498

[8]
0.0149536
0.13176
0.00907898
-0.121964
-0.092514
-0.0761261
-0.0389709
-0.000289917
-0.00735474
-0.0277557
0.0429535
0.120026
0.140991
0.156555
0.264297
0.250793
0.318283
0.705429
1.87454
0.972382
1.08473
0.801041
0.768524
-0.32074
-0.0101776
0.750671
0.958588
0.835266
0.69133
0.468597
0.326447
0.213669
0.147705
0.179428
0.0912323
-0.33371
-0.616409
-1.3029
-2.22842
-2.5732
-2.59305
-2.50922
-0.256592
1.51552
0.16629
-0.727005
-0.462814
-0.9646
-0.613785
-0.438416

[9]
-0.162094
-0.0597382
-0.0561676
-0.0460052
-0.127731
-0.0520477
0.0701904
0.0400848
-0.0775299
-0.0769806
-0.0836334
-0.0359955
-0.0680847
-0.0496979
-0.0260773
-0.0516968
-0.0312195
0.0903625
0.150986
0.165115
0.163071
0.249191
0.336472
1.28688
1.80295
1.11186
0.661865
1.14398
0.145355
-0.105072
-0.0762939
0.591019
0.840378
0.81366
0.665756
0.476273
0.313721
0.177826
0.122894
0.0903473
-0.0497131
-0.447357
-0.853928
-1.61711
-2.42784
-2.57126
-2.57275
-2.05751
0.0443726
1.55165

[10]
0.983627
-0.946396
-0.524902
-0.547531
-1.13921
-0.217545
-0.274506
-0.0670319
-0.069519
-0.105515
-0.150925
-0.145523
0.00427246
0.0197449
0.053894
0.0373383
0.00958252
-0.0394897
-0.010025
-0.0563049
-0.0697327
-0.00421143
0.055481
0.126999
0.187378
0.181641
0.219482
0.297852
0.336807
1.3698
1.6824
0.847229
0.845718
1.29018
0.0662537
-0.339233
-0.0662384
0.748047
0.966721
0.960449
0.677689
0.380951
0.207306
0.1763
0.147659
0.148468
0.00846863
-0.38324
-0.876221
-1.66287

[11]
-2.4782
-2.54614
-2.54774
-2.03456
-0.030014
1.55788
-0.837234
-0.599564
-0.634308
-0.976044
-0.216446
-0.268982
0.106934
-0.0837555
-0.0391235
-0.169174
-0.0648041
0.0465851
0.144608
0.0407867
0.0167847
0.00262451
-0.0616302
-0.0708618
-0.0614471
0.01651
0.0422516
0.0435486
0.16983
0.200653
0.235336
0.308792
0.277496
0.374161
2.08971
1.70618
0.764465
0.85498
1.07135
-0.657364
-0.5009
0.512833
0.913681
0.894821
0.803085
0.629013
0.449249
0.284622
0.147202
0.182327

[12]
0.0567474
-0.220016
-0.506775
-0.91333
-1.86627
-2.23949
-2.55151
-2.54034
-1.36253
1.53943
0.289917
-0.899994
-0.406311
-0.751282
-0.577286
-0.25412
-0.355392
0.0138092
-0.0921478
0.00514221
0.0306396
-0.00267029
0.0706024
0.0656128
-0.0716858
-0.0113983
-0.0383148
-0.0247498
-0.0229187
-0.00273132
0.009552
-0.0261841
0.0988922
0.132523
0.169586
0.218597
0.275146
0.2883
0.461884
2.04932
1.60893
0.845032
0.618347
0.883118
-0.447662
-0.499329
0.505386
0.895767
0.906799
0.776688

[13]
0.606155
0.434509
0.325958
0.190247
0.228134
0.0820618
-0.350342
-0.473846
-0.809677
-1.60979
-2.12808
-2.5274
-2.52568
-1.24417
0.462845
1.57512
-0.299438
-0.709885
-0.545578
-0.947174
-0.295013
-0.203705
-0.00244141
-0.136642
-0.0718384
0.0184631
0.0365906
0.0875549
0.0173035
-0.0351562
-0.0164795
-0.032608
-0.00753784
-0.00970459
-0.0169678
-0.00447083
-0.00811768
0.0915527
0.137115
0.198196
0.183609
0.301987
0.359741
0.443039
1.57323
1.76662
0.844742
0.598984
0.863525
-0.41507

[14]
-0.246185
0.484451
0.828629
0.841522
0.7939
0.62149
0.511642
0.333618
0.253754
0.27655
0.159561
-0.274277
-0.547684
-1.01019
-1.91199
-2.47231
-2.51373
-2.50691
-1.31339
1.57253
-0.201569
-0.653992
-0.218338
-0.796951
-0.694031
-0.330933
-0.249252
-0.0231018
0.0234375
-0.00839233
-0.00228882
-0.0364075
0.0691528
0.0807648
-0.0346527
-0.0709839
-0.0374298
-0.0227966
0.00012207
0.00949097
-0.00462341
0.0502472
0.0623322
0.200211
0.171219
0.177704
0.281342
0.264435
0.328003
1.83215

[15]
1.73582
1.04222
0.727661
0.891708
-0.0784454
-0.384476
0.257538
0.762054
0.867966
0.83905
0.691299
0.480774
0.344391
0.222855
0.221191
0.0949097
-0.172302
-0.581039
-0.98587
-1.95203
-2.42992
-2.51154
-2.49995
-1.46834
1.06892
1.07722
-1.05205
-0.597977
-0.880737
-0.655334
-0.429123
-0.0686798
-0.12085
-0.0256958
-0.0570068
-0.0370026
0.0848541
0.174515
-0.00456238
-0.075119
-0.0570984
-0.00990295
-0.0295258
0.00898743
-0.0093689
0.00152588
0.0965118
0.133392
0.130951
0.159439

[16]
0.211761
0.298996
0.235031
0.805862
2.10254
1.1436
0.763855
1.0206
1.03087
-0.389847
-0.598068
0.520187
0.884659
0.929626
0.818939
0.613586
0.364014
0.215378
0.171753
0.082901
-0.101746
-0.357193
-0.770035
-1.20668
-2.25494
-2.50223
-2.51695
-2.49471
-1.11113
1.58287
-0.626083
-0.459183
-0.333313
-0.886902
-0.454163
-0.351135
-0.0558319
-0.0179443
0.101089
-0.0441742
-0.0985107
0.0262909
0.0974426
0.0167542
-0.0823822
-0.0376434
0.00570679
-0.0165405
-0.0170593
0.0237274

[17]
0.0775909
0.092926
0.174286
0.193665
0.226028
0.338318
0.324081
0.289352
1.32823
2.06383
0.771301
0.785538
0.829346
-0.171112
-0.489792
0.286118
0.862762
0.909241
0.825485
0.710251
0.476364
0.358521
0.275574
0.23172
0.224701
-0.166138
-0.399597
-0.836624
-1.58035
-2.34651
-2.53067
-2.53305
-1.69875
-0.16832
1.56755
-0.289993
-0.683441
-0.497177
-1.02686
-0.515915
-0.280807
0.0621643
-0.120529
-0.0565338
-0.085083
-0.0906067
0.0677185
0.125885
0.0336761
0.00196838

[18]
-0.00950623
-0.0731659
-0.0447845
0.00688171
0.0266571
0.0300446
0.0323639
0.2005
0.142685
0.179596
0.216675
0.269501
0.267548
0.944931
2.19067
1.20941
0.523804
1.21252
0.638977
-0.157928
0.10231
0.830475
0.944244
0.825272
0.665619
0.431351
0.362045
0.253036
0.209549
0.28421
0.126282
-0.208771
-0.614929
-1.24608
-2.09438
-2.56125
-2.57883
-1.81125
0.856522
1.04594
-0.574219
-0.632874
-0.573334
-0.830292
-0.512711
-0.15654
-0.101654
-0.112366
0.0292358
-0.0573578

[19]
-0.0243988
-0.0528259
0.00793457
0.00172424
-0.0354919
-0.0904999
-0.109421
0.00302124
0.00880432
0.00267029
0.0133514
0.0117188
0.0935669
0.103378
0.148087
0.239899
0.332382
0.307617
0.398712
1.53673
1.68245
1.0518
0.870544
0.89418
-0.310745
-0.653152
0.522614
0.982254
0.937012
0.834457
0.581268
0.361526
0.311569
0.245697
0.207275
0.0601349
-0.266525
-0.652969
-1.21007
-2.13753
-2.51982
-2.54385
-2.52904
-1.79395
1.56195
1.00885
-1.29071
-0.183533
-1.04996
-0.684265

[20]
-0.384781
-0.15834
-0.054718
0.123001
-0.0419922
-0.206329
0.0279846
0.0283661
0.0463562
-0.05867
-0.0340576
-0.0415497
-0.0843811
-0.0632477
0.0309143
0.044281
0.0816193
0.0863953
0.122238
0.159958
0.248077
0.26236
0.234131
0.82576
1.67024
1.04588
1.08533
0.928955
0.941254
-0.339584
0.0588837
0.825195
1.0144
0.849182
0.741272
0.375427
0.290848
0.294449
0.277283
0.24704
-0.195633
-0.459076
-1.04523
-1.77281
-2.38744
-2.54456
-2.54576
-2.22879
0.502869
0.900986

[21]
-1.09874
-0.671921
-0.693054
-0.528076
-0.476379
-0.117157
-0.0166321
0.0357361
-0.0237732
-0.0993652
-0.00688171
0.050705
0.010849
-0.00195312
-0.0375214
-0.0130768
-0.0707855
-0.046402
-0.0140076
0.0423584
-0.0162659
0.091507
0.175049
0.208649
0.27182
0.328262
0.241089
0.650955
1.83212
1.19913
1.34221
0.967789
0.71817
-0.495361
0.214264
0.873535
1.03265
0.80864
0.6492
0.395554
0.236816
0.14978
0.0535278
-0.0278473
-0.286591
-0.596725
-1.1631
-1.87349
-2.17941
-2.17448

[22]
-2.52777
-1.91954
-1.30258
1.58316
0.0120697
-0.985031
-0.303329
-0.951584
-0.446747
-0.31871
-0.0588684
-0.0530701
0.0876007
0.0353699
-0.0243683
0.0234375
0.0444946
0.0519867
-0.0661621
-0.072937
-0.0308228
-0.00315857
0.0395813
0.00958252
0.053299
0.0958557
0.141937
0.196625
0.20459
0.35614
0.339111
0.746506
1.92516
1.07382
1.15602
0.858566
0.68277
-0.45105
0.41951
1.0325
1.05853
0.802383
0.657639
0.419312
0.311966
0.297104
0.260544
0.239044
-0.193481
-0.328308

[23]
-0.861801
-1.68665
-2.34805
-2.54219
-2.54967
-2.2515
-1.21625
1.56657
-0.917984
-0.50795
-0.890381
-0.794647
-0.478256
-0.175934
0.0394135
-0.0490417
0.127228
-0.0348358
0.0241852
0.0160522
0.0884399
0.0191193
-0.125992
-0.0684814
0.0131836
-0.0287323
0.0195007
0.050354
0.091156
0.127213
0.143921
0.218277
0.341705
0.338684
0.324966
1.20467
1.72635
1.04781
0.882217
1.02351
0.13797
-0.584915
0.300644
0.824158
0.946472
0.8638
0.662598
0.37999
0.283661
0.240555

[24]
0.230057
0.19986
-0.0930023
-0.311554
-0.763947
-1.69362
-2.33275
-2.53358
-2.53853
-2.16582
0.224472
1.55203
-1.39072
-0.640015
-0.64624
-0.506897
-0.295685
-0.178894
0.0264893
-0.0329132
-0.0721436
-0.124985
-0.0226288
-0.0412903
0.00576782
-0.0661011
-0.0113678
0.0266418
-0.0399933
-0.0327911
-0.0220642
0.0188751
0.0963593
0.082901
0.194702
0.161697
0.27652
0.30127
0.308899
1.06702
1.84106
0.895248
0.947723
1.07538
0.423706
-0.493759
0.248444
0.868729
0.990234
0.856461

[25]
0.638809
0.353851
0.226837
0.166336
0.106277
0.0216827
-0.212097
-0.518585
-1.03674
-1.7682
-2.18623
-2.55049
-2.54823
-1.89294
-0.681702
1.56236
0.356262
-1.0862
-0.672516
-0.598602
-0.450439
-0.359512
-0.203278
-0.0599976
-0.0164337
0.0549927
-0.00364685
0.030426
0.010025
-0.0549622
-0.0223083
-0.0434418
-0.0230255
-0.0740204
-0.00532532
-0.0401306
0.0250244
0.0708923
0.0706024
0.146988
0.190277
0.298874
0.347244
0.437988
1.4454
1.57727
1.21336
0.93515
1.06479
-0.367172

