[0]
-1
-0.184448
-0.175125
-0.0595093
0.079834
0.152786
0.261353
0.387161
0.428497
0.369461
0.315735
0.37381
0.487045
0.483658
0.478012
0.479187
0.521881
0.566177
0.554245
0.530914
0.456573
0.367935
0.261581
0.172501
0.0710297
0.030838
0.00286865
-0.0986633
-0.15451
-0.224152
-0.268677
-0.352646
-0.46933
-0.475525
-0.429337
-0.415634
-0.481125
-0.554642
-0.577652
-0.556381
-0.548615
-0.561783
-0.547958
-0.490234
-0.414062
-0.41777
-0.427216
-0.43103
-0.356674
-0.289856

[1]
-0.194107
-0.112488
-0.0198212
0.0271149
0.0496063
0.0535583
0.0396271
0.0606842
0.146667
0.318115
0.494705
0.573792
0.575821
0.518845
0.47525
0.478973
0.474442
0.448166
0.463852
0.504944
0.550278
0.62825
0.630081
0.620255
0.597443
0.511108
0.462799
0.37117
0.277573
0.15683
0.0606995
-0.0343781
-0.110977
-0.115707
-0.155624
-0.264481
-0.456131
-0.531525
-0.543716
-0.545914
-0.606079
-0.661957
-0.644577
-0.586655
-0.60347
-0.578033
-0.551239
-0.496887
-0.477051
-0.451324

[2]
-0.428131
-0.384628
-0.367462
-0.302094
-0.196793
-0.114441
-0.062973
-0.0527802
-0.0211487
-0.0578766
-0.0740967
0.060379
0.208038
0.280685
0.411133
0.529861
0.544388
0.437042
0.400314
0.433289
0.488831
0.475418
0.515625
0.533203
0.562332
0.560577
0.499084
0.411209
0.394119
0.372314
0.339844
0.221237
0.143829
0.0809479
-0.0142975
-0.16539
-0.134125
-0.211655
-0.373474
-0.472885
-0.539612
-0.551315
-0.579208
-0.65332
-0.686035
-0.649277
-0.598755
-0.571228
-0.580719
-0.612518

[3]
-0.552094
-0.501083
-0.466385
-0.46727
-0.411179
-0.322891
-0.266739
-0.230011
-0.159088
-0.0327454
0.0662537
0.00460815
0.0195923
0.109222
0.213928
0.402939
0.614441
0.631882
0.524078
0.529053
0.554901
0.534317
0.505875
0.486481
0.475647
0.459854
0.459244
0.466293
0.448944
0.416534
0.418259
0.351151
0.271866
0.184402
0.0888977
0.0435486
-0.0190582
-0.121246
-0.235306
-0.304184
-0.080658
-0.261292
-0.384109
-0.536011
-0.580276
-0.58429
-0.53656
-0.530167
-0.53421
-0.553207

[4]
-0.552322
-0.49881
-0.456528
-0.397247
-0.369797
-0.374542
-0.377625
-0.368332
-0.328339
-0.282928
-0.221527
-0.162323
-0.104584
-0.0529175
-0.00187683
0.029541
0.0147247
0.0427246
0.148651
0.283951
0.2957
0.356415
0.420517
0.433472
0.411972
0.391846
0.403931
0.368546
0.329803
0.306
0.294235
0.338882
0.396622
0.389679
0.362671
0.321472
0.264984
0.223434
0.164368
0.113647
0.068924
0.0197296
-0.00971985
-0.0771637
-0.199661
-0.189392
-0.18927
-0.182266
-0.311401
-0.471344

[5]
-0.542175
-0.537811
-0.514069
-0.481995
-0.505814
-0.519882
-0.494064
-0.468842
-0.426102
-0.402252
-0.399155
-0.415665
-0.43132
-0.420639
-0.379318
-0.309799
-0.239319
-0.193649
-0.137695
-0.101181
-0.0774841
-0.0840454
-0.00874329
0.105667
0.146973
0.171875
0.27565
0.31424
0.329987
0.359818
0.403595
0.441971
0.440643
0.368271
0.359406
0.414627
0.456299
0.430038
0.392517
0.333755
0.308533
0.292953
0.266602
0.211136
0.122391
0.0454407
-0.0325012
-0.11702
-0.174408
-0.10997

[6]
-0.171478
-0.330994
-0.501221
-0.492905
-0.487122
-0.490616
-0.492844
-0.546432
-0.552963
-0.53331
-0.516693
-0.518707
-0.499954
-0.480743
-0.456726
-0.427597
-0.40567
-0.36319
-0.311783
-0.251648
-0.200287
-0.126938
-0.078064
-0.0489807
-0.092804
-0.0788574
-0.0305634
0.00724792
0.127701
0.322952
0.485062
0.41658
0.342834
0.343002
0.418884
0.407867
0.432892
0.4608
0.43779
0.476334
0.485184
0.470001
0.461212
0.417053
0.384857
0.324539
0.27356
0.186554
0.11673
0.03479

[7]
-0.0526733
-0.117859
-0.147781
-0.157043
-0.284409
-0.385162
-0.468857
-0.449371
-0.432571
-0.456223
-0.490891
-0.559586
-0.581345
-0.561829
-0.535187
-0.517136
-0.474274
-0.459442
-0.464767
-0.439804
-0.431564
-0.390656
-0.340973
-0.272064
-0.214813
-0.172806
-0.126556
-0.133087
-0.0805206
-0.0250854
0.0278931
0.0847931
0.129395
0.195389
0.26059
0.328857
0.375824
0.434555
0.445236
0.425751
0.390472
0.404526
0.418854
0.416855
0.411652
0.405991
0.409851
0.42131
0.365753
0.355133

[8]
0.303925
0.238724
0.201538
0.133301
0.0504761
0.0594788
0.0903168
-0.0692444
-0.274918
-0.40387
-0.462219
-0.448135
-0.416122
-0.398788
-0.415222
-0.463913
-0.477722
-0.503357
-0.529724
-0.531036
-0.526596
-0.501083
-0.471298
-0.437515
-0.383438
-0.34494
-0.274521
-0.256409
-0.222992
-0.171432
-0.0930786
-0.142517
-0.146896
-0.0850677
0.00012207
0.0611725
0.133926
0.232788
0.372147
0.439514
0.463028
0.455948
0.467957
0.482742
0.475784
0.460037
0.462555
0.48732
0.464752
0.435242

[9]
0.388199
0.334854
0.298889
0.259842
0.227722
0.168839
0.117996
0.0415039
-0.0205231
-0.0275574
-0.0220947
-0.194
-0.425034
-0.453934
-0.44725
-0.408325
-0.425217
-0.484344
-0.516617
-0.48912
-0.493195
-0.485779
-0.480942
-0.473969
-0.472153
-0.473785
-0.434982
-0.385529
-0.345291
-0.313171
-0.283585
-0.237167
-0.189621
-0.113678
-0.0623016
-0.0894775
-0.129196
-0.0501251
0.0476379
0.0894775
0.136368
0.217377
0.285065
0.323639
0.367493
0.391174
0.402771
0.382324
0.318741
0.321732

[10]
0.335876
0.365707
0.403427
0.40477
0.389114
0.348694
0.301575
0.281311
0.25238
0.19725
0.11972
0.0776367
-0.0170288
-0.0896454
-0.0580292
-0.101212
-0.273346
-0.373337
-0.370834
-0.375809
-0.36615
-0.387314
-0.45961
-0.538681
-0.559875
-0.538345
-0.53273
-0.494888
-0.448349
-0.405518
-0.441849
-0.447617
-0.412857
-0.337357
-0.258682
-0.195663
-0.142502
-0.0872955
-0.0692902
-0.0312653
-0.0843048
-0.0420227
0.0606995
0.0924377
0.123489
0.238663
0.341217
0.379776
0.400024
0.427582

[11]
0.411026
0.388107
0.366287
0.376266
0.382339
0.422318
0.418716
0.427521
0.468704
0.425751
0.363266
0.31105
0.238693
0.151672
0.082901
0.01828
-0.0413971
-0.129578
-0.169174
-0.115097
-0.085144
-0.258789
-0.4422
-0.508179
-0.490723
-0.457001
-0.500549
-0.611496
-0.620483
-0.564209
-0.525513
-0.481689
-0.483719
-0.525223
-0.568115
-0.552826
-0.475174
-0.370544
-0.284103
-0.249084
-0.245834
-0.2146
-0.146774
-0.0739899
-0.0172882
-0.0545502
-0.0330353
0.0586395
0.106323
0.167679

