[0]
0
-0.208115
-0.532028
-0.670593
-0.861145
-0.886185
-0.887299
-0.863815
-0.733658
-0.659515
-0.587769
-0.494125
-0.515762
-0.670609
-0.699249
-0.682495
-0.699707
-0.66301
-0.70787
-0.72377
-0.712021
-0.69191
-0.601425
-0.428436
-0.272018
-0.186157
-0.117081
-0.0796356
-0.0890808
-0.063858
0.0246887
0.177261
0.271194
0.334961
0.428772
0.556015
0.630096
0.599442
0.547531
0.642746
0.783386
0.878326
0.844055
0.756454
0.686127
0.644226
0.63147
0.598221
0.526764
0.455521

[1]
0.305649
0.167236
0.055481
0.00762939
-0.0511322
-0.181091
-0.342453
-0.519043
-0.700623
-0.795792
-0.796692
-0.713898
-0.608124
-0.570953
-0.548309
-0.458603
-0.428986
-0.479156
-0.521576
-0.581039
-0.638794
-0.720062
-0.734634
-0.67131
-0.588531
-0.55545
-0.541031
-0.512512
-0.457047
-0.347351
-0.239655
-0.164825
-0.148331
-0.189102
-0.121063
0.0872498
0.198227
0.187012
0.283539
0.414642
0.463013
0.489716
0.471466
0.57724
0.710724
0.784332
0.761688
0.730606
0.750336
0.717468

[2]
0.648834
0.619873
0.596176
0.45787
0.280502
0.1418
0.039917
-0.0219269
-0.0938416
-0.154388
-0.307205
-0.55542
-0.653305
-0.689133
-0.709839
-0.716217
-0.80188
-0.872894
-0.794342
-0.718079
-0.67218
-0.693466
-0.66629
-0.679001
-0.721848
-0.751511
-0.728973
-0.718689
-0.716293
-0.690994
-0.606339
-0.484512
-0.333496
-0.236099
-0.128815
-0.124969
-0.108688
0.0213165
0.213882
0.226746
0.250641
0.311981
0.366455
0.416061
0.547226
0.695053
0.777817
0.85672
0.888214
0.838272

[3]
0.758987
0.79451
0.785629
0.763992
0.741806
0.624054
0.439224
0.263855
0.0718079
-0.0610046
-0.155426
-0.226395
-0.402237
-0.65123
-0.789444
-0.91394
-0.924438
-0.753403
-0.657181
-0.590302
-0.567032
-0.5867
-0.675995
-0.726822
-0.742294
-0.706406
-0.643341
-0.604767
-0.543289
-0.478699
-0.424088
-0.372589
-0.32843
-0.285919
-0.285034
-0.208923
-0.110306
-0.0474854
-0.0567627
-0.190094
0.298859
0.237473
0.2397
0.436264
0.432632
0.426636
0.376434
0.323151
0.346176
0.434433

[4]
0.527237
0.586716
0.602676
0.579773
0.549683
0.527969
0.532623
0.553345
0.543274
0.489639
0.383316
0.229141
0.110596
0.0230865
-0.043045
-0.119919
-0.199142
-0.34314
-0.52449
-0.561844
-0.547012
-0.529083
-0.517593
-0.524353
-0.558197
-0.544327
-0.523544
-0.525894
-0.520782
-0.524582
-0.558838
-0.583344
-0.635254
-0.644775
-0.606277
-0.569977
-0.524765
-0.46022
-0.411179
-0.35643
-0.277603
-0.187622
-0.0761566
0.00973511
0.0270081
-0.0270233
0.000839233
0.226196
0.283768
0.30162

[5]
0.3815
0.396957
0.38501
0.348511
0.35762
0.417358
0.558182
0.679321
0.737762
0.712845
0.604538
0.591339
0.61319
0.604965
0.580856
0.526031
0.433624
0.281693
0.185745
0.100113
-0.00527954
-0.0946198
-0.363098
-0.498596
-0.560501
-0.685593
-0.781769
-0.88916
-0.962906
-0.888
-0.727249
-0.585907
-0.549133
-0.597687
-0.573685
-0.609589
-0.646957
-0.685974
-0.667221
-0.633484
-0.622681
-0.572235
-0.506683
-0.431763
-0.314499
-0.202209
-0.139648
-0.0882111
-0.106979
-0.120422

[6]
0.13031
0.273865
0.214966
0.276138
0.344299
0.407501
0.475327
0.482895
0.50148
0.589645
0.674179
0.718979
0.717972
0.670074
0.619522
0.600418
0.551529
0.526947
0.49144
0.411804
0.339554
0.26683
0.165863
0.0798187
0.0323944
-0.138779
-0.289658
-0.365265
-0.48703
-0.625351
-0.676743
-0.686905
-0.653137
-0.60463
-0.495468
-0.461227
-0.510559
-0.516449
-0.556808
-0.602631
-0.621902
-0.600861
-0.58284
-0.577057
-0.53978
-0.50206
-0.469055
-0.412628
-0.32579
-0.233276

[7]
-0.163635
-0.108383
-0.127289
-0.0828857
0.0738831
0.148529
0.172928
0.226074
0.271011
0.287857
0.315781
0.360367
0.451981
0.505051
0.533569
0.582214
0.539139
0.509445
0.521957
0.526611
0.549744
0.524933
0.479019
0.43335
0.381256
0.327972
0.295151
0.229858
0.0867615
0.00450134
-0.0290527
-0.133224
-0.196121
-0.292847
-0.466568
-0.661209
-0.776703
-0.807251
-0.767563
-0.607727
-0.500092
-0.455353
-0.425827
-0.429642
-0.448929
-0.498871
-0.495956
-0.461929
-0.459122
-0.432755

[8]
-0.397446
-0.351028
-0.295624
-0.256943
-0.20134
-0.187546
-0.0995483
0.00753784
0.0378418
0.0566864
0.129837
0.201691
0.211792
0.241837
0.24472
0.292755
0.359589
0.413879
0.426636
0.428482
0.440048
0.439896
0.471451
0.548096
0.569351
0.55127
0.524551
0.466156
0.396088
0.31369
0.241699
0.219635
0.0823517
-0.022049
-0.0783691
-0.188965
-0.271103
-0.34407
-0.463959
-0.587372
-0.658676
-0.636414
-0.568024
-0.494873
-0.476669
-0.483398
-0.49054
-0.531189
-0.573807
-0.625748

[9]
-0.630692
-0.597382
-0.538467
-0.481216
-0.417862
-0.349426
-0.29895
-0.240311
-0.210953
-0.201736
-0.145035
0.026413
0.0346985
0.0371857
0.101669
0.2341
0.312775
0.300903
0.320801
0.418045
0.498657
0.532074
0.517349
0.519684
0.557678
0.645035
0.688354
0.644592
0.609283
0.580612
0.519653
0.429672
0.352371
0.254715
0.186722
0.162521
0.078064
-0.098999
-0.192642
-0.303467
-0.450104
-0.503662
-0.583527
-0.73027
-0.720917
-0.621933
-0.478577
-0.408966
-0.464584
-0.489548

[10]
-0.551834
-0.632584
-0.660278
-0.660736
-0.625153
-0.565659
-0.511093
-0.484161
-0.44014
-0.380234
-0.29393
-0.19902
-0.158371
-0.131042
-0.126495
0.0137329
0.104919
0.129944
0.195908
0.285629
0.322418
0.27507
0.30014
0.373428
0.475876
0.629776
0.704636
0.714706
0.641571
0.609711
0.624405
0.607376
0.540588
0.507858
0.439194
0.382919
0.311005
0.245438
0.200272
0.151382
0.0816956
-0.105728
-0.258102
-0.317764
-0.472
-0.564407
-0.584076
-0.647629
-0.712311
-0.678268

[11]
-0.615753
-0.514816
-0.490753
-0.495941
-0.489899
-0.506699
-0.59082
-0.631943
-0.622665
-0.548065
-0.525314
-0.500381
-0.465332
-0.398224
-0.319946
-0.228378
-0.139084
-0.0927734
-0.0764313
-0.0787201
0.0434723
0.155396
0.156921
0.161255
0.212997
0.291107
0.352005
0.354813
0.45369
0.57608
0.696838
0.735168
0.701096
0.621918
0.607407
0.604584
0.598862
0.582825
0.531006
0.455963
0.40123
0.32431
0.239746
0.153732
0.0543976
-0.0485687
-0.217682
-0.376495
-0.486115
-0.612442

