[0]
0.347229
0.807343
-0.827621
-1.00613
-1.32417
-0.997635
-0.586166
-0.261246
-0.174133
-0.0724182
-0.00785828
0.17894
0.398117
0.635315
0.976959
1.21883
1.09581
0.922516
0.765991
0.460297
0.537048
-0.324692
-1.8653
-0.350937
0.536194
-0.0670319
0.67218
0.139267
0.314148
0.453232
-0.193832
-0.416656
-0.357468
-0.222
-0.0447845
-0.0896912
-0.170227
-0.187851
-0.151459
-0.095108
-0.133026
-0.123093
-0.134415
-0.0577393
0.00694275
0.00679016
-0.0778656
-0.116455
-0.131165
-0.566238

[1]
-0.69516
-0.737228
-0.777344
-0.480637
-1.0192
-0.777039
-0.959763
-0.286942
-0.426117
-0.956161
-0.835419
-0.457001
-0.691574
-0.78302
-0.804001
-0.831421
-0.685333
-0.571686
-0.269775
-0.236359
0.135239
0.950516
1.72484
2.53708
2.55772
2.53897
2.09723
-1.56415
0.663269
0.74295
1.29597
0.35408
0.517975
0.266922
0.319382
0.0306854
-0.0166168
0.0680237
-0.0124207
-0.0328217
-0.0254517
-0.0101471
0.000900269
0.0164337
-0.130768
-0.255264
-0.151672
-0.0305023
-0.170044
-0.307846

[2]
-0.586884
-0.61377
-0.585205
-0.792984
-1.38765
-0.881592
-1.34885
-0.472076
1.44803
-0.685272
-1.07631
-0.63443
-0.317001
-0.507935
-0.384979
-0.31749
-0.134476
-0.0406952
0.0108032
0.184219
0.64682
1.73882
2.28139
2.53093
2.52644
2.48854
1.84273
-1.60703
0.343353
1.77568
2.23903
0.342545
1.06114
0.0651093
-0.127029
0.155014
0.172333
0.0699921
0.305588
-0.0164185
-0.0176697
-0.0192261
0.0727234
-0.0620575
-0.136246
-0.331604
-0.432785
-0.311584
-0.494034
-0.672714

[3]
-0.708557
-1.66475
-1.06442
-1.62941
-0.0653229
1.46854
-0.880539
-0.962463
-0.610428
-0.367844
-0.352493
-0.205307
-0.160172
-0.0990295
-0.0402832
0.0509186
0.436707
0.951248
1.65561
2.32474
2.55006
2.5359
2.49059
1.29767
-1.61763
0.870071
2.31209
1.57394
0.945694
0.989624
-0.221466
0.149872
0.0484924
0.148514
0.144409
0.360596
0.0838165
-0.119812
-0.0578461
0.0864716
0.107773
0.00575256
-0.252304
-0.474792
-0.426926
-0.499741
-0.723541
-0.999695
-1.84319
-1.18121

[4]
-1.65407
0.182053
1.21815
-1.19376
-1.05031
-0.388611
-0.671509
-0.565628
-0.341995
-0.224701
-0.0727386
-0.0487366
0.0391388
0.342545
1.13033
2.30176
2.61005
2.61507
2.59085
2.53909
-1.49254
0.0674133
2.42412
1.34285
1.12886
0.652634
0.575607
0.14949
0.0928497
0.0757751
0.0586853
0.204315
0.0543671
0.068573
0.0300903
0.0176086
0.0453949
0.00622559
-0.201508
-0.396393
-0.264618
-0.414673
-0.574677
-0.615784
-0.897751
-1.57843
-1.02432
-1.61917
-0.0196533
-0.114105

[5]
-0.892639
-0.750763
-0.351654
-0.444397
-0.388947
-0.319153
-0.252625
-0.160248
-0.061554
-0.0272369
0.52121
1.04462
1.97464
2.60774
2.61925
2.59261
2.53136
-1.53047
-0.954666
2.3667
1.02704
1.56554
0.465546
0.941177
0.0802307
0.0541229
-0.00808716
0.0315094
0.305496
0.244858
0.0341034
0.0368652
-0.055542
-0.0486908
0.0305786
0.088089
-0.106323
-0.205688
-0.325302
-0.402618
-0.471664
-0.526337
-1.58717
-1.16124
-1.3802
-0.642334
0.859894
-0.537323
-1.12999
-0.764236

[6]
-0.499695
-0.446396
-0.295868
-0.214996
-0.12117
-0.00756836
0.0713348
0.165329
0.89502
1.79582
2.45576
2.58699
2.57159
2.53087
1.84052
-1.55139
1.26942
1.03757
1.91937
0.639557
0.796906
0.540787
0.142334
0.0118866
0.104477
0.118561
0.172577
0.262039
0.174011
0.0153656
0.00189209
-0.0409088
-0.103836
0.041275
-0.147125
-0.304321
-0.501495
-0.612106
-0.550659
-1.19162
-1.62833
-1.02525
-1.45821
0.0722656
-0.280426
-1.14925
-0.801529
-0.321213
-0.328674
-0.261658

[7]
-0.262756
-0.227982
-0.129074
0.0162659
0.180374
0.572296
1.38242
2.35883
2.62366
2.62135
2.58739
2.52129
-1.52249
-0.0374756
2.35365
1.72353
1.05533
0.881012
0.341614
0.0643616
0.100403
0.187256
0.205414
0.363998
0.148209
0.122879
-0.0552216
0.0187531
0.0173798
-0.0463104
-0.104797
-0.285294
-0.1996
-0.344635
-0.608139
-0.674271
-1.38254
-1.78488
-1.20947
-1.2025
-0.0239716
0.0797424
-1.04684
-0.893524
-0.379379
-0.487701
-0.274185
-0.188385
-0.123779
-0.0368347

