[1]
-0.507019
0.0462799
0.0913239
0.0441742
0.0285034
0.0319366
0.048172
0.0323334
-0.00411987
0.103287
0.0975342
0.0227356
0.0575409
0.0339203
0.0306549
0.14653
0.14238
0.111099
0.0398102
0.0193634
0.101486
0.0381775
0.022934
-0.111084
0.227554
0.183929
0.18306
0.136917
0.0990143
0.23114
0.561493
0.757339
0.819016
0.20195
1.33603
1.502
0.868103
0.647934
0.451996
0.269257
0.162903
0.180298
-0.169662
-0.305115
-0.226929
-0.279694
-0.337494
-0.351547
-0.364029
-0.492996

[2]
-0.455933
-0.392593
-0.365295
-0.376007
-0.458084
-0.413483
-0.442642
-0.413773
-0.411499
-0.401993
-0.40036
-0.431534
-0.435181
-0.454803
1.74808
-0.325409
-0.149307
-0.230103
-0.0786438
-0.501678
-0.0422516
0.228348
0.608612
0.2099
0.0253143
-0.11055
0.0150146
0.122559
0.115875
0.0807495
0.0847321
0.0549622
0.0937805
0.184418
0.0979004
0.10675
-0.00222778
0.195068
0.128616
0.0371399
0.129013
0.12616
0.147339
0.171539
0.0718689
0.396164
0.405533
0.216721
0.129807
1.46765

[3]
1.18599
0.602615
0.428192
0.293106
0.243301
0.354416
0.330627
0.376556
0.393555
0.389084
0.288422
0.144943
0.0823212
0.0196533
-0.0738831
-0.136185
-0.211258
-0.400986
-0.382614
-0.254593
-0.363388
-0.493515
-0.542755
-0.552475
-0.583755
-0.675934
-0.760483
-0.589233
-1.11948
1.71785
-1.20958
-0.296738
-0.358963
-0.226318
-0.2453
-0.0112457
0.188522
0.320206
0.170395
0.0205231
-0.022583
0.146957
0.162689
0.116699
0.0982056
0.0624695
0.0513916
0.0713654
0.0594177
0.133698

[4]
0.0477295
0.151871
0.253647
0.192474
0.0296783
0.0951691
0.181595
0.204803
0.163818
0.176956
0.766159
-0.0071106
0.384521
1.80905
1.22038
1.09647
0.775574
0.585831
0.466415
0.383545
0.170349
-0.194168
-0.325317
-0.247849
-0.217834
-0.295898
-0.380692
-0.418503
-0.304932
-0.202408
-0.146088
-0.273743
-0.269455
-0.334488
-0.425201
-0.486832
-0.553207
-0.560638
-0.55658
-0.658386
-0.690231
-0.659515
-0.828598
1.72115
-1.05569
-0.281357
-0.39566
-0.569168
-0.0184784
0.0309143

[5]
0.265106
0.340363
0.168243
-0.00982666
0.0843811
0.292282
0.254822
0.111359
0.117828
0.121109
0.240112
0.189117
0.14003
0.101639
0.0238647
0.0531464
-0.019104
0.0895233
0.0536804
-0.01091
0.137299
0.216705
0.265305
0.263992
0.410629
0.861496
0.638428
0.701767
-0.195633
0.0210724
1.46954
1.33066
1.43468
0.977997
0.774567
0.630447
0.386017
0.165115
-0.101028
0.231644
-0.235016
-0.370758
-0.330719
-0.211426
-0.0995178
-0.110657
-0.0554352
-0.282944
-0.39798
-0.478424

[6]
-0.501221
-0.663544
-0.672058
-0.593628
-0.652832
-0.734985
-0.864014
-0.826385
-0.173416
1.44966
-0.775574
-0.280258
-0.327789
-0.473343
-0.100204
0.0258026
0.236023
0.272568
0.165085
0.022934
-0.118164
-0.0297546
0.211563
0.213531
0.0925598
0.0367432
-0.0180664
0.0753784
0.119659
0.147842
0.126083
0.0527344
0.0826263
0.199463
0.220963
0.191177
0.134964
0.191116
0.248138
0.278198
0.663605
0.590057
0.396591
-0.196274
0.099762
1.76053
1.1067
1.21217
0.782349
0.671249

[7]
0.36203
0.215317
0.000549316
-0.00668335
-0.155991
-0.289185
-0.221237
-0.26889
-0.216629
-0.190933
-0.189423
-0.236023
-0.241226
-0.362442
-0.46022
-0.635574
-0.808792
-0.8591
-0.870392
-0.897919
-0.898666
-0.686584
1.43756
0.650421
-0.702225
-0.179581
-0.266983
-0.592041
-0.0413513
0.0483856
0.256348
0.234833
0.0479431
-0.0267334
-0.0296783
0.136002
0.11911
0.153076
0.083786
0.10614
0.0618439
0.0901794
0.188919
0.119064
-0.0524292
0.140442
0.180847
0.257324
0.205688
0.0651245

[8]
0.0188446
0.160767
0.320831
0.170898
0.507523
0.644226
0.418961
0.507278
-0.218185
-0.232224
1.21967
1.23062
1.00642
0.930466
0.776627
0.587952
0.43634
0.279907
0.075119
-0.0832214
-0.151154
-0.235748
-0.268814
-0.35817
-0.31076
-0.255753
-0.181732
-0.156784
-0.240372
-0.34166
-0.397324
-0.529434
-0.720764
-0.882187
-1.03403
-1.18533
-1.15314
-1.29675
0.998352
1.16344
-0.847229
-0.0847168
-0.210297
-0.155228
-0.235062
-0.0973816
0.0371399
0.12384
0.200363
0.143433

[9]
0.0823059
0.0277557
0.111618
0.175888
0.100464
0.102188
0.0895691
0.179947
0.0860291
0.114761
0.171906
0.18689
0.297607
0.134064
0.0658264
0.0410767
0.197342
0.339264
0.268921
0.34938
0.899338
0.714401
0.929047
-0.20929
-0.353256
1.2253
1.62325
1.20444
1.06758
0.801941
0.797287
0.514236
0.255844
0.163391
0.140045
-0.208221
-0.17128
-0.131561
-0.286865
-0.458084
-0.497086
-0.412735
-0.511902
-0.676331
-0.763214
-0.840607
-1.13118
-1.1122
-1.18346
-1.85324

[10]
1.70862
-1.37726
-0.375076
-0.277802
0.0869598
-0.174774
-0.106873
0.0220337
-0.00436401
0.180939
0.184036
0.10434
-0.0191956
0.0944366
0.135834
0.0890045
0.0899811
0.0466766
0.0291443
0.0633087
0.0778656
0.110016
0.0900116
0.162018
0.369812
0.277191
0.167252
0.0831909
0.176376
0.393494
0.332123
0.803329
0.444305
0.874588
-0.421036
-0.836136
1.6228
0.763901
1.08342
0.948593
0.769852
0.527863
0.432114
0.194016
0.0578003
0.00827026
-0.186234
-0.16571
-0.286682
-0.334137

[11]
-0.300842
-0.300354
-0.334579
-0.341599
-0.45517
-0.438217
-0.524994
-0.739105
-0.916153
-1.08806
-1.20042
-1.22784
-1.28287
1.74728
-0.0659332
-0.808945
-0.264694
-0.172379
-0.28392
-0.143021
-0.111664
0.109543
0.29039
0.162445
0.187149
0.0537262
0.0940399
0.184357
0.111984
0.0512238
0.0485535
0.0650635
0.127762
0.0943146
0.0987244
0.165726
0.141251
0.138794
0.235718
0.219025
0.109482
0.062088
0.0950012
0.204514
0.47113
0.476883
0.874054
0.915375
0.287079
0.192291

[12]
-0.141083
1.19913
1.34464
1.30656
1.22018
0.956909
0.753586
0.525803
0.22319
0.048233
-0.0714722
-0.163986
-0.197357
-0.258286
-0.164215
-0.16098
-0.393555
-0.469284
-0.480759
-0.531799
-0.728134
-1.13391
-1.26303
-1.34605
-1.44528
-1.44221
-1.86591
1.64989
-1.52747
-0.340866
-0.717758
0.0365753
-0.13504
-0.286774
0.0245819
0.0662994
0.105942
0.0484924
0.168655
0.11116
0.13063
0.0579681
0.130737
0.116684
0.0862885
0.0477905
0.0383148
0.0568848
0.0579071
0.0436096

[13]
0.0972443
0.223053
0.232224
0.190506
-0.0648499
0.0288849
0.123016
0.262817
0.270432
0.232666
0.529327
0.887802
0.310059
0.748306
-0.345139
-0.715652
1.7674
1.24754
1.19194
1.13731
0.868439
0.719208
0.40448
0.21022
0.119492
0.0543671
-0.0897217
-0.221359
-0.210724
-0.282654
-0.46936
-0.642975
-0.415665
-0.505096
-0.831985
-1.01373
-1.04256
-1.26625
-1.32892
-1.28723
-1.77824
1.6615
-1.14462
-0.538071
-0.147202
-0.171112
-0.247757
-0.158676
0.000488281
0.0114288

[14]
0.123215
0.154877
0.0154877
0.0210571
0.088974
0.160706
0.131027
-0.0219879
0.0019989
0.0281982
0.158752
0.104843
0.0623627
0.0687103
0.105057
0.257233
0.108261
0.0211639
0.0649414
0.152679
0.338165
0.437195
0.408661
0.806625
0.368988
0.205231
-0.211792
0.511993
0.676804
0.885803
0.868134
1.00386
0.865051
0.646973
0.488586
0.395981
0.165314
-0.08284
-0.132156
-0.236679
-0.387268
-0.391724
-0.413208
-0.34491
-0.42337
-0.493546
-0.613785
-0.631027
-0.610977
-0.651367

[15]
-0.661774
-0.640549
-0.613007
-0.700119
-0.884933
-0.800415
-0.499054
1.74637
-1.21664
-0.00161743
-0.297882
-0.473145
-0.197067
-0.289597
0.0927429
0.20018
0.201645
0.130859
-0.00239563
-0.0296936
0.0984344
0.118683
0.0988312
0.0575714
0.0356598
0.0956879
0.119659
0.0993958
0.0796814
0.0745087
0.0453949
0.113281
0.1707
0.15416
0.0876617
0.0903625
0.158875
0.16626
0.294968
0.201965
0.31842
0.491867
0.636108
0.400467
-0.230301
0.201981
-0.277832
0.502121
1.43581
0.968842

[16]
1.10934
1.02228
0.675537
0.516769
0.399078
0.166321
0.0294189
-0.0661926
-0.136963
-0.0869598
-0.230179
-0.223572
-0.253418
-0.362717
-0.335861
-0.306793
-0.414444
-0.666397
-0.686295
-0.820786
-1.01497
-0.984406
-0.957672
-0.996078
-0.915192
-0.571014
1.41806
1.01588
-0.50972
-0.241135
-0.345947
-0.576385
-0.0693054
-0.180527
-0.033783
0.100998
0.107407
0.0821686
0.0720673
0.0306549
0.071991
0.134964
0.0610657
0.111389
0.0507965
0.054657
0.0779724
0.12326
0.102692
0.0205536

[17]
0.0538483
0.121796
0.139954
0.0555115
0.0164337
0.0649261
0.119186
0.199234
0.230759
0.201553
0.382416
0.379517
0.39357
0.501404
0.35054
-0.00666809
0.357681
1.0959
1.24265
1.12201
0.991165
0.834854
0.63176
0.476868
0.259109
0.0563202
-0.0604401
-0.0729523
-0.26004
-0.369354
-0.606186
-0.632614
-0.547607
-0.630661
-0.728058
-0.641525
-0.696396
-0.799896
-0.773636
-0.913803
-0.977921
-0.75795
-0.593842
0.44133
1.7157
-0.987869
-0.585434
-0.421356
-0.741409
-0.339447

[18]
-0.0362396
0.176743
0.264877
0.180557
-0.0473328
-0.00389099
0.156067
0.173889
0.111954
0.0752258
0.0777588
0.106827
0.118515
0.0910797
0.034317
0.0868683
0.158386
0.180008
0.225098
0.230118
0.0853271
0.0469666
0.16394
0.261978
0.292465
0.380814
0.407822
0.517044
0.155411
0.154846
0.712326
1.23805
1.33696
1.2854
1.04811
0.825958
0.488205
0.250626
0.143173
0.0574188
-0.0491028
0.0803223
-0.112549
-0.110611
-0.0826721
-0.130966
-0.1586
-0.355148
-0.452026
-0.381012

[19]
-0.555801
-0.82962
-1.32428
-1.40416
-1.10344
-1.42099
-1.41537
1.71519
-0.844559
-0.504578
-0.19664
-0.394745
-0.30191
-0.178116
0.0142059
0.20546
0.141449
0.117294
-0.0706177
0.0274963
0.150116
0.164871
0.0965424
0.0345001
0.0657806
0.0704498
0.0373688
0.0625
0.0952606
0.108246
0.146576
0.245865
0.224014
0.098465
0.0319061
0.110672
0.163635
0.417847
0.333099
0.51001
0.818726
0.178131
0.317566
-0.24852
1.36685
1.43996
1.48477
1.32898
1.08446
0.867783

[20]
0.429352
0.226044
0.00523376
-0.211227
-0.300766
-0.196304
-0.43222
-0.407913
-0.433487
-0.377792
-0.476105
-0.510956
-0.572891
-0.809509
-1.12547
-1.08032
-1.21837
-1.20209
-1.09976
-1.25293
1.71057
-1.40031
0.0738373
-0.411316
-0.494659
-0.204956
-0.32933
0.0794525
0.0929108
0.0256195
0.0576019
0.0105743
0.0145569
0.154709
0.137512
0.0997162
0.0459595
0.0821381
0.0694427
0.106445
0.0883026
0.0848999
0.0981445
0.211533
0.135513
0.094574
0.111069
0.138
0.125
0.190002

[21]
0.268707
0.284439
0.632034
0.872665
0.383804
0.210815
0.0233459
1.1011
1.18201
1.1998
1.15326
0.943726
0.696243
0.429153
0.041748
-0.0892944
-0.239227
-0.356049
-0.286346
-0.365997
-0.406586
-0.410416
-0.447861
-0.338638
-0.389969
-0.376984
-0.361221
-0.37413
-0.412109
-0.471725
-0.681976
-0.907562
-0.827988
-0.845596
-0.902084
-0.79747
-0.670898
1.6709
-0.905685
-0.121689
-0.267578
-0.368942
-0.312271
-0.158829
-0.0543213
0.16449
0.241684
-0.00517273
-0.0589447
-0.0445557

[22]
0.0995026
0.245621
0.158829
0.0753326
0.0538177
0.0969696
0.0771179
0.0699463
0.0884705
0.12291
0.0978546
0.0842743
0.0554962
0.129288
0.193298
0.169922
0.132584
0.251205
0.415024
0.367081
0.328949
0.479294
0.154846
-0.110809
0.975082
1.84662
0.938416
0.885651
0.496521
0.691513
0.626328
0.561172
0.42218
0.342545
0.214935
0.0768585
0.0370178
-0.0404816
-0.0503693
-0.115631
-0.245987
-0.380539
-0.502777
-0.598984
-0.694687
-0.897049
-1.00644
-1.03807
-1.16127
-1.29648

[23]
-1.23911
-1.50041
1.71259
-1.37427
-0.535248
-0.766098
-0.146362
-0.378189
0.011795
0.237656
0.194199
0.129013
0.0414886
-9.15527e-05
0.0487976
0.189468
0.110092
0.102997
0.116547
0.0921173
0.0674896
0.0998993
0.118515
0.168076
0.148438
0.179413
0.10144
0.157104
0.046402
0.129028
0.128448
0.229111
0.360245
0.430756
0.510208
0.651871
0.257278
-0.136169
-0.134003
2.19716
1.06879
0.871994
0.681961
0.578552
0.585007
0.581177
0.488449
0.35994
0.278961
0.166428

[24]
0.0344086
-0.0504456
-0.0999603
-0.232559
-0.397217
-0.436691
-0.510666
-0.66922
-0.74379
-0.739029
-0.791656
-0.820053
-0.846954
-0.999191
-1.03812
-1.06387
-1.1105
-0.224854
1.74466
0.0140381
0.149582
-0.42099
-0.429199
-0.518234
-0.412766
-0.111267
0.347412
0.352722
0.207901
0.0110474
-0.185349
0.153809
0.139908
0.155563
0.134506
0.162537
0.0977936
0.0733185
0.0660095
0.0274506
0.127533
0.202194
0.260483
0.206543
0.107925
0.227585
0.251999
0.33223
0.404755
0.596588

[25]
0.536499
0.373047
0.280655
0.559647
1.57071
1.5089
1.09631
0.722595
0.673767
0.60144
0.542175
0.430573
0.483322
0.269577
0.164322
0.0892181
0.0452576
-0.0578918
-0.317184
-0.429794
-0.68663
-0.526917
-0.731735
-1.18942
-1.30042
-1.29199
-1.34833
-1.35785
-1.5652
1.68059
-0.8479
-0.00933838
-0.256577
-0.311722
-0.4487
-0.182388
-0.16803
0.240021
0.256287
0.09729
0.0232086
-0.0214386
0.072525
0.165451
0.101379
0.0718994
0.0657959
0.095459
0.0634308
0.0619049

[26]
0.119217
0.0563965
0.0599365
0.126389
0.164978
0.320526
0.226501
0.206207
0.146851
0.201843
0.229904
0.383469
0.750381
0.220108
-0.0793915
-0.555222
2.14278
1.14098
0.754074
0.675217
0.400269
0.43895
0.341858
0.199265
0.204422
0.0630188
0.0269318
0.0469055
-0.0307465
-0.164978
-0.219894
-0.227066
-0.292664
-0.378937
-0.395508
-0.455383
-0.525894
-0.526367
-0.595718
-0.638214
-0.736237
-0.844025
-0.830185
-0.743896
-0.466248
-0.713318
1.40424
-0.23877
-0.336517
-0.267349

[27]
-0.508408
-0.288345
-0.428253
0.0931854
0.286026
0.484558
0.0334015
-0.146515
-0.0569305
0.0254974
0.28862
0.220886
0.0862885
-0.0198822
0.036087
0.0744324
0.12471
0.140915
0.109711
0.080246
0.0859222
0.201843
0.120377
0.0404053
0.0537872
0.199677
0.269485
0.288071
0.422241
0.563126
0.478439
0.266907
-0.174454
-0.0291901
1.31049
1.48372
0.814621
0.731766
0.702621
0.682236
0.689453
0.546555
0.506226
0.333313
0.221237
0.136475
0.0523529
-0.075592
-0.174423
-0.253708

[28]
-0.422974
-0.379562
-0.540924
-0.695053
-0.794708
-0.946854
-1.05054
-1.12611
-1.18843
-1.58379
-1.21312
1.68861
-1.20319
-0.341171
-0.242813
-0.457626
-0.285049
0.0667419
0.130219
0.149155
0.104584
-0.025177
-0.0278931
0.114044
0.0925293
0.113007
0.095871
0.0736084
0.0631866
0.0651398
0.071106
0.10582
0.144531
0.140533
0.142838
0.182007
0.225128
0.103806
0.0196686
0.0534363
0.292099
0.371414
0.693893
0.649109
0.224182
-0.267059
1.09724
1.63417
0.900391
0.630188

[29]
0.511917
0.724884
0.635345
0.51683
0.390366
0.287125
0.205917
0.0841675
-0.109863
-0.078064
-0.0545502
0.02034
-0.0875397
-0.310471
-0.577438
-0.880508
-0.901855
-0.869949
-0.88269
-0.933197
-0.99411
-1.06161
-1.11353
-1.20935
-1.12581
-0.591263
1.70799
-1.03246
-0.118607
-0.479202
-0.439163
-0.455048
-0.0446014
0.0874023
0.270462
0.239594
0.083725
-0.028183
0.0380096
0.151611
0.120743
0.0865631
0.103333
0.111099
0.108841
0.0851288
0.0772858
0.0622711
0.138397
0.189468

[30]
0.158661
0.218964
0.0804749
0.0886993
0.0801392
0.238281
0.271561
0.136719
0.629395
0.706604
0.649338
0.133896
-0.0339355
1.2263
1.80017
1.46529
1.37346
1.03831
0.688354
0.302124
-0.001297
-0.104401
-0.267456
-0.208878
-0.0941315
0.00695801
0.0800323
-0.134232
-0.313354
-0.0968933
-0.27771
-0.548996
-0.83223
-1.08488
-1.51935
-1.48882
-1.4839
-1.69868
-0.15538
1.63875
-1.0432
-0.11673
-0.296234
-0.167419
-0.305237
-0.174927
0.0112915
0.109146
0.323975
0.0570068

[31]
-0.0293732
-0.0405273
0.0487213
0.077179
0.0722198
0.0769806
0.0779114
0.0455017
0.00268555
0.0875854
0.118515
0.191452
0.143829
0.139481
-0.015686
0.031601
0.00735474
0.196091
0.243622
0.270615
0.664413
0.786255
0.766617
-0.178467
-0.216492
1.1953
1.42804
1.16441
1.20694
0.966904
0.85228
0.751953
0.425095
0.146301
-0.0176239
-0.453018
-0.826324
-0.789032
-0.38356
-0.393616
-0.517593
-0.59346
-0.634567
-0.493179
-0.557373
-0.656113
-0.733917
-0.879654
-1.14767
-1.44987

[32]
-1.66083
1.71968
-1.21657
-0.306046
-0.392136
-0.108978
-0.222061
-0.121368
0.162247
0.187042
0.0584412
0.0373688
-0.0334473
0.0527954
0.0368805
0.0540466
0.0492249
0.0694427
0.0795898
0.0597992
0.0453949
0.00904846
0.0612183
0.0945587
0.0920105
0.176712
0.27684
0.204391
0.135162
0.17807
0.184799
0.295731
0.345139
0.472534
0.555527
0.385193
-0.140869
0.285995
0.794052
1.12534
1.14029
1.15846
0.88089
0.837463
0.688278
0.373947
0.113647
-0.0872192
-0.204758
-0.259872

[33]
-0.151382
-0.555283
-0.555908
-0.533691
-0.551987
-0.528336
-0.554016
-0.555573
-0.683655
-0.910645
-0.86853
-0.921539
-1.1743
-1.19734
-1.25648
1.69115
-0.874573
-0.288528
-0.316422
-0.505112
-0.338013
-0.15863
-0.0214996
0.170227
0.0879211
0.0935364
0.0172882
0.0131226
0.105408
0.0917053
0.065979
0.0709381
0.0898895
0.0966339
0.114273
0.0674286
0.0177612
-0.00106812
0.000930786
0.0917969
0.15416
0.143051
0.214737
0.186859
0.106049
0.116913
0.170242
0.257156
0.425507
0.860336

[34]
1.0506
0.848267
-0.444412
-0.0596924
0.667038
1.19768
1.16309
1.19456
0.962845
0.696426
0.464554
0.201935
-0.0417328
-0.429932
-0.222549
-0.328949
-0.680862
-0.760895
-0.811279
-0.717743
-0.636627
-0.608826
-0.393265
-0.255005
-0.176727
-0.281464
-0.50293
-0.464691
-0.613174
-0.72319
-0.492203
-0.865692
-0.575317
1.05803
-0.774857
-0.326797
-0.408768
-0.461411
-0.288544
-0.0590057
0.139038
0.143524
0.1418
0.00744629
-0.0204468
0.0212402
0.119843
0.142502
0.0825348
0.0433655

