[1]
-0.043045
-0.043045
-0.00457764
-0.0155945
-0.0268097
0.0213776
0.36496
0.844559
0.909714
0.484879
0.871719
0.0559692
-0.264496
-0.165573
0.307251
0.773102
0.593384
0.494644
0.377396
0.28511
0.265945
0.154938
0.010788
-0.043335
-0.141922
-0.514954
-0.778732
-0.737564
-1.27393
-1.30417
-1.26324
-1.41321
-1.95314
-1.63759
-1.54306
0.674438
1.10478
-0.766541
-0.472778
-0.255753
-0.615509
-0.676743
-0.488831
-0.150543
0.0865021
-0.012558
-0.236328
-0.17804
-0.16217
0.0778503

[2]
-0.562729
-0.214218
-0.412689
-0.663849
-0.357239
-0.2052
-0.255081
-0.141113
-0.114639
-0.115448
-0.197205
-0.0666809
0.0106812
-0.0192108
-0.127335
-0.131561
-0.0674438
-0.0111389
-0.0601196
-0.0835571
-0.0742798
-0.0337067
-0.0217285
0.0248718
0.0356293
0.0478363
0.0612793
0.00268555
0.0242462
0.0550385
0.0697021
0.408615
1.0999
1.09332
0.679062
0.0314789
0.176468
-0.0875244
0.0685272
0.478165
0.797729
0.631607
0.465469
0.355576
0.321564
0.360092
0.235138
0.197815
0.16275
0.0530548

[3]
-0.0263062
-0.55101
-1.24532
-1.90126
-1.79489
-2.06416
-2.11041
-1.74217
-1.53192
-1.07074
1.48921
0.167328
-0.85524
-0.6875
-0.436447
-0.602264
-0.182098
0.0102844
-0.0570679
-0.115097
-0.0759735
-0.120712
0.024765
0.096756
-0.0300293
-0.0812836
-0.0874481
-0.0401154
-0.00695801
-0.0347443
-0.0165405
-0.0309448
-0.0433807
-0.0257416
0.071579
0.0838623
0.0906219
0.0664062
0.0747528
0.118469
0.228836
0.122543
0.856781
1.4487
0.748825
0.634537
0.136597
0.215866
-0.193039
0.147476

[4]
0.00190735
-0.109863
-0.122818
-0.0697632
-0.0172729
-0.0143433
-0.0443573
-0.0813141
-0.0522766
0.00408936
-0.0110474
0.0776672
0.0412292
0.00505066
0.127777
0.144211
0.0367889
-0.0325775
0.177292
0.426498
0.987793
0.847351
0.828751
0.556702
0.164764
-0.135437
-0.104462
0.168808
0.795731
0.70195
0.465134
0.378693
0.241547
0.127884
0.112839
0.108963
0.102844
-0.0992432
-0.265671
-0.68483
-1.17844
-1.65239
-1.63922
-1.63393
-1.95193
-2.35999
-1.66899
-0.0583038
1.41821
-0.305099

[5]
0.630432
0.766891
0.506622
0.328384
0.251953
0.269287
0.277496
0.227737
0.136124
-0.0172577
-0.326996
-0.609497
-0.989227
-1.47328
-1.79094
-1.90388
-1.95906
-2.06248
-1.70532
-0.662674
1.60391
-0.35556
-0.619095
-0.60321
-0.375488
-0.501282
-0.222916
0.0640106
0.0122986
-0.0789948
-0.110611
-0.0637207
-0.0169067
0.142044
0.0370483
-0.0682831
-0.0514832
0.0315857
-0.00814819
0.0143127
-0.0274048
-0.0380859
0.00141907
0.0524445
0.0635986
0.0777283
0.127411
0.0139313
0.111481
0.13472

[6]
0.133972
0.169662
0.402161
1.28076
0.954407
0.666275
0.197113
0.254028
-0.122635
0.116455
0.516495
0.764343
0.662338
0.562256
0.439468
0.341354
0.277084
0.267548
0.167572
0.0429993
-0.247101
-0.326843
-0.717911
-1.49979
-2.05505
-2.18054
-2.06581
-1.94743
-1.66666
-1.21675
1.60187
0.253082
-0.927094
-0.320877
-0.600693
-0.41568
-0.151611
-0.173874
-0.0248566
-0.0206451
-0.0413361
0.0270996
0.0496216
0.0411224
-0.0443115
-0.0609283
-0.026062
-0.0596313
-0.0279541
0.026123

[7]
-0.0165405
-0.04599
-0.00515747
0.0639496
0.0591583
0.0289612
0.0119476
0.0501404
0.0558167
0.0434265
0.0955353
0.107742
0.607422
0.984192
0.861481
0.620789
0.845932
0.110153
0.343964
-0.175751
-0.0338593
0.724503
0.870056
0.52095
0.381439
0.264954
0.234344
0.239197
0.152527
0.0579834
-0.131119
-0.396454
-0.706055
-1.25195
-1.76427
-1.912
-1.86505
-1.94531
-1.92911
-1.27399
0.238266
1.2887
-0.490402
-0.556122
-0.422089
-0.87001
-0.262741
-0.259628
-0.112946
-0.162186

[8]
-0.130447
-0.0674591
-0.123581
-0.00169373
-0.0428619
-0.0407715
-0.0903168
-0.0853577
-0.0502167
-0.0368652
-0.0665741
-0.0587463
-0.0403595
-0.0648804
-0.013916
0.00172424
0.104614
0.101639
0.0479126
0.0284729
0.0449829
0.0775604
0.122498
0.499603
1.09006
1.00464
0.678162
0.459427
0.294449
0.147186
0.185974
0.400711
0.868759
0.697754
0.33847
0.231796
0.255157
0.211807
0.163956
0.0823364
-0.0288849
-0.312973
-0.578934
-1.07436
-1.51541
-1.79189
-1.76668
-1.88042
-1.86156
-1.73688

[9]
-1.62743
0.359665
1.54231
-0.79364
-0.412262
-0.421722
-0.830551
-0.284805
-0.287109
-0.105942
-0.0439148
-0.10257
-0.0839386
-0.129578
-0.0165558
0.0553131
-0.0262756
-0.0967102
-0.0980225
-0.0283966
-0.0135193
-0.027298
-0.0187683
-0.0525818
-0.0956421
-0.0231323
0.0274353
0.0541992
0.0727386
0.0552521
0.0548553
0.0917206
0.0320282
0.19809
0.11496
0.560898
0.962524
0.757889
0.849777
0.543747
0.164474
-0.0830536
0.0204468
0.521835
0.997849
0.608032
0.369431
0.283737
0.221619
0.264862

[10]
0.145447
0.116196
-0.025116
-0.267731
-0.591049
-0.939514
-1.43448
-1.87227
-1.97415
-1.78946
-1.95435
-1.67697
-1.56122
0.805267
0.687363
-1.1767
-0.498718
-0.394318
-0.669373
-0.452423
-0.119736
-0.228241
-0.110245
-0.103149
-0.0731506
-0.109177
-0.080368
-0.0154266
-0.0705566
-0.170547
-0.105637
-0.0296173
-0.0455322
-0.051651
-0.0766296
-0.0666809
-0.106674
0.00144958
0.00672913
0.0577393
0.0798492
0.0436249
0.0661926
0.0714264
0.13121
0.140045
0.541336
1.29126
0.826477
0.830856

[11]
0.41069
0.304825
-0.127975
-0.167633
0.633057
0.963806
0.489151
0.366684
0.287003
0.190704
0.136795
-0.00152588
-0.013916
-0.0524292
-0.201202
-0.521591
-0.952621
-1.42558
-1.63721
-1.49715
-1.69485
-1.96272
-2.06955
-1.54338
1.42937
-0.382339
-0.87323
-0.284592
-0.595215
-0.497009
-0.357086
-0.0381165
-0.0563049
-0.0215149
-0.0891113
-0.00753784
-0.0454254
-0.00184631
-0.158707
-0.107834
-0.107086
0.0211029
-0.123352
-0.0595093
-0.0254059
-0.0973969
-0.0491791
0.0229034
0.0833282
0.0335999

[12]
0.0719757
0.0973206
0.14035
0.130554
0.115021
0.270676
1.24489
1.18106
0.730057
0.442261
0.18335
-0.0224304
0.151016
0.671738
0.970428
0.538818
0.381317
0.309753
0.254913
0.249634
0.181412
0.107437
-0.128265
-0.41507
-0.744858
-1.07765
-1.54541
-1.91187
-1.97809
-1.87051
-1.80182
-1.90987
-1.55609
1.55548
-0.00941467
-1.34045
-0.0979767
-0.560471
-0.443359
-0.428787
-0.303726
-0.120941
-0.0101013
-0.030899
-0.258835
-0.15271
0.12796
-0.0235443
-0.113281
-0.108826

[13]
-0.0127716
-0.0364838
-0.0283356
-0.105713
-0.0567017
0.00784302
0.0393524
0.100113
0.0812531
0.0926361
0.117844
0.162292
0.135239
0.368622
0.889343
1.32564
0.96434
0.914154
0.244751
0.0518341
-0.0580902
0.342773
1.00459
0.694412
0.436218
0.370895
0.304794
0.273636
0.137039
0.0767059
-0.0767975
-0.258118
-0.477081
-0.865189
-1.27367
-1.67503
-1.89561
-1.83807
-1.82527
-1.88086
-1.90154
0.796402
1.01477
-1.16277
-0.383469
-0.555389
-0.725967
-0.375626
-0.312027
-0.0259705

[14]
-0.177444
-0.135071
-0.0313873
0.00132751
-0.00151062
-0.0525208
-0.0561829
-0.0741425
-0.124969
-0.11058
-0.0299988
-0.0775146
-0.110504
-0.0728149
-0.00708008
0.0493317
0.0146332
0.114044
0.118286
0.158127
0.199142
0.310684
0.697067
1.38675
0.850647
0.890106
0.286911
0.123291
-0.185791
0.0543365
0.705933
0.824585
0.417694
0.30838
0.212006
0.228561
0.210754
0.118683
-0.00457764
-0.124481
-0.344147
-0.705322
-1.00754
-1.45682
-1.87308
-1.99115
-1.90582
-2.12399
-1.992
-1.49997

[15]
0.956284
0.902924
-1.18813
-0.243301
-0.528641
-0.858734
-0.239563
-0.310211
-0.0527496
-0.03479
-0.192551
-0.144379
-0.362335
0.0380707
-0.0886688
-0.0485992
-0.157333
-0.0508575
-0.0483551
-0.0694122
-0.108078
-0.110916
-0.0508575
-0.0168915
0.0873566
0.00782776
0.0378571
0.0859833
0.0819397
0.156082
0.166473
0.425583
1.12852
0.753525
1.05632
0.384003
0.12323
-0.311935
0.0608978
0.924881
0.738541
0.452438
0.393127
0.319138
0.309494
0.286987
0.232407
0.0862885
-0.104309
-0.369263

[16]
-0.686462
-0.934158
-1.4102
-1.63226
-1.9355
-1.83018
-2.54027
-2.07881
0.21286
0.845367
-1.26712
-0.377029
-0.606598
-0.599411
-0.545273
-0.285782
-0.0449371
-0.0680237
-0.0108795
-0.18718
-0.0475769
-0.0675049
-0.063324
-0.140747
-0.130997
-0.0857391
-0.0774994
-0.0842743
-0.073288
-0.0603638
-0.139374
-0.0195465
0.00386047
0.103653
0.029892
0.0445099
0.083786
0.096756
0.0770111
0.39035
1.00453
1.13463
0.980988
0.894974
0.266068
-0.165833
-0.0463409
0.556335
0.986069
0.564804

[17]
0.375381
0.354202
0.322769
0.289368
0.213409
0.15329
-0.129471
-0.413193
-0.580963
-0.833603
-1.46082
-1.73543
-1.77
-1.65163
-2.22641
-1.88702
-1.71693
1.08096
0.955765
-1.51675
-0.291183
-0.58815
-0.655563
-0.364548
-0.24173
-0.254288
-0.148346
0.00775146
-0.175049
-0.067276
-0.247925
-0.127808
-0.149231
-0.0874023
-0.063858
-0.0505829
-0.0296936
-0.0622711
-0.0219421
0.0165558
0.00827026
0.00532532
0.0199127
0.0963898
0.11647
0.139343
0.318069
0.935074
1.48334
0.916489

[18]
0.602234
0.242325
0.0179596
-0.00743103
0.521683
0.942093
0.495911
0.323059
0.275238
0.238297
0.205124
0.165482
0.15094
-0.036438
-0.271774
-0.471542
-0.916061
-1.47952
-2.02991
-1.97046
-2.02509
-2.1806
-1.89136
-1.6799
0.476151
1.33575
-1.65388
-0.316971
-0.656693
-0.617065
-0.429764
-0.274536
-0.184555
-0.169952
-0.0766296
-0.140594
-0.132523
-0.112671
-0.0778503
-0.15123
-0.176147
-0.205933
-0.187897
-0.137009
-0.0996246
-0.114578
-0.0112762
0.0785675
0.072464
0.0693512

[19]
0.0508728
0.00718689
0.0371704
0.0600281
0.129379
0.493454
1.17351
1.14355
0.889633
0.73291
0.347229
-0.439636
-0.117462
0.462234
0.901367
0.668655
0.462936
0.324615
0.229797
0.20993
0.0891418
0.0457306
-0.112305
-0.352905
-0.685364
-1.28825
-1.63455
-1.85406
-2.00951
-2.09789
-2.20764
-1.77209
0.892242
0.885391
-1.55667
-0.250366
-0.656769
-0.759323
-0.58313
-0.375244
-0.191681
-0.0740814
-0.0710907
-0.125702
-0.241776
-0.0559998
-0.044754
-0.0927429
-0.134506
-0.124039

[20]
-0.100342
-0.0676727
-0.0666351
-0.0871124
-0.105469
-0.0387726
0.0140839
0.0649872
0.060379
0.115463
0.104248
0.08461
0.043869
0.680557
1.49022
0.840134
1.24037
0.168777
-0.0627899
0.0954742
0.272446
0.955292
0.728394
0.369202
0.294525
0.233261
0.166977
0.167862
0.137665
0.0151367
-0.076889
-0.264709
-0.991653
-1.28009
-1.92284
-2.1936
-2.4567
-2.62212
-1.49751
-1.18159
1.49144
0.140015
-1.28848
-0.314514
-0.549973
-0.726166
-0.433777
-0.283234
-0.150681
-0.108749

[21]
-0.0702667
-0.137619
-0.12056
-0.0179291
-0.0645752
-0.129105
-0.129608
-0.0501862
-0.0483704
-0.0582886
-0.0679932
-0.0775146
-0.028244
-0.000900269
-0.00259399
0.0664673
0.0526733
0.0723572
0.0656281
0.13591
0.12764
0.608185
1.11517
0.498077
1.3307
0.877655
0.0829926
-0.149185
-0.148834
0.566895
1.04572
0.705215
0.35704
0.203094
0.0482178
0.0847931
0.0598907
0.000793457
-0.237381
-0.708771
-1.00835
-1.59537
-1.93027
-1.84315
-2.16428
-2.07222
-2.13814
-0.580826
1.53676
-1.39381

[22]
-0.496078
-0.288116
-0.907043
-0.271271
-0.298355
-0.134995
-0.114441
-0.0910187
-0.0951538
-0.101303
-0.0630951
-0.0178986
-0.053299
-0.0624542
-0.0402527
-0.0421906
-0.0189972
-0.0331879
-0.117111
-0.0212555
0.0520477
0.116501
0.0439453
0.0908966
0.117416
0.09375
0.147659
0.180038
0.946762
1.44476
0.774414
0.893539
0.44545
0.349136
-0.291519
-0.101715
0.747238
0.96904
0.605164
0.39122
0.260803
0.229568
0.251846
0.187119
0.0639038
-0.101685
-0.353699
-0.814514
-1.42159
-2.00679

[23]
-2.10011
-2.20073
-2.30022
-2.02589
-0.584381
1.5316
-1.36255
-0.437729
-0.462372
-0.540817
-0.421036
-0.19899
-0.10257
-0.112213
-0.0712891
-0.0392761
-0.119186
0.00994873
-0.045517
-0.0407104
-0.0610657
-0.0711365
-0.0372314
-0.0632935
-0.0501251
-0.0635834
-0.032196
-0.0205841
0.0735016
0.0972595
0.0371094
0.0960846
0.0536194
0.108643
0.141144
0.621872
1.38104
0.84935
1.02258
0.508667
0.391174
-0.039093
-0.183517
0.673889
1.04108
0.64621
0.396301
0.262222
0.131348
0.152649

[24]
0.142792
0.0538177
-0.116119
-0.329224
-0.861588
-1.42622
-1.90091
-1.88881
-2.31944
-2.50887
-1.84874
-1.44414
1.51044
-0.125839
-1.18381
-0.215668
-0.664368
-0.662567
-0.365524
-0.139587
-0.115143
-0.124283
-0.0636139
-0.163818
-0.094162
-0.105179
-0.0332031
-0.0718536
-0.0976868
-0.0443726
-0.0520477
-0.0642395
-0.0804291
-0.0946045
-0.00224304
0.0390778
0.121964
0.102798
0.107742
0.11702
0.134888
0.0943298
0.536438
1.55643
0.940887
0.947754
0.46312
0.300354
-0.413559
-0.0719452

[25]
0.790817
1.00656
0.482819
0.315887
0.291779
0.316757
0.220612
0.171158
0.0789795
-0.123383
-0.310074
-0.948944
-1.63695
-2.17726
-2.37331
-2.58714
-2.32103
-1.90982
-0.983795
1.51555
-1.26752
-0.534729
-0.190292
-0.885544
-0.240707
-0.230362
-0.128738
-0.0534363
-0.235352
-0.0664368
-0.123627
0.0215149
-0.0987244
-0.100952
-0.0516815
-0.0761414
-0.109497
-0.0676575
-0.0476379
-0.107239
-0.0688171
0.033371
0.122849
0.139145
0.111755
0.129868
0.139206
0.133499
0.120483
0.806366

[26]
1.45158
0.847214
0.994827
0.329514
0.0900269
-0.192978
0.0168762
0.829224
0.80658
0.50206
0.413193
0.249542
0.185013
0.249771
0.182373
0.12883
-0.0809784
-0.331543
-0.77037
-1.54819
-2.03436
-2.0451
-2.43063
-2.2323
-1.89677
-1.47412
1.51129
-1.14188
-0.798447
-0.31955
-0.961395
-0.426804
-0.286667
-0.0372925
-0.0582275
-0.136948
-0.208069
-0.0385132
0.0240631
-0.127808
-0.112213
-0.0581512
-0.0845795
-0.0889587
-0.0487671
-0.0349426
-0.0323334
0.111679
0.086441
0.124908

[27]
0.115204
0.184952
0.155685
0.198715
0.333954
1.05531
1.20432
0.779755
0.77034
0.25177
-0.272659
0.0824432
0.307007
1.02893
0.834839
0.570404
0.357773
0.215836
0.289352
0.149719
0.155731
-0.102692
-0.264328
-0.485825
-1.15501
-1.60788
-2.01154
-1.99866
-2.06734
-2.1106
-2.14568
-0.95961
1.51476
-1.58609
-0.431
-0.594925
-0.699127
-0.485474
-0.247787
-0.107895
-0.0663147
-0.0451202
-0.036087
-0.0539093
0.0195312
-0.0419006
-0.118362
-0.0665741
-0.0387115
-0.0572662

[28]
-0.0534363
-0.102859
-0.0266266
-0.0167847
0.0404663
0.0460968
0.13443
0.0735168
0.0914001
0.106689
0.0632477
0.555222
1.36577
0.836914
1.04407
0.686493
0.185303
-0.281296
-0.105408
0.601318
1.07796
0.630905
0.387802
0.279099
0.247299
0.27298
0.223572
0.141388
-0.0394592
-0.233734
-0.582306
-1.24271
-1.91075
-2.3055
-2.39955
-2.2908
-2.19344
-1.52057
1.48819
-0.895691
-0.618149
-0.595428
-0.789154
-0.411118
-0.419998
-0.0757751
-0.130997
0.0533295
-0.0639191
-0.101685

[29]
0.0550232
-0.0526581
-0.0798645
-0.11058
-0.0723419
-0.0734863
-0.0617371
-0.0677338
-0.0326538
-0.04422
0.0313873
0.082016
0.103058
0.131882
0.156509
0.116714
0.0994263
0.443832
1.1524
1.10588
1.09621
0.49231
0.154556
-0.217148
-0.00880432
0.77829
0.976624
0.515549
0.422714
0.377838
0.344971
0.285599
0.27121
0.0443726
-0.106705
-0.385101
-0.594528
-1.07379
-1.56296
-1.5938
-1.79213
-2.03377
-2.20242
-1.74252
-1.13383
1.55956
-1.4501
-0.501221
-0.639023
-0.804443

