[1]
0.00556946
0.0437317
0.0582123
0.0468903
0.125549
0.143417
0.2341
0.351364
0.448944
0.523117
0.667145
1.02284
1.10004
0.95639
0.970917
0.860229
0.332153
-0.00900269
-0.634781
-0.136063
-0.633286
-0.649765
-0.739777
-0.674561
-0.681305
-0.615173
-0.553894
-0.479736
-0.323135
-0.0380859
0.398727
0.934189
1.10088
1.14893
1.0119
1.07666
0.665527
0.458145
0.161987
0.304031
0.655167
0.485428
-0.066803
0.0518036
0.0222473
0.112335
0.0270844
0.0155792
-0.00387573
-0.0289459

[2]
0.0105438
0.0232849
0.0449066
0.0513
0.0378723
0.0514679
0.0973816
0.147217
0.12648
0.119919
0.220032
0.350296
0.552582
0.558228
0.952499
1.07327
1.08983
0.95784
1.08551
0.0233917
-0.00717163
-0.626022
-0.113235
-0.724319
-0.661667
-0.88002
-0.692886
-0.660934
-0.588257
-0.468887
-0.331909
-0.125992
0.332138
0.858536
1.09871
1.15359
1.19765
0.797379
0.950378
0.475662
-0.377792
0.679184
0.311142
0.640045
0.0637207
0.247543
0.144608
0.01297
0.0568237
0.0349426

[3]
-0.0205688
-0.0359955
-0.0211334
0.018219
0.0433655
0.0258942
0.0092926
0.0286407
0.0180359
0.0529175
0.116257
0.14505
0.216293
0.362106
0.457535
0.529694
0.811523
1.05649
1.07315
1.09161
0.865707
0.583679
-0.0782166
0.549011
-0.194183
-0.726532
-0.825516
-0.742096
-0.864365
-0.778809
-0.674942
-0.569061
-0.436096
-0.287415
0.0202179
0.58812
1.09825
1.15923
1.21577
1.21745
0.615936
1.24051
-0.453934
0.503998
0.912018
0.229416
0.881454
0.179108
0.176987
0.0690613

[4]
0.053894
0.0979767
0.0346527
-0.00790405
-0.0218506
-0.0647736
-0.0365143
-0.00259399
0.0483398
0.0157776
0.0224304
-0.00883484
0.0211487
0.0673523
0.0767059
0.160004
0.306
0.436783
0.470306
0.548416
0.805206
1.06056
1.0757
1.09508
0.903244
0.792587
-0.233383
0.956314
-0.271454
-0.488144
-0.876953
-0.694153
-0.85582
-0.792236
-0.669403
-0.565308
-0.450745
-0.283112
0.00431824
0.513611
1.06187
1.13907
1.19698
1.2402
0.823868
0.708054
-0.0814362
0.0164948
0.722565
0.346085

[5]
0.679367
0.0687561
0.283279
0.15097
0.042038
0.0926056
0.015152
-0.00941467
-0.0340729
-0.00523376
0.00912476
0.0299072
0.0156555
-0.00421143
-0.0057373
0.0616913
0.12413
0.118698
0.0869904
0.183868
0.34848
0.415054
0.487747
0.612289
1.0238
1.06779
1.08478
0.949875
0.917084
0.338882
0.177414
-0.586426
-0.401779
-0.860306
-0.711624
-0.796082
-0.717453
-0.644135
-0.567261
-0.440338
-0.246368
0.042038
0.526794
1.11919
1.18689
1.25102
1.29582
0.643188
0.466019
1.14844

[6]
-0.493073
0.734055
1.12181
0.410233
0.640686
0.583847
0.310333
0.0282593
0.0549927
0.052063
0.000305176
-0.0445557
-0.053772
-0.0803986
-0.0187378
0.0294495
0.0647583
0.0374451
0.0606689
0.0606079
0.0673523
0.108612
0.217499
0.274277
0.366745
0.43576
0.544952
0.921494
1.06068
1.07433
1.0927
0.970505
0.713242
-0.0509796
-0.29306
-0.0545044
-0.706009
-0.708664
-0.77092
-0.748779
-0.747513
-0.58493
-0.458511
-0.302673
-0.0598145
0.526581
1.0649
1.13609
1.19539
1.23958

[7]
-0.295471
0.808121
0.565781
0.0952454
0.602478
0.682373
0.456757
-0.258514
0.0481873
0.197937
0.0921631
0.0879669
-0.00675964
0.00772095
0.0280762
-0.0161896
-0.00299072
0.00527954
0.0202789
-0.00473022
0.00949097
0.0458984
0.0869446
0.061676
0.0720978
0.282715
0.33226
0.457214
0.490601
0.596008
1.04279
1.07219
1.08858
0.915329
0.880875
0.169067
-0.110596
-0.743835
-0.0441437
-0.83815
-0.625824
-0.827011
-0.695221
-0.619522
-0.547501
-0.447937
-0.335144
-0.111938
0.335236
0.99472

[8]
1.13194
1.19058
1.23523
0.905487
0.442078
0.839676
0.137497
0.628006
1.05516
0.371536
0.518295
-0.0355377
0.177917
0.0509186
0.0144043
0.0411072
0.0115967
-0.014801
-0.0556641
-0.00933838
-0.012207
0.0418091
0.0341187
0.0199585
0.0355225
0.0658417
0.0745392
0.0788727
0.126617
0.184631
0.303726
0.438812
0.439346
0.615067
1.06175
1.07623
1.09389
1.11983
0.800797
0.182556
-0.212143
-0.559769
-0.160309
-0.80484
-0.634888
-0.800262
-0.661636
-0.582809
-0.482452
-0.338577

[9]
-0.20166
0.116257
0.703537
1.10503
1.16544
1.22014
1.11197
0.525223
0.835876
0.554871
-0.219315
0.741089
0.353729
0.369644
0.377075
0.0694885
0.239609
0.0289612
0.0798492
0.066452
0.0207062
-0.0329742
-0.0295868
-0.0753632
-0.0344849
0.045639
0.0391846
0.0275879
0.0452881
0.0277405
0.0698547
0.130371
0.195633
0.346146
0.41391
0.509369
0.849503
1.05287
1.06635
1.08408
0.785233
0.67691
-0.101257
0.165817
-0.352219
-0.272141
-0.791718
-0.585861
-0.746277
-0.68103

[10]
-0.612137
-0.559433
-0.473602
-0.323792
-0.119171
0.164124
0.719284
1.11743
1.17601
1.22803
1.12909
0.355392
1.24536
0.141953
0.304169
1.15826
0.45108
0.534668
0.321411
0.11084
0.154358
0.01297
0.0684204
0.0106659
-0.00288391
-0.019043
-0.0156708
-0.0305481
0.0140228
0.0471497
0.0147552
0.026535
0.0342102
0.052948
0.0998993
0.119202
0.213379
0.365479
0.49028
0.495087
0.668137
1.05037
1.06363
1.08009
1.05838
0.688217
0.0493927
0.379211
-0.551041
-0.187485

[11]
-0.862198
-0.682693
-0.848511
-0.702469
-0.647873
-0.571564
-0.401901
-0.26358
0.0749207
0.625839
1.12247
1.18839
1.24472
0.974304
0.651337
0.770844
0.155533
0.995239
0.952942
0.240204
0.761795
-0.143509
0.292282
0.00358582
0.0926971
0.0457153
0.0240173
-0.0067749
-0.0476074
0.0205994
0.0447235
0.0561829
0.0568695
0.0377808
0.0345306
0.0647125
0.131729
0.140305
0.184814
0.328522
0.414703
0.490814
0.569992
1.04665
1.05844
1.07274
0.894104
0.848068
0.165878
-0.353409

[12]
-0.370789
-0.157272
-0.947113
-0.694321
-0.836166
-0.728333
-0.695175
-0.593994
-0.454285
-0.297607
-0.0137482
0.415512
0.927811
1.16315
1.22231
1.13145
0.650177
1.10846
-0.171738
0.435318
1.09384
0.292404
0.182083
0.0150452
0.120758
0.113861
0.104019
0.0805359
0.0365601
-0.00918579
-0.0383148
-0.0285339
0.0109863
0.0638733
0.0463409
0.0267334
0.0544739
0.0542145
0.0826874
0.0482178
0.0627594
0.183197
0.300339
0.489548
0.515915
0.745468
1.04382
1.05775
1.07449
0.779221

[13]
0.581253
0.167969
-0.176315
-0.7948
-0.35173
-0.721924
-0.696289
-0.706894
-0.617279
-0.60939
-0.522507
-0.416245
-0.264999
0.0274963
0.580734
1.11639
1.1799
1.24001
1.19038
0.745682
0.543045
0.22142
0.277786
0.772415
0.360077
0.54628
0.247223
0.108734
0.154587
0.0107727
0.0191498
0.0525818
-0.0171051
0.00257874
0.00796509
-0.0134125
0.0112305
0.0227203
0.0103455
0.0122528
0.0269318
0.0657501
0.0665741
0.0976105
0.190918
0.351334
0.441757
0.473892
0.70549
1.03641

[14]
1.05063
1.06886
0.810349
0.858948
-0.145645
-0.00663757
-0.69194
-0.372147
-0.902344
-0.725433
-0.927231
-0.764252
-0.713501
-0.609818
-0.494476
-0.326965
-0.102798
0.354889
0.949753
1.17097
1.23453
1.27968
0.707169
0.679626
0.999161
-0.651306
0.929291
0.888794
0.343796
0.864944
-0.13472
0.257416
-0.0214691
0.0643463
0.0955048
0.0124054
-0.0367737
-0.0453796
-0.047287
-0.0105133
0.0642548
0.0430908
0.044693
0.0345612
0.0762787
0.0802155
0.162094
0.321747
0.430893
0.463593

[15]
0.610596
1.02405
1.05074
1.06628
1.0854
0.817261
0.307098
0.00320435
-0.845917
-0.050827
-0.777145
-0.693817
-0.861847
-0.780869
-0.697449
-0.627792
-0.512238
-0.36615
-0.145294
0.382156
0.881836
1.15349
1.2189
1.26888
0.695923
0.426743
1.10535
-1.03864
0.856293
0.557922
0.364243
0.644928
0.101013
0.224335
-0.0143738
0.0384979
0.0779419
-0.00404358
0.0196381
-0.00201416
-0.0121918
-0.00215149
0.0058136
0.0316772
0.0336609
0.057312
0.0981598
0.132385
0.192062
0.2966

[16]
0.374405
0.483612
0.538681
0.949829
1.05524
1.07074
0.991821
0.881714
0.342407
0.274796
-0.745987
0.0643616
-0.85257
-0.665146
-0.812851
-0.749176
-0.679688
-0.577957
-0.414322
-0.274918
0.0100403
0.482162
1.03627
1.1674
1.22693
1.26926
0.593628
0.531357
0.956985
-0.838867
0.687561
0.716644
0.549377
0.528168
-0.0618134
0.157364
-0.0250244
0.113602
0.0776367
0.0187225
-0.0181427
-0.086731
-0.00299072
-0.00149536
0.0288544
0.0705566
0.0222778
0.0700073
0.113556
0.0989227

[17]
0.124619
0.240982
0.395996
0.516846
0.500778
0.764282
1.05278
1.06487
1.08214
0.937134
0.75827
-0.0337524
0.00532532
0.074707
-0.613297
-0.751709
-0.726624
-0.671371
-0.635559
-0.565323
-0.412872
-0.280365
-0.0355072
0.52002
1.01656
1.15826
1.22217
1.27023
0.592148
1.27783
0.444199
-0.357529
1.19138
0.669342
0.891861
0.0214691
0.147156
0.0485535
-0.00926208
0.0903473
0.00120544
-0.0123291
-0.057724
0.00289917
0.0270386
0.057663
0.0106201
0.00656128
0.042923
0.0764313

[18]
0.15036
0.20546
0.275543
0.390625
0.556961
0.565582
0.88092
1.05481
1.06953
1.08725
1.00916
0.150604
-0.101837
-0.428726
-0.356018
-0.862457
-0.674774
-0.853134
-0.696487
-0.610107
-0.553192
-0.387512
-0.191132
0.297562
0.63562
1.11897
1.1832
1.24101
1.13675
0.696289
1.255
-0.350876
0.618042
1.03868
0.364334
0.811844
0.0324707
0.264755
0.0131378
-0.0560913
0.0317688
0.00712585
0.00205994
-0.00506592
0.0124359
0.0194702
0.0257568
0.0148468
0.0609283
0.0279388

[19]
0.0865173
0.105469
0.142761
0.33107
0.401382
0.468231
0.493851
0.756134
1.04039
1.05336
1.06976
1.06903
0.522812
-0.0537262
-0.253174
0.155594
-0.627625
-0.75351
-0.726685
-0.745392
-0.659927
-0.552246
-0.425842
-0.278152
-0.0490265
0.441254
1.10893
1.17589
1.24446
1.29697
0.736191
0.561844
1.09477
-0.346115
0.722412
1.01155
0.176895
0.819565
-0.0394592
0.437195
0.0665741
0.0319366
0.074295
-0.0307007
-0.0439758
-0.0398407
-0.0896759
0.00842285
0.0641327
0.0707703

[20]
0.0349274
0.0172272
0.0787354
0.0565796
0.126068
0.302414
0.406693
0.510025
0.555069
0.888657
1.06407
1.08148
1.10397
0.908447
0.377274
0.0123901
-0.77478
-0.117111
-0.944138
-0.653198
-0.871841
-0.670456
-0.607376
-0.526169
-0.362823
-0.181671
0.232147
0.641541
1.10184
1.16231
1.21692
1.08723
0.49379
1.16382
-0.0555878
1.18765
0.632584
0.374405
0.676941
0.0276184
0.26416
-0.0619354
0.0341644
0.0637512
-0.000686646
-0.0298309
-0.0428925
0.00579834
0.0125275
0.0379486

[21]
0.0319366
0.0342712
0.0540924
0.0914764
0.142471
0.200195
0.293533
0.392273
0.563156
0.599167
0.935272
1.06288
1.08044
0.984879
0.966522
0.0925446
0.094223
-0.517059
-0.202377
-0.940781
-0.593719
-0.9095
-0.702209
-0.636551
-0.567535
-0.401123
-0.257523
0.0443268
0.549973
1.10135
1.16359
1.21883
0.962799
0.459885
0.500671
-0.111206
0.598816
1.09192
0.270035
0.881699
0.285492
0.179733
-0.0355072
0.00285339
0.102036
0.00660706
-0.0431824
-0.0346375
-0.00895691
0.0800629

[22]
0.045639
0.00683594
0.0299683
0.0867157
0.131363
0.168289
0.217941
0.397446
0.52565
0.636673
0.704559
1.04668
1.06056
1.07709
1.10349
0.676682
0.356003
-0.492355
0.293747
-0.807205
-0.797119
-0.717789
-0.7892
-0.687302
-0.59523
-0.486359
-0.32933
-0.0982666
0.43898
1.05165
1.19221
1.26437
1.31654
0.940033
0.877594
0.523056
-0.0266724
1.24496
0.508347
0.794327
0.0806885
0.139038
0.184998
0.0197601
0.103195
0.0204468
-0.0207825
-0.0157166
-0.0439758
0.0462341

[23]
0.0864258
0.0707245
0.0434723
0.0205994
0.0639954
0.122238
0.170837
0.341003
0.442368
0.546051
0.545929
0.747818
1.04488
1.05783
1.07524
1.01485
0.252975
-0.185455
-0.573883
-0.169708
-0.968155
-0.680267
-0.869232
-0.698029
-0.632904
-0.534622
-0.366272
-0.210724
0.0773315
0.585388
1.13354
1.20323
1.2668
1.21616
0.476593
0.78389
0.283676
0.352112
0.933548
0.45166
0.714188
0.57933
0.14621
0.151764
0.016037
0.0991821
0.0738068
-0.0114594
0.00617981
-0.00616455

[24]
0.0035553
0.00773621
0.0190735
0.039978
0.0464935
0.0851746
0.121429
0.100754
0.25885
0.332809
0.470764
0.530045
0.63826
1.0367
1.04857
1.0627
1.08394
0.621979
-0.116638
0.969833
-0.0655365
-0.618607
-0.826904
-0.720291
-0.816666
-0.718369
-0.635239
-0.529617
-0.366028
-0.127411
0.389572
0.992523
1.17889
1.24481
1.29514
0.805527
0.685074
1.2536
-0.164536
1.23891
1.00047
0.443115
0.32254
0.0109711
0.0763702
0.0078125
0.117752
0.0924225
0.0286865
0.0175323

