[1]
0.116943
0.211807
-0.337479
-0.501755
-0.0842438
-0.0623474
-0.11499
-0.328781
-0.270966
-0.134171
-0.14743
-0.208176
-0.174149
-0.142471
-0.0992889
-0.0059967
-0.0416565
0.00915527
0.108276
0.207474
0.090332
0.575317
1.32964
0.775162
1.42838
0.561935
0.650131
-0.458786
-0.452789
0.523834
1.03578
0.923752
0.762558
0.44075
0.25383
0.221069
0.172302
0.164948
0.103256
-0.10466
-0.229965
-0.724411
-1.4776
-1.94688
-2.61453
-2.61813
-1.54243
0.76857
0.645065
-1.34476

[2]
-0.525299
-0.887924
-0.795853
-0.40123
-0.358414
-0.0964203
-0.190887
-0.104752
-0.112396
-0.15123
-0.0665894
-0.0902863
-0.0989838
-0.154587
-0.171097
-0.0922699
-0.10051
-0.11676
-0.100647
-0.13179
-0.0691833
0.0363312
0.0142365
0.153656
0.200653
0.321213
0.227509
0.939316
1.4622
0.842667
0.985031
0.891296
0.113052
-0.75885
0.278748
0.943588
1.12956
0.858322
0.531433
0.21077
0.107239
0.0655975
-0.0171204
-0.0642548
-0.259872
-0.652908
-1.14856
-1.93767
-2.16168
-2.26505

[3]
-2.58592
-2.55899
0.545151
1.24796
-1.45694
-0.0567169
-0.945221
-0.68158
-0.446686
-0.446167
-0.115234
-0.148346
-0.0226288
-0.00624084
-0.109528
-0.0764313
-0.0267792
-0.0539551
-0.0717926
-0.0749359
-0.101212
-0.114044
-0.105911
-0.0600891
-0.0321045
-0.0205383
0.0455933
0.0590057
0.19368
0.274826
0.152863
0.52887
1.62306
1.27875
1.17946
0.781647
0.785004
-0.26178
-0.174774
0.723801
0.965363
0.798248
0.646118
0.412323
0.240982
0.186813
0.141434
0.0854797
-0.0982056
-0.381592

[4]
-1.00493
-1.76115
-2.38577
-2.53848
-2.59593
-2.33374
-0.727982
1.50571
-1.31482
-0.705505
-1.01656
-0.599854
-0.41539
-0.202942
-0.0444031
-0.138489
-0.0684052
0.0309753
0.0178223
0.017334
-0.00367737
-0.0833282
-0.0819092
-0.0830536
-0.0995483
-0.1129
-0.0693054
-0.066925
-0.1194
0.013092
0.0421448
0.131287
0.16423
0.223206
0.317154
0.28952
0.702698
1.79497
1.07503
0.953461
0.82843
0.953079
-0.370941
-0.292847
0.69722
0.926987
0.873077
0.747162
0.466736
0.332855

[5]
0.233582
0.193649
0.165756
-0.07901
-0.384064
-0.842743
-1.5519
-2.43312
-2.57268
-2.59247
-2.52321
-1.44577
1.51747
0.464844
-0.792465
-0.585938
-1.14023
-0.582611
-0.546188
-0.0628357
-0.0681152
-0.039505
-0.0394287
-0.124985
-0.0456238
0.0304871
0.0347748
-0.0595093
-0.107391
-0.118149
-0.0843353
-0.0823517
-0.056366
-0.0345001
-0.0372467
-0.00894165
0.0897217
0.0452118
0.117447
0.184189
0.2052
0.223022
1.38731
1.71416
0.963654
0.752899
0.750687
0.304276
-0.463394
0.104965

[6]
0.798416
0.917679
0.823105
0.638947
0.367203
0.325043
0.258987
0.25383
0.130905
-0.45343
-0.671753
-1.02834
-1.72975
-2.31299
-2.43941
-2.57777
-2.06078
0.365158
1.4816
-0.910187
-0.497452
-0.732224
-0.572678
-0.414597
-0.360031
-0.0411682
-0.117813
0.0131683
-0.0964661
-0.0654144
-0.125015
-0.0393066
0.00642395
-0.0437012
-0.0993195
-0.111877
-0.0711823
-0.0399475
-0.0200653
-0.0530548
0.0193329
0.019577
0.0570374
0.101822
0.250534
0.236542
0.216019
0.999023
1.32253
0.837952

[7]
1.36673
0.598907
0.590515
-0.394714
-0.0117188
0.731949
1.02261
0.88121
0.681152
0.390045
0.234299
0.204193
0.117401
0.132828
0.0315704
-0.344376
-0.669983
-1.20874
-2.03732
-2.24083
-2.57111
-2.55264
-1.00352
1.52519
-0.0134125
-0.817703
-0.50531
-0.756699
-0.569122
-0.496216
-0.25795
-0.0600433
-0.0729218
0.00845337
-0.0363617
-0.0791931
-0.00187683
0.0227051
-0.0604553
-0.0945587
-0.0726318
-0.065918
-0.0483246
-0.0440369
-0.0132599
-0.0233307
-0.0485992
0.0626373
0.0789948
0.195389

[8]
0.191437
0.268417
0.285034
1.07484
1.58543
0.853607
0.999985
0.756134
0.762863
-0.266327
-0.278305
0.574799
0.920868
0.903748
0.764023
0.470291
0.307281
0.200424
0.122833
0.0590668
-0.0452423
-0.292328
-0.742661
-1.18214
-2.18346
-2.24719
-2.56712
-2.54851
-0.272537
1.51305
-1.32399
-0.489548
-0.872833
-0.601608
-0.470062
-0.381882
-0.0778198
-0.0637512
0.0557709
-0.0882111
-0.114548
-0.00512695
-0.00712585
0.056488
-0.0536652
-0.105621
-0.0930023
-0.0367432
-0.0638428
-0.0582275

[9]
-0.00656128
0.00323486
-0.00614929
0.163086
0.0475616
0.206116
0.22496
0.170166
0.514175
1.52052
1.38712
1.08646
0.762192
1.10631
-0.0522461
-0.601318
-0.0890045
0.597855
0.913986
0.928482
0.706085
0.422394
0.17952
0.131302
0.155762
0.097168
-0.126419
-0.481064
-0.899429
-1.8344
-2.47226
-2.57703
-2.57167
-1.6008
1.50749
0.684875
-1.19662
-0.481537
-0.895538
-0.668869
-0.456161
-0.267822
-0.055191
-0.152634
-0.0179596
-0.106125
-0.146393
-0.0306091
-0.00843811
0.0178528

[10]
-0.0341034
-0.0626373
-0.0744781
-0.121033
-0.0877991
-0.0360565
-0.0551147
-0.0142517
0.09758
0.103287
0.192459
0.295883
0.269882
0.342255
1.80144
1.68843
1.24208
0.615234
1.02582
-0.543076
-0.554626
0.589996
0.93425
0.939209
0.757828
0.595108
0.412155
0.241669
0.138168
0.113541
0.0548096
-0.198456
-0.656113
-1.18665
-2.10313
-2.25716
-2.58592
-2.57884
-1.54811
1.50478
-0.834091
-0.559067
-0.773895
-0.805801
-0.560074
-0.35405
-0.0795898
-0.0348358
-0.0217285
-0.0015564

[11]
-0.111404
0.0561218
0.0727997
0.133972
-0.0821075
-0.162842
-0.142899
-0.0262299
-0.0191803
-0.0500641
-0.0423126
0.00163269
0.0575409
0.135757
0.176987
0.301041
0.333862
0.256363
0.657242
1.81046
1.09137
1.27724
0.987473
0.803345
-0.502945
0.0238647
0.796982
1.02802
0.844467
0.717087
0.419922
0.314102
0.279205
0.246902
0.114761
-0.144043
-0.48497
-0.972061
-1.83212
-2.38724
-2.57733
-2.57637
-1.6293
0.772629
1.28427
-1.16547
-0.885178
-0.95845
-0.597946
-0.458481

[12]
-0.0970154
0.0219116
-0.125046
-0.0918274
-0.234985
-0.0296173
-0.00332642
0.0686493
-0.0319824
-0.0253296
-0.0815582
-0.0927429
-0.0632019
-0.0745239
-0.0330353
0.0152435
0.0228729
0.126022
0.0958862
0.189896
0.28035
0.213776
0.446182
1.84427
1.43613
0.837357
0.698563
1.08145
-0.467407
-0.551926
0.310974
0.825226
0.871399
0.796677
0.660538
0.389343
0.196747
0.128418
0.127319
-0.0569763
-0.357544
-0.869034
-1.25604
-2.29562
-2.53
-2.54559
-2.52922
-1.69092
1.55064
-0.0727997

[13]
-0.892548
-0.315384
-0.842834
-0.447815
-0.606201
0.0339966
-0.166229
0.0121155
-0.0396271
-0.209427
0.0621338
0.0179138
0.0543823
-0.0783691
-0.0706329
-0.0565186
-0.0790863
-0.0322113
-0.0341034
-0.063324
0.064621
0.135361
0.142441
0.175674
0.243378
0.321198
0.423111
1.37625
1.67856
0.871841
0.720093
0.911072
-0.0546265
-0.34462
0.116089
0.749924
0.893936
0.83783
0.710815
0.452942
0.262054
0.191895
0.200378
0.147339
-0.107071
-0.399185
-0.724289
-1.62825
-2.394
-2.56055

[14]
-2.57076
-2.16573
0.543915
0.574081
-1.37193
-0.463821
-0.591141
-0.511246
-0.456818
-0.245682
-0.0713501
-0.129898
-0.0226288
-0.0552826
-0.00495911
0.0244751
0.0559082
-0.0397797
-0.0873108
-0.113083
-0.109314
-0.0764008
-0.0464325
-0.0445251
-0.057724
0.00172424
0.0723572
0.0811005
0.171661
0.14502
0.231613
0.219589
0.914719
1.63156
1.24663
0.921371
0.886414
0.849487
-0.112
-0.417084
0.720749
0.952942
0.850891
0.650757
0.456085
0.255203
0.205414
0.147186
0.0945892
-0.15567

[15]
-0.594833
-1.13805
-1.8
-2.20998
-2.58438
-2.58266
-2.10841
-0.27623
1.53195
0.754471
-0.902267
-1.05699
-0.985352
-0.463028
-0.378693
0.00831604
-0.0412445
0.108475
0.0315552
-0.0508575
-0.140915
0.0703888
-0.126572
-0.188934
-0.337753
-0.254669
-0.174026
-0.18364
-0.161972
-0.19075
-0.00975037
0.212524
0.204636
0.168137
0.251221
0.364258
0.342636
0.995911
1.38405
0.988525
1.23212
0.855225
0.527817
-0.65387
0.335571
0.942841
0.87822
0.671005
0.526749
0.349533

[16]
0.244125
0.140015
0.102173
0.084198
-0.132401
-0.389648
-0.889771
-1.52576
-2.11377
-2.33017
-2.60147
-2.29013
-1.84149
0.781662
1.01036
-1.14005
-0.945786
-0.446213
-0.388733
-0.345078
-0.296326
0.000900269
-0.0586395
-0.0671082
-0.0375519
-0.177353
-0.212677
-0.104279
-0.080658
-0.0420837
0.000320435
-0.0297394
0.0114441
-0.0784607
-0.11203
-0.0715942
0.0723267
0.0918427
0.112091
0.157593
0.303406
0.362717
0.726456
1.67389
1.02963
1.03777
0.77948
0.627243
-0.259735
0.409058

[17]
0.94313
0.885254
0.659561
0.530151
0.383987
0.311539
0.251358
0.174011
-0.0266876
-0.283691
-0.60318
-1.01909
-1.74931
-2.18596
-2.41988
-2.5947
-2.53432
0.0520477
1.29114
-1.34201
-0.912659
-0.585144
-0.587112
-0.361603
-0.162552
0.0287933
-0.186188
-0.114822
-0.141129
0.0174408
0.00953674
-0.0289917
-0.192856
-0.0970001
-0.105164
-0.132034
-0.0966644
-0.0754547
-0.0662079
-0.0160675
0.0603485
0.072525
0.137817
0.210815
0.254044
0.392426
1.47655
1.4478
1.02551
0.891403

[18]
1.04553
-0.281952
-0.754929
0.299561
0.724884
0.896881
0.754913
0.571304
0.281845
0.178314
0.157944
0.155518
0.00723267
-0.19548
-0.62088
-1.21066
-1.94579
-2.15034
-2.36882
-2.60117
-1.82829
-0.255707
1.49664
-1.48929
-0.762604
-0.80899
-0.734467
-0.554169
-0.117035
-0.0668488
-0.0302124
0.0252686
-0.149261
-0.0542297
-0.0106659
-0.0361633
-0.10524
-0.15361
-0.108551
-0.0595703
-0.108093
-0.0684662
-0.103165
-0.0482788
0.0392303
0.0829163
0.137039
0.216019
0.297073
0.326645

[19]
1.26123
1.35446
1.0426
1.01794
0.940308
-0.306946
-0.872421
0.39592
0.9608
1.04303
0.866455
0.602753
0.277527
0.256363
0.267776
0.261444
-0.100113
-0.109955
-0.299637
-0.814499
-1.65543
-2.23335
-2.47125
-2.56374
-2.53685
-0.886398
1.53563
-1.25826
-0.748108
-0.548416
-0.564484
-0.418686
-0.151001
-0.1259
-0.121399
-0.0168304
-0.0645599
-0.0847931
0.018631
0.0371246
0.013382
-0.069458
-0.0728607
-0.106461
-0.0497131
-0.037323
0.0190582
0.101883
0.0755463
0.160492

[20]
0.213287
0.239899
0.16153
0.846863
1.65387
0.958572
1.30528
0.980331
0.726425
-0.564178
0.0473022
0.836533
1.03841
0.856583
0.687561
0.407516
0.271027
0.240738
0.062561
-0.0118408
-0.290695
-0.754242
-1.27374
-2.01297
-1.98672
-2.55478
-2.54485
-1.86717
1.53293
-1.38837
-1.17976
-0.234589
-0.549667
-0.296738
-0.0934753
-0.114594
-0.0543518
-0.0626526
-0.0714569
0.0432434
-0.00823975
-0.0163269
-0.0623474
-0.111969
-0.0843506
-0.117569
-0.0851593
-0.0675049
-0.00733948
-0.0608368

[21]
0.0467072
0.150162
0.189133
0.2397
0.37262
0.412262
0.827835
1.64999
0.925125
1.29808
0.968033
0.689636
-0.613892
0.372559
0.90097
0.917862
0.636917
0.527161
0.364639
0.210876
0.147293
0.0901489
-0.111069
-0.260712
-0.66214
-1.2211
-2.04689
-2.1223
-2.44415
-2.5733
-1.81267
-1.07373
1.53777
-1.35271
-0.804993
-0.766006
-0.846313
-0.798996
-0.172379
-0.0947266
-0.126785
0.0765991
-0.144073
-0.0198517
0.00572205
0.101303
0.0218048
-0.0742798
-0.13652
-0.129044

[22]
-0.131332
-0.0247955
-0.0540619
-0.00550842
0.00799561
0.112564
0.131195
0.179611
0.253387
0.269699
0.544159
1.42247
1.28497
0.885956
0.844757
0.815887
-0.144882
-0.452316
0.860825
1.04739
0.759048
0.57251
0.464584
0.360382
0.307068
0.265945
0.185883
-0.0266571
-0.307205
-0.831772
-1.54326
-2.35965
-2.54428
-2.58105
-2.56085
-2.11151
1.53517
-0.48317
-1.23982
-0.962067
-0.622681
-0.465546
-0.266953
-0.0693817
-0.144806
-0.0253754
-0.0751953
-0.150711
-0.0871735
-0.114929

[23]
-0.019104
-0.0590515
-0.048584
-0.0773773
-0.0278473
0.00291443
-0.032486
0.000228882
0.122055
0.101562
0.179825
0.201401
0.247925
0.663696
1.29515
1.08174
1.15176
0.631149
0.666458
0.0661469
-0.158661
0.89032
1.13753
0.859253
0.573502
0.347519
0.201035
0.227112
0.202957
0.193359
-0.00367737
-0.238388
-0.856018
-1.44135
-2.13066
-2.49908
-2.60994
-2.58687
-1.84227
1.5157
0.391144
-1.0863
-1.3372
-0.599899
-0.605316
-0.452087
-0.0536957
-0.161392
-0.108643
-0.000900269

[24]
-0.108505
-0.130692
-0.0656128
-0.0371857
0.0161133
-0.00814819
-0.0516357
-0.102997
-0.0858307
-0.0432129
0.080307
0.144394
0.083786
0.117905
0.198654
0.216965
0.707504
1.4362
0.985992
1.19147
0.575043
0.704697
-0.111923
-0.349548
0.762146
1.05211
0.943787
0.675369
0.380966
0.174271
0.188461
0.163803
0.126923
-0.0118713
-0.289795
-0.807739
-1.45099
-2.25301
-2.57346
-2.60953
-2.58351
-1.49458
1.50912
-0.534027
-0.860641
-1.39075
-0.627167
-0.63942
-0.375305
6.10352e-05

[25]
-0.0854187
-0.0916443
-0.147339
-0.217148
-0.148956
0.00950623
-0.0498199
-0.0822754
-0.119583
-0.0605469
-0.0742188
-0.0910492
-0.0175629
0.0979614
0.134048
0.160995
0.148132
0.204636
0.166733
0.816971
1.49783
1.05159
1.17702
0.839798
0.848495
-0.726913
0.0498047
0.873245
1.04765
0.849365
0.563995
0.31076
0.167847
0.174347
0.162354
0.113663
-0.164398
-0.448547
-0.971954
-1.80412
-2.34741
-2.62534
-2.6283
-1.76392
-1.38187
1.48323
-0.955582
-1.39442
-0.501266
-0.715256

