[1]
-0.00242615
-1.02132
-1.03787
-0.81604
-0.701904
-0.563782
-0.492386
0.0648804
-0.0154266
-0.355438
-0.423904
-0.304413
0.0207214
-0.3508
-0.0158844
0.0100403
-0.0330658
-0.00178528
0.00328064
0.0270386
0.0371857
0.0258789
-0.0150757
0.0219421
0.0052948
-0.00486755
-0.0468903
-0.0298157
-0.0467834
-0.0601654
-0.050766
-0.0347595
-0.0608978
-0.113937
-0.159943
-0.254578
-0.247025
-0.259521
-0.334641
-0.51593
-0.967529
-1.08665
-0.79422
-0.905502
-0.601486
-0.425034
-0.0243683
0.706482
0.187943
0.496094

[2]
0.604706
0.686661
0.67865
0.608795
0.534668
0.483139
0.447052
0.330002
0.0550995
-0.211807
-0.501633
-0.901291
-1.10683
-1.15218
-1.0769
-0.929199
-0.793228
-0.580795
-0.444229
-0.00697327
-0.371124
-0.712219
-0.602844
-0.0232086
-0.138504
-0.0222015
-0.0494995
-0.103271
-0.0741119
-0.0782013
-0.0134125
-0.0112152
-0.0306854
-0.0276947
-0.00726318
0.0258789
0.0267029
0.00491333
-0.0176086
-0.035675
-0.0748596
-0.069809
-0.0455475
-0.0533142
-0.0875092
-0.140884
-0.201981
-0.221085
-0.263443
-0.300629

[3]
-0.476868
-0.920181
-1.05527
-0.813721
-0.94696
-0.607819
-0.352493
0.0185699
0.881088
0.236984
0.633881
0.75499
0.734131
0.753036
0.669891
0.613953
0.494965
0.432663
0.245819
-0.0688019
-0.430664
-0.77095
-1.11139
-1.15797
-1.19743
-0.799728
-0.733475
-0.579681
-0.756195
-0.246277
-0.181381
-0.619629
-0.681335
-0.296204
-0.342667
-0.101715
-0.0106506
-0.0710449
-0.0573578
-0.0479126
-0.010437
0.0161743
0.00798035
-0.00584412
-0.011795
-0.0124359
-0.0200653
-0.0299835
-0.036087
-0.0269165

[4]
-0.0387115
-0.0517578
-0.0281982
-0.0483856
-0.0895233
-0.13121
-0.20369
-0.209244
-0.209396
-0.260971
-0.436371
-0.742645
-1.05907
-0.967392
-1.06194
-0.770172
-0.289948
0.0599976
0.781738
0.325623
0.801483
0.675201
0.72966
0.694916
0.620392
0.593857
0.540222
0.461395
0.272034
0.0263367
-0.220001
-0.531616
-0.928284
-1.13365
-1.17822
-1.09888
-0.845047
-0.731735
-0.492691
-0.700775
-0.227234
-0.305649
-0.475403
-0.865219
-0.430786
0.0199585
-0.22139
-0.0526276
-0.0681915
-0.0962067

[5]
-0.068573
-0.0494385
-0.015564
-0.024704
-0.00779724
-0.0288391
-0.0091095
0.00196838
-0.00379944
-0.00314331
-0.0288696
-0.0327606
-0.0508575
-0.0289307
-0.0458984
-0.120819
-0.149704
-0.161484
-0.208038
-0.241409
-0.355957
-0.444839
-0.702545
-1.06032
-1.07129
-0.960052
-0.778839
-0.421173
-0.214142
0.603607
0.209991
0.451126
0.644226
0.690628
0.725266
0.694305
0.631805
0.560699
0.519089
0.409729
0.164429
-0.127411
-0.42746
-0.833511
-1.10048
-1.14542
-1.18503
-1.02112
-0.835281
-0.646347

[6]
-0.524536
-0.149551
-0.461914
-0.548752
-0.280807
-0.004776
-0.283295
-0.156982
-0.0821838
-0.070343
-0.0924988
-0.0395203
-0.0141754
-0.011673
-0.00389099
-0.0248413
-0.0223541
0.00474548
-0.0128784
-0.0152283
-0.0303192
-0.0265045
-0.0422516
-0.0547791
-0.103851
-0.111252
-0.213333
-0.220581
-0.251038
-0.279541
-0.393997
-0.585175
-1.05867
-1.06955
-0.970901
-0.876816
-0.599548
-0.274139
0.514542
0.167358
0.444443
0.80011
0.757523
0.782135
0.759872
0.65535
0.586731
0.538544
0.424454
0.214844

[7]
-0.129486
-0.47702
-0.88559
-1.11919
-1.16751
-1.20807
-1.00653
-0.921112
-0.689209
-0.458252
-0.14444
-0.573853
-0.485046
-0.219177
-0.0547943
-0.106674
-0.261978
-0.0987396
-0.0923767
-0.0991669
0.00645447
0.0092926
-0.0137787
0.000549316
-0.0231934
-0.00302124
0.0233459
-0.00698853
-0.036438
-0.0398865
-0.0326843
-0.0380859
-0.0497589
-0.0704651
-0.0994263
-0.166901
-0.221024
-0.230103
-0.283554
-0.289108
-0.422287
-0.664612
-0.933838
-1.07983
-0.977203
-0.83432
-0.516632
-0.296753
0.54306
0.152954

[8]
0.419083
0.748352
0.668381
0.711044
0.681091
0.623596
0.552765
0.498901
0.414871
0.237122
-0.0358429
-0.342316
-0.734116
-1.08801
-1.13118
-1.16899
-0.869827
-0.71611
-0.78804
-0.517899
-0.265167
-0.104568
-0.731812
-0.397537
-0.102951
-0.224258
-0.0558777
-0.130203
-0.085144
-0.116943
-0.0691223
-0.0145721
-0.00532532
0.0038147
-0.0295868
-0.021759
-0.0040741
0.00386047
-0.0147552
-0.0378113
-0.0441742
-0.0455933
-0.028717
-0.0559692
-0.0945129
-0.113235
-0.178314
-0.206909
-0.28656
-0.260666

[9]
-0.356339
-0.560013
-0.935257
-1.06998
-0.839798
-0.949188
-0.505814
-0.38385
0.102859
0.578964
0.272614
0.644882
0.675583
0.731888
0.727921
0.675201
0.608536
0.561844
0.490311
0.27063
-0.0187988
-0.331879
-0.77594
-1.0952
-1.14079
-1.1806
-1.00641
-0.743439
-0.74498
-0.503464
-0.281418
-0.229919
-0.819931
-0.372513
-0.316803
-0.067215
-0.0973511
-0.0661011
-0.0653534
-0.0675201
-0.0386505
-0.0414124
-0.00544739
-0.0206909
-0.0446014
-0.022644
0.000869751
-0.0124969
-0.0175781
-0.0110474

[10]
-0.0203094
-0.041214
-0.0393829
-0.0507355
-0.137543
-0.1017
-0.151398
-0.255325
-0.269745
-0.353317
-0.522949
-0.730103
-1.03101
-1.0704
-0.849503
-0.718704
-0.501358
-0.0472717
0.655472
0.204971
0.522644
0.748688
0.795914
0.806564
0.718018
0.644257
0.547791
0.485764
0.34314
0.0276031
-0.237915
-0.55368
-1.01328
-1.13274
-1.17424
-0.994522
-0.740753
-0.513535
-0.812027
-0.371597
-0.0337982
-0.358475
-0.781433
-0.404877
-0.234833
0.00331116
-0.0467682
-0.023941
-0.0940552
-0.0780945

[11]
-0.0394897
-3.05176e-05
-0.0205231
-0.00526428
-0.000335693
0.00360107
0.0059967
-0.0228271
-0.0298462
-0.0331573
-0.0461426
-0.0418701
-0.0482635
-0.0801544
-0.106216
-0.153641
-0.19371
-0.25441
-0.356308
-0.425385
-0.674774
-1.05403
-1.06525
-0.96376
-0.917923
-0.34259
-0.213028
0.721146
0.234375
0.594772
0.80011
0.743637
0.751984
0.66806
0.581802
0.497208
0.434845
0.25856
-0.0814514
-0.236374
-0.653397
-1.05191
-1.12402
-1.12473
-0.997253
-0.819931
-0.564133
-0.648697
-0.393402
-0.244507

[12]
-0.358643
-0.894699
-0.356552
-0.3284
-0.0745239
-0.168121
-0.0474854
-0.075592
-0.114761
0.0106964
-0.0100708
0.00762939
0.00468445
-0.033493
-0.0308075
-0.00854492
-0.00631714
-0.0118408
-0.0209045
-0.0227966
-0.0311279
-0.068222
-0.0712585
-0.0896149
-0.176437
-0.229767
-0.221695
-0.267883
-0.427307
-0.698502
-1.04948
-1.0589
-1.06964
-0.794678
-0.390457
0.0366821
0.919968
0.378616
0.755692
0.739868
0.795685
0.786499
0.686447
0.578476
0.502518
0.41478
0.228027
-0.0945282
-0.399185
-0.729568

[13]
-1.09793
-1.14404
-1.18507
-1.08714
-0.834564
-0.790573
-0.459885
-0.231995
-0.0853424
-0.622665
-0.329239
-0.375443
-0.259277
-0.110352
-0.0701447
-0.030426
-0.0831451
-0.0223999
-0.00088501
0.00341797
-0.000289917
-0.0178833
-0.00430298
-0.0284424
-0.0315247
-0.0133972
-0.0440063
-0.0473633
-0.0625305
-0.0652008
-0.0502625
-0.110703
-0.130341
-0.162384
-0.220932
-0.279709
-0.268402
-0.443298
-0.884659
-1.05934
-0.95491
-0.970657
-0.658051
-0.384583
0.265137
0.719559
0.222534
0.699005
0.748001
0.760666

[14]
0.722916
0.623154
0.485092
0.407944
0.18222
-0.189972
-0.402939
-0.741348
-1.08894
-1.12981
-1.09253
-0.993973
-0.893631
-0.592102
-0.483749
-0.572891
-0.282547
-0.76033
-0.359161
-0.305023
-0.0455322
-0.183228
0.0756531
-0.093811
-0.0868683
0.0218964
0.0172119
0.0210419
-0.0267639
-0.0631104
-0.025528
0.012085
-0.0242767
-0.014389
-0.0276184
-0.0382843
-0.0564117
-0.0705414
-0.106384
-0.0992584
-0.12709
-0.1987
-0.286407
-0.30368
-0.32814
-0.476151
-0.84964
-1.06429
-0.999573
-1.04866

[15]
-0.553177
-0.208069
0.416077
0.369659
0.467026
0.827927
0.776566
0.754044
0.693329
0.580933
0.518906
0.422531
0.276138
-0.0485535
-0.284241
-0.629456
-1.09392
-1.14008
-1.1832
-0.968246
-0.799332
-0.650452
-0.570084
-0.30368
-0.274902
-0.579453
-0.533997
-0.491165
-0.108414
-0.173843
-0.0267944
-0.0128937
-0.0987091
-0.0107574
0.00575256
0.00654602
-0.0136261
-0.0453796
-0.0122528
0.0018158
-0.0310974
-0.00744629
-0.0641937
-0.0347443
-0.0722961
-0.0609589
-0.0999451
-0.0732727
-0.106888
-0.186935

[16]
-0.24614
-0.30101
-0.350296
-0.56044
-1.01457
-1.06281
-0.838608
-1.01205
-0.528122
-0.35141
0.340027
0.305176
0.457748
0.790924
0.744659
0.728928
0.708267
0.657562
0.592316
0.510803
0.366653
0.00846863
-0.268402
-0.63858
-1.10252
-1.15411
-1.2001
-1.14417
-0.829407
-0.791794
-0.552246
0.13031
-0.344223
-0.745453
-0.363861
-0.186829
-0.262314
-0.14827
-0.0107422
-0.0870972
-0.143463
-0.0415497
0.0115662
0.0134125
0.00408936
-0.0275879
0.00187683
0.00643921
0.0213165
-0.0103149

[17]
-0.00912476
-0.0362091
-0.0591125
-0.0361938
-0.0825348
-0.123474
-0.122894
-0.16481
-0.291931
-0.220749
-0.389832
-0.501022
-0.924011
-1.05438
-0.903351
-1.07199
-0.503494
-0.218903
0.210571
0.774475
0.209808
0.596085
0.780045
0.827713
0.827911
0.706772
0.604248
0.578125
0.503281
0.300613
-0.0513611
-0.495773
-0.882126
-1.10268
-1.1487
-1.18904
-1.01857
-0.818497
-0.559784
-0.564407
0.256332
-0.129898
-0.65654
-0.542709
-0.271896
-0.270187
-0.178665
-0.133423
0.0133362
-0.00917053

[18]
-0.0322113
-0.021225
0.0169373
0.0363617
0.0299225
0.016037
-0.0152588
-0.0282288
-0.0166321
-0.0291443
-0.0307159
-0.022522
-0.0550995
-0.112274
-0.145981
-0.180344
-0.191711
-0.321381
-0.387207
-0.488846
-0.719864
-1.04828
-1.06682
-0.822403
-0.811905
-0.380844
-0.239914
0.430527
0.219009
0.422241
0.763382
0.716599
0.737564
0.716965
0.644485
0.594986
0.518951
0.402466
0.107269
-0.187729
-0.540085
-0.98053
-1.11154
-1.15633
-1.16702
-1.00883
-0.838501
-0.536102
-0.32959
-0.0301819

[19]
-0.719681
-0.39743
-0.447708
-0.0742188
-0.0606537
-0.0566254
0.0243225
-0.0847168
-0.0152893
-0.00746155
-0.0309906
-0.0216064
-0.0264587
-0.00163269
-0.00593567
-0.0307007
-0.0346527
-0.0232086
-0.0159912
-0.0304718
-0.0615692
-0.0657501
-0.0885925
-0.117004
-0.140839
-0.218826
-0.30043
-0.32402
-0.423889
-0.658005
-0.998566
-1.07234
-1.07895
-0.876968
-0.509583
-0.143799
0.619492
0.227188
0.52478
0.806061
0.7314
0.701279
0.662781
0.58194
0.523163
0.406693
0.212692
-0.0937042
-0.443542
-0.79921

[20]
-1.09033
-1.13409
-1.17311
-1.03204
-0.75473
-0.536697
-0.52652
-0.125336
-0.712082
-0.597992
-0.277191
-0.11615
-0.0165863
-0.0813293
0.0195923
-0.0897522
-0.0805511
0.000808716
-0.0091095
-0.00794983
-0.0212708
-0.0299835
0.0153351
0.0235901
-0.01651
-0.0161591
-0.027359
-0.0514374
-0.0497437
-0.0492706
-0.0677948
-0.0959015
-0.214523
-0.216583
-0.282852
-0.312988
-0.397522
-0.64119
-1.06369
-1.07657
-1.09256
-0.890427
-0.490005
-0.0919037
0.83815
0.130295
0.703461
0.725861
0.734833
0.732925

[21]
0.699356
0.628601
0.576889
0.500565
0.262817
-0.13176
-0.469543
-0.727234
-1.0773
-1.1143
-1.1411
-0.933411
-0.686401
-0.532135
-0.483017
-0.220505
-0.353912
-0.677231
-0.494308
-0.0453033
-0.171799
-0.111557
0.0266571
-0.0530243
-0.00508118
-0.0153809
0.00643921
0.0032959
-0.025238
-0.0218811
-0.0146484
-0.00338745
-0.0372772
-0.0233917
-0.0372467
-0.0379791
-0.0544739
-0.0933075
-0.120758
-0.136093
-0.22139
-0.249146
-0.28714
-0.388168
-0.643005
-1.06151
-1.07414
-1.02859
-0.904785
-0.633163

[22]
-0.128143
0.720505
0.0613861
0.578354
0.749588
0.718597
0.716537
0.674728
0.615189
0.60022
0.487411
0.26532
-0.0359344
-0.356567
-0.833389
-1.09372
-1.13884
-1.17645
-0.938858
-0.74791
-0.768494
-0.504028
0.130569
-0.230835
-0.754089
-0.406235
-0.0697937
-0.414505
-0.267517
-0.0469666
-0.0468292
-0.0137787
0.0392151
0.0101776
-0.000915527
-0.00987244
0.00604248
0.0186615
0.0160828
-0.0352325
-0.0305328
-0.0554504
-0.0488586
-0.0584106
-0.0792389
-0.10434
-0.188797
-0.24115
-0.282684
-0.357574

[23]
-0.391785
-0.627716
-1.05611
-1.06929
-0.664688
-0.728012
-0.423187
-0.0288239
0.78862
0.247528
0.507538
0.675369
0.733398
0.7267
0.643112
0.573135
0.503952
0.441574
0.212326
-0.0414124
-0.337173
-0.723022
-1.09912
-1.14687
-1.18892
-0.990585
-0.854385
-0.74527
-0.520309
-0.0545349
-0.234894
-0.829239
-0.455566
-0.422211
-0.0954742
-0.0886078
0.0364532
-0.043335
-0.0470886
-0.0217133
-0.0286407
0.0132904
-0.0106049
-0.0226593
0.00624084
-0.0213165
-0.024826
-0.0232849
-0.0217896
-0.0289459

[24]
-0.0486908
-0.0591125
-0.0906525
-0.107193
-0.18956
-0.21022
-0.242371
-0.30159
-0.42926
-0.729462
-1.04953
-1.06007
-0.992188
-0.718216
-0.480408
0.0377045
0.889511
0.20578
0.62648
0.738403
0.755127
0.741364
0.617447
0.540726
0.438583
0.381332
0.247818
0.0261078
-0.216797
-0.458206
-0.736343
-1.11462
-1.15598
-1.03322
-0.91095
-0.764603
-0.753983
-0.519608
0.149521
-0.348526
-0.875748
-0.515945
-0.148209
-0.304062
-0.0237427
0.019577
-0.0764008
-0.0617676
-0.0735779
-0.0753632

[25]
0.00134277
0.0142822
-0.0153961
0.0188141
-0.0118561
-0.00265503
0.0121613
-0.00471497
-0.0431213
-0.0570068
-0.0767212
-0.094635
-0.0910034
-0.147766
-0.168915
-0.256866
-0.3293
-0.373611
-0.600037
-1.05746
-1.06769
-1.0813
-0.958099
-0.464188
-0.164948
0.386154
0.457642
0.461609
0.713287
0.792709
0.793716
0.752747
0.634903
0.531937
0.454834
0.367371
0.00582886
-0.333923
-0.695694
-1.07637
-1.11525
-1.15094
-0.890961
-0.780716
-0.693665
-0.42247
-0.347244
-0.202484
-0.86824
-0.638214

[26]
-0.0779724
-0.156219
-0.0206146
-0.000335693
-0.0814667
-0.0483246
-0.0371704
0.0355377
-0.00192261
-0.0259552
-0.0155487
-0.0109558
-0.0278015
-0.025177
-0.0376129
-0.0351715
-0.0538483
-0.0553894
-0.0660248
-0.139252
-0.127914
-0.220001
-0.261566
-0.316101
-0.367737
-0.577972
-1.05122
-1.06343
-1.03731
-0.972275
-0.533066
-0.136765
0.647705
0.139114
0.54187
0.764694
0.693222
0.685333
0.608047
0.541534
0.500992
0.34848
0.051239
-0.206253
-0.497116
-0.914261
-1.12457
-1.16843
-1.03876
-0.917023

[27]
-0.773834
-0.701385
-0.494751
-0.423737
-0.102478
-0.791321
-0.363815
-0.448532
-0.201096
-0.135681
-0.143829
-0.000289917
-0.0467987
0.00346375
0.00151062
0.00991821
-0.00486755
-0.0346222
-0.0323639
-0.00909424
-0.0207672
-0.0396271
-0.0345001
-0.0450134
-0.0710297
-0.0743256
-0.0993652
-0.150299
-0.221161
-0.271042
-0.323273
-0.440018
-0.713669
-1.05402
-1.06491
-1.06671
-0.659454
-0.483551
0.100861
0.792694
0.0352631
0.515228
0.7733
0.759186
0.777008
0.692444
0.597977
0.553177
0.394821
0.0984802

[28]
-0.22934
-0.465668
-0.876877
-1.13026
-1.17296
-1.10228
-1.17545
-0.699234
-0.682602
-0.515259
-0.347519
-0.83934
-0.34787
-0.235413
-0.124771
-0.0217743
0.00695801
-0.105728
-0.0559235
-0.0438995
-0.0314636
-0.0388794
-0.0185852
-0.0025177
-0.0126495
-0.00271606
-0.0194702
-0.021698
-0.0508423
-0.0198669
-0.0549622
-0.0936432
-0.125168
-0.124008
-0.176498
-0.263
-0.302277
-0.437927
-0.728912
-1.04752
-1.05922
-0.825745
-0.750275
-0.416382
0.175339
0.806702
0.16864
0.458801
0.793091
0.783707

[29]
0.741592
0.637695
0.593948
0.578201
0.443222
0.156586
-0.127426
-0.434708
-0.827637
-1.1261
-1.17485
-1.21785
-1.05316
-0.949036
-0.658218
-0.574982
-0.349533
-0.546417
-0.667831
-0.439621
-0.192734
-0.0814209
-0.00971985
-0.0300751
-0.0478058
-0.0601044
-0.0568695
-0.0131836
0.00305176
-0.0371552
-0.0212708
0.00341797
0.0125275
-0.024292
-0.0353394
-0.0353699
-0.0325165
-0.0650635
-0.0639191
-0.139862
-0.103363
-0.199951
-0.273071
-0.289749
-0.335098
-0.465118
-0.826584
-1.04767
-0.747696
-0.939789

[30]
-0.522919
-0.284164
0.111526
0.715881
0.171768
0.559387
0.684326
0.748138
0.746979
0.660919
0.62886
0.597015
0.493591
0.237152
-0.106613
-0.422058
-0.846695
-1.11798
-1.16655
-1.20656
-0.892242
-0.69191
-0.685104
-0.633896
-0.277664
-0.918793
-0.424011
-0.321136
-0.0549622
-0.181061
0.0107574
-0.11618
-0.0625763
-0.011322
-0.0407715
0.0173187
-0.061676
-0.0465393
-0.00888062
-0.0176697
-0.0404663
-0.035202
-0.0238647
-0.0279694
-0.0451965
-0.0496216
-0.102737
-0.19342
-0.240952
-0.297256

