[0]
-0.210693
-0.848007
-0.446579
-0.416367
-0.287399
-0.0209656
-0.424347
-0.439758
-0.237152
-0.0832214
0.0621185
0.11937
0.131866
0.202789
0.26709
0.305511
0.451248
0.472717
0.700424
1.00037
1.51004
1.76036
0.625946
-0.726959
1.28957
0.677383
0.297653
0.0557404
0.437561
0.220108
0.0594177
-0.123566
-0.135864
-0.0352325
0.109772
0.0880127
0.120605
0.109741
-0.0505524
-0.118073
0.121689
0.11467
-0.0059967
-0.0358887
-0.095932
-0.0096283
-0.140808
-0.503036
-0.930038
-1.85176

[1]
-0.66188
-1.50204
-0.879654
-0.314758
-0.40535
-0.42868
-0.327759
-0.205475
-0.172607
-0.0896454
0.00364685
0.0337219
0.0784302
0.131195
0.193329
0.428177
0.51004
0.806427
1.07188
1.36127
2.2079
1.66043
-0.729919
1.80559
0.266464
0.365051
0.219818
0.0564728
0.359924
0.131927
0.154373
-0.0334778
0.000473022
-0.118881
0.0574188
0.0603638
0.00634766
-0.0491333
0.0278015
0.119431
0.0733337
0.0424194
-0.117691
-0.108841
0.0170288
-0.289139
-0.61438
-0.998856
-1.76114
-1.05533

[2]
-1.00334
-0.658157
-0.425507
-0.288544
-0.361832
-0.411606
-0.287033
-0.26181
-0.176559
-0.0779266
-0.0289917
0.032486
0.0973358
0.145325
0.264114
0.343277
0.0449677
0.640335
1.38989
1.78778
0.6492
-1.52553
1.23599
0.855667
0.427643
0.451202
0.187729
0.172363
0.234177
0.111862
-0.0351868
-0.0131989
-0.144196
-0.0319519
0.0324554
0.0537262
0.0796204
0.0133057
0.0203552
-0.0428162
0.0637665
0.0590515
-0.0417175
-0.00674438
-0.148727
-0.482315
-0.924454
-1.74387
-0.463303
-1.58218

[3]
-0.832062
-0.277618
-0.62619
-0.493851
-0.24147
-0.187042
-0.139893
-0.0908966
-0.059494
0.00564575
0.0857391
0.108261
0.16925
0.369019
0.31456
0.249664
0.782303
1.32811
1.3432
1.0354
0.763947
1.11992
-0.044342
0.474777
0.307663
0.153824
0.298279
0.10907
0.0720215
-0.0778198
-0.147293
-0.107056
-0.00601196
0.0245514
-0.0101318
-0.119675
0.0713348
0.14328
-0.0492706
-0.0437164
-0.0461731
-0.0111542
0.0391541
-0.209396
-0.545105
-0.743713
-1.65337
-0.819626
-1.6404
-0.9142

[4]
-0.214188
-0.344498
-0.472839
-0.462967
-0.36116
-0.341019
-0.218353
-0.110016
-0.0648651
-0.0594482
0.00634766
0.0623627
0.304672
0.441422
0.608002
0.896027
1.61317
1.08311
0.960724
0.00915527
0.983704
0.35083
0.14415
0.592087
-0.127014
0.300964
0.0654449
0.184204
-0.0788269
-0.0484467
-0.289597
-0.032486
0.0561218
0.0775146
-0.0486298
-0.00488281
0.068512
0.114807
0.10817
-0.0557709
-0.146103
-0.0487823
-0.346298
-0.746216
-0.975677
-1.65454
-0.993164
-1.3949
-1.41809
-0.36055

[5]
-0.183441
-0.418945
-0.43924
-0.196793
-0.138718
-0.0433502
0.052948
0.116257
0.159775
0.203568
0.319641
0.562912
0.645508
0.87587
1.37148
1.86861
1.16641
0.834122
-0.960739
0.934525
0.745972
0.270279
0.2491
0.207825
-0.0246582
0.167496
0.168869
0.116974
-0.0185699
-0.098465
-0.0981445
-0.0229797
0.054718
0.0593567
-0.0481262
0.00849915
-0.0212708
0.133423
-0.0243835
-0.0668488
0.0267639
-0.197159
-0.55368
-0.892502
-1.47331
-0.855042
-1.3054
-0.662155
-0.386505
-0.556641

[6]
-0.495544
-0.301315
-0.322739
-0.304733
-0.255707
-0.181824
-0.15065
-0.0932465
-0.0233307
0.0240936
0.275421
0.465118
0.659698
0.819763
1.49892
1.528
1.07756
-0.349472
1.31473
-0.0881653
0.220642
0.611572
-0.0157166
0.249908
0.209824
0.128372
-0.0848083
-0.0231171
-0.129593
-0.00845337
0.0245361
0.0688934
0.0255737
0.0570221
0.0554504
0.0270538
0.0532227
-0.108414
-0.0604095
-0.0607605
-0.417084
-0.713028
-1.94319
-0.94223
-1.40414
-1.125
-0.0435333
0.182602
-0.441605
-0.481247

[7]
-0.22644
-0.15834
-0.0201263
0.0998077
0.134705
0.158951
0.195877
0.283142
0.561798
0.512024
0.542358
0.993271
1.61737
1.14868
0.638748
-1.27698
1.54753
0.286682
0.753082
0.432571
0.0307007
0.185074
0.125153
0.0760956
-0.0818024
-0.0653076
-0.119308
-0.100113
0.00138855
0.10022
0.0412598
0.0580139
0.0426331
-0.0227814
0.0210266
-0.00959778
-0.00495911
-0.0814209
-0.496979
-0.766174
-1.9675
-0.587372
-1.33981
-1.18132
-0.151031
-0.0300903
-0.476181
-0.450943
-0.217194
-0.202698

[8]
-0.104294
-0.0533142
0.0508118
0.0959625
0.163284
0.148956
0.497543
0.510391
1.05865
1.4236
1.44829
1.06163
0.861359
0.437744
1.6004
-0.444153
0.597885
0.40918
-0.0788879
0.174149
0.122009
0.134766
-0.0506592
-0.0769958
-0.0837402
-0.0449219
0.07547
0.0977631
0.0536804
0.0557709
-0.0287781
-0.0905457
0.0192871
-0.0812836
0.0590363
-0.230301
-0.596222
-1.11182
-1.65825
-1.18179
-0.945999
-0.609283
0.160873
-0.607986
-0.431641
-0.20816
-0.200836
-0.136932
-0.0233002
0.0496063

[9]
0.0924072
0.130737
0.21933
0.187927
0.588196
0.551315
0.930664
1.30313
1.62314
0.993271
-0.517105
0.79657
0.355637
0.66304
0.590881
0.141052
0.112976
0.201019
-0.0260468
-0.200684
-0.206238
-0.145432
0.0671844
0.0871429
0.144958
0.125031
-0.031662
0.0427704
0.0307465
0.154114
0.0318909
-0.00346375
0.00288391
-0.224609
-0.65274
-1.05901
-1.62582
-1.0233
-1.38454
-0.777908
-0.618286
-0.502762
-0.483322
-0.360306
-0.335373
-0.322601
-0.240112
-0.167465
-0.068634
0.0129547

[10]
0.144592
0.23349
0.450043
0.357269
0.910309
1.02271
1.72005
1.04451
0.0203705
0.113754
1.90274
-0.490875
0.220123
0.613556
-0.0530548
0.2686
0.149002
0.0885468
-0.1306
-0.191315
-0.125107
0.0601349
0.0995331
0.0733643
-0.0984344
-0.0270386
0.0522919
0.141342
0.0477448
-0.0919189
-0.0566101
-0.39502
-0.750214
-1.50043
-1.20352
-1.15054
-1.28133
0.139496
0.176071
-0.466782
-0.549545
-0.308182
-0.303299
-0.229584
-0.0865326
-0.0195465
0.0442352
0.0961609
0.195938
0.400177

[11]
0.49913
0.448654
0.887939
1.30676
2.01285
1.22617
-0.530457
1.15164
0.310776
0.352539
0.718079
0.0559082
0.197098
0.151306
0.0691223
-0.0686493
-0.0673523
-0.205856
-0.102905
-0.00761414
0.0398407
0.0679932
0.0810242
0.0836945
-0.0319519
0.0127411
-0.045578
-0.0213623
-0.0520172
-0.478821
-0.72348
-1.84392
-1.02618
-1.1555
-1.34908
-0.045639
0.240845
-0.4048
-0.465927
-0.477066
-0.330231
-0.31871
-0.158585
-0.029892
0.0557709
0.106064
0.124527
0.195892
0.55545
0.379883

[12]
1.04669
1.03041
1.77145
1.36615
-0.036087
-0.289673
1.73048
0.189911
0.325546
0.44989
-0.154129
0.216049
0.15448
0.148376
-0.0928192
-0.0738525
-0.219833
-0.095047
0.0693359
0.146683
0.0871277
0.0234375
0.0462036
0.00923157
0.0241852
-0.0677643
-0.0288086
-0.0312195
-0.250443
-0.323715
-1.15732
-0.923157
-0.597137
-1.6734
-0.948563
-0.391983
-0.462601
-0.499435
-0.336731
-0.276566
-0.286209
-0.304794
-0.287247
-0.257812
-0.167374
-0.100494
-0.0339966
0.0544281
0.108444
0.268311

[13]
0.637131
1.21173
1.43822
1.12749
-0.40799
0.681442
0.968628
0.181656
0.275864
0.307388
-0.0391693
0.194458
0.123642
-0.00953674
-0.0293884
-0.177139
-0.111252
0.0156708
0.0761871
0.0627594
0.0161133
0.042923
-0.0806122
0.0365448
0.121674
-0.0239105
-0.0667725
-0.200745
-0.403809
-0.860367
-1.51028
-0.721222
-1.35941
-0.537247
-0.123428
-0.290909
-0.428253
-0.391785
-0.208374
-0.228287
-0.168243
-0.0850983
-0.0253296
0.0756836
0.0898895
0.110672
0.215988
0.377197
0.377289
0.830627

[14]
1.68913
1.4906
0.194763
-1.29565
1.30768
1.2252
-0.0523376
-0.0485687
0.378677
0.0816803
0.197754
0.167923
0.0566559
0.136322
-0.0249634
-0.130249
0.0509796
0.114471
0.127563
0.016571
0.0782471
0.0756226
0.103027
-0.0126343
-0.16156
-0.0415649
-0.134033
-0.465622
-0.774979
-1.76839
-0.273849
-1.28317
-1.04863
-0.0545349
0.27774
-0.365891
-0.456497
-0.319687
-0.201675
-0.126053
0.0679932
0.101334
0.124496
0.112732
0.20639
0.335709
0.425659
0.389816
1.0016
1.82359

[15]
1.28079
1.00671
0.778519
1.43855
-0.295624
0.689713
0.382263
0.0408936
0.320175
0.0266876
0.000854492
-0.119217
0.0576019
-0.0813751
0.103958
0.112137
0.0915833
-0.0144348
0.019989
0.0850525
0.0790253
0.0876312
-0.106461
-0.038559
-0.0904083
-0.467682
-0.694016
-1.48149
-0.521759
-1.15392
-1.29797
-0.189926
0.269363
-0.542709
-0.541885
-0.181244
-0.173996
-0.0886078
0.0811005
0.15065
0.160599
0.195801
0.274231
0.349197
0.543976
0.407166
0.833878
1.39754
1.67213
0.681335

[16]
-1.01276
1.0665
1.0103
0.0943604
0.610641
0.165726
0.093811
0.0572662
0.0479279
-0.0206604
-0.0451508
-0.00352478
-0.004776
0.0286713
-0.00837708
0.00845337
0.0218048
0.147736
0.137207
0.0526886
-0.0706024
-0.0490265
-0.0319977
-0.324081
-0.49057
-1.64444
-0.712265
-0.986115
-1.49771
-0.221298
-0.10231
-0.42366
-0.295654
-0.25531
-0.278122
-0.228912
-0.168945
-0.13942
-0.0892487
-0.0355072
0.0517578
0.177719
0.520447
0.509171
0.905869
1.18198
1.9767
1.21979
-0.902328
0.822556

[17]
0.853333
0.168228
0.58429
0.212845
0.120789
0.116592
0.0555115
-0.0861359
-0.0822601
-0.0887756
-0.00222778
0.0208282
0.0700989
0.048111
0.0468292
0.0591125
0.0865173
0.114349
-0.0178375
-0.0493774
-0.0363007
-0.256683
-0.390579
-1.27165
-1.22037
-0.917114
-1.11679
-0.140167
-0.218491
-0.712402
-0.37973
-0.175446
-0.230713
-0.261932
-0.204346
-0.0870819
-0.00978088
0.00492859
0.0722198
0.201965
0.558624
0.609268
0.930832
0.921692
1.85565
1.29314
-0.0571747
0.339508
1.26424
-0.100983

[18]
-0.0880737
0.807693
-0.0650177
0.178894
0.125061
0.0714417
0.113037
-0.0622711
-0.0433502
0.0415802
0.0440521
0.0756683
-0.0506897
-0.0701599
0.00552368
0.115707
0.115448
-0.0849915
-0.0484924
-0.095993
-0.323166
-0.603607
-1.6002
-0.918839
-1.44728
-0.82695
-0.131439
0.210251
-0.380722
-0.519348
-0.239304
-0.272598
-0.220627
-0.109421
-0.0579987
0.022583
0.0470276
0.122391
0.351578
0.472809
0.560913
0.915878
1.58517
1.68231
0.83609
-0.985992
0.965469
0.41217
0.347305
0.698029

