[1]
-0.0850067
1.21242
0.932999
0.568756
0.52446
0.319717
0.252518
0.17691
0.126129
0.0420074
-0.221542
-0.527145
-1.15955
-1.625
-2.55232
-2.69041
-2.72699
-2.70511
-1.91283
0.0643311
1.42937
-2.52776
-1.29787
-1.6893
-0.565689
-0.376877
-0.0279846
-0.188583
-0.0997009
-0.299698
-0.245605
-0.165878
-0.105743
-0.0933075
-0.0901947
-0.187943
-0.124756
0.0289459
0.0857697
0.0717773
0.0831909
0.226105
0.299316
0.39502
0.547867
1.16934
2.18628
1.20309
1.17937
0.606262

[2]
-0.688293
0.748901
1.22432
0.770187
0.551025
0.494171
0.374435
0.397598
0.297409
0.169342
0.0965271
-0.0449829
-0.47551
-0.780807
-1.45338
-2.44485
-2.66435
-2.68129
-2.66304
-2.14526
1.35512
1.38258
-2.17676
-0.763153
-1.01947
-0.814087
-0.547287
-0.0720978
-0.101501
-0.110504
0.118256
-0.114609
-0.0186462
-0.132217
-0.0276489
-0.0422668
0.0538483
-0.0445709
-0.00712585
0.0262909
0.201416
0.260391
0.343292
0.364136
0.508774
0.589417
1.64931
1.96077
1.51303
1.39226

[3]
0.823975
-0.94693
1.20375
1.3177
0.736649
0.403336
0.549149
0.543823
0.448303
0.276291
0.132645
-0.0466309
-0.576874
-0.893433
-1.41911
-1.97639
-2.64047
-2.66924
-2.65202
-1.91911
-1.86218
1.51546
-1.41747
-1.67393
-0.880325
-1.27805
-0.632019
0.182388
-0.0635071
-0.0968475
-0.032608
-0.176834
-0.0118256
-0.0346222
0.0984497
-0.067215
-0.10936
0.120895
0.0882416
0.166245
0.0930176
0.214752
0.258591
0.3013
0.513474
0.690277
0.992126
2.24648
1.40552
1.6077

[4]
1.20647
-0.259949
0.503769
1.46114
1.11589
0.706802
0.692322
0.508698
0.383499
0.332321
0.203094
-0.132919
-0.545883
-0.900787
-1.51442
-2.06743
-2.51637
-2.66159
-2.64484
-2.32045
-2.09485
1.52069
0.16188
-2.3313
-0.805023
-1.14175
-0.771912
0.130875
-0.100998
-0.0973358
-0.0067749
-0.0897064
-0.0473785
-0.00914001
-0.0224762
-0.00912476
-0.0214233
0.0620422
0.0896454
0.211746
0.198914
0.269806
0.228775
0.335556
0.428986
0.580612
1.10374
2.036
1.46428
1.42734

[5]
0.884308
-0.192703
0.324463
1.30664
1.00015
0.679306
0.630539
0.445465
0.341751
0.264801
0.181595
0.122269
-0.261398
-0.472824
-1.14227
-2.0638
-2.61333
-2.64288
-2.63814
-2.38939
-1.96774
1.5159
-1.61514
-1.60194
-1.04961
-0.845306
-0.604172
0.0509033
-0.0546265
-0.032135
-0.0354919
-0.114532
-0.0641479
-0.0591278
-0.0185699
-0.0223694
-0.055603
-0.00537109
0.0752258
0.0801086
0.0921021
0.212433
0.272278
0.265015
0.315353
0.485184
0.796677
2.01981
1.67615
1.12947

[6]
1.25159
0.27359
-0.525574
1.2166
1.18962
0.719162
0.614807
0.463379
0.38855
0.389969
0.271713
0.122116
-0.0244141
-0.444305
-0.839981
-1.29242
-2.21129
-2.63213
-2.65019
-2.63373
-2.11029
-1.54626
1.52223
-1.98286
-1.4044
-0.66684
-1.0751
-0.412766
0.0713043
-0.00482178
-0.187317
-0.035614
-0.21521
-0.0975037
-0.0904846
0.0480652
-0.0261688
-0.147354
-0.0664825
-0.0136566
0.0483551
0.138519
0.345169
0.308487
0.352081
0.501846
0.643997
1.29494
1.97681
1.21034

[7]
1.49506
0.826523
-0.496384
0.467072
1.33162
0.919083
0.661087
0.546478
0.467911
0.435043
0.351486
0.266678
0.123917
-0.244843
-0.50824
-1.15253
-2.06856
-2.59482
-2.65346
-2.64706
-2.34074
-2.19148
1.51663
0.288132
-1.89114
-0.951981
-1.05208
-0.845108
-0.249603
-0.109161
-0.00958252
0.0916443
-0.113297
-0.00123596
-0.0943604
0.000427246
-0.00576782
0.00263977
0.0954742
0.0335388
0.0310974
0.156448
0.145325
0.199036
0.200607
0.328644
0.44902
0.715485
1.89523
1.78331

[8]
1.2068
1.56812
0.733612
-0.960266
0.549271
1.11908
0.854904
0.717316
0.517548
0.355759
0.342056
0.241425
0.117599
-0.0850677
-0.347168
-0.630859
-1.06313
-1.9409
-2.43022
-2.63237
-2.62923
-2.30003
-2.02014
1.51965
-0.987518
-1.33186
-1.07457
-0.942917
-0.758667
-0.253235
-0.0585327
0.0459595
-0.0346832
0.00875854
-0.122421
-0.0329285
-0.0747986
0.0491333
-0.0408936
-0.0413971
0.00762939
0.0598297
0.0863495
0.207474
0.277267
0.376801
0.380173
0.503677
0.821182
2.02873

[9]
1.40027
1.20459
1.17409
-0.259842
-0.705124
1.06139
1.12228
0.81723
0.735489
0.472183
0.361252
0.346039
0.311432
0.236572
0.147873
-0.230835
-0.65712
-1.27571
-2.18391
-2.62392
-2.64435
-2.6237
-1.94069
1.26744
0.898224
-1.89479
-0.9142
-1.0491
-0.764862
-0.274979
0.00198364
-0.00764465
0.0203857
-0.103516
-0.175766
-0.0755768
-0.0184937
-0.0180206
-0.0901947
-0.0975037
-0.0098114
0.0674438
0.119751
0.083786
0.220276
0.22998
0.269791
0.357132
0.504333
0.856857

[10]
1.96007
1.30907
1.26933
1.18541
-0.283936
-0.676682
1.19063
1.23611
0.827789
0.668823
0.435745
0.351654
0.334137
0.237656
0.202606
-0.0956116
-0.2397
-0.910416
-1.48877
-2.32372
-2.62579
-2.63826
-2.61357
-2.11076
1.50185
0.363541
-1.40115
-1.08638
-0.933289
-0.670929
-0.143478
-0.0315247
-0.0889435
-0.14447
-0.0311432
-0.167496
-0.0443878
-0.0349884
-0.0290375
-0.0503082
-0.0769196
0.0416412
-0.0234528
0.0889435
0.230759
0.238251
0.272476
0.313766
0.432709
0.453949

[11]
1.50092
1.82651
1.20436
1.37498
0.744507
-0.544907
0.410843
1.07301
1.07764
0.796021
0.589417
0.341766
0.311981
0.282562
0.187637
0.251389
0.027359
-0.595078
-1.10687
-1.73157
-2.28572
-2.63976
-2.64131
-1.74149
-1.97626
1.50227
-0.8069
-1.54352
-1.01425
-0.999115
-0.521301
-0.0263672
0.0153351
-0.0217743
-0.0574493
-0.160797
-0.129913
-0.0750427
-0.0442505
-0.108002
-0.112122
-0.0619812
0.0745392
0.091095
0.0614319
0.0609589
0.208298
0.247253
0.280975
0.317215

[12]
0.448502
0.947342
2.19524
1.43361
1.19151
1.19672
0.0221252
-0.571747
1.02606
1.10825
0.583435
0.504135
0.430054
0.377548
0.261642
0.199722
0.141327
-0.00326538
-0.564346
-1.14452
-1.61423
-2.27008
-2.6573
-2.6644
-2.6167
-1.61821
-0.795914
1.52679
-1.41272
-1.89798
-0.79805
-0.909607
-0.630707
0.0788269
-0.0214539
-0.00108337
-0.0888672
-0.131165
-0.116211
-0.0404816
-0.0070343
-0.0988312
-0.0507812
-0.0225983
0.118713
0.0818939
0.0917358
0.195419
0.226791
0.211243

[13]
0.305038
0.497086
0.565109
1.95668
1.56146
1.0139
1.41081
0.432144
-0.884796
0.768936
1.27496
0.837433
0.684875
0.428604
0.319733
0.349503
0.268265
0.232758
0.152344
-0.229645
-0.597
-1.23196
-2.07829
-2.63234
-2.65518
-2.64444
-1.88551
-1.93158
1.52415
-0.531067
-1.70409
-1.14346
-0.738113
-0.725296
-0.0363159
-0.0962677
0.0144653
-0.0303497
-0.0458679
-0.139084
-0.0478516
-0.0738678
-0.0166626
-0.110336
-0.0174561
0.0160217
0.0345001
0.0708923
0.140594
0.142212

[14]
0.209991
0.277084
0.366257
0.508957
0.786118
2.35011
1.08788
1.01564
1.46754
0.262436
-0.784348
0.820297
1.10716
0.864517
0.666458
0.579819
0.388428
0.305984
0.218018
0.18721
-0.0301208
-0.262634
-0.738525
-1.42178
-2.43173
-2.6366
-2.65489
-2.63704
-2.26582
0.00308228
1.50972
-1.67928
-1.22639
-0.787521
-0.944122
-0.195618
0.0285645
0.038559
-0.00402832
-0.00128174
-0.1297
-0.0892944
-0.0541992
-0.0449066
-0.106262
-0.125336
-0.0910339
0.00338745
0.118759
0.147156

[15]
0.214661
0.208344
0.290665
0.384552
0.39389
1.15224
1.83571
1.41525
0.972733
1.10362
0.247757
-0.819382
0.809036
1.07381
0.758774
0.653412
0.543884
0.448212
0.375549
0.249802
0.238022
0.147278
-0.0889587
-0.390198
-1.16553
-2.12422
-2.6097
-2.63985
-2.63437
-2.02652
-1.81047
1.51154
-1.53749
-1.66714
-0.416824
-1.14386
-0.465927
-0.11084
-0.138733
-0.126541
-0.0367889
-0.0405121
-0.0325165
-0.0401306
0.0136566
0.0225067
0.0510864
-0.0115204
-0.091507
0.0301971

[16]
0.115784
0.220612
0.172867
0.216553
0.268234
0.444107
0.67627
1.73953
1.73457
1.25517
1.23306
0.635666
-0.944778
0.683777
1.18301
0.870071
0.639694
0.499969
0.335876
0.384262
0.294876
0.256882
0.156784
-0.210373
-0.522705
-1.15953
-2.05606
-2.61266
-2.64003
-2.63716
-2.15207
-2.0937
1.50887
0.075592
-1.89397
-0.888885
-0.581818
-0.828506
-0.186417
-0.0151215
-0.0495758
0.0350494
-0.091568
-0.110306
-0.0896454
-0.0750427
0.0154572
-0.0354156
-0.0407867
0.00872803

[17]
-0.0313416
0.0253601
0.125305
0.238876
0.169754
0.236481
0.311127
0.388672
1.33476
1.86716
1.33473
1.09305
0.875778
-0.0769806
-0.340439
1.06013
1.04803
0.724304
0.625641
0.376862
0.26207
0.244186
0.143448
0.155075
0.1521
-0.234467
-0.762177
-1.50363
-2.18729
-2.61685
-2.63571
-2.61705
-1.90811
1.49939
0.280258
-2.4254
-0.66037
-0.85556
-0.652557
-0.127716
-0.0342255
-0.0905914
0.0615845
-0.172165
-0.0131683
-0.0406342
0.0220795
-0.0733643
-0.0593567
-0.0587311

[18]
-0.0887299
-0.0287628
0.0755157
0.122513
0.199081
0.210632
0.264771
0.392944
0.381638
1.30115
1.90437
1.13284
1.07129
0.974182
-0.121918
-0.389618
1.0594
1.09558
0.665771
0.541504
0.417206
0.405609
0.340347
0.203903
0.126999
-0.0464325
-0.448822
-0.973679
-1.79453
-2.3819
-2.62691
-2.63445
-2.38275
-1.98619
1.11531
1.07835
-1.78113
-1.35454
-0.656189
-0.85405
0.0167694
-0.0679932
-0.016922
-0.0338898
-0.266418
-0.107162
-0.0595398
-0.00177002
-0.111206
-0.11145

[19]
-0.00961304
0.0359039
0.0480804
-0.0174255
0.107178
0.170715
0.237778
0.261871
0.419556
0.519363
1.42142
1.72484
1.11333
1.09419
0.753433
-0.105988
0.0887299
1.0381
0.941818
0.588242
0.507416
0.408905
0.34697
0.241608
0.194321
0.14447
-0.156677
-0.555695
-1.23943
-2.13959
-2.6051
-2.6326
-2.63242
-2.57362
-1.82127
1.49489
-1.82458
-1.34613
-0.475494
-0.976151
-0.359116
-0.0529785
-0.0914764
-0.093811
-0.0676422
-0.0891266
-0.0241547
-0.0922241
-0.0762177
-0.0620117

[20]
-0.0456696
-0.0737305
-0.117722
-0.0648956
0.0679169
0.170792
0.191849
0.244156
0.353104
0.445312
0.789749
1.89566
1.37744
1.16966
1.09503
0.194901
-0.838028
0.967926
1.15297
0.810028
0.62645
0.411819
0.347
0.342545
0.272842
0.233368
-0.0445862
-0.341522
-0.777542
-1.28415
-2.17917
-2.63844
-2.65933
-2.64728
-2.4138
-0.327179
1.35048
-1.74979
-1.11519
-0.514771
-0.992813
-0.388199
0.0261688
-0.0718842
-0.0673981
-0.0888367
-0.161209
-0.0407867
-0.0481415
-0.0178528

