[1]
-0.0544128
0.913712
0.664566
0.669403
0.6474
0.639618
0.599716
0.518326
0.355087
0.137741
-0.361816
-0.666458
-1.16571
-1.2326
-1.29021
-0.98645
-1.09468
-0.763321
-0.840836
0.107193
-0.627014
-1.18622
-0.559219
-0.743637
0.400131
-0.273087
-0.105591
-0.0214386
0.0177002
0.0244293
0.0598297
0.0315857
-0.0246887
-0.0601807
-0.0816956
-0.0558014
-1.52588e-05
-0.0513611
-0.139679
-0.235001
-0.373703
-0.520111
-0.557877
-0.594986
-0.810181
-1.0784
-1.09627
-1.12039
-1.15154
0.0938873

[2]
0.300674
-0.244904
0.724625
0.586914
0.669952
0.67659
0.608047
0.508896
0.436005
0.325485
0.128311
-0.172699
-0.674545
-1.099
-1.18094
-1.24248
-1.17552
-1.16589
-0.885864
-0.833237
-0.647385
-0.379501
-1.14821
-0.131653
-0.380539
-0.00279236
-0.350403
0.0811615
-0.129379
-0.0348206
0.0339966
-0.0234528
0.0907135
-0.0130463
-0.0433655
-0.0373535
-0.0407562
-0.0636292
-0.182465
-0.275574
-0.26236
-0.442429
-0.552231
-0.623718
-0.709
-1.01505
-1.09302
-1.11464
-1.14343
-0.749542

[3]
0.698013
0.192383
0.36731
0.74234
0.631729
0.628342
0.663223
0.412323
0.330688
0.0571899
-0.250916
-0.593811
-0.979507
-1.1221
-1.17851
-1.22957
-1.01498
-0.883926
-0.704224
-0.778564
-0.498535
-1.05472
-1.14137
-0.510437
-0.011734
-0.174805
-0.166214
-0.0571899
-0.130463
0.0348511
-0.00622559
0.0150452
0.0269623
0.0339203
0.0612335
0.0155334
-0.0207977
-0.0614014
-0.128296
-0.295578
-0.336288
-0.406647
-0.54097
-0.659607
-0.697586
-0.853256
-1.08771
-1.10838
-1.13416
-1.16849

[4]
-0.02211
0.0521698
-0.608795
1.04729
0.521912
0.52887
0.48114
0.362625
0.303482
0.124466
-0.0863037
-0.370758
-0.698639
-1.10561
-1.16283
-1.21989
-1.21945
-0.915192
-0.948227
-0.856171
-0.420456
-0.883423
-0.678802
-1.11319
-0.873978
0.165375
-0.185669
-0.0138092
-0.132309
-0.00337219
0.0224457
0.0212402
0.0983276
0.0479584
0.0272369
-0.0273438
-0.0445404
-0.0645905
-0.106812
-0.286713
-0.257385
-0.367249
-0.534195
-0.573776
-0.685822
-0.855301
-1.09088
-1.10989
-1.13402
-1.10126

[5]
0.119461
-0.143463
-0.655563
0.935089
0.558121
0.605927
0.598526
0.530746
0.455902
0.390701
0.249573
-0.0173035
-0.44516
-0.84848
-1.13399
-1.19489
-1.2422
-1.01476
-1.01094
-0.882446
-0.540909
-0.92775
-1.14439
-0.430557
-0.510803
-0.0203247
-0.265335
0.0191193
-0.100372
0.0527649
0.0137329
0.0176086
0.0326538
0.0324249
0.00119019
-0.0286407
-0.016098
-0.0185242
-0.106659
-0.213745
-0.277206
-0.326813
-0.525757
-0.566238
-0.612427
-0.765381
-1.07898
-1.09659
-1.11772
-1.14946

[6]
-0.807831
0.508789
0.0462341
0.449982
0.622101
0.600311
0.661148
0.64418
0.545547
0.477432
0.284027
0.0970459
-0.246094
-0.658539
-1.09644
-1.15511
-1.21213
-1.13441
-0.944885
-0.856613
-0.735214
-0.62175
-0.813309
-1.13681
-0.371002
0.0542908
-0.0791779
-0.209198
-0.143387
-0.0994873
0.082901
0.0163574
0.0215607
0.0340271
-0.00297546
-0.0182953
-0.0722198
-0.0581512
-0.0757751
-0.0971222
-0.21756
-0.183517
-0.334641
-0.546677
-0.621216
-0.62561
-0.894058
-1.09242
-1.11348
-1.14186

[7]
-1.12468
0.185165
0.0271912
-0.57695
0.99585
0.544006
0.605408
0.638748
0.58461
0.453888
0.37616
0.173721
-0.126953
-0.46962
-0.904709
-1.13158
-1.19102
-1.23814
-0.913757
-0.960068
-1.14606
-0.457901
-0.834778
-0.844147
-1.11325
-0.357224
-0.17746
-0.111771
-0.0623627
-0.0703888
-0.0786438
-0.072113
0.0287476
0.131241
0.0440979
0.0437317
-0.016098
-0.00950623
-0.0585022
-0.115753
-0.162674
-0.271194
-0.284836
-0.466248
-0.517319
-0.596924
-0.748398
-1.07452
-1.09311
-1.11372

[8]
-1.14371
-0.811035
0.710678
-0.101212
-0.203629
0.959839
0.635834
0.649887
0.697937
0.574707
0.475586
0.359955
0.202621
-0.0907593
-0.492645
-0.821304
-1.13681
-1.19377
-1.23651
-0.872375
-0.911728
-0.923981
-0.401703
-0.955551
-0.978912
-0.836349
0.0327148
-0.125778
-0.208511
-0.119705
-0.0320435
-0.034256
-0.0825195
0.0382996
0.0301361
0.100159
0.0392303
-0.0250854
-0.0688324
-0.0699768
-0.088623
-0.174789
-0.204666
-0.303894
-0.478714
-0.532959
-0.623184
-0.830002
-1.07755
-1.09868

[9]
-1.12292
-1.1562
-0.608917
0.723724
0.284012
0.538666
0.766373
0.664246
0.67514
0.669754
0.553986
0.527344
0.366806
0.201523
-0.159424
-0.552567
-1.08807
-1.14655
-1.2052
-1.25008
-1.0145
-1.10101
-0.753403
-0.744629
-0.651627
-1.12488
0.131165
-0.249344
-0.104309
-0.149582
-0.0106354
-0.0644989
-0.0616913
0.017334
0.0446625
0.088562
0.00419617
-0.0299835
-0.00520325
-0.0382233
-0.0584717
-0.0818634
-0.2005
-0.215744
-0.26442
-0.426758
-0.546951
-0.624557
-0.82074
-1.07224

[10]
-1.09171
-1.11499
-1.05663
-0.340942
0.685516
0.138718
0.631897
0.677139
0.651749
0.651276
0.645187
0.552902
0.504776
0.301743
0.110184
-0.312286
-0.580963
-1.10513
-1.16266
-1.21466
-1.11125
-1.07254
-0.947891
-0.659973
-0.761261
-0.807526
-0.888809
0.24556
-0.295273
-0.185562
-0.0925446
-0.00714111
-0.113693
-0.0650177
-0.0231323
-0.00146484
0.0856781
0.0109406
-0.0324554
-0.0180359
-0.050293
-0.0612946
-0.182022
-0.17247
-0.240616
-0.391342
-0.482803
-0.533707
-0.654282
-1.06091

[11]
-1.08064
-1.10013
-1.12799
-1.00261
0.703827
-0.356949
-0.197342
1.05991
0.628265
0.66185
0.669189
0.577133
0.520325
0.404327
0.254532
0.0402985
-0.472992
-0.965836
-1.12881
-1.18825
-1.23792
-0.949539
-1.08603
-0.860565
-0.45668
-0.845627
-0.95459
-0.74585
-0.447876
-0.213013
-0.0530243
-0.0740204
-0.0638428
-0.0125122
0.0255127
0.0396423
0.0759277
0.010788
0.00247192
-0.0260773
-0.0314026
0.021225
-0.0314331
-0.149841
-0.158554
-0.236542
-0.337128
-0.438309
-0.526657
-0.614716

[12]
-0.802368
-1.08006
-1.09764
-1.12
-1.15137
-0.618927
0.343414
0.0289154
0.611923
0.725082
0.668701
0.685471
0.676712
0.499084
0.416519
0.22876
-0.0345917
-0.502884
-0.965057
-1.12424
-1.18153
-1.23174
-0.870636
-0.926254
-0.647827
-0.97197
0.0318909
-0.540939
-1.13579
-0.726379
-0.506912
-0.0343323
-0.150711
-0.0811768
-0.155487
-0.0700531
0.045105
0.0432892
0.0659485
0.045166
0.00505066
-0.00692749
-0.00447083
-0.0653992
-0.17865
-0.151901
-0.232208
-0.284622
-0.41983
-0.513519

[13]
-0.596176
-0.692947
-1.07054
-1.08939
-1.10942
-1.11328
-0.773529
0.753876
0.230789
0.0383453
0.925217
0.646179
0.647171
0.656586
0.527527
0.455292
0.287079
0.134476
-0.228043
-0.695831
-1.09348
-1.15172
-1.21053
-1.23949
-0.715744
-0.843887
-0.868576
-0.557556
-0.87175
-0.861343
-0.599701
-0.570404
0.0940094
-0.0609283
-0.0490112
-0.0802307
-0.0425262
-0.0713654
0.0280457
0.0307465
0.048645
-0.00354004
-0.0279083
-0.0389862
-0.0125122
-0.0566559
-0.134125
-0.243149
-0.247314
-0.333435

[14]
-0.426682
-0.466141
-0.563751
-0.727142
-1.07936
-1.09569
-1.11763
-1.15126
-0.790634
0.618759
-0.049057
0.0242615
0.878754
0.546921
0.621918
0.666748
0.554901
0.470428
0.343063
0.166702
-0.267242
-0.647263
-1.09435
-1.15242
-1.20631
-1.02783
-0.966965
-0.992004
-0.652344
-0.810883
-0.490692
-1.06677
-0.105347
-0.0218964
-0.0914764
-0.114487
-0.0466309
-0.102325
-0.0402832
0.0174408
0.0209503
0.100266
0.0361786
0.00317383
-0.00636292
-0.0428009
-0.0723572
-0.150467
-0.08078
-0.162689

[15]
-0.343048
-0.482468
-0.600952
-0.644897
-0.916077
-1.07909
-1.10005
-1.12488
-1.13531
-0.459061
0.465332
0.19104
0.477783
0.733612
0.661743
0.673462
0.679581
0.568466
0.482742
0.396149
0.224091
-0.136917
-0.474747
-0.944183
-1.13298
-1.18913
-1.23178
-0.924683
-1.26428
-0.670746
-0.623672
-0.996933
-1.14105
-0.629562
0.310928
-0.231064
-0.101364
-0.076889
-0.0643005
-0.00541687
-0.0777588
0.0120087
0.0356903
0.0622253
0.0384216
-0.0223541
-0.0177765
-0.0676117
-0.145172
-0.17926

[16]
-0.151657
-0.242172
-0.413376
-0.473663
-0.583145
-0.742661
-1.06668
-1.0856
-1.10684
-1.13542
-0.737564
0.807098
0.231812
-0.112823
0.87851
0.598038
0.634125
0.643265
0.538971
0.477417
0.342133
0.191818
-0.17421
-0.638947
-0.978745
-1.13388
-1.18785
-1.2281
-0.850952
-0.824646
-0.907715
-0.339859
-0.73172
-0.966003
-0.907501
-0.571854
0.0088501
-0.0830688
-0.184082
-0.014389
-0.0648193
-0.0482788
0.0149384
0.0667267
0.0966797
0.0346069
-0.0310822
-0.0111389
-0.0234985
-0.0686951

[17]
-0.136627
-0.156586
-0.221161
-0.31485
-0.440887
-0.554611
-0.607208
-1.05981
-1.07825
-1.09923
-1.12447
-1.009
-0.146774
0.210083
-0.301682
0.882645
0.632111
0.676865
0.657013
0.630493
0.544907
0.487762
0.347717
0.204102
-0.168549
-0.629532
-1.08939
-1.14461
-1.19728
-1.07082
-0.852753
-0.912872
-0.746277
-0.736115
-0.563187
-0.771637
-0.672073
0.02211
0.10347
-0.147415
-0.0971527
-0.0238037
0.00920105
-0.0166321
0.0767517
-0.00350952
-0.00268555
0.0155487
-0.0318909
-0.0554962

[18]
-0.116028
-0.139526
-0.195389
-0.230728
-0.301178
-0.45726
-0.517319
-0.585327
-0.840622
-1.07672
-1.09447
-1.11903
-1.14888
-0.0159149
0.206284
-0.205795
0.683395
0.683243
0.649567
0.675949
0.674011
0.516708
0.429489
0.25177
0.00358582
-0.380325
-0.801468
-1.11662
-1.17308
-1.21974
-0.823273
-0.817978
-0.894836
-0.686157
-0.7603
-0.321487
-0.811615
-0.773651
0.0911102
-0.0861206
-0.0691223
-0.0992126
-0.0174561
0.00505066
0.0419006
0.0526581
-0.0101929
-0.00701904
-0.00881958
0.0107117

[19]
-0.0287781
-0.112854
-0.16011
-0.190536
-0.223206
-0.335953
-0.443405
-0.549118
-0.601898
-0.972061
-1.07436
-1.09338
-1.11922
-1.02946
0.195068
-0.0352478
-0.530655
0.957458
0.592422
0.651901
0.652298
0.632416
0.493469
0.421021
0.27298
-0.0080719
-0.460739
-0.852341
-1.13123
-1.18555
-1.22592
-0.796326
-0.847092
-0.796326
-0.835953
-0.984985
-1.02002
-0.566162
0.388855
-0.219223
-0.133224
-0.0436096
-0.0868988
0.0134888
0.0254669
-0.0314026
0.0390015
0.0388031
0.0190735
-0.0155029

[20]
-0.0329895
-0.0610809
-0.0889435
-0.155991
-0.194931
-0.269867
-0.468597
-0.521973
-0.613693
-0.768036
-1.05974
-1.0769
-1.09714
-1.03177
-0.511368
0.892029
0.347366
0.486282
0.747223
0.685959
0.65329
0.662338
0.555557
0.47319
0.306168
0.071701
-0.32576
-0.603226
-1.10345
-1.16022
-1.2141
-1.19783
-0.88179
-0.947464
-0.74762
-0.695862
-0.482483
-1.13684
-0.492111
0.0548401
-0.0144043
-0.145233
-0.0297852
-0.0932922
-0.0284424
-0.0267792
-0.035202
0.0534821
0.019165
0.00248718

