[1]
-0.0161591
-0.0161591
0.0440674
0.0694275
0.0370636
0.0214691
-0.0948639
-0.0369568
0.065155
0.0908203
0.0974426
0.058197
0.025177
0.0511322
0.0351868
0.0390625
0.0100555
0.0130005
0.030014
0.0614777
0.051178
0.00662231
-0.0366669
-0.00491333
-0.0249939
-0.0756378
-0.1633
-0.450714
-0.253586
0.0200195
-0.545639
-0.464767
-0.389236
-0.176132
-0.0697021
-0.0723572
-0.00915527
-0.00946045
0.0575256
0.0744019
-0.0126038
-0.0374603
0.016922
0.0714722
0.0535583
0.0967407
0.159012
-0.0508728
-0.261536
-0.271027

[2]
-0.453247
-0.397659
0.207291
0.559647
0.415115
0.219147
0.438141
0.534317
-0.376144
-0.0157471
-0.0496979
0.00636292
0.0884094
0.0644531
0.140442
0.0444183
0.0150146
-0.168823
-0.0746155
0.09552
0.137924
0.0298309
-0.0473022
0.0144958
0.0597382
0.0512085
0.0239716
0.0379486
0.0385284
-0.00265503
-0.0323334
0.0345306
0.0307617
0.0791931
0.0379333
-0.00837708
-0.0600586
-0.0244904
-0.300262
-0.453827
-0.41127
0.0166779
-0.331665
-0.503525
-0.226089
-0.197723
-0.137375
-0.0927429
-0.091156
-0.112778

[3]
-0.0287476
0.0487061
-0.0261993
-0.122543
-0.22226
-0.25766
-0.128204
-0.0791168
-0.0821533
-0.115433
-0.0726013
-0.196396
-0.404999
-0.188324
0.494568
0.602341
0.417633
0.181168
0.691315
0.526337
-0.104004
-0.138046
-0.199463
0.0149536
0.0514832
-0.0108032
0.158905
0.0320282
0.0322418
-0.216599
-0.0217896
0.119293
0.0999146
-0.0170135
-0.00305176
0.0735626
0.0728455
0.0479279
0.0101624
0.0065918
0.0178528
0.0307312
-0.0242767
0.0285339
0.0267944
0.115799
-0.0127869
-0.0839233
-0.128738
-0.0558319

[4]
-0.440475
-0.322632
-0.134796
-0.532242
-0.541382
-0.235703
-0.0532227
0.123978
0.0720978
0.0336151
0.0648651
0.0622864
0.0357971
-0.0712433
-0.0450439
-0.039093
-0.0128021
-0.0151672
0.0386047
-0.123077
-0.253891
-0.24324
-0.251984
-0.157623
-0.0163269
0.188385
0.419357
0.406616
0.777328
0.246674
0.325699
-0.471741
-0.0290375
-0.179932
-0.00497437
0.0440521
0.0981598
0.195786
0.0045929
-0.178452
-0.207764
-0.0055542
0.184036
0.180573
-0.0579681
-0.0224304
0.034729
0.0612946
0.0806427
0.0204926

[5]
0.0202789
0.0329132
-0.00810242
0.00387573
0.00749207
0.013092
0.0338745
0.0106506
-0.0504608
-0.0631256
-0.115784
-0.364487
-0.153885
0.0282745
-0.458878
-0.489471
-0.393509
-0.135147
-0.0140381
0.0153809
-0.0243073
-0.0592499
0.00865173
0.040863
-0.00958252
-0.0155487
0.0025177
0.00291443
0.0761108
0.146088
0.0425568
-0.100494
-0.197006
-0.334854
-0.501144
-0.377853
0.137741
0.444641
0.150757
0.240799
0.529419
0.19603
0.220413
-0.0965118
-0.346848
-0.122162
0.132599
0.0862427
0.0953064
0.0838165

[6]
-0.0184326
-0.072052
-0.14389
-0.0376282
0.106674
0.0877686
0.0247498
-0.040451
-0.0352783
0.0688477
0.0496979
-0.00456238
-0.0210571
0.0363922
0.0452271
0.0173035
0.00337219
-0.0232849
0.0531921
0.00494385
-0.0128479
-0.0422668
-0.0274963
-0.167664
-0.650436
-0.270905
0.00842285
-0.431244
-0.459244
-0.526764
-0.293457
-0.23085
0.0113831
-0.00323486
-0.000106812
0.0423126
0.0976562
0.0634766
0.0457153
0.0145721
0.0809174
0.133636
0.172653
0.193924
0.0781555
0.0365753
-0.080719
-0.233047
-0.390747
-0.0652008

[7]
0.440262
0.0532684
-0.461853
-0.0550232
-0.399323
0.380066
0.286865
-0.0308838
-0.0204926
-0.0184174
-0.0377502
0.000656128
-0.00761414
-0.130188
-0.101242
0.0317688
0.0894012
0.0108032
-0.000732422
-0.0235596
0.0276031
0.0525513
0.0354614
0.0149078
0.00109863
-0.0193634
0.00492859
0.00430298
0.000549316
-0.0194397
0.0508118
0.0716248
-0.0547485
-0.0932617
-0.138489
-0.274338
-0.396957
-0.0640411
-0.135361
-0.434799
-0.534576
-0.321457
-0.297684
-0.0273895
-0.0716248
-0.0498962
0.0649719
0.111542
0.0347137
-0.0899506

[8]
-0.0764923
-0.0176697
0.0999603
0.157883
0.0783997
-0.107498
-0.171417
-0.173492
-0.243835
-0.121124
0.546204
0.34848
0.0741882
0.00213623
0.587296
0.198914
-0.142487
-0.0500641
0.0119934
-0.0399628
-0.0201569
0.0147247
-0.0345306
0.0297699
-0.0252228
-0.109512
-0.149918
-0.0121002
0.0768433
0.0452728
-0.021637
-0.0476685
-0.0168457
0.0083313
0.0500336
0.0819092
0.0279846
0.00465393
-0.025238
-0.00157166
0.00270081
-0.0245667
-0.0345306
0.0306549
-0.0365906
-0.0494232
-0.068161
-0.17099
-0.318222
-0.174362

[9]
0.104645
-0.211319
-0.498154
-0.608551
-0.222809
-0.168106
0.0432587
-0.0170898
-0.0397186
-0.0544434
-0.0235138
0.0106506
-0.0432587
-0.0318909
-0.121078
-0.129578
-0.122147
-0.0534668
-0.138824
-0.294708
-0.32933
-0.460815
-0.512894
0.0436096
0.416153
0.300369
0.196106
0.468903
0.417694
0.0774536
0.030304
-0.0691223
-0.154602
-0.111343
0.0406342
0.0227203
0.0702362
0.0850525
-0.0348206
-0.16629
-0.179749
-0.0628357
0.0975647
0.0778198
-0.0229187
-0.100235
-0.0037384
0.044342
0.0383911
-0.0055542

[10]
-0.0373688
-0.00630188
-0.0306396
-0.00227356
0.0291138
-0.00192261
0.045578
-0.0156555
-0.0230865
-0.0295563
-0.0375671
-0.257156
-0.576248
0.0368042
-0.112213
-0.424271
-0.529419
-0.255127
-0.200226
0.0563049
-0.0426025
-0.0187836
-0.0116272
0.0622101
0.0580139
0.0281219
0.0110168
-0.0137024
0.0252686
0.0159454
0.0760193
0.0723419
-0.00404358
-0.0894775
-0.210449
-0.234253
0.0875244
0.491211
-0.0184937
-0.338196
0.0712585
0.095108
0.095459
-0.142334
0.137894
0.0083313
-0.0112762
-0.0314636
-0.0418701
-0.0116577

[11]
-0.0225983
0.0225525
-0.0453491
-0.115662
0.00360107
0.0592041
0.0378723
0.00709534
0.00422668
-0.00720215
0.031311
0.0174713
-0.0117798
-0.0131531
-0.00680542
-0.0141754
-0.00253296
-0.0124817
0.00502014
0.0157013
-0.0535126
-0.0417175
-0.0340576
-0.0969543
-0.222946
-0.217712
-0.0162201
-0.481369
-0.511322
-0.346176
-0.259033
-0.0982361
-0.137604
-0.040863
-0.0601654
0.0563507
0.0451508
-0.0501404
-0.0991821
-0.0983887
-0.0668182
-0.0325317
-0.0180206
0.0239716
-0.00679016
-0.0611725
-0.0891266
-0.0976562
-0.019577
0.0678253

[12]
0.500778
0.398117
0.37233
0.449173
0.293533
0.0444794
-0.227661
0.0209808
-0.0578918
-0.0143433
0.0436401
0.0677338
0.0627136
-0.0713501
-0.114807
-0.156662
0.0366669
0.128326
0.0558929
-0.0487213
-0.0901489
0.0552979
0.0651703
0.0207825
-0.00550842
-0.0253754
-0.0228119
0.00595093
-0.0236816
0.0349426
0.0279236
0.0429688
-0.0894165
-0.136383
-0.194748
-0.551941
-0.205627
-0.191345
-0.646759
-0.534836
-0.238586
-0.000610352
0.100998
0.0278625
-0.00799561
0.0220795
0.0687256
-0.00669861
-0.0604248
-0.0114136

[13]
0.0445709
0.0820007
0.0795288
0.0490875
0.169785
0.142929
0.0141144
-0.0131378
-0.276291
-0.116074
0.588608
0.339386
-0.0131683
0.394928
0.331635
0.0326538
-0.0888062
-0.207458
-0.0542908
0.0946198
0.0156403
0.0988464
0.0720367
-0.0617523
-0.100418
-0.118378
-0.0650635
0.0723419
0.122299
0.0491943
-0.0309601
-0.0131378
0.0512848
0.0341492
0.00964355
0.0175781
-0.0295715
0.0321655
0.0277863
0.00469971
0.000457764
0.0307922
-0.0904846
-0.194717
-0.190521
-0.18631
-0.349335
0.164978
-0.329849
-0.447922

[14]
-0.616013
-0.254059
-0.127777
0.00436401
-0.0206146
-0.0613708
-0.0301361
0.0280762
0.00274658
-0.0722809
-0.0832214
-0.0925293
-0.0440063
-0.0244446
0.00634766
0.0213318
-0.0269165
-0.116013
-0.0307617
-0.163483
-0.163483
0.2379
0.570114
0.476685
0.35611
0.503174
-0.632919
0.122467
0.109253
-0.0845184
-0.0202179
-0.00610352
0.058136
0.00288391
-0.0994263
-0.179184
0.00796509
0.0861511
0.101273
0.00485229
-0.0514832
-0.00695801
0.0581055
0.073349
0.0148621
0.00871277
0.00556946
0.0373077
0.0154724
0.00527954

[15]
0.00987244
0.0482483
0.0101471
-0.0774841
-0.132874
-0.330917
-0.620834
0.173157
-0.300598
-0.431335
-0.585617
-0.294083
-0.144547
-0.0617676
-0.0145874
-0.048172
-0.0762482
-0.0691071
0.00372314
-0.0223999
-0.0454254
-0.0260773
-0.000671387
0.0486298
0.108398
-0.00462341
-0.156174
-0.206802
-0.413147
-0.533157
-0.073349
0.285156
0.753143
0.383698
0.118393
-0.431366
0.0679626
0.104385
-0.139786
0.0015564
-0.0237427
0.139206
0.119522
0.123413
-0.165512
-0.130478
0.0433502
0.120346
0.0916138
-0.042511

[16]
-0.0799561
0.0277405
0.0523682
0.0409088
-0.0112
0.0132904
0.028656
0.0200958
0.0353394
0.0262451
0.00753784
-0.0263519
0.00218201
0.0265045
-0.0416565
-0.192383
-0.424759
-0.319962
0.13501
-0.212128
-0.394302
-0.560226
-0.169479
-0.0498657
-0.0543365
0.00537109
-0.0457458
0.0671997
0.121719
0.0878296
0.0159607
-0.0844421
0.00791931
0.0384674
0.0549011
0.106766
0.101074
0.0449066
-0.00299072
0.0166321
-0.00170898
0.360947
0.2155
-0.186859
-0.203217
0.239975
-0.0766754
-0.0128632
0.21347
-0.124863

[17]
-0.00428772
-0.0794373
0.0383453
0.098175
0.0113831
-0.132828
-0.0919037
0.0149689
0.0514526
0.0846252
-0.03479
0.0257263
0.0427246
0.0271301
0.0351868
0.00152588
-0.0123596
-0.0224609
-0.00221252
0.00233459
-0.011734
0.0587769
0.034256
-0.00202942
-0.107056
-0.203918
-0.261627
-0.354248
-0.0311279
-0.11821
-0.397858
-0.471786
-0.293365
-0.148041
-0.0248718
-0.0321045
-0.0120087
0.0587311
0.0844421
0.0195465
0.0256958
-0.0130463
0.0131989
-0.00192261
0.0726471
0.11087
-0.0010376
-0.101456
-0.111542
-0.161545

[18]
-0.138901
0.119064
0.490509
0.306961
0.293167
0.200409
0.346817
0.402664
-0.428207
0.157806
0.148758
-0.0510864
-0.0115509
0.0243225
0.0674591
-0.0203705
-0.0523071
-0.127655
-0.00424194
0.0464783
0.0775452
-0.0119476
-0.0608063
-0.00424194
0.0363007
0.0410919
-0.0102539
0.0126801
-0.00694275
-0.0203705
0.015213
0.00933838
0.0151672
-0.00869751
-0.0326843
-0.04039
-0.0538177
-0.133316
-0.435867
-0.338242
0.0159302
-0.0625305
-0.374283
-0.569687
-0.169876
-0.133636
-0.113098
-0.0735016
-0.0764618
-0.0216217

[19]
0.037674
0.0299683
-0.00526428
-0.0679016
-0.0606384
-0.0214691
0.00166321
-0.0172729
-0.0768127
-0.072876
-0.0266876
-0.0960693
-0.0660706
0.126663
0.298981
0.141647
-0.018219
0.146683
-0.00462341
-0.219803
0.308212
-0.00508118
-0.0730896
-0.0183411
-0.0587769
0.0149078
0.00494385
-0.0618591
-0.0191956
0.0255737
0.0163879
-0.0280151
-0.0302582
-0.0210266
0.0306396
-0.0115356
0.050293
0.00547791
0.0353394
0.058197
0.0418091
0.0171661
0.00590515
0.00947571
0.0256195
-0.0194244
-0.0635071
-0.0954132
-0.25264
-0.453613

[20]
0.21373
-0.140549
-0.459595
-0.492401
-0.286453
-0.124268
0.0338287
-0.0652466
-0.0632782
-0.0199127
0.0541077
0.0458832
-0.0262604
-0.0439148
-0.009552
0.00942993
0.0328369
0.0465851
0.0361633
-0.0425415
-0.10022
-0.0995941
-0.112442
0.0686188
0.536209
0.541489
1.05554
0.114288
0.162247
-0.21637
0.262451
-0.117264
-0.00132751
0.0279236
-0.0390625
0.144943
0.055954
-0.0182495
-0.0502777
-0.00621033
0.0644226
0.118515
0.0328522
-0.0381012
-0.00578308
0.0309906
0.0205078
0.00187683
0.0180359
0.0395966

[21]
0.0274048
0.0377197
0.0102386
0.0534668
0.0434723
0.101883
0.0115204
-0.101929
-0.143646
-0.241959
-0.499924
-0.0266113
-0.0191803
-0.46312
-0.508972
-0.25769
-0.145599
-0.0428772
0.0301666
0.0324402
0.0632172
0.0400391
0.0429077
0.0289917
-0.02211
0.014267
-0.00920105
0.0588531
0.0686798
-0.0713654
-0.111603
-0.15892
-0.303192
-0.280319
0.175217
0.378479
0.402496
0.386917
0.370529
0.352386
-0.271912
0.0488586
-0.0214844
0.00364685
0.101807
-0.0129547
0.0505219
0.00190735
-0.00967407
-0.0459442

[22]
-0.0320282
0.0210114
0.0226746
-0.0790253
0.00149536
0.142624
0.134735
0.035141
-0.0202637
-0.00224304
0.0608673
0.0311279
0.0110779
-0.00361633
0.0261841
0.0138702
-0.00785828
-0.00250244
0.0719452
-0.000808716
-0.0909424
-0.324249
-0.419479
-0.200607
0.205582
-0.265045
-0.414902
-0.425201
-0.285797
-0.135925
-0.020462
0.011673
0.00267029
0.0674438
0.088974
0.0186615
-0.0831604
-0.0392761
-0.0147705
0.0549469
0.108536
0.110306
0.00260925
-0.133789
-0.178055
-0.259872
-0.219406
0.00386047
0.393188
0.457291

[23]
0.346786
0.347214
0.0758514
0.491455
-0.107285
0.199158
-0.15889
-0.0631256
-0.00831604
0.016571
0.0878448
-0.0279236
-0.098938
-0.115433
-0.0270233
0.0322266
0.0235901
-0.0698853
-0.0222473
0.0338593
0.0549927
0.0290833
0.00767517
-0.00726318
-0.00892639
0.0186005
0.0572205
0.118027
0.0345764
-0.0409393
-0.0614014
-0.106659
-0.120804
-0.406342
-0.697418
0.0585175
-0.056427
-0.401047
-0.681839
-0.565369
-0.166946
0.0995178
-0.091217
-0.0455933
0.00787354
0.0921783
0.0339661
-0.0988007
-0.211319
-0.184387

[24]
-0.0809479
-0.0387268
0.00862122
0.024353
-0.036438
-0.177551
-0.250732
-0.11882
0.349487
0.341827
-0.146606
0.0873718
0.559326
0.536148
-0.605774
-0.0868835
0.039917
-0.0634918
-0.109909
0.0322876
0.101654
0.00457764
0.036911
-0.109421
-0.100006
0.0692139
0.119461
0.0197296
-0.0358734
0.0171051
0.02948
0.026535
-0.00384521
0.0025177
0.0155945
0.00088501
0.0343475
0.0570984
-0.0293579
-0.00228882
0.0149384
-0.0823364
-0.123947
-0.35936
-0.395187
-0.123474
-0.552536
-0.463638
-0.207809
-0.0701294

[25]
-0.0574188
0.0345612
0.0381165
0.0843811
0.0413361
0.000183105
0.0193176
0.00827026
-0.020462
0.00515747
0.0529175
0.0363312
-0.0601044
-0.0190582
0.00372314
0.0911102
0.263794
0.530228
0.442261
0.102859
0.149399
-0.0989532
0.513763
-0.125412
0.176758
0.0856323
-0.134232
-0.0813293
-0.0891113
0.0320892
0.0592651
0.0199127
-0.111465
-0.0410156
0.0262146
0.058197
0.016098
-0.0457458
-0.0159149
0.026062
0.0312805
0.00778198
-0.00794983
0.0182495
-0.0246429
-0.018631
0.0137177
0.0345001
0.0524292
0.0344543

[26]
-0.00958252
-0.116577
-0.151199
-0.372513
-0.353561
-0.0947876
-0.628189
-0.603073
-0.426956
-0.183472
-0.0474548
-0.169403
-0.0384979
0.0746918
0.0859222
3.05176e-05
-0.0731049
-0.00709534
0.00515747
0.0235291
0.175018
0.188828
0.0391083
-0.182281
-0.204544
-0.387634
-0.165466
0.53685
0.594757
0.200119
0.0549316
0.681076
0.201111
0.189499
-0.30043
0.0280304
-0.0274658
0.00587463
-0.0247955
0.0428772
0.0365753
-0.01474
-0.0233307
-0.0948639
-0.0634918
0.0691071
0.0421295
-0.0419617
-0.0189667
0.0377197

[27]
0.0354462
0.0246429
0.00769043
0.0140839
-0.011261
-0.0178833
0.0137024
-0.00311279
0.0542908
0.0120697
0.0744324
-0.0218964
-0.164764
-0.427383
-0.598831
-0.00408936
-0.107529
-0.482819
-0.742432
-0.225494
-0.284576
0.041214
-0.0309906
-0.0414276
-0.0574951
0.0267792
0.039566
0.0310364
-0.0274963
-0.0601349
0.036972
0.157745
0.133087
0.0921478
-0.0371552
-0.154312
-0.267075
-0.244019
0.335098
0.361069
-0.131256
0.0284729
0.303009
0.00436401
-0.148438
0.088623
-0.0518494
0.00662231
-0.0709076
-0.0305634

[28]
0.0415649
0.0143127
-0.0544586
-0.148041
-0.0814056
0.0499725
0.0807953
0.0072937
-0.0258179
0.00932312
0.0269165
0.0234985
-0.0128174
-0.0269775
0.0133362
0.032196
0.0605469
-0.0197449
-0.0724335
-0.0540314
-0.0382233
-0.0722961
-0.157333
-0.215454
-0.352859
0.102417
-0.144592
-0.532944
-0.586624
-0.287842
-0.140442
-0.032135
-0.0396118
-0.0915833
0.0260162
0.0433197
-0.0136566
-0.0764618
-0.0934601
-0.0410767
-0.012085
-0.0272675
0.116943
0.0497437
-0.033905
0.0377502
-0.0379639
-0.171616
-0.0496979
0.301407

[29]
0.0938568
-0.0415497
0.0783539
0.404449
-0.227814
0.0720062
0.0501099
0.00309753
-0.0148773
-0.0267334
0.0148773
0.0203552
-0.0437164
-0.116394
-0.0734711
0.0134583
0.0975647
0.0200043
-0.084137
-0.0156708
0.0404663
0.0523529
0.0354462
-0.0292053
0.0052948
0.00701904
0.0205841
0.079422
0.0491638
0.0162048
0.0203857
-0.0584412
-0.0886536
-0.198517
-0.380249
-0.20192
0.0781708
-0.126068
-0.482803
-0.736771
-0.411591
-0.212051
0.0465546
-0.0100403
-0.0489502
-0.0565186
0.0168152
0.0600891
0.00357056
-0.04599

[30]
-0.0647736
-0.0204773
0.0113525
-0.00364685
0.063858
0.0778656
0.0966949
-0.0204773
-0.225037
0.456955
0.294937
0.0340881
0.136536
0.135254
-0.0850372
0.286316
-0.0389099
0.0407104
-0.0106964
-0.0439301
0.0199127
0.0281067
-0.0681458
-0.0674286
-0.0133362
0.0263977
0.06633
-0.0103912
-0.0540161
0.0272217
0.0881653
0.0400238
0.0221405
0.0032196
0.0195465
0.0235138
0.0176239
0.00123596
0.0225067
0.0735931
0.0281982
-0.0179138
-0.0605774
-0.178787
-0.444077
-0.414246
0.0539398
-0.0673981
-0.49057
-0.735474

[31]
0.0308685
-0.0411072
-0.126297
-0.230576
-0.719894
-0.189484
0.00953674
-0.486649
-0.606888
-0.225632
-0.214249
0.0591583
-0.00854492
-0.0119629
-0.0146942
0.0676117
0.0719299
0.0545044
0.00447083
-0.00131226
0.0692291
0.0957031
0.126648
0.00663757
-0.183716
-0.316956
-0.526016
-0.410049
0.261169
0.607254
0.140747
-0.32753
0.505737
0.560608
-0.625656
0.41156
0.0114136
-0.0735474
-0.0650635
-0.0455322
0.0639191
0.0110626
-0.0393524
-0.108429
-0.0345917
0.0576172
0.0814972
-0.00346375
-0.0374146
0.0199432

[32]
0.0919647
0.0247955
-0.0164948
-0.0245667
-0.0118256
0.00205994
-0.0671997
0.0522156
0.0526733
0.0308228
0.00671387
-0.0372009
-0.070694
-0.106094
-0.385223
-0.696442
0.0252075
-0.61058
-0.621201
-0.56012
-0.266388
-0.197311
-0.06427
-0.0942841
-0.0976868
-0.0713806
-0.0374756
-0.105896
-0.109131
-0.128845
-0.114792
-0.137909
-0.252731
-0.00479126
-0.108871
-0.0570068
-0.0122986
0.00721741
0.366928
0.553467
0.578949
0.602585
1.1646
0.522964
-0.187363
0.387268
-0.243347
-0.0754852
0.107849
0.186859

[33]
-0.29985
-0.250366
-0.0432587
-0.093277
-0.0935059
-0.0822906
0.0138855
0.0371704
-0.00732422
-0.0644531
-0.0690308
-0.037323
-0.0391388
-0.0924683
-0.0669861
-0.0582886
-0.116287
-0.127853
-0.0522461
0.657974
0.609695
0.253357
0.479401
0.477982
-0.63324
-0.0109558
-0.00231934
-0.0433197
0.0606537
0.0778351
0.0919495
0.0652924
0.0128937
-0.0736084
-0.081192
0.016922
0.108734
0.0406952
-0.0212097
0.0218811
0.046936
0.0476532
0.0459595
0.0209351
0.0166931
0.00927734
0.00453186
-0.0065918
0.0435791
0.0598755

[34]
0.123764
0.0191498
-0.109329
-0.238632
-0.0371246
0.119751
0.125977
0.0933685
0.0493011
0.0107727
0.0359192
0.0617828
0.10704
-0.0156097
-0.0611267
-0.0565186
0.0156555
0.00137329
-0.000869751
-0.129654
-0.0387115
-0.0192261
-0.0663452
-0.0840759
-0.040802
-0.154785
0.109039
0.0821381
-0.132858
-0.0641174
-0.0916748
-0.153458
-0.171326
0.0731812
0.391495
0.347885
0.252197
0.231369
0.155243
0.211639
0.143921
0.360703
0.696075
-0.170074
1.04472
0.807785
0.136734
0.209671
0.324295
0.381317

