[1]
0.0433044
-0.00914001
-0.0317993
-0.0247192
0.00654602
0.0340424
0.0503387
0.0422363
-0.000289917
0.00952148
0.0458679
0.0488892
0.0574951
0.103683
0.154617
0.147217
0.137299
0.166779
0.105896
-0.00691223
-0.16449
0.00921631
0.0197296
0.383057
0.437256
0.38443
0.341904
0.351654
0.288742
0.227402
0.164154
0.164673
0.123825
-0.0012207
-0.231766
-0.436325
-0.647156
-0.819626
-0.916229
-0.917542
-0.73909
-0.838806
-1.05153
-0.716217
-0.0106659
0.666016
0.235718
0.000900269
-0.0669403
-0.429794

[2]
-0.438202
-0.0185699
-0.0766144
-0.0484009
-0.0762482
-0.0821075
-0.0847321
-0.075882
0.00105286
-0.00167847
0.00747681
-0.00210571
-0.0100098
-0.0157166
-0.00349426
-0.00318909
-0.0197601
-0.0119019
-0.0014801
0.0195618
0.0425873
0.0222626
0.0385284
-0.0208893
-0.0311737
0.0694733
0.13353
0.100189
0.0249786
-0.00640869
0.086731
0.227554
0.350494
0.190063
0.157196
-0.232071
-0.312592
-0.25946
0.0828247
0.298492
0.433624
0.302551
0.212082
0.182907
0.164444
0.131195
0.0676422
-0.0118561
-0.120926
-0.201996

[3]
-0.337509
-0.57283
-0.661591
-0.872803
-1.09039
-1.06091
-0.598785
-0.762527
-0.997269
-0.132278
0.90065
0.130417
-0.0584412
-0.202698
-0.281662
-0.261032
-0.0117188
-0.0222626
0.0402069
0.0176697
0.00509644
-0.0327759
-0.115265
0.0301971
0.09552
0.0870972
-0.00631714
-0.0370941
0.0343475
0.0265808
0.000717163
0.00506592
0.0147705
0.0191193
0.039444
0.0829163
0.0756836
0.0902863
0.0918427
0.0861511
0.0647888
-0.00920105
0.0179749
0.131851
0.324326
0.4534
0.314224
-0.136856
-0.327271
-0.0497131

[4]
-0.236191
0.0960541
0.278061
0.343033
0.273544
0.215088
0.211304
0.231613
0.155472
0.136551
0.100449
0.0777435
-0.0895691
-0.248123
-0.447876
-0.578064
-0.725937
-0.837784
-0.89682
-0.781082
-0.896378
-0.957397
-0.750366
0.406357
0.325485
0.0358887
-0.0877991
-0.20752
-0.485474
-0.0967102
0.0347443
-0.0539551
0.0295105
0.0355988
-0.102737
-0.0917358
0.0690308
0.11972
0.0529022
-0.00410461
0.0108795
0.0218658
0.0137177
0.0340881
0.0535278
0.056366
0.00196838
0.00709534
0.0487366
0.0718231

[5]
0.103973
0.089035
0.10498
0.035675
0.0232239
0.0273438
0.0672607
0.144302
0.208206
0.352737
0.31694
-0.0713501
-0.320221
-0.0720215
-0.150665
0.156677
0.369492
0.348862
0.205887
0.127869
0.154099
0.176346
0.124054
0.0241699
-0.0446014
-0.153748
-0.277435
-0.454544
-0.740494
-0.921143
-1.10052
-1.16226
-0.982254
-0.892639
-0.864426
-0.716309
1.01685
0.368317
-0.258072
-0.128372
-0.500854
-0.214035
0.0240631
-0.0178528
-0.0662994
-0.0822144
-0.0802002
-0.125381
-0.0366821
0.0434418

[6]
0.0457458
-0.0217438
-0.0540619
-0.0187073
-0.021225
0.00375366
-0.00308228
-0.0380402
-0.0257568
-0.00370789
-0.00991821
-0.0211182
0.015274
0.0653839
0.0488892
-0.00349426
-0.0127411
0.0522308
0.0680847
0.0723572
0.0937042
0.135315
0.264069
0.315399
-0.141449
-0.382309
-0.125534
-0.245605
0.0563507
0.256149
0.357239
0.290588
0.188065
0.201294
0.15062
0.0915985
-0.00817871
-0.0848083
-0.158295
-0.238373
-0.405838
-0.645615
-0.853699
-0.930786
-0.913345
-0.84317
-0.734238
-0.598541
-0.631714
-0.553314

[7]
1.04974
0.552032
-0.0236511
-0.361786
-0.689545
-0.28035
0.022644
0.0304718
-0.0146027
-0.0612793
-0.0861053
-0.171402
-0.0713196
0.0631866
0.03479
-0.0370941
-0.0504456
-0.000549316
0.0152893
-0.0246429
-0.041153
-0.0085144
0.00483704
-0.00219727
0.00193787
0.00961304
0.0297241
0.038559
0.0478668
0.039032
-0.00828552
0.0378723
0.0367432
0.0644226
0.122879
0.174286
0.308487
0.389938
-0.0921783
-0.376236
-0.04216
-0.116669
0.158966
0.390717
0.412582
0.255157
0.170135
0.172241
0.167496
0.0908966

[8]
0.00976562
-0.0229187
-0.083313
-0.216187
-0.477707
-0.570831
-0.666382
-0.729248
-0.758667
-0.631226
-0.504364
-0.658813
-0.705688
-0.607605
-0.202179
0.780396
0.10701
-0.177704
0.0365601
-0.198822
-0.0903625
0.0366364
0.00302124
-0.0185242
0.00743103
0.00572205
0.00744629
0.033905
0.0590515
0.0875549
0.0486145
0.0181122
0.045639
0.0259705
0.0258484
0.00852966
0.00892639
0.022995
0.0426941
0.0375214
0.0548553
0.0553131
0.139832
0.123825
0.108444
0.0692291
0.0121918
-0.0348358
-0.0059967
0.12291

[9]
0.308258
0.391525
0.375137
-0.21257
-0.208923
-0.00601196
0.0470886
0.332336
0.486145
0.377609
0.277481
0.259323
0.1763
0.0981445
0.0139923
-0.0939636
-0.177689
-0.31694
-0.503571
-0.669449
-0.789917
-0.844467
-0.86853
-0.771255
-0.684937
-0.669876
-0.65715
-0.472336
0.384125
0.918716
0.238022
-0.232803
-0.0287628
-0.361801
-0.0691528
0.145599
0.100906
0.0776215
0.0738373
-0.0328827
-0.0285339
0.0745087
0.198349
0.149033
0.0318451
0.0465698
0.0915527
0.0758362
0.0622101
0.0511169

[10]
0.0401611
0.0539093
0.0741272
0.0637512
0.139023
0.0913544
0.0823212
0.0814667
0.0892029
0.082962
0.0290222
0.0535889
0.221802
0.442398
0.525208
0.257187
-0.228378
-0.0883942
0.043808
-0.0737305
0.207092
0.456512
0.354553
0.240646
0.177933
0.174042
0.140747
0.0475006
-0.0350342
-0.0500946
-0.105286
-0.239471
-0.464417
-0.655899
-0.721939
-0.824081
-0.80191
-0.657227
-0.619217
-0.81282
-0.741745
0.283707
0.803314
0.0254211
-0.196243
-0.172241
-0.228897
-0.0412598
0.0610504
-0.0535583

[11]
0.0245056
0.0401154
0.0181885
-0.0186462
0.0526123
0.12616
0.0658875
0.0202942
0.00346375
0.0612183
0.0843201
0.0554199
0.0438995
0.0416718
0.0478363
0.025589
0.0248718
0.0619507
0.114471
0.0780487
0.0572205
0.0756378
0.0509796
0.0193634
0.0449677
0.118805
0.227539
0.234146
0.340195
0.187775
-0.178284
-0.114319
-0.0337982
-0.0038147
0.26033
0.425812
0.355896
0.236664
0.188599
0.21109
0.140274
0.082489
0.0542755
-0.000549316
-0.121719
-0.228729
-0.427994
-0.629578
-0.698563
-0.752777

[12]
-0.780014
-0.720306
-0.635056
-0.686035
-0.64978
-0.406174
0.410843
0.654999
0.0752258
-0.210205
-0.180908
-0.24971
0.0723572
0.0463867
-0.0197144
0.0152588
-0.00769043
-0.0499268
-0.0335846
0.114609
0.123276
0.0306091
-0.00358582
0.00570679
0.0453033
0.0589142
0.022583
0.0318909
0.0347595
0.0527039
0.0384827
0.0664825
0.0731049
0.0572205
0.0578003
0.0377502
0.0701752
0.111328
0.129776
0.0980225
0.116989
0.219925
0.298767
0.348297
0.0168762
-0.263031
-0.141632
-0.245422
0.0890656
0.271698

[13]
0.381821
0.284454
0.197449
0.154602
0.146271
0.122986
0.0381622
-0.0223083
-0.047226
-0.203629
-0.443085
-0.611526
-0.759323
-0.895569
-0.953278
-0.889374
-0.704605
-0.646088
-0.647202
-0.455856
0.566925
0.734314
0.18457
-0.292435
-0.372772
-0.223557
0.0523529
0.204437
0.115067
0.0814362
0.0521088
-0.0230865
0.041748
0.160461
0.207489
0.0953369
0.0419922
0.0669403
0.0705261
0.0995789
0.0598297
0.0758514
0.0780029
0.0827942
0.0703735
0.086853
0.119553
0.119781
0.0938416
0.057785

[14]
0.105957
0.13739
0.0956573
0.0645905
0.0599518
0.233551
0.337433
0.368988
0.212189
-0.227051
-0.208771
-0.0991058
0.0279388
0.334259
0.468048
0.357178
0.2388
0.16954
0.178497
0.143372
0.076828
-0.0114136
-0.0724335
-0.147156
-0.247559
-0.49733
-0.608231
-0.654938
-0.747635
-0.846909
-0.75856
-0.65242
-0.636032
-0.290283
0.153824
1.02008
0.344193
-0.146973
-0.250488
-0.436829
-0.0628204
0.132935
0.0341949
0.0252991
0.00614929
-0.0177765
-0.0610352
0.0313568
0.135071
0.106003

[15]
0.0240479
0.0122375
0.0164795
0.0597534
0.0478821
0.0413666
0.0738983
0.0714722
0.0657501
0.01828
-0.0159149
0.0447235
0.115845
0.130188
0.0578613
0.0640106
0.0531311
0.0361328
0.0617981
0.175476
0.20929
0.288559
0.343506
-0.254379
-0.291718
0.0134125
-0.109238
0.187592
0.379318
0.359833
0.211121
0.173538
0.152893
0.146805
0.102173
0.0357971
-0.0137024
-0.10408
-0.224121
-0.473953
-0.644409
-0.606491
-0.628601
-0.770279
-0.665634
-0.539474
-0.646622
-0.557297
-0.362411
0.8638

[16]
0.208923
-0.0618439
0.0695496
-0.221558
-0.369736
-0.000396729
0.0391998
-0.0290375
0.0213013
0.106339
-0.0197449
-0.0297699
0.0276031
0.0936127
0.0466766
0.0208282
-0.00328064
0.0204926
0.0480804
0.0510864
0.0492706
0.048584
0.0531921
0.0608521
0.0740204
0.0565338
0.0347595
0.0460358
0.0374451
0.067276
0.078476
0.0258484
0.0432434
-0.00137329
0.132736
0.284256
0.360138
0.471558
-0.0580444
-0.255478
-0.0493622
-0.143631
-0.0045166
0.265518
0.390274
0.317581
0.234894
0.191437
0.144516
0.0710144

[17]
0.00469971
-0.0650787
-0.145401
-0.233658
-0.393585
-0.520142
-0.686646
-0.933823
-0.976608
-0.798645
-0.773438
-0.776886
-0.708176
-0.233841
1.02075
0.522018
-0.097229
-0.280243
-0.365631
0.0110168
0.00668335
-0.0071106
-0.11499
-0.0691528
-0.0434265
0.0126801
0.100143
0.0398254
-0.0136261
-0.0138245
0.0068512
0.0522614
0.0293884
0.0237122
0.00491333
0.0276031
0.00340271
0.0379944
0.0114441
0.0358887
0.0450897
0.0948639
0.0439301
0.0151825
0.0240479
0.0315857
0.0691223
0.0988007
0.187897
0.227798

[18]
0.283936
0.187119
-0.25531
-0.264465
0.0659485
-0.0591431
0.140106
0.336548
0.337479
0.228012
0.0864868
0.0600281
0.108017
0.131027
0.0253906
-0.0997467
-0.178955
-0.32579
-0.4366
-0.647919
-0.763931
-0.740112
-0.702164
-0.53653
-0.430786
-0.457672
-0.512985
-0.257034
0.969543
0.270248
-0.302353
-0.229004
-0.151901
-0.00532532
0.0696106
0.0617065
0.0307465
0.0384064
0.0560913
0.0277252
0.0380096
0.0851135
0.101547
0.0547028
0.0393372
0.0321655
0.0617371
0.0671692
0.0576172
0.0639648

[19]
0.0436859
0.0588226
0.0651093
0.0614014
0.0744934
0.0412598
0.0522156
0.0577087
0.125687
0.106598
0.0516205
0.026825
0.0348663
0.173569
0.401199
0.485535
0.328552
-0.228958
-0.23822
-0.0540009
-0.0784912
0.0482178
0.393661
0.375519
0.246597
0.234146
0.212402
0.184341
0.121811
0.0746002
0.00958252
-0.112717
-0.304626
-0.611755
-0.817551
-0.938461
-1.04205
-0.992615
-0.730301
-0.684753
-0.789688
-0.7229
0.236847
0.726776
-0.292938
-0.20253
-0.325668
-0.210403
-0.00201416
-0.11026

[20]
-0.163284
-0.0903015
-0.0754242
-0.0600739
-0.0394745
0.0166016
0.0263367
-0.0145111
-0.015625
0.0246429
-0.0121918
-0.00306702
-0.00611877
0.0168304
-0.0072937
-0.0209961
-0.0350037
-0.00894165
0.0188293
0.075882
0.0489197
0.055069
0.0583038
0.0403595
0.0120087
0.0578461
0.213409
0.331284
0.452774
0.196533
-0.253616
-0.173996
-0.166779
-0.0274963
0.300064
0.382721
0.23085
0.16507
0.129684
0.106506
0.0904236
-0.0171661
-0.0883026
-0.127029
-0.203598
-0.325394
-0.518356
-0.624466
-0.612213
-0.500061

[21]
-0.521423
-0.611084
-0.769348
-0.850998
-0.959595
0.752441
0.257645
-0.0962677
0.0703888
-0.317123
-0.154633
-0.0020752
-0.0792694
-0.0106354
0.0721283
0.00946045
-0.0393982
-0.0482178
0.024353
0.0610199
0.0547485
0.0131073
-0.00546265
0.0469513
0.0389099
0.0368652
0.0242767
0.0146027
0.0375671
0.0375671
0.0515289
0.048233
0.0353088
0.0995636
0.11322
0.066391
0.0572662
0.0171661
0.12825
0.249298
0.407364
0.16124
-0.155563
-0.176331
-0.0425873
0.0614471
0.460831
0.466522
0.321671
0.226028

[22]
0.214081
0.169891
0.0924988
0.0360565
0.0224152
-0.0211487
-0.0829468
-0.273941
-0.489685
-0.736069
-0.847809
-0.882751
-0.873962
-0.764801
-0.720245
-0.605148
-0.314011
0.903229
-0.0175629
-0.339523
-0.0121918
-0.338425
-0.125397
-0.0258484
-0.108734
-0.0523376
-0.0180511
-0.0233612
-0.0246735
0.0129852
0.0538635
0.013916
-0.0151672
0.00180054
0.0556183
0.013443
-0.014679
0.0123444
0.0289307
0.021225
0.00675964
0.0430908
0.0265045
0.0504456
0.0423431
0.0140686
0.027771
0.0611572
0.0727386
0.0832672

[23]
0.154663
0.236618
0.285736
0.395218
0.0331879
-0.0861816
-0.0466003
0.0119324
-0.102951
0.411209
0.422714
0.246048
0.160522
0.114822
0.0637512
0.011734
-0.0496521
-0.13797
-0.235214
-0.356964
-0.568207
-0.728989
-0.618393
-0.635056
-0.813721
-0.806274
-0.619919
-0.619217
-0.613251
-0.356415
0.793869
0.230301
-0.232681
0.0165405
-0.427551
-0.0411224
0.120682
-0.0971985
-0.0788269
0.00561523
-0.0122223
0.0111084
0.0399628
0.0778198
0.0148926
0.000579834
0.029068
0.0236359
0.0207214
0.0252838

[24]
0.0219727
0.010849
0.0392914
0.0570679
0.0545349
0.0852356
0.0852814
0.0495453
0.0424347
0.0614319
0.0930481
0.0763245
0.00953674
0.0206451
0.152893
0.421158
0.383087
-0.0661774
-0.284851
-0.1091
-0.0778809
0.0736389
0.421829
0.390289
0.280304
0.192825
0.166748
0.150436
0.101547
0.0177917
-0.0448608
-0.110291
-0.254791
-0.525284
-0.709534
-0.762405
-0.848465
-0.844727
-0.715469
-0.544235
-0.590881
-0.457535
-0.26033
0.496948
0.901245
0.13028
-0.169113
-0.17688
-0.50386
0.00564575

[25]
0.0599213
-0.010849
0.026535
0.0603638
0.00448608
-0.042099
0.0187225
0.101715
0.101379
0.0590363
-0.0206146
0.0392456
0.0743866
0.0505676
0.0606689
0.031662
0.0460663
0.0402985
0.0652618
0.053299
0.0397186
0.0297546
0.0583496
0.0483246
0.0648193
0.0510712
0.0383759
0.136826
0.272446
0.370865
0.510239
0.0863495
-0.238327
-0.198013
-0.131729
-0.0608673
0.426468
0.3815
0.230713
0.166733
0.135773
0.105026
0.0594025
0.00161743
-0.0515747
-0.115417
-0.196716
-0.354843
-0.499008
-0.556931

[26]
-0.645859
-0.6539
-0.594376
-0.50029
-0.476318
-0.645844
-0.648087
-0.280975
0.953537
0.113754
-0.295639
-0.0331879
-0.132935
0.0104675
0.0284882
0.0354309
-0.019104
0.0164948
-0.0682983
-0.0223083
0.0788269
0.0931091
0.0534973
0.00415039
0.00222778
-0.0080719
0.00349426
0.0385132
0.0673065
0.078949
0.0800018
0.0665894
0.0466461
0.0281677
0.047821
0.116592
0.111801
0.094162
0.0313263
0.0465698
0.0189667
0.0345459
0.088974
0.267517
0.323471
0.436264
-0.0909576
-0.193558
0.0323639
0.00050354

[27]
-0.0395508
0.120682
0.448898
0.419159
0.322739
0.204788
0.143341
0.0923004
0.068924
0.0334625
-0.00996399
-0.147293
-0.259201
-0.490189
-0.697464
-0.852814
-1.11821
-1.05501
-0.776291
-0.788864
-0.481888
-0.530762
0.210388
0.505798
-0.0390015
-0.00439453
-0.155212
-0.148743
-0.00506592
-0.0317383
-0.0950623
-0.0699921
0.0189514
0.00788879
-0.0184174
0.018158
0.0536499
0.0461426
0.052887
0.0136414
0.0301819
0.0398102
0.00900269
0.0322418
0.0392609
0.0384064
0.0167847
0.00740051
0.0228271
0.0598297

[28]
0.0618286
0.0618744
0.0469971
0.0337067
0.00590515
0.0356598
0.0758972
0.204529
0.38298
0.443848
0.275833
-0.196045
-0.217346
-0.0502472
-0.147827
0.0230255
0.364944
0.389389
0.226074
0.139633
0.121582
0.0938873
0.017334
-0.0758057
-0.144562
-0.212845
-0.334686
-0.554077
-0.664673
-0.698105
-0.749023
-0.723679
-0.627747
-0.544846
-0.639664
-0.575516
-0.419785
-0.10849
1.22993
0.408966
0.0760651
-0.0651245
-0.527695
-0.0786133
0.0915375
0.0537109
0.0254517
-0.0112915
0.0397491
-0.0171661

[29]
0.0907745
0.118988
0.0453339
0.0718536
0.146149
0.105209
0.0626678
0.0431061
0.0659027
0.0610809
0.0432739
0.0355682
0.0465546
0.0839844
0.108002
0.0904083
0.105042
0.116699
0.0897369
0.0969238
0.0692139
0.175156
0.275696
0.46109
0.448822
-0.106491
-0.260315
-0.0349121
-0.254837
0.0772095
0.344025
0.428207
0.334366
0.216156
0.153152
0.185699
0.172714
0.100967
-0.0601654
-0.121475
-0.203079
-0.353638
-0.540009
-0.676132
-0.723297
-0.73053
-0.694916
-0.476715
-0.412552
-0.524124

[30]
-0.501923
0.0682983
0.887695
0.202118
-0.0408173
-0.0439758
0.0173035
-0.0078125
0.0194702
0.0428925
0.0342865
0.0896454
0.0319061
0.00801086
0.106964
0.137756
0.0847321
0.0461273
0.0241852
0.0552063
0.0582428
0.0735016
0.0489655
0.0540771
0.0903778
0.108932
0.098465
0.0984497
0.100784
0.0798492
0.112091
0.107681
0.109436
0.0581055
0.0292969
0.176102
0.387238
0.35022
0.331436
-0.141022
-0.246719
0.0525055
0.0649719
0.357651
0.479996
0.294113
0.178741
0.117676
0.102768
0.0255585

[31]
-0.0577545
-0.117325
-0.167938
-0.25119
-0.320419
-0.506622
-0.591583
-0.615601
-0.667999
-0.708054
-0.700577
-0.654602
-0.625061
-0.600403
-0.568008
0.602005
0.641647
0.196762
-0.196915
-0.16658
-0.192184
0.169556
0.0858459
0.0819397
0.0702972
0.0829926
-0.0102692
0.0737457
0.191864
0.12944
0.0742645
0.0531006
0.0843811
0.10376
0.0980988
0.0874481
0.0799561
0.0775452
0.0903931
0.0879822
0.0746002
0.123169
0.120712
0.154938
0.11203
0.0707703
0.0364075
0.0648651
0.221344
0.331833

[32]
0.500732
0.333557
-0.13855
-0.0957489
0.0793457
-0.178253
0.0417175
0.417938
0.400955
0.300919
0.237656
0.161743
0.13945
0.09375
-0.0175629
-0.095932
-0.180908
-0.293961
-0.447678
-0.617828
-0.626373
-0.600739
-0.458237
-0.32132
-0.631012
-0.702606
-0.622284
0.129486
0.715942
-0.23996
-0.137878
-0.335983
-0.138504
-0.00686646
-0.00456238
0.000732422
0.00646973
0.0208282
-0.0235443
0.0649109
0.101379
0.069397
-0.00289917
0.0241241
0.0311737
0.0583191
0.0344696
0.025177
0.0159454
0.0302887

[33]
0.0330658
0.0362396
0.0566406
0.0598145
0.122192
0.0952301
0.0693207
0.0486908
0.0568695
0.0614929
0.0400391
0.0769806
0.234283
0.332687
0.402939
-0.0975342
-0.288162
-0.0544891
-0.0483551
0.135956
0.379623
0.382187
0.245941
0.188156
0.158325
0.129944
0.0544434
-0.0127563
-0.11731
-0.217545
-0.333847
-0.563416
-0.758316
-0.848572
-0.816483
-0.807129
-0.808563
-0.759293
-0.610382
-0.335571
0.494064
0.576263
0.0214233
0.0283813
-0.502457
-0.131958
0.0298462
-0.031723
-0.12442
-0.156937

[34]
-0.0904541
-0.0590668
-0.00817871
0.00149536
-0.0485382
-0.0382843
0.0151062
0.00144958
-0.0184174
-0.0150909
-0.00849915
0.013504
-0.00860596
-0.022049
0.00189209
0.0346069
0.0733948
0.0705719
0.0147247
-0.00134277
-0.0247955
-0.0202789
0.00518799
0.0403137
0.153961
0.309677
0.463882
-0.0154114
-0.375397
-0.0747528
-0.034256
0.00117493
0.0513763
0.329025
0.32193
0.210068
0.112625
0.0880432
0.0857391
0.0334625
-0.0334625
-0.118805
-0.192123
-0.349228
-0.591339
-0.694534
-0.707932
-0.806229
-0.822876
-0.660553

[35]
-0.557281
-0.572556
-0.486252
0.0320282
0.920731
0.0379486
-0.401154
-0.0218506
0.00810242
0.0623627
0.0106201
0.0198364
0.0358887
0.0535126
0.0388031
0.0386963
0.102386
0.104004
0.0789795
0.0770721
0.0111694
0.0673065
0.0760498
0.0541382
0.0375366
0.0222626
0.0525055
0.0487518
0.0713806
0.0967255
0.0879669
0.0814209
0.0623932
0.0993347
0.0563965
0.0675354
0.0545959
0.38588
0.581573
0.348969
-0.293808
-0.245621
-0.0362396
-0.0426941
0.168991
0.404785
0.35524
0.225113
0.207321
0.199295

