[1]
-0.00923157
-0.0550079
0.0827484
0.0653839
0.197525
0.185822
0.0480652
0.024292
-0.133972
0.0618591
0.206955
0.126923
0.0351715
-0.00463867
0.071106
0.0995331
0.0806274
0.0684204
0.0394287
0.0758209
0.0702057
0.0616913
0.0534821
0.0700073
0.0532074
0.0758362
-0.0176697
-0.0546265
-0.0800018
-0.0114594
-0.244553
-0.594421
-0.0301514
-0.359497
-0.405533
-0.69397
-0.400238
-0.164856
0.00511169
-0.112091
-0.168701
-0.128876
0.00416565
0.044281
0.0325165
-0.00486755
-0.00389099
0.0466919
0.178024
0.23587

[2]
0.189941
0.0587921
-0.0209656
-0.106964
-0.0155182
0.882309
0.580032
0.054184
0.0644379
0.250824
0.345291
-0.120026
-0.229324
-0.150833
0.122864
0.127396
0.0243835
0.0720062
0.0146637
-0.0348969
-0.107651
0.0669861
0.178009
0.0402985
-0.0366669
0.00630188
0.0522003
-0.000549316
0.0201569
0.0586243
0.0337372
0.0326233
0.00613403
0.0202484
-0.00177002
0.053421
0.121582
0.0924683
-0.0314331
-0.166626
-0.101303
-0.162933
-0.550415
-0.399643
-0.0455933
-0.393448
-0.516998
-0.350876
-0.206329
-0.149551

[3]
-0.129318
-0.114258
-0.138809
-0.0885925
-0.0340271
-0.0283508
-0.00758362
-0.022049
0.0767822
0.0704803
0.0804901
0.0894775
0.0694427
-0.0165253
0.108612
0.125824
0.177307
0.918472
0.705002
-0.320312
-0.0887604
0.591415
-0.0786896
0.260757
-0.236618
-0.0170135
0.0418396
-0.0609436
-0.0150146
0.078186
0.0728912
-0.00598145
-0.0398102
0.0633698
0.0780182
-0.0194397
-0.035965
-0.0196075
-0.00654602
0.0365601
0.0480042
0.0575714
0.0350647
0.0366364
-0.000656128
0.0330505
0.0260162
0.0490112
0.0705109
-0.0965118

[4]
-0.210327
-0.140671
-0.259827
-0.662354
-0.245285
0.0858459
-0.484589
-0.60083
-0.355103
-0.245178
-0.0245056
-0.0834045
-0.148071
-0.192627
-0.108292
-0.0557251
-0.0948334
-0.101669
-0.0871735
-0.111115
-0.0797424
0.131531
0.0299377
-4.57764e-05
-0.088623
-0.165482
0.0850067
0.613907
1.27505
0.872696
-0.19574
0.00663757
0.482971
-0.0414276
0.231033
-0.160278
0.132538
0.0790558
0.102951
0.119904
0.0215759
-0.00323486
-0.180832
-0.051712
0.0856934
0.0163116
-0.0407104
-0.0172577
0.0184021
0.0646362

[5]
0.0541534
0.0285339
0.0236206
0.037796
0.0792694
0.0370483
0.0481415
0.0543976
-0.006073
0.0428009
0.0139313
-0.0371552
-0.0969086
-0.378998
-0.648499
-0.10788
0.0488281
-0.15683
-0.585754
-0.874405
-0.310867
-0.081543
0.0802002
-0.129959
-0.240097
-0.203781
-0.0417786
0.00228882
-0.0802002
-0.127716
-0.112625
-0.0692596
0.00410461
0.00117493
0.0225677
0.114975
0.222733
0.304123
0.48349
0.962433
0.799423
-0.136414
-0.203705
0.62529
-0.138565
0.0219269
-0.0794067
0.106598
0.096756
0.0940552

[6]
0.0708618
0.0225067
0.0320129
-0.0749054
-0.00764465
0.0989532
0.106506
0.0314178
-0.0395355
0.0225067
0.0534973
0.0783234
0.0536804
0.0159454
0.0284729
0.00128174
-0.0137329
0.0010376
0.0714111
0.130035
-0.00389099
-0.151672
-0.292648
-0.172272
-0.400116
-0.23996
0.0012207
-0.492905
-0.737274
-0.350754
-0.13588
-0.00804138
-0.0970612
-0.137085
-0.111359
0.00663757
-0.0607605
-0.127075
-0.150558
-0.120926
-0.0380402
0.00434875
0.129776
0.0774689
-0.0411835
-0.141037
-0.0110168
0.0486603
0.17897
0.940002

[7]
0.989273
0.606064
-0.0615845
0.544724
-0.202072
-0.217087
-0.0505371
0.167145
0.213242
0.0772858
0.0450439
-0.0225372
-0.0735321
-0.0765076
-0.0150146
0.118668
0.083725
-0.0309448
-0.048584
0.0555573
0.0513611
0.0288696
0.0404053
0.0446625
0.0296326
0.0264587
0.0295258
0.0283356
0.0463562
0.0255737
-0.0544128
-0.1371
-0.0671387
-0.250107
-0.832489
-0.176849
-0.22963
-0.447723
-0.629639
-0.470566
-0.194611
-0.0907135
-0.0767212
-0.101517
-0.0450897
-0.0181427
-0.06633
-0.0641174
-0.0686951
-0.0414581

[8]
-0.0867615
-0.0160217
0.0729828
0.0271301
0.03862
0.150375
0.129044
0.334427
0.93898
0.957718
0.39444
0.202393
0.490326
0.112152
-0.127045
-0.42157
0.123428
0.137604
0.154709
0.138474
0.00973511
-0.0167542
-0.112991
-0.0457611
0.125122
0.0899048
-0.0179901
-0.0609589
0.0264893
0.0616608
0.0602112
0.0558319
0.0391083
0.0335541
0.0373688
0.0135193
-0.0167847
0.0392609
0.0807343
-0.00143433
-0.100662
-0.2491
-0.186951
-0.345215
-0.55246
0.208694
-0.375275
-0.334991
-0.667664
-0.406204

[9]
-0.182419
-0.0476837
-0.0681
-0.138901
-0.0996857
-0.0643921
-0.103439
-0.132797
-0.126434
-0.153244
-0.117462
0.104507
0.16362
0.0827332
0.139221
0.154678
0.11113
0.258926
0.940903
0.825409
0.485245
-0.00204468
0.460358
0.392441
0.0534363
0.00386047
-0.177704
0.0493317
0.0422974
0.0366821
0.120956
0.0693207
0.00279236
-0.200882
-0.116196
0.0302582
0.100052
0.0313263
-0.0270538
-0.00924683
0.0681915
0.0541534
0.0059967
-0.0112457
0.0246429
0.0551147
0.0484161
0.0694733
-0.0256195
0.0235596

[10]
-0.0566559
-0.0685577
-0.116852
-0.0384064
-0.277863
-0.349838
0.234802
-0.341766
-0.445862
-0.710007
-0.433701
-0.219818
-0.0810852
-0.0754852
-0.126434
-0.0923309
-0.0519714
-0.0934143
-0.144485
-0.144852
-0.136139
-0.0550385
0.0866547
0.0536346
0.0965729
0.177536
0.273697
0.286469
0.44104
0.880264
0.72731
0.457565
0.0255737
0.393311
0.401337
-0.117767
-0.0720825
-0.0290375
0.173248
0.144943
0.134949
0.0903931
-0.0823975
-0.0954742
-0.150192
0.0952454
0.164932
0.0202637
-0.0474701
0.0331421

[11]
0.0510406
0.0657654
0.0744019
0.0401611
0.0354919
0.0336456
0.0405426
0.0892944
0.0632477
0.0386353
-0.000106812
-0.150116
-0.182449
-0.21286
-0.558472
-0.562881
-0.0614319
-0.41391
-0.562195
-0.350525
-0.136154
-0.0418243
-0.0655823
-0.0605316
-0.0488281
-0.00222778
-0.0457916
-0.0454254
-0.0663452
-0.0165863
-0.0720825
0.0207062
-0.0154724
-0.102692
-0.100601
-0.00918579
0.204025
0.728104
1.43427
1.07416
0.71843
0.559891
0.476242
0.224426
-0.286819
0.0614929
0.0764923
0.104431
0.0716705
0.0785217

[12]
0.0506134
-0.062973
-0.228271
-0.00561523
0.156296
0.0848846
-0.0401611
-0.0895996
0.0389862
0.0753784
0.0619812
0.0308685
0.0201111
0.00837708
0.00471497
0.0781097
0.0584106
0.0285187
0.0190277
-0.0978851
-0.154343
-0.104172
-0.375336
-0.633636
-0.0676575
-0.619476
-0.704315
-0.414429
-0.178711
-0.0918732
-0.22525
-0.191956
-0.115997
-0.0531311
-0.105865
-0.127502
-0.126663
-0.058548
-0.135956
0.0669708
0.240784
0.215347
0.147263
0.0655975
0.21582
0.442719
0.738007
0.877121
0.578995
0.289185

[13]
-0.166397
0.652252
-0.39563
0.146271
-0.0929718
0.149765
0.207779
0.0726929
0.0423431
-0.00340271
-0.198792
0.0169678
0.108673
0.0613556
-0.0649414
-0.0437469
0.0370331
0.0693054
0.0471039
0.0227814
0.0332184
0.0405579
0.052536
0.0312195
-0.0323334
-0.0196991
-0.00332642
-0.0652008
-0.104004
-0.220642
-0.704941
-0.255951
-0.00396729
-0.405106
-0.652924
-0.334106
-0.303146
-0.122314
-0.0935059
-0.0574341
-0.105209
-0.102219
-0.107574
-0.0724335
-0.0402832
0.0226135
0.0458832
0.0111084
0.172363
0.171005

[14]
0.157013
0.277771
0.460556
0.518219
0.739822
0.392319
0.321838
0.130142
0.217865
0.180206
0.0182953
-0.0559387
0.122818
-0.0027771
0.0195312
0.0608978
0.0185394
-0.0325317
-0.0976715
0.0285797
0.0493774
-0.00769043
-0.0240479
0.00492859
0.0228882
0.0417938
0.00869751
0.0292664
0.0566101
0.0664062
0.115082
0.0594482
0.00546265
0.0240936
-0.0439606
-0.0157928
-0.126602
-0.473831
-0.565048
-0.0507355
0.263977
-0.259521
-0.796585
-0.536682
-0.396912
-0.0747528
-0.0808563
-0.127457
-0.17691
-0.121674

[15]
-0.065033
-0.045929
-0.0876923
-0.107651
-0.120575
-0.0992432
-0.0335236
-0.101944
-0.101288
0.169678
0.350861
0.507645
0.834351
0.861465
0.52446
-0.0580292
0.164658
0.418701
-0.0743866
0.208542
0.0897369
0.0500031
0.0100098
-0.0100098
0.0751343
0.00726318
-0.0380096
-0.0280762
0.0578308
0.0605011
0.0375519
0.0377045
0.054718
0.101578
0.0701752
0.0381317
0.0190735
0.0689087
0.0575714
0.039032
0.00233459
0.0437927
0.036972
-0.0123901
-0.105591
-0.0617523
-0.193573
-0.542694
-0.391312
-0.0312195

[16]
-0.422974
-0.594482
-0.532822
-0.296661
-0.0910492
-0.0618134
-0.0809631
-0.130081
-0.0671997
-0.0338135
-0.0231781
-0.0614319
-0.0374451
-0.0499573
-0.0243073
0.111969
0.0601044
-0.04039
-0.0381927
-0.0300446
0.0528412
0.63324
0.934418
0.473038
0.0680237
0.385208
0.439606
-0.0537567
-0.24472
-0.122299
0.15477
0.0184021
0.136887
0.133957
-0.00726318
-0.0593109
-0.12088
0.0804749
0.155243
0.0900116
-0.00801086
0.0100555
0.0480804
0.042572
0.0499573
0.0121002
-0.00938416
0.0479279
0.0567627
0.0599518

[17]
0.011795
0.0553589
-0.10199
-0.20697
-0.149734
-0.434845
-0.623993
-0.0431366
-0.58876
-0.481201
-0.454468
-0.297195
-0.118683
-0.14061
-0.121262
-0.128723
-0.0560913
-0.0555573
-0.0606384
-0.0249481
-0.170441
0.0846252
0.233307
0.0345154
0.0652924
-0.00506592
-0.143814
-0.120819
0.316635
0.831818
0.98764
0.745575
0.6427
-0.435959
0.81015
-0.229446
0.158142
-0.0838928
0.0895844
0.0345306
0.128387
0.133865
0.0141907
-0.12204
-0.03508
0.0927582
0.0502319
-0.0405731
-0.0246124
-0.0196075

[18]
-0.0294952
-0.0157776
-0.0215454
0.0345459
0.107407
0.128113
0.097168
-0.00254822
-0.0229645
0.0164642
0.0332642
-0.0784149
-0.19371
-0.229813
-0.540604
-0.314423
0.0262604
-0.507523
-0.847458
-0.415649
-0.344559
-0.122757
-0.0836182
-0.0844727
-0.111771
-0.0642395
-0.0781097
-0.0830688
-0.0652313
-0.04599
-0.0438232
0.072998
0.0974121
0.077179
-0.0696869
0.0386963
0.130844
0.387634
0.948761
0.707062
0.423569
0.215378
0.726669
-0.272247
0.237946
0.0257416
-0.0722504
0.0402069
0.05867
0.180481

[19]
0.0219116
-0.191696
-0.10672
0.0272522
0.116119
0.0461426
0.0365448
-0.00837708
0.0477142
0.0293274
0.0341339
0.020462
0.0360413
0.00415039
0.0260162
0.0569458
0.04776
0.116638
-0.0434265
-0.179703
-0.139389
-0.248352
-0.823029
-0.110336
-0.283707
-0.568985
-0.465591
-0.498856
-0.228317
-0.126328
-0.116821
-0.13475
-0.0952301
-0.0690002
-0.0823059
-0.0535889
-0.0586395
-0.0374756
-0.0593872
0.0679779
0.0904846
0.0218506
-0.157516
-0.0809784
-0.0465088
0.447769
1.28792
0.594162
0.00769043
0.432709

[20]
0.368073
-0.209671
0.0422668
0.193512
0.11348
0.000244141
-0.00598145
0.0727386
0.0167084
-0.0998993
-0.0854187
0.0422821
0.0843658
0.0293121
0.00491333
0.0162964
0.0648346
0.0732117
0.020813
0.0414276
0.0584106
0.0126801
0.0270538
0.00241089
0.0122833
0.0456238
-0.0613708
-0.0915985
-0.095932
-0.435959
-0.59433
0.0719604
-0.552063
-0.719818
-0.392227
-0.298309
-0.02034
-0.0982971
-0.0794067
-0.10495
-0.0278473
-0.0614319
-0.107895
-0.140808
-0.113052
-0.0783539
0.0158844
0.151825
0.072464
0.0765076

[21]
0.0940857
0.0916901
0.394745
1.28397
1.0954
0.231094
-0.0570984
0.151077
0.436615
0.0331726
0.217834
-0.204773
0.243561
0.0250854
0.00559998
0.00978088
-0.0161438
0.013443
-0.0416718
0.0580139
0.0393829
0.0167542
-0.00617981
0.0302734
0.0604553
0.0183563
0.0512543
0.0360565
0.00747681
0.00335693
0.00370789
0.0764465
0.0612335
-0.0307159
-0.152115
-0.176041
-0.272614
-0.717041
0.0969543
-0.381165
-0.453094
-0.944321
-0.338776
-0.334183
-0.0166779
-0.0259705
-0.00584412
-0.0710754
-0.00350952
-0.0577698

[22]
-0.111496
-0.15477
-0.206894
-0.103043
-0.0437775
-0.148911
-0.231476
-0.0891266
0.0573578
0.298752
0.805786
1.12579
0.822754
0.56868
0.302933
0.0533905
0.384445
0.0948486
0.10022
0.0639191
0.0136261
0.012558
0.128891
-0.038681
-0.161179
-0.0409851
0.0619812
0.10936
0.0351562
0.000411987
0.0465088
0.0883789
0.169907
0.0667114
0.094696
0.0761871
0.0839996
0.0558319
-0.0267181
0.0149689
0.0391998
0.0189209
0.00654602
-0.244034
-0.718277
-0.267853
-0.0565796
-0.455795
-0.929443
-0.4207

[23]
-0.286835
-0.132828
-0.119629
-0.166092
-0.139969
-0.0385132
-0.0269623
-0.0830688
-0.115784
-0.126526
0.0113678
0.135605
0.10701
0.0183716
0.0463715
0.117889
0.24968
0.813766
1.10353
0.615982
0.17598
-0.0674591
0.524841
-0.101578
0.321121
-0.00878906
0.118942
0.0272522
0.0349579
0.0527496
0.0825348
-0.0714417
-0.0164337
0.0655365
0.0734406
-0.0022583
0.0384674
0.0804749
0.0487823
0.0544434
0.00143433
0.00593567
0.093399
0.0729523
0.0507507
0.0280609
0.0488892
-0.021759
-0.079422
-0.132034

[24]
-0.276688
-0.633484
-0.0364838
-0.351974
-0.623886
-0.709869
-0.56485
-0.0265503
-0.0962677
-0.0577087
-0.0400696
0.0453796
-0.0874329
-0.119308
-0.157669
-0.106812
-0.0604553
0.071579
0.07547
0.000961304
-0.0190277
-0.0966949
-0.159134
0.0171356
0.492508
1.06024
0.773254
0.75705
0.91832
0.415359
-0.131943
-0.0312042
-0.200226
0.00802612
0.0717316
0.141632
0.180161
0.0156555
-0.148193
-0.132919
0.100586
0.123672
0.00279236
-0.043808
0.0159912
0.0924072
0.0541687
0.0295258
0.0190277
0.00062561

[25]
0.082016
0.0476685
0.0718079
0.0333862
-0.0193329
-0.167664
-0.112823
-0.37027
-0.744797
0.172897
-0.586548
-0.475388
-0.70015
-0.427017
-0.195343
-0.106857
-0.134338
-0.12323
-0.0167542
-0.0332642
-0.040863
-0.112381
-0.0499268
0.0164795
0.154907
0.142624
0.084671
0.0237427
-0.0126038
0.081955
0.300507
1.03911
1.07768
0.575241
0.133347
0.21788
0.537537
-0.0688477
0.0717926
-0.0883331
0.108475
0.0135803
0.147476
0.0892181
-0.082077
-0.157471
-0.0280762
0.0397186
0.0597382
-0.0457916

[26]
-0.0108795
0.0387268
0.0696411
0.0682526
0.0206604
0.0504608
0.0291443
0.0921783
0.0355377
-0.0442047
-0.0123596
0.0404358
-0.0639191
-0.0868835
-0.198456
-0.590912
-0.452896
0.0717926
-0.296936
-0.685638
-0.586609
-0.431763
-0.20784
-0.125763
-0.121857
-0.159729
-0.0825653
-0.0737305
-0.0953979
-0.194748
-0.231949
-0.183853
-0.0295258
0.0318604
0.0124054
0.0505676
0.358673
0.329834
0.53096
0.917725
0.990005
0.606262
-0.577728
0.874008
0.134857
-0.112076
0.0204468
0.226303
0.150818
-0.0340271

[27]
0.0437317
-0.03508
-0.124039
0.00231934
0.0386505
0.00698853
-0.0419159
-0.0324554
0.0537567
0.0835114
0.0571899
0.0461884
0.0615845
0.0585632
0.0955963
0.0892944
0.000747681
0.0045929
0.0266571
-0.021225
-0.0683441
-0.287125
-0.639801
-0.680237
0.175308
-0.37999
-0.606003
-0.485321
-0.356293
-0.154999
-0.129288
-0.0776825
-0.128799
-0.0729523
-0.0256042
-0.0944061
-0.119751
-0.157028
-0.11702
-0.0808411
0.0263214
0.00474548
-0.0445099
0.0293427
0.11554
0.166138
0.71904
1.02977
0.844116
0.342728

[28]
0.0847015
0.772369
-0.156921
0.0801239
0.0854034
0.00312805
0.0523834
0.132645
0.0842896
-0.0460052
-0.0730591
0.02034
0.0661011
0.0623474
0.0184631
0.0401001
0.0608368
0.085434
0.091217
0.0658417
0.0501099
-0.00531006
0.0139771
0.0509949
0.0592194
0.097168
-0.0133209
-0.131989
-0.123367
-0.260345
-0.888412
-0.149567
-0.270477
-0.411789
-0.76207
-0.352127
-0.201691
-0.0401917
-0.066925
-0.0855713
-0.0719299
-0.0245667
-0.100525
-0.17598
-0.204193
-0.206741
-0.215546
-0.0815582
-0.0960999
-0.151016

[29]
-0.0597839
0.102325
0.177536
0.506058
1.1087
1.1665
1.00905
0.350693
0.253799
0.32193
-0.0581512
0.0590363
0.175751
0.041626
0.0192719
0.123337
0.0666504
-0.065567
-0.0587311
0.0848846
0.104156
0.0348511
0.0137024
0.0422668
0.0867462
0.0977325
0.0488434
0.0210571
0.018158
0.0596619
0.0357971
0.0129395
0.0451508
0.106628
0.0237885
-0.08461
-0.006073
-0.195847
-1.03586
-0.313995
-0.0566101
-0.418213
-0.657898
-0.331055
-0.199585
-0.0283203
-0.0289612
-0.0914001
-0.129822
-0.0598907

