[1]
-0.965988
-0.178558
-0.0205078
-0.101532
-0.0512238
-0.178574
-0.127243
-0.0361176
-0.0459137
-0.0282135
-0.0569305
-0.0403137
-0.00340271
0.0090332
0.00567627
1.52588e-05
-0.00268555
-0.0249634
-0.0132141
-0.0396576
-0.0463257
-0.0690308
-0.0890961
-0.146286
-0.180984
-0.216766
-0.220337
-0.333878
-0.513184
-0.851135
-1.0661
-1.07092
-1.005
-0.683975
-0.631042
0.127533
1.10274
0.205338
0.552139
0.750336
0.681793
0.656952
0.62439
0.580643
0.54158
0.49115
0.345169
0.119629
-0.111069
-0.426529

[2]
-0.87619
-1.09845
-1.14178
-1.17671
-0.962387
-0.764542
-0.959854
-0.236832
-0.361664
-0.159668
-0.691742
-0.477921
-0.163696
-0.226898
-0.057312
-0.145035
-0.0777283
-0.060318
-0.0424347
-0.0156403
-0.0104828
-0.00248718
-0.0224609
-0.00160217
0.0162354
0.00642395
-0.0178528
-0.0135651
-0.0105133
-0.0183411
-0.0304718
-0.018631
-0.064209
-0.103119
-0.0944214
-0.207138
-0.221832
-0.243759
-0.290131
-0.439575
-0.637009
-0.97197
-1.06535
-0.843536
-0.932816
-0.621002
-0.386948
0.515381
-0.274078
0.424438

[3]
0.583908
0.598801
0.667557
0.682236
0.664261
0.592911
0.564011
0.467514
0.334229
0.167084
-0.0993652
-0.436218
-0.834488
-1.11223
-1.1602
-1.20302
-0.936111
-0.698944
-0.99765
0.0886688
-0.393402
-0.526505
-0.955795
-0.335861
-0.176498
-0.17981
-0.115967
0.00338745
-0.0179901
-0.0413971
-0.0353088
-0.0222168
0.0226746
0.00907898
-0.00796509
-0.0119476
0.0141754
-0.016037
-0.0088501
-0.00608826
-0.0357513
-0.0574341
-0.0313568
-0.0193634
-0.0518951
-0.0958252
-0.133728
-0.17746
-0.186356
-0.195953

[4]
-0.407425
-0.620163
-1.06822
-1.08037
-1.09457
-0.979996
-0.608017
-0.463013
0.633774
-0.190506
0.53833
0.654968
0.661026
0.689758
0.685181
0.674637
0.601776
0.594269
0.527832
0.322937
0.0432129
-0.221771
-0.678833
-1.06219
-1.10025
-1.14299
-1.1176
-0.943787
-0.718246
-0.67572
-0.231354
-0.346756
-0.485901
-0.897308
-0.291183
-0.139526
-0.081604
-0.138123
-0.0232391
-0.0571899
-0.0374603
-0.0343628
-0.0112
-0.00312805
-0.00909424
-0.0200043
0.00152588
0.00543213
-0.0127106
-0.0163879

[5]
-0.0164337
4.57764e-05
-0.0146332
-0.0363007
-0.0269775
-0.0417175
-0.0609589
-0.0835419
-0.173294
-0.216293
-0.237
-0.322311
-0.556931
-0.955856
-1.06146
-0.963425
-0.906281
-0.585571
-0.452652
0.213196
0.33815
0.411606
0.569153
0.627899
0.637177
0.634338
0.633987
0.540771
0.493225
0.420105
0.235291
-0.00985718
-0.202316
-0.50647
-0.83548
-1.0862
-1.15448
-1.12721
-0.923615
-0.654663
-0.537994
-0.280014
-0.368927
-0.679947
-0.539734
-0.189423
-0.107132
-0.0166321
-0.105362
-0.0227966

[6]
-0.0781097
-0.0624847
-0.0248413
-0.0224915
-0.0160522
-0.0289917
-0.0428467
-0.000778198
0.00184631
-0.0221405
-0.013382
-0.0277252
-0.027359
-0.0273438
-0.0263824
-0.0875702
-0.131577
-0.185349
-0.227341
-0.288467
-0.284622
-0.452576
-0.608963
-1.00188
-1.07689
-0.945999
-0.981537
-0.704483
-0.183838
1.01697
-0.114777
0.370392
0.715714
0.672073
0.63092
0.638046
0.602997
0.56337
0.521576
0.420685
0.222
0.0177612
-0.222229
-0.585938
-1.01582
-1.10376
-1.13963
-0.922348
-1.07608
-0.46817

[7]
-0.589005
-0.243271
-0.38829
-0.636734
-0.351593
-0.0506744
-0.0667114
-0.0752106
-0.0536804
-0.096344
-0.0483551
0.00944519
-0.0312958
-0.0131378
-0.0107117
-0.0402069
-0.0285492
-0.00341797
-0.0117035
-0.0209045
-0.0189056
-0.0284729
-0.0106201
-0.0377655
-0.0765991
-0.0937042
-0.127655
-0.243393
-0.240021
-0.274017
-0.342545
-0.477142
-0.750305
-1.07332
-1.08749
-1.00807
-0.662872
-0.695389
-0.0367432
0.663696
0.442749
0.515884
0.593597
0.620667
0.635056
0.632782
0.596954
0.559158
0.482147
0.3116

[8]
0.0550842
-0.162567
-0.56102
-1.021
-1.09875
-1.13809
-0.998703
-0.868286
-0.606277
-0.54776
-0.350525
-0.478088
-0.561401
-0.544281
-0.21048
-0.112885
0.00834656
-0.131104
-0.0433502
-0.0656738
-0.0380554
-0.0160217
-0.000900269
0.0101166
-0.0229797
-0.0467072
-0.026825
0.00730896
-0.00244141
-0.0149689
-0.0201569
-0.0419617
-0.0478058
-0.0287781
-0.0883636
-0.133224
-0.14798
-0.211487
-0.222122
-0.261124
-0.325729
-0.476059
-0.723801
-1.07446
-1.07484
-1.04872
-0.642532
-0.73732
0.104218
0.986496

[9]
0.345428
0.458588
0.67659
0.655228
0.642181
0.61702
0.584412
0.518738
0.486908
0.358124
0.130508
-0.134644
-0.385849
-0.844116
-1.09355
-1.13652
-1.06133
-1.02878
-0.808655
-1.06326
-0.432281
-0.285919
-0.25705
-0.734619
-0.508789
-0.163284
-0.248077
-0.00534058
-0.0551453
-0.0436707
-0.0680389
-0.0856171
-0.0461273
-0.00398254
0.0255127
-0.0112152
-0.0272064
-0.00895691
0.0114594
-0.0128937
0.00354004
-0.00234985
-0.0387573
-0.0406647
-0.0597382
-0.0964203
-0.0972443
-0.17836
-0.17955
-0.186646

[10]
-0.235107
-0.307068
-0.433319
-0.800247
-1.06967
-1.05154
-1.01987
-0.638809
-0.615158
0.0724182
0.229828
0.370789
0.577881
0.608597
0.642563
0.602936
0.5858
0.517838
0.495193
0.380539
0.150513
-0.0682678
-0.280197
-0.562073
-0.850403
-0.963913
-1.00215
-0.938354
-0.864075
-0.654663
-0.75383
-0.458298
-0.253525
-0.470932
-0.847427
-0.391235
-0.0862579
-0.177567
-0.110474
-0.0305023
-0.0760803
-0.00488281
-0.0305786
-0.0387421
-0.018631
-0.0648804
-0.0740509
-0.0324097
0.00050354
-0.00952148

[11]
-0.0283813
-0.0364075
-0.0191193
-0.0225372
-0.000793457
-0.0381622
-0.187241
-0.169556
-0.208099
-0.209671
-0.281876
-0.391617
-0.599762
-0.975037
-1.06697
-0.769714
-1.05983
-0.700653
-0.336945
0.901352
0.0677948
0.34938
0.7146
0.719849
0.705673
0.683655
0.623764
0.567963
0.449066
0.328461
0.0498962
-0.142471
-0.379456
-0.67244
-0.844177
-1.01392
-1.08601
-1.09479
-0.884048
-0.849792
-0.613129
-0.530975
-0.649368
-0.632339
-0.394241
-0.105667
-0.0415802
-0.0452118
-0.0152283
-0.071701

[12]
-0.0362549
-0.00390625
0.0190277
-0.00137329
-0.0622864
-0.0534515
-0.0188293
0.00112915
-0.0285645
-0.0366364
-0.0350342
-0.0328674
-0.0246887
-0.0764923
-0.121246
-0.210495
-0.200775
-0.241714
-0.283295
-0.368408
-0.511154
-0.867783
-1.07196
-0.907104
-1.06924
-0.866791
-0.45723
0.718643
-0.308105
0.455841
0.724411
0.685303
0.737976
0.704926
0.650101
0.589081
0.492416
0.343231
0.0829163
-0.173676
-0.366547
-0.712952
-0.977463
-1.07434
-1.16841
-1.15344
-0.980911
-0.751999
-0.305878
-0.470474

[13]
-0.63414
-0.727142
-0.544159
-0.429596
-0.0182953
0.0244598
-0.114792
-0.0917053
-0.00592041
-0.0306854
-0.0072937
0.0161285
-0.00691223
-0.0300598
0.00233459
-0.0109863
-0.0226746
-0.0153046
-0.0246735
-0.0477753
-0.0748749
-0.105774
-0.156693
-0.169693
-0.197449
-0.252274
-0.298859
-0.391495
-0.563431
-1.03621
-1.08458
-0.938141
-0.989624
-1.02715
-0.391556
0.788498
-0.127502
0.334839
0.601273
0.636261
0.685532
0.677353
0.661545
0.585709
0.492981
0.373917
0.127274
-0.149033
-0.432755
-0.752472

[14]
-1.10301
-1.1459
-1.1841
-1.04378
-0.773209
-1.02844
-0.259445
-0.410965
-0.406143
-0.814529
-0.373306
-0.223221
-0.0459747
-0.0892181
-0.0552521
-0.0331573
-0.0281525
-0.0561523
-0.00566101
0.0127106
-0.00624084
-0.000869751
-0.0140076
-0.0218811
-0.0113831
-0.0250854
-0.0262146
-0.0639038
-0.059433
-0.067627
-0.109192
-0.153198
-0.186172
-0.222488
-0.273163
-0.385086
-0.614105
-0.96463
-1.07376
-1.09081
-0.981552
-0.738083
-0.438721
0.916901
0.0923004
0.463409
0.723923
0.633194
0.670227
0.647568

[15]
0.635498
0.537811
0.442429
0.252457
-0.0422211
-0.227081
-0.454422
-0.719009
-0.987183
-1.14967
-1.13254
-1.03119
-0.749619
-0.810593
-0.5112
-0.221176
-0.481247
-0.775543
-0.492035
-0.27623
-0.0901489
-0.0572052
-0.0353851
-0.102325
-0.0192566
-0.0352631
-0.0458832
0.00389099
-0.0223389
-0.0125122
-0.0214386
-0.00154114
-0.00617981
-0.0131378
-0.0254669
-0.0326691
-0.0287323
-0.0338287
-0.0515289
-0.100845
-0.167206
-0.22139
-0.208603
-0.271759
-0.376236
-0.591995
-1.01239
-1.06242
-1.07466
-0.987976

[16]
-0.653671
-0.470551
0.569565
-0.117599
0.53775
0.795792
0.712555
0.756531
0.716095
0.698059
0.610825
0.536682
0.387604
0.133957
-0.125854
-0.402802
-0.772766
-1.10165
-1.14563
-1.16107
-0.973175
-0.736374
-0.571564
-0.655945
-0.116638
-0.503906
-0.538925
-0.527786
-0.348969
-0.207153
-0.0981293
-0.155396
-0.0614624
-0.0654907
-0.0213928
-0.0330353
0.00386047
-0.0043335
-0.0184021
-0.016983
0.0154114
-0.0224152
-0.0357361
-0.0239258
-0.0496826
-0.0796967
-0.0603027
-0.10498
-0.133972
-0.173172

[17]
-0.238541
-0.292908
-0.342133
-0.521225
-0.807831
-1.06956
-0.989227
-1.0885
-0.842896
-0.419586
0.738022
-0.140198
0.507446
0.818497
0.749985
0.75766
0.68309
0.59549
0.537064
0.437057
0.163589
-0.0788727
-0.316223
-0.558121
-0.745514
-0.956985
-0.979889
-1.06812
-1.01395
-0.750458
-0.747498
-0.499268
-0.566956
-0.859436
-0.628754
-0.482986
-0.373856
-0.00701904
-0.000396729
0.000701904
-0.0364227
-0.0508575
-0.0129395
-0.014679
-0.00311279
-0.0227509
-0.00627136
-0.00949097
0.00604248
0.00738525

[18]
-0.00631714
0.00508118
-0.0045166
-0.00819397
-0.0606232
-0.121338
-0.237732
-0.201675
-0.213959
-0.28299
-0.333542
-0.384033
-0.56694
-0.972778
-1.08211
-0.814224
-0.956924
-0.971695
-0.407822
0.98291
-0.06604
0.347946
0.752274
0.702835
0.716324
0.664764
0.576248
0.511826
0.390976
0.174622
-0.106567
-0.352661
-0.600922
-0.955566
-1.12279
-1.16365
-1.07716
-0.811127
-0.578934
-0.723862
-0.343307
-0.451981
-0.609177
-0.770645
-0.543015
-0.0800629
0.083847
0.00895691
-0.013443
-0.0695953

[19]
-0.0312042
-0.0200958
0.0131531
-0.00411987
-0.0332642
-0.0265045
0.0120392
-0.00611877
-0.0362549
-0.0361481
-0.0539398
-0.0584412
-0.0648041
-0.0996246
-0.155334
-0.19043
-0.244064
-0.296112
-0.331833
-0.455917
-0.711594
-1.06728
-1.08046
-1.09657
-0.721649
-0.6465
0.179092
0.258652
0.535553
0.58168
0.678726
0.702301
0.687805
0.658585
0.579407
0.519699
0.442352
0.251633
0.00849915
-0.245041
-0.569351
-0.949478
-1.10902
-1.15363
-1.17264
-0.972916
-0.752899
-0.803665
-0.176239
-0.459839

[20]
-0.468033
-0.804245
-0.461304
-0.095932
-0.124023
-0.0571899
-0.0328217
-0.0594482
-0.0157013
-0.0352478
0.00862122
-0.00202942
-0.019516
-0.0160828
-0.00592041
-0.0368195
-0.034729
-0.050293
-0.0431061
-0.0583496
-0.0570831
-0.0919495
-0.108521
-0.154068
-0.235367
-0.317413
-0.39386
-0.527695
-0.892639
-1.06795
-0.962372
-1.07758
-0.909988
-0.419922
0.588898
-0.154572
0.399567
0.730072
0.750397
0.73793
0.712448
0.636307
0.547989
0.496796
0.356674
0.100891
-0.129166
-0.426239
-0.762665
-1.0966

[21]
-1.14255
-1.18968
-1.22398
-0.922638
-0.62764
-0.830704
0.470871
-0.0133972
-0.557571
-0.904755
-0.264236
-0.32782
-0.152832
-0.132278
0.00656128
-0.0058136
-0.0347443
-0.038559
0.0421448
0.0238495
0.0320129
0.00999451
-0.0109253
-0.0223541
-0.0435791
-0.0661011
-0.0640259
-0.0635529
-0.0964966
-0.0970154
-0.166855
-0.188965
-0.244156
-0.296677
-0.393906
-0.625107
-1.06718
-1.08098
-1.09698
-0.917572
-0.953125
-0.0706024
1.22536
0.133102
0.36058
0.80722
0.744202
0.715027
0.647354
0.545242

[22]
0.49675
0.372498
0.109833
-0.137192
-0.329086
-0.660233
-0.968216
-1.09233
-1.03545
-1.00555
-0.873901
-0.999603
-0.498077
-0.594009
-0.476868
-0.581482
-0.78772
-0.413071
-0.0238647
0.0067749
0.0447845
-0.0566864
-0.0702209
0.00282288
-0.0478973
-0.0267792
-0.0233307
-0.0517273
-0.0256195
-0.0265961
-0.0304108
-0.0360718
0.0273438
-0.000473022
-0.0879669
-0.0821838
-0.11586
-0.140854
-0.219696
-0.272217
-0.334778
-0.38945
-0.56871
-0.975662
-1.08862
-1.06229
-0.892685
-0.96843
-0.321915
1.04579

[23]
-0.0490265
0.396927
0.664124
0.661758
0.678329
0.635742
0.591385
0.547577
0.396103
0.151657
-0.120255
-0.34668
-0.663177
-0.982956
-1.11696
-1.0809
-1.0657
-0.904465
-0.63858
-0.964386
-0.0228119
-0.503143
-0.430984
-1.0741
-0.429886
-0.214569
-0.0483551
-0.0246735
-0.0538483
-0.0213623
-0.0389862
-0.0471344
0.0148926
0.0173187
-0.0161285
-0.0128174
-0.00605774
-0.0341949
-0.0393066
-0.0412903
-0.0780487
-0.101105
-0.149994
-0.145081
-0.18515
-0.218231
-0.244888
-0.298111
-0.451752
-0.681335

[24]
-1.05377
-1.08578
-1.10475
-0.906326
-0.766403
0.136108
0.184296
0.56105
0.707916
0.693863
0.721649
0.648514
0.597183
0.547287
0.446625
0.278351
0.0391235
-0.154663
-0.411499
-0.72139
-0.895981
-0.964432
-0.950195
-0.878571
-0.78981
-0.587082
-0.568802
-0.529785
-0.277954
-0.681305
-0.825165
-0.302795
-0.155655
0.0169983
-0.0781097
-0.0583496
-0.048111
-0.033844
0.0118256
0.0392609
-0.00794983
-0.0475311
-0.026062
-0.00918579
-0.0214233
-0.0413971
-0.0510559
-0.0425262
-0.0583038
-0.0975189

[25]
-0.136963
-0.16629
-0.226944
-0.27092
-0.329788
-0.428635
-0.660004
-1.06746
-1.07043
-0.940201
-0.78743
-0.707855
0.0973358
0.88797
0.464233
0.44722
0.686111
0.702164
0.658157
0.614578
0.535858
0.460968
0.281174
0.0451355
-0.186371
-0.464417
-0.766998
-1.06198
-1.1315
-1.17516
-1.08835
-0.793381
-0.562332
-0.513718
-0.215714
-0.451157
-0.701721
-0.840851
-0.16098
0.00123596
-0.105133
-0.0727081
-0.0905304
-0.0603485
-0.00791931
-0.0148315
0.0134583
0.00195312
-0.00378418
-0.00621033

[26]
-0.00523376
-0.0197601
-0.0283051
-0.0206757
-0.0651245
-0.0305634
-0.0852661
-0.149918
-0.197952
-0.22493
-0.26152
-0.304749
-0.415237
-0.616684
-0.995316
-1.07941
-0.758331
-0.796249
-0.772247
-0.411285
0.737396
-0.0842285
0.24794
0.713318
0.619537
0.640106
0.609573
0.574905
0.509155
0.432098
0.202469
-0.0684052
-0.244049
-0.471039
-0.852386
-1.10315
-1.14436
-1.01215
-0.864487
-0.706863
-0.6922
-0.694794
-0.835022
-0.471191
-0.518188
-0.095871
-0.04216
-0.0792084
-0.0757294
-0.0989075

[27]
-0.038208
-0.000640869
-0.0359039
-0.00157166
-0.0014801
0.0085144
0.0150604
0.00543213
-0.0349579
-0.0208435
-0.00418091
-0.0340881
-0.0392609
-0.101868
-0.134827
-0.175995
-0.236954
-0.244186
-0.333359
-0.371979
-0.526154
-0.960831
-1.06343
-0.792526
-0.965134
-0.612213
-0.554871
0.301392
0.0953064
0.472839
0.637009
0.679489
0.703568
0.672897
0.659348
0.580399
0.552261
0.385239
0.163391
-0.109818
-0.39537
-0.74147
-1.10738
-1.15135
-1.09209
-0.951447
-0.746918
-0.587906
-0.420181
-0.203659

[28]
-0.415619
-0.809845
-0.622223
-0.318832
-0.0667572
-0.00518799
-0.0507965
-0.0572357
-0.0294342
-0.0348663
0.00256348
-0.00842285
-0.0119781
-0.0196991
-0.00701904
-0.0105438
-0.0245972
-0.0561523
-0.0404663
-0.051651
-0.0463104
-0.0900726
-0.0897522
-0.173386
-0.251038
-0.283875
-0.323395
-0.379013
-0.603333
-1.06461
-1.07698
-0.82814
-0.85289
-0.861099
-0.123383
0.998703
0.173615
0.400223
0.750839
0.713379
0.730789
0.680786
0.58783
0.556
0.460312
0.291626
0.0249329
-0.208557
-0.536392
-0.913651

[29]
-1.06615
-1.11995
-0.938019
-0.865997
-0.67012
-0.661484
-0.513702
0.00195312
-0.427994
-0.80867
-0.448685
-0.277832
-0.231415
-0.0312653
-0.0614929
-0.0562897
-0.00561523
-0.0135651
0.00674438
-0.00808716
-0.0339966
-0.00704956
-0.000930786
-0.00486755
-0.0212555
-0.0358734
-0.0335083
-0.0467072
-0.0430756
-0.0580139
-0.0992126
-0.142029
-0.198532
-0.228806
-0.264282
-0.377213
-0.642349
-1.05849
-1.06816
-0.929794
-0.836105
-0.709686
-0.183426
0.700134
-0.0748596
0.488785
0.639404
0.72641
0.732117
0.716446

