[1]
0.00619507
-0.00509644
-0.0144653
0.00837708
-0.0121765
0.00914001
-0.00587463
-0.0146179
-0.0215912
-0.0106506
-0.00601196
-0.000778198
0.0761719
0.0144653
-0.019455
-0.0293121
-0.0619049
-0.053421
-0.0629883
-0.0167236
9.15527e-05
-0.0170441
0.0961914
0.157639
0.125244
0.0541382
0.0509949
-0.134369
-0.016449
0.148331
0.224152
0.16925
0.242294
0.232925
0.202728
0.172363
0.116653
0.0656891
0.0247955
0.00151062
-0.0250702
-0.0451813
-0.0905457
-0.174698
-0.332504
-0.47049
-0.625763
-0.663788
-0.469131
-0.343216

[2]
-0.2034
-0.224869
1.15019
0.474854
-0.116776
-0.00518799
-0.509979
-0.127243
-0.0478363
0.0481262
0.0922241
0.0587463
0.00569153
-0.0235748
-0.0375671
0.0580597
0.10759
0.0623016
0.0216064
0.0309906
0.037735
0.0496368
0.0644226
0.0523682
0.0171967
0.0237579
0.0320282
0.0310364
-0.00442505
0.0172119
0.0363617
0.0531006
0.0494995
0.110718
0.0921936
0.104172
0.0431671
0.0194702
0.0784912
0.0935364
0.17395
0.181946
0.212326
0.155746
-0.117615
-0.177307
0.0267792
-0.023468
0.0517426
0.261566

[3]
0.352097
0.31073
0.24324
0.20639
0.162292
0.192596
0.166412
0.123489
0.0786133
0.0124664
-0.111038
-0.267715
-0.401993
-0.491608
-0.57106
-0.56778
-0.570984
-0.591446
-0.739822
-0.731689
-0.730621
0.0206757
0.436142
-0.068985
-0.0119476
0.0326843
-0.261963
-0.0206909
0.0371857
-0.04776
0.010498
0.0638885
0.0188141
-0.0102844
-0.0464935
0.0524902
0.0832214
0.0448761
-0.00389099
0.00390625
0.0387726
0.0299835
0.0263367
0.0269318
0.0280457
0.0290375
0.0520935
0.0701447
0.0736237
0.0728455

[4]
0.0537109
0.0192108
0.0406647
0.0378265
-0.0120239
-0.0111389
0.0546112
0.124634
0.152679
0.158325
0.17865
0.281219
0.283203
-0.00749207
-0.18512
-0.101593
0.0928192
-0.251358
0.117859
0.260651
0.270264
0.196854
0.154892
0.123093
0.103561
0.0649872
0.0304565
-0.041687
-0.143829
-0.111816
-0.218674
-0.427353
-0.406296
-0.45311
-0.480881
-0.404388
-0.491653
-0.834656
-0.879013
0.10791
0.685211
0.116714
-0.244064
-0.37738
-0.284134
-0.0506592
-0.0334167
-0.0801544
0.0223694
0.078064

[5]
0.00187683
-0.113083
-0.0359802
0.119308
0.081131
-0.00770569
-0.0600433
0.0057373
0.0471954
0.0309601
-0.00415039
0.0285339
0.0299377
0.0388641
0.0336761
0.0349121
0.0725708
0.0676117
0.0267029
0.0282593
0.0971832
0.0662384
0.0593262
0.0380554
0.134384
0.175461
0.275726
0.125137
-0.360428
-0.176544
0.121353
-0.103134
0.14888
0.263062
0.276123
0.216141
0.172562
0.130966
0.0731964
0.0341797
0.00502014
-0.0118713
-0.104752
-0.197418
-0.327454
-0.60228
-0.776978
-0.750107
-0.725677
-0.646942

[6]
-0.500443
-0.597488
-0.255249
0.862366
0.00999451
-0.154572
-0.166046
-0.247223
-0.139908
-0.104294
-0.0507965
-0.101822
-0.0160217
0.0412903
-0.0458679
-0.116409
-0.0933533
0.0114136
0.0184937
0.00143433
-0.0467529
-0.0475769
-0.0126343
0.055954
0.0247345
0.0209198
0.0124969
-0.0151367
-0.00164795
-0.000732422
0.0386963
0.0835876
0.0799103
0.028183
-0.0261841
-0.0597382
-0.00363159
0.0510101
0.210571
0.36586
0.377548
0.148087
-0.296112
-0.198761
0.0129547
-0.171494
0.167984
0.285233
0.27124
0.205704

[7]
0.154633
0.136108
0.0749664
-0.00556946
-0.0526428
-0.0760193
-0.145966
-0.20842
-0.440353
-0.676971
-0.855148
-1.05573
-1.01236
-0.664886
-0.513763
-0.395248
0.280991
1.14406
0.0301666
-0.432007
-0.239227
-0.247131
-0.10672
-0.0667114
-0.0496521
-0.00868225
0.0215759
0.00878906
-0.0500336
-0.0797882
0.0137024
0.101395
0.0370483
-0.0245819
-0.0227203
0.000289917
0.00123596
0.0267181
-0.00531006
-0.00196838
0.00172424
0.0308075
0.0447845
0.0160828
0.0628662
0.0811005
0.0832214
0.000335693
-0.0681915
-0.0116119

[8]
0.0386963
0.142578
0.263351
0.435013
0.366013
0.0102081
-0.314667
-0.179092
-0.107819
-0.178406
0.187332
0.257294
0.238312
0.191589
0.172424
0.120575
0.0815887
0.0161285
-0.0277405
-0.0979004
-0.195374
-0.285004
-0.427902
-0.558975
-0.823334
-0.905701
-0.690155
-0.748398
-0.960678
0.0404816
0.784348
0.0302124
-0.313156
-0.120743
-0.282578
-0.160645
-0.118698
-0.0564117
-0.0953369
0.0103455
0.0315399
-0.0236359
-0.119247
-0.0873718
0.0098877
0.0682526
-0.025116
-0.0466766
-0.058197
-0.00175476

[9]
0.000762939
0.00743103
-0.0487366
-0.0169373
-0.011673
-0.0147858
-0.0067749
0.0351105
0.054245
0.0349579
-0.020874
0.0453339
0.0383453
0.163162
0.263336
0.379807
0.336731
-0.0763245
-0.325394
-0.211563
-0.133514
-0.0255432
0.12648
0.194809
0.191498
0.204391
0.14595
0.0671692
0.0179749
-0.0400391
-0.0263672
-0.0683746
-0.157532
-0.202667
-0.365814
-0.689651
-0.908813
-0.97258
-0.777054
-0.535843
-0.626297
-0.358673
0.853485
0.799362
0.039917
-0.437439
-0.18602
-0.347473
-0.155762
0.01651

[10]
0.0181732
-0.0378876
-0.0287933
-0.0556946
-0.135742
-0.091568
0.0350189
0.0552216
-0.0137787
-0.0740662
-0.0701904
-0.0240784
0.00827026
0.00563049
-0.0259247
-0.0503693
-0.00669861
0.00126648
0.00952148
0.0307007
0.022049
0.0153809
0.0285034
0.0296783
0.00532532
-0.0185089
-0.0300293
0.0946655
0.181854
0.304016
0.286255
-0.168823
-0.215134
-0.0993958
-0.147354
-0.147247
0.238052
0.289993
0.217194
0.146072
0.111313
0.0884094
0.0253754
0.0187378
-0.045105
-0.135056
-0.200089
-0.361618
-0.600876
-0.783615

[11]
-0.877487
-1.00026
-0.900116
-0.656845
-0.763077
-0.369858
1.32887
0.482376
-0.22937
-0.327225
-0.216125
-0.178482
-0.147141
0.00178528
0.00273132
0.00942993
0.0240021
-0.0487213
-0.115936
0.0124359
0.0911713
0.0328674
-0.0430145
-0.0240784
0.000686646
0.0256805
0.0333557
0.0075531
0.0230865
-0.00354004
0.00982666
0.03508
0.0514984
0.0707397
0.0473633
0.114151
0.0588226
-0.0142517
-0.068634
-0.0357208
-0.013855
0.0857697
0.35495
0.440979
0.3069
-0.20105
-0.268265
-0.0374298
-0.220078
0.08284

[12]
0.326691
0.336319
0.235687
0.142609
0.0995789
0.100662
0.0739441
-0.019989
-0.07901
-0.171371
-0.281952
-0.467651
-0.659576
-0.89946
-0.951279
-1.05774
-0.956116
-0.840668
-0.653854
1.12161
0.319382
-0.425049
-0.262543
-0.190781
-0.152634
-0.108658
-0.0244904
-0.0240479
0.0238037
0.0367279
-0.0370331
-0.0974274
-0.0349731
0.0675201
0.0600128
-0.00732422
-0.0452423
-0.00805664
0.035553
0.0182648
-0.00688171
-0.00849915
-0.0012207
0.0254364
0.0088501
0.00692749
0.0217438
0.0467682
0.0441895
0.112595

[13]
0.071991
0.00921631
-0.0409241
0.0417023
0.0671997
0.144028
0.329865
0.287476
0.19165
-0.271408
-0.216141
-0.0323029
-0.349442
0.112518
0.256516
0.266098
0.204849
0.163071
0.135773
0.11499
0.08255
0.0104828
-0.0497742
-0.137405
-0.273544
-0.490738
-0.807983
-1.05627
-1.19859
-1.12946
-0.683243
-0.718796
-0.613907
0.699554
0.686752
-0.335709
-0.584503
-0.10936
-0.0954895
-0.166962
-0.091156
-0.0924835
0.00328064
0.0204468
-0.0779419
-0.157181
-0.0450439
0.0509491
0.0621185
-0.0625763

[14]
-0.0642548
-0.0468597
0
0.018631
0.00106812
-0.0317078
-0.030899
-0.0151215
-0.00436401
0.0120087
0.0723724
0.0904541
0.0671387
-0.00917053
-0.0227509
0.0032196
0.0280304
0.0296936
0.00508118
0.10202
0.309464
0.333664
0.0598755
-0.257156
-0.113998
-0.15712
-0.262146
0.267609
0.317703
0.261612
0.162033
0.0937805
0.102951
0.0909424
0.0723419
-0.00500488
-0.103928
-0.204926
-0.384933
-0.64151
-0.874878
-1.09926
-1.21114
-1.11758
-0.814728
-0.682831
-0.357391
1.57901
0.544159
-0.445679

[15]
-0.653748
-0.215698
-0.227203
-0.101227
0.00485229
-0.00949097
-0.0149231
-0.0774231
-0.230835
-0.0147095
0.138885
0.0177155
-0.0727234
-0.0557861
0.00622559
0.0278778
0.00184631
-0.0138245
-0.0428619
0.00338745
-0.0170593
-0.000198364
0.0865936
0.110016
0.0859833
0.0512543
0.032196
0.0388641
-0.0330048
0.020462
0.0520782
0.177948
0.398178
0.338181
-0.131042
-0.295624
-0.0350952
-0.130005
-0.222885
0.125
0.206848
0.259308
0.235001
0.200424
0.152344
0.111755
0.0755157
0.0817566
0.00904846
-0.087616

[16]
-0.283142
-0.484955
-0.830368
-1.06445
-1.25215
-1.11223
-0.756546
-0.531067
0.037262
1.11458
-0.0301208
-0.937515
0.0874023
0.024765
-0.139465
-0.118729
-0.0581055
0.0699158
0.0696411
-0.128448
-0.112091
0.00915527
0.126709
0.0180969
-0.0697479
-0.0447845
-0.00193787
0.015686
0.0205994
-0.00663757
-0.0142517
0.00860596
0.0256958
0.0193176
0.0506134
0.0612946
0.10556
0.106094
0.0485229
0.0188141
0.00665283
0.0045166
0.0665131
0.0850372
0.455124
0.426468
0.0447388
-0.314651
-0.0703735
-0.163742

[17]
-0.223587
0.262375
0.29567
0.211685
0.146576
0.106415
0.09729
0.0959778
0.0052948
-0.0721436
-0.0928192
-0.202652
-0.409195
-0.667953
-0.925537
-1.14571
-1.24915
-1.12233
-0.74353
-0.651093
-0.363571
1.3174
0.385269
-0.225113
-0.436935
-0.16362
-0.0694122
-0.19603
-0.0268707
-0.0067749
0.0900726
0.0366364
-0.0956573
-0.054306
0.0827484
0.118073
0.00498962
-0.0427246
-0.0068512
0.0436707
0.0474091
0.00805664
-0.000991821
0.00375366
-0.00666809
0.0108643
-0.00741577
0.0146332
0.0299988
0.0594177

[18]
0.0702209
0.0544434
0.0184174
0.0296173
0.104538
0.125565
0.169479
0.283035
0.378006
0.280716
-0.119141
-0.311081
-0.0962219
-0.203323
-0.0123749
0.264923
0.279327
0.204941
0.155197
0.13858
0.125504
0.101196
0.0655823
0.0175323
-0.0641174
-0.145081
-0.247757
-0.554016
-0.723343
-1.00291
-1.25211
-0.977722
-0.667969
-0.491745
-0.437225
1.20923
0.245026
-0.357025
-0.225006
-0.255936
-0.158264
-0.0579529
-0.0439606
-0.045105
0.0545654
0.044342
-0.092041
-0.0725403
0.0730133
0.101562

[19]
-0.0160217
-0.0430603
-0.0269165
0.0422058
0.0108185
-0.00463867
-0.00265503
0.00177002
0.0245819
0.01651
0.0277557
0.0272522
0.0289917
0.0858765
0.0968781
0.051239
0.0258789
-0.00483704
0.0326233
0.0516052
0.165741
0.308655
0.437531
0.0570374
-0.162811
-0.141434
-0.0314941
-0.33287
0.210312
0.334991
0.337479
0.25032
0.20192
0.163712
0.157593
0.144119
0.0951385
0.055069
-0.0442505
-0.204636
-0.517166
-0.748077
-1.04286
-1.18823
-1.0468
-0.823975
-0.711823
-0.532867
0.570236
0.486588

[20]
-0.146759
-0.428604
-0.0976715
-0.0839996
-0.165695
-0.0944824
-0.0940399
-0.00502014
0.0584412
-0.0420227
-0.112549
-0.073288
0.0754242
0.0715332
0.0158844
-0.0697784
-0.0737305
-0.0257416
0.0266266
0.0432129
-0.00172424
-0.0188293
0.0146637
0.022522
0.0293732
0.0564423
0.0504608
0.107895
0.0559387
0.0015564
-0.0367737
-0.0579071
-0.034256
0.00892639
0.243469
0.466782
0.307724
0.0912018
-0.308945
-0.228241
-0.142532
-0.239883
0.258347
0.269669
0.260239
0.189529
0.122314
0.139404
0.0874023
0.0207825

[21]
-0.0388489
-0.121307
-0.175018
-0.388107
-0.642792
-0.855911
-1.11473
-1.29987
-1.19894
-0.707794
-0.676178
-0.0664825
0.0362396
1.33917
0.195236
-0.703537
0.00738525
-0.0695648
-0.151657
-0.144272
-0.0167694
0.0365753
0.0705261
-0.0143433
-0.209473
-0.0496674
0.0956268
0.0499878
-0.0483856
-0.0333252
0.000640869
0.017395
0.0139008
0.00964355
-0.0186157
-0.00479126
0.0192719
0.0144196
0.053009
0.0755157
0.0820312
0.0592346
0.0297852
0.0479889
0.00408936
-0.0138702
-0.0407104
0.10994
0.356064
0.360062

[22]
0.232956
-0.114166
-0.111572
0.0981903
-0.123764
-0.0445099
0.253036
0.347977
0.274612
0.177261
0.125748
0.101349
0.0677948
0.0243073
-0.0180664
-0.0908813
-0.198303
-0.455048
-0.702454
-0.759781
-1.13528
-1.33145
-0.949844
-0.719666
-0.565948
-0.307892
1.2653
0.239319
-0.377747
-0.00874329
-0.104843
-0.133804
-0.137375
-0.0766144
-0.0621338
0.00447083
0.0496674
-0.0278931
-0.0691833
-0.0594177
0.0380096
0.00622559
0.00662231
-0.0273743
0.0153198
0.0170288
0.00137329
-0.0174408
0.00382996
0.0361023

[23]
0.0312653
0.00994873
0.00448608
-0.0134125
0.0245514
0.0588684
0.0587921
-0.00398254
-0.0333252
-0.00498962
0.109238
0.133942
0.234039
0.404205
0.339508
0.0292664
-0.235962
-0.234802
-0.135468
-0.19664
0.226334
0.290955
0.235657
0.144226
0.0964966
0.0723419
0.0901031
0.00643921
-0.132523
-0.0548706
-0.168365
-0.391998
-0.544342
-0.664062
-0.808533
-0.781479
-0.74939
-0.519928
-0.420929
-0.50824
-0.394699
1.32155
0.315689
-0.347443
-0.143661
-0.115799
-0.112473
-0.0367279
0.0962982
0.0183258

[24]
0.0996399
0.0889435
0.0882416
0.0140839
0.0397797
0.156433
0.137009
0.0719299
0.0411224
0.0473328
0.0882416
0.103073
0.0773621
0.0262604
0.0440674
0.0605927
0.0759277
0.0986176
0.0665283
0.0728912
0.15715
0.101746
0.0683441
0.0514832
0.0574341
0.0429688
0.157028
0.291382
0.391815
-0.0167694
-0.201141
-0.0686646
-0.0398407
0.139084
0.227097
0.270386
0.29866
0.318665
0.246124
0.150162
0.0998535
0.0541382
0.0639191
0.0319061
0.0299072
-0.238525
-0.458496
-0.670349
-0.920166
-1.04086

[25]
-0.816467
-0.677689
-0.873947
-0.367981
0.305771
0.873535
-0.107254
-0.685272
-0.0294647
0.000244141
-0.164871
-0.0138245
0.0259247
0.0336761
0.0495605
-0.0214996
-0.119186
0.0418549
0.100357
0.0724792
-0.00958252
-0.0399628
0.00897217
0.0407715
0.0389404
0.0254517
0.0180206
0.0175171
0.0125275
0.0256195
0.0403595
0.0518951
0.0639648
0.0475922
0.0809174
0.0705872
0.0469818
0.041214
0.0433655
0.122345
0.274551
0.32753
-0.158325
-0.148682
-0.0861359
-0.130157
0.150772
0.320435
0.328598
0.216873

[26]
0.197449
0.175583
0.125992
0.028717
-0.0126648
-0.0317078
-0.0542755
-0.157104
-0.468369
-0.722229
-0.850037
-1.05888
-1.23285
-1.04564
-0.64389
-0.510544
-0.277603
0.944244
0.514221
-0.191147
-0.316574
-0.307892
-0.297363
-0.156204
-0.0191193
-0.0103149
0.00811768
0.0411835
-0.0231628
-0.135406
-0.0880432
0.0829926
0.0701447
-0.0165558
-0.0857544
-0.0312805
0.0299225
0.00375366
-0.000778198
-0.0146179
0.0057373
0.0199432
0.0154114
0.0254822
0.0283203
0.0266876
0.0146332
0.0667114
0.0144958
0.0379639

[27]
0.0311584
0.0212708
0.0742035
0.186722
0.373627
0.241638
-0.31218
-0.356705
-0.0319672
-0.148315
0.187912
0.262115
0.271439
0.205872
0.230377
0.171417
0.138794
0.0288086
-0.0297852
-0.0449219
-0.0899811
-0.221436
-0.461075
-0.684235
-0.777069
-0.925293
-0.986572
-0.759613
-0.521713
-0.557602
-0.531281
1.08372
0.307922
-0.274536
-0.263382
-0.193497
-0.163345
-0.0784149
-0.089035
-0.0413971
-0.0150452
0.00170898
-0.0756683
-0.0635376
0.0340118
0.0578308
0.0085144
-0.0186768
-0.00906372
0.0114136

[28]
0.0293121
0.0306854
0.00270081
-0.00444031
0.00796509
0.0333405
0.0313873
0.0129242
0.012146
0.0201111
0.0760956
0.0482788
0.0265503
0.0268707
0.0479126
0.107101
0.385818
0.438614
0.280304
-0.118622
-0.363022
-0.0834198
-0.242264
0.108948
0.309799
0.258194
0.173645
0.104645
0.0790253
0.088089
0.0217133
-0.0700226
-0.180481
-0.241333
-0.312225
-0.471207
-0.666916
-0.779572
-0.919678
-1.01259
-0.970886
-0.678314
-0.663406
-0.20311
0.84259
-0.311981
-0.290421
0.13385
-0.111557
-0.166458

[29]
-0.0847626
-0.0335388
-0.0587311
0.021698
0.0432129
-0.0655975
-0.096283
-0.0211182
0.0329437
0.0122681
-0.00856018
-0.0134583
0.00111389
0.0339813
0.0336761
0.0240173
0.00372314
0.0199585
0.0168152
0.0162659
0.0285797
0.043335
0.0611877
0.0874939
0.089325
0.064743
-0.0263519
-0.031662
0.0506287
0.105042
0.192474
0.355621
0.278641
-0.103516
-0.355011
-0.0509796
-0.182663
0.115921
0.285583
0.226028
0.152618
0.148224
0.162247
0.11853
0.0123596
-0.0658569
-0.116287
-0.152237
-0.314758
-0.619446

[30]
-0.85498
-0.973007
-1.08176
-1.10164
-0.946747
-0.492798
-0.461273
-0.271881
0.0812988
1.35159
0.319595
-0.0730591
-0.213959
-0.570236
-0.211578
-0.0216675
-0.0393066
0.0247192
0.00228882
-0.0320282
-0.0960541
-0.107773
0.0609131
0.0710602
-0.0289612
-0.0484009
-0.0180206
0.0282135
0.0529785
0.00292969
0.00952148
0.018158
-0.00265503
0.0100861
0.0088501
0.0304871
0.0396729
0.0540924
0.0686493
0.113144
0.0400696
-0.00476074
-0.017868
0.0207672
0.15329
0.337875
0.298553
0.249908
-0.247681
-0.330658

[31]
0.00753784
-0.258041
0.192703
0.314697
0.298096
0.217804
0.167679
0.160294
0.115036
0.0832367
0.0245514
-0.0643463
-0.12854
-0.337936
-0.680038
-0.976547
-1.1188
-1.26915
-1.26988
-0.9711
-0.837723
-0.826828
-0.247635
0.158463
1.13051
0.186081
-0.300461
-0.698822
-0.2005
-0.142273
-0.0761414
-0.022995
-0.0243073
-0.0142975
-0.0546875
-0.0929413
-0.175583
-0.0792389
0.0591583
0.0873566
0.00680542
-0.0773468
-0.0852051
0.00326538
0.0312042
-0.0141296
-0.0671082
-0.0652313
-0.0155487
0.00125122

[32]
0.000564575
0.0133514
0.012146
0.034668
0.00274658
0.010849
0.021637
0.0421906
0.0942688
0.0952759
0.204117
0.307358
0.253586
-0.212189
-0.224579
-0.113083
-0.245483
0.162094
0.239136
0.24646
0.187195
0.155365
0.115982
0.0713196
0.0119019
-0.0403137
-0.0258179
-0.0600433
-0.191391
-0.447937
-0.727188
-0.896942
-1.00519
-1.09988
-0.936737
-0.574768
-0.705811
-0.455185
0.976379
0.637039
-0.242615
-0.405746
-0.321716
-0.25351
-0.123062
-0.00350952
-0.030365
-0.00843811
-0.0224152
-0.0862122

[33]
-0.159042
-0.0393524
0.0655365
0.0563812
-0.0457306
-0.0948181
-0.0241241
0.0096283
0.0157318
-0.00819397
0.0119171
-0.0132904
-0.00241089
-0.00283813
0.0259857
0.0336761
0.0360413
0.101776
0.0831299
0.048233
-0.0237579
-0.0409546
0.00704956
0.0407104
0.148346
0.418579
0.231079
0.0610199
-0.275894
-0.195786
-0.145966
-0.0243378
0.33432
0.304962
0.2267
0.130539
0.126724
0.105576
0.0517731
-0.0352173
-0.0710754
-0.116287
-0.198044
-0.346359
-0.584564
-0.858063
-0.995163
-1.04128
-1.11745
-0.866104

[34]
-0.646423
-0.438431
0.125534
0.821289
-0.117111
-0.521835
0.0167847
-0.0914154
-0.138535
-0.0571747
-0.0254669
-0.00732422
0.0173035
-0.01297
-0.0708008
-0.0402527
0.03302
0.0786133
0.0691071
-0.016098
-0.029541
3.05176e-05
-0.00572205
0.00672913
0.00390625
-0.00050354
-0.0102386
0.00352478
0.046051
0.0393066
0.0336304
0.0494537
0.0610657
0.0307312
-0.0351868
0.0168304
0.015625
0.109985
0.0865784
0.239792
0.346909
-0.0639801
-0.225906
-0.137238
-0.0836334
-0.0812225
0.248718
0.28241
0.215881
0.184555

[35]
0.120331
0.107056
0.0498962
-0.0240784
-0.101257
-0.148041
-0.199097
-0.316696
-0.527344
-0.733063
-0.813797
-0.94751
-0.984818
-0.743454
-0.597321
-0.661255
-0.311218
0.448288
0.836243
0.150269
-0.315521
-0.435837
-0.262863
-0.0299072
0.0144348
-0.0740204
-0.0407104
-0.104691
-0.0615692
-0.0691223
-0.0666046
0.041153
0.0563965
0.0231323
-0.0345306
-0.0278015
0.00262451
0.0342712
0.0133514
0.00512695
-0.0162354
-0.000976562
0.04422
0.0422516
0.0102997
-0.0202484
0.0354004
0.047226
0.0873566
0.0358582

[36]
-0.0263519
-0.00108337
0.0216217
0.142044
0.376282
0.29512
0.245041
-0.165375
-0.308914
-0.0688324
-0.185593
0.190994
0.341278
0.315109
0.237915
0.179153
0.1082
0.0984497
0.0431213
-0.0572205
-0.118652
-0.176331
-0.286819
-0.483368
-0.743332
-0.891312
-1.09491
-1.18619
-0.888443
-0.53064
-0.577545
-0.416412
0.174713
1.14603
0.0779419
-0.429474
-0.238693
-0.220306
-0.119873
-0.0180359
-0.0684662
-0.0465546
-0.00244141
-0.0478668
-0.102005
-0.0610504
0.0331726
0.0505066
-0.00827026
-0.0554504

[37]
-0.0374756
0.0194397
0.0371704
0.011322
0.00610352
-0.0195007
-0.00163269
0.0240936
0.00773621
0.000640869
0.00819397
0.0220032
0.00141907
0.0494843
-0.0302429
-0.0429688
0.00440979
0.0879669
0.0801239
0.270996
0.350266
0.0393219
-0.295105
-0.22905
-0.0589905
-0.11528
0.211395
0.276062
0.236084
0.17337
0.147308
0.128464
0.0663757
-0.0135956
-0.0784454
-0.088501
-0.15892
-0.277679
-0.458679
-0.60289
-0.599411
-0.651016
-0.702286
-0.547562
-0.354874
-0.454971
-0.386063
0.218567
0.97699
0.120361

