[1]
-0.0126648
-0.0199432
-0.0291443
-0.0177307
-0.0283356
-0.0340881
-0.0322266
-0.0204315
-0.0254669
-0.0424347
-0.0411682
-0.0398407
-0.0684052
-0.0395355
0.00674438
0.0444336
0.0506287
0.0902252
0.0489502
0.0497589
0.0335388
-0.0636444
-0.274994
-0.320038
-0.358261
-0.324951
-0.260269
-0.0508728
0.0212555
0.147186
0.207825
0.203964
0.206757
0.187668
0.153061
0.0994568
0.0564728
-0.0263824
-0.0945587
-0.162048
-0.22702
-0.280533
-0.345047
-0.38475
-0.367569
-0.31459
-0.210175
-0.0866241
-0.0596771
0.123993

[2]
0.18364
-0.0401154
-0.209702
-0.287415
-0.463776
-0.235062
0.0805511
-0.155869
-0.0253448
-0.0760345
0.00765991
-0.0037384
-0.0421906
-0.0111389
0.0272369
0.00541687
-0.0339203
-0.0254822
0.0185699
-0.00489807
0.0135498
-0.0197601
-0.0223541
-0.00918579
-0.0107574
-0.0153961
-0.026886
-0.0218048
-0.0434265
-0.0404358
-0.0505219
-0.0557861
-0.0650635
-0.161179
-0.145691
-0.148575
-0.202896
-0.260208
-0.435104
-0.643753
-0.774719
-1.05431
-0.491516
-0.564346
-0.437744
-0.343246
0.147171
0.17215
0.0815887
0.311111

[3]
0.372009
0.434723
0.445251
0.447952
0.428207
0.410309
0.321823
0.112534
-0.113571
-0.366653
-0.566223
-0.746933
-0.857193
-0.835251
-0.880585
-0.595047
-0.362823
-0.209793
-0.0374298
-0.0213013
0.199371
-0.187698
-0.141235
-0.28067
-0.347931
-0.0511627
-0.122589
-0.125458
-0.0344696
-0.011734
0.0161438
-0.0752869
-0.0566864
0.0192871
0.00518799
-0.0197754
0.00794983
-0.0211182
0.00804138
0.0431671
0.0164795
0.0120544
0.00590515
-0.00584412
0.000305176
-1.52588e-05
-0.0276031
-0.0571747
-0.0464935
-0.0518951

[4]
-0.0545807
-0.0609741
-0.102982
-0.0914154
-0.153137
-0.227234
-0.285507
-0.402618
-0.546982
-0.717484
-0.864716
-0.59874
-0.677383
-0.535324
-0.573059
-0.151993
0.536224
0.177078
0.122818
0.356689
0.457458
0.480469
0.483719
0.468674
0.431854
0.384155
0.31749
0.0851746
-0.193558
-0.403961
-0.63858
-0.919235
-0.981522
-0.93251
-0.757385
-0.433838
-0.26796
-0.195419
-0.0343628
-0.124496
-0.185135
-0.319473
-0.325333
-0.117691
-0.0124969
-0.0951996
-0.110107
0.0669403
-0.0799866
-0.114777

[5]
-0.00881958
0.0416718
0.0284729
0.00257874
-0.0172272
0.00585938
0.0138092
0.0185089
0.013916
-0.00424194
-0.0131836
-0.0315094
-0.0431519
-0.0413208
-0.0656891
-0.0245667
-0.0997925
-0.1297
-0.102554
-0.129074
-0.15303
-0.267395
-0.413544
-0.645752
-0.994583
-1.09016
-0.673355
-0.690613
-0.590805
-0.353165
0.395844
0.0389252
0.136215
0.371796
0.490509
0.539032
0.524506
0.494186
0.465042
0.436371
0.359238
0.197342
-0.0359497
-0.347076
-0.683105
-1.04591
-1.07912
-1.03111
-0.756332
-0.407288

[6]
-0.311401
-0.209076
-0.16864
-0.49263
-0.385635
-0.318466
-0.222931
-0.00869751
-0.0528717
-0.0539856
-0.0135803
0.039032
-0.0841064
-0.080368
-0.00299072
0.00630188
-0.0144806
-0.0303955
-0.0300446
-0.000549316
0.0162506
0.0320282
0.0165405
0.0136108
-0.0124969
-0.0090332
-0.0209045
-0.0190735
-0.0170593
-0.0189056
-0.0482178
-0.0933075
-0.108383
-0.128693
-0.170547
-0.277328
-0.459732
-0.696762
-1.07642
-0.995621
-0.844162
-0.68428
-0.491745
-0.277298
0.556183
0.0758057
0.206909
0.507156
0.588852
0.621155

[7]
0.590088
0.530945
0.447342
0.460602
0.359467
0.170364
-0.0463409
-0.326035
-0.726562
-1.05475
-1.08817
-0.882248
-0.656555
-0.428207
-0.291046
-0.166916
-0.19136
-0.371994
-0.328857
-0.36351
-0.249985
0.0603943
-0.125824
-0.0864258
0.0514832
-0.0557861
-0.0907593
-0.0338287
0.0280304
-0.00241089
-0.0170746
-0.0149078
-0.00648499
0.0199432
0.0341797
0.0299072
0.00769043
-0.000488281
-0.0085144
-0.00819397
-0.00720215
-0.0223846
-0.0250549
-0.0580597
-0.103348
-0.121536
-0.1259
-0.176346
-0.228912
-0.347809

[8]
-0.504044
-0.709213
-1.00798
-0.814133
-0.728897
-0.569839
-0.517273
-0.102432
0.5513
0.187454
0.205978
0.430511
0.564621
0.585922
0.559402
0.528137
0.48288
0.435165
0.37735
0.184006
-0.0163879
-0.306519
-0.714966
-1.05157
-1.09697
-1.03136
-1.08176
-0.521881
-0.203049
-0.420395
-0.283981
-0.416077
-0.386475
-0.331146
0.091629
-0.0223083
-0.0596161
0.0123596
0.0419922
-0.0601501
-0.0357666
-0.0101166
0.0114288
-0.0293274
-0.0395203
-0.0547638
-0.0227661
0.0210876
0.0518188
0.0396729

[9]
-0.00761414
-0.00320435
0.00749207
0.012085
-0.02565
-0.0480499
-0.0823364
-0.118195
-0.117859
-0.135529
-0.211502
-0.361511
-0.520569
-0.713974
-0.980652
-0.825226
-0.660828
-0.493378
-0.375778
-0.0856934
0.46402
0.197968
0.300171
0.453934
0.576233
0.596161
0.576202
0.53215
0.495239
0.452576
0.346466
0.135757
-0.0653992
-0.399796
-0.797913
-1.06973
-1.10464
-0.781082
-0.588165
-0.346985
-0.43248
0.0477448
-0.418503
-0.417252
-0.490524
-0.343033
-0.140213
0.157623
0.0059967
-0.131943

[10]
-0.0248871
-0.032135
-0.026947
-0.0556793
0.033905
0.00270081
-0.0412292
-0.00759888
0.00770569
0.0264893
0.0244446
0.0243988
0.00894165
-0.0128174
-0.00146484
0.00598145
0.000244141
-0.0265045
-0.0461731
-0.0807648
-0.115417
-0.109879
-0.128052
-0.17778
-0.266266
-0.430435
-0.583405
-0.837402
-1.00275
-0.833344
-0.747864
-0.472931
-0.464615
0.147522
0.403656
0.336136
0.404404
0.54158
0.632172
0.62085
0.596054
0.528702
0.462967
0.420013
0.287796
0.0692596
-0.188004
-0.493469
-0.79631
-1.07764

[11]
-1.07712
-0.738281
-0.583969
-0.333542
-0.401642
0.0673218
-0.683319
-0.320892
-0.441559
-0.467667
-0.0525208
0.05336
-0.00228882
0.0104675
0.0365143
-0.118683
-0.0493317
-0.0192719
0.0401611
-0.0131531
-0.0291443
-0.0166321
0.00318909
0.0128021
0.0155029
-0.00369263
-0.0085144
0.0124207
-0.0313263
-0.013031
-0.0179443
-0.0516663
-0.061264
-0.0945282
-0.12027
-0.159348
-0.112259
-0.135834
-0.260468
-0.488617
-0.660522
-0.839951
-0.83931
-0.843033
-0.745529
-0.453156
-0.395569
0.408875
0.118057
0.272018

[12]
0.476654
0.525375
0.598907
0.602142
0.596756
0.521942
0.445511
0.402527
0.263901
0.0414581
-0.231155
-0.604874
-0.97818
-1.08269
-1.01553
-0.636917
-0.359085
-0.532303
0.0627594
-0.539078
-0.30809
-0.484802
-0.342453
-0.078186
-0.0419769
-0.0235443
0.0740051
0.0663452
-0.043457
-0.0753326
-0.0207367
0.00723267
-0.0200043
-0.0509491
-0.0615997
-0.00808716
0.0219269
-0.00234985
0.0143738
0.00730896
0.0098877
-0.0111237
0.00187683
-0.00325012
-0.0301514
-0.0213165
-0.0371704
-0.0556183
-0.0764618
-0.183502

[13]
-0.164642
-0.228973
-0.342285
-0.477951
-0.75798
-0.896515
-0.857941
-0.941315
-0.725662
-0.480362
-0.311691
0.696625
0.26535
0.243896
0.604614
0.621643
0.661041
0.635788
0.582703
0.486694
0.447205
0.366959
0.177521
-0.0743561
-0.399521
-0.786545
-1.06483
-1.09911
-0.800003
-0.562546
-0.338577
-0.419617
0.0232086
-0.413803
-0.4133
-0.4702
-0.564697
-0.1875
-0.00906372
-0.0708008
0.0174103
0.088623
-0.0875702
-0.0927277
-0.0401001
0.0440369
0.0128937
-0.0445862
-0.0384979
-0.019989

[14]
0.00878906
0.0410461
0.0142822
0.00541687
-0.0193024
-0.0316925
-0.0205536
-0.0154877
-0.0417786
-0.0384979
-0.100571
-0.0861053
-0.0906067
-0.118439
-0.154236
-0.229294
-0.327057
-0.523163
-0.790283
-0.906708
-0.764587
-0.812973
-0.521576
-0.632126
0.108704
0.486328
0.325531
0.334854
0.542618
0.576416
0.607208
0.560425
0.510254
0.444397
0.364929
0.290024
0.100388
-0.171951
-0.485504
-0.846298
-1.08061
-1.11682
-0.82988
-0.538849
-0.286331
-0.264816
-0.110687
-0.54274
-0.232132
-0.537033

[15]
-0.203445
-0.263718
-0.0731659
-0.176514
0.0754089
-0.039093
-0.118652
-0.0039978
0.00698853
0.013855
-0.0375519
-0.0235748
0.0330505
0.00242615
-0.0162506
-0.0155945
-0.00715637
-0.0260162
-0.0248566
-0.0246277
-0.0388031
-0.0652466
-0.0979919
-0.104431
-0.127213
-0.144485
-0.167969
-0.202682
-0.303741
-0.420029
-0.763885
-1.08325
-0.93718
-0.837296
-0.550293
-0.630249
0.0121765
0.590836
0.336929
0.315018
0.559784
0.597977
0.632324
0.580597
0.525116
0.450043
0.331772
0.271378
0.126022
-0.159256

[16]
-0.521164
-0.892349
-1.07201
-1.10587
-0.820282
-0.459976
-0.423996
-0.0489807
-0.103256
-0.56665
-0.19429
-0.437744
-0.330032
-0.0348663
-0.214005
0.0135345
0.0674591
-0.1147
-0.057785
-0.000778198
0.0447998
-0.00364685
-0.0282745
-0.0134888
0.0266724
-0.00282288
0.0141144
0.000106812
0.0287018
0.00167847
-0.01828
-0.0148315
-0.044693
-0.0323334
-0.0469818
-0.0531158
-0.114975
-0.136871
-0.205093
-0.239868
-0.323029
-0.492188
-0.87468
-1.07829
-0.998276
-0.946625
-0.626328
-0.680878
0.0452576
0.503723

[17]
0.389664
0.402817
0.577972
0.644363
0.643677
0.605667
0.541946
0.454239
0.412766
0.330231
0.108307
-0.151199
-0.525452
-0.828064
-1.05733
-1.04897
-0.685822
-0.533478
-0.307434
-0.383652
0.0135193
-0.627686
-0.366959
-0.404068
-0.303635
-0.112656
-0.014679
-0.0810699
0.0632935
-0.0664215
-0.116989
-0.0354309
0.0256958
0.0449982
-0.00517273
-0.0435028
-0.0243835
0.0264587
0.0150146
-0.00263977
-0.022995
-0.0210419
-0.00788879
-0.00323486
-0.0227509
-0.0204468
-0.0288849
-0.028244
-0.0526581
-0.108932

[18]
-0.119308
-0.117142
-0.197067
-0.321396
-0.440353
-0.597839
-0.840927
-1.08359
-0.722549
-0.663513
-0.473846
-0.59024
0.113342
0.213577
0.17572
0.390076
0.498978
0.58548
0.581497
0.560043
0.483154
0.432343
0.428436
0.271515
0.0428772
-0.224014
-0.616394
-0.978439
-1.06808
-1.09993
-0.774338
-0.519684
-0.236084
-0.217712
-0.12558
-0.649078
-0.166016
-0.362717
-0.373184
-0.0716705
0.0122223
-0.104263
0.0108032
0.0252075
-0.0588226
-0.0399933
-4.57764e-05
0.0280609
-0.0138855
-0.039093

[19]
-0.0170593
0.0284729
0.00773621
-0.011261
-0.0214233
0.0127411
-0.00808716
-0.0397186
-0.0410004
-0.0137939
-0.0384979
-0.0444641
-0.0511322
-0.131546
-0.15036
-0.161469
-0.253464
-0.37941
-0.548187
-0.734711
-1.04182
-0.97554
-0.873062
-0.62204
-0.606094
-0.157272
0.754578
0.34758
0.26239
0.549164
0.60675
0.613174
0.574448
0.516708
0.44545
0.42836
0.312256
0.0964355
-0.157669
-0.590271
-1.00479
-1.07002
-1.10254
-0.730209
-0.524445
-0.364365
-0.277222
-0.0766907
-0.41864
-0.355453

[20]
-0.434402
-0.34819
-0.228821
-0.0557861
-0.0325317
0.0262604
0.0727692
-0.0876617
-0.097229
-0.0232849
0.0185852
0.0296173
-0.00410461
-0.0111389
-0.0213928
0.00816345
0.0484314
0.0059967
0.00109863
0.00517273
-0.0216217
-0.00836182
0.00184631
-0.0197906
-0.057312
-0.0716705
-0.092453
-0.142761
-0.114594
-0.0907135
-0.165985
-0.282516
-0.546677
-0.796936
-0.964523
-0.930161
-0.865555
-0.5867
-0.629822
0.0249634
0.644608
0.413254
0.370224
0.508026
0.590347
0.651932
0.603577
0.544632
0.460831
0.39267

[21]
0.303513
0.104156
-0.157166
-0.54567
-0.888031
-1.06676
-1.09868
-0.722977
-0.453064
-0.324936
0.0368195
-0.291367
-0.0170746
-0.573608
-0.347549
-0.412079
-0.185623
-0.0430145
-0.171906
-0.043869
0.0645447
-0.0731659
-0.120605
-0.0427094
0.0164337
0.0148926
-0.032196
-0.0251617
0.000320435
0.0151062
-0.00164795
0.00434875
-0.0017395
-0.0203552
-0.036911
-0.0238037
0.0184631
-0.00212097
-0.035202
-0.080658
-0.130219
-0.108627
-0.134247
-0.137558
-0.251663
-0.450134
-0.712189
-0.86026
-0.849319
-0.812653

[22]
-0.674759
-0.606705
-0.428925
0.337463
0.0326996
0.199142
0.479233
0.533661
0.552277
0.536697
0.494385
0.455139
0.418091
0.33197
0.236099
0.0367737
-0.206497
-0.596039
-1.04071
-1.06989
-0.923462
-0.508789
-0.305496
-0.202942
-0.311371
0.130173
-0.60817
-0.119141
-0.376526
-0.314392
-0.135742
-0.0654144
-0.0245056
0.0842896
0.0407562
-0.0648346
-0.0679626
-0.0222015
0.0210266
0.00231934
0.00169373
0.00933838
0.009552
0.00518799
0.0202026
0.0168304
-0.00367737
-0.00257874
-0.00158691
-0.010376

[23]
-0.0130005
-0.0205688
-0.0484467
-0.0567627
-0.0658264
-0.0927429
-0.130722
-0.140442
-0.279541
-0.380814
-0.566757
-0.843063
-1.08325
-0.858734
-0.729767
-0.572372
-0.498199
-0.0842743
0.627411
0.316971
0.338806
0.519043
0.588516
0.58429
0.569061
0.490524
0.421967
0.356918
0.288742
0.0182343
-0.250549
-0.435562
-0.650284
-0.800415
-0.71785
-0.63591
-0.499313
-0.378845
-0.348816
-0.129929
-0.0653839
-0.476181
-0.110992
-0.46077
-0.324615
-0.0496063
0.0090332
-0.0484772
0.0509033
0.0075531

[24]
-0.0806427
-0.0215759
0.00343323
0.00428772
0.00289917
-0.00769043
-0.0215302
0.00112915
0.0244598
0.0149994
-0.0155792
-0.0235901
-0.0246887
-0.044342
-0.027359
-0.0496674
-0.0426636
-0.0540619
-0.0643921
-0.110199
-0.150085
-0.218033
-0.222916
-0.403534
-0.636719
-0.938614
-1.11392
-0.951447
-0.838272
-0.599655
-0.316086
0.261658
0.125168
0.156387
0.493668
0.583878
0.583481
0.554123
0.493103
0.469467
0.429718
0.327133
0.199631
0.0102692
-0.26239
-0.560959
-0.969543
-1.05118
-0.915344
-0.685638

[25]
-0.497681
-0.403595
-0.247177
0.0953674
-0.123169
-0.340576
-0.361404
-0.455383
-0.273605
-0.0122986
-0.0787201
0.0388184
0.087204
-0.058075
-0.0652008
0.00108337
0.0460052
0.0669556
0.0139313
-0.0335541
-0.00799561
0.00268555
-0.00180054
0.00267029
-0.0126038
-0.0165863
-0.0135498
-0.0282745
-0.0324402
-0.0319519
-0.0584869
-0.029892
-0.065918
-0.150772
-0.214981
-0.233368
-0.343842
-0.598434
-0.961533
-1.09131
-1.0072
-0.914093
-0.605545
-0.5392
0.2323
0.0508423
0.21376
0.532745
0.581604
0.662247

[26]
0.610748
0.536057
0.478989
0.460587
0.375305
0.241684
0.00823975
-0.236588
-0.617493
-1.03404
-1.05942
-0.912186
-0.586075
-0.395218
-0.284134
-0.218506
-0.127029
-0.454895
-0.309326
-0.344894
-0.285263
-0.159622
-0.0249329
-0.0586395
-0.0302277
0.0713959
-0.0376434
-0.0978394
-0.0608063
0.0121002
0.0115356
-0.0276489
-0.036026
-0.00247192
0.0464325
0.0391235
-0.00578308
0.00569153
0.00250244
-0.019104
-0.00166321
-0.0141449
-0.0311279
-0.0453644
-0.0492249
-0.0682831
-0.0897217
-0.170044
-0.186081
-0.258911

[27]
-0.376373
-0.654053
-0.946823
-1.08359
-0.877365
-0.67775
-0.467377
-0.338486
0.369919
0.0563354
0.186905
0.472183
0.517578
0.605164
0.571701
0.503494
0.434387
0.438904
0.350876
0.16925
-0.0139465
-0.293869
-0.590347
-0.860565
-0.932449
-0.724579
-0.627747
-0.49498
-0.27269
-0.26416
-0.15863
-0.510162
-0.272964
-0.377213
-0.304108
-0.0177155
-0.0778809
-0.00498962
0.0644226
-0.0445251
-0.0980835
-0.0536804
-0.0291138
0.0166168
0.00791931
-0.0310669
-0.00265503
0.0302734
-0.00154114
0.00662231

[28]
-0.00971985
-0.00631714
-0.0162048
-0.00405884
-0.0111542
-0.0155792
-0.0413055
-0.0758209
-0.0816345
-0.121674
-0.161224
-0.197266
-0.302597
-0.374451
-0.659973
-0.959503
-1.0517
-0.880341
-0.79126
-0.497879
-0.439087
0.470398
0.120621
0.291901
0.519791
0.578705
0.638489
0.604935
0.567841
0.48764
0.393524
0.356064
0.251465
0.0207672
-0.122864
-0.350937
-0.597977
-0.8423
-0.931778
-0.766129
-0.555313
-0.29274
-0.236633
-0.25647
-0.542664
-0.224289
-0.384277
-0.34137
-0.0708466
-0.0450439

[29]
-0.0392761
0.068161
0.00157166
-0.0973663
-0.0361176
0.00889587
0.00688171
-0.00892639
-0.00314331
-0.00849915
0.00248718
0.00352478
0.00666809
-0.00604248
0.000946045
0.00402832
-0.0323639
-0.0220184
-0.0110626
-0.0478363
-0.079834
-0.103317
-0.100418
-0.123291
-0.12854
-0.121201
-0.26416
-0.320786
-0.55835
-0.916534
-1.07753
-0.767258
-0.824219
-0.598465
-0.508667
0.349701
0.091507
0.30098
0.50238
0.534195
0.619415
0.610214
0.551025
0.452484
0.475723
0.410156
0.243759
-0.0138092
-0.279236
-0.537231

[30]
-0.843887
-0.891525
-0.751266
-0.570267
-0.436859
-0.350754
-0.211243
-0.433624
0.085144
-0.461426
-0.314651
-0.610733
-0.180847
-0.048233
-0.0864105
-0.109528
-0.0449524
-0.0275116
-0.102493
-0.0630341
0.0134125
0.0199738
0.0135956
-0.0231628
-0.0205688
0.0101776
0.0261841
-0.0140076
-0.000991821
0.0050354
0.00881958
-0.00515747
-0.0302429
-0.0229187
-0.00878906
-0.0391693
-0.0517578
-0.0983887
-0.13266
-0.149414
-0.163208
-0.241287
-0.385696
-0.634338
-0.952927
-0.960342
-0.919678
-0.697601
-0.496582
-0.424271

[31]
0.652939
0.137543
0.225494
0.537155
0.549301
0.606369
0.570251
0.519073
0.43132
0.397461
0.33284
0.165054
-0.0860596
-0.441681
-0.807709
-1.05605
-1.08333
-0.815063
-0.550766
-0.387924
-0.187698
-0.0451508
-0.312805
-0.0263367
-0.360413
-0.173981
-0.399048
-0.155182
-0.106995
-0.0870667
-0.165802
-0.0348358
-0.0206604
-0.0847168
-0.0541992
0.0100861
0.0190277
0.0400391
0.00575256
-0.0359955
-0.00680542
0.033493
0.027298
0.0142212
0.00352478
-0.00848389
0.0162659
-0.0017395
-0.0181885
-0.0365143

[32]
-0.032135
-0.0568848
-0.0855103
-0.106857
-0.14296
-0.203354
-0.309753
-0.436737
-0.606735
-0.88414
-1.07188
-0.852692
-0.735138
-0.457001
-0.330246
0.423782
0.0488129
0.191422
0.589554
0.62027
0.663025
0.622147
0.553345
0.527374
0.477859
0.393494
0.23793
0.0138855
-0.296722
-0.625397
-0.819534
-0.981812
-0.866425
-0.64357
-0.477448
-0.295319
-0.410187
0.00616455
-0.544968
-0.372162
-0.321213
-0.337967
-0.134933
0.0197906
-0.0859833
-0.0369415
0.0241547
-0.0941162
-0.0696411
-0.0236053

[33]
-0.000305176
-0.0171356
-0.0471191
-0.0231476
0.00842285
0.0326233
0.0176849
-0.00160217
-0.0121765
0.00256348
0.000488281
-0.0193939
0.00483704
-0.0298157
-0.0187073
-0.054306
-0.098999
-0.149063
-0.136673
-0.151764
-0.228546
-0.357986
-0.562164
-0.847885
-1.02606
-0.766617
-0.760376
-0.538162
-0.566483
0.15271
0.400772
0.277054
0.417984
0.549301
0.594315
0.603195
0.589233
0.497772
0.428925
0.404678
0.266296
0.0792694
-0.144241
-0.42308
-0.667313
-0.914017
-0.964981
-0.708466
-0.519897
-0.279572

[34]
-0.144638
-0.0951843
-0.221939
-0.360153
-0.465347
-0.341721
-0.225464
0.071579
-0.00973511
0.026886
0.0413513
-0.0668488
-0.0554504
-0.0050354
0.0311279
0.0455933
0.0256653
-0.059021
-0.0629883
-0.0187531
0.0213318
-0.00215149
-0.00283813
0.0141144
-0.0137939
-0.03125
-0.0114594
-0.0483704
-0.0558624
-0.0699463
-0.0904541
-0.12085
-0.143509
-0.153229
-0.201447
-0.389587
-0.566437
-0.757507
-0.92569
-0.617874
-0.631729
-0.467667
-0.479782
-0.0188141
0.432983
0.250809
0.227509
0.401627
0.529266
0.537674

[35]
0.51651
0.460892
0.428268
0.398804
0.241074
0.0788727
-0.150391
-0.383347
-0.681885
-0.931137
-1.01884
-0.784546
-0.534531
-0.364441
-0.185181
-0.162766
-0.223923
-0.353271
-0.238831
-0.201996
-0.237686
-0.289673
-0.152496
-0.0678101
-0.0782471
0.0639038
-0.0519409
-0.0626984
-0.0458527
0.00881958
0.0144501
-0.00730896
-0.0243073
0.00526428
0.00210571
0.0214844
-0.00405884
-0.0127106
-0.00267029
-0.00674438
-0.0166168
-0.0157471
-0.029007
-0.0133209
-0.0344543
-0.0558624
-0.0599976
-0.116821
-0.137054
-0.225342

[36]
-0.296936
-0.445618
-0.725067
-1.01784
-0.827209
-0.730209
-0.649323
-0.44725
-0.325531
0.546844
0.185684
0.233047
0.469849
0.531509
0.622589
0.57753
0.535202
0.444946
0.39032
0.342346
0.176102
-0.0487671
-0.277832
-0.636017
-0.921127
-1.04489
-0.842987
-0.519409
-0.363907
-0.227737
-0.147827
0.004776
-0.182495
-0.420364
-0.305939
-0.470474
-0.201553
0.0503235
-0.0759735
-0.0220795
0.0418701
-0.0711365
-0.0673676
-0.0435791
0.0137024
0.0205841
0.0125732
0.00561523
0.0138092
0.0312042

[37]
0.0167389
-0.0167847
-0.00228882
-0.00119019
-0.0098877
-0.0222626
-0.00175476
-0.0189819
-0.035553
-0.0628204
-0.0554047
-0.0733337
-0.0911713
-0.184097
-0.230347
-0.381119
-0.583435
-0.824051
-0.991333
-0.660141
-0.696136
-0.559143
-0.349075
-0.0421143
0.530121
0.353058
0.289581
0.481827
0.578491
0.586884
0.572784
0.511307
0.460388
0.399017
0.268219
0.0862427
-0.112
-0.327332
-0.48024
-0.694366
-0.748718
-0.675598
-0.619095
-0.456635
-0.274323
-0.384186
0.0125427
-0.166229
-0.19928
-0.266693

