[1]
-0.00544739
0.0292053
0.0297546
0.0496826
0.0481415
0.0631714
0.113831
0.168121
0.293961
0.395645
0.460251
0.575821
0.786041
1.117
1.14142
1.01567
0.911163
0.819214
-0.0052948
0.467667
0.117569
-0.418854
-0.539886
-0.590195
-0.577347
-0.54808
-0.454514
-0.373154
-0.292816
-0.160507
0.0594482
0.3853
0.799301
1.07042
1.11104
1.14549
0.711319
0.453308
1.15154
-0.473709
0.599213
1.00722
0.359253
0.561005
-0.00430298
0.0900879
0.150375
-0.0155182
0.0449524
0.0373077

[2]
0.0412903
0.00106812
-0.00926208
-0.0283203
0.00234985
0.0428772
0.0594482
0.0426025
0.0654449
0.12262
0.131424
0.152527
0.375137
0.415619
0.543259
0.642319
1.09502
1.1288
1.15231
1.15111
0.835068
0.26683
-0.0498505
-0.448563
0.0823364
-0.544266
-0.474777
-0.671799
-0.571732
-0.546112
-0.517365
-0.431427
-0.317413
-0.0939331
0.387115
0.74881
1.06523
1.10875
1.14847
0.725098
1.17191
0.563583
0.297058
0.998062
0.615463
0.856781
0.342773
-0.0801392
0.149216
0.00379944

[3]
0.0674438
-0.00831604
0.0217438
-0.00650024
-0.0394745
-0.0435181
7.62939e-05
0.0406647
0.0345459
0.0177765
0.0513916
0.0988159
0.142319
0.11824
0.244476
0.378922
0.508591
0.494812
0.825928
1.10379
1.12811
1.15338
1.12816
0.769043
0.322495
0.926605
-0.0903778
-0.324615
-0.631256
-0.583191
-0.597061
-0.599762
-0.610397
-0.570282
-0.446472
-0.247894
0.0936737
0.422882
1.05867
1.10693
1.15388
1.15714
0.55217
0.887894
-0.114761
0.885483
0.762939
0.379608
0.802917
-0.20517

[4]
0.275391
-0.0419769
0.0785675
0.00663757
-0.0413666
-0.0656586
-0.0418549
-0.0293274
0.0384216
0.0664215
0.0341644
0.0555878
0.0878143
0.100327
0.164963
0.165695
0.266281
0.395752
0.530472
0.568222
0.864197
1.10527
1.12842
1.15533
1.15918
0.966843
0.0613251
-0.362778
0.0834198
-0.675079
-0.609894
-0.729111
-0.733459
-0.654251
-0.614227
-0.530075
-0.417175
-0.23494
0.063736
0.537903
1.06752
1.11594
1.16025
1.02098
0.607422
1.16379
-1.02512
0.588074
1.11589
0.327438

[5]
0.545532
0.264832
0.185135
-0.0350037
0.0402832
0.0717468
-0.014679
-0.0296783
-0.0401306
-0.0327911
0.0384216
0.0410309
0.038269
0.0286713
0.0609741
0.0873108
0.0935211
0.156006
0.318619
0.45929
0.534042
0.525742
0.827179
1.11121
1.13179
1.1588
1.17952
0.573532
-0.236328
-0.240982
0.104309
-0.754059
-0.744766
-0.675003
-0.717056
-0.642822
-0.551666
-0.432205
-0.289108
-0.0895844
0.364975
0.909592
1.08813
1.13902
1.17841
0.699295
0.296371
0.769272
-0.0186462
0.588593

[6]
0.702057
0.408035
0.912415
-0.085495
0.107666
0.0373688
0.0971069
0.0627136
-0.040741
-0.017746
-0.0411835
0.00286865
-0.0161133
-0.00109863
0.0255127
0.0429688
0.11792
0.139267
0.120514
0.217682
0.420319
0.541473
0.601929
0.721878
1.09904
1.12045
1.14548
1.10368
0.996216
0.0118408
0.208832
0.177048
-0.641983
-0.704941
-0.630859
-0.675201
-0.603378
-0.708191
-0.467468
-0.326965
-0.14032
0.248596
0.839844
1.09302
1.15022
1.19583
0.852036
0.310577
0.606033
-0.223206

[7]
1.12674
0.546387
0.534454
0.382675
0.0578613
0.0526123
0.0179901
0.109131
0.0424652
-0.0807037
-0.0743256
-0.0758362
-0.0870667
0.0335236
0.0797119
0.0604553
0.0446625
0.0798798
0.100464
0.179932
0.341568
0.617538
0.512131
0.708588
0.989182
1.09148
1.1142
1.1438
0.956314
0.288666
0.0467377
-0.531708
-0.103378
-0.919067
-0.605835
-0.82074
-0.555283
-0.580505
-0.287369
-0.470322
-0.28949
0.0776978
0.72522
1.09305
1.15018
1.19696
0.927261
0.561417
1.15672
-0.29155

[8]
0.633942
1.11852
0.526596
0.857407
-0.201996
0.206802
-0.0367126
0.11821
0.094162
-0.0255127
-0.0591431
-0.0567017
-0.0994263
0.0336761
0.063858
0.0460358
0.0599823
0.127548
0.123856
0.157059
0.320847
0.481583
0.621155
0.648438
0.878586
1.09364
1.11639
1.14406
1.18317
0.355804
0.695328
-0.146317
-0.319885
-0.817001
-0.551163
-0.781342
-0.575363
-0.527847
-0.429062
-0.276917
-0.0511322
0.238953
0.728561
1.11134
1.16757
1.21095
0.82518
0.744003
1.19553
-0.264511

[9]
0.673279
1.12512
0.826218
0.592224
0.0447998
0.142059
-0.100327
0.100586
0.0542755
-0.0250702
-0.0839386
-0.0453186
-0.0337524
0.0534973
0.0694275
0.101257
0.135147
0.151413
0.141296
0.165009
0.339523
0.472076
0.603973
0.633499
1.07837
1.09746
1.1185
1.15068
0.723618
0.11557
0.342758
0.278229
-0.587265
-0.681595
-0.709915
-0.664352
-0.602432
-0.541687
-0.373093
-0.141922
0.182983
0.701172
1.07948
1.13708
1.1917
1.09256
0.769089
0.466904
0.599213
0.40303

[10]
0.793213
0.512405
0.682297
0.601761
-0.127686
0.202011
-0.0181732
0.105789
-0.0136108
-0.071106
-0.0532074
0.00224304
0.0120239
0.0387878
0.0114594
0.0153809
0.0215454
0.100098
0.154526
0.213562
0.265045
0.446045
0.499649
0.565155
0.731506
1.07506
1.0937
1.11528
1.02979
0.774521
0.262405
-0.295929
0.467148
-0.647003
-0.726303
-0.643661
-0.763123
-0.604095
-0.530594
-0.405731
-0.218826
-0.0653381
0.375092
0.828201
1.11804
1.17607
0.961502
0.834824
0.530548
0.917572

[11]
0.464706
0.173904
1.14616
0.41684
0.481461
0.688934
0.0849457
-0.0738983
0.0552673
0.0601654
-0.00151062
-0.0123138
-0.0454865
-0.026947
0.0130463
0.0345612
-0.00422668
0.0597229
0.0892944
0.166107
0.135818
0.238464
0.377289
0.46965
0.519348
0.747162
1.07683
1.0937
1.11523
1.00499
0.67009
0.0652771
-0.639191
0.225677
-0.690674
-0.664688
-0.753403
-0.67485
-0.59227
-0.539841
-0.416534
-0.251465
0.0250244
0.427231
0.91153
1.12323
1.17685
1.18987
0.752625
0.99649

[12]
0.0233612
0.165573
0.916977
0.325287
0.67485
-0.0755615
0.0148163
0.0140686
0.0450897
0.0971985
0.0359344
-0.00692749
-0.0670624
-0.0319061
0.0104065
0.0376434
0.0190125
0.00839233
-0.0019989
0.0694275
0.138718
0.166458
0.160873
0.370377
0.507278
0.654465
0.71283
1.06322
1.08153
1.10248
1.10928
0.87915
-0.217529
0.815765
0.21907
-0.628021
-0.845001
-0.626984
-0.737045
-0.602448
-0.538483
-0.433273
-0.283493
-0.0263519
0.441284
1.03368
1.13612
1.19489
1.16005
0.792389

[13]
0.489075
1.20406
-0.948181
0.810791
1.14714
0.733139
0.828903
0.347855
0.0858612
-0.0669861
0.0263062
0.0867462
0.0189056
0.024231
0.00848389
-0.0468597
-0.0160828
-0.0350037
0.00337219
0.0638275
0.0931854
0.141754
0.126236
0.279953
0.365173
0.617828
0.613693
0.888885
1.07343
1.09265
1.11649
1.14796
0.23288
-0.193008
-0.689026
-0.20517
-0.887939
-0.601746
-0.760635
-0.60498
-0.503357
-0.428284
-0.322906
-0.142776
0.245178
0.783356
1.1226
1.18614
1.2381
0.956955

[14]
0.779831
1.2271
-0.44133
0.949997
1.15263
0.435638
0.740128
-0.0742493
0.187363
0.0279083
0.118179
0.11969
-0.0432587
-0.0189819
-0.04039
-0.0326996
-0.00161743
0.0455933
0.0601807
0.0451355
0.115372
0.118622
0.174469
0.359726
0.533997
0.600266
0.652374
1.06293
1.07899
1.09918
1.12819
0.746841
0.0425415
0.4664
0.364594
-0.822052
-0.685059
-0.742142
-0.750137
-0.596802
-0.535919
-0.382599
-0.200684
0.125732
0.68222
1.10564
1.17006
1.22948
1.22023
0.662781

[15]
0.542404
0.0210724
0.411713
1.18217
0.384766
0.835266
0.259964
0.125443
-0.118835
-0.0184326
0.06987
0.0259094
0.0166016
-0.0427399
0.0264282
0.00782776
0.0180817
0.00331116
-0.00062561
0.0797119
0.147644
0.181351
0.411026
0.444458
0.637787
0.759094
1.05814
1.07347
1.09187
1.11594
0.735138
0.182312
-0.163223
0.252182
-0.827301
-0.717041
-0.73909
-0.743469
-0.573624
-0.517319
-0.396317
-0.202271
0.0401154
0.499313
0.937485
1.15932
1.22035
1.12877
0.695053
1.26433

[16]
0.4189
0.22847
1.17757
0.480408
0.613647
-0.00553894
0.120163
0.0702057
0.120728
0.109375
0.036087
-0.013916
-0.0423737
-0.0580292
-0.016922
0.0431824
0.0715485
0.0540466
0.0619049
0.0728302
0.123718
0.16951
0.299179
0.526352
0.655502
0.707748
1.05508
1.07028
1.08826
0.837509
0.931885
-0.0174103
0.690598
0.115158
-0.650909
-0.803482
-0.603851
-0.801636
-0.612701
-0.541672
-0.428192
-0.260437
-0.00343323
0.476944
1.00528
1.16231
1.22414
1.26871
0.774521
0.489807

[17]
0.801819
-0.528442
1.18938
0.647507
0.567963
0.379379
0.110031
0.204544
0.00817871
0.0816345
-0.0166779
-0.0198517
-0.0632477
-0.0567017
-0.0512085
0.03302
0.0592346
0.0786743
0.0888062
0.0903625
0.119263
0.187088
0.23378
0.394424
0.511551
0.604675
0.732422
1.05414
1.06882
1.08507
1.11163
0.732498
-0.0758057
-0.586823
-0.0585632
-0.788895
-0.675461
-0.795929
-0.680176
-0.569931
-0.533127
-0.397598
-0.250748
0.0929108
0.604782
1.11205
1.1779
1.24007
1.24107
0.640701

[18]
1.04532
0.158981
0.988235
0.966949
0.493469
0.735443
-0.0643005
0.217773
-0.0480042
-0.00921631
0.0200653
-0.00578308
-0.0140228
-0.0517578
0.011322
0.0270386
0.0601044
0.0240326
0.0163269
0.0770264
0.15892
0.146225
0.418396
0.457962
0.591797
0.737152
1.05132
1.06836
1.09035
1.07581
1.15002
0.198212
0.806168
0.313568
-0.579285
-0.672028
-0.640625
-0.680573
-0.611633
-0.572311
-0.552002
-0.470337
-0.279037
0.0608826
0.680328
1.12762
1.19431
1.24979
0.952835
0.877731

[19]
1.05974
0.562881
1.1985
0.806458
0.611954
0.169083
-0.021286
0.132278
-0.0814209
0.103699
0.0145111
0.0269775
-0.0317841
0.0266876
0.0112915
0.0529022
0.0453033
0.0158691
0.00389099
0.166016
0.19017
0.254745
0.364227
0.489716
0.620651
0.793808
1.0594
1.07901
1.10306
0.996979
0.446335
-0.102432
-0.922607
0.0396118
-0.815094
-0.602982
-0.733063
-0.629944
-0.599472
-0.512314
-0.458908
-0.305328
-0.0275421
0.497849
1.08792
1.1478
1.20677
0.915985
0.551208
0.559586

[20]
0.882126
0.337601
0.981201
1.10828
0.0145111
-0.123047
0.258072
0.174103
-0.0321655
0.0201874
0.0260925
-0.0406952
-0.0292053
0.0263672
0.0170288
0.037384
0.0232697
0.02388
0.0737
0.149567
0.213928
0.339264
0.493484
0.586761
0.696793
1.05995
1.07838
1.099
1.00954
0.849609
0.00950623
0.270706
0.509613
-0.764038
-0.650101
-0.656357
-0.534622
-0.445618
-0.306503
-0.254944
-0.235626
-0.00558472
0.447632
1.04492
1.15277
1.21361
1.2426
0.505112
0.866928
1.19199

[21]
0.148239
0.915863
1.00639
0.15213
0.161362
0.317688
-0.00912476
0.0643463
0.0382538
-0.0193787
-0.0504303
0.0144806
-0.00213623
0.074173
0.0362701
0.00918579
0.0240173
0.126144
0.16748
0.148727
0.359344
0.471527
0.5979
0.698486
1.04774
1.06242
1.07869
1.0851
0.440765
0.0164185
-0.0598755
0.166687
-0.697495
-0.707993
-0.677475
-0.650681
-0.524429
-0.469849
-0.362579
-0.218307
0.0610657
0.60817
1.11879
1.18394
1.24246
0.836227
0.47226
0.537704
0.868484
-0.418488

[22]
0.728714
0.577515
0.553818
-0.0507355
0.287613
0.108047
0.0384979
0.0406036
0.00160217
-0.108688
0.00904846
0.0237122
0.0201721
0.0431213
0.0289307
0.0386505
0.0594788
0.101212
0.110413
0.266876
0.419983
0.517258
0.63353
0.768921
1.05377
1.07034
1.09019
0.906937
0.221939
-0.212143
-0.764511
-0.153641
-0.770676
-0.652145
-0.739853
-0.574738
-0.530792
-0.465652
-0.31604
-0.0606384
0.273407
0.743454
1.12927
1.18761
1.23193
0.540573
0.905472
1.11136
0.433304
0.931961

