[1]
-0.0347748
0.0315552
0.0380859
0.0275269
-0.0185852
-0.0494385
0.0275879
0.0936584
0.0868835
0.203308
0.13559
-0.0802765
-0.287689
-0.279694
-0.355377
0.00492859
-0.420425
-0.407791
-0.443817
-0.044754
0.192719
0.160248
-0.0370789
-0.0496674
0.0558014
0.0904236
0.110428
0.104004
0.102219
0.135574
0.141846
0.105225
0.0565186
0.0426788
0.288788
-0.00062561
-0.391403
0.179657
-0.227417
-0.900101
1.44556
0.450851
0.272491
-0.436172
-0.122803
-0.0570221
0.0430145
0.0149078
0.104858
0.0037384

[2]
0.0505524
-0.0287476
-0.100708
-0.0418243
0.0559082
0.0362396
-0.00775146
0.0258179
-0.0114594
0.00532532
0.0663605
0.054184
0.0708008
0.151001
0.290771
0.0585022
-0.253418
-0.318024
-0.562027
-0.249329
-1.14789
-0.389862
-0.422089
-0.26741
0.135666
0.163177
-0.0781097
0.0982361
0.147446
0.144638
0.128891
0.165588
0.233017
0.240601
0.268936
0.155548
0.152176
0.122147
-0.347198
-0.477249
0.368927
0.217743
0.810822
0.772766
0.0734406
-0.140915
-0.0409851
0.00350952
0.00344849
0.0129242

[3]
0.0210724
-0.0246124
0.0452728
-0.115967
-0.124725
-0.0662994
0.0915222
0.107208
0.023941
-0.015213
-0.0166626
-0.0629425
-0.0569458
0.0244904
0.104034
0.121201
0.283279
0.278595
-0.25351
-0.491272
-0.63768
0.116989
-0.7939
-0.99205
-0.224213
0.0620422
0.408569
0.256973
0.0119934
-0.0918274
0.192627
0.187668
0.147385
0.186905
0.231201
0.206329
0.246216
0.211334
0.026535
0.0674744
0.331619
-0.446014
0.0419159
0.0310059
0.441101
1.14081
0.269394
-0.636047
-0.0878143
0.0974274

[4]
0.135635
-0.151566
-0.0205078
-0.0558777
-0.0708466
-0.0957184
-0.0855713
0.0234222
0.146072
0.107941
0.000717163
-0.0396881
-0.0436859
0.00813293
-0.0198059
0.0892029
0.138306
0.0762329
0.25618
0.0520935
-0.283981
-0.209305
-0.343964
0.161987
-1.05209
-1.01614
-0.516037
-0.25058
0.220322
-0.00767517
-0.238724
-0.123199
-0.0308075
-0.0151825
-0.0117493
0.0608215
0.113174
0.144409
0.205856
0.182312
0.0499268
0.125748
-0.11441
-0.586288
0.469635
-0.507233
-1.18724
0.821091
0.624893
0.288986

[5]
-0.180267
0.0701141
-0.0110321
-0.115829
-0.00389099
0.0750885
-0.0528717
-0.129959
-0.172501
-0.0317993
0.107773
0.0936584
0.0145721
-0.0144196
-0.0224152
-0.0407257
-0.0451202
0.0427094
-0.00595093
0.0247498
0.177414
0.108551
0.0323792
-0.26561
-0.144089
0.189713
-0.947327
-0.746338
-0.612488
-0.477753
0.249146
0.13147
-0.125244
-0.0962677
-0.00189209
-0.0407715
-0.00726318
0.0128174
0.012146
0.0433044
0.0643311
0.015152
-0.181992
-0.128326
-0.646698
-0.125107
0.34787
0.589996
0.313049
1.07758

[6]
0.318558
-0.159821
-0.266479
0.157562
-0.0341949
-0.0158997
-0.0187531
-0.00895691
-0.116608
-0.0729218
-0.115067
-0.0414429
0.0216675
0.0432892
-0.0168457
0.00920105
0.0147095
0.0393829
0.0259552
-0.011795
-0.041153
0.0394897
0.107315
0.00642395
-0.212509
-0.337326
0.399094
-0.897369
-1.02341
-0.737701
-0.137833
0.289093
0.116043
-0.080246
-0.0732422
-0.0245819
-0.0632935
0.675369
0.00782776
-0.132935
0.0199432
0.105957
0.063446
-0.282867
-0.148193
-0.216034
-0.0773163
0.108902
-0.333618
0.203598

[7]
0.371658
0.191406
-0.546875
-0.00416565
0.206024
-0.149323
-0.056778
-0.0102997
-0.0147705
-0.0685425
-0.178528
-0.135345
-0.0407715
0.0493927
0.0680237
0.0420532
-0.00169373
-0.0547028
-0.0655823
0.0309448
-0.0125275
0.0890045
0.0960083
0.0753174
-0.176682
-0.365982
-0.248932
-0.334396
-0.780273
-1.1185
-0.503235
-0.0261841
0.106842
0.0417328
-0.314438
-0.133484
-0.0868225
-0.210907
0.335007
0.000411987
-0.000778198
0.0196838
0.0161743
-0.208008
-0.282257
0.0602112
-0.566391
0.300018
0.224762
0.0934601

[8]
1.03423
0.326553
-0.171783
-0.140228
-0.0901642
-0.0332336
-3.05176e-05
0.117569
0.0158386
-0.0545502
-0.18544
-0.225616
-0.0846558
0.0928802
0.132812
0.0200958
-0.0434113
-0.095047
-0.092453
0.0533752
0.155945
-0.0363464
0.0833435
0.139084
-0.0613403
-0.273743
-0.548676
0.0382843
-0.743362
-0.667206
-0.563721
0.125992
0.0392914
0.0954742
-0.039032
-0.0358887
-0.043335
0.0446014
0.101913
0.148682
0.123535
0.292786
0.203903
0.0617065
0.238174
-0.110825
-0.30069
0.297745
-0.276474
-0.828003

[9]
0.53801
0.219238
0.144821
0.169449
0.081955
-0.175415
-0.314392
-0.0309296
0.100159
-0.0930786
-0.276108
-0.203552
-0.0224762
0.0224915
-0.0617828
0.0644836
0.201447
0.173981
0.0809631
-3.05176e-05
-0.104218
-0.121948
0.181595
0.23143
0.248749
-0.459946
-0.303268
-1.01981
-1.07611
-0.292892
0.20549
0.0834808
0.152802
0.0696411
-0.0104523
-0.105682
-0.0597229
0.0144653
0.0409241
0.0170135
-0.0796509
0.0970612
-0.0948334
-0.0589905
0.0614166
-0.641998
0.0499725
0.0255585
0.382095
1.30879

[10]
0.716812
0.22731
-0.7733
-0.411758
0.208542
-0.0362549
-0.118591
0.0184937
-0.0835419
-0.145081
-0.091095
-0.0789337
0.0244293
0.0857239
0.0595703
-0.0378876
-0.0590057
-0.020874
-0.0244904
0.114609
0.128189
-0.0065155
0.115265
0.119965
-0.0520477
-0.410446
-0.32576
0.187714
-0.71846
-0.50061
-0.882751
-0.615204
0.0976868
0.124344
0.00549316
-0.190948
-0.069931
-0.0769348
-0.142975
-0.138672
-0.122086
-0.0621033
-0.0865173
-0.187927
-0.350189
-0.232635
-0.485931
-0.292969
0.104874
-0.149673

[11]
0.849991
1.08025
0.506195
0.745163
-0.489716
-0.0179443
0.0572968
-0.342377
0.0607758
0.0292358
-0.0343781
-0.182724
-0.0601807
0.000640869
0.0289307
0.00189209
-0.0266724
0.0494385
0.0735321
0.0762024
0.0739594
-0.0135193
-0.106598
0.0615234
0.169846
0.0656433
-0.117615
-0.582611
0.0153503
-1.07854
-0.763672
-0.70137
-0.526215
0.115601
0.192825
-0.00175476
-0.0397186
-0.0868988
-0.116638
-0.0545654
-0.00613403
0.0142517
-0.00239563
-0.0257874
-0.201309
-0.290222
-0.109695
-0.549652
-0.0376434
0.336609

[12]
-0.942841
1.74994
0.579742
-0.169556
-0.0979156
-0.105148
0.0317535
-0.103485
0.0573273
0.0454102
-0.000366211
-0.0409851
-0.127045
-0.136093
-0.0111389
0.0435486
0.032547
-0.0347137
-0.0475616
-0.092514
-0.0394135
0.0810394
0.0491486
6.10352e-05
0.0997772
0.264832
0.0949249
-0.234055
-0.553375
-0.212204
-0.225281
-0.424576
-0.987869
-0.124954
0.470383
0.258713
-0.0559082
-0.10614
0.0504456
0.0387421
0.0588226
0.0823822
0.127289
0.158615
0.18869
0.165329
-0.0195007
0.0952148
-0.367233
-0.0233917

[13]
0.376083
-0.647934
-1.28894
0.435059
0.958084
0.420792
-0.227356
-0.158966
-0.0889435
-0.364761
-0.135239
0.14682
0.0124664
0.125092
-0.0226746
-0.142181
-0.138
-0.076355
0.0210114
-0.00215149
0.0135956
-0.0177002
0.0268402
0.0660858
-0.0125122
0.247284
0.165131
-0.114517
-0.555511
-0.465042
0.309814
-1.06024
-0.39798
-0.475708
-0.0531006
0.0175781
0.0403595
-0.128494
-0.0135193
-0.0565033
-0.0244598
0.0389252
0.0908661
0.0740356
0.0367584
0.143433
-0.0695953
-0.157867
-0.125809
-0.180237

[14]
0.291534
-0.44281
-0.275177
0.787781
0.750717
-0.388535
-0.610397
0.0929413
-0.00521851
-0.142044
0.0378418
0.0727997
-0.0862579
-0.0683594
-0.160721
-0.0878296
-0.0410309
0.103867
0.109253
0.0433197
-0.00749207
-0.0223541
0.0688019
0.0272064
0.0681152
0.184113
0.124832
-0.0945282
-0.493423
0.238327
-0.776749
-0.796143
-0.581833
-0.000228882
0.169815
0.303238
0.0292358
-0.0196838
-0.0196991
-0.0858002
-0.0270233
0.0621796
0.0469513
0.0111847
0.198578
0.0910034
0.0748138
0.0259857
-0.607773
0.0514526

[15]
0.0179596
-1.38057
-0.115616
0.582352
0.433914
-0.418976
0.0634155
0.172318
-0.437622
-0.147018
0.0636444
0.098938
-0.0208588
-0.0627136
-0.061676
-0.00143433
0.0541382
0.0349884
0.0110931
-0.011322
0.0310059
0.0557861
-0.0121155
-0.0312347
0.143692
0.15683
-0.0152588
-0.315063
0.340179
-0.72905
-1.03123
-0.563263
-0.213837
0.063385
0.196991
0.041626
0.0237427
-0.0185852
-0.0789337
-0.0927582
-0.0433502
-0.0379181
-0.0643768
0.0395355
-0.0719604
-0.121536
0.179489
-0.536697
-0.342834
-0.0866699

[16]
-0.902908
0.284119
0.413574
-0.284698
-0.115082
-0.0910339
0.085022
-0.144409
-0.0235443
0.00137329
0.0178528
-0.0630646
-0.200638
-0.117523
-0.0549469
0.129349
0.148987
0.0748749
0.0265198
-0.0373077
0.0106506
0.0802155
0.00933838
0.0365906
0.206711
0.169128
0.0122375
-0.339828
-0.0111694
-0.577377
-0.948181
-0.845963
0.230301
0.346085
0.0393066
0.123779
-0.092041
0.0232391
0.00973511
0.0155487
-0.00294495
0.0856171
0.104065
0.148651
0.0666962
0.190521
0.234116
-0.658463
-0.241486
-0.210373

[17]
-0.516479
0.571289
0.501221
0.0203094
-0.541458
-0.0759888
0.15976
-0.145645
-0.265915
-0.0140533
-0.00180054
-0.0823364
-0.208679
-0.116913
-0.0206146
0.0553436
0.0965424
0.0243988
-0.015274
-0.0162964
0.00292969
0.0619354
0.1409
0.0950165
0.172714
0.204422
-0.112076
-0.284897
-0.347031
0.0630035
-1.16045
-0.913757
-0.448593
-0.356186
0.103806
0.081604
-0.076767
-0.0104065
-0.0429688
-0.00582886
0.0198669
0.0825195
0.146286
0.1082
0.200394
0.126389
0.128387
0.10849
-0.613708
0.309296

[18]
-0.232635
0.691345
0.546158
0.426376
-0.663345
-0.235229
-0.012619
-0.00280762
-0.324203
-0.0222473
0.0104828
0.0557098
0.0409546
-0.113251
-0.109695
0.0492401
0.13324
0.0374451
-0.0843201
-0.120178
-0.112045
-0.0371552
0.112366
0.0564117
0.177689
0.0635529
-0.252258
-0.409073
0.0779724
0.0761261
-1.03056
-0.904816
-0.0987396
0.0758362
0.11171
0.00787354
0.028183
0.0241852
0.0130615
-0.00494385
0.0154572
0.0693207
0.061554
0.0444946
0.105789
-0.00770569
0.120026
0.0991364
-0.758423
0.117264

[19]
0.437836
1.01683
0.628937
-0.11969
0.0234985
-0.385117
-0.13176
-0.120316
-0.205276
0.126846
-0.00395203
0.128006
0.0166779
-0.163864
-0.137619
0.00456238
0.00942993
-0.0769348
-0.0734253
0.00671387
0.0327301
0.129242
0.0863953
0.0572815
0.143051
0.036087
-0.402374
-0.423691
0.358139
-0.629913
-1.02478
-0.742447
-0.614746
0.0166779
0.162796
-0.107285
0.03685
-0.0574188
-0.0595551
-0.0624695
0.00527954
-0.00534058
-0.00611877
-0.0985107
0.0306244
-0.143738
-0.118408
-0.38475
-0.314743
0.0797577

[20]
0.20488
0.507355
0.270508
-0.890961
0.513855
-0.162598
0.0641937
-0.0792389
-0.119003
-0.0250244
-0.128677
-0.0894928
-0.0818329
-0.0783844
0.0506897
0.0247955
-0.0429535
-0.118683
-0.116653
-0.0465698
0.0979919
0.19281
0.09021
0.144485
0.0384979
-0.114166
-0.401077
-0.296341
-0.0390472
-0.614868
-0.733414
-0.139496
-0.0782166
0.259399
0.0845642
0.210022
0.143845
0.111069
0.00167847
0.342392
0.193909
0.206619
0.145187
0.185272
-0.353516
-0.574997
-0.740463
-0.448685
-0.741104
0.126526

[21]
0.669693
-0.142593
-1.08315
-0.0106049
0.121292
0.0831757
-0.101166
0.00305176
-0.108398
-0.164581
-0.108795
-0.146912
0.00790405
0.0322418
-0.0059967
-0.0365601
-0.048111
-0.00746155
0.0108795
0.114288
0.0150757
0.0994263
0.189041
0.0233917
-0.0783691
-0.376999
-0.11084
-0.806519
-0.971924
-0.534164
-0.0205994
-0.0401306
0.0960541
0.19838
0.160751
0.0330505
0.0522156
0.108566
0.180389
0.193649
0.194046
0.226059
0.109863
-0.162613
-0.424423
-0.521927
-0.205139
-0.302322
0.266235
0.769592

[22]
0.474487
-0.802139
-0.225037
0.265747
-0.0437164
-0.104507
-0.0426636
-0.013504
-0.114655
-0.0740662
-0.0139008
-0.156097
-0.114563
-0.0221863
0.00462341
-0.039978
-0.0525208
0.00817871
0.0208588
0.104446
0.0266876
0.131119
0.148956
0.011673
-0.123291
-0.4944
0.0175476
-1.073
-0.817764
-0.58139
-0.487839
-0.214615
-0.0164948
0.0680084
0.00421143
-0.0875854
-0.0722809
-0.030426
0.0327454
-0.0492706
0.0630035
0.033905
-0.077179
0.0657349
-0.390137
-0.335098
0.406525
1.67903
1.32654
0.378693

