[1]
-1.33363
0.18335
0.169037
0.234406
0.309113
0.296814
0.255432
0.184509
0.119705
0.071228
0.0159912
-0.0222626
-0.0452728
-0.0666504
-0.0678558
-0.0457153
-0.0960693
-0.118317
-0.0666046
-0.0928192
-0.13208
-0.185059
-0.211761
-0.258698
-0.274582
-0.334396
-0.42926
-0.3517
0.0161743
0.563965
0.401901
0.187531
-0.0400696
-0.284164
-0.340546
-0.29483
0.0740967
0.0703125
0.0742035
0.0540009
-0.00276184
-0.0141907
0.013092
0.110428
0.137695
0.0986328
0.0466766
0.00750732
0.0122681
0.0696259

[2]
0.0797577
0.05513
0.0312653
0.0401154
0.0407257
0.101868
0.115601
0.0844879
0.0390625
0.0368195
0.068512
0.099884
0.0338135
0.0769196
0.067215
0.149109
0.218826
0.31459
0.29747
0.307846
-0.124176
-0.254883
0.163712
-0.2229
-0.0800781
0.337708
0.377106
0.309357
0.19632
0.135971
0.12178
0.0666351
0.0313416
-0.0256805
-0.102585
-0.0609283
-0.23439
-0.656433
-0.783371
-0.850601
-1.02493
-0.987
-0.711655
-0.767014
-0.470444
1.09573
0.320694
-0.147644
-0.124786
-0.535263

[3]
-0.584991
0.0112152
0.0247955
-0.0710907
-0.00476074
-0.00382996
-0.0833435
-0.148514
-0.0874939
0.081665
0.0600281
-0.0654907
-0.0766144
0.0179443
0.0486145
0.0145264
-0.028656
0.0103607
-0.0106964
0.0035553
-0.00131226
0.036911
0.0795746
0.133591
0.0836792
0.0304871
-0.0581055
-0.0406494
0.0663452
0.178497
0.31749
0.301697
-0.0785828
-0.162369
0.133575
-0.289749
-0.347275
0.188583
0.324417
0.291794
0.257507
0.184448
0.154266
0.12529
0.0827942
0.0644989
-0.00296021
-0.0481415
-0.198181
-0.478043

[4]
-0.72229
-0.871841
-1.24873
-1.13803
-0.7798
-0.692444
1.23251
0.296021
-0.0787964
-0.181412
-0.552811
-0.216858
-0.0527649
-0.0912933
-0.0727844
-0.0196381
-0.033371
-0.0137329
-0.0900879
0.0295563
0.0409851
0.0233917
0.023819
0.000915527
0.00012207
0.00973511
-0.000900269
0.0235901
0.0288696
0.0471649
0.0580292
0.124023
0.0519562
0.0365601
0.123947
0.0996857
0.0985565
0.0771179
0.13356
0.267563
0.335358
-0.0306854
-0.212509
0.0492554
-0.268723
-0.467804
0.244598
0.32991
0.310318
0.281464

[5]
0.201797
0.188705
0.147888
0.123352
0.115143
0.0867004
-0.204025
-0.204422
-0.510986
-0.930573
-1.01305
-1.37677
-1.27843
-0.96019
-0.359802
1.24887
0.126648
-0.123367
-0.302292
-0.552963
-0.162109
-0.0737152
-0.0662994
-0.0132751
-0.0157166
0.00384521
-0.0348816
-0.0588379
0.018692
0.059021
0.0380249
-0.0363007
-0.0296478
0.004776
0.00527954
0.0142517
0.0141602
0.01474
0.0428009
0.0568848
0.0509491
0.104294
0.10997
0.0758362
0.0380707
-0.00306702
0.0628662
0.269196
0.571854
0.465408

[6]
-0.140686
-0.226318
0.0648346
-0.307144
-0.174362
0.280273
0.32814
0.25972
0.172318
0.166336
0.137543
0.115143
0.0298309
0.0178986
-0.0105591
-0.1866
-0.219406
-0.466476
-0.915054
-1.17867
-1.52834
-1.20435
-0.900192
-0.343307
1.43306
0.45993
-0.0711365
-0.275146
-0.723129
-0.316895
0.0221252
-0.069931
-0.0289307
-0.0568695
-0.0287018
-0.0338135
-0.0815125
-0.0155182
0.0798492
0.0448151
-0.0284271
-0.0410919
-0.0219574
0.033432
0.0443268
0.0209656
0.00360107
0.0197906
0.0643768
0.004776

[7]
0.0635376
0.121521
0.0471039
-0.00889587
0.0394897
0.118988
0.211365
0.420059
0.431488
-0.216095
-0.248123
0.0935669
-0.248734
0.08815
0.332794
0.375595
0.248138
0.19957
0.169952
0.146652
0.110397
0.0670319
0.0568237
0.00648499
-0.201981
-0.313187
-0.563507
-0.829391
-1.16655
-1.4453
-1.09848
-0.898331
-0.201508
0.67601
0.680176
-0.0258179
-0.162964
-0.35054
-0.500336
-0.152481
-0.0744019
-0.123734
-0.112442
-0.0719757
-0.029068
-0.0502167
-0.0390778
0.0273743
0.014328
-0.00869751

[8]
-0.0408173
-0.0488739
-0.0235596
0.00637817
0.0183105
-0.0184326
-0.00782776
0.0328979
0.0172272
0.000732422
0.0411072
0.0212555
0.0377502
-0.014328
0.00666809
0.177231
0.39325
0.397186
0.118134
-0.24086
-0.0868225
-0.0195923
-0.419495
0.253906
0.356018
0.333023
0.251358
0.223984
0.198517
0.163132
0.127487
0.102951
0.0841217
0.015686
-0.164337
-0.177094
-0.578674
-0.811157
-1.22829
-1.41226
-1.0461
-1.00716
-0.163773
0.845703
-0.0787506
-0.155212
-0.343979
-0.447556
-0.17453
-0.136902

[9]
-0.135712
-0.0890656
-0.0760803
-0.0782928
-0.0883484
-0.129898
0.0289154
0.052002
-0.0321198
-0.0757446
-0.0807648
-0.0423431
-0.0271454
-0.0175934
-0.00248718
-0.0328979
-0.0154114
0.00335693
0.0366821
0.0488434
0.0543671
0.085144
0.112045
0.0362244
-0.0305786
0.0343781
0.255539
0.3797
0.283234
-0.211884
-0.299881
0.102356
-0.298767
0.107895
0.295624
0.321838
0.205719
0.102859
0.117416
0.104187
-0.0122528
-0.0930176
-0.105927
-0.167114
-0.29332
-0.482513
-0.779953
-0.893555
-0.895386
-1.18982

[10]
-0.939926
-0.727982
-0.108154
1.07088
-0.00897217
-0.0510254
-0.443481
-0.681671
-0.225052
-0.0302277
-0.084671
-0.113373
-0.0777435
0.01091
-0.019928
-0.0737457
-0.0951843
-0.0263062
0.0492401
0.0178375
-0.0371704
-0.0800934
-0.0433655
0.0300751
0.0244904
-0.0298004
-0.0684662
-0.0200348
0.030899
0.0260773
0.0316772
0.0423737
-0.041687
-0.0145111
0.0196381
0.0472717
0.219864
0.384888
0.452026
-0.103485
-0.26239
0.00263977
-0.308334
-0.292694
0.152817
0.268341
0.248276
0.203568
0.168976
0.126053

[11]
0.0212097
-0.0530701
-0.0867462
-0.119843
-0.20697
-0.323181
-0.606232
-0.982468
-1.01248
-1.09204
-0.951584
-0.624283
-0.150513
1.84033
0.76413
-0.208282
-0.319824
-0.83197
-0.312576
0.015213
0.00431824
0.0187531
0.0241852
-0.0699005
-0.143555
-0.110657
0.135345
0.13205
-0.0524292
-0.0861664
-0.0149078
0.0285645
-0.000473022
0.0233154
-0.0394745
-0.0108032
-0.0330353
0.0606995
0.0787964
0.106384
0.132034
0.0900879
0.0373383
-0.0383606
0.0524902
0.215469
0.392929
0.184906
-0.310913
-0.174469

[12]
0.0582428
-0.107712
0.0865021
0.173218
0.193649
0.278381
0.251373
0.211182
0.130829
0.0413666
0.0384827
0.0906372
-0.0261383
-0.0211487
-0.13205
-0.990356
-1.05943
-1.14207
-1.12169
-1.04495
-0.775223
-0.0606537
1.71538
0.346252
-0.192398
-0.207245
-0.66832
-0.398773
-0.0197449
-0.0630798
-0.0175323
-0.0376282
-0.0281219
-0.0818787
-0.123337
0.0153961
0.0511322
0.0469971
-0.0480499
-0.0547943
-0.0334015
0.0207367
0.00643921
-0.00323486
-0.0186005
-0.0144043
0.0220642
0.0334473
0.0166931
0.0646362

[13]
0.0475464
-0.00816345
0.0317993
0.0426941
0.0971222
0.129654
0.413193
0.475113
0.150696
-0.258682
-0.21225
-0.168655
-0.39183
0.151688
0.241257
0.287292
0.249207
0.17395
0.167175
0.125916
0.0117798
-0.0101318
-0.0600281
-0.157761
-0.272781
-0.363693
-0.715027
-0.83255
-1.02959
-1.05513
-0.813461
-0.609451
0.0517883
1.04547
0.0900421
-0.0982056
-0.276367
-0.493454
-0.13269
-0.0703735
-0.0852966
-0.0651398
-0.0749359
-0.0246735
-0.0760345
-0.0786285
-0.00660706
0.00727844
-0.0302277
-0.032074

[14]
-0.00985718
0.00669861
0.0137329
0.00901794
0.0153351
-0.0137177
0.0167542
0.0247803
0.0464325
0.0940094
0.0569611
0.0861664
0.0706329
0.0444489
0.0393829
0.0065155
0.205353
0.294342
-0.140228
-0.325272
-0.0528259
-0.182785
-0.357178
0.236176
0.286224
0.311371
0.273529
0.200668
0.159622
0.0888367
-0.0429993
-0.100891
-0.114792
-0.225861
-0.420837
-0.751358
-0.914032
-1.0154
-1.24112
-1.173
-0.809799
-0.576279
0.308701
1.23322
0.0468292
-0.212799
-0.365631
-0.488129
-0.191055
-0.0531158

[15]
-0.0765686
0.0384979
-0.0300751
-0.0517731
-0.198792
-0.0397034
0.0876465
0.038208
-0.0606232
-0.073349
-0.0263062
0.0144501
0.0396576
0.0187378
0.0204773
-0.0192566
-0.0391388
0.0126801
0.023056
0.0933533
0.123596
0.119812
0.047348
0.00157166
-0.0283966
0.0334473
0.296555
0.383316
-0.0604553
-0.365967
0.0300446
-0.233246
-0.290588
0.232605
0.25293
0.257355
0.215546
0.205154
0.163055
0.0682983
-0.0284424
-0.0650482
-0.11113
-0.176544
-0.281143
-0.608063
-0.941238
-1.08832
-1.40762
-1.11041

[16]
-0.642853
-0.171097
1.83591
0.109863
-0.171814
-0.430649
-0.603149
-0.292999
-0.0327148
0.0764923
0.0174255
0.0728912
-0.0158539
-0.13826
-0.169785
0.100479
0.14444
-0.0222931
-0.0915222
-0.0178223
0.0649414
0.0396881
0.0080719
-0.00343323
-0.0121765
-0.034256
0.0203705
0.11731
0.134186
0.0973053
0.0949707
0.0493469
-0.00814819
0.000869751
0.0851593
0.324387
0.45578
0.0570831
-0.295944
-0.0133209
-0.263031
-0.213104
0.257187
0.312317
0.294083
0.332947
0.326813
0.223053
0.145508
0.0891266

[17]
0.10965
0.0990753
-0.0186462
-0.238815
-0.402237
-0.591568
-1.26218
-1.71283
-1.25784
-0.805115
-0.365829
1.01163
0.300339
-0.0263062
-0.429398
-0.68428
-0.270966
0.0452118
-0.161133
-0.147766
-0.00378418
-0.0306091
-0.061554
-0.123016
0.0267334
0.0157166
-0.020752
-0.0492706
-0.010025
0.00906372
-0.0292358
-0.0286713
0.00149536
-0.00379944
-0.0144501
-0.00540161
0.045105
0.0567169
0.0474243
0.0413513
0.0205688
-0.035614
0.000473022
0.196594
0.607758
0.57579
0.159134
-0.290237
-0.129654
-0.311905

[18]
-0.273804
0.25798
0.308777
0.279373
0.202988
0.118271
0.108383
0.0767212
0.00440979
-0.0628357
-0.0914001
-0.192062
-0.330612
-0.549408
-0.769104
-0.908554
-1.28825
-1.16083
-0.65242
-0.561066
0.698959
0.677841
-0.0865021
-0.238174
-0.608749
-0.417099
-0.131882
-0.0952759
-0.0241394
-0.0130463
-0.0293732
-0.0535431
-0.141693
-0.0241394
0.0870514
0.0332489
-0.0469208
-0.0416565
-0.00770569
0.00213623
0.00537109
-0.00360107
-0.0297394
-0.00845337
0.00117493
0.0389557
0.0862579
0.117157
0.0848694
0.0466461

[19]
-0.0591583
-0.0349731
0.164215
0.294678
0.279312
-0.0368347
-0.121735
-0.0237579
-0.0152588
-0.469513
0.14418
0.427307
0.421692
0.364487
0.256287
0.190308
0.145691
0.119781
0.0878754
0.0283813
-0.0869293
-0.242111
-0.551208
-0.945282
-0.907425
-1.32338
-1.32466
-1.01695
-0.53389
1.18674
0.4552
-0.0916443
-0.223907
-0.650146
-0.21225
0.00517273
-0.084259
-0.113785
-0.0503387
0.00584412
0.020752
-0.112381
-0.0449829
0.0425262
0.0476227
-0.134644
-0.0582428
-0.0331726
-0.00665283
0.0361328

[20]
0.0372162
0.00509644
-0.0114746
0.0444031
0.0772858
0.0601501
0.107849
0.122162
0.096283
0.0486755
0.0175171
0.143326
0.233429
0.330658
-0.150864
-0.147049
0.180435
-0.248245
-0.0190735
0.297791
0.369736
0.300461
0.19722
0.166946
0.162476
0.148636
0.133087
0.0956421
0.0474701
-0.179016
-0.0276642
-0.293365
-0.897598
-0.835968
-0.927872
-1.07216
-1.08475
-0.759323
0.774002
0.528183
-0.0970917
-0.016098
-0.665588
-0.234802
-0.157028
-0.130066
-0.0552521
-0.0841522
-0.0286255
-0.0333252

[21]
-0.126663
-0.0703125
0.024826
0.0231171
-0.081131
-0.0735626
-0.040802
0.013443
0.031189
-0.00834656
-0.0169983
0.0093689
0.0479736
0.0243378
0.0275879
0.019043
0.0748291
0.0934448
0.0365753
0.0122223
0.0402374
0.303558
0.402039
-0.15126
-0.40535
0.00170898
-0.163788
-0.419052
0.252609
0.325836
0.311874
0.224808
0.135986
0.0784912
-0.0214233
-0.0570068
-0.0950775
-0.152893
-0.237839
-0.353897
-0.623169
-1.01439
-1.03279
-1.1756
-1.06439
-0.718063
-0.508072
0.928665
0.684204
-0.13504

[22]
-0.290436
-0.491333
-0.525604
-0.103195
-0.00378418
-0.0552673
-0.0215607
0.0214233
-0.100174
-0.187286
0.00202942
0.0359497
0.0368195
-0.0878906
-0.0836792
-0.0238647
0.00653076
0.00314331
-0.0108185
-0.00363159
-0.000473022
0.0281372
0.102509
0.0291748
0.0553741
0.105377
0.0937805
0.00187683
-0.0610657
0.0718384
0.211594
0.366501
0.123566
-0.180801
0.00738525
0.0312042
-0.232315
0.153381
0.354614
0.291
0.342682
0.242615
0.201904
0.141083
0.0990448
0.060791
0.0681915
-0.0723114
-0.196594
-0.539856

[23]
-0.894043
-1.08983
-1.46941
-1.36053
-0.912277
-0.39827
1.4211
0.115356
-0.210281
-0.456253
-0.494003
-0.147888
-0.0408173
-0.0473328
0.0266113
-0.0473022
-0.0200653
-0.196259
-0.0277252
0.0363922
0.015686
-0.0606537
-0.039856
-0.00654602
-0.0232239
0.00312805
-0.0229797
-0.0125275
-0.0293427
0.0365753
0.0792389
0.136658
0.08255
0.121063
0.0550385
-0.0757446
-0.0676117
0.147842
0.312363
0.377151
-0.250275
-0.258591
0.120102
-0.331573
-0.178116
0.255005
0.317688
0.287781
0.226761
0.152252

[24]
-0.117386
-0.287155
-0.369522
0.32338
0.414749
0.324554
0.185486
0.162125
0.128876
0.0813904
0.0611115
0.0377808
0.0526886
-0.0591431
-0.165726
-0.289642
-0.61998
-0.863907
-1.03532
-1.10129
-0.842957
-0.695023
1.2157
0.1987
-0.0535126
-0.46199
-0.421188
-0.170166
-0.119186
-0.0993195
-0.0527191
-0.0771027
-0.00534058
-0.107544
-0.0545502
0.0187225
0.0390778
-0.0220184
-0.0513
-0.0136414
-0.0151215
-0.117004
0.021225
0.0174866
-0.0115967
0.022522
0.0582581
0.0391083
0.0588989
0.10144

[25]
0.0895386
0.0289001
-0.0412292
-0.0631409
-0.0838165
-0.226334
-0.421799
-0.734161
-0.894257
-0.98085
-1.07048
-0.876511
-0.652603
0.822754
0.304428
-0.107803
-0.488312
-0.730011
-0.283035
-0.0760803
-0.0140839
-0.0799713
-0.0741577
-0.0144653
-0.032135
-0.163406
-0.125748
0.0355072
0.0757599
-0.041748
-0.105453
-0.0498352
-0.0121002
-0.00494385
-0.000473022
-0.0248566
-0.0365295
-0.0174713
0.0389557
0.0740356
0.0472412
0.0975342
0.108841
0.0744171
-0.0435944
0.0847626
0.272186
0.475021
0.0833282
-0.270737

[26]
0.0917053
0.101974
0.103348
0.0948639
0.267838
0.342926
0.0595398
-0.251434
-0.0513611
-0.260391
-0.299042
0.241058
0.30191
0.27359
0.187454
0.15477
0.124634
0.0531006
-0.0032959
-0.0379791
-0.0899811
-0.174484
-0.310181
-0.582504
-0.919769
-0.983688
-1.16689
-1.23021
-0.899338
-0.496155
1.5435
0.123199
-0.09935
-0.496292
-0.677155
-0.322327
-0.0259247
-0.0348053
-0.0207977
0.0146942
0.0377655
-0.0571594
-0.126404
-0.031311
0.0890198
0.0749054
-0.0370636
-0.0794525
-0.00262451
0.045105

[27]
0.00561523
-0.00801086
-0.0250702
-0.00587463
0.043869
0.0510559
0.061203
0.100571
0.087738
0.085968
0.0375366
0.0110626
0.126175
0.263672
0.346085
-0.218246
-0.252243
0.158798
-0.252701
-0.201141
0.298538
0.348709
0.290649
0.266663
0.220917
0.171402
0.116501
0.124908
0.124573
0.0591125
-0.115204
-0.142975
-0.395493
-0.822113
-0.975189
-0.939087
-0.917999
-0.881912
-0.327225
1.36365
-0.0219421
-0.281113
-0.681168
-0.297607
-0.0829926
-0.0724335
-0.0518341
-0.0240479
-0.0556641
0.00390625

[28]
-0.0871582
-0.0295715
0.0473785
0.0458527
0.000732422
-0.0154266
0.0141602
0.00782776
0.0093689
0.0226135
0.00628662
0.032608
0.0744324
0.0934601
0.037323
0.0670624
0.0896759
0.0994263
0.0890503
0.0753326
0.123093
0.219894
0.280319
-0.143555
-0.298553
0.107773
-0.336197
-0.409195
0.237213
0.307129
0.305649
0.238647
0.149139
0.115448
0.106979
0.0918274
0.0322876
-0.0454102
-0.101837
-0.278564
-0.558548
-0.921295
-1.0451
-1.23248
-1.1039
-0.75827
-0.399582
0.797836
0.598404
-0.163116

[29]
-0.382385
-0.40741
-0.247757
-0.0423279
-0.0623474
-0.0654755
-0.0205383
-0.0166016
-0.0532227
-0.0842896
-0.0402222
0.0623627
0.0396576
-0.0168152
-0.0650482
-0.0362701
-0.0198212
0.0210114
0.00726318
-0.0184326
-0.0450439
0.0295258
0.0654755
0.0970154
0.101929
0.115723
0.105484
0.0318604
-0.0463104
0.0247192
0.299011
0.473694
-0.131699
-0.287827
-0.0201263
-0.230011
-0.272903
0.220901
0.269455
0.219421
0.215256
0.262024
0.116898
-0.00959778
-0.118073
-0.162354
-0.154922
-0.212692
-0.34433
-0.637604

[30]
-0.810287
-0.81279
-1.08984
-1.0498
-0.855682
-0.499893
1.51639
0.260208
-0.0731201
-0.220413
-0.604568
-0.301346
-0.0402374
-0.0554199
-0.012146
0.0408173
0.0373993
-0.0705261
-0.0800781
0.074173
0.0712738
0.0660858
-0.0328827
-0.0153503
0.00151062
-0.102051
0.0111237
0.0148163
0.0211639
0.0544434
0.089447
0.0625763
0.111771
0.139008
0.0994568
0.0656128
-0.037735
0.0368805
0.387955
0.421097
-0.131317
-0.318375
0.0607147
-0.139114
-0.289062
0.331131
0.358322
0.330811
0.297333
0.22937

