[1]
-0.0279388
-0.35791
-0.437103
-0.141724
0.0524292
0.151306
-0.0117798
0.00169373
0.008255
0.117966
0.139587
0.079483
0.062439
0.105698
0.129486
0.0718842
0.0968323
0.333359
0.329849
0.172852
0.244949
0.195618
0.513824
0.674606
-0.223145
0.388214
0.704102
0.130325
0.210526
-0.0953674
0.0263672
-0.0167389
-0.0231476
0.175766
0.11882
0.142075
-0.0244293
-0.100586
0.0805969
0.151611
0.150665
0.0870361
0.112946
0.112747
0.117386
0.130066
0.115662
0.109177
0.10553
0.0987396

[2]
0.0895233
0.0586853
0.0821075
0.196716
0.140259
-0.0563965
-0.461807
-0.585861
0.191696
-0.191879
-0.415176
-0.530365
-0.256027
-0.285324
0.109604
0.0148315
0.0485992
0.032959
0.105316
0.0692444
0.0537262
0.024292
-0.00422668
-0.00750732
-0.0302734
0.0137787
0.0410004
0.013855
-0.137543
-0.25502
0.181885
0.643356
0.238892
0.339691
0.492584
-0.000442505
-0.313583
-0.176331
0.0424194
0.130814
-0.0593567
0.147919
0.059082
0.0899963
-0.162949
-0.0966797
0.148773
0.199524
0.0107727
-0.0469666

[3]
0.0630951
0.0886536
0.0962677
0.0503235
0.00126648
0.0127106
0.106735
0.119049
0.0819244
0.119095
0.0620117
-0.102524
-0.1763
-0.549255
-0.667007
-0.0310364
-0.362015
-0.477386
-0.486191
-0.329788
-0.0207214
0.116516
-0.116501
-0.000778198
0.114365
0.104858
0.0883636
0.126068
0.154541
0.19017
0.169037
0.254242
0.221832
-0.0164795
-0.284393
-0.387909
-0.133667
0.850586
-0.211197
-0.517471
0.569366
0.74028
-0.216934
0.0283661
-0.0052948
0.186737
-0.0427551
-0.150208
0.0413208
0.0434113

[4]
0.0855865
-0.117661
-0.0176544
0.0513763
0.0846252
0.0763245
0.0382843
0.01297
0.0416107
0.0506287
0.0499573
0.0487366
0.0314484
0.0566406
0.0059967
-0.000259399
0.0673828
0.0483246
-0.0241394
-0.0851135
-0.403931
-0.464264
0.0118408
-0.506607
-0.697495
-0.276382
-0.358002
-0.221832
-0.0149384
-0.11116
-0.0923157
-0.0841522
0.0037384
-0.0109711
-0.0665588
-0.0798492
-0.0744019
-0.0469208
-0.0170135
-0.07341
-0.0360413
-0.00942993
-0.0578918
-0.407928
-0.425522
0.541275
0.454376
0.323959
0.362732
-0.208969

[5]
-0.3582
-0.255249
0.214401
0.101486
-0.0223389
0.165833
-0.0175323
0.0623322
-0.256226
-0.109589
0.136246
0.145264
0.0639496
-0.0442352
-0.00616455
0.0553436
0.0916138
0.0685883
0.0307159
0.0112762
0.0405731
0.0532532
0.0313568
-0.010025
0.0285492
0.0455933
-0.0243225
-0.0875854
-0.757751
-0.14389
0.180389
-0.315109
-0.822144
-0.623138
-0.242554
-0.135025
0.110962
-0.0283661
-0.0399475
-0.0724182
0.0496521
0.0670319
0.0372162
0.0548706
0.0835419
0.00848389
0.160446
0.0353546
-0.021347
-0.0530243

[6]
-0.435776
-0.670853
-0.0842133
0.517395
0.239578
0.266586
0.465714
-0.416
0.20874
-0.0726166
0.123322
-0.0356445
-0.0189514
0.124969
0.0823517
-0.148315
-0.18103
0.0335236
0.11441
0.120514
-0.0244293
-0.0418396
0.0292969
0.0787964
0.0904541
0.0388641
0.00357056
-0.0119019
0.0849304
0.0263519
0.00898743
0.134811
0.082962
-0.120621
-0.276199
-0.59523
-0.521439
0.0134735
-0.428696
-0.566528
-0.468002
-0.242233
-0.150696
-0.0530243
-0.0521545
-0.069458
-0.00474548
0.0225983
-0.0114594
-0.0487823

[7]
-0.0087738
0.0106964
-0.0318909
0.0513763
0.125244
0.0880737
0.0359497
0.0136719
0.0861511
0.570023
0.455688
-0.549713
0.635681
0.485245
-0.22879
-0.0184937
-0.00364685
0.226898
0.00686646
-0.0609436
0.0039978
0.0210114
0.035675
-0.127151
-0.0274506
0.076889
0.0827026
0.0579987
-0.00311279
0.0160828
0.046524
0.0301208
0.0491638
0.0294037
0.000198364
-0.0109558
0.0289764
-0.0511322
0.014679
0.0682068
0.0645142
0.0335541
-0.233704
-0.832779
-0.30127
-0.0251007
-0.373901
-0.676544
-0.208878
-0.220306

[8]
-0.0174408
-0.101334
-0.0671082
-0.0771027
-0.0205383
0.0131073
-0.00404358
-0.0306854
-0.000305176
0.0403748
-0.0314178
0.0888062
-0.0423126
-0.0439758
-0.0057373
-0.0180054
-0.297699
0.482193
0.00836182
0.537216
0.408844
-0.417068
0.00776672
-0.0901794
0.154831
0.00900269
-0.0112
0.0574799
0.0122986
0.00721741
-0.131927
-0.105621
-0.00390625
0.101501
0.111252
0.0342255
-0.0330048
-0.00567627
0.0749512
0.0946808
0.07901
0.00312805
-0.0238495
0.02005
-0.0153198
0.0666046
0.121033
0.026123
-0.0871277
-0.137299

[9]
-0.598877
-0.524979
0.0858307
-0.228607
-0.455536
-0.507492
-0.282669
-0.39711
0.048645
-0.0340424
-0.0510559
-0.0593719
-0.0491333
-0.00486755
0.00502014
-0.0234833
-0.0359039
0.0108185
0.0393677
0.0355682
0.036499
0.072464
0.0562286
-0.21904
0.0853424
0.466431
-0.223053
0.111343
0.493179
-0.147476
0.077713
-0.333817
0.0619659
0.145294
-0.0491638
0.048172
0.0368958
-0.0338898
-0.0627899
-0.12616
-0.0294952
0.139526
0.150909
0.0671387
-0.0385132
-0.0149689
0.0540619
0.0918427
0.0735016
0.0114594

[10]
-0.00892639
0.022583
-0.00456238
0.0087738
0.035614
0.0829468
0.0592041
-0.210785
-0.948578
-0.363007
0.139679
-0.429245
-0.771805
-0.430817
-0.17128
-0.182785
-0.0342102
-0.0621948
-0.0719299
-0.108505
-0.028183
-0.0274811
-0.0288239
-0.0484467
-0.0434265
-0.0286255
-0.0468597
-0.0659943
-0.0400696
0.00224304
-0.210281
-0.296326
0.421295
0.664673
0.166245
0.601349
0.170029
-0.947281
-0.235291
0.191681
0.103592
0.0067749
0.191391
0.104019
0.00227356
-0.0353241
-0.233231
-0.062439
0.125214
0.141113

[11]
0.0883331
-0.0685883
-0.0472565
0.0793915
0.0983734
0.0708771
-0.00669861
-0.00120544
0.00843811
0.00683594
0.0580597
0.115372
0.0568237
-0.00723267
-0.349319
-0.523483
0.0724792
-0.320953
-0.626587
-0.494827
-0.447388
-0.260559
0.0474548
-0.0191956
-0.0545654
-0.0719604
-0.00924683
0.0114746
-0.0429535
-0.0962372
-0.112228
-0.0752563
-0.0154114
-0.053833
-0.000473022
-0.037323
0.0906067
-0.048111
0.123001
0.662003
-0.118469
0.608475
0.818756
-0.0907745
-0.0200195
-0.39386
0.151794
0.0234833
-0.030014
0.0500641

[12]
0.108276
0.0385437
0.0067749
-0.160309
-0.0423889
0.0848846
0.108078
0.0774078
-0.0209808
-0.0050354
0.0481567
0.0335846
0.048233
0.00787354
0.0096283
0.0247345
-0.0117493
0.003479
0.0701447
0.0753632
0.0230713
-0.120331
-0.987427
-0.323669
0.0746918
-0.471237
-0.897522
-0.579803
-0.224518
-0.174194
-0.0111237
-0.0208893
0.0110779
-0.0233002
0.0319214
0.0419159
0.029129
-0.00920105
-0.00907898
0.0201416
0.0823059
0.0766144
0.129456
0.0314331
-0.256729
0.424744
0.265991
-0.262955
0.341949
0.541443

[13]
-0.389099
0.133423
-0.0149994
0.0571442
0.0580597
-0.0325317
-0.00178528
-0.00964355
0.0575867
-0.0993652
-0.0901184
0.0163879
0.098175
0.0567322
0.00335693
0.00521851
0.0257111
0.0258331
0.0443115
0.0339813
-0.0377045
-0.00759888
0.0574951
0.036377
0.125488
0.0936737
-0.0960693
-0.281723
-0.613892
-0.30925
0.0183105
-0.469742
-0.676758
-0.27417
-0.144211
-0.0462189
-0.0595398
-0.0480652
-0.100464
-0.0314484
0.0380402
-0.0274811
-0.0253143
-0.0396271
-0.0436554
-0.0427094
-0.00309753
-0.0226593
-0.0809937
-0.0864868

[14]
-0.153702
-0.132675
0.607407
0.490524
0.310989
0.414871
-0.0300903
-0.139481
0.0275879
-0.00720215
-0.0103149
0.0419312
0.0943146
0.0554352
0.0106354
-0.152222
-0.0877075
0.0369568
0.0920868
0.0223846
-0.0534058
-0.0293121
0.0631714
0.0604401
0.0730896
0.0689087
0.0963898
0.0152283
0.0329742
0.0583649
-0.0118103
0.0624695
0.105774
-0.00653076
-0.335892
-0.939789
-0.107742
-0.0818939
-0.423767
-0.856445
-0.332001
-0.133804
0.0103607
-0.0744171
-0.0968781
-0.0731506
-0.0193481
0.00802612
-0.0282898
-0.0789795

[15]
-0.126236
-0.118988
-0.0469513
-0.0559387
-0.0940857
0.159348
0.394089
0.300964
-0.213058
0.559891
0.444183
0.294571
0.461472
-0.133606
-0.189941
-0.152924
0.248291
0.0847473
0.0298004
0.0837402
0.043335
-0.0224304
-0.052475
-0.124481
-0.0499115
0.0804138
0.111115
0.0600281
-0.00854492
-0.0247955
0.0233765
0.057312
0.0489502
0.0217896
0.0661774
0.0115356
0.0168762
0.00961304
0.0299225
0.0307312
-0.0751801
-0.349838
-0.747574
0.0496216
-0.444687
-0.604584
-0.807526
-0.221176
-0.290649
-0.00875854

[16]
0.0132904
0.00312805
-0.0180511
0.0404816
0.0207977
-0.00700378
-0.0231781
0.026947
0.0106506
0.018692
0.119873
0.160126
0.129868
-0.219635
-0.314819
0.0765381
0.12355
0.0362854
0.541183
0.463623
-0.230667
-0.173553
-0.110535
0.0807495
-0.00390625
-0.0471039
0.037262
0.0510559
0.00984192
-0.179962
-0.0830078
0.0874329
0.0987396
0.0515289
-0.0525818
-0.0425873
0.0504303
0.0881348
0.0674438
0.0605316
0.00262451
0.0249023
0.0124664
0.0764771
0.119873
0.137924
0.0933228
-0.412811
-0.931778
-0.0583191

[17]
-0.477966
-0.615936
-0.357391
-0.21167
-0.179916
-0.0772247
-0.043808
-0.00561523
0.0225983
-0.0038147
-0.0282745
0.00178528
0.00695801
0.00845337
-0.0225372
-0.0435028
0.000564575
-0.0367432
-0.111771
-0.615952
-0.353638
0.305038
0.407013
0.463684
0.416885
0.189331
-0.458984
-0.393433
0.185898
0.17981
0.0392609
0.0153351
0.098175
-0.0483704
0.0322723
-0.218918
-0.0803528
0.108551
0.157104
0.0540009
-0.0754242
-0.0544128
0.0288696
0.0379791
-0.00248718
-0.0102844
-0.0258026
-0.0339813
0.0426636
0.167862

[18]
0.114227
-0.0902557
-0.278717
-0.501877
-0.572495
0.0536346
-0.40596
-0.631943
-0.495789
-0.24263
-0.0115204
-0.0481873
0.0265961
-0.00131226
0.0354462
0.0591125
-0.0160522
-0.0202484
0.00953674
0.0819092
-0.104248
-0.0166168
0.10878
0.130829
0.163925
-0.00300598
0.0396271
0.478226
0.410034
0.206207
0.303711
0.255554
-0.570877
-0.169662
0.0603333
0.121185
-0.0397491
0.0318909
0.0555573
-0.0685577
0.0166626
-0.134048
-0.0513763
0.0759735
0.0939331
0.0101013
-0.0493317
0.00740051
0.0788574
0.0640259

[19]
0.0284424
-0.0233917
-0.015152
0.0346832
0.0167389
0.074234
0.0885315
-0.113708
-0.230835
-0.794662
-0.251984
-0.169922
-0.54657
-0.819977
-0.348999
-0.21965
0.148651
0.0216522
-0.0482788
0.00306702
0.0083313
0.00184631
-0.0326538
-0.0326385
-0.045517
-0.0243225
-0.0305176
-0.00749207
-0.187714
-0.207214
-0.4077
-0.29126
0.183624
0.545746
0.488739
0.717468
0.499069
-0.465393
-0.123672
-0.0926208
0.0365295
0.0216217
0.0852203
0.105087
-0.00315857
0.0231628
-0.275513
-0.0614624
0.0827484
0.129517

[20]
0.0575104
-0.0226288
0.0297852
0.0792389
0.069931
0.0333405
-0.00758362
0.024765
0.0291748
-0.0534973
0.057663
0.0574799
-0.0203857
-0.1689
-0.423096
-0.431854
0.0616302
-0.452469
-0.69194
-0.646118
-0.329269
-0.159393
0.11879
0.0775146
-0.0454254
-0.000701904
0.0231781
-0.00770569
-0.0100403
-0.036438
0.00762939
0.103546
0.0554504
0.125015
0.101181
0.0243988
-0.162796
0.0144196
0.188461
0.173065
0.15715
0.501099
0.0500488
-0.508865
-0.0282745
-0.0285797
0.0609131
-0.0875854
0.0879822
0.00730896

[21]
0.0728149
-0.053299
-0.0269318
0.0527344
0.0469208
0.0703888
-0.0552521
-0.0136719
0.0488892
0.0455475
0.0465851
-0.00119019
0.00656128
0.0368805
0.141144
0.0677338
0.0737305
0.0583191
-0.118408
-0.205521
-0.530807
-0.261734
0.0451508
-0.420609
-0.902252
-0.392014
-0.167984
0.0706329
-0.0252686
-0.0276642
-0.0098877
-0.0119934
-0.0373535
-0.0817413
-0.10463
-0.0726013
-0.0859833
-0.0301208
-0.0456696
0.0326385
-0.00190735
0.15094
-0.0845337
-0.0149994
0.718216
0.497498
0.126511
0.520309
-0.103516
-0.0732269

[22]
-0.040863
0.148422
0.0903778
-0.0155182
-0.0112762
0.015213
0.0353088
-0.0965271
-0.11322
0.00263977
0.0923767
0.071991
-0.00106812
0.0210724
0.0572357
0.085083
0.0809174
0.036972
0.0189056
0.0582275
0.0543823
-0.0248566
0.0258636
0.151978
0.0907135
-0.125275
-0.584595
-0.450195
0.0305481
-0.372635
-0.883698
-0.625412
-0.195374
-0.171402
0.00506592
-0.0281982
-0.0717316
-0.108093
-0.0425873
-0.0396118
-0.112534
-0.146652
-0.107864
-0.0985107
-0.0872345
0.00949097
0.0513763
0.0860443
-0.221024
-0.381134

[23]
0.512268
1.24506
0.0990753
0.42244
-0.334778
0.182999
-0.0946045
0.144211
-0.0671234
0.0321198
0.0584412
0.0421906
-0.238358
-0.072113
0.0159912
0.12294
0.0816956
-0.0258179
0.014389
0.0933228
0.118118
0.0808258
0.0583649
0.0874939
0.0508728
0.0628815
-0.0367126
-0.00473022
0.149216
0.13623
-0.243164
-0.801056
-0.0930481
-0.0246429
-0.53212
-0.522614
-0.471527
-0.127823
0.175919
0.0310974
-0.136002
-0.0963898
-0.070282
0.0206757
-0.00984192
-0.0583496
-0.0444489
-0.0463867
-0.0085907
0.0643158

[24]
0.0756836
0.0691681
0.134064
-0.194199
0.267807
1.15884
-0.159515
0.362488
0.00221252
-0.156219
0.0245514
0.195541
0.150253
0.000793457
0.0122833
-0.0410004
-0.0282135
-0.131302
-0.0412903
0.0241089
0.0895233
0.0603333
0.0233002
0.0562286
0.102798
0.0796814
0.0660248
0.0689392
0.0537109
0.103088
0.0176239
-0.0357666
0.0913849
0.0888824
0.0536499
-0.254562
-0.740631
0.0576935
-0.376785
-0.695084
-0.486618
-0.189026
-0.103226
-0.0830078
-0.00224304
0.0131683
0.0741425
0.0562134
-0.0193329
-0.102173

[25]
-0.0874939
-0.0964966
-0.0602112
-0.0151978
-0.0098877
0.012146
-0.161255
-0.428726
0.0365295
0.598251
0.898087
0.380127
0.374832
-0.117584
-0.348221
0.0870209
0.0374908
0.0245056
0.0247192
0.107071
0.0681458
0.0657959
-0.166199
-0.0674591
-0.0113525
0.123444
0.0883484
-0.0336151
0.0322723
0.0915985
0.0774384
0.108505
0.02388
0.0592957
0.0487518
-0.00946045
-0.0295715
0.11618
0.0603333
-0.116745
-0.383591
-0.442596
0.147476
-0.429718
-0.896042
-0.598145
-0.218765
-0.0366669
-0.0162201
0.030899

[26]
0.000427246
0.0381622
0.0672607
-0.0218201
-0.0703583
-0.0792236
-0.0130005
0.0696411
0.112411
0.19754
0.0602722
0.065033
-0.437439
0.249893
0.427567
0.0522003
0.16507
0.300873
0.0646667
0.349167
-0.102829
-0.0414124
0.00827026
-0.0882568
-0.0119629
-0.0736542
-0.0918732
-0.0155487
0.0242462
0.0833435
0.0669556
0.0455475
0.0623627
0.0695953
0.0626984
0.0534515
0.0183868
0.0120544
0.0631866
0.101715
0.0596313
0.0398254
0.10318
0.0943298
-0.130188
-0.635452
-0.229309
0.084671
-0.309875
-1.01039

[27]
-0.844925
-0.323029
-0.153961
0.172928
-0.058548
-0.0848999
-0.0823517
-0.0433044
-0.0731812
-0.183365
-0.234802
-0.182419
-0.158386
-0.243118
-0.174179
-0.127441
-0.228897
-0.418045
-0.206558
0.61496
0.698563
0.95369
0.532867
0.229919
-0.385483
-0.0919189
-0.0990906
0.0246735
0.0421906
0.0906372
0.0977478
0.0294037
-0.0739594
-0.192093
-0.0739441
0.129013
0.17337
0.0944061
-0.0307312
0.0125427
0.0636749
0.0861359
0.0539856
-0.00544739
0.0266724
-0.0326233
0.0901947
0.197784
0.00706482
-0.115326

