[1]
-0.0164337
-0.039566
-0.0143433
-0.00521851
-0.0304718
-0.0170441
-0.0313873
-0.0903778
-0.107452
-0.145279
-0.229462
-0.228058
-0.33905
-0.482803
-0.709671
-1.01218
-1.10535
-0.776016
-0.852997
-0.493469
-0.266312
0.279007
0.192032
0.296936
0.485336
0.58815
0.531006
0.505081
0.470001
0.449844
0.386261
0.198669
-0.00315857
-0.190231
-0.438599
-0.645569
-0.789886
-0.877975
-0.83252
-0.690948
-0.393005
-0.224197
-0.0249634
-0.209106
-0.0650024
-0.223495
-0.176636
-0.449432
-0.362518
-0.141861

[2]
-0.131058
-0.112289
0.0102234
-0.0819397
-0.106506
-0.0743256
-0.00579834
0.0058136
0.0106812
0.014328
0.0468292
0.00535583
0.0146484
0.0394135
-0.00088501
-0.0124817
0.00970459
0.0290375
0.00535583
-0.0270844
-0.0425873
-0.0537262
0.025589
0.0590057
-0.128601
-0.183365
-0.181351
-0.272186
-0.372131
-0.509598
-0.788513
-1.09608
-0.781509
-0.779144
-0.671356
-0.551086
-0.0684509
0.433655
0.0939026
0.357819
0.45256
0.460175
0.570877
0.515564
0.464691
0.424988
0.36409
0.198547
-0.0147247
-0.215652

[3]
-0.477615
-0.735519
-0.930374
-0.836273
-0.676285
-0.631653
-0.45961
-0.161957
-0.127533
-0.206329
-0.311584
-0.26033
-0.347763
-0.28183
-0.0189209
-0.115265
-0.039032
-0.0235901
-0.064682
-0.0816498
-0.0664368
0.0276642
-0.00949097
-0.00402832
-0.050827
-0.0409851
0.016922
0.0128021
0.000732422
-0.0163269
-0.0242004
-0.0124664
0.00570679
-0.0257721
-0.0559082
-0.0929413
-0.12793
-0.119888
-0.154053
-0.174591
-0.231628
-0.324722
-0.48967
-0.796951
-1.10616
-0.802139
-0.733032
-0.641235
-0.560501
-0.158447

[4]
0.18927
0.170792
0.393387
0.426788
0.527451
0.556763
0.497864
0.428528
0.429642
0.357483
0.165253
-0.0595703
-0.209702
-0.419495
-0.601501
-0.730499
-0.838638
-0.899612
-0.811249
-0.443115
-0.0762482
-0.256409
-0.0435944
-0.234375
-0.238251
-0.32457
-0.325714
-0.100082
-0.113785
-0.192322
-0.0174713
-0.00668335
-0.163345
-0.0794525
0.0218048
0.00709534
0.0295715
-0.0126953
0.00582886
0.0080719
0.0334625
0.0458374
0.00102234
-0.0250702
-0.0131836
0.00662231
-0.00756836
-0.0319061
-0.05159
-0.0712128

[5]
-0.131729
-0.139282
-0.191437
-0.224915
-0.290726
-0.400253
-0.623535
-0.953247
-1.10199
-0.715302
-0.734772
-0.575546
-0.363693
0.219666
0.227036
0.190659
0.410507
0.45697
0.55899
0.553757
0.491974
0.403519
0.345825
0.273056
0.104126
-0.0839081
-0.310287
-0.535172
-0.745361
-0.881027
-0.80719
-0.673691
-0.47345
-0.215286
-0.124802
-0.152542
-0.447617
-0.163422
-0.505615
-0.291275
-0.0198364
-0.13028
-0.0561523
-0.0495758
-0.0761108
-0.118896
-0.00984192
0.0117493
-0.0297394
-0.0477905

[6]
-0.0218353
0.00183105
0.0286713
-0.00244141
0.00497437
-0.00585938
0.0182343
-0.00958252
-0.00405884
-0.00326538
-0.0191193
-0.092392
-0.0989685
-0.12027
-0.0943451
-0.134705
-0.181702
-0.248962
-0.344131
-0.580597
-0.89856
-1.01683
-0.654816
-0.797867
-0.527679
-0.480148
0.0359802
0.327606
0.212875
0.392578
0.465897
0.597122
0.660095
0.570404
0.459518
0.373947
0.303665
0.23259
0.048584
-0.120224
-0.329895
-0.552826
-0.672989
-0.708282
-0.604935
-0.416031
-0.37027
-0.222809
-0.297913
-0.192001

[7]
-0.503601
-0.246353
-0.473129
-0.288193
-0.0424347
-0.0815735
-0.103348
-0.0455933
-0.00256348
-0.101501
-0.0151825
0.0181732
-0.00350952
0.0059967
-0.0325775
0.00982666
0.00688171
0.00222778
-0.0142365
0.000869751
0.0338593
-0.0231323
-0.0187073
-0.00253296
-0.0171204
-0.0675812
-0.0933533
-0.0830231
-0.101501
-0.136719
-0.1866
-0.252182
-0.322556
-0.501572
-0.801315
-1.08734
-0.7388
-0.790024
-0.529221
-0.408005
-0.0367126
0.26445
0.25882
0.460037
0.447693
0.563385
0.552261
0.489639
0.37384
0.34668

[8]
0.229782
0.0237122
-0.217194
-0.427246
-0.629196
-0.773743
-0.711853
-0.600586
-0.60968
-0.4664
-0.23645
-0.0695801
-0.0947418
0.0317841
-0.170868
-0.331375
-0.331223
-0.426941
-0.213409
-0.103516
-0.00900269
-0.0800018
0.0141754
0.00894165
-0.0628204
-0.00578308
0.0116272
0.0191956
-0.00827026
-0.00421143
-0.0132446
-0.00619507
0.00224304
-0.000335693
0.0210724
0.0356903
0.00816345
-0.013916
-0.0261078
-0.0263519
-0.052002
-0.0903473
-0.152252
-0.158463
-0.171265
-0.143814
-0.229294
-0.387268
-0.66658
-1.02199

[9]
-1.05156
-0.870056
-0.83873
-0.442886
-0.304092
0.221725
0.138275
0.211212
0.326767
0.459305
0.526138
0.452728
0.391205
0.384552
0.31041
0.0969391
-0.137543
-0.286194
-0.50119
-0.623352
-0.683243
-0.670746
-0.533676
-0.378616
-0.207031
-0.137619
-0.0547943
-0.0464325
-0.286407
-0.351089
-0.158646
-0.236603
-0.0914612
0.0225677
-0.0664062
-0.166031
-0.0634766
-0.0419006
-0.0657349
0.031723
-0.00706482
-0.0266418
-0.0662384
-0.0590057
-0.0153656
0.0114288
-0.0163116
-0.0128326
-0.0292969
-0.0158539

[10]
-0.0280304
-0.0336151
-0.0693512
-0.0963898
-0.0988617
-0.10553
-0.152802
-0.201263
-0.217834
-0.304001
-0.475037
-0.705673
-1.03056
-1.04994
-0.886765
-0.870667
-0.530457
-0.359619
0.202332
0.139862
0.192978
0.332291
0.43013
0.545364
0.483688
0.437668
0.364136
0.357727
0.178848
-0.00375366
-0.165039
-0.440582
-0.682404
-0.741699
-0.645126
-0.600784
-0.521637
-0.396576
-0.207886
-0.100479
-0.0251312
-0.311386
-0.296692
-0.43837
-0.327682
-0.0974731
-0.118118
0.00871277
-0.0370331
0.0343475

[11]
-0.0547485
-0.0677338
0.0149384
-0.0193787
-0.00996399
-0.0254211
-0.0223541
0.0250702
0.0167999
-0.00650024
-0.0278473
-0.0516357
-0.0373383
-0.0142059
0.00473022
-0.0624695
-0.0804901
-0.0969086
-0.10791
-0.110458
-0.183533
-0.175873
-0.250366
-0.334839
-0.452957
-0.648712
-0.908813
-0.943405
-0.723022
-0.710861
-0.505844
-0.325363
0.240707
0.110031
0.249054
0.46376
0.425674
0.498566
0.466217
0.399948
0.351822
0.307678
0.144608
-0.0319672
-0.207642
-0.39946
-0.588196
-0.754456
-0.820343
-0.722946

[12]
-0.556107
-0.321457
-0.159561
-0.0731506
-0.00540161
-0.066391
-0.2202
-0.240845
-0.412903
-0.391129
-0.110596
-0.173828
-0.0419617
-0.00535583
-0.0724792
-0.103912
-0.0482635
0.0260925
-0.0136261
-0.004776
-0.021637
-0.0220337
0.000595093
-0.00765991
-0.000656128
-0.0288849
-0.0162048
-0.0111389
-0.0404663
-0.0337982
-0.0630798
-0.0795898
-0.106659
-0.0923767
-0.0834198
-0.145386
-0.183151
-0.221527
-0.303635
-0.424911
-0.767792
-1.09541
-0.748032
-0.858826
-0.742249
-0.628082
-0.236664
0.377716
0.12204
0.366394

[13]
0.457245
0.507385
0.55365
0.470963
0.414078
0.39183
0.342911
0.17598
-0.0201263
-0.23259
-0.480148
-0.684448
-0.789032
-0.721985
-0.582138
-0.395554
-0.185196
-0.11879
-0.0449982
-0.0558472
-0.345398
-0.34642
-0.359497
-0.28064
-0.0289154
0.00674438
-0.0104828
-0.0366669
-0.0597992
-0.121033
-0.0153198
0.0139618
-0.00108337
-0.0581665
-0.0872192
-0.0249023
0.0109558
0.00474548
0.00663757
-0.0144653
-0.0336609
-0.0379333
-0.0246582
-0.0460052
-0.0835724
-0.0769196
-0.123444
-0.122589
-0.128052
-0.139465

[14]
-0.204361
-0.223602
-0.296402
-0.421906
-0.652634
-1.02567
-1.1331
-0.700363
-0.780502
-0.523209
-0.260117
0.406494
0.142975
0.292358
0.372086
0.380203
0.460846
0.435928
0.395416
0.352554
0.29776
0.176743
0.0222015
-0.138474
-0.370407
-0.507446
-0.652222
-0.762375
-0.799118
-0.625015
-0.332611
-0.131836
0.0300903
-0.168747
-0.144455
-0.189331
-0.100662
-0.398544
-0.234055
-0.0987549
-0.0913086
-0.105759
-0.0322418
-0.03508
-0.0993195
-0.0183868
0.0335236
0.00643921
0.0104065
-0.0102692

[15]
0.0265045
0.0340118
0.0293121
0.00431824
-0.00440979
-0.0185242
-0.075592
-0.0731201
-0.0409546
-0.0598297
-0.0895081
-0.10553
-0.101898
-0.157181
-0.155396
-0.188019
-0.258926
-0.378647
-0.63031
-0.999847
-1.01376
-0.702652
-0.783447
-0.514236
-0.376221
0.0694275
0.152328
0.236435
0.437851
0.44838
0.541016
0.521286
0.439346
0.392853
0.34639
0.260376
0.160553
-0.0835876
-0.330276
-0.548218
-0.732407
-0.784149
-0.735489
-0.655914
-0.512543
-0.242355
0.00950623
-0.130615
-0.132065
-0.325195

[16]
-0.232391
-0.408829
-0.269379
-0.0146027
-0.0388947
-0.0723114
-0.0346375
0.0104828
-0.0878754
-0.0762939
-0.00213623
0.0303192
0.00639343
-0.00733948
-0.0338593
0.0146179
0.0146942
0.0244293
-0.0314941
-0.0133362
0.00154114
0.00389099
-0.0101624
-0.0410614
-0.0735626
-0.101669
-0.105316
-0.098526
-0.143478
-0.159683
-0.191849
-0.256485
-0.354034
-0.611725
-0.861191
-0.941452
-0.779053
-0.807907
-0.400406
-0.336792
-0.0636139
0.383163
0.183487
0.227997
0.294693
0.438339
0.524521
0.511398
0.465637
0.377319

[17]
0.330368
0.139694
-0.11084
-0.36235
-0.648788
-0.823868
-0.863663
-0.687378
-0.614578
-0.435516
-0.207382
-0.158112
-0.18219
-0.0443573
-0.227982
-0.091156
-0.406509
-0.259995
-0.227402
-0.00653076
-0.102112
-0.00279236
-0.0382538
-0.0362701
0.0228729
0.00450134
0.00968933
0.0043335
0.0354767
0.0281525
-0.00875854
-0.00694275
-0.00408936
-0.0186768
-0.024765
-0.0154877
-0.00769043
-0.0410461
-0.0432281
-0.0662079
-0.0743866
-0.126724
-0.132294
-0.172729
-0.214401
-0.26001
-0.413788
-0.635239
-0.946609
-0.98616

[18]
-0.577179
-0.625717
-0.446075
-0.260818
0.207672
0.213745
0.240662
0.423599
0.414047
0.497467
0.54007
0.478821
0.39238
0.309219
0.226242
0.0848389
-0.138168
-0.377441
-0.609177
-0.707397
-0.834702
-0.712692
-0.565338
-0.357925
-0.163284
-0.145844
-0.0124207
-0.163986
-0.380142
-0.291794
-0.361603
-0.275269
-0.0729523
-0.02211
0.00341797
0.0469208
0.00869751
-0.0435486
-0.00175476
0.0373383
-0.00511169
-0.0247498
-0.0343018
-0.0263062
-0.00895691
-0.000488281
-0.00158691
-0.0188599
-0.0150757
0.00294495

[19]
-0.0258026
-0.0284729
-0.0514832
-0.0684814
-0.0760651
-0.0810852
-0.127838
-0.140656
-0.221573
-0.250687
-0.301651
-0.454742
-0.745316
-1.00667
-0.844711
-0.823624
-0.822327
-0.42514
-0.262466
0.127213
0.14473
0.268936
0.465607
0.460236
0.577942
0.533783
0.501602
0.447174
0.345688
0.196686
-0.0618744
-0.33197
-0.552704
-0.774368
-0.870453
-0.738159
-0.56308
-0.401245
-0.272049
-0.118927
-0.0664673
0.0202484
-0.274307
-0.276337
-0.513626
-0.448151
-0.108536
-0.228134
-0.13562
-0.0224609

[20]
-0.0783691
-0.0386505
-0.00852966
-0.015152
0.0045166
-0.000244141
0.0100403
0.030426
0.0434875
0.0110931
0.00630188
-0.0102234
-0.0177917
-0.00946045
-0.0211334
-0.0391235
-0.0513306
-0.0561981
-0.104233
-0.0958862
-0.1138
-0.162766
-0.188599
-0.278122
-0.42514
-0.691315
-0.980362
-0.975098
-0.804855
-0.73732
-0.514343
-0.296707
0.338577
0.0239868
0.396652
0.415894
0.530579
0.540833
0.505432
0.479263
0.415375
0.315567
0.137955
-0.00132751
-0.161621
-0.353226
-0.526672
-0.674576
-0.737152
-0.69696

[21]
-0.602173
-0.443604
-0.254288
-0.164688
-0.190063
-0.472183
-0.325134
-0.406311
-0.161072
0.0642548
-0.0823975
0.0185394
-0.0837555
-0.133133
-0.0839233
-0.0165863
-0.0244904
-0.0134277
0.0136261
0.00297546
0.00679016
0.0406799
0.0144958
-0.00956726
-0.00802612
-0.0132751
-0.0145569
-0.0440979
-0.0517578
-0.0861206
-0.0807953
-0.093277
-0.128708
-0.230423
-0.25412
-0.369263
-0.462189
-0.627197
-0.921097
-1.09811
-0.771149
-0.790436
-0.450806
-0.19986
0.447815
0.152283
0.317245
0.400848
0.488785
0.483292

[22]
0.430359
0.371231
0.350922
0.2621
0.0727844
-0.0979767
-0.270004
-0.505875
-0.650482
-0.807709
-0.857559
-0.655182
-0.459442
-0.221497
-0.0835571
-0.0580139
-0.247421
-0.36293
-0.403198
-0.402206
-0.149185
-0.0736389
-0.0134277
-0.0189819
-0.0215912
-0.0828247
-0.0691986
-0.0194702
0.00236511
0.011795
0.0123291
0.0057373
-0.0078125
-0.0200653
-0.0035553
-0.0140533
-0.0139771
-0.00979614
-0.0203857
-0.0479279
-0.0647125
-0.0402222
-0.0752869
-0.117844
-0.159302
-0.182465
-0.196442
-0.247604
-0.357651
-0.529785

[23]
-0.766281
-0.958466
-0.7285
-0.8302
-0.644363
-0.467422
-0.0908661
0.156647
0.231506
0.445633
0.448059
0.53125
0.522507
0.500671
0.457703
0.365433
0.235519
0.0615387
-0.146439
-0.420685
-0.657516
-0.844727
-0.841904
-0.645798
-0.535614
-0.385818
-0.188293
-0.177353
-0.0817871
-0.162369
-0.168488
-0.325104
-0.619385
-0.281311
-0.0311584
-0.161926
-0.0256348
-0.00881958
-0.0273285
-0.0465851
0.00422668
-0.0243683
-0.0144806
-0.000549316
0.0110931
-0.00369263
-0.00505066
-0.0214081
-0.0128174
0.006073

[24]
-0.030426
-0.0291595
-0.033783
-0.0544891
-0.0589447
-0.128311
-0.0766907
-0.0887299
-0.122269
-0.158417
-0.195709
-0.322067
-0.499207
-0.876358
-1.02042
-0.756302
-0.870102
-0.569595
-0.417557
-0.0677643
0.196686
0.243332
0.383621
0.444595
0.534653
0.513245
0.477493
0.406052
0.365143
0.244415
0.0853271
-0.126419
-0.3927
-0.562317
-0.707291
-0.752762
-0.644989
-0.488602
-0.321075
-0.195999
-0.124527
-0.130234
-0.0194855
-0.262848
-0.293442
-0.338211
-0.369888
-0.0239563
0.101395
-0.0585632

[25]
-0.019989
-0.117111
-0.148468
-0.0562897
0.0325012
0.0126038
0.0131378
0.0050354
-0.011322
0.0238647
0.0447998
0.0102844
-0.0258179
-0.0452423
-0.0128479
-0.0035553
-0.0487061
-0.087326
-0.0982819
-0.0767059
-0.0861511
-0.116989
-0.138611
-0.184525
-0.236038
-0.347488
-0.498199
-0.720978
-1.03026
-0.947769
-0.92984
-0.632416
-0.436188
-0.158096
0.455231
0.077179
0.328079
0.436935
0.541031
0.535843
0.464249
0.405869
0.375916
0.263123
0.0397186
-0.174194
-0.351746
-0.494598
-0.622253
-0.714935

[26]
-0.635757
-0.571411
-0.455933
-0.26207
-0.121231
-0.10994
0.026535
-0.134216
-0.345032
-0.385315
-0.415054
-0.232437
-0.155502
0.0400085
-0.0314484
0.0422668
-0.0730743
-0.0628815
0.027771
0.0384064
0.0253448
-0.0198822
-0.00509644
-0.00221252
0.0229492
0.0662994
0.0504456
0.00463867
-0.0102692
-0.0067749
-0.0280457
-0.0471191
-0.0171356
-0.00543213
-0.115631
-0.17099
-0.181396
-0.189423
-0.212814
-0.242065
-0.315292
-0.468475
-0.813507
-0.924057
-0.762955
-0.896271
-0.500961
-0.366241
-0.0972443
0.419357

[27]
0.208313
0.291153
0.369171
0.391724
0.50267
0.455032
0.418503
0.347519
0.276108
0.136856
-0.0815125
-0.291748
-0.557663
-0.836319
-1.00659
-0.93486
-0.68985
-0.411057
-0.297043
0.0911102
-0.204697
-0.0170746
-0.135971
-0.277237
-0.350677
-0.430359
-0.111084
-0.0733032
-0.099411
0.0231628
-0.0614624
-0.0775146
-0.0631714
-0.00701904
-0.00515747
0.035965
0.0262146
0.0284424
0.0275879
0.0242767
0.0221558
0.0182495
-0.00994873
-0.0606079
-0.0378113
-0.0331421
-0.0539398
-0.0737915
-0.0788269
-0.107864

[28]
-0.121017
-0.160126
-0.186142
-0.200729
-0.282944
-0.368011
-0.635849
-0.887436
-0.810593
-0.86821
-0.752167
-0.434006
-0.280457
0.0626526
0.167526
0.231674
0.450241
0.418961
0.544144
0.529266
0.462494
0.389389
0.363602
0.249786
0.0739594
-0.165375
-0.353592
-0.547348
-0.668869
-0.723434
-0.578674
-0.476364
-0.326126
-0.207367
-0.110458
-0.0505219
-0.172241
-0.0535736
-0.309769
-0.180527
-0.551605
-0.292877
-0.0451508
-0.139618
-0.0457153
-0.0145416
-0.0452271
-0.0594177
0.020813
0.00843811

[29]
0.0140228
0.0244751
0.00392151
-0.0132904
-0.0537109
-0.0318298
-0.0329742
-0.0314789
-0.0354919
-0.0315094
-0.0426483
-0.0808411
-0.0848083
-0.0701141
-0.142365
-0.179398
-0.198685
-0.241211
-0.296829
-0.361618
-0.512741
-0.861343
-1.13533
-0.777573
-0.920898
-0.642563
-0.567368
-0.221512
0.284302
0.0357666
0.341522
0.43396
0.482803
0.531113
0.47908
0.425339
0.374878
0.285095
0.0921631
-0.102264
-0.247711
-0.446854
-0.604568
-0.645142
-0.573441
-0.492416
-0.366684
-0.213531
-0.110748
-0.0481567

[30]
-0.0105133
-0.140381
-0.299271
-0.522095
-0.288971
-0.147339
-0.0937195
0.0204773
-0.00526428
-0.0259094
-0.0983276
-0.0509796
0.0052948
-0.0127716
-0.00340271
-0.0427246
-0.0207977
0.0251617
0.0072937
-0.00201416
-0.0122986
-0.0141602
0.00845337
-0.000564575
-0.0409546
-0.0482178
-0.0960541
-0.130386
-0.142731
-0.210068
-0.251022
-0.258896
-0.334213
-0.423691
-0.675583
-1.01508
-0.974869
-0.924393
-0.83226
-0.549286
-0.375641
0.284332
0.02771
0.324295
0.36084
0.403442
0.471375
0.42189
0.358002
0.338318

[31]
0.294571
0.170242
0.0689087
-0.0800934
-0.271286
-0.449005
-0.517593
-0.65448
-0.636368
-0.518112
-0.370865
-0.22789
-0.133942
-0.0533295
0.0941467
-0.263611
-0.139313
-0.392166
-0.342545
-0.0723114
-0.1241
-0.0467529
-0.01828
-0.0351715
-0.113922
-0.0439148
-0.00616455
-0.0566864
-0.0699463
-0.0540314
-0.0107727
-0.00622559
-0.0240936
-0.02005
-0.040863
-0.0546722
-0.0683441
-0.0578003
-0.0604553
-0.0839996
-0.15535
-0.137543
-0.197067
-0.218491
-0.21228
-0.286896
-0.398773
-0.591278
-0.894943
-1.14221

[32]
-0.87674
-0.83284
-0.570618
-0.395813
-0.00259399
0.0698242
0.137955
0.328323
0.398376
0.518936
0.503403
0.479065
0.406372
0.379288
0.244186
0.0423889
-0.106583
-0.251785
-0.489548
-0.599335
-0.692871
-0.748611
-0.700348
-0.500366
-0.198227
-0.113541
0.00405884
-0.235229
-0.293762
-0.592987
-0.30336
-0.160995
-0.0888519
-0.0906982
0.0196533
-0.0919342
-0.0597992
0.0317383
0.0746613
9.15527e-05
-0.0175323
-0.0207672
0.0131378
-0.000457764
0.00721741
0.0153503
0.00692749
-0.00778198
-0.00958252
0.0122528

[33]
-0.00187683
-0.0502625
-0.0743866
-0.0735474
-0.125107
-0.156128
-0.199356
-0.246246
-0.316223
-0.414505
-0.672745
-0.895523
-0.894882
-0.807556
-0.841446
-0.533279
-0.403687
0.0776672
0.0923767
0.267151
0.408279
0.425446
0.55423
0.550964
0.555435
0.469101
0.395859
0.283035
0.0247955
-0.156143
-0.353317
-0.507767
-0.685577
-0.757248
-0.692307
-0.603378
-0.375122
-0.199631
-0.206238
-0.159088
-0.184677
-0.1091
-0.461823
-0.249207
-0.0691833
-0.187332
-0.138641
-0.0606842
-0.0788269
-0.0460815

[34]
-0.0141754
-0.0132446
-0.00578308
0.021698
0.0109253
0.0245819
0.0518188
0.0167847
0.0214386
0.00543213
-0.020874
0.00289917
0.0098877
0.00305176
-0.041153
-0.0844727
-0.104919
-0.154846
-0.11998
-0.205246
-0.241959
-0.334991
-0.494354
-0.777237
-0.985062
-0.621948
-0.808044
-0.591919
-0.402466
-0.191437
0.402298
0.212311
0.362366
0.473877
0.497986
0.577133
0.542786
0.492233
0.411316
0.318253
0.182175
0.00112915
-0.197876
-0.418839
-0.542725
-0.681488
-0.696289
-0.602997
-0.521423
-0.30809

[35]
-0.168564
-0.175491
0.0396729
-0.184723
-0.375885
-0.48761
-0.1604
-0.11467
-0.0444489
-0.0932159
0.00582886
-0.087677
-0.0437164
0.00115967
0.00152588
-0.0101929
-0.00706482
-0.00233459
-1.52588e-05
0.00709534
-0.00482178
-0.0274353
-0.0203857
-0.0474701
-0.043869
-0.0417175
-0.0482635
-0.0791626
-0.0745239
-0.0818176
-0.0999146
-0.196457
-0.207306
-0.302902
-0.431641
-0.751068
-1.12596
-1.02904
-1.05533
-0.824997
-0.395508
-0.224579
0.287186
0.210815
0.324066
0.410568
0.489059
0.575623
0.532639
0.464584

