[1]
0.0332184
0.0332184
0.0719299
-0.0627747
-0.206482
-0.139618
-0.190414
-0.539108
-0.250763
-0.150894
-0.330368
-0.568954
-0.299301
-0.0817413
0.071701
-0.0529175
-0.139328
-0.0338898
0.0783234
0.114166
0.003479
-0.0166779
-0.0480347
0.220062
0.0787201
0.0102539
0.0428009
0.0820312
0.032074
0.143768
0.356262
0.610977
0.744751
0.58577
0.532639
0.571777
0.632538
0.297516
0.0974121
-0.209579
-0.625839
0.0193329
0.137985
0.0748444
0.233444
0.0622406
-0.134476
-0.203156
-0.0951691
0.205994

[2]
0.148911
-0.10083
-0.300583
-0.0949554
0.0962219
0.132248
0.145554
0.0759277
-0.0122833
-0.0952911
-0.126877
0.0331268
0.133438
0.064682
0.0128021
-0.0510101
0.00141907
0.0505524
0.0484161
0.0185242
-0.00959778
0.0324097
0.0199432
0.0265198
0.00727844
0.0230713
0.00198364
-0.043335
-0.0570068
-0.105637
-0.0997772
-0.268417
-0.524323
0.0185394
-0.0184937
-0.513382
-0.552139
-0.451263
-0.21225
-0.0279999
-0.0533295
-0.123383
-0.0986023
-0.0163727
0.0186462
-0.0238342
-0.0851593
-0.0444183
0.0275726
0.133377

[3]
0.272003
0.0812225
-0.168381
-0.224335
-0.239685
-0.190445
0.472015
0.33757
0.397354
0.366989
0.591919
0.0578156
0.110291
-0.420715
-0.0987549
0.0393829
0.127701
0.0485535
0.0888519
0.0509186
-0.0419464
-0.239273
-0.0205536
0.151825
0.132965
-0.0112762
-0.0248718
0.0540771
0.0539551
0.0396881
0.00514221
0.0210724
0.0307922
0.0706024
0.0341949
0.0448456
0.0223846
0.00976562
-0.0205841
-0.0524139
-0.092514
-0.136322
-0.456985
-0.447662
0.0935364
-0.367371
-0.466187
-0.567612
-0.300079
-0.415024

[4]
0.186813
0.0055542
-0.129227
0.010849
0.0824127
0.073288
-0.0045929
-0.0187073
-0.00254822
0.0379791
0.0305786
0.0075531
-0.0101318
0.0658112
0.099884
-0.0262146
-0.210693
-0.340225
-0.343948
-0.400024
-0.220886
0.133606
-0.216019
-0.170807
-0.671051
-0.282471
-0.141251
0.102814
0.0162964
-0.0881653
-0.143448
-0.0169678
0.0104675
-0.0841827
-0.0919647
-0.0703583
-0.0177002
0.0413666
0.15419
0.0982208
0.146286
0.28688
0.50267
0.705231
0.771576
0.561829
0.30928
0.00827026
0.382767
0.19162

[5]
-0.155228
-0.063858
-0.0948639
-0.141464
-0.0979156
-0.0134583
-0.0393372
-0.0820465
-0.100311
0.0502014
0.117538
0.0315704
-0.152298
-0.101334
-0.0108032
0.262314
0.659027
0.700272
0.400726
0.490479
0.313049
0.260544
-0.0176239
-0.375443
-0.0926666
0.120438
0.129593
0.118439
0.138275
-0.0055542
-0.079361
-0.154449
0.00567627
0.166946
0.130173
-0.0423126
-0.0601807
0.039566
0.0552826
0.0662842
0.0403595
0.0350037
0.0421295
0.0120544
0.0186005
0.0176239
-0.0368958
-0.00765991
-0.0192261
-0.0613861

[6]
-0.107437
-0.0672607
-0.362137
-0.597275
0.00762939
-0.387192
-0.494415
-0.581436
-0.353943
-0.125687
0.00289917
-0.081192
-0.11525
-0.0563049
0.0345459
0.0392151
-0.0468597
-0.0699158
-0.0134125
-0.0393066
-0.0705414
-0.0147095
-0.0791168
-0.163742
-0.0400085
0.0265198
0.354263
1.0182
0.904037
0.321564
-0.075058
0.702927
0.0573883
0.19342
-0.156006
0.0592804
0.157074
0.0321045
0.0180206
0.0468903
-0.100372
-0.225708
0.0157166
0.134155
0.100464
-0.0304871
-0.0583038
-0.0269928
0.0758209
0.0365601

[7]
0.0258331
0.0381317
0.0440979
0.0110626
0.0274963
0.0562439
-0.00738525
-0.000610352
-0.037262
-0.0996552
-0.142471
-0.275879
-0.375259
-0.567886
0.15242
-0.0801544
-0.146469
-0.537216
-0.414566
-0.218643
-0.264023
0.0184021
-0.057785
-0.108032
-0.0718689
-0.0401917
-0.0528107
-0.116531
-0.137665
-0.150574
-0.0490265
-0.0649567
-0.0942688
-0.0378265
0.130188
0.258789
0.315872
0.656021
0.730103
0.929688
-0.0516968
0.167313
0.362732
-0.0718536
-0.140106
-0.0945435
0.243286
0.0909882
0.02211
0.033493

[8]
-0.00869751
-0.0430298
-0.0865936
0.0795288
0.0754395
0.0195923
-0.0179138
0.0342407
0.060318
0.0775604
0.0435028
-0.0137634
0.0174561
0.0305634
0.0226135
0.0505219
0.0969391
0.053299
0.037323
-0.0236053
-0.06987
-0.124207
-0.151245
-0.403168
-0.593384
-0.0332947
0.125687
-0.319214
-0.609802
-0.403198
-0.072525
-0.207001
-0.0306396
-0.0433655
-0.0745544
-0.0785065
-0.0317688
-0.0444641
-0.0724487
-0.029541
0.0933838
0.0844727
-0.00276184
-0.102585
-0.0542755
-0.101212
-0.138306
0.17334
0.574112
0.550781

[9]
0.453476
0.384048
0.259186
0.431412
-0.203201
-0.360519
-0.321777
0.111588
0.139297
0.147903
0.148117
0.0446625
-0.0963898
-0.18541
-0.0311279
0.157089
0.111832
-0.0395813
-0.0453796
0.0256653
0.0695648
0.0549774
0.0137024
0.00180054
0.0346222
0.0501251
0.0292664
-0.000854492
-0.02211
0.00286865
0.0372467
0.00242615
-0.106735
-0.197617
-0.201736
-0.379013
-0.522949
0.116379
-0.244751
-0.202179
-0.59967
-0.36409
-0.112427
-0.0796814
0.00906372
-0.0156097
-0.0305481
0.0414429
0.0219421
-0.00135803

[10]
-0.0455627
-0.0283203
0.0813446
0.104797
-0.0281525
-0.131546
-0.206482
-0.19133
-0.0514984
0.361237
0.563232
0.443558
0.447189
0.659485
0.263596
0.391495
-0.312958
-0.182526
-0.144806
0.00721741
-0.0391235
0.0948944
0.133286
-0.0205231
-0.132324
-0.176407
-0.0500031
0.0701904
0.0497742
-0.0430756
-0.0777435
-0.00163269
0.02388
0.0145874
0.0108643
-0.00473022
0.0208435
0.0115051
0.021759
-0.00108337
0.00636292
0.0395355
-0.066803
-0.145874
-0.238846
-0.166367
-0.260025
-0.326477
0.169495
-0.381714

[11]
-0.359573
-0.607407
-0.339676
-0.523895
-0.0817871
-0.0426788
-0.066864
-0.0735168
-0.0379639
-0.00679016
-0.0438385
-0.135818
-0.104767
-0.0252228
0.0596771
0.0320129
0.042923
0.0749512
0.222488
0.310349
0.376648
0.804962
0.731293
0.731567
-0.0249634
0.576065
0.010849
-0.00679016
-0.242493
0.0245667
-0.00811768
0.0549164
0.131302
0.0103149
-0.145035
-0.212769
-0.0660248
0.0767517
0.149078
0.0470123
0.061142
0.0198822
0.0507355
0.0560303
0.0487823
0.0556488
0.0218353
0.0358429
-0.00827026
0.0270233

[12]
0.0273438
0.0285645
-0.00132751
-0.156952
-0.183548
-0.252441
-0.773193
0.146606
-0.288574
-0.419205
-0.70314
-0.46521
-0.409821
-0.149918
0.0626373
0.000747681
-0.0594788
-0.0124054
0.0123901
0.06073
-0.00514221
-0.0653229
-0.0110016
0.0526886
0.0508728
-0.0637207
-0.09729
0.0132904
0.232788
0.574677
0.684769
0.498154
0.682541
0.756729
0.530228
-0.0124359
-0.0355682
-0.594696
-0.0911865
0.104889
0.218124
0.283478
0.131561
-0.0774536
-0.22821
-0.0680237
0.193909
0.173141
-0.00723267
-0.00628662

[13]
0.0716248
0.0872345
0.0450897
0.0264893
0.0349426
0.0364532
-0.0126648
0.0466461
0.0202637
-0.00827026
0.0322876
-0.0908966
-0.182495
-0.38092
-0.676117
-0.149796
-0.200256
-0.224197
-0.722122
-0.349213
-0.161331
0.0311279
0.0175781
-0.0845795
-0.105331
-0.0217133
-0.0614624
-0.0370026
-0.0625
-0.064621
-0.0139313
0.10997
0.118881
-0.045578
-0.0255737
0.12233
0.221573
0.64537
1.00398
0.697098
0.394394
0.277237
0.431305
0.400131
0.0468445
-0.191299
-0.0390778
0.0516663
-0.0438995
0.176956

[14]
0.0724335
0.0244751
-0.131912
-0.0834045
0.0653839
0.0638733
-0.00827026
0.00256348
0.0553894
0.0389709
0.0473175
0.0461121
0.0389252
0.062851
0.0751801
0.141098
0.0327148
-0.0956726
0.0292053
0.0469666
-0.0233154
-0.254211
-0.482666
-0.570297
0.205292
-0.337891
-0.302765
-0.71582
-0.212952
-0.388412
-0.0726166
-0.0582886
-0.138275
-0.12027
-0.0917969
-0.0075531
-0.0754395
-0.0942535
-0.0218658
0.0692902
0.0249176
-0.117279
-0.28302
-0.413589
-0.25737
0.149841
0.430786
0.332306
0.360977
0.578461

[15]
0.840775
0.44664
0.388519
-0.241791
-0.309555
-0.336868
0.0476532
0.110275
0.24736
0.0925598
-0.0769806
-0.119812
-0.137238
0.161118
0.183807
0.0101318
-0.0883942
0.0067749
0.0427399
0.0470123
0.0284882
0.0337524
0.0184631
0.0222168
0.0646667
0.0523376
0.0401459
0.0209198
-0.0713196
-0.206528
-0.312027
-0.365982
-0.617371
0.0577698
-0.251877
-0.427444
-0.65242
-0.341217
-0.0119629
0.119217
-0.0992889
-0.134171
-0.0302582
0.0261841
0.0557404
0.0020752
0.0422668
0.025528
0.132904
0.131729

[16]
0.11026
0.14827
0.0947418
0.228882
0.900818
0.919708
0.482376
0.32782
0.232986
0.485779
0.1875
-0.116714
-0.0635376
0.0231628
0.0400543
-0.047348
0.133331
0.0387726
-0.0877075
-0.193207
-0.0615997
0.0859985
0.0852051
-0.0256195
-0.0334625
0.0300598
0.0412445
0.0713043
0.066925
0.0183716
-0.0596008
-0.00323486
0.0474243
-0.00497437
0.0609741
0.0609436
0.00215149
-0.133194
-0.25148
-0.412048
-0.610397
0.0462036
-0.302948
-0.205948
-0.784332
-0.355103
-0.218414
-0.212631
-0.0437012
-0.107803

[17]
-0.112381
-0.0466156
-0.00952148
-0.0100555
-0.0367584
-0.0621796
-0.022934
0.0666809
0.151733
0.205032
0.025589
0.214188
0.541885
0.792511
0.603958
0.401184
0.477402
-0.103622
0.504349
0.235123
0.0775909
-0.130142
0.012085
0.0601349
-0.0566559
-0.0574799
0.048172
0.0811157
-0.104126
-0.00111389
0.0661469
0.0931244
0.0649719
0.0361938
0.0399323
0.0532532
0.0240173
0.0601044
0.00289917
0.0541992
0.0824585
0.0472565
0.0105438
0.0197754
-0.0523224
-0.149963
-0.177734
-0.464005
-0.253082
-0.0881805

[18]
-0.273758
-0.646912
-0.454285
-0.269287
-0.254578
-0.0878296
-0.121155
-0.158051
-0.101471
-0.0231934
-0.0264893
-0.112305
-0.0990601
-0.119568
-0.0244141
0.0593719
-0.0172577
-0.00657654
0.169128
0.380722
0.752655
1.01141
0.657181
0.699066
0.0470886
0.328857
0.48587
0.0134277
-0.243881
-0.00453186
0.0476227
0.0582275
0.0285797
0.0304871
0.0410309
-0.0365601
0.0163879
0.0605164
0.0863647
0.0917816
0.0526276
0.15155
0.129303
0.0976105
0.066452
0.0330048
0.00947571
-0.00062561
0.00401306
0.0207977

[19]
0.101318
0.0110321
-0.0733185
-0.151306
-0.284821
-0.391678
-0.428833
0.201782
-0.455276
-0.418839
-0.872055
-0.353622
-0.149994
-0.062439
-0.0688324
-0.0716553
-0.0919189
0.00939941
-0.0100403
-0.047287
-0.111404
-0.0958405
-0.0929565
0.0430603
0.0574341
-0.0123291
0.0719604
0.133698
0.273865
0.935822
1.04623
0.675354
0.370743
0.742538
0.348328
-0.132538
-0.375702
-0.0498962
0.147537
0.0935822
0.13533
0.17952
0.0392456
-0.0935974
-0.180298
0.0694427
0.17395
0.144104
0.0109406
-0.00509644

[20]
0.107544
0.109116
0.0767059
0.0412598
0.0133972
0.0145264
0.0524597
0.0431366
0.0755615
0.0866699
-0.00558472
-0.148499
-0.254639
-0.59343
-0.35759
-0.143265
-0.374023
-0.727051
-0.420502
-0.0534821
-0.0837402
-0.0495758
-0.090271
-0.0860291
-0.0510864
-0.0187378
0.0317841
0.00627136
0.012085
-0.0118713
0.116272
0.243469
0.192566
0.252762
-0.00302124
-0.226257
0.237244
1.06435
0.640472
0.19548
0.303116
0.787582
-0.170547
0.199142
-0.473282
-0.096283
0.0791931
0.142731
0.108826
0.067276

[21]
-0.00515747
-0.144638
-0.00891113
0.138
0.122528
-0.00372314
-0.0621796
0.0415497
0.0611572
0.0418243
0.0327454
0.0390167
0.00723267
-0.0254211
-0.0055542
0.103073
0.106216
0.0235901
-0.108582
-0.308319
-0.387711
-0.528702
-0.593521
-0.183151
-0.324142
-0.356644
-0.875687
-0.163589
0.125473
0.241531
-0.213135
-0.188583
-0.101105
0.00190735
-0.055069
-0.0549011
-0.0251617
-0.0812836
0.00619507
0.00332642
0.0603027
0.0844727
0.477631
0.695709
0.676392
0.537659
0.802353
0.399124
0.413696
0.813385

[22]
-0.0562744
-0.0585938
-0.29184
0.0464935
-0.0202179
0.17659
0.133026
0.122284
-0.0935822
-0.050354
0.0861206
0.0728149
-0.00689697
-0.0162659
0.0277863
0.0657806
0.0572968
0.0554657
0.0513153
0.0377502
0.0296936
0.0556488
0.0314026
0.134247
0.0835724
-0.0658569
-0.247131
-0.321564
-0.703171
-0.168869
-0.137222
-0.421646
-0.614365
-0.393921
-0.160583
-0.258392
0.00463867
-0.0440216
-0.0399017
-0.0446625
-0.00012207
0.0187225
-0.0276184
-0.0241547
-0.0897522
0.0381775
0.0680542
0.0193176
0.138779
0.241501

[23]
0.255035
0.487335
0.905914
0.5298
0.146866
0.381332
0.738861
-0.0257568
-0.0697937
-0.184113
0.0923615
0.00012207
0.109024
0.181152
0.0941467
-0.0594788
-0.140732
0.00765991
0.123581
0.124435
0.0398407
0.0216522
0.0547638
0.105194
0.0735016
0.0580292
0.0343475
0.063385
0.0328674
0.01651
0.0487671
0.0740204
-0.0546875
-0.167892
-0.285065
-0.512497
-0.390335
0.243561
-0.386093
-0.357986
-0.648193
-0.328568
-0.479553
-0.0507965
0.00595093
-0.013443
-0.0350037
0.0100098
-0.0149689
-0.0291901

[24]
-0.0769501
-0.0996246
-0.0738983
0.0347443
0.0204468
0.0119171
0.130386
0.172958
0.289658
1.00954
0.841949
0.466644
0.54921
0.701996
0.094162
0.0740204
-0.554626
-0.0153656
0.0489502
0.0619965
0.135498
0.0183258
0.0546112
-0.0678558
-0.00242615
0.0954285
0.102386
0.0766907
0.0636749
0.0794373
0.0817719
0.0920258
0.0555267
0.0351715
0.0437775
0.0511932
0.0325012
0.0770569
0.0966949
0.0214691
-0.163498
-0.228638
-0.459061
-0.631287
0.262955
-0.417648
-0.410004
-0.534409
-0.303284
-0.514114

[25]
-0.0179138
9.15527e-05
-0.00172424
-0.0253601
-0.0243835
0.042511
-0.0307007
0.0161591
0.0489502
0.14566
0.221985
0.0940552
0.0685272
-0.049408
-0.263962
0.146805
0.367111
0.268188
0.437973
0.491409
0.577621
-0.262878
0.0470428
-0.416519
0.0892639
0.127701
0.142532
0.116058
0.069458
-0.0593872
-0.0772858
0.125153
0.154114
0.0458374
0.0280304
0.0267487
0.0547333
0.0467072
0.0824432
0.0336456
-0.0168457
0.0338593
0.0809326
0.0573273
0.0487671
0.0551758
-0.0671997
-0.268295
-0.281372
-0.553864

[26]
-0.240891
-0.053421
-0.430893
-0.763809
-0.43605
-0.150909
-0.115616
0.0650024
-0.0267792
-0.023056
0.000106812
0.0120697
0.0241852
0.00845337
-0.0216064
0.0460663
0.0681
0.148376
0.0804596
-0.111008
-0.016571
-0.106369
0.0083313
0.956238
0.813522
0.45462
0.676727
0.784683
-0.35498
-0.171005
-0.105103
0.0465698
0.0424652
0.231079
0.142471
0.0982208
-0.14682
-0.0477905
0.0957947
0.196945
0.0195465
0.0227203
0.0805359
0.0959473
0.0588379
0.061264
0.0193329
0.128738
0.100525
0.0507507

[27]
0.0135498
-0.0303802
-0.0849457
-0.165405
-0.318634
-0.779572
-0.208267
-0.429016
-0.415726
-0.721359
-0.207626
-0.0769653
-0.0413208
0.0500488
0.0513611
0.00912476
0.00601196
-0.0322113
0.0068512
-0.102432
-0.0849762
-0.225754
-0.0429535
-0.0611725
-0.176071
-0.0863495
0.188324
0.272186
0.636917
1.01544
1.0172
0.487671
0.189316
0.870499
-0.290695
-0.0254211
0.0993042
0.0961761
0.0316315
0.115402
0.0797119
-0.0248566
-0.116989
-0.0376892
0.0609283
0.105896
0.0722351
0.065155
0.114014
0.107193

[28]
0.0565643
0.0678558
0.0263214
0.0700836
0.0668793
0.00862122
0.0870667
0.136948
-0.0239563
-0.14473
-0.221619
-0.411697
-0.710434
0.150635
-0.489548
-0.239075
-0.697021
-0.305603
-0.286636
-0.117035
-0.000366211
0.0304871
-0.0498657
-0.0213623
0.00791931
-0.00288391
-0.015564
-0.00497437
0.0154114
0.114746
0.0781403
-0.0480042
0.066452
0.0375671
0.241821
0.726883
0.720093
0.219055
0.509705
0.733063
-0.323883
-0.128342
-0.224594
0.1492
0.0563202
0.0404968
0.129562
0.0602875
-0.0938416
-0.119415

[29]
0.0420685
0.114792
0.0778198
0.0357971
0.064209
0.0503845
0.0610809
0.0409088
0.0133057
0.00170898
0.061142
0.0908508
0.049118
0.0718842
-0.0209503
-0.171463
-0.158066
-0.371841
-0.668839
0.0355225
-0.445175
-0.368225
-0.651947
-0.356567
-0.246231
-0.0551605
-0.0440826
-0.0362854
-0.0228271
-0.0126953
0.0106506
-0.0422821
-0.0427094
-0.0422516
0.19693
0.148331
0.0720215
0.0269775
-0.0306549
-0.0656128
0.131882
0.799347
0.80127
0.44371
0.303116
0.383041
0.807648
-0.273605
-0.163651
-0.00430298

