[1]
-0.0608978
-0.0608978
-0.178391
-0.33046
-0.376312
-0.574203
-1.03522
-1.04608
-0.782181
-0.897202
-0.330444
-0.0464172
0.625412
0.0778809
0.704437
0.800308
0.86499
0.790527
0.678558
0.625549
0.626526
0.536072
0.332108
0.112244
-0.182739
-0.500641
-0.798508
-1.02969
-1.0679
-0.90535
-0.874619
-0.840408
-0.768478
-0.576782
-0.522247
-0.188461
-0.229721
-0.578018
-0.49614
-0.0268402
0.0111237
-0.224548
-0.327881
-0.169296
-0.0803528
-0.0974884
-0.0118408
0.0633698
0.0375061
0.00567627

[2]
-0.433563
-0.215134
0.0469971
-0.211014
-0.183014
-0.134003
-0.156616
-0.112518
-0.0454712
-0.00494385
-0.0157013
0.00140381
-0.0092926
-0.013031
0.00476074
0.0249023
0.0104218
-0.0116272
-0.0363617
-0.0368347
-0.024704
-0.0619202
-0.127136
-0.129639
-0.157562
-0.172379
-0.190613
-0.24205
-0.365875
-0.423706
-0.695267
-1.01683
-0.986847
-0.932236
-0.616302
-0.352875
-0.13324
0.763687
0.215866
0.679016
0.674637
0.737137
0.699921
0.63562
0.56221
0.540802
0.515427
0.328247
0.05336
-0.220413

[3]
-0.543198
-1.00381
-1.10284
-1.14212
-0.94928
-0.804352
-0.614624
-0.47319
-0.376816
-0.309052
-0.175751
-0.384979
-0.657608
-0.284576
-0.161972
-0.109802
-0.124924
0.0230408
-0.0870056
-0.103561
-0.0179901
0.00196838
-0.00682068
-0.0522461
-0.0528717
-0.00250244
0.0109863
-0.00440979
-0.0233307
-0.000350952
-0.0335999
-0.00770569
-0.0349731
-0.0841675
-0.121094
-0.216125
-0.235733
-0.2603
-0.314285
-0.380554
-0.527176
-0.867752
-1.06018
-0.837494
-0.893066
-0.538223
-0.415497
0.260376
0.448044
0.3703

[4]
-0.018219
0.00814819
0.0263214
-0.00889587
-0.0411377
-0.0424652
-0.0462036
-0.0296021
-0.00991821
-0.0769958
-0.113007
-0.103271
-0.161087
-0.219574
-0.250885
-0.208435
-0.328613
-0.430695
-0.716888
-1.07184
-0.987427
-0.902206
-0.58255
-0.376419
0.121826
0.702972
0.156296
0.552612
0.644684
0.705765
0.672791
0.606995
0.571457
0.531219
0.472351
0.326523
0.0638733
-0.235718
-0.523422
-0.89595
-1.11546
-1.15961
-1.17299
-1.00937
-0.776352
-0.630768
-0.578461
-0.0466003
-0.02771
-0.434708

[5]
0.767838
0.707306
0.774658
0.723907
0.641708
0.596069
0.507141
0.380035
0.0951233
-0.191315
-0.516632
-0.832596
-1.08548
-1.12694
-1.16447
-1.03059
-0.778671
-0.666229
-0.49025
-0.420044
-0.143906
-0.461716
-0.252396
-0.241608
-0.10025
-0.155136
-0.158707
-0.103989
-0.0744171
-0.0715485
0.0180054
-0.0102081
-0.0158539
-0.0360413
-0.0423889
0.0228729
0.0269928
-0.0168304
-0.0139465
-0.0450745
-0.0529022
-0.0121613
-0.0830994
-0.140289
-0.141891
-0.126221
-0.231964
-0.215485
-0.269455
-0.348938

[6]
-0.452881
-0.723724
-1.04184
-1.08282
-0.879242
-0.489624
-0.435226
0.0964813
0.511414
0.206558
0.551559
0.624802
0.677567
0.650101
0.591476
0.53894
0.484528
0.465164
0.258713
0.0150452
-0.246796
-0.516815
-0.908173
-1.11612
-1.15892
-1.05917
-0.911606
-0.624008
-0.627258
-0.371979
-0.102982
-0.470993
-0.772736
-0.438904
-0.0986328
-0.0436707
-0.0398254
-0.0661469
-0.0245056
-0.0505371
-0.0349121
0.0234985
0.00224304
-0.0546265
-0.0188141
0.0161743
0.0117493
0.0146484
-0.0388794
-0.0236969

[7]
-0.0355835
-0.0236664
-0.0278625
-0.0553894
-0.101349
-0.133133
-0.184387
-0.207016
-0.22348
-0.287384
-0.449982
-0.752487
-0.941635
-1.05713
-0.996796
-0.731537
-0.389755
-0.140076
0.336182
0.354919
0.402863
0.59668
0.677536
0.717102
0.700897
0.654129
0.596619
0.535278
0.397644
0.0913544
-0.203796
-0.525482
-0.849503
-1.11131
-1.15437
-1.16592
-0.936478
-0.631332
-0.60704
-0.541992
0.0586395
-0.18605
-0.615738
-0.500778
-0.237778
-0.403183
-0.149612
-0.0827637
-0.0373077
-0.0707703

[8]
-0.0603638
0.009552
-0.0203094
-0.00888062
-0.0204773
0.00392151
0.00105286
-0.029892
-0.0419006
-0.0285645
-0.0454865
-0.0397797
-0.0581512
-0.0723419
-0.0657959
-0.115936
-0.189865
-0.187714
-0.237152
-0.238205
-0.269669
-0.412384
-0.645309
-0.912338
-1.07124
-0.861969
-0.70343
-0.503967
-0.214569
0.685089
0.136124
0.542038
0.69075
0.712036
0.711166
0.675049
0.614578
0.5383
0.364349
0.0784149
-0.133316
-0.420776
-0.722794
-1.02483
-1.11949
-1.0419
-0.84996
-0.703217
-0.527206
-0.54599

[9]
-0.488205
-0.238495
-0.0885162
-0.619186
-0.34906
-0.0787964
-0.38269
-0.0606384
-0.131409
-0.0409851
-0.107819
-0.0639801
-0.00390625
0.0188904
-0.00448608
-0.0454102
-0.0260773
0.0157928
0.0331421
0.014801
-0.032959
-0.0199432
-0.0162811
-0.0278778
-0.0460663
-0.0758362
-0.0944061
-0.126404
-0.140244
-0.210968
-0.23558
-0.287201
-0.37558
-0.515045
-0.716873
-0.968185
-0.922318
-0.841446
-0.607834
-0.429764
0.0146637
0.692993
0.130844
0.530655
0.682236
0.700516
0.686813
0.636108
0.546844
0.507782

[10]
0.372864
0.0997925
-0.173492
-0.489487
-0.813232
-1.10358
-1.14944
-1.11024
-1.02621
-0.763901
-0.570786
-0.540344
-0.453217
-0.278778
-0.336243
-0.726959
-0.454086
-0.0847473
-0.219116
-0.116043
0.0196686
-0.109833
-0.106293
-0.047699
-0.00759888
3.05176e-05
0.0145264
-0.0106812
-0.0289764
0.0080719
0.0102997
0.0250702
0.00587463
-0.00588989
-0.0311737
-0.0844116
-0.104492
-0.105484
-0.126984
-0.175461
-0.256241
-0.283829
-0.226791
-0.334427
-0.433701
-0.708389
-0.995392
-1.05077
-0.999405
-0.545547

[11]
-0.415894
0.0358276
0.611984
0.363968
0.713135
0.723969
0.727844
0.671448
0.559219
0.495209
0.429489
0.357117
0.132019
-0.065155
-0.323227
-0.689133
-0.971008
-1.12338
-1.14511
-0.960205
-0.810577
-0.694824
-0.640625
-0.706909
-0.300629
-0.662827
-0.679092
-0.327988
-0.0534363
-0.172073
-0.0427856
-0.00650024
-0.0547791
-0.0083313
-0.0141296
0.0170898
0.0125427
-0.0080719
-0.0525055
-0.0491943
-0.0748749
-0.0377655
-0.038559
-0.0251312
-0.0455322
-0.0433197
-0.0679169
-0.0887299
-0.13028
-0.237335

[12]
-0.224091
-0.274811
-0.328278
-0.403961
-0.599258
-1.06181
-1.07416
-0.901337
-0.755905
-0.540115
-0.112015
0.637299
0.181808
0.607864
0.582504
0.62439
0.629883
0.600174
0.563248
0.501724
0.36319
0.106323
-0.187408
-0.472046
-0.708939
-1.05438
-1.14087
-1.13608
-1.08487
-0.749649
-0.611359
-0.567947
-0.543961
-0.412857
-0.593216
-0.711029
-0.240875
0.0757904
-0.170395
-0.137268
-0.218674
-0.148407
-0.104202
-0.0364075
0.0304108
0.042923
-0.0296478
-0.0635834
-0.00352478
0.0055542

[13]
-0.0187378
-0.0357513
-0.0501251
-0.0523682
-0.0491028
-0.0926208
-0.0937042
-0.243454
-0.228989
-0.291336
-0.369461
-0.426987
-0.562927
-0.961838
-1.07603
-1.09323
-0.953598
-0.58371
-0.137924
0.567703
-0.0105591
0.511993
0.752518
0.740829
0.744781
0.662857
0.634689
0.568542
0.449463
0.250824
-0.0852661
-0.331039
-0.607773
-1.03432
-1.13611
-1.18124
-1.13861
-0.938644
-0.678253
-0.641861
-0.419037
-0.273407
-0.46315
-0.909653
-0.437134
-0.0873413
-0.379868
-0.0163269
-0.112152
-0.00376892

[14]
-0.0504303
-0.0842743
0.0116577
0.0171814
-0.0147552
-0.0394745
-0.0240021
-0.0202789
-0.0251465
-0.0222626
-0.0292358
-0.0641632
-0.047699
-0.0487976
-0.0930481
-0.186005
-0.235596
-0.225128
-0.294754
-0.357651
-0.472122
-0.739975
-1.05096
-1.06433
-1.07036
-0.719269
-0.430359
0.136459
0.371216
0.376343
0.795593
0.684723
0.756439
0.725327
0.667603
0.629166
0.544815
0.412582
0.103088
-0.174606
-0.433746
-0.691071
-1.01865
-1.14253
-1.18729
-1.21854
-0.830521
-0.601227
-0.59288
-0.498108

[15]
-0.317719
-0.410187
-0.864838
-0.318176
-0.0895538
-0.269897
0.0732727
-0.225937
-0.103851
-0.0564423
-0.0799713
0.032196
-0.0155029
-0.00775146
-0.0744934
-0.027771
0.00543213
-0.00445557
-0.0447235
-0.0453033
-0.036377
-0.0332031
-0.0682678
-0.131531
-0.187317
-0.172684
-0.261948
-0.291199
-0.333984
-0.417969
-0.631561
-1.0545
-1.06764
-1.07333
-0.700272
-0.469513
0.100891
0.361969
0.44722
0.630173
0.718903
0.730637
0.679764
0.653763
0.592865
0.548676
0.402603
0.158493
-0.118317
-0.45961

[16]
-0.742325
-1.11078
-1.16248
-1.21202
-1.23114
-0.929962
-0.695511
-0.571075
-0.540207
-0.390152
-0.941284
-0.275406
-0.20079
-0.144409
-0.133911
-0.0336304
-0.0677643
-0.085144
-0.00378418
-0.0263062
0.0205536
-0.0301514
-0.0364075
-0.0164337
0.00143433
-0.000488281
-0.019577
-0.0152435
-0.0272369
-0.0209198
-0.0831757
-0.101974
-0.120102
-0.249344
-0.255249
-0.302277
-0.333405
-0.458862
-0.621841
-1.00902
-1.06548
-1.08136
-0.854019
-0.631104
-0.150253
0.678787
0.0333099
0.630051
0.752365
0.755463

[17]
0.772476
0.695312
0.640778
0.588898
0.477417
0.24733
-0.113846
-0.488708
-0.670547
-1.0988
-1.14885
-1.19461
-1.22101
-0.838928
-0.645187
-0.765121
-0.319855
-0.0992432
-0.411911
-1.00662
-0.56955
-0.0325012
-0.378998
-0.132462
-0.00619507
-0.0830231
-0.0495453
-0.0552063
-0.00372314
0.0133209
0.00289917
-0.023819
-0.0214691
-0.031662
-0.0367279
-0.0358582
-0.0560455
-0.0883942
-0.123489
-0.141037
-0.165253
-0.203049
-0.243866
-0.291245
-0.357208
-0.515839
-0.916199
-1.0527
-1.01137
-0.915924

[18]
-0.561905
-0.20134
0.583038
0.0491486
0.552475
0.557617
0.597549
0.643097
0.624115
0.611679
0.522705
0.465759
0.25119
-0.0590973
-0.359283
-0.697479
-1.11153
-1.16597
-1.21832
-1.2265
-0.981125
-0.686646
-0.771576
-0.417358
-0.0674591
-0.442291
-1.14484
-0.61644
-0.067337
-0.27536
-0.0813751
-0.0486603
-0.0861664
-0.0767365
-0.0921783
0.00164795
-0.0124817
-0.0127869
-0.0103912
0.000305176
-0.016037
0.00564575
0.0113983
-0.00967407
-0.0332336
-0.0462799
-0.0605621
-0.13974
-0.230408
-0.289536

[19]
-0.290909
-0.316162
-0.34668
-0.456238
-0.659164
-0.953476
-1.03119
-1.07797
-0.819504
-0.638062
-0.0246277
0.627655
0.00300598
0.572464
0.81842
0.813324
0.775375
0.655212
0.589996
0.542297
0.454041
0.251587
-0.112411
-0.431412
-0.795609
-1.13921
-1.1946
-1.24611
-1.19579
-1.10419
-0.801636
-0.689255
-0.299713
-0.428787
-1.04346
-0.349426
-0.0148315
-0.401474
-0.150269
-0.181107
-0.142609
-0.0657501
-0.0662079
-0.0348206
0.0258331
0.00430298
-0.0523834
-0.0504761
-0.0147858
-0.0143127

[20]
-0.0250702
-0.036087
-0.0528259
-0.0691071
-0.0649567
-0.0641327
-0.130127
-0.251709
-0.249207
-0.317764
-0.379822
-0.573929
-1.02829
-1.05106
-0.936691
-1.0341
-0.622467
-0.127945
0.472565
0.0393219
0.51622
0.748749
0.765152
0.761337
0.714615
0.649551
0.557404
0.491043
0.319565
0.0188293
-0.294937
-0.764603
-1.12029
-1.1761
-1.23154
-1.175
-1.04626
-0.841507
-0.74205
-0.37915
-0.289627
-0.664536
-0.930756
-0.37616
0.0908356
-0.437592
-0.101425
-0.123413
-0.133179
-0.0683441

[21]
-0.0698395
0.0228271
0.000183105
-0.00691223
-0.0323334
0.0148621
0.00497437
-0.0205231
-0.0285187
-0.0346527
-0.0351105
-0.0299072
-0.0876465
-0.10141
-0.151764
-0.239166
-0.223343
-0.310608
-0.412582
-0.58522
-0.81929
-1.05286
-0.954132
-1.07547
-0.53241
-0.329117
0.421585
0.466476
0.447266
0.265182
0.882004
0.782516
0.69281
0.595001
0.556244
0.510239
0.341995
0.0236206
-0.454041
-0.82637
-1.10345
-1.17845
-1.22653
-1.16895
-0.887436
-0.835922
-0.568497
-0.451645
-0.313049
-1.07755

[22]
-0.707077
-0.162888
-0.290054
0.118332
-0.100006
-0.096405
-0.0682068
-0.12149
-0.0322723
0.0139313
-0.0267639
-0.0209503
-0.0207825
-0.0101318
-0.0175171
-0.0326538
-0.0244751
-0.0186005
-0.0805817
-0.0997772
-0.140961
-0.22084
-0.273651
-0.268143
-0.302444
-0.393158
-0.583984
-0.991333
-1.07176
-0.996521
-0.992401
-0.638885
-0.264404
0.418381
0.225281
0.52298
0.703857
0.70369
0.737015
0.72438
0.648132
0.577484
0.521545
0.371323
0.0490875
-0.292572
-0.690704
-1.09561
-1.14534
-1.19337

[23]
-1.2328
-0.950531
-0.65535
-0.595596
-0.553696
-0.418335
-1.08424
-0.361588
0.00308228
-0.109146
-0.166656
-0.0211029
-0.101974
-0.088913
-0.0639191
-0.0407104
-0.0122375
0.00944519
-0.0423431
-0.0238647
-0.0117035
-0.00816345
-0.0167389
-0.0509796
-0.0467377
-0.0709534
-0.0744019
-0.105881
-0.168076
-0.224411
-0.272827
-0.334579
-0.383194
-0.51767
-0.938705
-1.06195
-0.944397
-1.06395
-0.498856
-0.385178
0.0705719
0.615463
0.387268
0.564285
0.705627
0.719589
0.704193
0.609207
0.539474
0.479996

[24]
0.343048
0.0821686
-0.255234
-0.604202
-1.06219
-1.16272
-1.21611
-1.18565
-1.01918
-0.710922
-0.624649
-0.49913
-0.493195
-0.759003
-0.939972
-0.312805
0.00349426
-0.354095
-0.0518494
-0.0274963
-0.0751801
-0.0610962
-0.0752106
0.000930786
0.00378418
0.0115967
-0.0103912
-0.0240936
-0.0423431
-0.0449677
-0.0617981
-0.0614166
-0.100662
-0.0878448
-0.0837402
-0.163925
-0.288055
-0.280624
-0.319046
-0.358887
-0.475967
-0.716415
-1.05966
-1.0728
-1.07677
-0.679825
-0.427124
0.12323
0.479095
0.432022

[25]
0.81749
0.741821
0.750732
0.689529
0.630173
0.598358
0.492249
0.34404
0.00860596
-0.344849
-0.749023
-1.11256
-1.16383
-1.20889
-1.06311
-0.778976
-0.70607
-0.654343
-0.525909
-0.241547
-0.957031
-0.591064
-0.0486298
-0.127884
-0.0336151
-0.071991
-0.125229
-0.0892639
-0.0909729
-0.0114288
-0.0147705
-0.0312653
-0.070816
-0.0185089
-0.00344849
-0.0302582
-0.0171661
-0.0181427
-0.0550537
-0.0817261
-0.061203
-0.129013
-0.246902
-0.276016
-0.304901
-0.326401
-0.383743
-0.538071
-0.828842
-1.06252

[26]
-1.01524
-1.08217
-0.645523
-0.220627
0.515076
0.0545654
0.553085
0.766022
0.783112
0.791824
0.752197
0.666748
0.604385
0.510239
0.355118
0.0726471
-0.23996
-0.6008
-0.977173
-1.14493
-1.19347
-1.04941
-0.982162
-0.833145
-0.708893
-0.676605
-0.467468
-1.05588
-0.458786
-0.0391388
-0.488678
-0.00405884
-0.0975037
-0.0876923
-0.0737915
-0.100632
-0.0253601
0.0260315
-0.00488281
-0.0592041
-0.0338898
-0.00575256
-0.048584
-0.0619965
-0.0483093
-0.0775909
-0.0937653
-0.168045
-0.214233
-0.268051

[27]
-0.316391
-0.34819
-0.431671
-0.54361
-0.951233
-1.06767
-1.02225
-0.978607
-0.64801
-0.192505
0.547089
-0.16745
0.519745
0.781799
0.733948
0.75853
0.685196
0.635468
0.577408
0.478516
0.326172
-0.0363617
-0.315094
-0.658844
-1.11314
-1.16754
-1.2213
-1.19202
-1.04417
-0.969086
-0.660629
-0.591583
-0.332367
-1.04552
-0.552673
-0.178101
-0.3134
-0.118622
-0.0962219
-0.0553131
-0.0589752
-0.0315094
0.0113831
0.0266418
0.0164642
-0.0250092
-0.0262909
-0.0420227
-0.0399017
-0.0547333

[28]
-0.0352783
-0.0887451
-0.0474243
-0.0712128
-0.141678
-0.21077
-0.333633
-0.327072
-0.40799
-0.525925
-0.786575
-1.05476
-1.01234
-1.07066
-0.633926
-0.480286
0.0663605
0.729492
0.137527
0.592636
0.768967
0.768539
0.805405
0.742294
0.652054
0.59375
0.459869
0.210251
-0.166138
-0.571213
-0.966034
-1.15297
-1.20671
-1.25072
-1.01755
-0.911942
-0.671066
-0.605911
-0.297058
-0.861099
-0.61557
-0.216309
-0.314758
-0.0652466
-0.233917
-0.0590057
-0.0774994
-0.0925293
-0.0170898
0.0342865

[29]
0.009552
-0.0196991
-0.0274506
-0.0252533
-0.0201874
-0.0541992
-0.0482178
-0.0476074
-0.0582733
-0.0740967
-0.197891
-0.182724
-0.258072
-0.297714
-0.314087
-0.48349
-0.648331
-1.05095
-1.07381
-1.09053
-0.777451
-0.580109
-0.0331879
0.583603
0.323029
0.730759
0.732544
0.738205
0.719254
0.641678
0.60405
0.513565
0.351151
0.0265045
-0.255386
-0.527893
-0.835388
-1.10786
-1.1545
-1.1178
-1.03979
-0.879944
-0.821625
-0.568878
-0.428284
-0.329269
-1.14537
-0.470718
-0.207916
-0.222275

