[0]
0.378418
0.214172
0.0757904
0.0494385
0.0146332
0.0159454
0.0711212
0.0578766
0.0499725
0.0384064
0.0307617
0.0499115
0.0540161
0.0848083
0.10939
0.146042
0.162796
0.28035
0.429047
0.578033
0.724014
0.937485
1.03078
1.04324
1.0594
0.975052
0.107971
0.353439
-0.073761
-0.694473
-0.758377
-0.828552
-0.743378
-0.703506
-0.630569
-0.535889
-0.372421
-0.149857
0.183701
0.77887
1.19492
1.28078
1.35921
0.89682
0.856857
1.01712
1.30391
0.224426
0.889267
1.18839

[1]
0.709122
0.0116882
-0.072113
0.0712433
0.0538177
0.0370941
0.0369263
0.00202942
0.00311279
0.0293274
0.0258026
0.0329285
0.0196838
-0.0103912
0.0246277
0.0640106
0.104675
0.189255
0.406921
0.489349
0.584763
0.805603
1.03554
1.04968
1.06676
1.07764
0.827682
-0.267456
-0.306778
0.18985
-0.74176
-0.709183
-0.763229
-0.680557
-0.650681
-0.60817
-0.565338
-0.431335
-0.265396
0.0238037
0.489258
1.14252
1.21489
1.28308
1.01877
0.934677
0.913834
1.25455
0.37764
0.674149

[2]
1.04967
0.680023
0.166946
-0.108109
0.0648956
-0.0104828
0.014389
0.00601196
-0.0438843
0.0271912
0.0254974
-0.0189362
-0.101852
-0.0860291
0.0313721
0.11528
0.269989
0.219574
0.31076
0.430405
0.559891
0.670639
0.941711
1.05965
1.076
1.09685
1.1114
-0.0596771
1.15907
-0.295334
-0.288254
-0.748108
-0.666351
-0.742035
-0.707138
-0.64241
-0.59729
-0.441666
-0.213257
0.139069
0.71048
1.1451
1.21965
1.28783
1.10033
1.02943
0.80072
1.25395
0.484604
0.740417

[3]
1.11801
0.407776
-0.196899
0.0699005
0.0478363
0.075592
0.0908661
0.0100861
-0.0135803
-0.0140381
0.001297
0.0572662
1.52588e-05
0.00593567
0.000228882
0.10733
0.183365
0.313904
0.464081
0.564774
0.70015
0.96283
1.04219
1.05798
1.07751
1.10736
0.0405426
0.69017
-0.144028
-0.58197
-0.714996
-0.761658
-0.676971
-0.633621
-0.53775
-0.431076
-0.263657
-0.0133667
0.398285
1.13998
1.21977
1.30345
1.36989
0.912125
0.940155
1.12288
0.0870056
0.261688
1.19702
0.542816

[4]
0.676865
-0.224594
0.196884
0.0289154
0.0603485
0.052536
-0.0558472
-0.0531158
0.00550842
-0.0156555
-0.0345459
0.00944519
0.0271759
0.0481415
0.198868
0.186554
0.333267
0.523376
0.624664
0.800018
1.02579
1.03889
1.05486
1.06764
0.840988
-0.413239
-1.20685
0.22821
-0.77388
-0.687546
-0.766281
-0.663498
-0.637741
-0.585663
-0.453995
-0.323502
-0.102036
0.287766
0.993134
1.21997
1.30624
1.37743
0.947968
1.04286
1.09207
0.350967
0.798721
0.990112
0.851822
0.7341

[5]
-0.135773
-0.0163574
-0.0138245
0.146057
0.0766907
-0.0400543
-0.00402832
0.0374451
0.0117798
-0.0217438
-0.0185089
0.0274353
0.0493469
0.0907745
0.283203
0.38269
0.511993
0.634445
0.715866
0.963486
1.03395
1.04752
1.0573
0.722977
-0.077652
-0.951813
0.338318
-0.712082
-0.711899
-0.756836
-0.68576
-0.653275
-0.557007
-0.437927
-0.282303
0.0020752
0.456726
1.09726
1.27959
1.3687
1.35458
1.24898
0.918671
0.936935
1.18607
1.27592
0.736404
0.621872
-0.203857
0.323181

[6]
0.0992279
0.00270081
0.0906525
0.0130005
-0.0593567
-0.0168457
0.017746
0.00543213
0.0519257
0.0522614
0.0749817
0.229248
0.231461
0.391876
0.564209
0.73024
0.782959
0.995544
1.03618
1.05072
1.06351
0.799286
-0.201981
-1.85663
0.137695
-0.915298
-0.69252
-0.773514
-0.609497
-0.553177
-0.438171
-0.273499
-0.0743866
0.297974
0.9832
1.23785
1.33022
1.4091
1.09032
1.08467
1.02728
1.31258
0.932281
0.975677
0.25148
-0.00856018
0.126785
0.14151
-0.0375214
0.131058

[7]
0.0455475
-0.0516052
-0.062027
0.00534058
0.067749
0.0703278
0.0119934
0.0307159
0.0856934
0.241119
0.305893
0.483597
0.623871
0.744919
0.920074
1.024
1.03557
1.04987
1.07481
-0.0374298
0.255829
0.357635
-0.814178
-0.83519
-0.854614
-0.713181
-0.605942
-0.56012
-0.392746
-0.224213
0.077301
0.583023
1.18501
1.2753
1.36505
1.42731
1.1151
0.960632
1.3475
1.00043
0.859085
1.18272
0.372208
0.113876
0.0572815
0.133606
0.0544739
0.149979
-0.0383759
-0.0833588

[8]
-0.0440216
-0.0146179
0.00866699
0.000274658
0.0315094
0.123749
0.185516
0.216354
0.427521
0.500244
0.640839
0.753433
0.960724
1.026
1.03743
1.04381
0.916656
-0.366928
-0.304153
0.220337
-0.750305
-0.691299
-0.789032
-0.621124
-0.601974
-0.525742
-0.387009
-0.214798
0.062439
0.533371
1.19836
1.28879
1.37703
1.42398
1.12595
0.876694
1.37233
0.383499
0.642029
1.21935
0.653305
0.11853
0.0601196
0.124634
0.0147705
0.0957489
0.0592041
0.0210114
0.0058136
-0.0115967

[9]
-0.0510864
-0.0198212
0.021759
0.107407
0.194626
0.294632
0.323883
0.458344
0.572784
0.722855
0.921219
1.0323
1.04459
1.04967
1.06007
-0.213638
0.839279
-0.0206299
-0.614075
-0.804611
-0.799362
-0.759247
-0.695938
-0.61972
-0.482803
-0.301361
-0.0315704
0.371323
1.16624
1.26233
1.3515
1.41876
0.783478
1.01323
0.970276
0.687988
0.626205
1.2168
0.162338
0.0337372
0.124435
0.185165
-0.0654144
0.0988617
0.0858612
-0.0323029
-0.0340729
-0.0163422
0.00845337
0.0369568

[10]
0.0259705
0.0392761
0.0366211
0.182938
0.263275
0.418518
0.596619
0.734207
0.800568
1.02519
1.03737
1.0517
1.06441
0.533417
-0.0327606
-1.56592
0.0398254
-0.875458
-0.682053
-0.760712
-0.681503
-0.60257
-0.520157
-0.319702
-0.0888214
0.270569
0.968185
1.25105
1.34366
1.41974
0.748489
0.877625
1.05771
0.72673
0.384003
1.00711
1.22021
0.534683
0.437149
-0.0323029
0.0087738
0.149246
0.0818024
0.0554657
0.0804596
-0.00419617
-0.00627136
-0.0120087
-0.0101166
-0.00280762

[11]
0.03685
0.199753
0.273712
0.422058
0.603241
0.686996
0.779922
0.895554
1.03596
1.04846
1.05948
0.748642
-0.142059
-1.72133
0.0898285
-0.895462
-0.741547
-0.796875
-0.667999
-0.567856
-0.454361
-0.257584
-0.0396118
0.379471
1.04391
1.26048
1.35216
1.42995
1.02853
1.03859
1.43628
0.695389
1.05396
1.254
0.17247
0.638931
-0.00231934
0.184235
-0.00750732
0.0948181
0.0937958
0.00852966
-0.0185089
0.0189514
0.0568085
0.0379791
0.0351868
0.0882263
0.161423
0.239883

[12]
0.293289
0.408066
0.608459
0.736084
0.859421
1.02092
1.03195
1.04662
1.0704
-0.0662689
0.746536
0.0848389
-0.766602
-0.79245
-0.722733
-0.680038
-0.557343
-0.495132
-0.353027
-0.180298
0.0940704
0.610077
1.19913
1.28824
1.37131
1.3951
0.848663
1.0054
0.850845
0.456161
0.321701
1.22073
0.649063
0.574203
-0.172821
0.180832
0.0420837
0.143036
0.0480957
-0.0447235
-0.0338745
0.0114136
-0.0262909
-0.0242767
0.0220184
-0.021637
0.120529
0.280533
0.396698
0.508652

[13]
0.622986
0.714294
0.971313
1.03336
1.04666
1.0537
0.931808
-0.335281
-1.45779
0.514557
-0.850601
-0.716232
-0.822922
-0.732864
-0.674561
-0.586823
-0.412689
-0.210663
0.102341
0.701279
1.21176
1.30217
1.38647
1.29851
1.10219
0.911148
0.451523
0.968506
1.18639
0.61676
0.744736
0.00814819
0.3004
0.00747681
0.0981293
0.131317
-0.00820923
-0.0323486
-0.0191193
0.0237579
-0.0255737
0.0193176
0.0164795
0.0805206
0.183899
0.222122
0.270706
0.535599
0.675247
0.769455

[14]
0.989166
1.02449
1.03604
1.04373
0.825897
-0.529922
-1.33546
0.263641
-0.918091
-0.702545
-0.827377
-0.670181
-0.574524
-0.457443
-0.264328
-0.0176697
0.343277
1.10461
1.28253
1.37389
1.44899
0.970764
1.08847
1.10719
1.3642
0.828918
1.1371
0.938705
0.0613708
0.500992
0.0591583
0.169525
0.0117493
0.0962982
0.0439758
-0.0342407
-0.0293121
0.0188904
0.00746155
0.0646515
0.0709076
0.0433807
0.162155
0.246964
0.341919
0.569931
0.703598
0.806793
1.01961
1.02565

[15]
1.03688
1.04634
0.783142
-0.524994
-1.58434
0.0809326
-0.919739
-0.768372
-0.821518
-0.730865
-0.635757
-0.546661
-0.367081
-0.173386
0.163834
0.736725
1.25391
1.34839
1.43298
1.10791
1.0528
1.09225
0.860077
1.06371
1.2881
0.700272
0.709915
-0.0274353
0.0792999
0.0678711
0.0889893
0.08284
-0.0142975
-0.024826
-0.00614929
-0.0304718
-0.0202332
0.0432434
0.0626068
0.101517
0.282028
0.265594
0.473969
0.628326
0.710541
0.846146
1.02925
1.04172
1.0565
1.08218

[16]
-0.0726624
1.09546
-0.0664825
-0.594055
-0.843262
-0.819443
-0.757935
-0.691742
-0.629196
-0.478546
-0.292603
-0.00521851
0.496872
1.18571
1.27336
1.36153
1.42632
0.952423
0.877792
0.922928
1.27422
1.28053
1.13794
0.13768
-0.236435
0.391296
0.122498
-0.0129242
0.095459
0.0405579
-0.07901
-0.0246277
0.00212097
-0.0195007
0.0361633
0.0537262
0.0891876
0.156845
0.163849
0.264404
0.451584
0.615524
0.69194
0.847076
1.02695
1.0392
1.05365
1.07814
0.0737
0.359344

[17]
-0.856354
-0.280182
-0.916061
-0.802414
-0.781281
-0.662491
-0.629532
-0.478027
-0.292038
-0.0192871
0.455109
1.15974
1.24162
1.32471
1.38516
0.740799
0.869858
1.34276
0.696335
0.592819
0.935715
0.182037
0.934647
-0.106369
0.176285
0.0324097
0.133652
0.109512
0.00012207
-0.0228729
-0.0609283
-0.0349884
0.0368958
0.0713043
0.076355
0.11438
0.185394
0.200043
0.397766
0.583191
0.639908
0.715576
0.945099
1.04051
1.05544
1.06622
0.903687
-0.484207
-1.44832
0.17392

