[0]
-0.119705
-0.0191803
0.127274
-0.0785828
-0.0519867
0.0378571
0.103073
0.0600586
0.072998
0.10791
0.0753632
0.0605316
0.0340576
0.146622
0.224045
0.0469055
0.0493469
-0.0171051
-0.0272217
0.175247
-0.0166168
-0.501755
-0.880173
-1.93051
-0.638184
-0.892548
-0.785233
-0.219055
-0.178055
-0.260086
-0.213074
-0.160889
-0.088974
-0.0222168
0.03302
0.076889
0.128876
0.183319
0.201859
0.154175
0.339523
0.303177
0.500885
0.795181
1.72162
0.766708
-0.0366821
-0.707901
0.914078
0.652359

[1]
0.0709686
0.694183
0.0314789
0.0174866
0.0146942
0.0474701
0.00700378
0.12291
0.0250549
-0.0259094
0.0087738
0.0379028
0.0855865
0.00309753
0.0152435
0.0432739
0.015213
-0.0290375
-0.112045
0.0227509
0.114975
-0.268158
-0.631027
-1.05638
-1.6974
-0.515076
-0.89061
-0.78183
-0.139694
-0.061203
-0.326355
-0.279755
-0.170303
-0.121124
-0.00511169
0.0542908
0.0630188
0.100922
0.176178
0.231567
0.236328
0.475723
0.605225
0.486771
0.510284
1.31091
1.24661
-0.142593
-0.0349274
1.11296

[2]
0.295273
0.473358
0.20961
0.127838
-0.0503387
-0.112503
-0.00119019
-0.0836945
-0.0037384
-0.0988464
-0.189865
-0.262054
-0.228607
-0.0561371
0.00949097
0.15036
0.400421
0.210403
0.00462341
-0.186676
-0.100632
-0.108627
-0.433716
-0.667389
-1.54268
-0.723343
-1.3154
-0.996063
-0.24733
-0.338913
-0.394638
-0.249435
-0.212784
-0.167587
-0.0804901
-0.0675049
-0.0728455
0.0112915
0.0874176
0.150681
0.224976
0.486252
0.481796
0.510986
0.618561
1.42728
0.969803
0.325211
-0.219528
0.758118

[3]
0.246246
-0.20491
0.671265
-0.282837
0.0249939
0.0301666
0.148056
-0.0578003
0.0797882
-0.180557
0.0290375
0.0811768
0.0211487
-0.0254364
-0.0988464
-0.0196075
-0.0988007
-0.0433655
-0.114273
0.0754242
-0.0402527
-0.432953
-0.892532
-1.43156
-1.32426
-1.13501
-0.834564
-0.18367
-0.15976
-0.398529
-0.296661
-0.239624
-0.176788
-0.0236664
0.104004
0.122299
0.167923
0.226379
0.240234
0.281189
0.553818
0.424545
0.699539
1.38142
1.60155
0.869705
-1.405
0.837814
1.0193
0.0704041

[4]
0.187088
0.233139
-0.224365
0.048996
0.00785828
0.112091
-0.065567
-0.0452271
-0.091629
-0.150406
-0.0552673
0.0115051
0.0482483
0.00286865
0.0032959
-0.0485535
-0.100449
-0.0430603
0.0839233
-0.217163
-0.646042
-1.12985
-1.98727
-0.269501
-1.42001
-0.979385
-0.44397
-0.208588
-0.457855
-0.363068
-0.202347
-0.124588
-0.0329742
0.0231781
0.0765991
0.120316
0.137695
0.206741
0.233276
0.506805
0.428421
0.719528
1.36458
1.6422
1.06314
-0.756012
0.556808
1.23409
0.370743
0.146362

[5]
0.57843
-0.369247
0.11853
0.185364
0.185104
0.0410309
0.0367737
-0.175247
-0.186295
-0.0699463
-0.0367432
0.00578308
-0.00234985
0.106949
0.0868988
0.0802307
-0.0135651
0.0241089
-0.176498
-0.622116
-0.927841
-1.74112
-0.575989
-0.969101
-1.18599
-0.434586
-0.128799
-0.265137
-0.281479
-0.163483
-0.153595
-0.0675354
-0.00511169
0.0189362
0.0894928
0.12442
0.130844
0.17688
0.440063
0.419388
0.88533
1.4968
1.62929
0.430115
0.292938
1.76578
-0.174576
0.50264
0.508255
0.213837

[6]
0.0828247
0.0108795
0.155106
0.0251007
-0.022049
-0.0462036
-0.0661469
0.0762939
0.0953674
0.0393066
-0.00688171
0.0835419
-0.0160217
0.141312
-0.0334778
0.0393219
-0.131119
-0.642517
-1.05894
-1.77158
-0.930283
-1.40651
-0.945343
-0.332718
-0.244019
-0.356689
-0.272507
-0.115204
-0.0711365
0.0418549
0.068512
0.123962
0.166107
0.161865
0.162979
0.530441
0.356094
0.786118
1.22156
1.94551
1.20505
-0.203156
1.02495
0.445267
-0.463089
1.38786
0.0536194
0.168961
0.190567
0.0726929

[7]
-0.0431671
-0.088974
-0.175842
0.0176086
0.0975647
0.134155
0.0306549
0.037262
0.00563049
0.0650787
0.0882721
-0.0158081
-0.0235443
-0.0244293
-0.410721
-0.775238
-1.46434
-1.12152
-1.19476
-1.13405
-0.259705
0.184311
-0.373886
-0.447021
-0.202316
-0.0212097
-0.0365448
-0.0205841
0.10997
0.136688
0.183853
0.305481
0.650009
0.597656
0.579468
0.974304
1.85442
1.68352
0.731659
-1.16484
1.72717
0.306
0.373993
0.493301
0.0116272
0.21376
0.15184
0.121597
-0.046936
-0.125015

[8]
-0.0965881
-0.0847015
0.0136108
0.094635
0.0756989
0.0768738
0.0562592
-0.100922
0.170746
0.0792694
0.152618
-0.0500336
-0.649689
-0.968735
-1.76851
-0.74852
-1.48433
-1.30389
-0.0862579
0.0727539
-0.326187
-0.263275
-0.170532
-0.0851898
-0.00852966
0.0240479
0.0835266
0.123703
0.158752
0.220505
0.122131
0.510696
0.515137
1.14574
1.64293
1.38298
0.547241
-1.04759
1.70226
0.667404
0.477203
0.33606
0.0240479
0.146347
0.101959
0.139191
0.0745239
0.0510559
-0.163925
-0.118851

[9]
-0.0592957
0.01474
0.0709076
0.130295
0.24501
0.136902
0.103668
0.0242004
-0.0454712
-0.0530396
-0.430511
-0.593369
-1.64088
-0.371124
-1.2034
-1.22398
-0.362503
-0.168533
-0.262085
-0.237442
-0.227737
-0.095108
-0.0549011
-0.0366364
-0.0171509
0.0505981
0.115158
0.185547
0.194687
0.437241
0.461899
0.695984
1.21201
1.61818
0.876465
-0.278091
1.02208
1.13486
-0.125977
0.766983
0.106583
0.0640564
0.055954
0.11882
0.0697784
-0.0124969
-0.0658722
-0.109589
-0.0153656
0.0594177

[10]
0.0864868
0.0222015
0.0487671
0.0357666
0.0510559
0.0751648
-0.0549622
0.0800781
-0.22467
-0.656204
-1.11917
-1.53975
-0.857376
-1.02075
-0.60437
-0.0574951
-0.443405
-0.479858
-0.238602
-0.182037
-0.113754
-0.110138
-0.0512848
0.0332031
0.0800629
0.149658
0.262589
0.590652
0.592651
0.969955
0.900391
1.54787
0.986496
0.885559
-1.12901
0.742645
0.956818
0.601379
0.626572
-0.142532
0.178162
0.0640106
0.183075
0.129898
-0.0384216
-0.110291
-0.0736847
-0.017868
0.112747
-0.0177917

[11]
-0.00457764
0.208725
0.235229
0.188889
0.0684509
-0.0109253
-0.0971832
-0.486786
-0.882645
-1.63235
-0.927414
-1.2359
-0.604996
-0.209076
-0.43605
-0.400574
-0.155212
-0.142822
-0.0753326
-0.044754
0.0162964
0.103363
0.169266
0.191605
0.061615
0.31012
0.182465
0.730179
0.909637
1.63162
0.829437
-0.205353
0.88176
1.66397
-0.537766
0.780579
0.146652
0.215683
0.0939331
0.12529
0.114578
0.140961
-0.0476074
-0.000518799
0.0780182
0.18071
0.0810852
0.0931244
0.187073
0.161743

[12]
0.0611115
-0.0687561
-0.154327
-0.0100098
-0.383911
-0.663971
-1.63054
-0.308151
-1.54941
-1.02454
-0.228485
-0.00396729
-0.369568
-0.359451
-0.140366
0.0193481
0.113586
0.156021
0.153656
0.171539
0.215775
0.273132
0.621689
0.646133
0.53653
0.923676
1.38612
1.15488
1.07355
-0.807526
0.569504
1.1114
0.503326
0.135666
0.318466
-0.0433655
0.111084
0.00721741
-0.00550842
0.00117493
-0.117188
-0.0893707
0.0103455
0.0289917
0.0724792
-0.00956726
0.0431519
0.168915
0.205322
-0.0162048

[13]
-0.115295
-0.163651
-0.519333
-0.687149
-1.769
-0.414536
-1.40517
-0.795166
-0.250122
-0.382767
-0.355179
-0.21608
-0.159378
-0.0791626
-0.0338287
0.0166779
0.119507
0.178635
0.269073
0.357468
0.67276
0.668839
0.352325
0.72847
1.74179
1.02954
0.642487
-0.0731201
0.940445
-0.229126
0.716736
0.458054
-0.0770721
0.0736084
0.178665
0.0393524
-0.0940857
0.0549316
-0.146057
-0.104584
-0.0196533
0.114578
0.133606
0.0560303
0.0769043
0.107193
0.0779419
-0.0720367
-0.0314941
-0.0399933

[14]
-0.46347
-0.799225
-2.00272
-0.468704
-1.57005
-1.22455
-0.480453
-0.291794
-0.394897
-0.236404
-0.138611
-0.0548248
0.00628662
0.0509949
0.149963
0.195267
0.28038
0.35231
0.642212
0.567505
0.715164
0.989151
1.41818
0.842361
0.0758057
0.555252
1.65166
0.307617
0.325287
0.159058
0.000656128
0.109726
-0.104019
0.25824
0.152847
0.0911102
0.0671387
-0.0342712
0.070282
0.125061
0.115585
-0.0362701
-0.0515594
-0.0759735
0.0387268
-0.0265045
-0.00302124
-0.0649567
-0.469009
-0.846725

[15]
-1.70688
-0.7491
-1.2984
-0.694138
-0.388794
-0.486633
-0.463135
-0.197845
-0.174408
-0.080368
-0.0552521
-0.000640869
0.0373077
0.125885
0.201492
0.207581
0.601807
0.573578
0.796402
0.771805
1.81754
1.48927
0.110489
-0.143433
2.02386
-0.226562
0.903442
0.585693
0.0555878
0.199554
0.0464172
0.105774
0.0847931
-0.0593567
0.00117493
-0.0417633
0.0487976
0.111481
0.0984039
0.00820923
0.139359
0.176514
0.103958
-0.0583954
-0.071167
-0.351593
-0.559021
-1.74861
-0.40567
-1.62091

[16]
-0.821991
-0.0187836
-0.0108795
-0.389664
-0.301102
-0.221481
-0.167694
-0.0780792
0.040451
0.0614929
0.13269
0.209274
0.343887
0.716019
0.712296
0.52269
0.925842
1.57556
1.39665
1.45427
-0.555908
1.36267
0.154907
0.43309
0.592087
0.174713
0.121338
0.0994568
0.0515289
0.0305023
0.0494232
-0.0608063
-0.166245
-0.0605164
0.0807495
0.0640717
0.0950928
0.132034
0.0134125
0.100998
0.0110474
0.0536346
-0.0189056
-0.376083
-0.573471
-1.95491
-0.800613
-1.3539
-0.903442
-0.158798

[17]
0.300461
-0.411835
-0.417953
-0.18898
-0.159729
-0.127747
-0.00901794
0.0548859
0.0814819
0.108002
0.249542
0.403992
0.394608
0.264633
0.598419
1.3916
1.15796
0.444122
-0.16011
0.872208
1.10783
-0.0847778
0.165009
0.37822
-0.0631866
0.149704
0.214142
0.133469
-0.0309906
-0.0622559
-0.313095
-0.068573
0.0717773
0.141235
0.096405
0.074646
-0.0107574
-0.0220337
0.0692596
0.0258636
0.0202942
-0.253052
-0.60463
-1.09116
-1.46564
-0.685577
-1.18024
-0.803253
-0.425888
-0.0150452

