[1]
-0.102631
-0.0312195
-0.0170593
-0.099884
-0.0768585
-0.149429
-0.215271
-0.245956
-0.340118
-0.460495
-0.583252
-0.724075
-1.06345
-0.882431
-0.856354
-0.69281
-0.468781
0.199142
0.380463
0.405716
0.532028
0.608673
0.653259
0.626953
0.589905
0.536987
0.455444
0.405945
0.239563
0.0227203
-0.190613
-0.50563
-0.884857
-1.07339
-1.05537
-0.922577
-0.719055
-0.587677
-0.800018
-0.294968
-0.333649
-0.414566
-0.576187
-0.501404
-0.273056
-0.291046
-0.0929718
-0.00578308
-0.02565
-0.0752869

[2]
-0.0324554
-0.0105133
0.0197601
0.0059967
-0.0071106
0.00654602
-0.00119019
0.0103149
-0.0226135
-0.0225372
-0.0428925
-0.0379639
-0.00831604
-0.0207825
-0.0512848
-0.0514221
-0.106049
-0.186264
-0.233948
-0.264709
-0.258286
-0.353378
-0.481613
-0.976288
-1.09518
-0.978241
-1.11037
-0.604126
-0.324509
0.600632
0.00511169
0.366135
0.494644
0.553375
0.604019
0.563797
0.542282
0.437424
0.379974
0.308884
0.0847931
-0.144836
-0.426117
-0.807465
-1.0645
-0.968582
-0.773712
-0.649704
-0.530487
-0.416809

[3]
-0.38446
-0.302078
-0.18721
-0.245087
-0.509476
-0.508926
-0.283936
-0.137955
-0.0472565
-0.117157
-0.0693207
-0.10112
-0.0709686
-0.0140839
-0.0163269
0.0122375
0.0180359
0.0150452
0.0109253
0.0058136
0.022644
-0.0214539
-0.056488
-0.0418396
-0.02771
-0.0519867
-0.0715179
-0.125488
-0.129379
-0.163605
-0.175598
-0.175537
-0.209366
-0.300064
-0.457703
-0.735031
-1.04796
-1.11108
-1.05791
-0.761963
-0.638306
0.00418091
0.174072
0.395386
0.483887
0.564911
0.589554
0.560135
0.549042
0.494049

[4]
0.475662
0.382156
0.167511
-0.0155945
-0.215027
-0.581451
-0.868362
-1.00592
-0.921738
-0.689911
-0.532211
-0.421036
-0.496643
-0.368286
-0.359543
-0.274185
-0.436401
-0.540741
-0.370453
-0.198654
-0.232834
-0.051712
0.0328217
-0.0510406
-0.0389862
0.00592041
0.00532532
0.0214386
-0.0206451
-0.0413513
-0.00572205
-0.0204163
-0.0125275
-0.0276031
-0.0085907
-0.0219574
-0.00488281
-0.000946045
-0.0174408
-0.0714874
-0.104507
-0.145248
-0.167679
-0.214722
-0.247818
-0.332321
-0.43782
-0.557617
-0.817032
-1.09665

[5]
-0.955185
-1.00447
-0.657349
-0.531967
0.429962
0.076828
0.344299
0.656311
0.650574
0.669128
0.607224
0.559555
0.498093
0.465134
0.369843
0.146072
-0.0714569
-0.356903
-0.712204
-1.01051
-1.09174
-0.951157
-0.809067
-0.603622
-0.57106
-0.519226
-0.290131
-0.396027
-0.626282
-0.417084
-0.21788
0.0966949
-0.136902
-0.21582
-0.0435181
-0.123413
-0.0836334
-0.0245667
0.0128021
0.00881958
0.00924683
0.00436401
0.0302124
0.0217743
-0.0324554
-0.0388336
-0.0283051
-0.0529785
-0.0466919
-0.029068

[6]
-0.0253601
-0.0669556
-0.133926
-0.11174
-0.166519
-0.279236
-0.276993
-0.472977
-0.747986
-1.0816
-1.09375
-1.09396
-0.938873
-0.514481
-0.215439
0.568222
0.444382
0.34935
0.595535
0.632706
0.618317
0.611832
0.53833
0.49881
0.474304
0.366867
0.174942
-0.0222168
-0.256485
-0.539703
-0.979797
-1.09949
-1.13806
-0.990921
-0.951065
-0.524658
-0.494949
-0.388214
-0.634247
-0.40419
-0.230972
0.00874329
-0.165497
-0.189102
0.0711365
-0.0731201
-0.0801697
-0.0270386
-0.0160065
-0.013092

[7]
-0.00689697
-0.0228424
0.00637817
0.0354004
0.0108032
0.016983
-0.0211945
-0.0514984
-0.0686951
-0.0871735
-0.0672302
-0.0865936
-0.157745
-0.236938
-0.236359
-0.28186
-0.323608
-0.466415
-0.749008
-1.08516
-1.09862
-1.10135
-0.690308
-0.632339
0.391769
0.20285
0.574631
0.461166
0.549255
0.602722
0.569397
0.555099
0.48143
0.40683
0.375443
0.20488
-0.0402527
-0.294434
-0.647079
-1.05753
-1.09274
-1.11398
-0.795105
-0.590775
-0.662659
-0.454376
-0.217728
-0.336624
-0.684937
-0.254974

[8]
-0.188904
-0.164856
-0.149094
-0.0184174
0.003479
-0.0724792
-0.0540009
-0.000839233
0.00456238
-1.52588e-05
-0.0376129
-0.0117645
-0.00285339
-0.00326538
-0.0251923
-0.0208893
-0.0452881
-0.0204926
0.0140839
0.0207825
-0.0465698
-0.15126
-0.187271
-0.237
-0.247742
-0.29361
-0.345825
-0.437866
-0.671356
-0.976562
-1.09584
-0.973206
-0.730713
-0.589355
-0.0269012
0.519577
0.342651
0.257217
0.550217
0.562561
0.554138
0.515976
0.499603
0.452133
0.39122
0.247375
0.0358429
-0.180298
-0.545929
-0.90184

[9]
-1.09294
-1.13794
-1.13075
-0.968948
-0.719223
-0.541306
-0.147552
-0.34317
-0.587921
-0.397675
-0.432129
-0.234604
-0.212875
-0.0512695
0.0413208
-0.0737305
-0.0872345
-0.0152435
-0.00404358
-0.0133362
-0.028183
-0.023819
-0.00584412
-0.0160065
-0.0228119
-0.0155182
-0.0178833
-0.0490723
-0.0294037
-0.0554962
-0.0418549
-0.0899353
-0.169754
-0.163712
-0.203506
-0.250946
-0.308533
-0.532501
-0.927231
-1.08112
-1.04463
-1.106
-0.603165
-0.547363
0.359634
0.0942078
0.448639
0.618332
0.673859
0.707275

[10]
0.66507
0.582962
0.531967
0.443634
0.305817
0.0722656
-0.141434
-0.492126
-0.905762
-1.07449
-1.11034
-0.966263
-0.844025
-0.582123
-0.474991
-0.508682
0.0161285
-0.342361
-0.61438
-0.374161
-0.373871
-0.187775
-0.1698
0.0426636
-0.0187683
-0.110687
-0.037796
-0.0359039
-0.0207367
-0.0157013
-0.0158844
0.011322
0.0117188
-0.00276184
-0.00704956
3.05176e-05
-0.0343781
-0.0696564
-0.056427
-0.0571136
-0.123032
-0.16069
-0.210403
-0.225311
-0.247543
-0.246216
-0.440781
-0.849548
-1.08742
-1.06641

[11]
-1.11697
-0.673141
-0.541809
0.436066
0.120087
0.469971
0.666885
0.699768
0.694611
0.633377
0.593597
0.496384
0.441284
0.297302
0.0246582
-0.254333
-0.608765
-0.999405
-1.07811
-1.10982
-0.796112
-0.64389
-0.488037
-0.463058
-0.379105
-0.377197
-0.452087
-0.606445
-0.517441
-0.149933
-0.0792389
-0.110962
0.0949097
-0.0211792
-0.0926208
-0.0305023
0.00376892
0.00276184
0.0039978
-0.0357513
-0.0530548
-0.0249939
-0.0040741
-0.018219
-0.00372314
-0.0532379
-0.075592
-0.0467072
-0.0821533
-0.0705719

[12]
-0.110901
-0.173187
-0.210373
-0.20224
-0.175049
-0.271118
-0.428711
-0.759094
-1.08148
-0.939865
-1.07559
-0.652023
-0.545151
0.225021
0.0835571
0.389191
0.47966
0.593781
0.632935
0.59111
0.552002
0.548782
0.51564
0.424225
0.273712
0.0920105
-0.118423
-0.45752
-0.959274
-1.08456
-1.12498
-0.951035
-0.773331
-0.53775
-0.699936
0.0430145
-0.470612
-0.637802
-0.582199
-0.360641
-0.208145
-0.00537109
0.0307465
-0.0672302
-0.0915375
-0.0706024
-0.0209656
-0.000595093
-0.00700378
-0.0505219

[13]
-0.00343323
-0.00764465
-0.00282288
0.0285492
0.00268555
-0.0358582
-0.0385895
-0.0249786
0.00360107
-0.0481415
-0.0984192
-0.165833
-0.201324
-0.230377
-0.220795
-0.328903
-0.532944
-0.978867
-1.09061
-1.10384
-1.03067
-0.58136
-0.285446
0.571091
0.121613
0.452682
0.54541
0.617249
0.630661
0.597565
0.5354
0.468445
0.412445
0.192642
-0.00100708
-0.278915
-0.61969
-1.0078
-1.08263
-1.11487
-0.87326
-0.638489
-0.46666
-0.582321
-0.229111
-0.280472
-0.367447
-0.383484
-0.122345
-0.241257

[14]
-0.174728
-0.0759583
-0.0424194
-0.0421906
-0.0970154
-0.0113831
0.0042572
-0.0155945
-0.0521088
-0.0348969
0.0018158
-0.0063324
0.00338745
-0.000961304
-0.0134125
-0.0377197
-0.0352936
-0.0874786
-0.114502
-0.112488
-0.18808
-0.210632
-0.216934
-0.332794
-0.454712
-0.644623
-0.906906
-1.09251
-1.05247
-0.908157
-0.641235
-0.416534
0.604767
0.363861
0.411774
0.611588
0.649048
0.673111
0.677322
0.604675
0.551605
0.478439
0.312759
0.106262
-0.147751
-0.472031
-0.820511
-1.06384
-1.09537
-0.833817

[15]
-0.735336
-0.542206
-0.526123
-0.431335
-0.408997
-0.37999
-0.530151
-0.399551
0.0225677
-0.257584
-0.0810089
0.0354614
-0.102554
-0.0561371
0.00354004
0.00315857
0.019165
-0.0403442
-0.0682983
-0.00836182
0.00550842
-0.0184937
-0.0085144
-0.028595
-0.000808716
-0.00643921
-0.0288696
-0.0686951
-0.104553
-0.164139
-0.183182
-0.186646
-0.236526
-0.320572
-0.499985
-0.857162
-1.07822
-1.0112
-0.98645
-0.614212
-0.560074
0.182587
0.328735
0.524811
0.435349
0.591431
0.645355
0.628143
0.61232
0.51535

[16]
0.483398
0.374649
0.223404
-0.0176086
-0.302048
-0.647934
-0.996704
-1.08727
-1.02145
-0.779755
-0.639496
-0.743835
-0.423065
-0.310654
-0.325073
-0.442429
-0.284393
-0.194763
-0.179611
-0.111664
-0.061676
-0.0240173
-0.0369873
-0.123734
-0.0161896
0.00556946
0.0238342
-0.0277405
-0.0737915
-0.0475464
0.000518799
-0.00733948
-0.00697327
-0.00715637
-0.00123596
-0.0128326
-0.0346069
-0.0274506
-0.00752258
-0.0788116
-0.0991974
-0.1698
-0.174683
-0.212997
-0.219284
-0.328461
-0.476929
-0.684143
-1.06741
-1.09569

[17]
-0.961044
-0.763046
-0.618698
-0.111038
0.586334
0.311035
0.423294
0.622955
0.689438
0.706192
0.652267
0.592117
0.519394
0.424667
0.177658
-0.0521088
-0.301422
-0.659225
-0.91568
-1.01532
-0.953018
-0.927673
-0.707993
-0.513046
-0.615402
-0.343628
-0.206848
-0.400681
-0.568298
-0.191086
-0.146896
-0.036377
-0.0977936
-0.0497437
-0.0361328
-0.122452
-0.0317383
0.0247345
-0.016861
-0.0767975
-0.0477448
0.0102234
0.0296783
-0.003479
-0.0406494
-0.0482941
-0.0285187
-0.0306244
-0.0224762
-0.0649567

[18]
-0.138992
-0.164719
-0.191864
-0.199127
-0.210846
-0.251389
-0.357498
-0.514648
-0.882019
-1.08887
-0.911774
-0.953598
-0.764801
-0.295364
0.580109
0.115631
0.306854
0.70874
0.665741
0.655457
0.586395
0.563797
0.494614
0.447571
0.329727
0.0435181
-0.239609
-0.591095
-1.00983
-1.08507
-1.10867
-0.758499
-0.609238
-0.466553
-0.44664
-0.409775
-0.494827
-0.544968
-0.264862
-0.344971
0.00144958
-0.220306
-0.035141
0.0383759
-0.0910645
-0.0655823
-0.00799561
-0.00822449
0.00178528
-0.0306854

[19]
-0.0340118
-0.0128174
-0.0075531
-0.00804138
-0.0224762
-0.0259705
-0.0249939
-0.0259094
-0.0809784
-0.0847168
-0.117401
-0.155807
-0.177521
-0.241547
-0.285706
-0.377884
-0.604431
-0.970154
-1.08536
-0.881622
-0.912994
-0.652512
-0.278702
0.616058
0.555069
0.392029
0.566666
0.585724
0.562637
0.535843
0.513184
0.45726
0.376404
0.209442
-0.0314789
-0.306519
-0.642273
-1.04214
-1.09549
-1.13231
-0.90097
-0.513657
-0.5952
-0.421539
-0.428513
-0.357147
-0.575699
-0.200699
-0.227478
-0.144318

[20]
-0.189468
-0.140091
0.0365753
-0.0787811
-0.0722198
0.00369263
-0.019043
-0.0200043
-0.0282898
-0.0534973
-0.000198364
0.00987244
-0.0245972
-0.0446167
-0.018631
-0.0262604
-0.0254364
-0.0410919
-0.0414581
-0.0887451
-0.141006
-0.211517
-0.244049
-0.273605
-0.275726
-0.397552
-0.74881
-1.05251
-1.10092
-1.11446
-0.697952
-0.592026
0.0563049
0.338867
0.502335
0.38446
0.534668
0.568939
0.535416
0.51445
0.413132
0.375076
0.267792
0.0986633
-0.0793304
-0.309326
-0.730927
-1.00436
-1.09827
-1.07225

[21]
-0.844833
-0.551285
-0.546432
-0.281555
-0.536926
-0.514114
-0.713104
-0.17421
-0.170609
-0.109512
-0.18956
0.0183563
-0.0688934
-0.0864563
-0.0179901
0.00819397
0.0127716
-0.0163422
-0.0422211
-0.0373077
0.00785828
-0.0107574
-0.0171814
-0.00196838
-0.0340881
-0.0381165
-0.0226593
-0.0655365
-0.101715
-0.140396
-0.212372
-0.205627
-0.284698
-0.327896
-0.486771
-0.861465
-1.08727
-0.980209
-1.06992
-0.633972
-0.628784
0.20462
0.200546
0.508698
0.471436
0.604233
0.656525
0.636612
0.612991
0.562454

[22]
0.476273
0.365433
0.198975
-0.0251007
-0.398865
-0.861526
-1.06201
-1.09473
-1.04424
-0.77626
-0.55484
-0.471024
-0.359787
-0.378311
-0.490463
-0.451202
-0.30545
-0.077652
-0.255875
0.00538635
0.00973511
-0.0301971
-0.10437
-0.033432
-0.00842285
-0.0166931
-0.0264587
-0.0410309
-0.0231628
-0.0177002
0.00152588
0.0185852
-0.00361633
-0.0175171
-0.0103149
-0.0380707
-0.0608826
-0.0555878
-0.102173
-0.164764
-0.174744
-0.233459
-0.264572
-0.295532
-0.478561
-0.797363
-1.05319
-0.910202
-1.06644
-0.626129

[23]
-0.504089
0.176636
0.317871
0.596268
0.470581
0.589111
0.629303
0.61824
0.587296
0.488953
0.457245
0.306686
0.0896606
-0.163208
-0.47876
-0.821808
-1.03656
-1.09483
-0.969086
-0.81752
-0.603897
-0.42868
-0.369446
-0.258423
-0.490295
-0.37059
-0.376968
-0.015274
-0.279449
-0.09935
0.0554199
-0.0811615
-0.0756073
-0.00128174
-0.00619507
-0.00675964
-0.0586853
-0.0606842
-0.00180054
0.00384521
-0.00088501
-0.00474548
-0.0137634
-0.0371094
-0.0179138
-0.0400391
-0.0403748
-0.126541
-0.11087
-0.108795

[24]
-0.111038
-0.173706
-0.221558
-0.251419
-0.369141
-0.60083
-0.998459
-1.09305
-0.895081
-0.780258
-0.669342
-0.237534
0.625839
0.136948
0.403259
0.598343
0.646423
0.657227
0.601974
0.527786
0.477814
0.391937
0.211655
-0.0209961
-0.281281
-0.596359
-0.857864
-1.03883
-0.82785
-0.604935
-0.464798
-0.381653
-0.310455
-0.355103
-0.273697
-0.420105
-0.338821
-0.309814
-0.365784
-0.26297
-0.0948029
0.0129242
0.0360413
-0.0444641
-0.0752411
-0.0254669
0.00820923
0.0098877
-0.0414276
-0.0610199

[25]
-0.032486
-0.00553894
0.0115051
-0.0159149
-0.0209961
-0.0286713
-0.0159912
0.00263977
-0.0238647
-0.0614929
-0.120956
-0.179611
-0.190674
-0.206451
-0.19931
-0.294083
-0.459045
-0.778381
-1.00418
-0.863937
-0.960571
-0.749069
-0.560806
0.00646973
0.693726
0.514526
0.462326
0.54422
0.660797
0.722519
0.618362
0.551865
0.429596
0.317841
0.233124
0.042923
-0.223679
-0.508499
-0.809738
-0.898102
-0.805344
-0.869019
-0.744003
-0.532486
-0.478226
-0.394821
-0.274338
-0.580627
-0.553665
-0.206024

[26]
-0.419113
0.124435
-0.15976
-0.0767822
-0.033844
-0.0885468
-0.0505981
0.00428772
-0.01828
0.0311432
0.00978088
-0.00796509
0.0106659
-0.0123291
-0.00718689
-0.0123138
-0.0318451
-0.0513458
-0.0572815
-0.0483093
-0.0609436
-0.110153
-0.159561
-0.221237
-0.240234
-0.308823
-0.420929
-0.65033
-1.00307
-1.08952
-0.846024
-0.781876
-0.458649
-0.199203
0.546387
0.0747528
0.123993
0.582382
0.584427
0.603546
0.54129
0.451736
0.381668
0.3526
0.220276
0.00552368
-0.272797
-0.632233
-0.932312
-0.982681

[27]
-0.931931
-0.69603
-0.534958
-0.441666
-0.458664
-0.317902
-0.33873
-0.409714
-0.476715
-0.415237
-0.1073
-0.156418
-0.0839844
0.0575867
-0.112274
-0.0721436
-0.0132141
0.0207672
-0.00924683
-0.00935364
-0.0113831
0.0244293
-0.00547791
-0.0122986
-0.00485229
0.0168915
0.00674438
-0.041748
-0.0804901
-0.0605927
-0.0586243
-0.12114
-0.185257
-0.24292
-0.267654
-0.29126
-0.414993
-0.684113
-1.03329
-1.0909
-0.943283
-0.757034
-0.48938
-0.0480499
0.371292
0.429413
0.359818
0.560715
0.632553
0.651352

[28]
0.644897
0.569473
0.508072
0.408356
0.191589
-0.0525513
-0.35347
-0.747971
-1.05386
-1.0847
-0.920029
-0.920975
-0.454926
-0.565964
-0.534195
-0.464249
-0.47879
-0.339111
-0.331711
-0.00679016
-0.098877
-0.0398102
0.0737457
-0.0826263
-0.115356
-0.0392151
-0.0230713
-0.0420685
-0.0441895
-0.031311
0.00248718
-0.0155792
-0.0154572
-0.000595093
-0.00796509
0.0155487
-0.019043
-0.0670929
-0.119949
-0.104568
-0.115128
-0.180786
-0.271149
-0.302017
-0.3526
-0.474106
-0.846375
-1.03897
-0.921082
-1.10648

[29]
-0.651321
-0.4431
0.466476
-0.0370636
0.337112
0.491333
0.611099
0.634171
0.599609
0.574692
0.518326
0.434448
0.314926
0.0831604
-0.16861
-0.480316
-0.82457
-1.05981
-1.11148
-0.955383
-0.677689
-0.501114
-0.465134
-0.41095
-0.468079
-0.547836
-0.302902
-0.29155
-0.112457
-0.158585
-0.0789032
-0.0491333
-0.0874176
-0.0782776
-0.00382996
-0.00369263
0.00730896
-0.0265198
-0.0313873
-0.00108337
0.0391693
0.0182648
-0.000350952
-0.0269623
-0.0482025
-0.0339203
-0.0275116
-0.0332642
-0.0840912
-0.111984

[30]
-0.181274
-0.310883
-0.278992
-0.294952
-0.39093
-0.631973
-0.968048
-1.08417
-1.02356
-0.937927
-0.549438
-0.208008
0.714325
0.360474
0.491318
0.609528
0.653061
0.68515
0.620041
0.537125
0.468872
0.375885
0.246155
0.0490265
-0.15538
-0.474854
-0.856949
-1.06421
-1.10088
-0.932434
-0.706772
-0.478867
-0.454865
-0.395584
-0.169586
-0.422546
-0.630753
-0.369263
-0.421967
-0.101532
-0.0956116
0.126373
-0.0806122
-0.140167
0.00482178
0.0470734
0.0380859
0.0233002
-0.018158
-0.0534515

[31]
-0.0463562
-0.0499268
-0.0296631
-0.0105133
-0.00364685
-0.0167084
-0.0262909
-0.0200195
-0.0523376
-0.0922241
-0.136063
-0.186386
-0.25351
-0.239578
-0.337234
-0.552002
-1.00923
-1.08937
-0.955353
-0.863968
-0.521851
-0.315842
0.699997
0.296722
0.501709
0.662384
0.717178
0.698013
0.617935
0.552078
0.479111
0.36998
0.183197
-0.00198364
-0.263092
-0.503723
-0.872726
-0.655563
-0.995728
-0.850616
-0.669174
-0.482178
-0.537704
-0.221344
-0.281952
-0.15065
-0.436554
-0.407425
-0.484741
0.0436096

