[1]
0.0927277
-0.637192
0.146072
-0.328537
-0.366196
-0.658691
-0.156174
-0.022522
0.0479889
0.0192719
0.041153
0.0246277
0.0789948
0.0940247
0.0372009
-0.00749207
-0.0489807
-0.0337067
0.0408783
-0.0147858
0.0471649
-0.00140381
0.0218201
-0.0712433
-0.120911
0.629669
0.574631
0.37738
0.481445
0.630508
0.29216
-0.079422
0.117722
0.0339661
-0.0302582
0.0624542
0.0895844
0.0787659
0.0562592
-0.0558319
-0.0717163
0.0392761
0.115494
0.0710144
0.0429688
0.0555573
0.130356
0.13591
0.0875854
0.0630798

[2]
0.0765533
0.0137329
0.0515747
0.0606232
0.0687408
0.0148621
0.0402832
0.0116577
0.0942535
-0.108826
-0.207275
-0.409439
0.158081
-0.297058
-0.357712
-0.742569
-0.102341
-0.157196
-0.0505524
-0.0435333
-0.0533752
-0.0616608
-0.00773621
0.0426636
-0.0132446
-0.0542603
-0.0622406
-0.0537872
-0.0294647
-0.0451202
0.0330505
0.0985718
0.0852509
-0.0106201
-0.336639
0.693314
0.577332
0.154251
0.587601
0.473312
-0.090271
0.0686646
-0.101868
0.0217896
0.0467834
0.0322113
0.0632935
0.0588379
-0.105331
-0.0648804

[3]
-0.0121155
0.0693665
0.0737915
0.0755463
0.0703583
0.0890808
0.0621948
0.0500336
0.0470428
0.0765381
0.086319
0.0375671
0.0253754
0.0769958
0.0867462
0.140228
0.0750275
-0.0149689
-0.115829
-0.43071
-0.746704
-0.189377
0.206696
-0.135437
-0.414932
-0.768692
-0.215744
-0.0914307
0.00387573
0.112305
-0.0257874
-0.0805664
-0.0361633
0.0100555
-0.0145874
-0.0734558
-0.103134
-0.076889
-0.0411682
-0.0428467
-0.082428
-0.108704
-0.0173035
-0.0255585
-0.311081
0.445328
0.439148
0.343781
0.500549
0.383072

[4]
-0.612686
-0.0851898
-0.000350952
-0.00222778
0.0296631
0.00323486
0.0949554
-0.024292
-0.0285187
-0.161804
-0.0359497
0.113129
0.0959625
0.0443878
0.0439148
0.0692291
0.0606689
0.0481262
0.0839691
0.103027
0.0271149
0.0158539
0.0942078
0.0415802
0.0326538
0.0431519
0.0160675
-0.0596161
-0.226883
-0.914764
-0.179169
0.0125427
-0.312103
-0.646423
-0.171295
-0.119476
-0.215652
-0.16391
-0.0337219
-0.0654602
-0.0753479
-0.0453339
-0.0113983
-0.00050354
0.00234985
0.0417938
0.0280304
0.0134888
-0.046463
0.0226135

[5]
0.174088
0.359894
0.694687
0.517929
0.135681
0.548187
0.47522
-0.468521
-0.107452
0.0954285
0.129623
-0.0322876
0.0105286
0.139465
0.0736084
-0.0211487
-0.131302
-0.0562744
0.0643463
0.135529
0.0139465
-0.0285645
0.0213013
0.0664978
0.0496521
0.0185547
0.0553741
0.0523224
0.0498962
0.0846863
0.0587158
0.0353088
-0.000320435
0.0724487
0.0559998
0.03302
-0.337524
-0.950623
0.0170441
-0.214828
-0.403946
-0.77623
-0.369858
-0.280334
-0.136826
-0.048233
-0.103561
-0.15567
-0.086441
-0.0108643

[6]
-0.0233154
-0.127197
-0.165298
-0.196716
-0.136612
-0.169464
-0.255936
-0.15921
-0.0911102
-0.0204315
-0.0831757
0.244888
0.578125
0.305573
0.391083
0.435211
0.142609
-0.260147
0.104294
0.0667877
0.0260773
0.0574646
-0.0357971
0.100464
0.0656128
-0.0025177
-0.192688
-0.00917053
0.125656
0.113541
0.0341339
-0.0155334
0.00502014
0.0250854
0.0428162
0.0608826
0.0542297
0.0183716
-0.000106812
0.0247345
0.0234528
0.0365143
0.0773468
0.00920105
-0.107269
-0.175262
-0.128952
-0.210098
-0.439346
0.206741

[7]
-0.152222
-0.424774
-0.546585
-0.305984
-0.190552
-0.0301361
-0.052597
-0.0545654
-0.0830231
-0.0397644
-0.00735474
-0.0523682
-0.166733
-0.176849
-0.184738
-0.153351
-0.149078
-0.109634
-0.141159
-0.190033
-0.121399
-0.179794
0.108109
0.596939
0.444672
0.750168
0.845657
0.0613556
0.0828705
-0.186569
0.0876007
-0.101318
0.00175476
0.0463867
0.0895844
0.0747986
-0.00788879
-0.171906
-0.165451
0.0137634
0.108536
0.111069
-0.00996399
-0.0806885
0.0417175
0.0882874
0.0580902
0.0333557
0.0361633
0.00216675

[8]
0.000610352
0.0136108
-0.00154114
0.0277863
-0.0140228
0.0127258
-0.023941
-0.180374
-0.192413
-0.46637
-0.105911
0.0548553
-0.367828
-0.523148
-0.502197
-0.336258
-0.125702
-0.132614
-0.0489197
-0.0152588
0.0135956
0.0532684
0.0251923
-0.0563049
-0.123047
-0.103745
-0.0822449
-0.0432129
0.0799408
-0.0943146
-0.119827
0.101349
0.0926361
0.0518494
0.776794
0.546448
0.164398
0.279037
0.355331
-0.0740051
0.0868073
0.0483398
-0.0603027
0.0177917
-0.0568695
0.0580292
0.112167
-0.0156097
-0.132919
-0.0898895

[9]
0.0398102
0.139938
0.0933075
-0.0517883
-0.0559692
0.0190582
0.0817108
0.055191
0.0106659
-0.0127563
0.0253143
0.0478363
0.0153656
0.0606232
0.00473022
0.00923157
0.0621338
0.0183716
-0.0549164
-0.103058
-0.306396
-0.619904
-0.0584564
0.196686
-0.235855
-0.454971
-0.632874
-0.259232
-0.193741
-0.0352173
-0.036026
-0.0730743
-0.111816
-0.0731049
-0.0444489
-0.078598
-0.14798
-0.209045
-0.204132
-0.114487
-0.206985
-0.363129
-0.307526
-0.143982
-0.20871
-0.370102
0.304184
0.655029
0.80809
0.953598

[10]
0.130051
0.102234
-0.263748
-0.138489
-0.106979
0.0405579
0.0901031
0.158173
0.036026
-0.0292206
-0.220291
-0.0865021
0.139481
0.141449
0.00857544
-0.0696716
-0.0361481
0.0487213
0.0572815
0.0395508
0.0438995
0.0217285
0.0559692
0.0254517
0.0413666
0.0636139
0.0567017
0.109131
0.0831146
0.010025
-0.201706
-0.295059
-0.518768
-0.206253
0.0720215
0.125671
-0.306076
-0.723343
-0.362564
-0.0875549
0.102753
0.041626
-0.0105896
-0.0331573
0.0400085
0.0992432
0.0730743
-0.0145874
-0.0742035
-0.0953064

[11]
-0.0699921
-0.0490417
-0.08284
-0.156891
-0.175644
-0.218582
-0.167496
0.372147
0.540085
0.0246124
0.0616608
0.140839
0.00604248
0.137238
-0.0174255
0.0931396
0.024292
-0.0982819
0.0222626
0.0080719
-0.0781097
-0.0826111
0.000915527
0.0968323
0.0839996
0.00227356
-0.0199432
0.0124359
0.0583954
0.0866394
0.053009
0.0400696
0.0194855
0.0376282
0.057785
0.0486603
0.1306
0.124878
0.072403
-0.080368
-0.16597
-0.450058
-0.524231
-0.0762177
0.116821
0.168625
-0.248398
-0.667587
-0.370514
-0.174713

[12]
0.121033
0.0485992
-0.0150299
-0.0610962
-0.0173798
0.0743713
0.0567932
-0.0720062
-0.157486
-0.190109
-0.16922
-0.195053
-0.228165
-0.248596
-0.208435
-0.306595
-0.410934
0.293808
0.62352
0.914917
-0.14064
0.195999
-0.318634
0.327316
-0.0858459
0.00750732
0.0982361
-0.00138855
0.0282898
-0.0189209
-0.11795
-0.0724182
0.12114
0.113235
0.0510559
-0.0142059
0.0166473
0.0596161
0.0326385
0.025528
0.0389557
0.0225983
0.0453033
0.0379791
0.0752869
0.0337067
0.0163727
0.0695953
0.0553894
-0.0260773

[13]
-0.180756
-0.282715
-0.326309
0.0843658
0.0301208
-0.394943
-0.673859
-0.419128
-0.190811
0.0585175
0.0218353
-0.00218201
-0.067749
0.0216827
0.0465088
-0.00579834
-0.0520172
-0.102325
-0.0740662
-0.051651
-0.0862579
-0.128799
-0.165558
-0.159378
-0.346558
-0.15802
0.468292
0.59436
0.599915
0.0601044
0.101532
0.0444946
0.270645
-0.147766
-0.00515747
0.0188904
0.0210266
0.0689545
0.0119934
-0.139008
-0.122604
0.0565186
0.121399
0.0576782
0.0133972
-0.0315704
0.0375061
0.0937195
0.0977783
0.0390625

[14]
0.0368042
0.0105743
0.0612488
0.0626984
0.0183258
0.0922241
0.103134
0.00654602
-0.109665
-0.374039
-0.465286
-0.450134
0.110626
0.0171051
-0.308167
-0.620056
-0.331573
-0.15303
0.0394287
0.00700378
-0.0155334
-0.0796356
-0.0488892
0.0170593
0.0339355
0.00454712
-0.0292816
-0.0483551
-0.00535583
-0.0258636
-0.0378723
-0.0928955
0.0132446
-0.192932
-0.155258
0.200745
0.52327
0.217987
-0.129715
-0.194382
-0.0323486
0.420639
0.0597382
0.128479
0.00178528
-0.124893
0.00454712
-0.042099
-0.130676
-0.036972

[15]
0.0423126
0.0707703
0.028183
0.0163879
0.0394135
0.0561066
0.0508423
0.0578003
0.00744629
0.0135651
0.0440216
0.0587921
0.0462189
0.0993652
0.0729065
-0.0298309
-0.0513916
-0.162628
-0.289093
-0.693298
0.0862427
0.119171
-0.323837
-0.583374
-0.516235
-0.281219
-0.0702362
-0.0302124
-0.0224457
-0.0542145
-0.0289154
0.0223389
0.02034
-0.0196991
-0.0185852
-0.0644989
-0.036026
-0.0613708
-0.133255
-0.168396
-0.212952
-0.23645
-0.198059
0.270889
0.707108
0.677216
-0.122849
0.234421
-0.236481
0.319885

[16]
-0.0241089
0.036377
0.0269012
-0.0721893
0.0817413
-0.0195312
-0.148819
-0.0687256
0.0390625
0.117615
0.076416
0.00109863
0.023056
0.0500946
0.0905914
0.0708771
0.0167236
0.0305176
0.0347443
0.045929
0.0726471
0.0496368
0.0885468
0.029953
-0.0115356
-0.0588837
-0.0327911
-0.187027
-0.340912
-0.294479
0.0566406
-0.192291
-0.564697
-0.696671
-0.273529
-0.112228
0.00938416
-0.0947723
-0.138702
-0.107162
-0.0125275
0.0362701
-0.0470276
-0.134644
-0.160049
-0.129181
-0.100052
-0.169861
-0.133209
-0.126862

[17]
-0.181717
-0.405273
-0.482056
0.525375
0.606796
0.615906
0.236984
0.381393
-0.276001
0.188522
0.016571
-0.0324402
0.0146179
-0.00575256
0.0731659
0.0120087
-0.00680542
-0.178101
-0.0429993
0.0960541
0.0929565
0.00502014
-0.0548096
0.0118256
0.0535889
0.0467529
0.0202637
0.0276337
0.026062
0.011322
0.0388947
-0.00866699
0.0303345
0.129822
0.0380402
-0.111969
-0.177719
-0.207031
-0.727386
0.131012
-0.0883789
-0.372818
-0.522522
-0.378113
-0.159271
-0.0839996
-0.0170288
-0.0538025
-0.0909576
-0.0582428

[18]
0.0385284
0.0292358
-0.0223389
-0.0332336
-0.030014
0.0556793
0.0454254
-0.0236053
0.0522461
0.0395355
-0.127869
-0.464371
0.428513
0.556534
0.567581
0.0522156
0.210541
-0.106995
0.1604
-0.00886536
0.0412445
0.0854034
-0.0175323
0.00868225
0.0237732
-0.052124
-0.136703
-0.0288849
0.0791016
0.143219
0.0476227
-0.0367279
-0.0347595
0.034729
0.0592194
0.0563965
0.0364227
-0.0039978
-0.0149841
-0.00897217
0.0211029
0.0327606
0.136414
0.0276642
-0.0442963
-0.0653992
-0.204941
-0.467529
-0.315308
0.0700378

[19]
-0.121857
-0.448425
-0.526154
-0.183716
-0.249863
-0.0308838
-0.0573883
-0.122665
-0.114502
-0.080658
-0.0503082
-0.00648499
0.0146179
0.0134583
0.00715637
0.0349426
0.0292664
-0.0312042
0.0502167
0.0263367
-0.165436
-0.242065
0.0566864
0.38501
0.283798
0.153107
0.307266
-0.293045
0.338715
0.0591736
-0.087265
-0.0259094
-0.173737
0.0906677
0.00340271
-0.159988
-0.0690002
0.0619965
0.115128
0.055191
0.022934
0.033844
0.0458221
0.03508
0.0255737
0.0419464
0.0392761
0.0742188
0.0867157
0.0417023

[20]
-0.0216217
0.0151062
0.00743103
-0.0282288
0.0342102
-0.296631
-0.429504
-0.0179291
-0.0512695
-0.561798
-0.626846
-0.389679
-0.0852509
0.0732727
-0.031723
-0.110321
-0.103149
-0.0327148
0.00402832
0.0216064
-0.0286713
-0.0158234
-0.0169678
-0.0407104
-0.00572205
-0.147934
-0.215591
-0.183838
-0.451324
-0.363739
0.30452
0.63092
0.744751
0.550354
0.210968
-0.198349
0.17244
0.062439
-0.193512
-0.0297852
0.0218811
0.0890808
0.0355072
0.0404205
-0.127701
-0.0750885
0.0728607
0.134384
0.0436096
-0.0587158

[21]
-0.0507965
0.0546722
0.0909882
0.00679016
-0.00398254
-0.0198517
0.039505
0.0043335
0.0382233
0.0472717
0.0869598
0.0215149
-0.069046
-0.393951
-0.76358
-0.401993
-0.00158691
-0.314041
-0.467773
-0.426895
-0.0505676
-0.0168457
-0.114929
-0.0368195
0.0317078
0.0887146
0.0677338
0.0138702
0.0280914
0.0274353
0.0337219
0.0657654
0.0507812
0.0806885
0.132645
0.162476
-0.0745697
-0.0219421
0.602646
0.432343
0.0963287
0.219696
0.414413
-0.399216
0.33551
0.215942
0.0164185
0.0345001
-0.100357
-0.00643921

[22]
0.0035553
-0.0145569
-0.0435486
-0.00749207
0.0152588
0.0269012
0.00811768
0.0290375
0.0158844
0.0270233
0.00932312
-0.0404663
-0.00669861
0.0654602
0.0387878
0.0300446
0.00689697
0.0379486
0.0389862
0.0595551
-0.0596924
-0.195404
-0.278992
-0.395264
-0.408127
0.0541382
-0.141678
-0.483154
-0.745148
-0.282623
-0.0913239
-0.00543213
-0.116318
-0.0988922
-0.0678864
0.0315399
0.0711975
-0.0144653
-0.0391998
0.00866699
0.0564423
0.182495
0.18927
0.199081
0.118881
0.0503235
-0.28418
0.00157166
0.2854
0.474335

[23]
-0.0784607
0.219391
0.0127563
0.35643
-0.0255585
-0.0581818
-0.0204468
-0.11174
-0.0298767
0.00782776
-0.0423431
-0.0557709
-0.00611877
0.0416412
0.0699768
0.0447693
0.0378571
0.0403442
0.0255432
0.0550079
0.0483398
-0.00346375
-0.00190735
0.0393066
0.0826263
0.0469818
0.0783234
-0.0307312
-0.0728455
-0.163101
-0.415924
-0.686691
0.0170746
-0.148956
-0.557617
-0.53244
-0.324829
-0.145828
-0.0799103
-0.0987244
-0.0503998
0.0272217
0.0467072
-0.0408325
-0.121674
-0.116486
-0.0646362
-0.0323181
-0.0379639
0.015686

[24]
0.00331116
-0.227173
-0.244354
-0.302292
-0.205704
0.380646
0.219681
0.987701
0.11467
0.201645
-0.233505
0.25473
0.00392151
-0.181808
-0.0137329
-0.0534515
0.108994
0.0362701
-0.0526581
-0.183136
-0.113174
0.0340118
0.120331
0.0669556
-0.0393829
-0.00617981
0.00740051
0.0428314
0.0701294
0.0182343
-0.0225067
0.00372314
0.0387726
0.0169678
-0.00822449
0.0394287
0.024292
-0.0509644
-0.405869
-0.664642
-0.00923157
-0.357956
-0.738739
-0.545242
-0.274292
-0.0754089
-0.257874
-0.0390167
0.0227814
0.137375

[25]
0.0850677
-0.0529327
-0.0411987
-0.0248566
-0.0167694
-0.0178833
0.0273438
0.00224304
-0.0901337
-0.191422
-0.142151
0.292328
0.591583
0.316635
0.188492
0.296402
0.275772
-0.232361
0.34938
-0.0201263
-0.00820923
0.00387573
-0.0912933
-0.00852966
0.0519257
-0.0146484
-0.102966
-0.0369263
0.0368958
0.0897217
-0.0158844
-0.0253601
-0.00169373
0.0141602
0.0216675
0.0579834
0.0389862
-0.042923
-0.0145874
0.0306854
0.0637512
0.0725098
0.033905
-0.0196533
-0.041748
-0.357864
-0.856598
-0.24118
0.106369
-0.351547

[26]
-0.713516
-0.286652
-0.268112
-0.201294
-0.00195312
-0.0875397
-0.12027
-0.115952
-0.0333099
-0.0227051
-0.0478516
-0.0581512
-0.0815582
-0.0062561
0.0448456
-0.033371
-0.0392151
-0.0120697
-0.0905609
-0.382156
0.157196
0.65863
0.810425
0.138443
0.163849
-0.245255
0.115814
-0.0386353
0.0247345
0.0852661
-0.0441437
0.0101929
0.0238037
-0.0101013
-0.139343
-0.122238
0.0229187
0.101166
0.0822601
-0.00204468
-0.0534973
0.000198364
0.0511627
0.0464172
0.0219879
0.0143127
0.0134735
0.0178833
-0.0139008
-0.009552

[27]
0.0708466
-0.0126648
-0.0213776
-0.258453
-0.894775
-0.0857697
-0.358597
-0.712448
-0.777771
-0.24826
-0.0579224
-0.0205078
-0.136597
-0.160889
-0.131348
-0.0124207
-0.053772
-0.132202
-0.145782
-0.110474
-0.0701904
-0.0185089
-0.0483398
0.00234985
0.0713348
0.0843353
-0.0966187
-0.155441
0.624725
0.66391
0.403992
0.267105
0.276611
-0.280258
0.39212
0.107208
-0.0850525
-0.056839
-0.0637207
0.0306549
0.0813904
-0.024826
-0.143646
-0.0391693
0.0242767
0.0610962
0.00062561
-0.0380249
-0.00814819
0.0519409

[28]
0.0455475
0.0421295
-0.0152283
0.0201874
0.0275879
0.0704193
0.0504456
-0.0171356
-0.00891113
0.0561676
0.0581512
-0.22789
-0.598694
-0.529297
0.0667725
-0.327271
-0.630386
-0.507599
-0.358139
-0.219772
-0.0273743
-0.0844421
-0.0905304
-0.100204
0.011734
0.0463867
0.0203857
0.0063324
-0.031311
0.0775146
0.0557861
0.0221863
-0.00112915
-0.0482635
-0.0831451
-0.402145
0.406921
0.477173
0.224518
0.0546112
0.272018
-0.103302
0.187729
0.00787354
-0.0159607
0.0611572
-0.0406647
-0.00978088
0.0354309
-0.0312042

[29]
-0.143646
-0.0771179
0.0339813
0.0715485
0.068924
-0.0071106
-0.0113831
-0.00062561
0.0495605
0.0258179
0.0295715
0.0159912
-0.00125122
0.049408
-0.00567627
0.0371857
0.0655518
0.0198822
-0.0193481
-0.373245
-0.883926
-0.189804
-0.133026
-0.529114
-0.65889
-0.28038
-0.113235
-0.0373535
-0.160522
-0.16658
-0.13504
-0.0522614
-0.0148773
-0.05336
-0.103531
-0.0853882
-0.0895233
-0.0104218
-0.0128479
0.0224457
0.0540771
0.0419464
-0.0980988
-0.287994
0.311462
0.824768
0.423553
-0.195465
0.0315857
-0.230804

[30]
0.263702
0.041687
-0.0237732
-0.00743103
-0.00706482
0.0125275
-0.0291138
-0.0817261
-0.163895
0.0194855
0.127563
0.119385
0.0300751
-0.0661163
-0.0307617
0.0288086
0.0744171
0.0517731
0.0140839
0.00257874
0.000137329
0.0463409
0.0196228
0.0862885
0.0973358
0.0240021
-0.140411
-0.354172
-0.547379
-0.150314
0.0157013
-0.345139
-0.520432
-0.555359
-0.388977
-0.207367
-0.0761414
0.00366211
0.0277557
0.0340424
0.0167236
0.0199738
-0.0478516
-0.072464
-0.0636902
-0.00724792
0.0379791
0.0447388
-0.0535431
-0.155685

[31]
-0.303574
-0.341339
0.328674
0.367737
0.468735
0.221741
0.0452881
-0.202423
0.404648
0.110718
-0.0757294
-0.0213623
-0.0792694
0.049942
0.062561
-0.113739
-0.178757
-0.00559998
0.0904694
0.0659332
0.0368042
-0.0141754
0.0221863
0.0738373
0.0700226
0.0359802
-0.00665283
-0.0233154
0.0266266
0.0618591
0.0218353
0.0121155
0.0187073
-0.0210876
-0.10585
-0.335617
-0.742798
-0.0568695
-0.272369
-0.684341
-0.581558
-0.353577
-0.189453
-0.132767
-0.0888672
-0.0798492
0.0128479
0.0498352
-0.0309753
-0.0778351

[32]
-0.0871429
-0.0020752
0.0102539
0.00657654
0.0176392
0.125778
-0.0498505
-0.205399
-0.661835
0.279358
0.729462
0.830109
-0.0395203
-0.0332947
-0.0143433
0.422226
-0.0174103
-0.107086
-0.0620117
-0.0934753
0.0790405
0.0172272
-0.0927582
-0.0559387
0.0194397
0.0532379
0.0692291
-0.0218811
0.0269623
0.0491638
0.0562744
0.0477142
0.0566406
0.0364532
0.00541687
0.0192719
0.0884857
0.0123444
-0.0471954
0.068924
0.0653839
0.0513306
-0.540756
-0.791428
-0.281204
0.118332
-0.204285
-0.610184
-0.438705
-0.231674

[33]
-0.258713
0.00657654
-0.0484924
-0.0811157
-0.0552673
-0.0107269
-0.00436401
-0.0782776
-0.112747
-0.0621185
-0.0448914
-0.0614624
0.0263519
0.0520935
-0.134598
-0.219955
-0.140717
0.215714
0.294205
0.261429
0.262115
-0.109741
-0.237762
0.403
0.063858
-0.0332947
-0.0877075
-0.00875854
-0.0619049
-0.0380707
-0.00492859
-0.127182
-0.0414734
0.0982208
0.083725
0.0196838
0.00749207
-0.00144958
0.0413208
0.0100555
0.0144348
0.0220795
0.00271606
0.00469971
-0.000305176
0.0240479
0.117432
-0.00228882
0.0514832
-0.30806

