[1]
0.00402832
0.00402832
-0.037262
-0.00872803
-0.00540161
-0.0506592
-0.0446472
-0.0163269
0.0377655
0.00801086
-0.0164032
-0.022995
-0.037796
-0.0271912
-0.0132904
-0.029007
-0.0787659
-0.12471
-0.164383
-0.217621
-0.251465
-0.360092
-0.545837
-0.811417
-1.06387
-1.07812
-1.08183
-0.7677
-0.697693
-0.00495911
0.983688
0.309891
0.422729
0.808624
0.839523
0.802826
0.765259
0.69606
0.691467
0.610245
0.384308
0.0746002
-0.113358
-0.590302
-1.04245
-1.08806
-1.12836
-1.13022
-0.699768
-0.775024

[2]
-0.593918
-0.498505
-0.162399
-0.363129
-0.899612
-0.438568
-0.19191
-0.0280914
-0.0217896
-0.0281525
-0.0518646
-0.0767365
-0.0180359
-0.0368652
0.000534058
0.0135956
-0.0539551
-0.0386658
0.0165558
0.0234528
0.0355682
0.0203247
-0.0149689
-0.022934
-0.0258636
-0.023468
-0.0677185
-0.101807
-0.0907898
-0.126434
-0.179062
-0.234772
-0.343964
-0.515625
-0.781815
-1.06328
-1.07552
-0.875534
-0.78447
-0.537659
-0.170837
0.708359
0.201096
0.217773
0.59906
0.687454
0.668976
0.664764
0.652878
0.593674

[3]
0.525375
0.440826
0.276306
-0.00346375
-0.269104
-0.681168
-1.08395
-1.12885
-1.17114
-0.953903
-0.805649
-0.620316
-0.541214
-0.386047
-0.207993
-0.683578
-0.326859
-0.442764
-0.220047
-0.0537872
0.0608673
0.0492401
-0.067215
0.00372314
-0.0319214
0.00466919
-0.0265198
-0.0185242
-0.0233612
-0.00038147
-0.0167694
-0.0245819
-0.00630188
0.00454712
-0.0235901
-0.0290222
-0.0422058
-0.0639954
-0.121613
-0.147751
-0.181488
-0.257568
-0.347458
-0.352371
-0.556961
-1.04799
-1.076
-1.09024
-0.986359
-0.767212

[4]
-0.321915
0.84227
0.309418
0.292145
0.734131
0.793716
0.756714
0.709488
0.659927
0.535965
0.477219
0.299423
0.025589
-0.2211
-0.465424
-0.925537
-1.09172
-1.12776
-0.679031
-0.74884
-0.636627
-0.509979
-0.649963
-0.316559
-0.435303
-0.588318
-0.542465
-0.220444
-0.146088
-0.00274658
-0.100403
0.0161743
-0.110092
-0.0967407
0.0301666
0.033783
0.0267944
-0.056076
-0.0567169
0.0093689
-0.00163269
-0.01297
0.00498962
-0.00222778
-0.0477142
-0.0328064
-0.0432892
-0.0769653
-0.136948
-0.120255

[5]
0.0183258
0.03862
0.00601196
-0.02742
-0.0336761
-0.0577087
-0.0458527
-0.0338593
-0.0721436
-0.134872
-0.171158
-0.216141
-0.298965
-0.346603
-0.539719
-0.818512
-1.06696
-1.07921
-1.09395
-0.74379
-0.696579
-0.0780334
0.455612
0.318817
0.61853
0.642914
0.697388
0.656769
0.631699
0.572159
0.529434
0.47319
0.368576
0.219009
0.0449829
-0.0779114
-0.322723
-0.709641
-1.08737
-1.1244
-1.02661
-0.798203
-0.749222
-0.655701
-0.379593
-0.381882
-0.770874
-0.275696
-0.410645
-0.152512

[6]
-0.185883
-0.235153
-0.320633
-0.334061
-0.563736
-0.844681
-1.07491
-1.08954
-1.09346
-0.761719
-0.537277
0.429199
0.448151
0.236572
0.575195
0.872467
0.748123
0.703796
0.646973
0.511719
0.462189
0.356247
0.200577
-0.0422058
-0.305771
-0.729904
-1.09648
-1.13899
-1.17712
-0.714737
-0.663239
-0.579605
-0.541199
-0.0810089
-0.325119
-0.599121
-0.78186
-0.268982
-0.468582
0.0315704
-0.0331421
-0.0188751
-0.102951
-0.0778351
0.0103455
0.0367584
0.0377655
0.0107727
-0.00274658
0.00320435

[7]
0.00469971
0.0362396
-0.0442963
-0.0396118
0.0121918
-0.00750732
0.0196228
0.0259094
-0.00779724
-0.02771
-0.00160217
0.0184631
0.0218658
-0.0211182
-0.037262
-0.0382538
-0.0228119
-0.037735
-0.0640717
-0.111542
-0.135315
-0.169037
-0.285034
-0.348389
-0.401871
-0.629272
-1.07001
-1.07361
-1.02263
-0.917435
-0.495804
-0.295334
0.892303
0.472717
0.509979
0.633087
0.678833
0.602859
0.545776
0.414383
0.387344
0.207672
-0.0380249
-0.243256
-0.455231
-0.770172
-0.970139
-0.992477
-0.894653
-0.786957

[8]
-0.615829
-0.524063
-0.378799
-0.452057
-0.294754
-0.374924
-0.401291
-0.715775
-0.189301
-0.312073
-0.0711975
-0.117401
0.0411224
0.0117645
-0.106186
-0.00669861
0.0415497
0.0127106
0.0312805
-0.0301514
-0.0359802
0.0146484
0.0272064
-0.0100098
-0.0227814
-0.0423737
-0.0232544
-0.0256958
-0.0374603
-0.134369
-0.156235
-0.250961
-0.219788
-0.287018
-0.315491
-0.52243
-0.867233
-1.07285
-1.08716
-1.09212
-0.692215
-0.563202
0.10994
0.291077
0.238464
0.614182
0.568588
0.656525
0.62204
0.613754

[9]
0.589691
0.523712
0.475449
0.324509
0.067215
-0.206772
-0.513138
-1.02966
-1.1087
-1.15086
-0.947113
-0.798248
-0.704437
-0.605438
-0.289825
-0.354431
-0.543945
-0.775085
-0.489822
-0.0871277
-0.0325012
-0.00869751
-0.00631714
-0.02211
-0.0599823
0.00854492
-0.0434875
0.0287018
-0.0122375
-0.0345154
-0.0276031
0.00276184
0.0121307
0.00254822
0.00390625
0.00224304
-0.000915527
-0.00404358
-0.0324554
-0.0618439
-0.0961609
-0.154449
-0.244995
-0.276489
-0.284042
-0.38121
-0.546585
-0.961472
-1.05734
-0.959854

[10]
-1.05399
-0.58696
-0.57341
0.364166
0.27092
0.388504
0.725037
0.724152
0.738571
0.739349
0.650925
0.55513
0.500381
0.394806
0.205429
-0.0618591
-0.290009
-0.64006
-1.07852
-1.12006
-1.16045
-0.860123
-0.746124
-0.535904
-0.440018
-0.549957
0.169754
-0.363373
-0.734177
-0.58667
-0.242676
-0.2724
-0.0964508
-0.0606232
0.0256805
-0.0796509
-0.0748749
0.0238953
-0.00416565
0.00186157
0.00384521
-0.0228882
-0.0305634
0.00866699
-0.0107269
-0.0279236
-0.030426
-0.0410156
-0.046814
-0.0714417

[11]
-0.072525
-0.125
-0.176849
-0.217865
-0.289001
-0.296524
-0.449173
-0.742447
-1.0701
-1.08266
-1.09846
-0.782928
-0.810364
-0.228195
0.75705
0.289597
0.464966
0.695007
0.701797
0.719101
0.661301
0.556046
0.521057
0.447556
0.263535
0.0404358
-0.202438
-0.439392
-0.993286
-1.09706
-1.13655
-0.849792
-0.794479
-0.718063
-0.346481
-0.583176
0.24559
-0.374268
-0.951508
-0.743561
-0.152939
-0.194839
-0.0136871
-0.0292358
0.0381012
-0.0544586
-0.0559845
-0.0115509
0.0493317
0.0426788

[12]
0.00350952
-0.00485229
0.0117493
0.0065155
-0.00428772
-0.0198517
-0.0397034
-0.0372925
-0.0704651
-0.0688477
-0.0630493
-0.0971069
-0.164627
-0.214798
-0.292572
-0.344299
-0.482925
-0.839752
-1.0721
-1.08495
-1.10072
-0.739014
-0.696045
-0.15271
0.644592
0.370132
0.520172
0.653091
0.697998
0.675842
0.670639
0.582932
0.498428
0.407104
0.247696
-0.0636597
-0.282013
-0.64032
-1.07008
-1.11403
-1.15662
-1.02211
-0.877213
-0.5793
-0.797974
-0.137329
-0.203598
-0.424774
-0.822311
-0.33432

[13]
-0.383911
-0.205246
-0.06633
0.0510101
-0.0375977
-0.0886688
-0.00219727
-0.00650024
0.0372162
0.0285492
0.0352173
-0.0172424
0.0118103
-0.00436401
0.00271606
-0.0144806
-0.0452423
-0.0757599
-0.0716553
-0.0641632
-0.0822906
-0.20607
-0.259705
-0.29277
-0.347031
-0.572037
-1.06316
-1.07489
-1.08835
-1.09218
-0.650436
-0.550613
0.837234
0.311615
0.299545
0.670883
0.690643
0.714691
0.691193
0.647049
0.647888
0.535522
0.413605
0.200333
-0.0641479
-0.364899
-0.792633
-1.08713
-1.13078
-1.17285

[14]
-0.951263
-0.665222
-0.532272
-0.622269
0.21904
-0.180054
-0.779236
-0.758392
-0.107712
-0.25354
-0.0670471
-0.0930176
-0.00592041
-0.0575562
-0.082428
0.00631714
0.0414429
0.0588684
0.0170135
-0.00418091
-0.00488281
-0.00517273
-0.00427246
-0.0288391
-0.0274353
-0.0391388
-0.0385284
-0.0531464
-0.0971375
-0.153778
-0.226517
-0.25473
-0.291245
-0.354935
-0.48407
-0.830414
-1.07043
-1.08356
-1.10046
-0.79921
-0.875778
-0.102707
0.67041
0.373245
0.5923
0.77626
0.781281
0.763092
0.74649
0.649338

[15]
0.571655
0.510117
0.44516
0.182053
-0.109695
-0.395432
-0.866837
-1.08803
-1.12723
-0.996475
-0.775208
-0.821823
-0.522781
-0.493698
-0.4767
-0.356842
-0.839142
-0.436417
-0.169525
-0.0633392
-0.0474701
0.0588379
-0.0139313
-0.119995
-0.0145721
-0.0062561
0.046814
0.00860596
-0.0396118
-0.0690613
-0.00244141
0.0122375
-0.00648499
0.00213623
-0.0202484
-0.055069
-0.0427094
-0.0499725
-0.0615082
-0.109039
-0.145981
-0.235062
-0.329987
-0.360168
-0.527267
-0.899216
-1.06444
-1.07587
-1.07951
-0.642532

[16]
-0.480194
0.412308
0.104446
0.341217
0.668442
0.694473
0.731171
0.717239
0.673126
0.595047
0.531097
0.422089
0.213394
-0.0729065
-0.346817
-0.684097
-1.10133
-1.14569
-1.18437
-0.657898
-0.649246
-0.567352
-0.791183
-0.230438
-0.462311
-0.348785
-0.8302
-0.234558
-0.398331
-0.0509949
-0.0866089
-0.0296631
-0.0780487
-0.0629578
-0.0223846
0.00238037
0.0111389
0.0381012
0.0102386
-0.0394135
-0.0227814
0.00491333
-0.017868
-0.0273743
-0.0539703
-0.0541382
-0.0798798
-0.109116
-0.136749
-0.220566

[17]
-0.011261
-0.0128632
-0.0450592
-0.10022
-0.0866852
-0.0787354
-0.166153
-0.219101
-0.302979
-0.381226
-0.367752
-0.550537
-1.05165
-1.0706
-1.08371
-0.991135
-0.884476
-0.213776
0.861526
0.303421
0.434311
0.749588
0.724548
0.725845
0.690247
0.598404
0.472672
0.375305
0.234283
-0.000183105
-0.237671
-0.518326
-0.96933
-1.12598
-1.16945
-0.944702
-0.88765
-0.724228
-0.609894
-0.374893
-0.489044
-0.681702
-0.815369
-0.470123
-0.201736
0.010788
0.0449066
-0.0353699
-0.0244141
-0.0088501

[18]
-0.253311
-0.341812
-0.409943
-0.530945
-0.994858
-1.05656
-1.06895
-1.01094
-0.739212
-0.358536
0.840378
0.232178
0.337006
0.756378
0.775116
0.779938
0.75145
0.663071
0.55777
0.514008
0.401627
0.197632
-0.098465
-0.38089
-0.802704
-1.118
-1.16537
-1.20596
-0.855637
-0.589813
-0.690506
-0.683029
-0.514694
-0.559601
-0.490204
-0.35611
-0.163513
-0.152176
0.0521088
-0.0615692
-0.0198975
-0.0966797
0.00346375
-0.0392761
0.0261536
-0.00436401
-0.0536957
-0.0616302
-0.00437927
0.0131683

[19]
-0.0106659
-0.00881958
0.0281982
-0.00680542
-0.0362701
-0.00878906
0.00740051
-0.00178528
-0.018631
-0.00718689
-0.0198059
-0.0476685
-0.0392151
-0.0523376
-0.105881
-0.121613
-0.195236
-0.256546
-0.305588
-0.389404
-0.566757
-1.06055
-1.07219
-0.98494
-1.05
-0.647232
-0.502762
0.668533
0.251389
0.164444
0.658249
0.730896
0.739044
0.689621
0.602692
0.485535
0.444489
0.308945
0.090332
-0.169769
-0.438477
-0.917755
-1.10515
-1.14389
-0.865845
-0.682999
-0.514252
-0.43483
-0.550201
0.20575

[20]
-0.278702
-0.69371
-0.54361
-0.322556
-0.214508
-0.0457611
-0.149353
0.00982666
-0.0722198
-0.0775452
-0.0148621
0.00827026
0.0713196
0.0093689
-0.0110474
-0.026886
-0.0039978
-0.0032959
-0.0163879
-0.0176392
-0.0351562
-0.0506592
-0.0523071
-0.0602112
-0.169769
-0.289719
-0.307678
-0.409271
-0.417877
-0.634903
-1.06076
-1.0753
-1.06163
-1.02225
-0.73497
-0.146378
0.770752
0.181366
0.374008
0.731796
0.72937
0.685638
0.66217
0.625366
0.548904
0.496902
0.409683
0.222397
0.000320435
-0.232178

[21]
-0.637238
-1.08173
-1.12817
-1.17297
-0.911835
-0.844833
-0.447556
-0.706299
0.261337
-0.216644
-0.795334
-0.822388
-0.138443
-0.364487
-0.164444
-0.12912
0.0793304
-0.0454559
-0.0731812
0.033844
0.0324554
0.0818481
0.00369263
0.0112152
-0.00666809
-0.0239716
-0.0256195
-0.0321198
-0.0669861
-0.0547791
-0.0686493
-0.0966339
-0.085083
-0.184418
-0.268295
-0.321121
-0.44455
-0.473022
-0.825653
-1.0696
-1.0836
-1.10071
-0.78688
-0.795975
-0.0358124
0.484192
0.221924
0.625427
0.677505
0.714478

[22]
0.704895
0.675079
0.574448
0.555023
0.414993
0.221237
0.0364075
-0.304672
-0.72403
-1.10481
-1.15424
-1.19804
-0.960815
-0.820724
-0.640427
-0.454102
-0.453201
-0.459198
-0.971786
-0.569504
-0.125717
-0.10144
0.0280914
0.015213
-0.0593109
-0.0580597
-0.0352173
0.020813
-0.000305176
0.00608826
0.00170898
-0.0263062
-0.0349274
-0.0474854
-0.0315247
-0.0270538
-0.0359802
-0.0387573
-0.0818787
-0.147186
-0.166565
-0.216888
-0.266312
-0.332367
-0.483124
-0.769333
-1.05331
-1.06531
-1.07056
-0.833954

[23]
-0.43187
0.354355
0.158463
0.192459
0.639984
0.680893
0.691772
0.651505
0.62793
0.595154
0.524734
0.450378
0.304733
0.113861
-0.116989
-0.41217
-0.841888
-1.13011
-1.17917
-1.18729
-0.970261
-0.811691
-0.692886
-0.543289
-0.446289
-0.512314
-0.812332
-0.249268
-0.335022
-0.112732
-0.146835
-0.0725403
0.0228577
-0.0873413
-0.0287476
0.00419617
0.040451
0.0251007
-0.00331116
-0.0225372
-0.0489655
-0.0022583
-0.0359955
-0.0356445
-0.0545044
-0.0848389
-0.091095
-0.224335
-0.240753
-0.323593

[24]
-0.3974
-0.457626
-0.64888
-1.05287
-1.06732
-1.08354
-0.95871
-0.781067
0.13324
0.326019
0.231186
0.735703
0.691132
0.751114
0.72612
0.676178
0.619171
0.547684
0.481873
0.237213
-0.00334167
-0.229645
-0.529129
-1.07874
-1.12427
-1.16887
-1.04723
-0.923676
-1.0258
-0.520767
-0.270294
-0.184753
-1.10033
-0.340973
-0.417114
-0.246628
0.0362549
0.00645447
-0.0368042
-0.074234
-0.0302582
-0.0224152
0.0396576
0.0400391
-0.0105286
-0.00558472
-0.00361633
-0.00544739
-0.0217285
-0.0203705

[25]
-0.0387878
-0.0671539
-0.0978394
-0.0628204
-0.175537
-0.231659
-0.265335
-0.388519
-0.408554
-0.672241
-1.04985
-1.06233
-1.07727
-0.843674
-0.776169
-0.150726
0.654419
0.24408
0.547455
0.625504
0.735153
0.697433
0.685699
0.596848
0.5056
0.41423
0.276764
0.0839233
-0.179001
-0.517563
-0.893112
-1.1265
-1.17154
-1.00241
-0.834351
-0.778687
-0.666367
-0.46347
-0.523087
-0.576508
-0.743622
-0.220657
-0.300964
-0.089447
-0.0629272
-0.0252533
-0.0274963
-0.0120239
0.0434265
-0.037384

[26]
0.0170288
0.0137177
-0.0234222
-0.022995
-0.0178986
-0.00454712
-0.00819397
-0.0513763
-0.0326385
-0.100494
-0.0567322
-0.098526
-0.216766
-0.291092
-0.418137
-0.406631
-0.603348
-0.980972
-1.06674
-1.05592
-1.09077
-0.788956
-0.171082
0.842377
0.103058
0.292221
0.75943
0.734283
0.709671
0.722488
0.651443
0.542938
0.487335
0.334076
0.111664
-0.189056
-0.536682
-1.09158
-1.14157
-1.18854
-1.01833
-0.842941
-0.730621
-0.643066
-0.330444
-0.311813
-1.04648
-0.24202
-0.324326
-0.182037

[27]
-0.0325165
-0.0605164
-0.0344238
-0.0940399
-0.0104523
-0.0251007
0.0286102
0.00364685
0.025238
-0.00991821
-0.00642395
0.00564575
0.0128784
-0.0137329
-0.0105743
-0.0386658
-0.0555878
-0.0454865
-0.133133
-0.239517
-0.285461
-0.338776
-0.450912
-0.647247
-1.04665
-1.05756
-1.07086
-1.02324
-0.741928
-0.257675
0.827667
0.168472
0.209045
0.798508
0.799545
0.81752
0.774658
0.717804
0.590057
0.519379
0.394485
0.228714
-0.0358124
-0.34491
-0.857574
-1.13339
-1.18513
-1.22893
-0.891815
-0.759415

[28]
-0.761887
0.244598
-0.341278
-0.775833
-0.681259
-0.187653
-0.15625
-0.0993805
-0.099472
-0.0436401
-0.0916748
-0.101624
-0.0196075
0.00498962
0.0385132
0.0276031
0.0145569
-0.00724792
0.0214081
0.0198517
0.0065918
-0.0376282
-0.0796967
-0.094696
-0.0956726
-0.119141
-0.207916
-0.300613
-0.403473
-0.425049
-0.576324
-1.01347
-1.0675
-1.08128
-1.08105
-0.802353
-0.332169
0.90242
0.17836
0.333237
0.771301
0.795013
0.783524
0.773499
0.692398
0.614731
0.534012
0.404327
0.177994
-0.124802

