[1]
-0.256516
-0.481888
-0.225983
0.522644
0.780365
0.831512
0.767975
0.35791
0.194626
0.114441
0.0216522
0.0114746
-0.223389
-0.39328
-0.771301
-1.39726
-2.12094
-2.5631
-2.64729
-2.55354
-0.510223
1.45848
-0.349731
-0.559723
-0.519897
-1.16241
-0.454575
-0.391678
0.101685
-0.142914
0.030899
0.0363007
0.013031
-0.0137787
0.0165253
-0.0434418
-0.00790405
-0.0481415
0.0322723
0.0143738
-0.0107574
0.0166168
0.0644531
0.0962219
0.203354
0.189377
0.318069
0.392212
0.381912
0.663651

[2]
1.92784
1.03857
1.28426
0.966858
0.773834
-0.515045
-0.251358
0.63533
0.974701
0.901489
0.812439
0.419785
0.286972
0.18071
0.0901337
0.117188
-0.257278
-0.315842
-0.743713
-1.57942
-2.18736
-2.58824
-2.59569
-1.84186
0.128647
1.50832
-0.399521
-0.683167
-0.696335
-0.931198
-0.30571
-0.386551
0.0671997
-0.0189209
0.166977
0.0891266
-0.144012
0.033493
0.0579987
-0.0558472
-0.00999451
-0.0093689
0.0759277
0.0601501
0.074646
0.0981293
0.153839
0.147781
0.135971
0.239944

[3]
0.304199
0.345169
0.26976
1.39737
1.60931
1.082
1.03401
1.05553
0.00942993
-0.912308
0.181305
0.890472
1.13977
0.982941
0.605911
0.343445
0.28183
0.202957
0.170074
0.227173
-0.167053
-0.33931
-0.843781
-1.67738
-2.17415
-2.54167
-2.53986
-1.62657
1.00693
1.51872
-1.26636
-0.647919
-1.50162
-0.251038
-0.489746
0.0692139
-0.0970764
0.109406
-0.137085
-0.026001
-0.0128326
-0.0132599
-0.0861053
-0.0807953
-0.00566101
0.0604706
0.0136719
-0.0146332
-0.00715637
0.0578918

[4]
0.102692
0.147659
0.153275
0.195663
0.264252
0.306046
0.373352
1.51501
1.56506
0.990875
0.940521
1.0887
-0.449448
-0.801468
0.448883
0.870651
0.845169
0.82048
0.604309
0.362946
0.250534
0.15387
0.108185
0.0174103
-0.262039
-0.608398
-0.978439
-1.88667
-2.39775
-2.5347
-2.52925
-1.92589
0.090271
1.57611
-0.815308
-0.150452
-0.879272
-0.758789
-0.30806
-0.136719
0.13887
0.178207
0.0018158
-0.0200958
0.0370636
0.0898438
0.0426941
0.0035553
0.0286407
0.0881042

[5]
0.0439148
0.00839233
0.103531
0.130569
0.0759125
0.123566
0.149185
0.175919
0.247681
0.285599
0.337036
0.30777
1.07832
1.86627
1.09076
0.977036
1.02747
0.358917
-0.454391
-0.279373
0.633514
0.885315
0.936447
0.878006
0.574814
0.33786
0.139389
0.0599518
0.0226746
-0.0956573
-0.412888
-0.63446
-1.42673
-2.42157
-2.28278
-2.49553
-2.44946
-0.779419
1.44681
1.22937
-1.10648
-0.241501
-0.928391
-0.596512
-0.0962372
-0.24205
-0.00344849
0.0420837
0.156143
0.0233917

[6]
-0.0297241
0.0419006
0.142227
0.101852
0.0438232
0.0673218
0.118134
0.0955505
-0.0137177
0.0189667
0.0735779
0.0852356
0.169815
0.184036
0.253647
0.311417
0.306671
0.260574
1.03534
1.91769
1.0498
0.670685
1.01259
-0.0873871
-0.317398
-0.0583954
0.684723
0.862762
0.808151
0.623932
0.433777
0.278168
0.165833
0.0863037
0.0510559
-0.149292
-0.445618
-0.802002
-1.32047
-2.31671
-2.37292
-2.54172
-2.40848
-0.965805
1.56946
0.154053
-0.866745
-0.107071
-0.439911
-0.516754

[7]
-0.379883
-0.151062
-0.0462341
-0.0112152
0.0597076
0.124939
0.0196533
0.0335999
0.0563507
-0.00466919
-0.0111847
-0.0516968
-0.0191345
0.0331268
0.00408936
0.0125122
-0.00480652
0.102249
0.140228
0.192566
0.304749
0.168106
0.26091
0.323807
0.615402
1.91385
1.40152
1.0284
0.733673
0.673416
-0.213593
-0.149551
0.600311
0.861145
0.770615
0.623978
0.382614
0.256973
0.148132
0.0490112
0.0455933
-0.14682
-0.520157
-0.770523
-1.29242
-2.08482
-2.52295
-2.53214
-2.30376
-0.405746

[8]
1.55688
-0.977921
-0.468933
-0.413055
-0.736526
-0.307358
-0.175751
-0.0357361
0.0361481
0.00454712
0.0378723
-0.00283813
0.0765991
0.052536
-0.0215759
-0.0608215
-0.035202
0.0174255
0.000167847
0.0368805
0.0928955
0.0486755
0.0490112
0.117493
0.213715
0.166977
0.229095
0.351837
0.344788
0.630875
1.52377
1.12105
1.09738
0.670746
0.802658
-0.320694
-0.406906
0.547928
0.937241
0.922607
0.797165
0.434265
0.225647
0.113068
0.0263977
-0.0866852
-0.251282
-0.504211
-0.890808
-1.54208

[9]
-2.40984
-2.51067
-2.53854
-2.37325
-1.1985
0.547638
1.57712
-0.268356
-0.681625
-0.381165
-1.13815
-0.172729
-0.342606
-0.0651093
-0.164276
-0.0682373
0.0259094
0.0265656
0.0952911
0.0780334
0.0010376
0.000518799
-0.0557709
0.0457306
-0.00689697
0.0238037
0.0331421
-0.000762939
-0.00715637
0.0435638
0.144882
0.1763
0.22197
0.263504
0.280884
0.651215
1.817
0.950012
0.764084
0.741959
1.0166
-0.310364
-0.396118
0.576401
0.796509
0.688965
0.562637
0.350906
0.177322
0.138016

[10]
0.0627899
-0.0296478
-0.340286
-0.70871
-1.03624
-1.65472
-2.35275
-2.23303
-2.44563
-2.18555
-1.74399
0.724503
1.55157
-1.18446
-0.399338
-0.586365
-0.713593
-0.267044
-0.401001
-0.208893
-0.192398
-0.168823
-0.0138245
-0.0747375
-0.0479279
-0.00253296
0.019516
0.105042
0.0345154
-0.121689
-0.0674591
-0.0403748
0.0426788
0.0191956
0.0856781
0.0947723
0.133652
0.194656
0.285248
0.408493
0.6026
1.54124
1.41153
0.596786
0.748764
0.77211
-0.377594
-0.518097
0.570084
0.839951

[11]
0.804962
0.724915
0.523087
0.293793
0.21579
0.120789
0.10965
0.0227509
-0.341385
-0.476471
-0.905746
-1.9133
-2.57858
-2.61394
-2.61159
-1.9463
1.48178
0.321686
-1.19922
-0.591354
-1.14183
-0.520233
-0.33786
-0.0470581
-0.135727
-0.104996
-0.12265
-0.10051
0.0403137
0.0451202
0.00526428
-0.00558472
-0.0218353
-0.0923004
-0.0634155
-0.0243835
0.0211029
0.0241547
0.103592
0.147354
0.162277
0.241165
0.344208
0.37262
0.765366
2.04509
1.01764
0.549973
1.2377
0.376617

[12]
-0.405991
-0.214447
0.662491
0.829651
0.761734
0.646393
0.420013
0.249649
0.11618
0.0288544
-0.0744934
-0.23439
-0.510117
-0.820969
-1.42621
-2.34918
-2.61041
-2.63989
-2.61708
-0.381592
1.4494
-1.41106
-0.121307
-1.33043
-0.601135
-0.514557
-0.253235
0.0301971
-0.0372925
-0.0463104
-0.150604
0.013916
0.048111
0.0371094
-0.131638
-0.173889
-0.0997314
-0.0668182
-0.0542755
-0.075592
-0.108902
0.0240631
0.0421143
0.10643
0.141129
0.251999
0.283173
0.299286
0.420761
1.87804

[13]
1.2502
0.625305
1.07738
0.85701
-0.240143
-0.509735
0.579651
0.845428
0.946609
0.906601
0.482391
0.194046
-0.0223083
-0.116196
-0.141876
-0.140854
-0.29599
-0.789154
-1.44502
-2.23105
-2.41408
-2.47792
-2.5732
-2.06386
1.50011
0.122681
-0.830093
-0.444183
-0.985474
-0.563522
-0.537094
-0.0800171
-0.0118713
0.108154
-0.06604
-0.133301
-0.00367737
0.0680695
0.0451813
-0.0453186
-0.0177155
-0.0194855
-0.00376892
-0.00900269
0.0369415
0.0635071
0.10434
0.171906
0.183167
0.250656

[14]
0.323715
0.32547
0.43251
1.69522
1.44221
0.747253
0.836411
0.913239
-0.539337
-0.363586
0.635391
0.899811
0.871262
0.768143
0.442581
0.273315
0.188507
0.108368
0.104538
-0.0682068
-0.363098
-0.591736
-0.999741
-2.07803
-2.41179
-2.60487
-2.59799
-0.920044
1.32788
0.989944
-0.773682
-0.19574
-0.72258
-0.832809
-0.392426
-0.36235
-0.0677185
-0.108856
-0.0178528
-0.0139465
-0.0150604
-0.0533295
0.0523834
0.086319
0.0253296
-0.0136414
-0.0662231
0.0285034
0.0242157
0.0391998

[15]
0.05336
0.157578
0.238968
0.0934448
0.198212
0.243668
0.191711
0.381729
1.54399
1.38094
1.27737
0.764542
0.830887
-0.30809
-0.05896
0.584045
0.897354
0.668488
0.544159
0.427689
0.366425
0.251236
0.161011
0.125183
0.084259
-0.20694
-0.523117
-0.932404
-1.90829
-2.47066
-2.5601
-2.55724
-1.63582
1.52808
0.109756
-1.00494
-0.412354
-0.675369
-0.555313
-0.502213
-0.0737762
-0.0661163
0.222595
0.186111
-0.0328979
-0.015976
0.0863647
0.0609436
-0.0581055
-0.0780792

[16]
0.0251923
-0.00782776
0.00808716
0.0383148
0.0329742
0.104874
0.254959
0.175217
0.17691
0.28009
0.36377
0.197052
0.978333
1.86063
1.08002
1.07426
0.871201
0.358902
-0.516525
-0.400177
0.540482
0.939072
0.906311
0.813034
0.516861
0.348053
0.174454
0.0943146
0.108276
-0.0193024
-0.308212
-0.576813
-1.49524
-2.46275
-2.51065
-2.5296
-2.44504
-0.311249
1.55779
-1.21437
-0.496429
-0.657059
-0.61232
-0.380386
-0.0677185
0.0291595
0.0778198
-0.0632172
-0.0803528
0.151978

[17]
0.0836945
0.12413
-0.0365753
-0.0729065
0.00856018
-0.0296326
-0.0335083
0.0124359
-0.0133362
0.0199585
0.145981
0.15419
0.164261
0.179474
0.27623
0.380722
0.407303
2.02667
1.64217
0.846466
0.53952
1.095
-0.636703
-0.582687
0.0519867
0.639648
0.87439
0.857208
0.724518
0.465546
0.328354
0.109314
0.0394287
-0.0271454
-0.310745
-0.611725
-0.869568
-1.70634
-2.36559
-2.56097
-2.55832
-1.30391
1.51331
-0.518387
-0.582245
-0.341766
-0.733719
-0.620377
-0.388947
-0.170349

[18]
0.0866394
0.0447083
0.0070343
-0.0311737
0.0386505
0.144974
0.134415
-0.022171
-0.0456085
-0.0194397
0.0213013
-0.0328064
-0.0043335
-0.0213013
0.0761108
0.166061
0.215729
0.209366
0.233887
0.335083
0.28952
0.615356
2.01202
1.32922
0.603333
1.04196
0.759506
-0.324326
-0.438354
0.53801
0.829361
0.893234
0.789673
0.635254
0.417358
0.209579
0.0807343
0.0185547
-0.202728
-0.458359
-0.740799
-1.12125
-2.09807
-2.39481
-2.47781
-2.33472
-1.58543
1.60536
-0.263184
-0.865295

[19]
-0.113831
-1.02441
-0.504593
-0.491837
0.0292664
0.0253296
0.321228
0.00602722
-0.093338
0.0635376
0.200119
0.198639
0.0374756
0.0093689
0.0856018
0.0377655
0.010025
0.0751495
0.16124
0.110825
0.252747
0.23288
0.309708
0.35437
0.375122
0.436447
1.65971
1.44493
1.08388
0.69072
1.129
-0.658066
-0.691498
0.277908
0.860413
0.964233
0.892731
0.710907
0.495377
0.398651
0.202057
0.169617
0.110611
-0.312561
-0.454147
-0.815475
-1.60341
-2.36748
-2.51439
-2.51666

[20]
-1.54703
1.56238
-0.262344
-0.741257
-0.183853
-0.897675
-0.639771
-0.357529
-0.228653
0.117645
0.184341
0.0477448
-0.0735779
0.0025177
0.135803
0.157043
-0.00376892
0.0145721
0.0356903
0.100891
0.0187073
0.0590363
0.0408325
0.162949
0.165009
0.231384
0.220459
0.305771
0.334564
0.280228
0.548019
2.06848
0.947906
0.966354
0.674667
0.792252
-0.379593
-0.354935
0.639313
1.0587
0.960342
0.717789
0.359833
0.156158
0.141022
0.11734
-0.0152435
-0.117401
-0.323959
-0.760818

[21]
-1.12964
-2.08789
-2.35849
-2.55409
-2.54247
-1.61581
1.53885
0.437653
-1.01553
-0.423843
-1.10329
-0.501694
-0.51413
-0.0458679
0.0359955
0.127899
0.0484314
-0.175537
0.109879
0.0503387
0.0388641
-0.0219727
-0.0040741
0.0710144
0.0370331
-0.0202179
-0.0147552
0.0263367
0.0507202
0.161163
0.152481
0.175873
0.288757
0.32486
0.312042
0.418396
1.78789
1.01826
0.93924
0.644379
1.02762
-0.809784
-0.66391
0.252686
0.718765
0.835571
0.815262
0.590164
0.34491
0.209702

[22]
0.077179
0.0448303
0.0379181
-0.281723
-0.54216
-0.849655
-1.82738
-2.51996
-2.55167
-2.54793
-1.83363
1.53568
0.280228
-1.04788
-0.579239
-0.794983
-0.503586
-0.353699
0.00761414
-0.025177
-0.0211945
-0.0837402
-0.191986
-0.00909424
0.103912
0.0421753
0.0120697
0.0289459
0.0459137
-0.0424347
-0.0547638
-0.0400238
0.0268707
0.101807
0.146454
0.186081
0.179428
0.209091
0.325592
0.262421
0.690475
2.05511
1.03601
0.383072
0.840134
0.808655
-0.487183
-0.529755
0.35318
0.690277

[23]
0.759827
0.722336
0.561142
0.353897
0.195862
0.0447693
0.0506287
0.0179596
-0.327606
-0.649719
-0.96582
-1.77376
-2.40378
-2.59126
-2.58734
-1.09503
1.49194
0.474274
-0.953415
-0.452148
-0.872925
-0.658188
-0.304321
-0.204941
0.112152
-0.0541534
-0.111694
-0.149231
-0.0458679
0.0754089
0.12886
-0.0225677
-0.0459137
-0.0412903
-0.127869
-0.0722351
-0.0290833
-0.0207214
0.0171356
0.10614
0.130295
0.127533
0.144943
0.165817
0.21727
0.169586
1.0703
1.82991
1.14471
0.403931

[24]
0.955902
0.986954
-0.318741
-0.713623
0.312744
0.639221
0.876602
0.844086
0.687668
0.436951
0.232727
0.0339813
0.0182495
-0.116486
-0.307129
-0.658646
-1.16631
-2.15933
-2.44466
-2.56152
-2.54002
-0.260651
1.53271
-0.763138
-0.743439
-0.632248
-0.695587
-0.434723
-0.227173
-0.00909424
0.0507507
0.0360718
-0.0283813
0.0389099
0.0603638
0.123337
0.0608368
-0.0313721
-0.0272369
-0.0214996
0.00511169
0.00309753
0.0416718
0.0228271
0.0576324
0.174744
0.143066
0.169571
0.283218
0.314301

[25]
0.315186
0.50502
1.66409
1.15547
0.844833
0.635284
0.887772
-0.157776
-0.551285
0.0895233
0.652908
0.86351
0.885834
0.75325
0.355743
0.199127
0.0542297
0.0210876
-0.0429993
-0.151367
-0.466217
-0.91098
-1.7637
-2.23668
-2.55093
-2.54591
-1.44662
1.5302
-0.526459
-1.06992
-0.456161
-0.543152
-0.493271
-0.224762
-0.096817
0.0537262
0.0437317
-0.0161438
0.0287781
0.0519104
0.0582275
0.0450287
-0.0371704
-0.0104218
-0.000869751
-0.00411987
-0.00788879
0.0123596
0.012146
0.015686

[26]
0.188049
0.147278
0.280685
0.262772
0.337891
0.33287
0.708755
1.93289
0.928497
0.770462
0.797089
0.88829
-0.276337
-0.432068
0.511902
0.76619
0.842697
0.76474
0.451767
0.203796
0.125427
0.0887451
0.102112
0.0806122
-0.332382
-0.500183
-1.08704
-2.1572
-2.5378
-2.61449
-2.554
-1.07384
1.50316
0.362366
-0.753586
-0.643967
-0.925232
-0.476639
-0.395523
0.118835
-0.151962
0.0314178
-0.101685
0.0341187
0.105942
0.121216
-0.0227661
-0.087326
-0.0531769
0.018631

