[1]
-0.0180206
-0.336426
-0.411911
-0.415619
-0.39946
-0.405365
-0.40155
-0.39238
-0.347031
-0.259308
-0.157074
0.0258331
-0.0256805
0.0203705
0.00878906
0.0396118
-0.25563
-0.019455
-0.251587
-0.294968
-0.492264
-0.309402
0.0175781
0.032959
0.0575409
-0.175064
-0.0661926
-0.0228424
-0.0720367
0.0327148
0.031662
0.0380554
-0.00268555
-0.0473938
-0.0274506
0.0254822
0.0113525
0.0153198
-0.0175171
-0.00547791
-0.0135803
-0.0307465
-0.0256805
-0.0339203
-0.0305481
-0.0664673
-0.0953369
-0.124649
-0.102188
-0.133209

[2]
-0.174255
-0.243881
-0.385834
-0.5233
-0.707932
-1.00121
-1.02873
-0.758392
-0.845581
-0.691681
0.0200348
0.447174
0.0115814
0.266296
0.44754
0.521667
0.475586
0.465485
0.466919
0.437347
0.354874
0.139709
-0.00454712
-0.309738
-0.526672
-0.814697
-1.00475
-0.97789
-0.938736
-0.616394
-0.331329
-0.246231
-0.219574
-0.0983276
-0.354095
-0.325439
-0.310654
-0.379013
-0.129211
0.00265503
0.0336914
-0.0404663
-0.0206909
-0.0103455
-0.0924377
-0.0817108
-0.0344849
0.0142822
0.0111237
-0.00715637

[3]
0.00732422
-0.025177
0.0120239
0.0200958
-0.00613403
-0.0129242
-0.0038147
-0.0170593
-0.0174713
-0.0247498
-0.0475769
-0.0683441
-0.10762
-0.160904
-0.217041
-0.230896
-0.291428
-0.371521
-0.720444
-1.10005
-1.02856
-0.991028
-0.910538
-0.757614
-0.402267
0.515564
0.0106964
0.101822
0.487503
0.545517
0.610779
0.612213
0.548904
0.567474
0.501297
0.217087
-0.165863
-0.268524
-0.598099
-0.639832
-0.706512
-0.740738
-0.853073
-0.762512
-0.445969
-0.222687
-0.151947
-0.497147
0.112045
-0.21167

[4]
-0.218887
-0.675552
-0.520813
-0.0833282
-0.164429
-0.144012
-0.110306
-0.0265808
-0.0479736
-0.0305481
0.00521851
0.0581055
0.0673828
0.0393066
0.0488129
0.0458984
0.0350342
0.0110626
-0.0216827
-0.0544434
0.00462341
0.036499
0.0334473
-0.011795
-0.0453949
-0.0628357
-0.038681
-0.0444794
-0.0986481
-0.164261
-0.238495
-0.335342
-0.390701
-0.505234
-0.733475
-0.931534
-0.851334
-0.966446
-0.764664
-0.668625
-0.41745
0.367416
-0.071579
-0.0891724
0.381195
0.416306
0.539932
0.55986
0.547272
0.427704

[5]
0.413757
0.255875
-0.0315094
-0.257874
-0.562057
-0.880814
-0.914719
-0.676819
-0.892105
-0.741104
-0.411514
-0.269653
-0.113708
-0.17395
-0.379486
-0.27919
-0.68486
-0.29425
-0.0155945
-0.119629
-0.0222778
-0.0847931
0.0160828
-0.0587311
-0.0676727
-0.0130157
0.033432
0.0408325
0.02034
-0.0520172
-0.0228882
0.000762939
0.0292511
0.0562897
-0.000701904
-0.0231476
0.0192413
0.000411987
0.00311279
-0.0218658
-0.0447388
-0.0785065
-0.132202
-0.145355
-0.265427
-0.304184
-0.397614
-0.532684
-0.836151
-1.06247

[6]
-0.982864
-1.06125
-0.803848
-0.712173
-0.0368958
0.621521
0.286362
0.262177
0.527695
0.6418
0.552536
0.503693
0.455566
0.485458
0.380356
0.238434
-0.0616913
-0.303711
-0.647049
-0.955566
-1.02805
-0.971497
-0.768097
-0.457764
-0.284134
-0.155991
-0.225189
0.0436401
-0.13591
-0.268219
-0.376801
-0.661301
-0.185791
0.037796
-0.106277
-0.00454712
-0.0202179
-0.0799103
-0.0826416
-0.0450134
0.00175476
0.0579987
0.0406036
-0.00415039
-0.000350952
0.0145264
0.0174408
0.0312195
0.0246735
0.0249023

[7]
0.0310669
0.0101013
-0.0321655
-0.0683136
-0.0737915
-0.0754547
-0.052124
-0.116638
-0.197769
-0.216782
-0.218414
-0.269424
-0.360443
-0.550949
-0.822815
-0.934296
-0.796997
-0.892395
-0.728134
-0.500641
0.101379
0.155365
0.0591278
0.235275
0.379395
0.512741
0.477463
0.487625
0.431641
0.441452
0.312805
0.127625
-0.20137
-0.429886
-0.720154
-0.907089
-0.933411
-0.796707
-0.662811
-0.421646
-0.296021
-0.0732727
-0.150238
-0.316803
0.131317
-0.247299
-0.332169
-0.622116
-0.412994
-0.0912628

[8]
-0.0133514
-0.126877
0.00566101
-0.0209351
-0.0597229
-0.0348511
0.0228271
0.0512543
0.0806427
0.0692291
0.0126038
-0.0340118
-0.019104
-0.028656
-0.00889587
0.00546265
-0.0045929
0.00164795
-0.0100708
-0.0309143
-0.0556335
-0.05896
-0.0635071
-0.0502777
-0.216339
-0.181824
-0.220566
-0.32933
-0.389282
-0.540207
-0.796906
-1.07655
-0.917786
-0.942932
-0.739487
-0.631744
0.0285645
0.201172
-0.0176086
0.346039
0.426926
0.537949
0.458084
0.436478
0.371506
0.389984
0.229919
-0.00561523
-0.146378
-0.422119

[9]
-0.676178
-0.817322
-0.971695
-0.899216
-0.76828
-0.504517
-0.384338
-0.0702972
-0.547531
0.170883
-0.289581
-0.317993
-0.639404
-0.217255
0.0258331
-0.105118
-0.0248108
-0.0265045
-0.066803
-0.143631
-0.0718079
-0.0308228
0.0223541
0.0252533
0.0220184
0.0113373
0.0192566
0.00140381
0.0415039
0.00834656
-0.0130463
-0.0022583
-0.00566101
-0.00970459
-0.028595
-0.0604095
-0.0516052
-0.10997
-0.129639
-0.210632
-0.223038
-0.328201
-0.386902
-0.585968
-0.786255
-1.02637
-0.924118
-0.952301
-0.709152
-0.625137

[10]
-0.0692291
0.198929
0.104568
0.296371
0.43187
0.511063
0.524277
0.517303
0.466187
0.373306
0.417038
0.228302
-0.0298767
-0.29985
-0.612915
-0.856918
-1.04579
-0.947205
-0.695465
-0.611069
-0.399094
-0.233887
-0.179855
-0.136444
-0.356888
-0.289764
-0.724945
-0.423462
-0.0201874
-0.0723724
-0.210388
0.00288391
-0.065155
-0.0990753
-0.00109863
0.0180511
0.0706329
0.0357819
-0.021225
-0.0120392
0.015564
0.0214081
0.0248108
-0.0457458
-0.014328
0.0110016
6.10352e-05
0.0228577
-0.0177612
-0.0675201

[11]
-0.10527
-0.0972748
-0.107178
-0.162872
-0.204712
-0.278275
-0.378738
-0.569153
-0.9375
-1.00967
-1.12881
-1.13092
-0.88446
-0.519363
0.504272
0.0160522
0.188171
0.501633
0.556931
0.619614
0.573059
0.497055
0.460541
0.417572
0.299606
0.13208
-0.100952
-0.394424
-0.612473
-0.837265
-0.864853
-0.804413
-0.751633
-0.535278
-0.335724
-0.172531
-0.464142
-0.0444183
-0.392776
-0.259674
-0.574768
-0.37767
-0.0775757
-0.0806122
-0.215897
-0.0580292
-0.0653229
-0.0771484
-0.0407867
-0.0374603

[12]
0.039093
0.045517
0.0176239
0.0335083
0.0464783
0.0493469
0.0412445
0.00337219
0.0205078
0.0259857
0.00881958
-0.00686646
-0.0498352
-0.0858765
-0.068512
-0.123108
-0.141205
-0.203186
-0.290863
-0.378189
-0.515198
-0.764191
-1.03673
-1.0305
-1.15219
-0.841568
-0.750137
-0.159317
0.0864105
0.140167
0.24205
0.365814
0.50441
0.525986
0.514923
0.439148
0.389526
0.317581
0.140137
-0.115707
-0.358353
-0.640244
-0.97731
-1.04932
-0.990051
-0.818649
-0.459595
-0.115356
-0.668839
0.0605316

[13]
-0.186859
-0.315765
-0.387985
-0.634598
-0.130524
-0.0337219
-0.157196
-0.0974731
0.0159607
-0.0600128
-0.0711823
-0.0456848
0.0254059
0.0586395
0.0345612
-0.00535583
0.000259399
0.0096283
0.00311279
0.0202026
-0.0220642
-0.0382843
-0.0372009
-0.000930786
-0.0446777
-0.0832672
-0.0753632
-0.124664
-0.202301
-0.177383
-0.249435
-0.336121
-0.520599
-0.902893
-1.11906
-1.02298
-1.15031
-0.840393
-0.712738
-0.2202
0.447632
0.221741
0.30481
0.499664
0.575668
0.553726
0.502213
0.436981
0.380554
0.34288

[14]
0.147293
-0.153107
-0.290482
-0.493668
-0.927643
-1.04025
-0.818771
-0.988358
-0.760071
-0.404541
-0.566528
-0.0510254
-0.0251312
-0.318344
-0.50882
-0.655151
-0.136841
-0.00491333
-0.229599
-0.0345612
-0.0624847
-0.0317078
-0.0769196
-0.0608978
0.034729
0.0677795
0.0168915
-0.0231018
-0.00920105
0.00843811
0.016861
0.0141907
0.00695801
0.0045929
0.00210571
0.000289917
0.0156403
-0.019516
-0.0707703
-0.160812
-0.283966
-0.282578
-0.328506
-0.421936
-0.585205
-0.888016
-1.12148
-1.04024
-1.1474
-0.719589

[15]
-0.582184
0.723083
0.213882
0.249069
0.458282
0.538925
0.491882
0.488693
0.440094
0.373291
0.295258
0.176102
-0.00119019
-0.236008
-0.485474
-0.729279
-0.991196
-1.00824
-0.923752
-0.707626
-0.455322
-0.167389
-0.158234
-0.0805054
-0.134857
-0.40918
-0.38092
-0.687714
-0.242859
0.0607452
-0.0540771
-0.0677643
-0.0625153
-0.0292664
-0.095932
-0.0609894
-0.0146027
0.0216675
0.033432
0.0140381
-0.0173035
0.00502014
0.0209045
0.00138855
-0.00445557
-0.0236053
-0.0261841
-0.0188751
-0.0582733
-0.104477

[16]
-0.139938
-0.167313
-0.282852
-0.363937
-0.457489
-0.621078
-0.928726
-1.11523
-1.13388
-1.15428
-0.912613
-0.572571
0.524887
0.0925751
-0.0328522
0.586548
0.620941
0.58522
0.498672
0.478287
0.412018
0.357437
0.178955
-0.136475
-0.372253
-0.631287
-1.0097
-1.05415
-0.881317
-0.684753
-0.515213
-0.270767
-0.209244
-0.223572
-0.477051
-0.412964
-0.794067
-0.274231
-0.0592651
-0.113495
-0.0704041
-0.0434723
-0.0993958
-0.062973
-0.0265045
0.00224304
0.0536957
-0.0017395
0.0617218
-0.00192261

[17]
0.0380249
0.0363464
0.0247345
0.00747681
0.0109863
0.045578
0.124252
0.0337677
-0.136719
-0.156479
-0.147873
-0.0925598
-0.143387
-0.198547
-0.286865
-0.364609
-0.524689
-0.892944
-1.07048
-0.953812
-1.12965
-0.825134
-0.63176
0.00141907
0.0736237
0.216049
0.366623
0.519974
0.566925
0.592819
0.548218
0.477295
0.404266
0.375168
0.183121
-0.160065
-0.468475
-0.95813
-1.03973
-1.06654
-0.893112
-0.433502
-0.382553
-0.18956
-0.154877
-0.0484009
-0.227493
-0.267685
-0.714554
-0.54335

[18]
-0.0388794
-0.30336
0.00852966
-0.118454
-0.0443573
0.0263214
-0.0321045
0.0294952
0.0778351
0.0791016
0.0355988
-0.0306091
-0.0334167
-0.0295258
-0.0419922
-0.0208893
-0.0235901
0.000228882
-0.0725861
-0.124451
-0.13356
-0.172867
-0.21434
-0.274506
-0.308197
-0.527069
-0.936798
-1.09813
-1.02197
-1.09335
-0.754303
-0.486557
0.186569
0.0855408
-0.111176
0.339554
0.487198
0.528061
0.499939
0.480743
0.403549
0.382706
0.264404
0.100159
-0.155746
-0.537811
-1.03662
-1.07146
-1.11006
-0.961945

[19]
-0.451187
-0.361206
-0.284973
-0.176682
-0.55954
-0.335587
-0.903748
-0.276733
-0.0875244
-0.179642
-0.0583954
-0.135788
0.00975037
-0.0285492
-0.0294037
0.00823975
0.0718689
0.038147
0.036972
0.0249329
-0.0119934
-0.0322266
-0.0134583
-0.0300446
-0.0126953
-0.017395
-0.0518951
-0.050705
-0.0691223
-0.167114
-0.204849
-0.253586
-0.22261
-0.362457
-0.574875
-1.01576
-1.0981
-1.06822
-1.00844
-0.853241
-0.347549
0.626572
0.0622864
-0.0409088
0.517746
0.552094
0.564484
0.5271
0.504807
0.462372

[20]
0.408905
0.303848
0.110916
-0.121872
-0.57872
-0.970291
-1.06342
-1.1004
-0.961761
-0.560043
-0.363007
-0.257782
-0.0917969
-0.280289
-0.335922
-0.779816
-0.490509
-0.100769
-0.0738678
-0.0406494
-0.0332184
-0.0738831
-0.0570374
0.00672913
-0.0621796
-0.0166321
0.0312042
0.0216064
-0.000518799
0.00241089
0.00346375
0.00369263
0.0117035
-0.00474548
0.00180054
-0.00642395
-0.0405426
-0.052536
-0.0780487
-0.101288
-0.237091
-0.242706
-0.329437
-0.482422
-0.764969
-1.07994
-1.09561
-1.11249
-0.943024
-0.73291

[21]
-0.0142365
0.622864
0.221954
0.2948
0.57016
0.694366
0.578476
0.542297
0.458878
0.412323
0.296463
0.0906525
-0.192581
-0.509293
-0.904037
-1.06465
-1.10323
-1.02863
-0.570419
-0.344711
-0.118362
-0.185165
-0.138611
-0.46077
-0.391953
-0.751694
-0.106155
-0.0942078
-0.234039
-0.102936
-0.053894
-0.0531311
-0.0676727
-0.066925
0.016983
0.0437164
0.0384369
0.0118256
0.0101929
0.0201416
0.0295868
0.0227051
0.0326385
0.00842285
-0.0205536
-0.0478973
-0.0625458
-0.0402374
-0.08815
-0.192108

[22]
-0.221695
-0.299469
-0.42012
-0.652084
-1.03819
-1.08833
-1.10345
-1.00908
-0.685562
-0.325989
0.494049
0.110382
-0.0129395
0.538086
0.555313
0.606323
0.56459
0.541504
0.448334
0.446777
0.333832
0.172043
-0.140869
-0.459122
-0.921463
-1.05858
-1.09174
-0.82756
-0.603745
-0.37915
-0.53949
-0.0484314
-0.409576
-0.248535
-0.575241
-0.452118
-0.12178
-0.0881805
0.00125122
-0.0543365
-0.0372162
-0.00590515
-0.02742
-0.0120392
0.014679
-0.0232086
0.0173187
-0.00544739
0.00683594
0.00224304

[23]
0.02005
0.0155029
0.0519562
-0.0272369
-0.0315857
-0.0540009
-0.0420837
-0.116058
-0.130844
-0.245758
-0.292313
-0.363663
-0.517471
-0.984512
-1.08313
-1.0975
-1.11444
-0.901978
-0.604218
0.237564
-0.0597382
0.248383
0.527176
0.582748
0.658005
0.618073
0.596436
0.54213
0.520233
0.473389
0.293655
0.0591278
-0.256012
-0.719742
-1.04411
-1.07777
-1.11206
-0.654449
-0.446304
-0.390121
-0.21376
-0.467682
-0.226105
-0.771927
-0.23877
-0.0862885
-0.106949
-0.0372772
-0.117233
-0.0168152

[24]
-0.279709
-0.587097
-0.355591
-0.165421
-0.0795288
-0.0791321
-0.117203
-0.00244141
-0.0446777
-0.0506744
-0.0310059
0.0197754
0.0446167
0.0527954
0.0422211
0.0307465
0.0314789
0.0537872
-0.00856018
-0.0950317
-0.0624084
-0.0628662
-0.0358276
-0.0856171
-0.102798
-0.198837
-0.241272
-0.302444
-0.411682
-0.704697
-1.07822
-1.0929
-1.10672
-1.0112
-0.897995
-0.21257
0.697205
0.190811
0.144302
0.622879
0.61525
0.636063
0.615082
0.57402
0.487595
0.425079
0.326874
0.0457916
-0.254959
-0.609955

[25]
-0.0330963
-0.00285339
-0.0116882
0.0202484
0.0236053
0.0161591
-0.00930786
-0.00111389
0.0148315
0.00866699
-0.0259399
-0.00454712
-0.0105133
-0.0530396
-0.0202942
-0.0432129
-0.13298
-0.253555
-0.300781
-0.334457
-0.431137
-0.689865
-1.065
-1.09151
-1.10516
-0.914597
-0.7668
-0.221756
0.702209
0.214859
0.0585022
0.519363
0.577744
0.658463
0.617432
0.554535
0.483917
0.456558
0.299057
0.0306702
-0.273178
-0.663574
-1.02357
-1.07278
-1.10373
-0.637405
-0.455429
-0.281906
-0.139755
-0.389984

[26]
-1.04681
-1.08238
-1.11897
-0.651123
-0.580521
-0.31778
-0.212082
-0.165222
-0.39537
-0.496277
-0.628586
-0.297211
-0.179443
-0.0630341
-0.0503387
-0.100067
-0.077652
-0.0195618
-0.0212708
0.0240784
0.0344238
-0.00650024
-0.00437927
0.0146027
0.0345612
0.0174103
0.0281219
-0.00930786
-0.0240936
-0.0518951
-0.0293427
-0.0323334
-0.157364
-0.186188
-0.236343
-0.300385
-0.351654
-0.591736
-1.06796
-1.08202
-1.09576
-1.02492
-0.760132
-0.348755
0.638428
0.11586
0.05159
0.651901
0.602615
0.695358

[27]
0.649017
0.590118
0.49469
0.478943
0.351624
0.122803
-0.193497
-0.590088
-1.03844
-1.08386
-1.11894
-0.848526
-0.485016
-0.384537
-0.718094
0.330704
-0.328476
-0.364868
-0.550446
-0.201141
-0.0359802
-0.236832
-0.0780792
-0.131668
-0.048584
-0.0444336
-0.0384979
-0.000869751
0.0335236
0.0567322
0.0380096
-0.0108643
-0.0140839
0.00973511
0.00946045
0.0230408
-0.0189362
-0.0480804
-0.0727539
-0.048233
-0.0795135
-0.118851
-0.245331
-0.25914
-0.344269
-0.57048
-0.990723
-1.07803
-1.09212
-1.10754

[28]
-0.851273
-0.689545
0.189896
0.036972
0.0288086
0.453445
0.544418
0.655106
0.646637
0.631912
0.548431
0.490585
0.386612
0.158905
-0.157898
-0.555481
-0.958054
-1.09172
-1.13351
-0.885483
-0.544357
-0.35466
-0.354889
-0.41716
-0.264297
-0.652679
-0.263092
-0.107834
-0.14653
-0.0429535
-0.1073
-0.107681
-0.0567474
-0.0302277
-0.0419159
0.00114441
0.0355835
0.0178528
0.0110474
-0.000640869
0.00689697
0.0187073
0.0434418
-0.0025177
-0.0199432
-0.0617523
-0.0336151
-0.0552521
-0.118408
-0.233459

[29]
-0.23024
-0.30896
-0.3638
-0.544434
-0.889511
-1.07152
-0.977661
-1.03506
-0.75177
-0.510513
0.119644
0.247757
0.0714417
0.316864
0.534943
0.62381
0.619934
0.572739
0.517715
0.482224
0.397934
0.225601
-0.0533142
-0.307587
-0.746292
-1.07298
-1.11296
-1.08365
-0.500626
-0.485565
-0.205521
-0.12616
-0.619965
-0.319382
-0.573837
-0.225418
-0.113785
-0.0451355
-0.101898
-0.147827
-0.0410156
-0.0563354
-0.0365143
-0.000961304
0.0433807
0.0430298
0.0180054
0.00553894
-0.00512695
0.00474548

[30]
-0.0108185
-0.00318909
-0.00556946
-0.013916
-0.0496368
-0.052124
-0.0667114
-0.15596
-0.26622
-0.255417
-0.360184
-0.495361
-1.05804
-1.06905
-1.07356
-1.02678
-0.577988
-0.410248
0.36795
0.110809
-0.144501
0.442535
0.631531
0.656876
0.634186
0.57222
0.486496
0.442749
0.303314
0.0585327
-0.231949
-0.640717
-1.0517
-1.08528
-1.04329
-0.592163
-0.46196
-0.466476
-0.323914
-0.693115
-0.222931
-0.506195
-0.0668335
-0.242783
0.00109863
-0.188019
-0.102325
-0.0616302
-0.0394745
0.0161285

[31]
-0.016449
0.0260162
0.0596008
0.00997925
-0.00521851
-0.000549316
0.0231171
0.0314331
-0.0102692
-0.0340271
-0.0495758
-0.0173798
-0.0384064
-0.0749969
-0.120499
-0.203003
-0.194458
-0.35878
-0.734924
-1.06274
-1.07668
-1.09119
-0.987747
-0.437714
-0.115753
0.918701
0.540222
0.0882721
0.637329
0.704315
0.694397
0.660385
0.576645
0.479126
0.398026
0.214951
-0.0287933
-0.383057
-0.934662
-1.05577
-1.08118
-0.623322
-0.400864
-0.276306
-0.243317
-0.616013
-0.179077
-0.270004
-0.353622
-0.00393677

