[1]
0.0775909
-0.0469055
-0.00567627
-0.0183411
-0.074295
-0.205887
-0.0148926
0.159302
0.126495
0.169983
0.20665
0.162476
0.202362
0.20401
0.138824
0.102539
0.0709839
0.0516052
0.0428162
0.021698
-0.0101624
-0.0600281
-0.159332
-0.243607
-0.307465
-0.407623
-0.502167
-0.494431
-0.516312
-0.587769
-0.530884
-0.510178
-0.230667
0.231537
0.431625
0.254318
0.261612
0.0317383
-0.443695
-0.40773
-0.276764
-0.0152893
0.0126648
-0.00141907
0.0337067
0.0834961
-0.0388794
-0.0695496
-0.00865173
0.0410461

[2]
0.019516
0.0231323
-0.00642395
-0.0167236
-0.0068512
0.0363922
0.0133057
-0.0231628
0.0236053
0.0283051
0.0628357
0.0656128
0.0561523
0.00796509
0.0151367
0.00747681
0.0496521
0.058136
0.0731506
0.0153351
0.0340424
0.118439
0.125977
0.136353
0.13356
0.2612
0.250793
-0.0277863
-0.144714
-0.0406952
-0.118149
0.0113831
0.231018
0.336349
0.279877
0.209671
0.184143
0.128922
0.0670776
0.0107727
-0.0215759
-0.047348
-0.0964355
-0.356918
-0.659836
-0.593445
-0.66507
-0.79335
-0.716675
-0.477859

[3]
-0.506744
-0.670837
-0.653946
0.812881
0.502426
-0.121109
0.0451813
-0.19046
-0.479904
-0.235107
-0.0232544
0.0234833
0.0370789
0.0166168
0.00927734
-0.0758057
-0.0680847
0.0480347
0.143494
-0.0159607
-0.0213776
0.0561829
0.0660095
0.0362701
0.00839233
0.0170441
0.0228882
0.010376
0.000747681
0.0274506
0.0641022
0.105255
0.0875549
0.0915375
0.0796814
0.0680847
0.0679474
0.0264893
0.0977478
0.111954
0.225723
0.298843
0.317657
0.114975
-0.0791321
-0.0276184
0.0970917
-0.28064
0.257904
0.411758

[4]
0.38829
0.290482
0.225906
0.198288
0.222946
0.142868
0.172943
0.12648
-0.0562744
-0.337128
-0.466202
-0.551041
-0.686401
-0.784607
-0.767761
-0.630646
-0.445038
-0.471176
-0.541077
-0.155991
0.571075
0.748123
0.0114441
-0.078476
-0.0940857
-0.281433
-0.120193
0.020462
-0.0131683
0.0228729
0.00804138
0.00701904
-0.0359344
-0.0138397
0.0905457
0.100815
0.083374
0.0465088
0.0186462
0.0420074
0.0443878
0.0452271
0.0529175
0.0367279
0.038681
0.0493469
0.0713043
0.0688477
0.0733185
0.0930023

[5]
0.101852
0.104034
0.0643921
0.0498657
0.0569153
0.0754089
0.0273132
0.105438
0.196594
0.287994
0.397705
-0.0593567
-0.168732
-0.014679
-0.00108337
-0.156189
0.238998
0.294846
0.266174
0.210129
0.151871
0.0908661
0.100052
0.0591583
-0.0112305
-0.039856
-0.0872192
-0.238861
-0.375931
-0.479263
-0.548065
-0.612305
-0.621857
-0.547211
-0.558716
-0.718002
-0.0242004
1.13515
-0.166458
-0.178253
-0.153549
-0.102859
-0.0966034
-0.0109253
0.0723724
0.052597
0.0837555
0.116058
0.0507965
-0.0360718

[6]
0.0388794
0.113586
0.10466
0.0623169
0.0172577
0.0346375
0.0712128
0.100342
0.100861
0.0356903
0.0498047
0.063797
0.0776062
0.114807
0.0857086
0.0851593
0.0885925
0.118805
0.119812
0.0201874
0.0620117
0.156235
0.217514
0.290024
0.375671
0.311844
-0.145309
-0.18898
0.0552673
-0.02948
0.209045
0.235123
0.24823
0.218597
0.217072
0.197083
0.165161
0.106903
0.0512085
0.0344849
0.0233765
-0.046524
-0.216949
-0.391312
-0.528137
-0.584534
-0.579361
-0.51265
-0.520386
-0.708755

[7]
-0.44046
0.163696
1.48573
0.279037
-0.124573
0.0279999
-0.32019
-0.200012
-0.0168304
0.0545044
0.0626984
0.0910034
0.108871
0.0107727
-0.0624084
-0.00692749
0.0839386
0.09935
0.0363312
0.00645447
0.0547791
0.128677
0.127182
0.0578461
0.0406952
0.0464935
0.0720825
0.0835571
0.0869293
0.0911102
0.0957794
0.160904
0.123566
0.0898895
0.0428314
0.0662994
0.100647
0.153458
0.238998
0.278091
0.293411
-0.204697
-0.204498
0.111984
-0.0107422
0.175049
0.250732
0.273758
0.261795
0.267181

[8]
0.213226
0.0709534
0.00804138
0.0174103
0.0188904
-0.0504456
-0.129929
-0.361862
-0.637863
-0.77243
-0.855957
-0.863449
-0.591751
-0.274689
-0.456772
-0.386963
-0.215546
1.15468
0.641144
0.164444
-0.138931
-0.394806
-0.278885
0.0786591
0.143921
0.0479584
0.0919647
0.132843
0.0583038
-0.0140076
0.000671387
0.146942
0.189178
0.0929108
0.0238037
0.0330658
0.104126
0.128632
0.0988464
0.0891876
0.0738831
0.079422
0.100647
0.114105
0.102066
0.133102
0.128708
0.199142
0.144821
0.0716095

[9]
0.0214386
0.0870056
0.166519
0.213318
0.281143
0.356476
0.42041
0.0892944
-0.114883
-0.0516205
0.0296173
-0.133896
0.143127
0.304062
0.342072
0.309143
0.268921
0.230469
0.133575
0.0196381
0.0312347
0.0573273
0.0222473
-0.0648651
-0.253525
-0.391373
-0.469009
-0.57254
-0.658463
-0.666367
-0.525772
-0.343918
-0.143585
0.371552
1.37144
0.322815
-0.0187531
-0.121735
-0.313629
-0.017746
0.10347
0.100845
0.0788727
0.125076
0.0957184
0.00712585
-0.0473022
0.115463
0.17778
0.127335

[10]
0.0533142
0.0327148
0.0624084
0.102432
0.0938416
0.0870056
0.0948334
0.0884094
0.0973358
0.0849457
0.106033
0.0954285
0.11348
0.1091
0.122467
0.111694
0.117706
0.032135
0.0720215
0.0901642
0.139053
0.331726
0.477234
0.464752
0.295013
-0.038681
-0.0528412
-0.0788574
-0.275894
0.337234
0.385864
0.320877
0.226929
0.172974
0.16893
0.175659
0.0859375
0.00915527
-0.0362549
-0.103897
-0.258942
-0.479156
-0.674362
-0.908752
-0.972519
-0.77124
-0.632736
-0.734802
-0.683792
0.474274

[11]
1.23363
0.0595551
-0.126846
-0.165787
-0.161163
-0.0186157
-0.038681
-0.022995
0.0672455
0.123703
0.0981903
-0.0445557
0.0188751
0.151611
0.154755
0.0770874
0.032074
0.0303345
0.0693207
0.0821075
0.0915985
0.0489044
0.0633087
0.0882568
0.0793762
0.0746002
0.0904999
0.104752
0.159988
0.137955
0.09375
0.113998
0.0717468
0.066925
0.0722046
0.0805664
0.206223
0.436615
0.281769
0.238907
-0.103958
-0.221802
0.019989
-0.0912781
0.238617
0.309723
0.262894
0.263
0.378098
0.259781

[12]
0.149078
0.000732422
-0.0816345
-0.0861511
-0.119232
-0.165894
-0.313812
-0.460236
-0.615967
-0.702225
-0.685928
-0.203629
-0.225433
-0.485245
-0.599411
0.0365295
0.936188
0.33963
0.0892334
0.0922699
-0.30864
-0.0956573
0.169479
0.0279388
-0.0466614
-0.0078125
0.0533447
-0.00683594
-0.0106354
0.074585
0.118835
0.151337
0.0848846
0.089386
0.0983124
0.0721283
0.0801086
0.0650482
0.0874329
0.110886
0.113495
0.0939941
0.0885925
0.0866699
0.0695648
0.138046
0.140717
0.167114
0.0919342
0.00810242

[13]
-0.0229797
0.0115204
0.347641
0.574951
0.481155
-0.0269775
-0.270386
-0.0233154
0.0100555
-0.0229034
0.360168
0.318146
0.255966
0.212997
0.19313
0.140198
0.0117188
-0.0625458
-0.0971222
-0.172897
-0.299179
-0.435135
-0.53894
-0.631119
-0.703323
-0.644226
-0.596939
-0.480652
-0.421265
-0.338181
-0.0537262
1.9518
0.531448
-0.0486603
-0.0844574
-0.240204
-0.243637
0.00341797
0.220642
0.164124
0.182404
0.210602
0.130066
-0.0083313
0.064209
0.229965
0.256912
0.118851
0.0496979
0.118515

[14]
0.178223
0.165543
0.11763
0.119202
0.123886
0.123444
0.110046
0.127991
0.131409
0.18071
0.246445
0.165237
0.085434
0.0671234
0.118134
0.185516
0.299362
0.442795
0.444839
0.22522
-0.244186
-0.149429
0.130295
-0.0394897
0.0323639
0.330688
0.393555
0.333176
0.269852
0.233032
0.190369
0.164566
0.117065
0.0846252
0.0305481
-0.0659332
-0.202927
-0.38884
-0.546417
-0.583893
-0.63327
-0.741165
-0.581848
-0.710953
-0.484177
0.668045
0.881332
0.0782318
-0.0127869
-0.251282

[15]
-0.159729
0.0153351
0.0750275
0.0335083
0.108231
0.106766
0.0340881
-0.0607452
0.056076
0.161835
0.167923
0.0767365
0.0323792
0.0684814
0.0825195
0.101822
0.100159
0.0805206
0.0867615
0.113419
0.110458
0.102417
0.10701
0.149551
0.195877
0.14798
0.0883026
0.0406036
0.0426941
0.0721283
0.0943451
0.266373
0.503784
0.419922
0.238831
-0.241974
-0.0918884
0.171082
-0.0405579
0.0965576
0.325623
0.375214
0.269989
0.170929
0.206604
0.194183
0.0645599
-0.0261078
-0.0302582
-0.0879669

[16]
-0.197266
-0.369614
-0.580811
-0.69838
-0.765488
-0.86821
-0.762558
-0.508606
-0.412918
-0.200745
0.690948
1.23238
0.00140381
-0.165741
-0.170471
-0.173233
0.00695801
0.112732
0.096756
0.196228
0.190659
0.0162354
0.00970459
0.153107
0.237961
0.188156
0.102493
0.100418
0.107239
0.144897
0.138412
0.132782
0.128662
0.12059
0.139862
0.108902
0.121536
0.148911
0.178162
0.21579
0.164932
0.117081
0.0727997
0.128815
0.0957642
0.234741
0.433472
0.376648
0.295807
-0.158417

[17]
-0.17984
0.0589447
-0.172455
0.331726
0.406326
0.354233
0.266403
0.254913
0.231934
0.225891
0.157074
0.0513916
0.112183
0.0999451
-0.0199585
-0.323318
-0.402771
-0.363922
-0.526642
-0.468124
-0.336731
-0.302094
-0.674774
-0.70639
0.490662
0.860138
0.136749
-0.339645
-0.0940094
-0.101486
-0.0136566
0.0610199
0.0655518
0.126678
0.144241
0.0941162
0.0366516
0.138153
0.180084
0.169647
0.0803375
0.0535431
0.100266
0.142731
0.134933
0.104523
0.115005
0.103195
0.117508
0.104797

[18]
0.123581
0.126144
0.089035
0.0885162
0.132141
0.177765
0.148056
0.177017
0.108459
0.22847
0.432831
0.542694
0.117172
-0.169128
-0.0653992
-0.0781403
-0.178406
0.328705
0.37616
0.32135
0.215561
0.164948
0.193649
0.174652
0.0680847
0.0930786
0.132523
0.113495
0.0134125
-0.108276
-0.325348
-0.498383
-0.567596
-0.703568
-0.800842
-0.630005
-0.491089
-0.44986
0.147629
1.19803
0.257401
-0.128311
-0.448059
-0.189285
-0.0144196
0.0400238
0.00857544
0.100632
0.0765228
0.069046

[19]
-0.00547791
0.0576172
0.153458
0.154678
0.0846405
0.0383148
0.0666046
0.101898
0.0973358
0.0697937
0.0383453
0.0609131
0.10289
0.0871735
0.0840912
0.103699
0.119904
0.0836945
0.0532074
0.125717
0.170303
0.128021
0.125183
0.0609283
0.204071
0.438248
0.499954
0.254181
-0.0179749
-0.135605
0.138016
-0.0756531
0.0852356
0.236526
0.348877
0.313171
0.283127
0.240829
0.146667
0.0976257
0.061554
0.0580292
0.0597534
-0.0231934
-0.290802
-0.469055
-0.657471
-0.869781
-0.861786
-0.582245

[20]
-0.492615
-0.539795
-0.37767
-0.190704
0.181381
0.76918
0.152954
0.0821381
-0.153671
-0.30014
-0.134201
-0.0227966
-0.0339661
0.00158691
0.0337067
0.00323486
0.0201874
0.00444031
0.0487671
0.0848694
0.0827637
0.0364838
0.0267487
0.0466766
0.0513153
0.0532532
0.0584412
0.0688477
0.0810089
0.0464783
0.040329
0.0580902
0.0584106
0.0817871
0.0777283
0.159119
0.112167
0.0512085
0.0219879
0.082489
0.171921
0.513885
0.500717
0.35054
-0.112595
-0.152786
0.0171204
-0.426834
0.305634
0.423004

[21]
0.374649
0.264252
0.220734
0.210815
0.203491
0.133377
0.0757751
0.0299988
-0.0515442
-0.263687
-0.673737
-0.590942
-0.791626
-0.928772
-0.920441
-0.549255
-0.574387
-0.532196
0.989212
0.93219
-0.243576
-0.468216
-0.104889
0.111328
-0.132248
0.0498962
0.0796356
0.107269
0.143387
0.122086
-0.0694122
-0.00708008
0.186127
0.21846
0.0829468
-0.0216217
0.0688324
0.113495
0.122498
0.082016
0.0670166
0.0919647
0.102829
0.113113
0.0690613
0.0823212
0.088974
0.118011
0.104355
0.114761

[22]
0.10643
0.115707
0.128067
0.116058
0.266098
0.431763
0.445068
0.178848
-0.123535
-0.0607147
0.108688
-0.231232
0.259705
0.342773
0.32402
0.225906
0.155121
0.131073
0.144897
0.130417
0.0677795
0.0497131
-0.0106354
-0.128494
-0.34285
-0.548203
-0.68338
-0.716324
-0.77182
-0.747711
-0.619827
-0.58905
-0.138062
0.139221
1.36449
0.341309
-0.125778
-0.527664
0.0161743
-0.0219269
0.0176697
0.114975
0.150375
0.143845
0.137741
0.089386
-0.00961304
0.0789185
0.1996
0.201904

[23]
0.114395
0.0541992
0.0705261
0.13768
0.147995
0.099472
0.100845
0.0941315
0.0978546
0.125732
0.13736
0.140823
0.143539
0.168137
0.164566
0.137848
0.07164
0.0830841
0.134186
0.282822
0.409805
0.497208
0.147141
-0.150681
-0.0365601
0.0545654
-0.195526
0.341446
0.394836
0.365021
0.292633
0.210358
0.194626
0.168274
0.0721283
0.048645
0.0350647
-0.0105591
-0.0653992
-0.138794
-0.30426
-0.484512
-0.483215
-0.521759
-0.677124
-0.632309
-0.58284
-0.487167
-0.0668182
0.97995

[24]
0.404083
-0.0876923
-0.187393
-0.259827
-0.189941
0.0740967
0.128876
0.0657043
0.0703888
0.104523
0.0774536
-0.0135803
0.0319366
0.141159
0.156448
0.075531
0.0382385
0.0229187
0.0864258
0.124557
0.0964813
0.084137
0.0606537
0.0749664
0.104523
0.126831
0.114166
0.0970917
0.0905151
0.130844
0.165268
0.0237427
0.0492554
0.0517731
0.20195
0.33374
0.396637
0.427597
-0.0263824
-0.193161
-0.055069
-0.023819
0.146149
0.334076
0.361588
0.287552
0.231155
0.174576
0.153091
0.120468

[25]
0.0656586
0.0525208
0.021698
-0.066452
-0.192093
-0.47258
-0.662949
-0.640152
-0.757126
-0.853561
-0.657974
-0.490768
-0.460983
-0.158218
1.41203
0.597427
-0.0411682
-0.355988
-0.168991
-0.0482025
-0.100983
0.0323792
0.0586853
0.101715
0.077179
0.0289307
-0.0418091
0.0345917
0.123199
0.145706
0.0705414
-0.00117493
0.0282593
0.0977783
0.0944824
0.0584259
0.0489655
0.0546112
0.0705566
0.0748901
0.0818024
0.0956116
0.0754089
0.0746613
0.0826721
0.116364
0.0884552
0.0931396
0.139465
0.102646

[26]
0.200546
0.334763
0.430618
0.122086
-0.111588
-0.12674
-0.0392914
-0.132568
0.305267
0.350693
0.311462
0.263748
0.203934
0.168915
0.145782
0.116699
0.0762634
0.0727539
0.0149231
-0.199097
-0.495743
-0.63092
-0.726242
-0.772385
-0.651825
-0.503937
-0.584183
-0.38031
-0.284302
0.175842
0.819931
0.0401154
-0.0912323
-0.412811
-0.0109558
-0.0205688
-0.0128021
0.0733643
0.111298
0.176895
0.145889
0.00515747
-0.0759888
0.0386658
0.185379
0.173828
0.0733948
0.0226288
0.0461884
0.104065

[27]
0.126083
0.0841827
0.070343
0.0813446
0.104568
0.0801239
0.0832825
0.100693
0.081131
0.106354
0.104431
0.146088
0.0748291
0.0467224
0.081192
0.0830383
0.14328
0.295914
0.420837
0.45488
0.346222
-0.14122
-0.237289
0.0548248
-0.0421295
-0.0232849
0.209457
0.270569
0.25032
0.203934
0.207367
0.0915527
0.0223541
0.0129089
0.00204468
-0.0427551
-0.087738
-0.198883
-0.401978
-0.615677
-0.698227
-0.802505
-0.919189
-0.850876
-0.779694
-0.354919
0.0246735
0.856033
0.848297
-0.0224915

[28]
-0.274933
-0.151001
-0.203262
-0.0169983
0.1259
0.105225
0.0777283
0.0995789
0.106232
-0.000732422
-0.0271301
0.108795
0.182205
0.146759
0.0778809
0.0382233
0.0679169
0.146286
0.113922
0.078476
0.0747681
0.0665741
0.0831909
0.0870972
0.104538
0.122055
0.112915
0.12326
0.111526
0.161392
0.0600739
0.0502777
0.127991
0.163757
0.289246
0.427551
0.479858
0.287231
-0.134644
-0.0686493
0.0285034
-0.2603
0.205688
0.333313
0.327286
0.230209
0.14743
0.129578
0.148071
0.084198

[29]
0.0364838
-0.00350952
-0.0229645
-0.115829
-0.280258
-0.476181
-0.567581
-0.641434
-0.742691
-0.680099
-0.730423
-0.599442
-0.245529
0.113037
0.134354
0.608017
0.776871
0.0688171
0.0178223
-0.534927
-0.245209
0.0779419
0.0233917
0.0866699
0.0790253
0.0203705
0.00244141
-0.0272064
0.0295868
0.101318
0.105988
0.0392456
0.0150604
0.0218506
0.0619812
0.105026
0.105728
0.0626678
0.041275
0.0309601
0.0534668
0.100128
0.104019
0.0753326
0.0769501
0.0566101
0.0612488
0.0637207
0.0350647
0.0641479

[30]
-0.00230408
0.118774
0.266403
0.519989
0.551666
0.180817
-0.302597
-0.110046
0.0542145
-0.128296
0.233063
0.272415
0.241959
0.183563
0.147949
0.126785
0.0573883
-0.0135956
-0.0616302
-0.0981293
-0.162766
-0.314331
-0.522812
-0.630936
-0.64917
-0.84935
-0.940796
-0.597855
-0.389969
-0.457306
-0.0138702
0.346039
1.12744
0.515671
0.0668793
-0.198776
-0.380936
-0.103607
0.0868683
0.120331
0.100754
0.0858154
0.144958
0.0711975
0.0102844
0.0587769
0.17189
0.191833
0.121689
0.0456085

[31]
0.0855103
0.152924
0.143066
0.120102
0.0892792
0.0812988
0.108704
0.113861
0.132309
0.118759
0.114746
0.135437
0.109589
0.133408
0.0848999
0.121033
0.11908
0.17836
0.280106
0.396378
0.49408
0.135483
-0.0434875
-0.0217896
0.0647125
-0.295074
0.131561
0.319122
0.340683
0.266312
0.189346
0.171036
0.179153
0.106903
0.077652
0.00970459
-0.0549011
-0.173859
-0.406219
-0.565414
-0.588943
-0.629471
-0.602112
-0.515991
-0.378494
-0.419037
-0.372818
0.04216
1.15266
0.416336

[32]
0.137604
-0.0659637
-0.384766
-0.194092
0.119171
0.0748138
0.0888214
0.109299
0.0845795
0.0317993
0.0118408
0.134705
0.17305
0.147491
0.0682526
0.0734863
0.0997162
0.111084
0.121567
0.115967
0.0628967
0.0754242
0.0874176
0.107483
0.0994568
0.118759
0.131546
0.100555
0.131897
0.107391
0.0670471
0.0746307
0.0998077
0.0990753
0.206619
0.398941
0.443909
0.417908
0.10405
-0.234344
-0.115479
-0.00865173
-0.0780945
0.34343
0.370102
0.303909
0.202148
0.180511
0.194092
0.169815

[33]
0.141907
0.1064
0.0896301
0.0469818
-0.0806732
-0.284225
-0.485901
-0.712494
-0.87915
-0.920242
-0.712662
-0.510162
-0.473206
-0.393723
-0.361557
1.1772
0.539963
-0.182175
-0.0198975
-0.276398
-0.139206
0.0468292
0.140305
0.0789337
0.137375
0.0995941
0.0778503
0.0512238
0.0652771
0.188934
0.181396
0.0780792
0.0479431
0.0588226
0.121414
0.133377
0.107086
0.0841675
0.0823975
0.0426941
0.110535
0.111359
0.106918
0.126358
0.128708
0.0971222
0.051712
0.140244
0.0568695
0.0703125

[34]
0.101364
0.112579
0.214478
0.310501
0.454315
0.373962
-0.0352783
-0.111877
0.0414886
-0.0903015
0.151245
0.255066
0.331696
0.225296
0.117386
0.121216
0.116867
0.0535736
0.0154114
0.0256805
0.0350189
0.0540619
-0.117935
-0.435806
-0.447189
-0.391922
-0.575928
-1.00085
-0.891251
-0.541672
-0.435959
-0.0185852
0.144196
0.814529
0.549332
0.00201416
-0.296051
-0.0373535
0.0314941
0.105057
0.0796967
0.0434265
0.0426636
0.104324
0.0860443
0.0559387
0.0768433
0.140259
0.147644
0.114426

[35]
0.0896454
0.0791779
0.111328
0.111313
0.0872498
0.0867767
0.0913849
0.10083
0.0879517
0.125717
0.118225
0.131317
0.102127
0.0887299
0.088028
0.0808563
0.0653839
0.0836029
0.17186
0.129425
0.352066
0.429413
0.209229
-0.00337219
-0.1026
0.0227509
-0.0372467
0.129578
0.236511
0.330246
0.324478
0.272461
0.238586
0.173904
0.10936
0.0970459
0.0617523
0.0439911
-0.0868988
-0.21109
-0.381439
-0.57489
-0.705292
-0.785416
-0.730774
-0.543121
-0.499969
-0.434387
-0.0774231
0.822876

[36]
0.883026
0.0270386
-0.298599
-0.385437
-0.165466
0.0543518
0.0485382
0.0184631
0.0585175
0.0564575
0.0422668
-0.0214844
0.00395203
0.127594
0.126236
0.0585022
0.0243988
0.0403442
0.0514832
0.0837708
0.07901
0.0810699
0.0592346
0.0524139
0.0723267
0.0847626
0.093811
0.092514
0.0809326
0.0284424
0.0757446
0.0659943
0.0763245
0.0604095
0.113541
0.319962
0.493042
0.45018
0.0730133
-0.345169
-0.108109
0.022995
-0.0596619
0.282013
0.325851
0.284698
0.216599
0.156342
0.137604
0.0903625

[37]
0.0167236
0.0111389
0.0150299
-0.00349426
-0.0652313
-0.26152
-0.398804
-0.58316
-0.797379
-0.938705
-0.873688
-0.646408
-0.50856
-0.371292
0.68222
0.659683
-0.130173
-0.319366
0.0263519
-0.0583954
-0.0479431
0.0850067
0.0479431
-0.000473022
0.0813904
0.0263062
-0.0377045
0.015976
0.100952
0.130447
0.0832367
0.0434265
0.02005
0.0549164
0.0996399
0.101303
0.0618591
0.0532532
0.066391
0.0793304
0.0864868
0.0886078
0.0911255
0.105896
0.0891724
0.0762329
-0.0109406
0.0966339
0.131088
0.104462

