[1]
-0.520874
-0.168503
-0.228928
-0.231247
-0.108566
-0.0409241
0.0283051
0.0912476
0.106812
0.182037
0.21936
0.153534
0.110565
0.0649719
0.033493
-0.0259399
-0.0884247
-0.146408
-0.187531
-0.226776
-0.251358
-0.290054
-0.287811
-0.293182
-0.253082
-0.188446
-0.120102
-0.0967712
-0.041626
0.0496826
0.0307007
0.0360718
0.261703
-0.065033
-0.0465546
-0.125015
-0.282394
-0.192749
-0.0464172
-0.0635071
-0.0345154
-0.0312958
-0.0786133
-0.0117493
-0.0138397
-0.0919952
0.0114746
0.00944519
0.0205078
-0.00906372

[2]
0.00314331
-0.0254364
0.0188599
0.0226288
0.00718689
-0.0014801
0.00767517
0.00860596
0.0151062
-0.0132446
-0.0237732
-0.0311432
0.00294495
-0.042099
-0.051239
-0.0873718
-0.131134
-0.150177
-0.244446
-0.299011
-0.325806
-0.432144
-0.569244
-0.824982
-0.998795
-0.647949
-0.756668
-0.497787
-0.501495
0.0596466
0.231949
0.0969086
0.30072
0.382843
0.474274
0.449188
0.40506
0.36557
0.341309
0.32695
0.174835
-0.0393829
-0.312698
-0.539978
-0.751938
-0.899796
-0.763794
-0.720505
-0.617065
-0.376175

[3]
-0.256546
-0.116455
-0.1353
-0.365952
-0.30481
-0.3806
-0.415009
-0.0685577
-0.141129
-0.0534973
-0.0861053
-0.0182953
0.0490112
-0.0411835
-0.049942
0.0297546
0.0624847
0.0388947
-0.0111389
0.035202
-0.0733032
-0.0694275
-0.0222168
0.00772095
0.00984192
-0.00401306
-0.00450134
0.0222778
0.0260773
0.0116119
-0.065567
-0.0868225
-0.0726318
-0.122223
-0.178375
-0.203796
-0.247528
-0.367508
-0.511169
-0.702927
-0.935959
-0.919495
-0.82608
-0.716736
-0.625061
-0.397186
0.520996
0.137131
0.206207
0.427521

[4]
0.491257
0.438004
0.424835
0.401672
0.359146
0.304398
0.196991
0.0509338
-0.180389
-0.334793
-0.507462
-0.647186
-0.80513
-0.835709
-0.658737
-0.468094
-0.238663
-0.123749
-0.0845337
-0.153152
-0.115311
-0.145737
-0.334641
-0.401993
-0.115128
-0.159821
-0.0732574
-0.0856171
0.0224915
0.015213
-0.083313
-0.015686
0.0258026
0.0178375
0.0270538
0.00862122
0.00166321
-0.00169373
-0.00627136
0.00708008
0.00205994
-0.00285339
-0.0124359
-0.00288391
-0.0216064
-0.0331726
-0.0292664
-0.0534668
-0.0670319
-0.093811

[5]
-0.133987
-0.146591
-0.161545
-0.209778
-0.223648
-0.331985
-0.575027
-0.769226
-0.993973
-0.798218
-0.815735
-0.544418
-0.653625
-0.121735
0.300583
0.177368
0.0595551
0.241104
0.359955
0.398346
0.405045
0.406357
0.37793
0.341507
0.266586
0.138809
-0.0331573
-0.254913
-0.516006
-0.746384
-0.928482
-0.896912
-0.635925
-0.374496
-0.186569
-0.431503
0.0120392
-0.362549
-0.491898
-0.308868
-0.161591
0.0412598
0.0197754
-0.0632629
0.00387573
0.031601
-0.0278015
-0.0320282
-0.0180511
0.00697327

[6]
-0.0246277
-0.0247955
-0.020813
0.0022583
0.0250092
0.00767517
0.00932312
0.00212097
-0.00352478
-0.0200958
-0.0287323
-0.0414581
-0.04216
-0.0739594
-0.0805206
-0.107498
-0.128723
-0.162277
-0.229965
-0.307877
-0.413345
-0.679962
-1.03708
-1.13417
-0.801346
-0.772507
-0.608871
-0.56427
0.188522
-0.127197
0.04245
0.343552
0.395325
0.428375
0.438797
0.434708
0.429443
0.418457
0.374191
0.270676
0.149475
-0.0460358
-0.30954
-0.610611
-0.865906
-0.978149
-0.938614
-0.713852
-0.323624
-0.238388

[7]
-0.114731
-0.141678
-0.478653
-0.366028
-0.569244
-0.183533
-0.037262
-0.0105286
-0.103729
-0.00364685
0.0727997
-0.0671997
-0.0709381
-0.0452118
0.0463409
0.0320892
0.0038147
-0.0187378
-0.00279236
0.0414734
-0.0410614
-0.0662231
-0.0143433
-0.0228271
-0.0333099
0.00218201
-0.0509186
-0.0613861
-0.0485077
-0.081131
-0.122162
-0.194458
-0.212311
-0.199814
-0.266922
-0.392532
-0.65416
-0.898071
-1.07709
-0.794159
-0.764191
-0.586472
-0.36763
0.337723
-0.00660706
0.0146027
0.307617
0.407196
0.447403
0.435272

[8]
0.381226
0.361847
0.37352
0.286682
0.160095
-0.0247498
-0.220612
-0.556427
-0.746429
-0.856445
-0.830383
-0.646683
-0.499176
-0.24678
-0.0793152
-0.202957
-0.0774078
-0.386429
-0.177994
-0.344421
-0.291367
0.0216827
-0.0589294
-0.100708
-0.190399
0.000656128
0.00140381
-0.0994263
-0.075531
0.0241852
-0.00854492
-0.0205688
-0.026413
-0.0231171
0.0213928
0.00801086
0.00315857
-0.0179138
-0.0306396
-0.0160828
-0.00878906
-0.0282135
-0.0585175
-0.0946655
-0.107162
-0.0983887
-0.109116
-0.153
-0.151657
-0.19519

[9]
-0.263672
-0.414734
-0.595078
-0.859406
-0.988052
-0.749069
-0.754028
-0.673904
-0.679504
-0.321045
0.360596
0.100677
-0.00395203
0.270477
0.396805
0.464706
0.449997
0.416641
0.415802
0.38475
0.326233
0.242706
0.139679
0.012207
-0.231369
-0.437454
-0.718781
-0.977966
-0.89769
-0.573792
-0.325241
-0.15564
-0.0617676
-0.0453796
-0.143555
-0.18483
-0.281189
-0.120911
-0.0280762
-0.0453491
-0.197647
-0.0395508
-0.00700378
-0.0889893
-0.0545807
0.0167694
0.0289001
0.00831604
-0.00463867
-0.0154724

[10]
-0.00837708
0.00195312
0.00799561
0.00827026
0.00828552
-0.00827026
-0.0276184
-0.0281067
-0.0298615
-0.028656
-0.0357971
-0.107986
-0.128174
-0.140564
-0.151093
-0.166183
-0.194244
-0.246231
-0.395386
-0.630951
-0.815201
-1.01482
-0.838669
-0.939133
-0.742584
-0.72464
-0.220886
0.452011
0.107803
0.00920105
0.279526
0.383469
0.436127
0.421249
0.41243
0.376053
0.351974
0.314468
0.16806
-0.0482025
-0.308868
-0.633026
-0.872253
-1.03278
-0.921432
-0.537964
-0.334503
-0.347824
0.023407
-0.262527

[11]
-0.35965
-0.331665
-0.455368
-0.171661
-0.0633698
-0.0455322
-0.102249
0.0224457
-0.00779724
-0.0984497
-0.00280762
0.000839233
-0.00131226
-0.0177765
-0.0272064
-0.0322876
-0.00256348
0.00634766
0.00582886
-0.0108185
-0.0043335
-0.0167999
-0.0189209
-0.0239868
-0.0429077
-0.0357971
-0.0421906
-0.0768738
-0.143753
-0.146835
-0.164749
-0.178314
-0.279465
-0.377121
-0.585526
-0.795959
-0.926086
-0.810135
-0.853195
-0.66954
-0.680099
-0.246017
0.515533
0.136887
0.0350952
0.295822
0.432068
0.506989
0.473801
0.437057

[12]
0.362961
0.298752
0.260193
0.0901337
-0.0892944
-0.293365
-0.487701
-0.775711
-0.903824
-0.828873
-0.692276
-0.502838
-0.216019
-0.039566
-0.152161
-0.0491028
-0.210526
-0.224564
-0.419601
-0.221756
-0.0623779
-0.22142
-0.04422
0.0280914
0.0135803
-0.048172
-0.0702362
-0.00299072
0.0072937
0.0096283
0.0170593
0.0113678
0.0203247
-0.0227203
0.00236511
0.0119781
-0.0148621
-0.0258179
-0.0335541
-0.0292816
-0.0499725
-0.0673981
-0.0547638
-0.0627594
-0.108231
-0.16185
-0.187119
-0.188202
-0.282867
-0.408371

[13]
-0.648193
-0.934067
-1.07085
-1.07405
-0.998306
-0.683853
-0.544891
0.144333
0.124298
0.23262
0.235535
0.374435
0.486679
0.482758
0.427628
0.375137
0.303696
0.32341
0.22197
-0.00668335
-0.138718
-0.333099
-0.489838
-0.625534
-0.774155
-0.670303
-0.516708
-0.346298
-0.154221
-0.407547
0.0644531
-0.596497
-0.143982
-0.604279
-0.166977
-0.0159912
0.0720978
-0.117218
-0.104431
-0.0407562
-0.146194
-0.0735626
0.00375366
0.0291443
0.0265808
-0.0368042
-0.0821686
-0.0665588
-0.00598145
-0.0052948

[14]
-0.0267944
-0.048172
-0.0673523
-0.0582886
-0.0509338
-0.052124
-0.0764771
-0.0799713
-0.143906
-0.151871
-0.182831
-0.171494
-0.270416
-0.399521
-0.545364
-0.784256
-1.09113
-1.09364
-0.817337
-0.778793
-0.708939
-0.484528
0.185501
-0.0821686
0.0564575
0.196838
0.328461
0.420029
0.420212
0.416397
0.353302
0.337158
0.298294
0.172836
0.00219727
-0.21521
-0.520523
-0.789627
-1.00642
-0.988571
-0.670578
-0.495422
-0.244583
-0.448441
0.0101318
-0.295624
-0.245697
-0.357147
-0.325958
-0.121216

[15]
-0.0604858
-0.0636444
-0.0978394
0.0220337
-0.0775909
-0.0918732
-0.021347
0.0132599
0.000717163
-0.031311
-0.019043
0.0148468
0.0205536
0.00718689
-0.0183411
-0.0253906
-0.0371246
-0.0403748
-0.0375671
-0.0422821
-0.0536957
-0.0806274
-0.0751038
-0.111328
-0.205429
-0.1689
-0.170212
-0.231598
-0.341446
-0.528076
-0.855499
-1.11353
-0.990326
-1.07181
-0.850174
-0.748245
-0.304398
0.492737
0.00221252
0.126617
0.369568
0.437408
0.501617
0.490585
0.416901
0.318115
0.329651
0.272995
0.163269
0.0301361

[16]
-0.0899048
-0.268372
-0.566116
-0.783615
-0.858841
-0.604767
-0.348343
-0.21582
-0.056488
0.0070343
-0.160339
-0.361893
-0.45726
-0.26326
-0.218018
-0.0059967
-0.0942841
-0.0740662
0.0327301
-0.11319
-0.0899811
-0.006073
0.0379791
0.00991821
-0.0190125
-0.0172272
0.00341797
0.00849915
0.00862122
-0.0147705
-0.0160522
-0.0598145
-0.0845337
-0.0742188
-0.0588226
-0.0779572
-0.119156
-0.132751
-0.172104
-0.196579
-0.205704
-0.279312
-0.366257
-0.537735
-0.798965
-1.02144
-0.990814
-0.89357
-0.788742
-0.685501

[17]
-0.470673
0.409073
-0.142487
-0.0220947
0.225937
0.311996
0.395233
0.417145
0.376938
0.395813
0.355316
0.280685
0.113022
-0.108231
-0.287796
-0.460678
-0.750504
-0.751129
-0.778336
-0.699234
-0.561661
-0.304016
-0.386337
0.111176
-0.223999
-0.393265
-0.296066
-0.20343
-0.27597
-0.0676117
-0.128464
-0.0494995
0.0246277
-0.0713196
-0.0417786
0.0207672
0.0528564
0.0249023
-0.0158997
-0.0346832
-0.0221558
0.00335693
-0.0149994
-0.0220795
-0.0427856
-0.0526886
-0.0525665
-0.0536804
-0.0600128
-0.0858307

[18]
-0.0812531
-0.122559
-0.139862
-0.16571
-0.236008
-0.33371
-0.442047
-0.604355
-0.859085
-1.14728
-1.20786
-0.989868
-0.831726
-0.731918
-0.303711
0.613113
0.162582
0.101334
0.364532
0.412704
0.387131
0.391815
0.341522
0.330933
0.326111
0.217728
0.134445
-0.0287476
-0.226486
-0.44632
-0.687943
-0.963196
-0.951096
-0.743164
-0.531662
-0.215408
-0.241592
0.0116882
-0.0973358
-0.338074
-0.404999
-0.364304
-0.149368
-0.0864868
-0.047287
-0.114899
0.0199127
-0.0720673
-0.0874634
0.00286865

[19]
0.0245209
0.048996
0.0316467
-0.00976562
0.00224304
0.00372314
-0.00778198
-0.00570679
-0.0127411
-0.0325165
-0.0297699
-0.00967407
-0.0301666
-0.0577087
-0.0694427
-0.0877686
-0.0972748
-0.119431
-0.136154
-0.208984
-0.282074
-0.354156
-0.481689
-0.785507
-1.03178
-1.01282
-0.945999
-0.818298
-0.558243
-0.370026
0.409393
0.0836792
0.0165405
0.362778
0.454559
0.525421
0.467743
0.409668
0.365112
0.330139
0.275742
0.105774
-0.106659
-0.390701
-0.795425
-1.01999
-1.03735
-0.792007
-0.536575
-0.343582

[20]
-0.067688
-0.0407104
-0.161545
0.155853
-0.0543365
-0.216812
-0.25827
-0.490906
-0.122055
-0.15538
-0.0396729
-0.0211945
-0.00682068
-0.0774078
-0.113724
-0.0544434
0.00636292
0.0135651
0.0123749
0.0198517
0.0159149
0.016922
0.0331573
0.0278015
0.0348816
-0.00222778
-0.0370636
-0.0111389
-0.00750732
-0.0441742
-0.0552368
-0.0452728
-0.0671539
-0.0869598
-0.119034
-0.215698
-0.229553
-0.317413
-0.48996
-0.704575
-1.01787
-1.08586
-1.07213
-0.850052
-0.660767
-0.283371
0.717087
0.257187
0.184723
0.454025

[21]
0.468307
0.503143
0.474808
0.435043
0.418747
0.368179
0.295044
0.11322
-0.127396
-0.405823
-0.949051
-0.860306
-0.946304
-0.736877
-0.49057
-0.435989
-0.166138
0.019989
-0.493164
-0.330231
-0.237961
-0.33136
-0.0981445
0.00866699
-0.0770111
-0.0115967
0.0240326
-0.0954437
-0.0305328
0.00816345
0.0549164
0.0307617
-0.0296478
-0.0513458
-0.0165253
0.0203705
0.0220642
-0.0184479
-0.0479889
-0.0466156
-0.0314484
-0.0428925
-0.0461884
-0.0463257
-0.0844116
-0.0786896
-0.106644
-0.160706
-0.171127
-0.173523

[22]
-0.255753
-0.349899
-0.551651
-0.844559
-1.10518
-0.920135
-0.90152
-0.791138
-0.617126
-0.358322
0.590988
0.18457
0.0922089
0.374084
0.428253
0.445587
0.434891
0.417206
0.361557
0.321701
0.237518
0.0490723
-0.131607
-0.381546
-0.637283
-0.890305
-1.00618
-0.790894
-0.523163
-0.251144
-0.0917664
0.0401306
0.023468
-0.0333862
-0.421417
-0.184387
-0.388351
-0.167282
-0.217056
-0.0517426
-0.0615387
0.0731049
0.0254364
-0.050354
-0.0670776
-0.0310516
0.0397797
0.0386047
-0.00653076
-0.0495911

[23]
-0.0409851
-0.00679016
-0.0211182
-0.0263977
-0.0450134
-0.0484772
-0.0479126
-0.0627899
-0.0793304
-0.068512
-0.0920563
-0.135178
-0.143692
-0.221893
-0.22554
-0.249054
-0.369659
-0.607178
-0.897339
-1.09605
-0.920395
-0.969849
-0.798965
-0.610901
-0.316757
0.48941
0.145447
0.0219421
0.324509
0.3685
0.360626
0.358887
0.314011
0.267578
0.2509
0.170929
0.0713654
-0.025238
-0.163254
-0.336533
-0.559494
-0.803864
-0.897858
-0.752762
-0.587601
-0.263031
-0.0438232
-0.43457
0.204559
-0.246201

[24]
-0.157349
-0.478745
-0.210266
-0.148621
-0.0494995
-0.117188
-0.0688171
0.0681763
-0.060257
-0.0786591
-0.0265503
0.0330353
0.0371552
0.0249481
-0.00968933
-0.0150604
0.0196228
0.00527954
-0.00408936
-0.0193939
-0.0366058
-0.0527496
-0.0231171
-0.0206757
-0.0205231
-0.0338745
-0.0470581
-0.1035
-0.147888
-0.134247
-0.231796
-0.345184
-0.479462
-0.717499
-0.980042
-1.13855
-0.946457
-0.805878
-0.613968
-0.540359
0.0301819
-0.0776367
0.0616302
0.319122
0.326569
0.437424
0.426804
0.412766
0.37558
0.337631

[25]
0.317963
0.223618
0.0701141
-0.132797
-0.401062
-0.685837
-0.883713
-0.931122
-0.740845
-0.464478
-0.26767
-0.136642
-0.252167
0.041687
-0.390686
-0.187943
-0.464432
-0.120956
-0.136536
-0.175827
-0.137802
-0.0308838
0.0447845
-0.0415039
-0.0657043
0.013031
0.0255585
0.0243683
0.00491333
-0.0140839
-0.0136566
0.00349426
0.00524902
-0.0211487
-0.0140533
-0.0235443
-0.00416565
-0.0270233
-0.0050354
-0.0529633
-0.0596771
-0.0723114
-0.081955
-0.136398
-0.100433
-0.222076
-0.289749
-0.388367
-0.543488
-0.815308

[26]
-0.991013
-0.840958
-0.866837
-0.74765
-0.539154
-0.273163
0.571686
0.2099
0.169678
0.427612
0.498337
0.484772
0.49231
0.440781
0.404587
0.363602
0.265549
0.0997314
-0.178009
-0.534882
-0.811905
-0.972809
-0.937622
-0.681656
-0.463516
-0.307419
0.0176849
-0.201065
0.00534058
-0.0858459
-0.296097
-0.127289
-0.259949
-0.0126953
-0.0764313
-0.105743
-0.0019989
0.0698853
0.0265656
-0.0385437
-0.101181
-0.0189514
0.0187225
-0.0123596
-0.0337372
-0.0357056
-0.00726318
0.0375671
0.0200348
-0.00596619

[27]
-0.0192871
-0.0169678
-0.028717
-0.0386505
-0.0267792
-0.0359344
-0.0595703
-0.0924225
-0.122086
-0.139999
-0.145355
-0.177032
-0.162201
-0.185455
-0.319656
-0.518936
-0.741013
-0.890518
-0.91954
-0.720459
-0.725464
-0.533951
-0.507034
0.0102692
0.158981
0.0386658
0.131332
0.248978
0.357941
0.363861
0.383331
0.332748
0.301392
0.264297
0.187317
0.0071106
-0.202972
-0.389435
-0.64209
-0.8909
-1.01962
-0.794907
-0.448944
-0.202347
0.085022
-0.41748
0.194397
-0.243713
-0.175659
-0.201004

[28]
-0.410858
0.00111389
-0.0661621
-0.0902405
-0.102585
-0.000534058
0.0487366
-0.0509186
-0.0639038
-0.0167542
0.0340118
0.00712585
-0.0214539
-0.00421143
-0.00050354
0.0105286
0.0112457
-0.0176849
-0.0502777
-0.0175476
-0.0290527
-0.0384521
-0.0523682
-0.0540924
-0.0666962
-0.0591431
-0.0975494
-0.126587
-0.130432
-0.235916
-0.283707
-0.40274
-0.605484
-0.843964
-1.07103
-0.971176
-0.890717
-0.741638
-0.503799
-0.445999
0.322952
0.0118256
-0.0102386
0.308136
0.354919
0.380981
0.383636
0.386429
0.3414
0.305588

[29]
0.258987
0.136581
-0.0377197
-0.240234
-0.538513
-0.817886
-0.930618
-0.918686
-0.724243
-0.484604
-0.0584869
0.0272369
-0.234619
0.0876465
0.0510406
-0.0905304
-0.261063
-0.407257
-0.128906
0.0126038
-0.229889
-0.00357056
-0.107574
0.0268097
-0.0364075
-0.0660706
-0.0121307
0.0232849
0.0194244
0.0133362
-0.0243835
0.0102234
0.0137787
0.0065918
0.00352478
0.000396729
0.00175476
-0.00935364
-0.00993347
0.000762939
-0.0502625
-0.0388489
-0.0680237
-0.0653839
-0.0854034
-0.0853729
-0.106522
-0.229462
-0.258987
-0.427521

[30]
-0.623047
-0.844513
-1.03023
-0.956955
-0.889618
-0.695541
-0.497543
-0.236618
0.504654
0.131882
0.0562744
0.307327
0.40303
0.428131
0.417892
0.408859
0.347656
0.344101
0.287262
0.101044
-0.125534
-0.405624
-0.678879
-0.839035
-0.819519
-0.682373
-0.494675
-0.295898
-0.104355
-0.000106812
-0.0484467
-0.078186
-0.132858
-0.106339
-0.302948
-0.137222
-0.0546875
-0.184677
-0.0780487
-0.046051
0.047821
-0.0690155
-0.0879211
-0.0284271
0.00817871
0.0131073
-0.0146484
-0.0240173
0.00338745
0.00865173

[31]
0.014801
-0.0257721
-0.0300598
-0.0626984
-0.0440826
-0.0385284
-0.0602417
-0.0664062
-0.08461
-0.123901
-0.136597
-0.172836
-0.216629
-0.23967
-0.290833
-0.413406
-0.599655
-0.83168
-1.05096
-0.877319
-0.904434
-0.74614
-0.601074
-0.421799
0.460831
0.151825
0.00479126
0.322601
0.37323
0.412842
0.381729
0.354477
0.295486
0.277435
0.212448
0.0565948
-0.208771
-0.44873
-0.585068
-0.734421
-0.746719
-0.664337
-0.429688
-0.28508
-0.0904846
-0.0403595
-0.350708
0.1866
-0.275024
-0.112686

[32]
-0.437195
-0.0823364
-0.0284882
-0.0958862
-0.0730438
-0.0571594
0.00395203
-0.103531
-0.0705414
-0.00640869
-0.0165253
-0.00100708
-0.0124969
-0.0105438
0.0172424
0.00146484
-0.0174713
-0.0344391
-0.0505066
-0.0516357
-0.0684052
-0.0337219
-0.0503387
-0.0835266
-0.0901794
-0.114822
-0.0972443
-0.127869
-0.189972
-0.202988
-0.260315
-0.343536
-0.461319
-0.700943
-0.968445
-0.997864
-0.950104
-0.944382
-0.697098
-0.686447
-0.0974579
0.234863
0.121323
0.115021
0.247406
0.319138
0.361008
0.360931
0.327896
0.266403

[33]
0.241455
0.14064
-0.0741577
-0.265213
-0.504242
-0.71051
-0.916672
-0.949951
-0.680984
-0.435974
-0.197479
-0.0449982
-0.0600128
0.162827
-0.00746155
-0.325912
-0.11554
-0.540192
-0.210663
-0.0589447
-0.0664825
-0.0567932
0.00912476
0.0243988
-0.0468445
-0.054245
-0.00801086
0.0281372
0.0284119
0.0253906
0.00737
0.00146484
-0.00105286
-0.00740051
-0.010376
-0.0295868
-0.015213
-0.0366821
-0.0271912
-0.0410309
-0.0647278
-0.056488
-0.101761
-0.112564
-0.140594
-0.14679
-0.168701
-0.249619
-0.253891
-0.406235

[34]
-0.601288
-0.841354
-1.06247
-0.78566
-0.955688
-0.829636
-0.555893
-0.5495
0.180695
-0.0985565
-0.115128
0.261963
0.278839
0.321793
0.31749
0.336533
0.293564
0.245972
0.232178
0.133286
-0.133331
-0.148361
-0.67247
-0.25972
-0.841705
-0.969131
-0.775085
-0.495789
-0.266251
-0.056778
0.0642548
0.011322
0.0680695
-0.0862427
-0.122314
-0.444366
-0.116898
-0.130173
-0.0635681
-0.119049
-0.0225067
0.0420685
-0.0783386
-0.0346222
0.009552
0.00956726
0.0297241
0.026535
-0.00714111
-0.00215149

[35]
0.00263977
0.00802612
-0.0192108
-0.0295105
-0.0318756
-0.0315399
-0.0290833
-0.0297394
-0.0621643
-0.0509186
-0.103409
-0.113953
-0.151199
-0.165649
-0.187164
-0.300949
-0.397614
-0.609833
-0.812363
-1.03682
-0.869705
-0.925705
-0.785217
-0.468826
-0.311493
0.361084
0.0348969
-0.0220795
0.296921
0.393219
0.44342
0.379623
0.349045
0.305435
0.282822
0.216049
0.071167
-0.144806
-0.33049
-0.597412
-0.76091
-0.853638
-0.696121
-0.559555
-0.354538
-0.174683
0.00758362
-0.309128
0.265778
-0.125244

[36]
-0.235748
-0.268356
-0.279175
-0.179291
-0.186584
-0.0623932
-0.0725403
0.0549774
-0.0323639
-0.067627
-0.0219879
0.00270081
0.0320892
0.0221558
0.0186615
0.0096283
0.0300903
0.0385437
0.008255
-0.0150757
-0.0469513
-0.063797
-0.0302124
-0.0287476
-0.0529327
-0.0620728
-0.0804901
-0.0896454
-0.11377
-0.0982666
-0.25972
-0.326889
-0.408447
-0.693085
-0.904541
-0.973709
-0.918396
-0.849335
-0.642746
-0.381439
-0.104523
0.365601
0.22493
0.185883
0.342667
0.422531
0.408096
0.391129
0.364899
0.309143

[37]
0.295959
0.215393
0.032959
-0.13768
-0.37532
-0.591843
-0.820053
-0.851837
-0.691025
-0.478333
-0.286346
-0.113113
-0.177414
0.0433044
-0.262177
-0.151581
-0.338287
-0.177307
-0.173355
0.00650024
-0.0461273
-0.00212097
0.0546875
-0.011795
-0.0571594
-0.0310059
0.00849915
0.0307312
0.0233154
-0.016098
-0.0120697
0.00836182
0.0128021
0.013855
-0.0187073
-0.030838
-0.031601
-0.0131378
-0.0206451
-0.0113678
-0.0406342
-0.0708771
-0.0727081
-0.0869904
-0.107224
-0.110626
-0.241608
-0.334442
-0.537338
-0.845123

