[1]
-0.581543
-0.0685425
-0.122253
0.0424652
-0.161758
-0.0913849
-0.00802612
0.0461426
-0.00196838
-0.0755463
-0.0622864
-0.0869598
-0.0468597
-0.0132294
0.0422516
0.136444
0.215927
0.201447
0.274811
0.330917
0.427307
0.575943
1.99695
1.19363
0.888931
1.04045
0.767136
-0.485977
-0.103455
0.683502
0.925507
0.848282
0.683685
0.350479
0.25174
0.12619
0.148773
0.128983
-0.479904
-0.517578
-0.94278
-1.88873
-2.49532
-2.60994
-2.61057
-2.25401
-0.0732117
1.49951
-1.23199
-0.476013

[2]
0.741501
-0.167618
-0.19751
-0.0683136
-0.164154
-0.181625
-0.0820312
-0.0797272
-0.0933075
-0.161469
-0.0454254
-0.0781555
0.0522003
0.0910187
0.130051
0.19899
0.314667
0.357803
0.575806
1.55679
0.802933
1.18939
0.880157
0.579163
-0.276199
-0.264267
0.32724
0.845871
0.792908
0.5233
0.22197
0.15741
0.0915833
-0.0319519
-0.0543976
-0.141327
-0.401627
-0.832718
-1.43867
-2.10966
-2.54085
-2.61465
-2.36176
-0.425583
1.4731
-0.379807
-1.14825
-0.300903
-1.39226
-0.447403

[3]
-0.830521
-1.06258
-0.224472
-0.322037
0.0499115
0.0139771
0.0596008
-0.167618
-0.118881
-0.0169373
0.1017
0.0269165
-0.0218353
0.0112305
0.0175323
-0.0366974
-0.00869751
0.0713959
0.139877
0.154022
0.170013
0.230347
0.359421
0.396332
0.486649
1.74858
1.45314
1.46107
0.931351
0.997894
-0.272583
-0.533203
0.541122
1.00981
0.953308
0.811981
0.391174
0.143311
0.0862732
0.0871124
0.0457153
-0.296143
-0.398804
-0.872604
-1.74286
-2.52826
-2.59715
-2.59402
-2.51747
1.49734

[4]
-2.53571
-1.819
1.54903
0.0893707
-1.34955
-0.192703
-1.13817
-0.371887
-0.421967
0.00315857
-0.029068
0.0247345
0.0659637
-0.110397
-0.0703735
-0.00492859
0.0187836
0.0901184
0.105759
0.0680237
-0.0649567
-0.00762939
0.107468
0.123688
0.170975
0.184341
0.277039
0.386139
0.473419
0.588257
1.67036
1.35175
1.31801
0.966125
0.449432
-0.547501
0.272186
0.878922
0.934082
0.74176
0.61557
0.368057
0.292053
0.231537
0.178238
0.220367
-0.0763245
-0.351089
-0.693161
-1.43504

[5]
-2.33984
-2.56319
-2.5798
-2.55585
-0.478531
1.52618
-1.27208
-0.172424
-0.718689
-1.25177
-0.232239
-0.0751953
-0.0352173
0.0426483
-0.0318756
-0.0917206
-0.0152283
0.0969238
0.0726166
0.00997925
0.0592346
0.00518799
-0.0679169
0.0515442
0.0497742
0.098938
0.159195
0.242615
0.290558
0.379044
0.429138
0.426926
1.31572
1.9442
0.920837
0.960892
0.880402
-0.512192
-0.591553
0.58606
0.924835
0.892792
0.775528
0.533264
0.221466
0.179733
0.107864
-0.0126038
-0.2892
-0.589142

[6]
-0.16153
-1.15594
-0.20816
-1.22321
-0.444885
-0.453629
0.0664368
-0.0658569
0.0361176
-0.102844
0.0194092
0.0562744
0.117752
0.0361786
-0.041748
-0.026001
-0.0558167
-0.0976715
0.0712891
0.0641327
0.0715485
0.157059
0.187561
0.26059
0.367279
0.420776
0.554352
1.69072
1.65869
1.173
0.928482
1.04076
-0.371735
-0.4944
0.545441
0.982925
0.951263
0.794098
0.459274
0.185989
0.0817719
0.0996399
0.00468445
-0.237625
-0.447449
-1.05359
-1.89426
-2.45776
-2.33794
-2.56441

[7]
-0.86319
-1.4492
-2.38153
-2.26399
-2.5307
-2.51419
-2.16351
1.55196
-0.581085
-1.24869
-0.265549
-1.19524
-0.0694733
-0.377548
0.0137939
-0.0559235
0.0200958
-0.075592
0.0166626
0.155365
0.0516357
0.0139313
-0.024826
-0.0349731
-0.0747223
0.0349731
0.0459137
0.0143127
0.168777
0.20694
0.190079
0.327148
0.374939
0.478668
0.804245
1.86763
0.951294
1.08873
0.806107
-0.587234
-0.698273
0.202423
0.864716
0.966095
0.819214
0.537048
0.208374
0.130936
0.135056
0.0372314

[8]
-0.0360718
-0.335175
-0.681503
-0.931763
-1.61328
-2.20937
-2.29097
-2.56732
-1.96092
0.405518
1.49118
-1.32539
-0.28656
-0.551483
-0.907104
-0.265091
-0.53154
0.14064
-0.113724
0.0421295
-0.154617
-0.261917
-0.0656586
0.0395508
0.00177002
0.030426
0.0474243
-0.0950012
-0.0591125
-0.00479126
0.0368195
0.181717
0.172485
0.188309
0.248306
0.377411
0.440399
1.17621
2.05013
1.10274
0.949081
1.1001
-0.420578
-0.654434
0.276398
0.811508
0.905792
0.811996
0.685684
0.376892

[9]
0.325241
0.13887
0.146255
-0.0384521
-0.415634
-0.748978
-1.19597
-2.20471
-2.46661
-2.56172
-2.54805
-1.90474
1.53032
-0.111191
-0.856171
-0.113861
-1.7373
-0.254288
-0.473801
0.0919495
-0.111252
0.0567932
-0.0977325
0.0922546
0.108124
0.152206
-0.042511
-0.119263
-0.0680542
-0.0807037
0.0427094
0.0877991
0.111511
0.159744
0.18927
0.27507
0.433823
0.526077
0.683624
2.03539
1.17203
0.857712
1.08551
1.10327
-0.246918
-0.143784
0.569595
0.794769
0.835098
0.794678

[10]
0.388901
0.262604
0.140228
0.0709534
0.122238
-0.207748
-0.448395
-0.889084
-1.68303
-2.38425
-2.60693
-2.60545
-2.07318
1.48746
1.28667
-0.838791
-0.647491
-1.25343
-0.899048
-0.225815
-0.0825653
0.00816345
0.0576019
0.0364838
-0.104935
0.0549622
-0.0226288
-0.0324097
-0.0834198
0.0578308
0.0397797
0.0698395
0.0247192
0.138947
0.253021
0.21846
0.263718
0.345322
0.452652
0.451813
1.3383
1.82983
1.12982
1.16136
0.933151
-0.528763
-0.254898
0.83284
1.05067
0.832306

[11]
0.747696
0.469711
0.324783
0.239334
0.178802
0.180969
-0.189346
-0.37384
-0.680359
-1.38312
-2.34935
-2.5827
-2.59229
-2.56285
1.0779
0.86615
-1.47968
-0.184158
-1.51602
-0.697525
-0.632874
0.0976105
-0.0911865
0.102402
-0.16893
-0.00952148
0.0756226
0.237961
-0.0349121
-0.147308
-0.0399628
-0.0892792
-0.102875
-0.0581512
0.0565643
0.183228
0.246704
0.186951
0.266342
0.416321
0.619431
0.922104
1.98463
0.960678
1.16209
0.848328
-0.239685
-0.580383
0.696075
0.84053

[12]
0.672318
0.604828
0.347809
0.183899
0.13797
0.0658112
-0.0126343
-0.251083
-0.648849
-1.07477
-1.74393
-2.56453
-2.63147
-2.63329
-2.43227
0.0199127
1.46732
-1.58835
-0.528366
-0.682816
-0.919403
-0.375122
-0.351746
-0.0997772
-0.0507965
0.104889
0.0244904
-0.222031
-0.105774
0.0160675
0.115021
0.0558929
-0.126907
-0.0591583
0.00595093
-0.018692
0.0586395
0.114914
0.124603
0.268677
0.373077
0.387466
0.597305
1.8447
1.27745
1.24136
1.10255
0.701111
-0.555618
0.458572

[13]
1.05611
1.07639
0.81636
0.503708
0.204926
0.19278
0.120743
-0.004776
-0.134216
-0.491684
-0.777771
-1.38449
-2.09189
-2.3779
-2.62776
-2.61285
-1.0878
0.956573
1.45792
-0.979172
-0.608826
-0.838516
-1.04973
-0.288269
-0.380798
-0.18454
-0.0605927
0.0756683
-0.0201721
-0.189896
-0.0871277
-0.0765991
0.0168762
0.02005
-0.0172729
-0.00759888
-0.0171356
0.0737
0.122665
0.17215
0.137634
0.249481
0.369904
0.354401
0.9198
1.83939
1.34999
1.45772
1.03407
0.349991

[14]
-0.829803
0.240402
0.62619
0.906128
0.828659
0.608276
0.250854
0.124146
0.136108
0.0781708
0.0606537
-0.316315
-0.616486
-1.21675
-2.02086
-2.48882
-2.65353
-2.63634
-1.80162
1.44498
-0.987625
-1.1396
-0.499802
-1.06721
-0.45549
-0.521866
0.0244751
-0.0458679
0.0639343
-0.00126648
-0.0263519
0.0377197
0.0479431
-0.14827
-0.185013
-0.0878906
-0.0506134
-0.00411987
-0.0353241
0.0227814
0.0866547
0.208939
0.224579
0.30719
0.433563
0.445358
1.1445
1.8931
1.15474
1.21339

[15]
0.896286
-0.166916
-0.799332
0.563858
0.907318
0.967407
0.913208
0.426239
0.150574
0.168762
0.107117
0.0527191
-0.0885468
-0.38736
-0.771622
-1.49606
-2.27425
-2.62192
-2.63394
-2.60728
-0.251907
1.47572
-1.19588
-0.376404
-0.345169
-1.32222
-0.553299
-0.61322
-0.165878
-0.0707092
0.102844
0.207489
-0.0111389
-0.0348511
0.0417023
-0.071228
0.0191193
-0.0422058
-0.0248871
-0.142731
-0.0730133
0.0836639
0.0730896
0.0897369
0.101883
0.138153
0.260803
0.307602
0.814178
1.99628

[16]
1.57474
1.18716
0.865829
0.751572
-0.513046
0.359436
0.895645
0.854202
0.709137
0.549942
0.293427
0.222733
0.0998383
0.0587921
0.0237122
-0.514496
-0.672104
-1.1425
-2.04861
-2.53085
-2.65985
-2.65062
-2.48685
1.4408
-0.12915
-1.31366
-0.345963
-0.988525
-0.448853
-0.469498
-0.0240326
-0.247742
0.0193634
-0.0309448
-0.0856323
-0.0218353
0.0829163
0.00312805
-0.0673676
-0.10025
-0.0368042
-0.0797882
0.0509186
0.116013
0.0774078
0.167206
0.176971
0.299042
0.33371
0.4935

[17]
1.29599
1.71472
1.22592
1.20779
0.867279
-0.0115967
-0.448532
0.808655
0.890656
0.757217
0.625778
0.389877
0.188278
0.171463
0.0691528
-0.0669861
-0.308014
-0.609116
-0.800873
-1.54051
-2.34312
-2.4814
-2.61351
-2.5851
-1.39835
1.52061
-0.364349
-1.4848
-0.219635
-1.30838
-0.180511
-0.300552
-0.00605774
-0.072876
0.0944366
-0.178391
-0.142166
-0.141754
0.0847473
0.0782318
-0.0167389
-0.015564
-0.06633
-0.0993652
0.058197
0.158951
0.18399
0.1595
0.233917
0.312073

[18]
0.462341
0.611511
1.7213
1.44911
1.33792
0.895309
0.565491
-0.388489
0.558746
0.860855
0.763016
0.60881
0.454758
0.307068
0.265594
0.205612
0.127487
0.0304871
-0.410934
-0.577713
-0.896805
-1.69922
-2.36951
-2.61856
-2.61861
-2.32512
1.46149
-1.57759
-0.590622
-0.894302
-0.792953
-0.357376
-0.279434
0.167648
0.0262299
-0.176895
-0.182373
-0.188812
-0.0142975
0.0249634
-0.0259552
0.0622559
0.148087
0.0727234
-0.0979156
-0.0220947
0.0667877
0.132614
0.180084
0.228455

[19]
0.276016
0.329605
0.529739
1.36024
1.63591
1.39662
1.06288
0.863937
-0.351807
-0.504578
0.486679
0.986633
0.883026
0.769669
0.452911
0.292648
0.244934
0.179794
0.130341
0.101898
-0.306992
-0.611191
-1.0856
-2.00571
-2.44473
-2.55644
-2.53734
-0.684937
1.55518
-0.637558
-0.959305
-0.386261
-1.21202
-0.328949
-0.545639
0.190796
-0.0253754
0.215652
0.114716
0.0508118
0.151718
0.196152
0.0756226
-0.0270081
-0.0104218
0.0336914
0.0921021
0.0713959
0.204437
0.221252

[20]
0.293411
0.300919
0.429855
0.502762
1.17613
1.64018
1.48952
1.1608
1.03398
0.614792
-0.715881
0.701187
0.869171
0.801575
0.695984
0.647797
0.370529
0.320496
0.181824
0.0889435
-0.0534668
-0.407791
-0.752335
-1.34737
-2.30243
-2.45824
-2.55038
-2.52516
-0.421692
1.58078
0.475891
-1.24738
-0.214188
-1.16621
-0.413193
-0.464935
0.0210876
0.0502319
0.228012
0.140335
-0.104385
0.0878601
0.0163727
0.0620575
0.045517
0.103851
0.109741
0.0449677
0.0298462
0.112946

[21]
0.334091
0.222031
0.239685
0.372437
0.508682
0.416397
1.56395
2.18039
1.0632
1.13904
0.944
-0.435242
-0.439041
0.721527
1.10919
0.862549
0.779785
0.435196
0.336243
0.264954
0.148132
0.0603333
-0.298889
-0.523819
-0.821243
-1.56746
-2.38368
-2.56734
-2.56862
-2.37427
0.821091
1.52515
-1.13155
-0.56987
-0.540787
-0.940002
-0.208252
-0.0478516
0.190918
-0.264771
0.011322
-0.078949
-0.108246
0.03508
-0.0162354
-0.0408783
0.0498199
0.147064
0.0427094
0.092453

[22]
0.0674744
0.179993
0.286545
0.219803
0.317398
0.427795
0.506119
0.59227
1.91661
1.21266
1.03848
1.04442
0.965073
-0.474319
0.0979614
0.719269
0.882782
0.825058
0.733795
0.375458
0.231018
0.141541
0.0828552
-0.00418091
-0.229828
-0.613434
-0.993134
-1.83647
-2.44791
-2.57666
-2.57133
-2.16238
0.188339
1.53976
-0.323166
-0.748962
-0.283722
-1.00661
-0.366348
-0.141281
-0.0116119
-0.223984
0.0895538
-0.0305939
0.0888214
0.214355
0.13826
0.0871124
0.00340271
-0.00924683

[23]
-0.0248718
0.0310669
0.0467072
0.0231171
0.132538
0.199661
0.195663
0.310181
0.33197
0.481369
0.704102
1.9516
1.47726
1.217
0.852814
0.801025
-0.224777
0.147308
0.635895
0.716949
0.630966
0.582092
0.339706
0.251511
0.211411
0.154556
0.0999451
-0.1987
-0.655212
-1.02762
-1.72293
-2.47209
-2.29988
-2.5788
-2.54753
-0.611267
1.55846
0.845612
-1.17169
-0.300934
-0.920288
-0.3974
-0.363205
-0.0802002
-0.0687714
-0.0214233
0.0594177
-0.0947266
-0.0626984
0.0419312

