[1]
0.0537567
-0.00157166
0.047348
0.0996246
0.113205
0.090332
0.038681
0.0979462
0.139542
0.142212
0.144424
0.0783844
0.00134277
-0.0163422
-0.0335693
0.00416565
0.16124
0.470016
0.654099
0.688477
0.274673
0.141144
0.592896
0.000518799
0.18428
-0.134628
0.133148
0.0512695
0.16124
0.178757
0.0772705
-0.0828857
-0.0343018
0.099472
0.154709
0.0642548
0.0129089
0.0834198
0.113907
0.10553
0.0759888
0.112442
0.103928
0.101349
0.0624695
0.104126
0.123932
0.0653687
0.0190125
0.0721893

[2]
0.0562592
0.0404968
-0.00952148
-0.218369
-0.856445
-0.247299
0.164871
-0.391571
-0.623199
-0.401047
-0.253479
-0.0221863
0.0116882
-0.0808105
-0.158386
-0.120407
-0.0413208
-0.0500183
-0.0841827
-0.0955811
-0.0681
-0.0216217
0.0419464
0.0631714
0.000778198
0.0657501
0.0490417
0.174393
0.237808
0.955429
0.869919
0.128311
-0.419373
0.373611
0.238876
0.166473
0.0659943
-0.101685
0.183304
-0.0654602
0.0254669
0.0654907
0.0617371
-0.0157623
-0.0122223
0.0826263
0.112122
0.0277252
-0.0297394
0.0546722

[3]
0.0930786
0.0710449
0.0470276
0.056778
0.0706635
0.0656433
0.0580139
0.0768127
0.0682831
0.100616
0.100891
0.050827
-0.0264282
-0.0709534
-0.259872
-0.422775
-0.339081
0.16124
0.0730743
-0.28273
-0.670975
-0.385742
-0.272583
-0.0413971
-0.0776367
-0.172943
-0.183945
-0.113266
-0.0500946
-0.0690155
-0.113113
-0.125473
-0.117523
-0.13385
-0.137268
-0.199982
-0.305771
-0.256378
-0.193878
-0.0732269
0.264084
0.658661
0.727676
0.507492
0.375732
0.328308
0.412781
-0.0750122
0.0126038
-0.0702515

[4]
0.150589
0.0306091
0.134384
0.0424042
-0.0350342
-0.0463104
0.0183716
0.0908203
0.0311279
-0.0565796
-0.0366364
0.0464935
0.0990448
0.0614014
-0.00177002
0.00511169
0.0622101
0.0712128
0.0659485
0.0393982
0.0674438
0.067688
0.0621338
-0.0123138
-0.116089
-0.148987
-0.305115
-0.667603
-0.296753
0.172119
-0.385834
-0.588272
-0.4767
-0.278137
-0.195557
-0.0924835
-0.108673
-0.156906
-0.11322
-0.093277
-0.0726318
-0.141449
-0.174088
-0.152328
-0.123734
-0.0479279
-0.0821991
-0.110474
-0.117126
-0.0604095

[5]
-0.0541077
0.212067
0.871597
1.01091
0.734222
0.0482635
0.121536
0.443268
-0.0525055
-0.0178833
0.0419159
0.157104
0.0225677
0.0230713
0.121506
-0.0324402
-0.078537
-0.0471344
0.0774231
0.0740662
-0.0329437
-0.0348816
0.0162048
0.0775452
0.0743408
0.0516815
0.0270081
0.0474243
0.0969543
0.0617981
0.0615234
0.051178
0.0830688
0.0556641
0.0207672
-0.0879669
-0.109833
-0.183624
-0.449738
-0.620789
-0.0298767
-0.0503387
-0.547943
-0.624908
-0.444412
-0.255432
-0.122681
-0.117157
-0.129532
-0.145569

[6]
-0.143936
-0.128342
-0.0678406
-0.097641
-0.115738
-0.111435
-0.095932
-0.0830994
-0.198456
-0.305313
-0.29071
-0.165268
-0.0672607
0.409332
0.899017
0.761581
0.841125
0.598877
0.306732
0.461334
-0.129959
-0.163666
-0.0656433
0.0885773
0.0523071
0.190918
0.1362
0.000671387
-0.16333
-0.0585175
0.131668
0.119858
-0.0346985
-0.0470123
0.0302582
0.0977325
0.0813904
0.0410614
0.0367584
0.0592957
0.0528259
-0.00743103
-0.0152588
-0.00956726
0.0865936
0.0638733
-0.0124817
-0.052597
-0.147797
-0.163681

[7]
-0.345734
-0.435196
-0.068573
-0.524399
-0.480927
-0.699677
-0.468887
-0.283127
-0.101273
-0.0666046
-0.0828705
-0.0892334
-0.0648651
-0.0362854
-0.0862274
-0.114914
-0.100922
-0.129364
-0.0350342
0.00827026
0.00993347
0.0666656
0.256546
0.397247
0.597137
1.03429
0.82637
-0.0980377
-0.277649
0.114426
0.494781
0.159012
-0.0379181
-0.0450134
0.102417
-0.0295868
0.0181122
0.0595856
0.0752563
0.0692902
-0.0709229
-0.0879669
-0.0120087
0.0451202
0.0186462
0.00517273
0.0550385
0.0656891
0.0734253
0.0192566

[8]
0.0120544
0.0635681
0.095459
0.0789642
0.0337372
0.0420074
0.120041
0.0458221
-0.0411835
-0.0713043
-0.273758
-0.583832
-0.37616
-0.00726318
0.203339
-0.333527
-0.665482
-0.390839
-0.303482
-0.0569611
-0.122849
-0.165878
-0.181473
-0.129333
-0.050705
-0.0842743
-0.162552
-0.168015
-0.149231
-0.121353
-0.0181427
-0.0681915
-0.144165
-0.0393677
0.0693817
0.127457
0.520187
0.771118
0.656296
0.332809
0.240555
0.207306
0.304337
-0.164902
-0.336533
-0.0597229
0.0805054
0.187042
0.159409
-0.00576782

[9]
-0.045517
-0.128784
0.0287018
0.138855
0.0808868
-0.0529327
-0.0329742
0.0870361
0.0632782
0.0631866
0.0197449
0.0374298
0.063736
0.0533142
0.052475
0.0649567
0.0206757
0.0137787
0.00921631
-0.01828
-0.0623627
-0.056488
-0.281342
-0.595764
0.0410309
-0.411331
-0.629059
-0.54364
-0.486313
-0.140823
-0.103653
-0.133972
-0.152481
-0.0832062
0.0030365
-0.069458
-0.170059
-0.134293
-0.118637
-0.00891113
0.0679932
-0.0232697
-0.205063
-0.178253
-0.195236
-0.0101471
0.499878
0.787018
0.888336
0.693192

[10]
0.503937
0.0822449
0.273224
-0.141006
-0.335327
0.0372925
0.167648
0.130692
0.105743
-0.0382233
-0.0263062
-0.10144
0.009552
0.133499
0.0731812
-0.0379639
0.00364685
0.0469971
0.0736237
0.0710602
0.0475769
0.0320892
0.0574341
0.0484161
0.0301971
0.0591125
-0.0042572
0.041687
-0.0110779
-0.0250244
-0.0495758
-0.0634003
-0.372406
-0.46817
-0.0781708
-0.423965
-0.543411
-0.47403
-0.234314
-0.190247
-0.181152
-0.16011
-0.19603
-0.180252
-0.147873
-0.138077
-0.15921
-0.132721
-0.143509
-0.0827026

[11]
0.00880432
0.0190582
-0.00895691
0.0195312
0.0865936
0.21817
0.509903
0.811813
0.818558
0.617096
0.431702
0.414505
-0.00205994
0.648483
-0.438599
0.0117188
-0.00152588
0.0473938
-0.0212097
0.0965271
0.0946808
0.02948
-0.165512
0.00953674
0.0748596
0.039856
-0.0368195
-0.00921631
0.0350647
0.0601959
0.0400391
0.0368958
0.0118408
0.0380859
0.0430145
0.107407
0.0439148
0.0014801
-0.00546265
0.011322
-0.0524292
-0.0921173
-0.0899048
-0.354828
-0.524948
-0.0052948
-0.228317
-0.549225
-0.586075
-0.341324

[12]
-0.19577
-0.0109406
-0.0245361
-0.075882
-0.111557
-0.114761
-0.0952606
-0.0779724
-0.103073
-0.0948029
-0.0800171
-0.150162
-0.0493927
-0.160767
-0.172104
-0.110519
0.204239
0.442795
0.940643
1.0119
0.612259
-0.0922089
-0.0361023
0.674835
-0.149094
-0.0801392
0.0096283
0.180389
0.0542755
0.0493622
0.0397797
0.0145569
0.0174255
-0.0454712
-0.0259094
0.0573425
0.0359344
0.0297546
0.02211
0.0610504
0.0565643
0.0229187
0.0524445
0.0333557
0.0307465
0.0107727
0.0358276
0.0289307
0.100174
0.00689697

[13]
-0.0162506
-0.0482178
-0.0116425
-0.0348358
-0.69516
0.0381317
-0.0632629
-0.432373
-0.864273
-0.606918
-0.264771
-0.171021
-0.153214
-0.209045
-0.220474
-0.192642
-0.141159
-0.0934296
-0.0995941
-0.126953
-0.10582
-0.0578003
-0.00354004
0.0717468
0.0370026
0.109085
0.225983
0.303909
0.358643
1.10658
0.878433
-0.0679321
0.388672
0.489685
0.00242615
0.325806
0.0676422
0.054245
0.00180054
0.0417633
0.060257
0.012085
-0.0434418
-0.0656128
0.0680695
0.0898132
0.00949097
0.0152588
0.061676
0.0780487

[14]
0.0960999
0.0676422
0.0327148
0.0299683
0.0537567
0.0635071
0.0693359
0.0301819
0.0809479
0.0440369
-0.0756226
-0.0318909
-0.214493
-0.910568
-0.383789
0.105453
-0.473373
-0.601944
-0.39595
-0.221146
-0.23378
-0.154984
-0.154037
-0.17218
-0.150101
-0.111145
-0.0781708
-0.117767
-0.173843
-0.244064
0.00140381
0.115494
-0.00611877
0.0475769
0.186401
0.278198
0.482483
0.716202
0.834152
0.822678
0.643784
-0.278976
0.667969
-0.111771
0.264175
-0.0548553
0.0366058
0.0166321
0.10289
0.128494

[15]
-0.0360718
-0.185257
-0.106201
0.104858
0.140091
0.0202179
-0.0431824
0.0322418
0.120224
0.0942078
0.0302277
0.0219727
0.0417023
0.0576019
0.0412903
0.0676727
0.0426941
0.0513916
0.0139465
-0.093811
-0.116257
-0.089386
-0.379684
-0.680817
-0.0773163
-0.476593
-0.621185
-0.569183
-0.376282
-0.167618
-0.14325
-0.129776
-0.184677
-0.114334
-0.0700989
-0.0638123
-0.111328
-0.0923157
-0.0939789
-0.0196075
0.147766
0.0652313
-0.0313721
0.0709076
0.106125
0.153534
0.590469
0.83815
0.723358
0.246918

[16]
0.152252
0.70636
-0.136978
0.0881348
-0.106339
0.101852
0.000457764
0.140808
0.147446
0.0178833
-0.066925
-0.0872955
0.048584
0.145477
0.0492249
-0.0550537
-0.0142517
0.0545197
0.0795135
0.0554504
0.0319824
0.0668335
0.0804138
0.0373688
-0.00978088
0.0330353
0.0218201
0.0808716
-0.00230408
-0.0554962
-0.0164795
0.0254364
-0.153152
-0.737579
-0.223602
0.00669861
-0.36911
-0.713837
-0.338287
-0.25087
-0.15184
-0.0923767
-0.148575
-0.20665
-0.182495
-0.139755
-0.114227
-0.136948
-0.199692
-0.185608

[17]
-0.104767
-0.0184174
-0.0431213
-0.0583954
-0.0390625
-0.0922394
-0.282974
-0.0322571
0.677078
1.05307
0.978378
0.334579
0.246994
-0.0278015
0.0469666
-0.416733
0.111816
0.239868
0.194824
0.128143
0.0170593
-0.0312347
-0.0896606
0.0245056
0.136047
0.0707245
-0.0258331
-0.0160065
0.0411224
0.0582428
0.0481873
0.0568237
0.0939178
0.0842285
0.008255
0.0328369
0.0353394
0.0849304
0.0326691
-0.0207062
-0.0762024
0.013855
-0.208435
-0.937668
-0.375061
0.125275
-0.486435
-0.766541
-0.303131
-0.231583

[18]
-0.0994873
-0.124451
-0.169952
-0.185852
-0.130829
-0.0935211
-0.0498199
-0.0850983
-0.0721741
-0.0477905
-0.0566559
-0.0103607
0.00738525
-0.0567322
0.00585938
0.0281525
-0.046814
0.508911
1.3075
0.823105
0.200226
0.112106
0.403137
-0.30632
0.035965
0.0545654
0.134476
0.0190125
0.11348
0.0238342
-0.0276184
-0.0965271
0.00796509
0.116211
0.0783997
-0.0439758
-0.0170288
0.0658417
0.0921631
0.0626678
0.0414734
0.0282745
0.0493927
0.0414124
0.0543671
0.0296783
-0.00218201
0.0629272
-0.00267029
-0.0180359

[19]
-0.0849609
-0.132645
-0.657959
-0.422241
0.00364685
-0.514893
-0.853577
-0.509949
-0.175827
-0.0323486
-0.0322266
-0.094223
-0.166779
-0.118408
-0.100479
-0.0610504
-0.131958
-0.183853
-0.118439
0.00198364
0.00941467
0.0151215
0.0363922
0.0741882
0.0894928
0.263779
0.613373
1.05441
0.769012
0.433319
-0.116455
0.712021
-0.269455
0.369308
0.0634918
-0.052948
-0.0359802
0.105499
0.0678864
-0.00274658
-0.0919495
-0.0558929
0.088913
0.0927734
0.0462341
0.00492859
0.0556641
0.0914307
0.0415649
0.0405731

[20]
0.0254059
0.0289459
0.046051
0.0118256
0.0317841
0.10907
0.0820618
0.0166626
-0.0369263
-0.0320435
-0.201492
-0.797363
-0.144958
-0.175232
-0.509918
-0.721863
-0.407455
-0.297516
-0.147247
-0.210983
-0.260056
-0.235611
-0.119125
-0.0843048
-0.0735168
-0.129517
-0.146729
-0.151169
-0.0742035
0.0020752
0.00717163
-0.0153351
0.113602
0.0778503
0.414459
1.09248
0.722504
0.542068
0.358612
0.615295
0.140182
-0.114777
-0.0788269
0.0993652
0.0261536
0.0275726
0.121536
0.069397
-0.00993347
-0.139587

[21]
0.046463
0.121994
0.0566711
-0.010025
0.0127106
0.0850067
0.0952606
0.0438538
0.0533905
0.0731812
0.0645599
0.00921631
-0.0187073
0.0224609
0.100555
0.081604
-0.0491028
-0.0922699
-0.0779114
-0.463699
-0.744217
0.0351105
-0.51709
-0.597641
-0.48613
-0.29277
-0.165497
-0.105118
-0.123199
-0.132263
-0.0878601
-0.0656128
-0.0418243
-0.0712433
-0.0225983
-0.0137939
-0.00909424
0.182358
0.0189972
-0.0365295
-0.0379791
-0.0128479
0.376724
1.00772
0.672989
0.317795
0.173889
0.453827
0.392426
0.0228882

[22]
-0.236847
-0.077774
0.0558929
0.0900879
-0.00244141
0.0370178
0.0708618
0.0172577
-0.167618
0.0293579
0.137817
0.120102
0.00845337
0.00689697
0.0695496
0.078537
0.0643768
0.0686188
0.019165
0.0435791
-0.00971985
0.0861206
0.078125
0.0469208
-0.00384521
-0.0816345
-0.0938721
-0.124695
-0.624039
-0.443634
0.0681305
-0.45575
-0.651154
-0.352173
-0.201233
-0.170334
-0.163742
-0.126953
-0.134293
-0.0987549
-0.105789
-0.056488
-0.0708618
-0.0708923
-0.0568695
0.00479126
0.0787964
0.00514221
0.0140839
0.0361176

[23]
0.0245972
0.294586
1.00923
1.04248
0.722443
0.0493011
0.283264
0.557358
-0.166855
0.131485
0.0878143
0.112778
0.09935
0.0683289
0.0408173
0.0635529
-0.119446
-0.123138
0.0566101
0.103165
0.053833
0.0143127
0.0454865
0.0856781
0.0788422
0.0370178
0.0494537
0.0439606
0.0157318
0.024765
0.0422516
0.106674
0.0931091
0.00956726
-0.070282
-0.0544128
-0.177994
-0.823441
-0.317474
0.139984
-0.517761
-0.622147
-0.430237
-0.292694
-0.131241
-0.139297
-0.131439
-0.16272
-0.0790863
-0.0341492

[24]
-0.0223846
-0.0948334
-0.148575
-0.144699
0.186676
0.175766
0.0288086
0.109238
0.206268
0.24057
0.456482
0.852264
0.983292
0.554047
-0.182816
-0.349442
0.707123
-0.146545
0.118835
0.068512
0.128922
0.0321045
-0.00215149
0.0932007
0.0534973
0.0239716
-0.0294189
0.00541687
0.0506134
0.00160217
0.000915527
0.0432129
0.104584
0.0726776
0.0514679
0.0274658
0.0574646
0.0574951
0.0432434
0.0666199
0.0232086
0.0432129
0.0603027
-0.000259399
-0.0661469
0.00968933
-0.295334
-0.688248
-0.00267029
-0.146347

[25]
-0.430725
-0.767761
-0.478394
-0.280594
-0.19751
-0.130798
-0.165451
-0.166229
-0.124832
-0.111664
-0.139099
-0.19783
-0.206131
-0.119949
0.0353699
0.0584259
0.0969391
0.226944
0.246658
0.393738
0.615677
0.930817
0.791504
0.430588
-0.297684
0.219711
0.748596
-0.0179901
0.0533142
-0.0482483
0.0519562
0.0491333
0.1129
0.0996246
0.0653076
-0.104187
0.00205994
0.0875854
0.0597229
-0.0110931
0.0388794
0.0804901
0.0839691
0.0579987
0.0444489
0.0650787
0.0778503
0.0605164
0.0921326
0.0508881

[26]
0.0796204
0.0559387
-0.0437317
-0.0643005
-0.146164
-0.433029
-0.593475
0.115891
-0.306839
-0.312195
-0.758102
-0.327988
-0.274368
-0.12796
-0.0674896
-0.0991974
-0.055191
-0.00669861
0.0052948
-0.0619812
-0.0523834
-0.0391846
0.025238
0.154709
0.0243835
-0.123825
-0.173813
-0.288483
-0.153946
0.539032
0.880157
0.603424
-0.0267029
-0.172302
0.605377
-0.319855
0.02565
0.0127716
0.190338
0.0567627
0.0231476
0.0823364
-0.00512695
-0.0638275
-0.0134735
0.10463
0.0686646
-0.0078125
-0.00123596
0.0688629

[27]
0.0820618
0.0486908
0.0216522
0.0589294
0.0796509
0.0701752
0.0991669
0.051178
0.0752563
0.0644379
0.0237274
-0.059021
-0.0555115
-0.329239
-0.784164
-0.201462
0.0596161
-0.481888
-0.653214
-0.354553
-0.245834
-0.192825
-0.119873
-0.111572
-0.104385
-0.0964508
-0.0736237
-0.0621033
-0.0559387
-0.0982361
-0.0447235
0.171906
0.117615
0.012558
-0.105103
-0.207382
-0.189163
0.203217
0.771454
0.538879
0.341705
0.195007
0.388977
0.199036
-0.184021
0.0443726
0.0841675
-0.0783234
0.0207977
0.0944519

[28]
-0.000427246
0.0306549
-0.0351257
0.0258331
0.0940094
0.0615234
-0.0118408
-0.0283813
0.0177917
0.0421143
0.0547333
0.0158539
0.0289307
0.0592651
0.0674591
0.0779724
0.051651
0.0302582
0.0420685
0.0155945
-0.0534973
-0.349304
-0.464737
-0.3172
0.194336
-0.331406
-0.478943
-0.654709
-0.368637
-0.193878
-0.0675201
-0.0554657
-0.119522
-0.123611
-0.0961914
-0.0802155
-0.144882
-0.178467
-0.161774
-0.0325928
-0.0119934
-0.055481
0.062851
0.140396
0.374039
0.433228
0.69223
0.938263
0.675705
0.205994

[29]
0.224075
0.703064
-0.397141
0.0526733
-0.0151825
0.0769348
0.0669861
0.106873
0.0357971
-0.00135803
-0.00450134
-0.0386963
0.052063
0.0914612
0.0569305
-0.00123596
0.0291595
0.0891113
0.06073
0.00558472
0.0144806
0.0668335
0.0637207
0.0121613
0.0202484
0.11998
0.0597534
-0.0298767
-0.12384
-0.153107
-0.625153
-0.375595
-0.0465698
-0.584137
-0.663315
-0.366608
-0.166595
-0.00552368
-0.132828
-0.173248
-0.14856
-0.0623474
-0.122025
-0.131165
-0.147232
-0.125046
-0.155441
-0.0108032
0.0386353
-0.0764771

[30]
-0.104752
-0.075943
-0.162445
-0.0113373
0.421631
0.900742
0.822159
0.75296
0.55304
0.450745
-0.0920258
-0.0388031
-0.131149
0.0117798
0.102798
0.123306
0.168701
0.00978088
-0.101273
-0.125565
0.0290527
0.146027
0.0641479
-0.03862
-0.0170898
0.0849152
0.0572815
0.0138702
0.0328674
0.0513763
0.021225
0.0365143
0.0189972
0.0619659
0.0862885
0.070694
-0.035675
-0.125305
-0.128311
-0.133301
-0.943527
-0.294693
0.0323639
-0.399033
-0.637619
-0.339172
-0.251984
-0.155243
-0.0247803
-0.0533142

