[1]
2.28185
-0.0436707
0.213394
0.46225
0.0551758
0.0124512
-0.215256
-0.162521
-0.183533
-0.00967407
-0.02034
-0.0205841
-0.269897
-0.112152
-0.112228
-0.0438843
-0.165085
-0.133514
-0.0919647
-0.0479431
-0.0927887
-0.147278
-0.0979156
-0.090744
-0.137253
-0.174286
-0.127777
-0.164871
-0.188034
-0.165009
-0.116699
-0.212616
-0.151108
-0.1716
-0.45047
-0.681335
-0.73439
-0.959976
-0.126129
-0.0726929
0.639343
-0.72226
-0.294998
-0.219315
-0.3479
-0.371857
-0.317932
-0.185379
-0.111862
0.0304108

[2]
0.15007
0.285248
0.383896
0.458618
0.571411
0.988785
1.32144
1.30612
1.69188
1.01334
0.926819
-0.499451
-1.15846
-0.87851
-0.648636
0.191086
0.175766
0.526031
0.421051
0.0556793
-0.033432
0.0128479
-0.0180054
0.0137634
-0.0112457
-0.0337372
-0.0778503
-0.0564423
-0.0419006
0.00234985
-0.0088501
-0.0828705
-0.0973969
-0.0727386
-0.0633087
-0.0283966
-0.0328369
-0.0883636
-0.0987549
-0.106293
-0.178848
-0.115891
-0.101471
-0.101242
-0.0699158
-0.398575
-0.660019
-0.745926
-0.417084
-0.0912476

[3]
-0.128342
-0.00300598
0.519913
-0.409195
-0.321381
-0.562851
-0.462555
-0.334061
-0.204773
-0.100021
-0.0449677
-0.00790405
0.00308228
0.180649
0.310364
0.583969
1.28412
1.7636
1.95248
1.45955
1.24767
1.23209
-1.58626
-1.00209
-0.643127
-0.0921173
0.383316
0.52652
0.249283
0.33403
0.0962372
0.0579071
0.150024
0.142349
0.141586
0.0190735
0.029953
0.0774689
0.115784
0.0481567
-0.0228424
-0.0379333
-0.0241699
0.014328
0.0286102
0.0155945
-0.0563812
-0.0708313
-0.0888824
-0.102341

[4]
-0.150436
-0.154419
-0.0989227
-0.0931702
-0.376312
-1.21719
-0.776291
0.0388336
-0.129211
0.0714722
0.281662
-0.221527
-0.322174
-0.319199
-0.560745
-0.371567
-0.304062
-0.0928955
-0.0484009
-0.046463
-0.0521851
0.108017
0.290176
0.308853
1.25526
1.69374
1.97298
1.53372
0.949432
0.229218
-0.257538
-0.602341
-1.23271
0.740631
0.330383
0.501022
0.35022
0.255203
0.0150604
0.2202
0.0171661
0.114532
0.0211639
-0.0167389
0.0535278
0.0501251
0.0436096
0.0555267
0.0223999
-0.0169678

[5]
-0.0588531
-0.0107117
0.00366211
-0.045578
-0.0501251
-0.0797577
-0.122452
-0.172165
-0.175934
-0.220947
-0.131927
-0.645889
-1.06165
-0.801163
-0.0352478
-0.284012
-0.186005
0.315765
-0.219238
-0.360001
-0.218445
-0.401855
-0.272263
-0.203293
-0.152145
-0.125931
-0.0909119
-0.00495911
0.0936127
0.128006
0.582779
1.18625
1.9868
2.28244
1.74287
1.42799
1.07333
-0.294434
-1.33282
-0.00286865
0.504898
0.545746
0.377625
0.350082
0.197433
0.0277863
-0.0463104
0.114044
0.13205
0.223923

[6]
-0.0500031
-0.0380249
0.0714569
0.132843
0.0634308
0.00996399
-0.00137329
0.013443
0.0305023
0.0517273
0.0253448
-0.00584412
-0.108765
-0.112015
-0.165695
-0.115967
-0.0844116
-0.116608
-0.016922
-0.562576
-0.858109
-0.620911
-0.0643768
-0.05896
0.304016
0.633194
-0.238083
-0.290634
-0.471329
-0.461151
-0.319489
-0.121002
0.0440826
0.0664978
0.106628
0.0927277
0.271896
0.1642
0.416306
1.10072
1.39037
1.5789
1.37283
0.79248
0.727859
-1.40425
-0.400238
-0.0711212
-1.3054
0.515045

[7]
0.186935
0.442017
0.418625
0.256027
0.0970917
0.0903778
0.0952454
0.024704
-0.000610352
0.10556
0.0402679
0.0348206
-0.0038147
0.0622559
0.118988
0.0263977
0.0241852
0.0123749
0.0814972
0.0463867
0.0071106
0.00624084
-0.0545807
-0.0184631
-0.104996
-0.135025
-0.110168
-0.187958
-0.0354614
-0.315735
-0.922211
-0.423996
-0.245224
-0.00308228
0.0505219
0.426315
-0.209351
-0.387482
-0.566528
-0.545639
-0.387283
-0.273804
-0.0713806
-0.0578918
-0.0878601
-0.125717
0.0635681
-0.0838776
0.300156
0.783249

[8]
1.50691
2.17749
1.76891
0.928146
1.25131
-1.79567
-0.213104
0.538086
0.504501
0.551819
0.319473
0.287277
-0.151138
-0.069931
0.147125
0.317825
0.17598
0.00753784
-0.0841522
-0.00424194
0.149094
0.0974731
0.0430756
0.0639191
0.0581207
0.0347748
0.0292511
0.0351562
0.0326996
-0.105606
-0.165619
-0.0961151
-0.0767975
-0.0719147
-0.203568
-0.205597
-0.298477
-0.583755
-0.838135
-0.505234
-0.23941
-0.225113
0.154007
0.893372
-0.559692
-0.426849
-0.513382
-0.39566
-0.306305
-0.187408

[9]
-0.169312
-0.17067
-0.206741
-0.142441
-0.0422668
0.00144958
0.74791
1.19875
1.90631
2.2943
1.76442
1.38316
0.51059
-0.463135
-1.11278
0.353592
0.360809
0.727448
0.176193
0.242096
0.198853
0.00521851
0.0260315
0.0973206
0.162567
0.0183868
0.0232544
0.0716553
0.0957336
0.052597
0.0692749
0.0241699
0.02034
0.0315247
-0.00592041
0.0399628
0.088501
-0.0430145
-0.113998
-0.170029
-0.110764
-0.121323
-0.0819855
-0.108871
-0.131958
-0.500763
-0.824341
-0.837601
0.110916
-0.211166

[10]
0.235229
0.579163
-0.338303
-0.26474
-0.381271
-0.420135
-0.292786
-0.168381
-0.0645447
-0.0579529
-0.0632629
-0.0799713
0.0575867
-0.0769806
0.494537
1.10692
1.71268
2.21411
2.05678
1.08113
1.41322
-0.681839
-0.425827
-1.524
0.56868
0.54039
0.616898
0.297958
0.256882
0.16008
0.0591736
0.221039
0.0393219
0.179657
0.0846252
0.0588531
0.0778809
0.0682678
0.0501862
0.0370483
0.0235901
0.0194397
0.0441742
0.0734253
-0.00366211
-0.0676727
-0.12175
-0.108246
-0.120956
-0.0712891

[11]
-0.0448303
-0.143875
-0.200989
-0.697586
-0.87059
-0.589966
-0.201035
-0.225372
0.487244
0.232834
-0.46991
-0.413803
-0.598938
-0.388641
-0.295334
-0.155182
-0.144638
-0.144348
-0.199692
-0.109589
0.0601196
0.174896
0.717041
1.33743
1.90625
2.01775
1.4388
1.41058
-0.0839386
-1.08731
0.0709534
0.860489
0.127426
0.462448
0.383942
0.201889
0.0913849
-0.00714111
0.232529
0.26181
0.103241
-0.112106
-0.0277405
0.12735
0.0944061
0.0553284
0.0720673
0.0640869
0.0626068
0.0728912

[12]
0.089798
-0.0632935
-0.0886078
-0.0035553
-0.121002
-0.170029
-0.123825
-0.128418
-0.155869
-0.0769348
-0.713943
-0.838867
-0.504913
-0.090332
-0.499619
0.536346
0.398285
-0.376923
-0.248596
-0.509781
-0.352875
-0.266327
-0.0847015
-0.110306
-0.0434265
-0.0502625
0.141739
0.0772858
0.445511
0.803604
1.22052
1.716
1.87506
1.22316
1.71263
-0.151443
-0.963455
0.101334
0.502335
0.661514
0.47348
0.359421
0.284454
-0.12262
0.133316
0.148712
0.239166
0.159286
-0.043808
-0.0270233

[13]
0.107193
0.194733
0.0723114
0.0524139
0.094162
0.0706329
0.042984
0.0503082
0.092926
0.067749
-0.0981445
-0.0310211
-0.0291443
-0.157547
-0.122757
-0.0729065
-0.0894318
-0.116409
-0.245377
-1.14264
-0.763397
0.0040741
0.0873718
-0.231339
0.498535
0.259796
-0.343948
-0.221161
-0.478287
-0.404999
-0.26857
-0.150116
-0.0404816
0.0169067
-0.00302124
0.0586243
0.0557861
0.291901
0.820023
1.29448
1.70912
1.77396
1.25502
0.841324
1.02588
-0.551514
-1.35312
0.317352
0.46138
0.463272

[14]
0.473251
0.252655
0.167679
-0.0347748
-0.0361176
0.1035
0.193451
0.142532
-0.0591583
-0.0467377
0.086731
0.121872
0.0742798
0.0087738
0.0155792
0.0334015
0.0237427
0.0498199
0.0936737
-0.0202637
-0.0251465
-0.105652
-0.00547791
-0.00448608
-0.0876007
-0.0788269
-0.129837
-0.07724
-0.164948
-0.903397
-0.972168
-0.415802
0.154251
-0.195786
0.545395
0.379868
-0.244431
-0.284439
-0.477859
-0.415237
-0.275986
-0.160828
-0.0319824
0.0487823
0.0309448
0.0433807
0.224289
0.386414
0.666931
1.23572

[15]
1.56046
1.8161
1.33061
0.690521
-0.283218
-0.0233765
-1.45157
0.334671
0.128891
0.414627
0.406052
0.256241
0.158051
-0.107254
0.026825
0.159744
0.136047
0.105499
-0.0828857
-0.0803833
0.0813293
0.0698395
0.0173798
-0.0463257
0.0458679
0.033844
-0.0445099
-0.00544739
0.0374908
-0.0438385
-0.0503387
-0.0271454
-0.0789642
-0.0897827
-0.0899353
-0.0790558
-0.121445
-0.056839
-0.112335
-0.485321
-0.657608
-0.622086
-0.0818787
-0.266693
0.171265
0.512848
-0.394516
-0.426285
-0.602005
-0.542343

[16]
-0.39328
-0.278427
-0.181335
-0.140671
-0.180786
-0.184006
0.0080719
-0.00387573
0.512024
1.02661
1.73167
2.10683
1.56204
1.22714
0.636856
-1.00615
-0.692276
0.508469
0.251816
0.501358
0.255875
0.374863
0.183594
-0.13353
0.131912
0.115677
0.160965
0.104004
-0.040329
-0.0254211
0.0242004
0.0634766
0.0307922
0.0104675
0.0276031
-0.0316315
0.0075531
0.0352478
-0.0134583
-0.0862579
-0.113663
-0.0552216
-0.176743
-0.104996
-0.174255
-0.124451
-0.340195
-1.13937
-0.836349
-0.0188751

[17]
0.0379486
-0.100296
0.367462
-0.157852
-0.364929
-0.255585
-0.544556
-0.428543
-0.325241
-0.162994
-0.00389099
0.0615387
0.0142975
0.172455
0.0839233
0.489517
1.07135
1.73457
2.16023
1.58757
1.10818
0.874542
-0.232925
-1.56387
-0.0306091
0.553741
0.97699
0.282852
0.20636
0.367798
-0.0909729
0.0715179
-0.031311
0.247055
0.00299072
-0.0769806
-0.0266724
0.0817871
0.129242
0.039505
0.00291443
-0.0162659
-0.00604248
0.0624695
0.0233459
-0.0900574
-0.138702
-0.0908203
-0.172073
-0.203171

[18]
-0.156189
-0.161926
-0.2099
-0.671082
-0.892578
-0.296768
0.190308
-0.432449
0.419556
-0.164597
-0.400467
-0.43631
-0.512466
-0.419754
-0.266968
-0.14859
-0.16037
-0.143356
-0.13681
0.11998
0.147934
0.263657
0.785675
1.38731
1.95366
1.87292
1.26242
1.40834
-0.524429
-0.786545
0.192322
0.284134
0.481949
0.471252
0.286179
0.160599
-0.0969849
0.109161
0.188553
0.26622
0.0769958
-0.0211945
-0.0171356
0.101868
0.096817
0.0525208
0.049942
0.0569916
0.042511
-0.0247803

[19]
0.0704651
0.0559235
-0.0568848
-0.0741119
-0.0236969
-0.128296
-0.173569
-0.168457
-0.124207
-0.0202026
-0.230682
-1.37622
-0.447815
0.282883
-0.105255
0.281128
0.355484
-0.111542
-0.336182
-0.241302
-0.548401
-0.403198
-0.296707
-0.11705
-0.0059967
0.00294495
0.0328827
0.113373
0.0934753
0.646851
1.41185
1.94339
1.7934
1.15193
1.01904
-0.0320282
-0.581314
-0.581665
-0.918625
0.516312
0.231812
0.717148
0.337326
0.312042
0.152039
0.0579376
0.0770264
0.120438
0.140793
0.117188

[20]
0.0270996
0.0349579
0.0899048
0.0659637
0.048111
0.0413361
0.0348511
0.00842285
0.0779419
0.0669098
0.00860596
-0.0543518
-0.000869751
-0.0363007
-0.138947
-0.355164
-0.0951233
-0.187027
-0.249603
-0.729324
-1.21507
-0.409714
-0.262238
-0.0735321
0.441269
0.411148
-0.268173
-0.257217
-0.584503
-0.47612
-0.345963
-0.107971
-0.0424805
-0.0326233
-0.0408173
-0.0866394
0.0668945
0.693481
1.16986
1.54478
1.76999
1.36398
0.819824
0.996811
0.755203
0.451355
-1.88512
-0.699783
0.410065
-0.136292

[21]
0.723831
0.250641
0.326096
0.0523376
0.175949
-0.0176697
0.0867462
0.0837402
0.0391083
-0.00134277
0.014679
-0.00279236
0.0107117
-0.0146637
-0.0301208
-0.0312805
-0.0175629
0.0157318
-0.0566406
-0.140121
-0.054657
-0.0767059
-0.225632
-0.152054
-0.135437
-0.128418
-0.148941
-0.64743
-0.87648
-0.804474
-0.197556
-0.0840302
0.0693207
0.378403
-0.391754
-0.32373
-0.440674
-0.175018
-0.187103
-0.186203
-0.021347
-0.0389862
0.0335388
0.0548096
0.214569
0.685806
1.02791
1.67769
2.02681
1.78587

[22]
1.2449
1.06761
-1.07938
-1.10707
0.486786
0.804199
0.185242
0.553436
0.351059
0.159653
-0.046814
-0.121338
0.127441
0.238632
0.228439
-0.0787659
-0.0765076
0.0800781
0.210327
0.0180817
0.00932312
0.0535889
0.0721283
0.0497437
0.102432
0.030365
-0.112869
-0.142532
-0.0797424
-0.133835
-0.201355
-0.142487
-0.0903015
-0.434982
-0.934052
-0.511459
-0.156616
-0.329712
0.537216
0.353592
-0.433456
-0.376526
-0.625824
-0.461365
-0.315338
-0.0814209
-0.0108948
0.0288239
0.0150299
0.123688

[23]
0.183395
0.319534
0.973083
1.38602
1.74138
1.65027
1.336
0.854828
-0.413422
-1.31003
-0.0581818
0.507156
0.971344
0.548981
0.283676
0.232269
-0.157532
0.124588
0.0864716
0.23822
0.0728912
-0.0504303
-0.0780945
0.0871277
0.14888
0.0470123
0.0234222
0.042038
0.010376
0.0697021
0.0635376
-0.00660706
-0.115295
-0.0941162
-0.0725098
-0.11702
-0.120712
-0.150543
-0.183609
-0.190826
-0.650436
-0.667374
-0.168427
-0.196564
-0.28421
0.446259
0.108643
-0.512848
-0.350723
-0.547409

[24]
-0.375763
-0.248962
-0.138718
-0.10553
-0.123856
-0.138901
0.183258
-0.0124664
0.501282
0.828369
1.43605
1.68767
1.57573
1.24525
1.07986
0.0356903
-1.07964
-0.264389
1.02968
0.661407
0.25679
0.165573
0.166718
0.145737
0.0809021
0.170883
0.239151
0.0506897
0.00257874
0.0853882
0.109634
0.0884705
0.0536346
0.0640411
0.0516815
0.0110779
0.0563812
0.0631256
0.00976562
-0.0474243
-0.0869751
-0.0703735
-0.0926056
-0.0550385
-0.0864563
-0.0848389
-0.019455
-0.384903
-1.19693
-0.588333

[25]
0.211075
-0.0125885
-0.271011
0.326752
-0.0115356
-0.345245
-0.263107
-0.492966
-0.343323
-0.279663
-0.096405
-0.0142975
-0.0039978
-0.00518799
0.0723572
0.215103
0.316605
0.863739
1.3493
1.9687
1.7997
1.28963
0.875824
0.299744
-0.830612
-0.631958
0.463547
0.402557
0.873993
0.323776
0.189896
0.0257721
-0.0650635
0.232239
0.146347
0.176254
0.00535583
-0.0321045
0.0810547
0.11998
0.0932007
0.0462341
-0.00608826
0.0280151
0.0441742
0.0464478
0.0386505
0.000579834
-0.0804596
-0.0857086

[26]
-0.121704
-0.106049
-0.129974
-0.167984
-0.132675
-0.0793915
-0.544098
-1.04115
-0.488312
-0.194717
-0.107254
0.0557251
0.845398
-0.365723
-0.459366
-0.417358
-0.64415
-0.391205
-0.205292
-0.0596313
-0.0517426
-0.0324402
-0.000671387
0.166794
-0.0707397
0.776184
1.44247
1.94714
1.83423
1.32074
1.11775
0.716339
-0.733093
-0.959824
0.321457
0.307297
0.532639
0.409714
0.341141
0.127243
-0.022644
0.133987
0.0813293
0.161758
0.177811
0.00300598
-0.0275269
-0.02742
0.0141602
0.0910492

[27]
0.0597382
0.00506592
-0.0163574
0.0211639
0.0106354
0.0136719
-0.0260468
-0.0805054
-0.118179
-0.151657
-0.132034
-0.0687408
-0.0108185
-0.283966
-0.811035
-0.81752
-0.216324
0.0454712
-0.131882
0.450821
-0.282593
-0.575195
-0.535797
-0.679703
-0.430908
-0.277069
-0.0405579
0.0328064
0.0775299
0.119858
0.197861
0.0810699
0.722366
1.20915
1.68718
1.86502
1.42911
0.852875
0.903992
-1.55701
-0.575989
0.567261
0.51474
0.330109
0.424927
0.405579
-0.0613098
-0.172379
0.135666
0.165375

[28]
0.146179
-0.00378418
-0.0965118
0.0180359
0.0970154
0.0644836
-0.00166321
-0.0162659
0.0138245
0.0199432
0.0322571
0.0484467
-0.0216675
-0.0314484
-0.194077
-0.156219
-0.21138
-0.135071
-0.178833
-0.0614166
-0.357773
-0.845734
-0.782211
-0.27887
-0.0070343
-0.251373
0.675613
-0.315933
-0.533127
-0.521393
-0.598755
-0.420898
-0.225998
-0.0886688
-0.0350952
0.00259399
-0.00454712
0.0842743
0.0317841
0.718582
1.17111
1.92383
2.19069
1.49335
1.16273
0.405624
-0.414948
-0.967331
0.613785
0.412872

[29]
0.674835
0.351532
0.216217
0.265778
-0.0284424
0.137405
0.0606537
0.153229
0.0887451
0.0338745
0.0255585
0.0630646
0.0599518
0.0762329
0.0189209
0.00012207
0.0287781
0.112228
0.0340881
-0.111954
-0.0921173
0.00306702
-0.125336
-0.150772
-0.210052
-0.0403748
-0.323044
-1.29398
-0.703369
0.0872803
0.0197601
0.0601807
0.507706
-0.442596
-0.252777
-0.450378
-0.502289
-0.337906
-0.169556
0.0280304
0.0516357
0.041275
0.110641
-0.126282
0.33667
0.709259
1.14886
1.65155
1.90704
1.59109

