[1]
1.12895
0.249878
-0.0886688
-0.101883
-0.00605774
0.0302277
0.0376129
0.0547791
-0.0549011
-0.214554
-0.244644
-0.190491
-0.119324
-0.170456
-0.112976
-0.101028
-0.106491
-0.132874
-0.116959
-0.0936127
-0.085556
-0.136627
-0.0961761
-0.106308
-0.105499
-0.131363
-0.154922
-0.169098
-0.175598
-0.245483
-0.297272
-0.412354
-0.418213
-0.399963
-1.06888
-1.24712
-1.0491
-0.297058
-0.276871
-1.1404
-0.125092
-0.186035
-0.531586
-0.565491
-0.481186
-0.388229
-0.402863
-0.381927
-0.398499
-0.470901

[2]
-0.427597
-0.396423
-0.286957
-0.104996
0.140503
0.370865
1.173
1.44991
1.26033
2.07446
1.65591
0.332291
-0.906128
0.359543
-0.308426
0.254623
0.0800934
-0.0224915
0.17395
0.144348
0.147369
0.268753
0.12442
-0.0629578
-0.162262
-0.101715
-0.0335999
-0.030304
-0.0993958
-0.0996552
-0.0392456
-0.0209656
-0.013855
-0.0698242
-0.095871
-0.0137634
-0.0391998
-0.110703
-0.140625
-0.0736694
0.0100555
-0.133255
-0.160019
-0.286209
-0.449875
-0.823044
-1.36356
-0.48439
-0.774734
-0.838104

[3]
-0.800568
-0.327286
0.12291
-0.403641
-0.600555
-0.600861
-0.533035
-0.379379
-0.294983
-0.266922
-0.245575
-0.16655
-0.118851
-0.102646
0.197174
0.499954
0.804016
1.40236
1.73929
2.32149
1.89362
1.29904
0.463806
-1.06964
0.503387
-0.388275
0.669067
0.341614
0.244919
0.205093
0.12883
0.145584
0.0640869
-0.00697327
-0.0213013
0.0864868
0.106735
0.0934296
0.0278625
0.0334167
0.033432
0.0106201
-0.00643921
-0.0014801
0.00907898
-0.0277863
0.00212097
-0.0469208
-0.0430603
-0.0172729

[4]
-0.0236359
-0.190659
-0.32196
-0.404419
-1.46892
-1.29353
-0.342377
-0.774017
-1.37885
-0.326157
-0.107697
-0.0626831
-0.525497
-0.613647
-0.591644
-0.532608
-0.3423
-0.21521
-0.163895
-0.127975
-0.105881
-0.053833
0.15744
0.634354
1.03818
1.52573
1.74158
2.41328
2.29166
0.419281
-1.30203
0.333221
-0.476578
0.765259
0.196487
0.599884
0.30867
0.0941467
0.114029
0.090271
0.0680389
-0.0430908
-0.0022583
0.0819092
0.0641174
0.0216064
0.0090332
0.0635834
0.0566864
0.0274658

[5]
0.0193787
0.0581055
0.05159
0.0360718
-0.022934
-0.0818329
-0.0866241
-0.0765839
-0.0841217
-0.131195
-0.23909
-1.21547
-1.21745
-0.703033
-0.560913
-1.13362
-0.798004
0.0679779
0.0200043
-0.611435
-0.644897
-0.616684
-0.486206
-0.295731
-0.132874
-0.134918
-0.126343
-0.123734
-0.0260773
0.374023
0.635101
0.893219
1.30844
1.48102
2.29662
1.8244
1.19568
-1.15334
0.851089
-0.00563049
0.779861
0.271469
0.285675
0.299026
0.19165
0.166183
0.198853
0.00669861
-0.0334167
-0.0385742

[6]
0.0600433
0.12616
0.0776062
0.0265045
0.0578766
0.0420685
0.0305634
0.0384827
0.0708923
0.00276184
-0.0371552
-0.0308685
-0.03125
-0.0145569
-0.00714111
-0.0826874
-0.205566
-0.359222
-0.316681
-1.09529
-0.659164
-0.94809
-0.640381
-1.15242
-0.174408
0.224564
-0.12735
-0.551315
-0.590225
-0.546143
-0.368744
-0.269287
-0.219513
-0.188065
-0.160706
-0.116623
-0.085434
0.270142
0.630753
0.912125
1.31628
1.41376
1.78406
2.52042
1.76466
0.269302
-0.788696
0.484665
-0.368683
1.07179

[7]
0.320129
0.348083
0.259857
0.209595
0.288055
0.280975
0.158218
0.0806427
-0.0319061
0.0418549
0.106796
0.113754
0.0692139
0.0802765
0.104919
0.0948334
0.0961609
0.0776215
0.111221
0.06604
0.0195923
0.0150146
-0.0229034
-0.0132599
0.0220032
-0.0163269
-0.0689545
-0.325562
-0.366257
-1.05408
-0.631744
-0.850449
-0.535187
-1.05898
-0.191101
0.103821
-0.0327911
-0.450211
-0.501846
-0.455643
-0.292572
-0.168579
-0.0980988
-0.101929
-0.075592
-0.0125122
0.0100861
0.31488
0.52887
0.972275

[8]
1.33278
1.73329
2.35216
2.09911
1.56252
-1.30186
0.755905
0.740067
0.532501
0.0270233
0.292694
0.231827
0.285568
0.170944
0.0746307
0.000732422
-0.0624542
0.0299988
0.074585
0.0415192
0.00405884
0.0624695
0.134811
0.116348
0.118912
0.1306
0.127457
0.0880585
0.0562897
0.0271301
0.00756836
-0.0223236
-0.0434875
-0.0756989
-0.113693
-0.1828
-0.240097
-1.16927
-1.35733
-0.309479
-0.876389
-0.98587
-0.23671
0.133713
-0.273331
-0.641129
-0.590439
-0.479355
-0.317169
-0.182678

[9]
-0.119766
-0.170425
-0.166824
-0.0847321
0.280731
0.679413
1.13065
1.49942
1.54173
1.73325
2.22229
1.07497
0.149857
-0.891373
0.529266
0.273209
0.608749
0.324631
0.131821
0.353592
0.148132
0.185547
0.119354
0.0465393
-0.0493469
-0.0278778
0.140106
0.132462
0.0970306
0.105377
0.0514374
0.0750275
0.0787354
0.0726166
0.0468292
0.053299
0.0765991
0.0308228
-0.00323486
-0.049057
-0.0236664
-0.0519409
-0.159607
-0.252213
-0.37294
-1.50555
-0.953827
-0.150085
-1.14348
-1.22717

[10]
-0.258804
0.0383911
-0.111984
-0.597733
-0.606583
-0.557114
-0.424301
-0.288422
-0.191925
-0.177216
-0.183258
-0.171188
-0.139954
0.167145
0.51796
0.942368
1.33263
1.37656
2.36378
2.14581
0.880463
0.0430908
-0.153046
0.0103607
0.885483
0.379501
0.315186
0.257278
0.173767
0.193649
0.284149
0.104919
0.0385895
0.0711212
0.155121
0.114792
0.0827484
0.0821533
0.070755
0.0452423
0.0191803
0.0449829
0.0687408
0.104172
0.0319366
0.0600739
0.0280151
0.0335693
-0.00865173
-0.097168

[11]
-0.249176
-0.324295
-0.526855
-1.56355
-0.72525
-0.98317
-0.723328
-0.955246
-0.0196075
0.0872345
-0.524658
-0.54776
-0.499084
-0.350647
-0.243027
-0.142242
-0.137817
-0.160416
-0.0974426
-0.067215
0.250107
0.632782
1.05196
1.49193
1.6236
1.93704
2.64969
1.13918
-1.31656
-0.048233
0.526321
0.610275
0.519608
0.33783
0.201965
0.131989
0.154037
0.151566
0.0792847
-0.0424805
0.00106812
0.0704651
0.0425262
0.00488281
0.0833282
0.114532
0.0943298
0.0393219
0.0594788
0.0541687

[12]
0.067688
0.112595
0.0388031
-0.0508881
-0.0792389
-0.0461121
-0.0779419
-0.168884
-0.233337
-0.576721
-1.48178
-0.680695
-0.486938
-0.791626
-1.06044
-0.0647736
0.337616
-0.405106
-0.573837
-0.536377
-0.452179
-0.250504
-0.142776
-0.174423
-0.168701
-0.127396
-0.05867
0.442047
0.653015
0.846649
1.11301
1.32199
2.01961
2.60687
1.67143
-1.14365
0.12088
0.741501
0.415482
0.311569
0.294678
0.378082
0.150635
0.25116
0.0641937
0.0992889
-0.0287933
-0.0317535
0.0333252
0.0927734

[13]
0.0468445
0.0171967
0.0271454
0.0866394
0.0885468
0.0315399
0.0103149
0.0520477
0.0360718
0.0860596
0.0273743
-0.0281525
0.00222778
-0.000854492
-0.0210114
-0.141953
-0.251251
-0.20491
-0.61882
-1.28944
-0.153778
-0.637634
-0.982727
-1.25346
-0.124146
0.26976
-0.285706
-0.552216
-0.559128
-0.470612
-0.300018
-0.156998
-0.101501
-0.196152
-0.189636
-0.14502
0.143265
0.460663
0.842209
1.28983
1.38646
1.58133
2.55328
1.27795
0.152435
-0.808426
0.507477
0.5233
0.431915
0.314529

[14]
0.313446
0.27066
0.164169
0.22197
0.194351
0.082016
-0.0333252
-0.0203705
0.110794
0.132874
0.0791168
0.0592651
0.0634308
0.0918121
0.098999
0.0715027
0.0737
0.116882
0.132309
0.0611877
0.0214081
0.00852966
-0.0380707
-0.0213623
-0.0090332
-0.0753021
-0.166031
-0.160172
-0.359055
-1.26608
-0.600601
-0.696121
-0.658768
-1.11713
-0.17038
0.186996
-0.181473
-0.475464
-0.512543
-0.489731
-0.342484
-0.241684
-0.181915
-0.18689
-0.14653
-0.09758
-0.0353699
0.478287
0.790222
1.10327

[15]
1.35458
1.55606
2.18633
2.0228
0.786835
-1.28027
-0.093399
0.86615
0.604477
0.276138
0.0622406
0.225662
0.19902
0.153778
0.0968018
0.00239563
-0.0914917
-0.0349731
0.0839996
0.122223
0.0904694
0.0527649
0.0276642
0.0874023
0.052887
0.0665894
0.0628204
0.0467377
0.0962219
0.0370941
0.00686646
-0.0272064
0.0145569
0.0200958
-0.0214539
-0.105957
-0.196182
-0.320633
-0.506744
-1.51299
-0.509903
-0.782791
-0.489502
-0.932648
-0.305328
0.257614
-0.156967
-0.47168
-0.55072
-0.46933

[16]
-0.31572
-0.203064
-0.150894
-0.16362
-0.151703
-0.0510254
0.10817
0.495407
0.879074
1.35458
1.72325
1.87253
1.94016
1.43015
0.402893
-1.40588
0.664581
0.407257
0.583633
0.183167
0.08078
0.187256
0.0755157
0.120758
0.0381927
-0.000946045
-0.0868378
-0.0549927
0.0744629
0.0816498
0.0124207
0.0210114
0.039917
0.04039
0.03862
0.0342712
0.019577
-0.00315857
0.0112457
0.00393677
-0.0798798
-0.0910797
-0.0737
-0.106781
-0.180161
-0.209824
-0.782883
-1.39969
-0.444138
-0.656235

[17]
-1.18382
-0.935089
-0.118683
0.414505
-0.40004
-0.589935
-0.568222
-0.505905
-0.29657
-0.13826
-0.13681
-0.199158
-0.191376
-0.0401154
0.373505
0.663467
0.957611
1.30006
1.54323
2.57829
2.02629
0.87352
-1.35677
0.661667
0.299591
0.747208
0.517502
0.325729
0.344025
0.0571289
0.175629
0.156479
0.0851593
-0.136765
0.0114899
0.156189
0.128616
-0.0022583
0.00706482
0.137238
0.0989532
0.0414734
0.0407104
0.0364227
0.0407257
0.0500183
-0.0138855
-0.0621643
-0.0187225
-0.0987854

[18]
-0.197662
-0.276733
-0.677902
-1.59805
-0.794601
-0.730347
-0.592865
-0.954178
-0.197968
0.0451202
-0.532913
-0.548187
-0.483444
-0.380066
-0.241119
-0.168167
-0.184402
-0.208588
-0.144852
-0.0511475
0.310287
0.567566
1.04935
1.65492
1.85043
2.24237
2.16942
1.3856
-1.17952
-0.087616
0.661285
0.51918
0.264313
0.17308
0.204178
0.206421
0.211609
0.136078
0.0618439
-0.0292053
0.00366211
0.046051
0.0646667
0.0354919
0.0667114
0.0986328
0.10817
0.0814972
0.0336151
0.0773163

[19]
0.0826569
0.0332947
0.0638123
-0.0221252
-0.0520782
-0.0270081
-0.0700226
-0.12941
-0.232544
-0.241409
-1.04878
-1.16374
-0.566437
-0.713776
-1.33134
-0.299789
-0.0380096
0.158295
-0.381851
-0.558411
-0.535538
-0.464767
-0.287186
-0.155731
-0.127792
-0.144485
-0.119705
0.0559845
0.331436
0.444077
0.953033
1.19835
1.47275
2.72702
1.76062
0.890488
-0.805405
0.382629
-0.371872
0.906921
0.187866
0.370407
0.229767
0.177368
0.138626
0.175064
0.103531
0.00767517
-0.0177917
0.0231171

[20]
0.0536041
0.0747681
0.0759888
0.0124512
-0.00372314
0.00578308
0.0204315
0.015274
0.0273132
0.0201721
0.0106354
-0.0822754
-0.0732422
-0.0698547
0.0216522
-0.202576
-0.226624
-0.218781
-0.490036
-1.30775
-0.830933
-0.820038
-1.16736
-1.0901
-0.208466
0.275742
-0.361786
-0.592392
-0.524918
-0.43248
-0.214661
-0.0929108
-0.190475
-0.249969
-0.0979919
0.325775
0.536209
0.738693
1.10335
1.34383
1.28345
1.54085
1.91902
1.61452
1.15923
0.844315
-1.44434
0.390656
0.0504303
0.521744

[21]
0.430664
0.252975
0.0627747
0.130417
0.0283813
0.124649
-0.00245667
-0.0531311
0.0226288
0.0224457
0.0155182
-0.00440979
-0.038147
0.0075531
0.00805664
-0.00260925
0.0169983
0.0298615
0.0110474
0.0335999
-0.0923157
-0.130478
-0.0926819
-0.117386
-0.184097
-0.216766
-0.539825
-1.50659
-0.817093
-0.503357
-0.838623
-1.05914
-0.122772
-0.238266
-0.866806
-0.641251
-0.503769
-0.490509
-0.403961
-0.260849
-0.168472
-0.163849
-0.185349
0.0605164
0.220871
0.465622
0.785919
1.2524
1.55536
1.85287

[22]
1.85994
1.80798
-0.8228
-0.275238
1.41531
0.451401
0.255936
0.154144
0.201263
0.0883484
0.239746
0.153427
-0.0563049
-0.108978
-0.0409546
0.0373993
0.131973
0.0527191
0.028244
0.0420074
0.105255
0.111694
0.0687256
0.0514374
0.0353546
0.0477905
0.0087738
-0.0162659
-0.0811615
-0.112869
-0.145706
-0.297668
-0.374069
-1.71542
-1.05016
-1.0031
-0.683578
-1.28363
-0.153336
0.422211
-0.29776
-0.602066
-0.61795
-0.512695
-0.313934
-0.182556
-0.176147
-0.188171
-0.138931
-0.0662842

[23]
0.270981
0.609238
1.04898
1.61841
1.71431
2.06119
2.33812
0.966293
-0.547333
-0.180542
0.633118
0.549667
0.37236
0.178558
0.301819
0.186203
0.273468
0.0845642
0.0655365
-0.106033
-0.0212708
0.102737
0.110977
0.026947
0.0395966
0.0842133
0.0789337
0.0280914
0.0315552
0.0234985
0.0886688
0.0396423
0.0369873
0.00401306
-0.0452271
-0.0758362
-0.125504
-0.135345
-0.220169
-0.592178
-1.61722
-0.683731
-0.832138
-0.90358
-0.822861
-0.0622559
0.0626984
-0.497513
-0.556839
-0.497299

[24]
-0.363708
-0.197556
-0.121719
-0.129669
-0.214401
-0.149063
0.0478058
0.641495
0.87262
1.15092
1.36285
1.63409
2.32034
2.20442
1.07071
-0.779587
-0.438187
0.412964
0.363602
0.53363
0.328033
0.322372
0.228973
0.119339
0.0919647
0.0505371
-0.024826
0.00871277
0.133682
0.103516
0.0416412
0.0307922
0.0619507
0.0889893
0.0907288
0.0400848
0.0413818
0.0609283
0.0660248
-0.00361633
-0.0281982
0.00630188
-0.0132751
0.035614
-0.171005
-0.187531
-0.280716
-1.26103
-1.12299
0.219421

[25]
-0.743378
-1.20773
-0.791733
-0.0765533
0.265793
-0.514145
-0.635498
-0.575333
-0.44606
-0.257492
-0.147095
-0.1754
-0.200058
-0.166473
-0.0882721
0.120056
0.474091
0.902527
1.43521
1.66324
1.84186
2.15367
1.13997
0.108505
-0.769836
0.316177
0.604675
0.275421
0.20253
0.290985
0.201462
0.232071
0.201645
0.0348816
-0.0202789
-0.0142365
0.106201
0.113907
0.0354919
0.00666809
0.0535126
0.0532227
0.032074
0.0262756
0.0879517
0.0814972
0.0287628
0.00993347
0.00337219
-0.0397339

[26]
-0.0167847
-0.0336151
-0.0633392
-0.170074
-0.239899
-0.294159
-1.4292
-1.04333
-0.47464
-1.02495
-1.19466
-0.432892
-0.118744
-0.0894775
-0.549469
-0.586716
-0.535187
-0.426926
-0.232529
-0.132721
-0.114456
-0.103729
-0.0383759
0.135895
0.521439
0.962738
1.54208
1.62067
1.74966
2.47186
1.52158
0.546753
-1.17294
0.722839
0.552505
0.615662
0.181885
0.211197
0.210983
0.201035
0.201431
0.148972
0.0940704
-0.00506592
-0.0192261
0.0563049
0.0473938
-0.0299377
-0.0302887
-0.0288544

[27]
0.0453339
0.128311
0.202209
0.143723
0.0204926
-0.0717773
-0.0455322
-0.00924683
-0.0474701
-0.00779724
-0.0712891
-0.196838
-0.410065
-1.48941
-1.24829
-0.527588
-0.590225
-1.10228
-0.661453
-0.0529022
0.254364
-0.374222
-0.512085
-0.497177
-0.379181
-0.244415
-0.2314
-0.205261
-0.127258
-0.0632782
0.0526276
0.42662
0.686081
1.12906
1.43469
1.44438
1.99568
1.51761
1.08101
-1.19231
0.394394
0.78746
0.343185
0.100784
0.0928802
0.0641022
0.208496
0.178223
-0.0258636
-0.0819702

[28]
-0.105759
-0.00819397
0.0538635
0.00656128
-0.0296326
0.0110626
0.0354309
0.0268402
-0.00871277
-0.0160217
0.0431061
0.00306702
-0.0288696
-0.0267181
0.0231476
-0.0304413
-0.0452423
-0.150589
-0.335617
-0.35672
-0.889359
-1.22578
-0.625595
-0.800125
-0.93718
-0.651749
-0.0695038
0.00845337
-0.573486
-0.594299
-0.51709
-0.367599
-0.236435
-0.109497
-0.126724
-0.109833
-0.0767975
0.107437
0.469971
0.838959
1.22101
1.56277
1.88004
2.52005
1.27098
0.42804
-0.850586
0.688324
0.385513
0.546463

[29]
0.282639
0.299942
0.311508
0.0939941
0.128204
0.0377808
0.0251923
-0.0844879
-0.0151672
0.0480347
0.0816193
0.0283051
0.0171509
0.0534515
0.116486
0.0486603
0.0116272
0.0454102
0.0977936
0.0354462
-0.0739899
-0.146011
-0.0833435
-0.0436096
-0.136719
-0.135498
-1.13565
-1.52431
-0.294937
-0.851196
-1.37526
-0.304703
0.0782776
-0.00737
-0.642014
-0.602661
-0.578278
-0.43158
-0.232193
-0.210587
-0.283661
-0.275116
-0.137238
0.0982208
0.353745
0.569107
0.836334
1.06865
1.16277
1.95813

