[1]
-0.384888
-0.258835
0.594894
0.887161
0.77121
0.607193
0.350555
0.278809
0.247406
0.179428
0.176376
0.106461
-0.34549
-0.468811
-0.770432
-1.65689
-2.1611
-2.59778
-2.59764
-1.57414
0.587799
1.14575
-0.749329
-0.365128
-0.430588
-0.902649
-0.490631
-0.423218
0.0883026
-0.127319
0.0276337
0.00205994
-0.098877
0.0245361
-0.0150146
0.0431671
0.00128174
-0.0091095
0.0218201
0.0218353
0.0493164
0.0462646
-0.00422668
0.110245
0.121948
0.114685
0.189407
0.243561
0.309921
0.256134

[2]
0.96904
1.94766
0.938904
0.887787
0.872116
0.384796
-0.436188
0.247635
0.824615
0.858307
0.725479
0.609177
0.482895
0.348663
0.287827
0.258469
0.272369
0.0409851
-0.395447
-0.651871
-1.35463
-2.19789
-2.59479
-2.61208
-2.59105
-1.13217
1.51822
0.414307
-1.11295
-0.416779
-0.684433
-0.596298
-0.197144
-0.101456
-0.08078
-0.136627
0.0813599
-0.0822754
-0.01091
0.0467682
-0.0422974
-0.0909424
-0.0250397
-0.00836182
-0.0536957
0.000411987
0.0499115
0.0724182
0.104996
0.136002

[3]
0.189468
0.184341
0.305984
0.352798
0.423767
0.761871
1.90019
1.01379
0.641724
0.976212
0.2901
-0.646362
0.171341
0.793686
0.787415
0.769257
0.635681
0.354202
0.298874
0.138962
0.140076
0.178177
0.0690002
-0.407639
-0.604691
-1.31789
-2.05092
-2.59821
-2.66734
-2.60124
-1.207
1.01802
0.810165
-0.989609
-0.715027
-0.696396
-0.790787
-0.368179
-0.114929
-0.0943604
-0.165405
-0.0555115
-0.197449
-0.00914001
-0.00534058
-0.0119171
-0.0512695
-0.0426788
-0.0495453
-0.0942688

[4]
-0.0740509
-0.0485992
-0.00524902
0.0821381
0.0906677
0.0809326
0.108749
0.223267
0.307602
0.321564
0.986877
2.24213
0.833649
0.736557
0.858322
-0.226334
-0.621796
0.449371
0.925964
0.798065
0.70549
0.479401
0.310623
0.226898
0.125992
0.107712
0.0618286
-0.305832
-0.643524
-0.89682
-1.60617
-2.42055
-2.57689
-2.6115
-2.42368
-0.51889
1.4969
-1.01006
-0.646164
-0.282288
-1.18318
-0.307831
-0.503571
0.0188293
0.177963
-0.0317993
-0.130203
-0.208405
0.0916901
0.127792

[5]
0.0539398
-0.05513
-0.0507507
0.0140228
-0.0507812
0.00546265
0.00987244
0.0984192
0.137024
0.193069
0.191422
0.307556
0.289871
0.308777
0.373367
1.80342
1.35913
0.965775
1.00897
0.554062
-0.542862
0.0390778
0.813095
0.91713
0.792908
0.702789
0.40361
0.359787
0.236877
0.134659
0.112656
-0.0707703
-0.41478
-0.648727
-1.22188
-2.22972
-2.2446
-2.56964
-2.55186
-1.26414
0.802322
1.26207
-0.981934
-0.760468
-0.596878
-0.927002
-0.219467
-0.282379
0.0878754
-0.166718

[6]
-0.0565643
-0.0794525
-0.0946045
-0.0362396
-0.0311737
0.00389099
0.0641022
0.0612793
-0.03685
-0.0458984
-0.0361786
-0.037674
0.0178375
0.193695
0.125122
0.185394
0.164856
0.272079
0.28363
0.325974
1.42142
1.66756
0.669083
0.901611
0.713943
-0.411682
-0.361603
0.671692
0.916687
0.749329
0.682297
0.389175
0.303665
0.212677
0.117508
0.108292
0.0682526
-0.486404
-0.643112
-1.1973
-2.14055
-2.59518
-2.62013
-2.60396
-1.64519
1.48245
0.637772
-1.09836
-0.481216
-0.736816

[7]
-0.749832
-0.4543
-0.204498
-0.0370789
-0.0206451
0.00811768
-0.212204
0.00564575
0.0715179
-0.0217896
-0.0691681
-0.0453339
-0.029541
-0.0670776
-0.0413971
0.019989
0.0231476
0.0818329
0.0890045
0.154861
0.144882
0.22316
0.277283
0.315979
0.550644
1.61903
1.13963
0.767059
0.759064
0.644791
-0.509262
-0.0570374
0.670303
0.891846
0.825073
0.655624
0.356781
0.217133
0.11557
0.0833893
0.106918
-0.225845
-0.486938
-0.772232
-1.50636
-2.19476
-2.33278
-2.58376
-2.38571
-1.42316

[8]
1.50775
-0.768417
-0.61264
-0.836685
-0.769531
-0.527328
-0.196762
-0.00462341
-0.0786133
-0.0541229
-0.0667419
-0.0691833
-0.00344849
0.0596619
0.0368805
0.0579224
0.00117493
-0.0354462
-0.0317993
0.0163422
-0.00532532
-0.00160217
0.0523071
0.0998383
0.1521
0.225998
0.225357
0.219849
0.255356
0.811325
1.53658
0.94902
1.06277
0.752289
0.190887
-0.672485
-0.0641174
0.69722
0.848038
0.70192
0.559143
0.365479
0.27626
0.164352
0.146912
0.187897
-0.26799
-0.424377
-0.689987
-1.41316

[9]
-2.05038
-2.58223
-2.59247
-2.19536
-0.803635
1.51785
0.24205
-1.12886
-0.33551
-0.866074
-0.579086
-0.328918
-0.236786
-0.0409393
0.0986328
-0.0411072
-0.0674438
0.00476074
0.0760803
0.0749664
-0.0137177
-0.0292053
-0.0663605
-0.0497589
-0.0288239
-0.00918579
-0.0225067
0.0341644
0.0514526
0.156723
0.145966
0.171707
0.239792
0.279785
0.338608
0.718414
1.65013
0.852402
0.951935
0.700256
0.648651
-0.353668
-0.248749
0.539825
0.828979
0.799744
0.695358
0.365494
0.217636
0.120285

[10]
0.0393524
-0.0500946
-0.0605316
-0.320175
-0.628937
-1.27122
-1.94362
-2.1637
-2.61246
-2.61136
-1.72829
0.978165
0.875626
-1.32091
-0.238785
-1.067
-0.583542
-0.498032
-0.149521
-0.126068
-0.15834
-0.105057
-0.119354
-0.147095
-0.137985
-0.0774689
-0.0378113
0.0115662
-0.0891724
-0.139008
-0.132263
-0.0657501
-0.0534058
-0.0282745
0.076004
0.039978
0.103592
0.120834
0.244919
0.21759
0.380829
1.46878
1.27806
0.678207
0.685547
0.745255
-0.374695
-0.710602
0.429047
0.847656

[11]
0.800568
0.763397
0.493271
0.260666
0.17923
0.0757599
0.0992432
0.0769196
-0.242538
-0.371216
-0.817184
-1.64568
-2.20601
-2.63063
-2.63318
-1.47792
0.191513
1.39806
-1.25102
-0.643631
-1.15923
-0.834412
-0.450134
-0.175751
-0.0346832
-0.051178
-0.105087
-0.146698
-0.0241394
0.0794373
-0.0544891
-0.125107
-0.0676422
-0.00831604
-0.117447
-0.104309
-0.0206604
-0.0469208
0.0159912
0.0550842
0.142807
0.170197
0.211395
0.281601
0.379349
0.55574
1.83232
0.83725
0.897934
0.725983

[12]
0.666199
-0.44104
-0.176025
0.610382
0.850571
0.843994
0.694946
0.333832
0.159012
0.064621
0.0133362
0.0676727
-0.099411
-0.396225
-0.753296
-1.26909
-2.11757
-2.53687
-2.66595
-2.45821
-1.16838
1.45129
-0.380814
-0.923248
-0.55162
-1.10159
-0.323135
-0.3703
0.0334473
-0.169983
-0.111588
-0.053009
-0.168839
-0.0357819
0.00584412
-0.0623932
-0.028717
0.072937
-0.00238037
-0.0227966
-0.0432892
-0.0220642
-0.0207367
0.061142
0.126282
0.173141
0.202072
0.34819
0.327789
0.296814

[13]
1.41031
1.50395
0.980621
0.825394
0.875641
-0.310013
-0.689102
0.463608
0.869308
0.887421
0.840637
0.471115
0.215897
0.0992279
0.0614319
0.0563965
0.0318298
-0.350021
-0.618973
-1.05435
-2.03011
-2.51515
-2.58432
-2.57576
-1.28055
0.702377
1.18765
-1.7252
-0.7005
-0.658569
-0.669846
-0.460144
-0.24881
-0.05513
0.0674896
-0.0825806
-0.12706
-0.0625153
-0.00556946
0.00782776
-0.0922852
-0.0818024
-0.0299835
-0.0407257
-0.0902252
-0.050415
-0.0391235
0.016571
0.068634
0.148666

[14]
0.211929
0.220764
0.292831
0.262054
0.306351
1.74567
1.19237
0.978302
0.691452
0.871628
-0.497086
-0.61972
0.454544
0.870529
0.839462
0.806335
0.444382
0.207535
0.138123
0.0920868
0.0774994
0.0267792
-0.473694
-0.589722
-1.00816
-1.91029
-2.26195
-2.55481
-2.56874
-1.7305
0.0719147
1.52054
-0.532104
-0.64679
-0.39122
-0.866409
-0.299316
-0.245316
0.00642395
-0.116989
-0.0184174
0.0316315
-0.121887
0.0245514
-0.038269
-0.0986633
-0.0435638
-0.0144653
0.0045166
-0.0253754

[15]
0.0111542
0.0443573
0.0405121
0.127869
0.123108
0.160324
0.218353
0.270706
0.242264
0.40979
1.57986
1.36322
0.992569
0.838959
0.95874
-0.392899
-0.718079
0.251785
0.708893
0.848145
0.840942
0.550583
0.283234
0.181229
0.0977173
0.0533295
0.0781403
-0.162781
-0.43071
-0.9711
-1.73524
-2.26044
-2.58014
-2.57564
-1.91049
1.50815
0.245926
-1.27373
-0.262115
-0.695831
-0.565338
-0.338257
-0.166687
-0.0289307
-0.0925446
-0.0879974
-0.0801392
-0.0723114
0.0866241
0.106171

[16]
-0.0206909
-0.0961609
-0.0682526
-0.0666199
-0.0325623
-0.0440826
-0.0261993
0.00904846
0.137695
0.107742
0.187973
0.249435
0.350021
0.379272
0.379181
1.42265
1.30597
0.970337
0.749557
0.835037
-0.258667
-0.660873
0.356277
0.822113
0.888229
0.787842
0.416702
0.258759
0.16246
0.0769806
0.00146484
-0.0529785
-0.288986
-0.565887
-0.969208
-1.81445
-2.28123
-2.552
-2.54634
-1.66763
1.52313
-0.982132
-1.06291
-0.27063
-0.54213
-0.486069
-0.450226
-0.0884399
0.0314789
0.249084

[17]
-0.0388336
-0.016571
-0.0405426
0.0569763
0.0610504
-0.0639648
-0.0706482
-0.00820923
-0.0267487
-0.0301208
-0.019989
0.00915527
0.0544891
0.209213
0.189667
0.246017
0.20549
0.367432
0.352768
0.592651
1.8091
1.20107
0.983261
0.677719
0.836075
-0.323593
-0.211075
0.680023
0.92041
0.81488
0.672821
0.365509
0.229568
0.129868
0.0888824
0.0928955
-0.173065
-0.459793
-0.769211
-1.58072
-2.39165
-2.36984
-2.59279
-1.59633
-0.207687
1.50832
-0.665237
-0.418274
-0.739151
-0.905258

[18]
-0.319641
-0.363647
0.0172119
0.0197906
0.0232391
-0.129639
0.0672913
0.101776
0.0973663
-0.0085907
-0.0209045
-0.0301971
-0.0478821
-0.0098114
0.0310974
-0.0510406
0.0361328
0.0684814
0.161362
0.15181
0.17894
0.280914
0.274414
0.207031
1.18031
2.01399
0.997574
0.688049
0.909302
0.0527954
-0.546982
0.126038
0.613266
0.778366
0.773636
0.626266
0.342789
0.214752
0.0378418
-0.0148773
-0.00871277
-0.229935
-0.531799
-0.899231
-1.77896
-2.47717
-2.57426
-2.56935
-1.89087
1.11728

[19]
0.90065
-1.36642
-0.267715
-0.866745
-0.87265
-0.489594
-0.325195
-0.0431061
0.0920563
-0.0805359
-0.120422
0.0206299
0.0884094
-0.0513153
-0.125031
-0.072113
-0.0334473
-0.069046
-0.0591888
-0.0248718
-0.0308533
-0.049469
-0.0262299
0.0689545
0.156174
0.185349
0.241898
0.318802
0.291153
0.562225
2.08617
1.20226
0.548492
0.762024
1.07227
-0.579025
-0.730072
0.239899
0.619354
0.851288
0.811203
0.575912
0.297607
0.138748
0.0677185
0.0955963
0.0530853
-0.390427
-0.480881
-0.882202

[20]
-1.81876
-2.31302
-2.61237
-2.60336
-1.67615
1.47685
-0.417542
-0.899139
-0.553146
-0.74881
-0.512619
-0.252716
-0.082489
-0.109085
0.00038147
0.0761108
0.0265045
0.0458527
0.000930786
0.0101013
-0.00698853
-0.0353088
-0.0494232
-0.0182343
0.0171509
0.0158234
-0.0164948
0.010437
0.0690613
0.164413
0.118683
0.153046
0.261948
0.305344
0.185333
1.07024
2.07054
0.894348
0.655716
1.1329
0.323242
-0.483612
0.175735
0.823654
0.884796
0.714066
0.53714
0.304321
0.185532
0.0943909

[21]
0.0561523
0.0518494
-0.216446
-0.521881
-0.874924
-1.66113
-2.2981
-2.61154
-2.60803
-1.33655
0.476944
1.07034
-0.848236
-0.59346
-0.615387
-0.647324
-0.309525
-0.300919
0.0928955
-0.0503998
-0.135071
-0.0735016
-0.13147
-0.0157776
0.00268555
0.00372314
-0.00772095
-0.020752
-0.016449
-0.0327759
-0.0167999
-0.00692749
0.0319977
0.14415
0.155807
0.137955
0.160477
0.270081
0.278107
0.288574
0.94928
2.14098
0.867874
0.686432
0.634552
-0.172043
-0.427307
0.610107
0.959061
0.725189

[22]
0.62645
0.394272
0.29776
0.256165
0.179199
0.145279
0.122696
-0.167633
-0.396637
-0.74501
-1.51915
-2.17909
-2.49776
-2.59244
-2.21878
0.459579
0.805634
-1.50133
-0.456314
-0.96785
-0.572098
-0.404434
-0.251709
-0.0265198
0.0328217
-0.001297
-0.039505
0.0323639
0.0462494
0.017807
-0.120117
-0.107819
-0.0481262
-0.0439606
-0.0606995
-0.00474548
0.0136566
-0.0190277
0.0130005
0.119675
0.183868
0.199142
0.252716
0.243561
0.334488
1.48
1.37044
0.967422
0.793335
0.825516

[23]
-0.359482
-0.547684
0.500839
0.82869
0.82785
0.7621
0.413498
0.227798
0.14566
0.0650024
0.0437775
-0.0552368
-0.343353
-0.584412
-1.32864
-2.00835
-2.38211
-2.6172
-2.60501
-1.94664
1.47171
-0.0532837
-1.42799
-0.303146
-0.876816
-0.637421
-0.449722
-0.159302
-0.144226
0.0628967
-0.0633545
-0.136093
-0.0205841
0.0134735
0.0448151
-0.00709534
-0.154221
-0.11142
-0.0357971
-0.00767517
-0.0338898
-0.0596313
0.0485992
0.161942
0.0787201
0.167099
0.211456
0.330566
0.298218
1.08681

[24]
1.80424
0.928589
0.885162
1.00584
-0.166443
-0.836792
0.307938
0.796082
0.882492
0.802902
0.509903
0.241302
0.137436
0.0688477
0.0559235
0.0560455
-0.359512
-0.518707
-1.01698
-1.91818
-2.52127
-2.62419
-2.61549
-1.80121
1.46867
0.0686798
-1.37164
-0.550156
-0.729126
-0.552277
-0.368347
-0.221191
-0.13446
0.0128479
0.00564575
-0.0972443
-0.0404205
0.0638885
-0.0147858
-0.0808563
-0.0853729
-0.0768127
-0.0593872
-0.061203
-0.0392303
0.0364075
-0.00050354
0.0925598
0.169937
0.225983

[25]
0.333344
0.378143
0.290863
1.09593
1.70212
0.923782
0.830597
0.944443
-0.249435
-0.808563
0.269455
0.764511
0.944565
0.908371
0.500122
0.185974
0.102737
0.0331116
-0.0266266
-0.0788879
-0.286713
-0.572678
-1.26768
-2.10513
-2.60864
-2.62956
-2.61176
-1.49733
1.47319
0.0111389
-1.44646
-0.294022
-0.806519
-0.684006
-0.380753
-0.0766754
0.0150452
0.00567627
-0.180206
-0.163452
0.0400085
0.0747223
-0.0944061
-0.183868
-0.0683289
-0.0953674
-0.0904846
-0.0857697
-0.0558472
-0.024704

